 -2.38863E+01  2.18703E-28  1.43904E+06  2.00000E-03  8.72812E+00
 -2.38395E+01  2.18703E-28  1.43904E+06  2.00000E-03  8.72812E+00
 -2.37927E+01  2.18703E-28  1.43904E+06  2.00000E-03  8.72812E+00
 -2.37459E+01  2.18703E-28  1.43904E+06  2.00000E-03  8.72812E+00
 -2.36991E+01  2.18703E-28  1.43904E+06  2.00000E-03  8.72812E+00
 -2.36523E+01  2.18703E-28  1.43904E+06  2.00000E-03  8.72812E+00
 -2.36055E+01  2.18703E-28  1.43904E+06  2.00000E-03  8.72812E+00
 -2.35587E+01  2.18703E-28  1.43904E+06  2.00000E-03  8.72812E+00
 -2.35119E+01  2.18703E-28  1.43904E+06  2.00000E-03  8.72812E+00
 -2.34651E+01  2.18703E-28  1.43904E+06  2.00000E-03  8.72812E+00
 -2.34184E+01  2.18703E-28  1.43904E+06  2.00000E-03  8.72812E+00
 -2.33716E+01  2.18703E-28  1.43904E+06  2.00000E-03  8.72812E+00
 -2.33248E+01  2.18703E-28  1.43904E+06  2.00000E-03  8.72812E+00
 -2.32780E+01  2.18703E-28  1.43904E+06  2.00000E-03  8.72812E+00
 -2.32312E+01  2.18703E-28  1.43904E+06  2.00000E-03  8.72812E+00
 -2.31844E+01  2.18694E-28  1.43900E+06  2.00000E-03  8.80775E+00
 -2.31376E+01  2.18684E-28  1.43897E+06  2.00000E-03  8.88738E+00
 -2.30908E+01  2.18684E-28  1.43897E+06  2.00000E-03  8.88738E+00
 -2.30440E+01  2.18684E-28  1.43897E+06  2.00000E-03  8.88738E+00
 -2.29972E+01  2.18684E-28  1.43897E+06  2.00000E-03  8.88738E+00
 -2.29505E+01  2.18684E-28  1.43897E+06  2.00000E-03  8.88738E+00
 -2.29037E+01  2.18684E-28  1.43897E+06  2.00000E-03  8.88738E+00
 -2.28569E+01  2.18684E-28  1.43897E+06  2.00000E-03  8.88738E+00
 -2.28101E+01  2.18684E-28  1.43897E+06  2.00000E-03  8.88738E+00
 -2.27633E+01  2.18684E-28  1.43897E+06  2.00000E-03  8.88738E+00
 -2.27165E+01  2.18684E-28  1.43897E+06  2.00000E-03  8.88738E+00
 -2.26697E+01  2.18684E-28  1.43897E+06  2.00000E-03  8.88738E+00
 -2.26229E+01  2.18684E-28  1.43897E+06  2.00000E-03  8.88738E+00
 -2.25761E+01  2.18684E-28  1.43897E+06  2.00000E-03  8.88738E+00
 -2.25294E+01  2.18684E-28  1.43897E+06  2.00000E-03  8.88738E+00
 -2.24826E+01  2.18684E-28  1.43897E+06  2.00000E-03  8.88738E+00
 -2.24358E+01  2.18690E-28  1.43900E+06  2.00000E-03  8.95222E+00
 -2.23890E+01  2.18696E-28  1.43903E+06  2.00000E-03  9.01706E+00
 -2.23422E+01  2.18696E-28  1.43903E+06  2.00000E-03  9.01706E+00
 -2.22954E+01  2.18696E-28  1.43903E+06  2.00000E-03  9.01706E+00
 -2.22486E+01  2.18696E-28  1.43903E+06  2.00000E-03  9.01706E+00
 -2.22018E+01  2.18696E-28  1.43903E+06  2.00000E-03  9.01706E+00
 -2.21550E+01  2.18696E-28  1.43903E+06  2.00000E-03  9.01706E+00
 -2.21082E+01  2.18696E-28  1.43903E+06  2.00000E-03  9.01706E+00
 -2.20615E+01  2.18696E-28  1.43903E+06  2.00000E-03  9.01706E+00
 -2.20147E+01  2.18696E-28  1.43903E+06  2.00000E-03  9.01706E+00
 -2.19679E+01  2.18696E-28  1.43903E+06  2.00000E-03  9.01706E+00
 -2.19211E+01  2.18696E-28  1.43903E+06  2.00000E-03  9.01706E+00
 -2.18743E+01  2.18696E-28  1.43903E+06  2.00000E-03  9.01706E+00
 -2.18275E+01  2.18696E-28  1.43903E+06  2.00000E-03  9.01706E+00
 -2.17807E+01  2.18696E-28  1.43903E+06  2.00000E-03  9.01706E+00
 -2.17339E+01  2.18696E-28  1.43903E+06  2.00000E-03  9.01706E+00
 -2.16871E+01  2.18779E-28  1.43940E+06  2.00000E-03  9.01024E+00
 -2.16403E+01  2.18862E-28  1.43978E+06  2.00000E-03  9.00343E+00
 -2.15936E+01  2.18862E-28  1.43978E+06  2.00000E-03  9.00343E+00
 -2.15468E+01  2.18862E-28  1.43978E+06  2.00000E-03  9.00343E+00
 -2.15000E+01  2.18862E-28  1.43978E+06  2.00000E-03  9.00343E+00
 -2.14532E+01  2.18862E-28  1.43978E+06  2.00000E-03  9.00343E+00
 -2.14064E+01  2.18862E-28  1.43978E+06  2.00000E-03  9.00343E+00
 -2.13596E+01  2.18862E-28  1.43978E+06  2.00000E-03  9.00343E+00
 -2.13128E+01  2.18862E-28  1.43978E+06  2.00000E-03  9.00343E+00
 -2.12660E+01  2.18862E-28  1.43978E+06  2.00000E-03  9.00343E+00
 -2.12192E+01  2.18862E-28  1.43978E+06  2.00000E-03  9.00343E+00
 -2.11724E+01  2.18862E-28  1.43978E+06  2.00000E-03  9.00343E+00
 -2.11257E+01  2.18862E-28  1.43978E+06  2.00000E-03  9.00343E+00
 -2.10789E+01  2.18862E-28  1.43978E+06  2.00000E-03  9.00343E+00
 -2.10321E+01  2.18862E-28  1.43978E+06  2.00000E-03  9.00343E+00
 -2.09853E+01  2.18862E-28  1.43978E+06  2.00000E-03  9.00343E+00
 -2.09385E+01  2.19033E-28  1.44054E+06  2.00000E-03  8.91714E+00
 -2.08917E+01  2.19204E-28  1.44130E+06  2.00000E-03  8.83099E+00
 -2.08449E+01  2.19204E-28  1.44130E+06  2.00000E-03  8.83099E+00
 -2.07981E+01  2.19204E-28  1.44130E+06  2.00000E-03  8.83099E+00
 -2.07513E+01  2.19204E-28  1.44130E+06  2.00000E-03  8.83099E+00
 -2.07045E+01  2.19204E-28  1.44130E+06  2.00000E-03  8.83099E+00
 -2.06578E+01  2.19204E-28  1.44130E+06  2.00000E-03  8.83099E+00
 -2.06110E+01  2.19204E-28  1.44130E+06  2.00000E-03  8.83099E+00
 -2.05642E+01  2.19204E-28  1.44130E+06  2.00000E-03  8.83099E+00
 -2.05174E+01  2.19204E-28  1.44130E+06  2.00000E-03  8.83099E+00
 -2.04706E+01  2.19204E-28  1.44130E+06  2.00000E-03  8.83099E+00
 -2.04238E+01  2.19204E-28  1.44130E+06  2.00000E-03  8.83099E+00
 -2.03770E+01  2.19204E-28  1.44130E+06  2.00000E-03  8.83099E+00
 -2.03302E+01  2.19204E-28  1.44130E+06  2.00000E-03  8.83099E+00
 -2.02834E+01  2.19204E-28  1.44130E+06  2.00000E-03  8.83099E+00
 -2.02366E+01  2.19204E-28  1.44130E+06  2.00000E-03  8.83099E+00
 -2.01899E+01  2.19395E-28  1.44214E+06  2.00000E-03  8.71900E+00
 -2.01431E+01  2.19585E-28  1.44299E+06  2.00000E-03  8.60722E+00
 -2.00963E+01  2.19585E-28  1.44299E+06  2.00000E-03  8.60722E+00
 -2.00495E+01  2.19585E-28  1.44299E+06  2.00000E-03  8.60722E+00
 -2.00027E+01  2.19585E-28  1.44299E+06  2.00000E-03  8.60722E+00
 -1.99559E+01  2.19585E-28  1.44299E+06  2.00000E-03  8.60722E+00
 -1.99091E+01  2.19585E-28  1.44299E+06  2.00000E-03  8.60722E+00
 -1.98623E+01  2.19585E-28  1.44299E+06  2.00000E-03  8.60722E+00
 -1.98155E+01  2.19585E-28  1.44299E+06  2.00000E-03  8.60722E+00
 -1.97687E+01  2.19585E-28  1.44299E+06  2.00000E-03  8.60722E+00
 -1.97220E+01  2.19585E-28  1.44299E+06  2.00000E-03  8.60722E+00
 -1.96752E+01  2.19585E-28  1.44299E+06  2.00000E-03  8.60722E+00
 -1.96284E+01  2.19585E-28  1.44299E+06  2.00000E-03  8.60722E+00
 -1.95816E+01  2.19585E-28  1.44299E+06  2.00000E-03  8.60722E+00
 -1.95348E+01  2.19585E-28  1.44299E+06  2.00000E-03  8.60722E+00
 -1.94880E+01  2.19585E-28  1.44299E+06  2.00000E-03  8.60722E+00
 -1.94412E+01  2.19683E-28  1.44344E+06  2.00000E-03  8.57428E+00
 -1.93944E+01  2.19781E-28  1.44390E+06  2.00000E-03  8.54136E+00
 -1.93476E+01  2.19781E-28  1.44390E+06  2.00000E-03  8.54136E+00
 -1.93008E+01  2.19781E-28  1.44390E+06  2.00000E-03  8.54136E+00
 -1.92541E+01  2.19781E-28  1.44390E+06  2.00000E-03  8.54136E+00
 -1.92073E+01  2.19781E-28  1.44390E+06  2.00000E-03  8.54136E+00
 -1.91605E+01  2.19781E-28  1.44390E+06  2.00000E-03  8.54136E+00
 -1.91137E+01  2.19781E-28  1.44390E+06  2.00000E-03  8.54136E+00
 -1.90669E+01  2.19781E-28  1.44390E+06  2.00000E-03  8.54136E+00
 -1.90201E+01  2.19781E-28  1.44390E+06  2.00000E-03  8.54136E+00
 -1.89733E+01  2.19781E-28  1.44390E+06  2.00000E-03  8.54136E+00
 -1.89265E+01  2.19781E-28  1.44390E+06  2.00000E-03  8.54136E+00
 -1.88797E+01  2.19781E-28  1.44390E+06  2.00000E-03  8.54136E+00
 -1.88329E+01  2.19781E-28  1.44390E+06  2.00000E-03  8.54136E+00
 -1.87862E+01  2.19781E-28  1.44390E+06  2.00000E-03  8.54136E+00
 -1.87394E+01  2.19781E-28  1.44390E+06  2.00000E-03  8.54136E+00
 -1.86926E+01  2.19715E-28  1.44363E+06  2.00000E-03  8.55831E+00
 -1.86458E+01  2.19650E-28  1.44335E+06  2.00000E-03  8.57527E+00
 -1.85990E+01  2.19650E-28  1.44335E+06  2.00000E-03  8.57527E+00
 -1.85522E+01  2.19650E-28  1.44335E+06  2.00000E-03  8.57527E+00
 -1.85054E+01  2.19650E-28  1.44335E+06  2.00000E-03  8.57527E+00
 -1.84586E+01  2.19650E-28  1.44335E+06  2.00000E-03  8.57527E+00
 -1.84118E+01  2.19650E-28  1.44335E+06  2.00000E-03  8.57527E+00
 -1.83650E+01  2.19650E-28  1.44335E+06  2.00000E-03  8.57527E+00
 -1.83183E+01  2.19519E-28  1.44278E+06  2.00000E-03  8.68853E+00
 -1.82715E+01  2.19387E-28  1.44221E+06  2.00000E-03  8.80192E+00
 -1.82247E+01  2.19387E-28  1.44221E+06  2.00000E-03  8.80192E+00
 -1.81779E+01  2.19387E-28  1.44221E+06  2.00000E-03  8.80192E+00
 -1.81311E+01  2.19387E-28  1.44221E+06  2.00000E-03  8.80192E+00
 -1.80843E+01  2.19387E-28  1.44221E+06  2.00000E-03  8.80192E+00
 -1.80375E+01  2.19387E-28  1.44221E+06  2.00000E-03  8.80192E+00
 -1.79907E+01  2.19387E-28  1.44221E+06  2.00000E-03  8.80192E+00
 -1.79439E+01  2.19250E-28  1.44161E+06  2.00000E-03  8.93135E+00
 -1.78971E+01  2.19113E-28  1.44101E+06  2.00000E-03  9.06094E+00
 -1.78504E+01  2.19113E-28  1.44101E+06  2.00000E-03  9.06094E+00
 -1.78036E+01  2.19113E-28  1.44101E+06  2.00000E-03  9.06094E+00
 -1.77568E+01  2.19113E-28  1.44101E+06  2.00000E-03  9.06094E+00
 -1.77100E+01  2.19113E-28  1.44101E+06  2.00000E-03  9.06094E+00
 -1.76632E+01  2.19113E-28  1.44101E+06  2.00000E-03  9.06094E+00
 -1.76164E+01  2.19113E-28  1.44101E+06  2.00000E-03  9.06094E+00
 -1.75696E+01  2.19000E-28  1.44052E+06  2.00000E-03  9.18267E+00
 -1.75228E+01  2.18887E-28  1.44003E+06  2.00000E-03  9.30452E+00
 -1.74760E+01  2.18887E-28  1.44003E+06  2.00000E-03  9.30452E+00
 -1.74292E+01  2.18887E-28  1.44003E+06  2.00000E-03  9.30452E+00
 -1.73825E+01  2.18887E-28  1.44003E+06  2.00000E-03  9.30452E+00
 -1.73357E+01  2.18887E-28  1.44003E+06  2.00000E-03  9.30452E+00
 -1.72889E+01  2.18887E-28  1.44003E+06  2.00000E-03  9.30452E+00
 -1.72421E+01  2.18887E-28  1.44003E+06  2.00000E-03  9.30452E+00
 -1.71953E+01  2.18837E-28  1.43982E+06  2.00000E-03  9.38342E+00
 -1.71485E+01  2.18787E-28  1.43961E+06  2.00000E-03  9.46235E+00
 -1.71017E+01  2.18787E-28  1.43961E+06  2.00000E-03  9.46235E+00
 -1.70549E+01  2.18787E-28  1.43961E+06  2.00000E-03  9.46235E+00
 -1.70081E+01  2.18787E-28  1.43961E+06  2.00000E-03  9.46235E+00
 -1.69613E+01  2.18787E-28  1.43961E+06  2.00000E-03  9.46235E+00
 -1.69146E+01  2.18787E-28  1.43961E+06  2.00000E-03  9.46235E+00
 -1.68678E+01  2.18787E-28  1.43961E+06  2.00000E-03  9.46235E+00
 -1.68210E+01  2.18825E-28  1.43978E+06  2.00000E-03  9.47823E+00
 -1.67742E+01  2.18863E-28  1.43996E+06  2.00000E-03  9.49411E+00
 -1.67274E+01  2.18863E-28  1.43996E+06  2.00000E-03  9.49411E+00
 -1.66806E+01  2.18863E-28  1.43996E+06  2.00000E-03  9.49411E+00
 -1.66338E+01  2.18863E-28  1.43996E+06  2.00000E-03  9.49411E+00
 -1.65870E+01  2.18863E-28  1.43996E+06  2.00000E-03  9.49411E+00
 -1.65402E+01  2.18863E-28  1.43996E+06  2.00000E-03  9.49411E+00
 -1.64935E+01  2.18863E-28  1.43996E+06  2.00000E-03  9.49411E+00
 -1.64467E+01  2.18996E-28  1.44055E+06  2.00000E-03  9.44166E+00
 -1.63999E+01  2.19129E-28  1.44114E+06  2.00000E-03  9.38926E+00
 -1.63531E+01  2.19129E-28  1.44114E+06  2.00000E-03  9.38926E+00
 -1.63063E+01  2.19129E-28  1.44114E+06  2.00000E-03  9.38926E+00
 -1.62595E+01  2.19129E-28  1.44114E+06  2.00000E-03  9.38926E+00
 -1.62127E+01  2.19129E-28  1.44114E+06  2.00000E-03  9.38926E+00
 -1.61659E+01  2.19129E-28  1.44114E+06  2.00000E-03  9.38926E+00
 -1.61191E+01  2.19129E-28  1.44114E+06  2.00000E-03  9.38926E+00
 -1.60723E+01  2.19347E-28  1.44211E+06  2.00000E-03  9.28006E+00
 -1.60256E+01  2.19564E-28  1.44307E+06  2.00000E-03  9.17108E+00
 -1.59788E+01  2.19564E-28  1.44307E+06  2.00000E-03  9.17108E+00
 -1.59320E+01  2.19564E-28  1.44307E+06  2.00000E-03  9.17108E+00
 -1.58852E+01  2.19564E-28  1.44307E+06  2.00000E-03  9.17108E+00
 -1.58384E+01  2.19564E-28  1.44307E+06  2.00000E-03  9.17108E+00
 -1.57916E+01  2.19564E-28  1.44307E+06  2.00000E-03  9.17108E+00
 -1.57448E+01  2.19564E-28  1.44307E+06  2.00000E-03  9.17108E+00
 -1.56980E+01  2.19824E-28  1.44422E+06  2.00000E-03  9.04521E+00
 -1.56512E+01  2.20083E-28  1.44536E+06  2.00000E-03  8.91963E+00
 -1.56044E+01  2.20083E-28  1.44536E+06  2.00000E-03  8.91963E+00
 -1.55577E+01  2.20083E-28  1.44536E+06  2.00000E-03  8.91963E+00
 -1.55109E+01  2.20083E-28  1.44536E+06  2.00000E-03  8.91963E+00
 -1.54641E+01  2.20083E-28  1.44536E+06  2.00000E-03  8.91963E+00
 -1.54173E+01  2.20083E-28  1.44536E+06  2.00000E-03  8.91963E+00
 -1.53705E+01  2.20083E-28  1.44536E+06  2.00000E-03  8.91963E+00
 -1.53237E+01  2.20313E-28  1.44638E+06  2.00000E-03  8.82121E+00
 -1.52769E+01  2.20543E-28  1.44739E+06  2.00000E-03  8.72299E+00
 -1.52301E+01  2.20543E-28  1.44739E+06  2.00000E-03  8.72299E+00
 -1.51833E+01  2.20543E-28  1.44739E+06  2.00000E-03  8.72299E+00
 -1.51365E+01  2.20543E-28  1.44739E+06  2.00000E-03  8.72299E+00
 -1.50898E+01  2.20543E-28  1.44739E+06  2.00000E-03  8.72299E+00
 -1.50430E+01  2.20543E-28  1.44739E+06  2.00000E-03  8.72299E+00
 -1.49962E+01  2.20543E-28  1.44739E+06  2.00000E-03  8.72299E+00
 -1.49494E+01  2.20706E-28  1.44812E+06  2.00000E-03  8.67627E+00
 -1.49026E+01  2.20870E-28  1.44884E+06  2.00000E-03  8.62962E+00
 -1.48558E+01  2.20870E-28  1.44884E+06  2.00000E-03  8.62962E+00
 -1.48090E+01  2.20870E-28  1.44884E+06  2.00000E-03  8.62962E+00
 -1.47622E+01  2.20870E-28  1.44884E+06  2.00000E-03  8.62962E+00
 -1.47154E+01  2.20870E-28  1.44884E+06  2.00000E-03  8.62962E+00
 -1.46686E+01  2.20870E-28  1.44884E+06  2.00000E-03  8.62962E+00
 -1.46219E+01  2.20870E-28  1.44884E+06  2.00000E-03  8.62962E+00
 -1.45751E+01  2.20949E-28  1.44919E+06  2.00000E-03  8.63438E+00
 -1.45283E+01  2.21028E-28  1.44955E+06  2.00000E-03  8.63913E+00
 -1.44815E+01  2.21028E-28  1.44955E+06  2.00000E-03  8.63913E+00
 -1.44347E+01  2.21028E-28  1.44955E+06  2.00000E-03  8.63913E+00
 -1.43879E+01  2.21028E-28  1.44955E+06  2.00000E-03  8.63913E+00
 -1.43411E+01  2.21028E-28  1.44955E+06  2.00000E-03  8.63913E+00
 -1.42943E+01  2.21028E-28  1.44955E+06  2.00000E-03  8.63913E+00
 -1.42475E+01  2.21028E-28  1.44955E+06  2.00000E-03  8.63913E+00
 -1.42007E+01  2.21067E-28  1.44973E+06  2.00000E-03  8.68496E+00
 -1.41540E+01  2.21106E-28  1.44991E+06  2.00000E-03  8.73078E+00
 -1.41072E+01  2.21106E-28  1.44991E+06  2.00000E-03  8.73078E+00
 -1.40604E+01  2.21106E-28  1.44991E+06  2.00000E-03  8.73078E+00
 -1.40136E+01  2.21106E-28  1.44991E+06  2.00000E-03  8.73078E+00
 -1.39668E+01  2.21106E-28  1.44991E+06  2.00000E-03  8.73078E+00
 -1.39200E+01  2.21106E-28  1.44991E+06  2.00000E-03  8.73078E+00
 -1.38732E+01  2.21106E-28  1.44991E+06  2.00000E-03  8.73078E+00
 -1.38264E+01  2.21192E-28  1.45029E+06  2.00000E-03  8.70750E+00
 -1.37796E+01  2.21277E-28  1.45067E+06  2.00000E-03  8.68424E+00
 -1.37328E+01  2.21277E-28  1.45067E+06  2.00000E-03  8.68424E+00
 -1.36861E+01  2.21277E-28  1.45067E+06  2.00000E-03  8.68424E+00
 -1.36393E+01  2.21332E-28  1.45091E+06  2.00000E-03  8.66961E+00
 -1.35925E+01  2.21387E-28  1.45116E+06  2.00000E-03  8.65498E+00
 -1.35457E+01  2.21387E-28  1.45116E+06  2.00000E-03  8.65498E+00
 -1.34989E+01  2.21387E-28  1.45116E+06  2.00000E-03  8.65498E+00
 -1.34521E+01  2.21473E-28  1.45154E+06  2.00000E-03  8.61824E+00
 -1.34053E+01  2.21560E-28  1.45192E+06  2.00000E-03  8.58153E+00
 -1.33585E+01  2.21560E-28  1.45192E+06  2.00000E-03  8.58153E+00
 -1.33117E+01  2.21560E-28  1.45192E+06  2.00000E-03  8.58153E+00
 -1.32649E+01  2.21675E-28  1.45243E+06  2.00000E-03  8.52712E+00
 -1.32182E+01  2.21791E-28  1.45294E+06  2.00000E-03  8.47276E+00
 -1.31714E+01  2.21791E-28  1.45294E+06  2.00000E-03  8.47276E+00
 -1.31246E+01  2.21791E-28  1.45294E+06  2.00000E-03  8.47276E+00
 -1.30778E+01  2.21926E-28  1.45353E+06  2.00000E-03  8.40845E+00
 -1.30310E+01  2.22062E-28  1.45412E+06  2.00000E-03  8.34421E+00
 -1.29842E+01  2.22062E-28  1.45412E+06  2.00000E-03  8.34421E+00
 -1.29374E+01  2.22062E-28  1.45412E+06  2.00000E-03  8.34421E+00
 -1.28906E+01  2.22204E-28  1.45475E+06  2.00000E-03  8.27762E+00
 -1.28438E+01  2.22346E-28  1.45537E+06  2.00000E-03  8.21111E+00
 -1.27970E+01  2.22346E-28  1.45537E+06  2.00000E-03  8.21111E+00
 -1.27503E+01  2.22346E-28  1.45537E+06  2.00000E-03  8.21111E+00
 -1.27035E+01  2.22488E-28  1.45599E+06  2.00000E-03  8.14676E+00
 -1.26567E+01  2.22630E-28  1.45661E+06  2.00000E-03  8.08249E+00
 -1.26099E+01  2.22630E-28  1.45661E+06  2.00000E-03  8.08249E+00
 -1.25631E+01  2.22630E-28  1.45661E+06  2.00000E-03  8.08249E+00
 -1.25163E+01  2.22767E-28  1.45721E+06  2.00000E-03  8.02171E+00
 -1.24695E+01  2.22905E-28  1.45780E+06  2.00000E-03  7.96100E+00
 -1.24227E+01  2.22905E-28  1.45780E+06  2.00000E-03  7.96100E+00
 -1.23759E+01  2.22905E-28  1.45780E+06  2.00000E-03  7.96100E+00
 -1.23291E+01  2.23038E-28  1.45838E+06  2.00000E-03  7.90434E+00
 -1.22824E+01  2.23171E-28  1.45895E+06  2.00000E-03  7.84775E+00
 -1.22356E+01  2.23171E-28  1.45895E+06  2.00000E-03  7.84775E+00
 -1.21888E+01  2.23171E-28  1.45895E+06  2.00000E-03  7.84775E+00
 -1.21420E+01  2.23294E-28  1.45949E+06  2.00000E-03  7.79819E+00
 -1.20952E+01  2.23418E-28  1.46003E+06  2.00000E-03  7.74869E+00
 -1.20484E+01  2.23418E-28  1.46003E+06  2.00000E-03  7.74869E+00
 -1.20016E+01  2.23418E-28  1.46003E+06  2.00000E-03  7.74869E+00
 -1.19548E+01  2.23522E-28  1.46048E+06  2.00000E-03  7.71322E+00
 -1.19080E+01  2.23626E-28  1.46093E+06  2.00000E-03  7.67779E+00
 -1.18612E+01  2.23626E-28  1.46093E+06  2.00000E-03  7.67779E+00
 -1.18145E+01  2.23626E-28  1.46093E+06  2.00000E-03  7.67779E+00
 -1.17677E+01  2.23695E-28  1.46124E+06  2.00000E-03  7.66627E+00
 -1.17209E+01  2.23765E-28  1.46154E+06  2.00000E-03  7.65476E+00
 -1.16741E+01  2.23765E-28  1.46154E+06  2.00000E-03  7.65476E+00
 -1.16273E+01  2.23765E-28  1.46154E+06  2.00000E-03  7.65476E+00
 -1.15805E+01  2.23786E-28  1.46163E+06  2.00000E-03  7.67440E+00
 -1.15337E+01  2.23807E-28  1.46172E+06  2.00000E-03  7.69403E+00
 -1.14869E+01  2.23807E-28  1.46172E+06  2.00000E-03  7.69403E+00
 -1.14401E+01  2.23807E-28  1.46172E+06  2.00000E-03  7.69403E+00
 -1.13933E+01  2.23771E-28  1.46157E+06  2.00000E-03  7.74812E+00
 -1.13466E+01  2.23735E-28  1.46142E+06  2.00000E-03  7.80222E+00
 -1.12998E+01  2.23735E-28  1.46142E+06  2.00000E-03  7.80222E+00
 -1.12530E+01  2.23735E-28  1.46142E+06  2.00000E-03  7.80222E+00
 -1.12062E+01  2.23652E-28  1.46106E+06  2.00000E-03  7.88711E+00
 -1.11594E+01  2.23570E-28  1.46070E+06  2.00000E-03  7.97206E+00
 -1.11126E+01  2.23570E-28  1.46070E+06  2.00000E-03  7.97206E+00
 -1.10658E+01  2.23570E-28  1.46070E+06  2.00000E-03  7.97206E+00
 -1.10190E+01  2.23452E-28  1.46019E+06  2.00000E-03  8.07797E+00
 -1.09722E+01  2.23334E-28  1.45968E+06  2.00000E-03  8.18400E+00
 -1.09254E+01  2.23334E-28  1.45968E+06  2.00000E-03  8.18400E+00
 -1.08787E+01  2.23334E-28  1.45968E+06  2.00000E-03  8.18400E+00
 -1.08319E+01  2.23194E-28  1.45907E+06  2.00000E-03  8.30192E+00
 -1.07851E+01  2.23055E-28  1.45846E+06  2.00000E-03  8.42000E+00
 -1.07383E+01  2.23055E-28  1.45846E+06  2.00000E-03  8.42000E+00
 -1.06915E+01  2.23055E-28  1.45846E+06  2.00000E-03  8.42000E+00
 -1.06447E+01  2.22908E-28  1.45782E+06  2.00000E-03  8.53894E+00
 -1.05979E+01  2.22761E-28  1.45718E+06  2.00000E-03  8.65804E+00
 -1.05511E+01  2.22761E-28  1.45718E+06  2.00000E-03  8.65804E+00
 -1.05043E+01  2.22761E-28  1.45718E+06  2.00000E-03  8.65804E+00
 -1.04575E+01  2.22622E-28  1.45657E+06  2.00000E-03  8.76818E+00
 -1.04108E+01  2.22483E-28  1.45597E+06  2.00000E-03  8.87845E+00
 -1.03640E+01  2.22483E-28  1.45597E+06  2.00000E-03  8.87845E+00
 -1.03172E+01  2.22483E-28  1.45597E+06  2.00000E-03  8.87845E+00
 -1.02704E+01  2.22361E-28  1.45543E+06  2.00000E-03  8.97482E+00
 -1.02236E+01  2.22239E-28  1.45490E+06  2.00000E-03  9.07128E+00
 -1.01768E+01  2.22239E-28  1.45490E+06  2.00000E-03  9.07128E+00
 -1.01300E+01  2.22239E-28  1.45490E+06  2.00000E-03  9.07128E+00
 -1.00832E+01  2.22139E-28  1.45446E+06  2.00000E-03  9.15368E+00
 -1.00364E+01  2.22039E-28  1.45402E+06  2.00000E-03  9.23615E+00
 -9.98965E+00  2.22039E-28  1.45402E+06  2.00000E-03  9.23615E+00
 -9.94286E+00  2.22039E-28  1.45402E+06  2.00000E-03  9.23615E+00
 -9.89607E+00  2.21964E-28  1.45368E+06  2.00000E-03  9.30642E+00
 -9.84928E+00  2.21889E-28  1.45335E+06  2.00000E-03  9.37674E+00
 -9.80249E+00  2.21889E-28  1.45335E+06  2.00000E-03  9.37674E+00
 -9.75570E+00  2.21889E-28  1.45335E+06  2.00000E-03  9.37674E+00
 -9.70891E+00  2.21841E-28  1.45314E+06  2.00000E-03  9.43623E+00
 -9.66212E+00  2.21793E-28  1.45293E+06  2.00000E-03  9.49575E+00
 -9.61533E+00  2.21793E-28  1.45293E+06  2.00000E-03  9.49575E+00
 -9.56854E+00  2.21793E-28  1.45293E+06  2.00000E-03  9.49575E+00
 -9.52175E+00  2.21775E-28  1.45285E+06  2.00000E-03  9.54543E+00
 -9.47496E+00  2.21756E-28  1.45277E+06  2.00000E-03  9.59511E+00
 -9.42817E+00  2.21756E-28  1.45277E+06  2.00000E-03  9.59511E+00
 -9.38138E+00  2.21756E-28  1.45277E+06  2.00000E-03  9.59511E+00
 -9.33459E+00  2.21766E-28  1.45282E+06  2.00000E-03  9.63820E+00
 -9.28780E+00  2.21776E-28  1.45287E+06  2.00000E-03  9.68128E+00
 -9.24101E+00  2.21776E-28  1.45287E+06  2.00000E-03  9.68128E+00
 -9.19422E+00  2.21776E-28  1.45287E+06  2.00000E-03  9.68128E+00
 -9.14743E+00  2.21808E-28  1.45301E+06  2.00000E-03  9.72469E+00
 -9.10064E+00  2.21839E-28  1.45315E+06  2.00000E-03  9.76808E+00
 -9.05385E+00  2.21839E-28  1.45315E+06  2.00000E-03  9.76808E+00
 -9.00706E+00  2.21839E-28  1.45315E+06  2.00000E-03  9.76808E+00
 -8.96027E+00  2.21876E-28  1.45334E+06  2.00000E-03  9.82333E+00
 -8.91348E+00  2.21913E-28  1.45352E+06  2.00000E-03  9.87856E+00
 -8.86669E+00  2.21913E-28  1.45352E+06  2.00000E-03  9.87856E+00
 -8.81990E+00  2.21913E-28  1.45352E+06  2.00000E-03  9.87856E+00
 -8.77311E+00  2.21938E-28  1.45364E+06  2.00000E-03  9.95860E+00
 -8.72632E+00  2.21962E-28  1.45376E+06  2.00000E-03  1.00386E+01
 -8.67953E+00  2.21962E-28  1.45376E+06  2.00000E-03  1.00386E+01
 -8.63274E+00  2.21962E-28  1.45376E+06  2.00000E-03  1.00386E+01
 -8.58595E+00  2.21971E-28  1.45374E+06  2.00000E-03  1.01599E+01
 -8.53916E+00  2.21979E-28  1.45372E+06  2.00000E-03  1.02812E+01
 -8.49237E+00  2.21979E-28  1.45372E+06  2.00000E-03  1.02812E+01
 -8.44558E+00  2.21979E-28  1.45372E+06  2.00000E-03  1.02812E+01
 -8.39879E+00  2.21910E-28  1.45368E+06  1.99998E-03  1.04306E+01
 -8.35200E+00  2.21840E-28  1.45364E+06  1.99997E-03  1.05801E+01
 -8.30521E+00  2.21840E-28  1.45364E+06  1.99997E-03  1.05801E+01
 -8.25842E+00  2.21840E-28  1.45364E+06  1.99997E-03  1.05801E+01
 -8.21163E+00  2.21742E-28  1.45324E+06  1.99984E-03  1.07113E+01
 -8.16484E+00  2.21643E-28  1.45284E+06  1.99971E-03  1.08426E+01
 -8.11805E+00  2.21643E-28  1.45284E+06  1.99971E-03  1.08426E+01
 -8.07126E+00  2.21643E-28  1.45284E+06  1.99971E-03  1.08426E+01
 -8.02447E+00  2.21674E-28  1.45108E+06  1.99921E-03  1.09292E+01
 -7.97768E+00  2.21705E-28  1.44932E+06  1.99872E-03  1.10158E+01
 -7.93089E+00  2.21705E-28  1.44932E+06  1.99872E-03  1.10158E+01
 -7.88410E+00  2.21705E-28  1.44932E+06  1.99872E-03  1.10158E+01
 -7.83731E+00  2.21947E-28  1.44580E+06  1.99766E-03  1.10639E+01
 -7.79052E+00  2.22189E-28  1.44229E+06  1.99661E-03  1.11120E+01
 -7.74373E+00  2.22189E-28  1.44229E+06  1.99661E-03  1.11120E+01
 -7.69694E+00  2.22189E-28  1.44229E+06  1.99661E-03  1.11120E+01
 -7.65015E+00  2.22470E-28  1.43836E+06  1.99553E-03  1.11509E+01
 -7.60336E+00  2.22750E-28  1.43445E+06  1.99446E-03  1.11898E+01
 -7.55657E+00  2.22750E-28  1.43445E+06  1.99446E-03  1.11898E+01
 -7.50978E+00  2.22750E-28  1.43445E+06  1.99446E-03  1.11898E+01
 -7.46299E+00  2.22859E-28  1.43161E+06  1.99374E-03  1.12285E+01
 -7.41620E+00  2.22967E-28  1.42877E+06  1.99302E-03  1.12672E+01
 -7.36941E+00  2.22967E-28  1.42877E+06  1.99302E-03  1.12672E+01
 -7.32262E+00  2.22967E-28  1.42877E+06  1.99302E-03  1.12672E+01
 -7.27583E+00  2.22947E-28  1.42695E+06  1.99262E-03  1.12986E+01
 -7.22904E+00  2.22926E-28  1.42513E+06  1.99223E-03  1.13300E+01
 -7.18225E+00  2.22926E-28  1.42513E+06  1.99223E-03  1.13300E+01
 -7.13546E+00  2.22926E-28  1.42513E+06  1.99223E-03  1.13300E+01
 -7.08867E+00  2.23075E-28  1.42244E+06  1.99147E-03  1.13582E+01
 -7.04188E+00  2.23224E-28  1.41976E+06  1.99072E-03  1.13863E+01
 -6.99509E+00  2.23224E-28  1.41976E+06  1.99072E-03  1.13863E+01
 -6.94830E+00  2.23224E-28  1.41976E+06  1.99072E-03  1.13863E+01
 -6.90151E+00  2.23883E-28  1.41422E+06  1.98882E-03  1.14130E+01
 -6.85472E+00  2.24542E-28  1.40872E+06  1.98693E-03  1.14396E+01
 -6.80793E+00  2.24542E-28  1.40872E+06  1.98693E-03  1.14396E+01
 -6.76114E+00  2.24542E-28  1.40872E+06  1.98693E-03  1.14396E+01
 -6.71435E+00  2.26309E-28  1.39679E+06  1.98225E-03  1.14561E+01
 -6.66756E+00  2.28075E-28  1.38505E+06  1.97765E-03  1.14724E+01
 -6.62077E+00  2.28075E-28  1.38505E+06  1.97765E-03  1.14724E+01
 -6.57398E+00  2.28075E-28  1.38505E+06  1.97765E-03  1.14724E+01
 -6.52719E+00  2.32656E-28  1.35729E+06  1.96475E-03  1.14616E+01
 -6.48040E+00  2.37237E-28  1.33060E+06  1.95235E-03  1.14511E+01
 -6.43362E+00  2.37237E-28  1.33060E+06  1.95235E-03  1.14511E+01
 -6.38683E+00  2.37237E-28  1.33060E+06  1.95235E-03  1.14511E+01
 -6.34003E+00  2.46515E-28  1.28039E+06  1.92364E-03  1.14180E+01
 -6.29325E+00  2.55793E-28  1.23383E+06  1.89702E-03  1.13873E+01
 -6.24646E+00  2.55793E-28  1.23383E+06  1.89702E-03  1.13873E+01
 -6.19967E+00  2.55793E-28  1.23383E+06  1.89702E-03  1.13873E+01
 -6.15288E+00  2.66828E-28  1.18308E+06  1.86221E-03  1.13977E+01
 -6.10609E+00  2.77863E-28  1.13637E+06  1.83017E-03  1.14073E+01
 -6.05930E+00  2.77863E-28  1.13637E+06  1.83017E-03  1.14073E+01
 -6.01251E+00  2.77863E-28  1.13637E+06  1.83017E-03  1.14073E+01
 -5.96572E+00  2.83245E-28  1.11539E+06  1.81781E-03  1.15661E+01
 -5.91893E+00  2.88627E-28  1.09519E+06  1.80591E-03  1.17190E+01
 -5.87214E+00  2.88627E-28  1.09519E+06  1.80591E-03  1.17190E+01
 -5.82535E+00  2.88627E-28  1.09519E+06  1.80591E-03  1.17190E+01
 -5.77856E+00  2.83390E-28  1.11607E+06  1.81867E-03  1.20431E+01
 -5.73177E+00  2.78152E-28  1.13775E+06  1.83191E-03  1.23794E+01
 -5.68498E+00  2.78152E-28  1.13775E+06  1.83191E-03  1.23794E+01
 -5.63819E+00  2.78152E-28  1.13775E+06  1.83191E-03  1.23794E+01
 -5.59140E+00  2.67008E-28  1.18582E+06  1.86038E-03  1.27649E+01
 -5.54461E+00  2.55864E-28  1.23808E+06  1.89134E-03  1.31839E+01
 -5.49782E+00  2.55864E-28  1.23808E+06  1.89134E-03  1.31839E+01
 -5.45103E+00  2.55864E-28  1.23808E+06  1.89134E-03  1.31839E+01
 -5.40424E+00  2.45718E-28  1.28972E+06  1.91987E-03  1.34772E+01
 -5.35745E+00  2.35572E-28  1.34581E+06  1.95087E-03  1.37959E+01
 -5.31066E+00  2.35572E-28  1.34581E+06  1.95087E-03  1.37959E+01
 -5.26387E+00  2.35572E-28  1.34581E+06  1.95087E-03  1.37959E+01
 -5.21708E+00  2.30656E-28  1.37487E+06  1.96579E-03  1.38644E+01
 -5.17029E+00  2.25740E-28  1.40521E+06  1.98136E-03  1.39359E+01
 -5.12350E+00  2.25740E-28  1.40521E+06  1.98136E-03  1.39359E+01
 -5.07671E+00  2.25740E-28  1.40521E+06  1.98136E-03  1.39359E+01
 -5.02992E+00  2.23782E-28  1.41777E+06  1.98735E-03  1.37539E+01
 -4.98313E+00  2.21824E-28  1.43055E+06  1.99345E-03  1.35687E+01
 -4.93634E+00  2.21824E-28  1.43055E+06  1.99345E-03  1.35687E+01
 -4.88955E+00  2.21824E-28  1.43055E+06  1.99345E-03  1.35687E+01
 -4.84276E+00  2.21121E-28  1.43513E+06  1.99552E-03  1.32336E+01
 -4.79597E+00  2.20418E-28  1.43974E+06  1.99760E-03  1.28964E+01
 -4.74918E+00  2.20418E-28  1.43974E+06  1.99760E-03  1.28964E+01
 -4.70239E+00  2.20418E-28  1.43974E+06  1.99760E-03  1.28964E+01
 -4.65560E+00  2.20170E-28  1.44110E+06  1.99818E-03  1.25271E+01
 -4.60881E+00  2.19922E-28  1.44246E+06  1.99876E-03  1.21571E+01
 -4.56202E+00  2.19922E-28  1.44246E+06  1.99876E-03  1.21571E+01
 -4.51523E+00  2.19922E-28  1.44246E+06  1.99876E-03  1.21571E+01
 -4.46844E+00  2.19907E-28  1.44213E+06  1.99877E-03  1.18203E+01
 -4.42165E+00  2.19891E-28  1.44179E+06  1.99878E-03  1.14835E+01
 -4.37486E+00  2.19891E-28  1.44179E+06  1.99878E-03  1.14835E+01
 -4.32807E+00  2.19891E-28  1.44179E+06  1.99878E-03  1.14835E+01
 -4.28128E+00  2.19963E-28  1.44094E+06  1.99855E-03  1.11810E+01
 -4.23449E+00  2.20034E-28  1.44009E+06  1.99832E-03  1.08787E+01
 -4.18770E+00  2.20034E-28  1.44009E+06  1.99832E-03  1.08787E+01
 -4.14091E+00  2.20034E-28  1.44009E+06  1.99832E-03  1.08787E+01
 -4.09412E+00  2.20067E-28  1.43972E+06  1.99820E-03  1.05790E+01
 -4.04733E+00  2.20101E-28  1.43935E+06  1.99808E-03  1.02795E+01
 -4.00054E+00  2.20101E-28  1.43935E+06  1.99808E-03  1.02795E+01
 -3.95375E+00  2.20101E-28  1.43935E+06  1.99808E-03  1.02795E+01
 -3.90696E+00  2.20046E-28  1.43982E+06  1.99819E-03  9.95557E+00
 -3.86017E+00  2.19991E-28  1.44029E+06  1.99830E-03  9.63152E+00
 -3.81338E+00  2.19991E-28  1.44029E+06  1.99830E-03  9.63152E+00
 -3.76659E+00  2.19991E-28  1.44029E+06  1.99830E-03  9.63152E+00
 -3.71980E+00  2.19916E-28  1.44102E+06  1.99845E-03  9.27606E+00
 -3.67301E+00  2.19842E-28  1.44176E+06  1.99860E-03  8.92035E+00
 -3.62622E+00  2.19842E-28  1.44176E+06  1.99860E-03  8.92035E+00
 -3.57943E+00  2.19842E-28  1.44176E+06  1.99860E-03  8.92035E+00
 -3.53264E+00  2.19848E-28  1.44198E+06  1.99855E-03  8.54572E+00
 -3.48585E+00  2.19853E-28  1.44219E+06  1.99851E-03  8.17111E+00
 -3.43906E+00  2.19853E-28  1.44219E+06  1.99851E-03  8.17111E+00
 -3.39227E+00  2.19853E-28  1.44219E+06  1.99851E-03  8.17111E+00
 -3.34548E+00  2.19927E-28  1.44188E+06  1.99831E-03  7.80468E+00
 -3.29869E+00  2.20001E-28  1.44156E+06  1.99811E-03  7.43850E+00
 -3.25190E+00  2.20001E-28  1.44156E+06  1.99811E-03  7.43850E+00
 -3.20511E+00  2.20001E-28  1.44156E+06  1.99811E-03  7.43850E+00
 -3.15832E+00  2.20048E-28  1.44131E+06  1.99804E-03  7.10738E+00
 -3.11153E+00  2.20094E-28  1.44106E+06  1.99797E-03  6.77641E+00
 -3.06474E+00  2.20094E-28  1.44106E+06  1.99797E-03  6.77641E+00
 -3.01795E+00  2.20094E-28  1.44106E+06  1.99797E-03  6.77641E+00
 -2.97116E+00  2.20043E-28  1.44131E+06  1.99819E-03  6.48955E+00
 -2.92437E+00  2.19991E-28  1.44155E+06  1.99841E-03  6.20257E+00
 -2.87758E+00  2.19991E-28  1.44155E+06  1.99841E-03  6.20257E+00
 -2.83079E+00  2.19991E-28  1.44155E+06  1.99841E-03  6.20257E+00
 -2.78400E+00  2.19869E-28  1.44201E+06  1.99878E-03  5.94811E+00
 -2.73721E+00  2.19748E-28  1.44248E+06  1.99915E-03  5.69338E+00
 -2.69042E+00  2.19748E-28  1.44248E+06  1.99915E-03  5.69338E+00
 -2.64363E+00  2.19748E-28  1.44248E+06  1.99915E-03  5.69338E+00
 -2.59684E+00  2.19612E-28  1.44279E+06  1.99942E-03  5.45490E+00
 -2.55005E+00  2.19476E-28  1.44311E+06  1.99970E-03  5.21613E+00
 -2.50326E+00  2.19476E-28  1.44311E+06  1.99970E-03  5.21613E+00
 -2.45647E+00  2.19476E-28  1.44311E+06  1.99970E-03  5.21613E+00
 -2.40968E+00  2.19338E-28  1.44330E+06  1.99980E-03  4.99841E+00
 -2.36289E+00  2.19199E-28  1.44349E+06  1.99990E-03  4.78042E+00
 -2.31610E+00  2.19199E-28  1.44349E+06  1.99990E-03  4.78042E+00
 -2.26931E+00  2.19199E-28  1.44349E+06  1.99990E-03  4.78042E+00
 -2.22252E+00  2.19081E-28  1.44338E+06  1.99988E-03  4.62749E+00
 -2.17573E+00  2.18963E-28  1.44328E+06  1.99985E-03  4.47440E+00
 -2.12894E+00  2.18963E-28  1.44328E+06  1.99985E-03  4.47440E+00
 -2.08215E+00  2.18963E-28  1.44328E+06  1.99985E-03  4.47440E+00
 -2.03536E+00  2.18940E-28  1.44237E+06  1.99962E-03  4.46830E+00
 -1.98857E+00  2.18916E-28  1.44147E+06  1.99939E-03  4.46221E+00
 -1.94178E+00  2.18916E-28  1.44147E+06  1.99939E-03  4.46221E+00
 -1.89499E+00  2.18916E-28  1.44147E+06  1.99939E-03  4.46221E+00
 -1.84820E+00  2.19171E-28  1.43845E+06  1.99814E-03  4.69698E+00
 -1.80141E+00  2.19426E-28  1.43543E+06  1.99690E-03  4.93121E+00
 -1.75462E+00  2.19426E-28  1.43543E+06  1.99690E-03  4.93121E+00
 -1.70783E+00  2.19426E-28  1.43543E+06  1.99690E-03  4.93121E+00
 -1.66104E+00  2.21050E-28  1.42323E+06  1.99117E-03  5.43997E+00
 -1.61425E+00  2.22673E-28  1.41121E+06  1.98553E-03  5.94131E+00
 -1.56746E+00  2.22673E-28  1.41121E+06  1.98553E-03  5.94131E+00
 -1.52067E+00  2.22673E-28  1.41121E+06  1.98553E-03  5.94131E+00
 -1.47388E+00  2.29325E-28  1.36798E+06  1.96449E-03  6.57236E+00
 -1.42709E+00  2.35978E-28  1.32718E+06  1.94465E-03  7.16783E+00
 -1.38030E+00  2.35978E-28  1.32718E+06  1.94465E-03  7.16783E+00
 -1.33351E+00  2.35978E-28  1.32718E+06  1.94465E-03  7.16783E+00
 -1.28672E+00  2.45747E-28  1.27183E+06  1.91794E-03  7.59408E+00
 -1.23993E+00  2.55515E-28  1.22072E+06  1.89328E-03  7.98773E+00
 -1.19314E+00  2.55515E-28  1.22072E+06  1.89328E-03  7.98773E+00
 -1.14635E+00  2.55515E-28  1.22072E+06  1.89328E-03  7.98773E+00
 -1.09956E+00  2.61203E-28  1.19184E+06  1.87916E-03  8.00499E+00
 -1.05277E+00  2.66891E-28  1.16418E+06  1.86564E-03  8.02152E+00
 -1.00598E+00  2.66891E-28  1.16418E+06  1.86564E-03  8.02152E+00
 -9.59194E-01  2.66891E-28  1.16418E+06  1.86564E-03  8.02152E+00
 -9.12404E-01  2.63264E-28  1.17831E+06  1.87349E-03  7.67669E+00
 -8.65614E-01  2.59637E-28  1.19284E+06  1.88156E-03  7.32224E+00
 -8.18824E-01  2.59637E-28  1.19284E+06  1.88156E-03  7.32224E+00
 -7.72034E-01  2.59637E-28  1.19284E+06  1.88156E-03  7.32224E+00
 -7.25244E-01  2.46071E-28  1.25696E+06  1.91419E-03  6.72679E+00
 -6.78454E-01  2.32504E-28  1.32857E+06  1.95063E-03  6.06186E+00
 -6.31664E-01  2.32504E-28  1.32857E+06  1.95063E-03  6.06186E+00
 -5.84874E-01  2.32504E-28  1.32857E+06  1.95063E-03  6.06186E+00
 -5.38084E-01  2.25509E-28  1.36814E+06  1.97057E-03  5.19953E+00
 -4.91294E-01  2.18514E-28  1.41026E+06  1.99179E-03  4.28199E+00
 -4.44504E-01  2.18514E-28  1.41026E+06  1.99179E-03  4.28199E+00
 -3.97714E-01  2.18514E-28  1.41026E+06  1.99179E-03  4.28199E+00
 -3.50924E-01  2.17067E-28  1.41859E+06  1.99560E-03  3.20392E+00
 -3.04135E-01  2.15620E-28  1.42704E+06  1.99946E-03  2.11138E+00
 -2.57345E-01  2.15620E-28  1.42704E+06  1.99946E-03  2.11138E+00
 -2.10555E-01  2.15620E-28  1.42704E+06  1.99946E-03  2.11138E+00
 -1.63765E-01  2.15523E-28  1.42632E+06  1.99972E-03  8.28082E-01
 -1.16975E-01  2.15427E-28  1.42559E+06  1.99998E-03 -4.56364E-01
 -7.01849E-02  2.15427E-28  1.42559E+06  1.99998E-03 -4.56364E-01
 -2.33950E-02  2.15427E-28  1.42559E+06  1.99998E-03 -4.56364E-01
  2.33950E-02  2.15155E-28  1.42554E+06  1.99985E-03 -2.02803E+00
  7.01849E-02  2.14883E-28  1.42550E+06  1.99971E-03 -3.60367E+00
  1.16975E-01  2.14883E-28  1.42550E+06  1.99971E-03 -3.60367E+00
  1.63765E-01  2.14883E-28  1.42550E+06  1.99971E-03 -3.60367E+00
  2.10555E-01  2.15291E-28  1.42139E+06  1.99764E-03 -5.15679E+00
  2.57345E-01  2.15699E-28  1.41730E+06  1.99558E-03 -6.70403E+00
  3.04135E-01  2.15699E-28  1.41730E+06  1.99558E-03 -6.70403E+00
  3.50924E-01  2.15699E-28  1.41730E+06  1.99558E-03 -6.70403E+00
  3.97714E-01  2.21061E-28  1.38027E+06  1.97525E-03 -7.82595E+00
  4.44504E-01  2.26423E-28  1.34500E+06  1.95589E-03 -8.89474E+00
  4.91294E-01  2.26423E-28  1.34500E+06  1.95589E-03 -8.89474E+00
  5.38084E-01  2.26423E-28  1.34500E+06  1.95589E-03 -8.89474E+00
  5.84874E-01  2.60212E-28  1.16482E+06  1.83831E-03 -9.86978E+00
  6.31664E-01  2.94000E-28  1.02605E+06  1.74775E-03 -1.06207E+01
  6.78454E-01  2.94000E-28  1.02605E+06  1.74775E-03 -1.06207E+01
  7.25244E-01  2.94000E-28  1.02605E+06  1.74775E-03 -1.06207E+01
  7.72034E-01  4.18377E-28  7.12856E+05  1.61508E-03 -1.24123E+01
  8.18824E-01  5.42754E-28  5.43205E+05  1.54322E-03 -1.33828E+01
  8.65614E-01  5.42754E-28  5.43205E+05  1.54322E-03 -1.33828E+01
  9.12404E-01  5.42754E-28  5.43205E+05  1.54322E-03 -1.33828E+01
  9.59194E-01  6.50033E-28  4.45538E+05  1.50332E-03 -1.57550E+01
  1.00598E+00  7.57311E-28  3.75542E+05  1.47473E-03 -1.74552E+01
  1.05277E+00  7.57311E-28  3.75542E+05  1.47473E-03 -1.74552E+01
  1.09956E+00  7.57311E-28  3.75542E+05  1.47473E-03 -1.74552E+01
  1.14635E+00  7.99899E-28  3.50753E+05  1.46406E-03 -1.93632E+01
  1.19314E+00  8.42488E-28  3.28470E+05  1.45447E-03 -2.10784E+01
  1.23993E+00  8.42488E-28  3.28470E+05  1.45447E-03 -2.10784E+01
  1.28672E+00  8.42488E-28  3.28470E+05  1.45447E-03 -2.10784E+01
  1.33351E+00  8.57467E-28  3.22062E+05  1.45186E-03 -2.20444E+01
  1.38030E+00  8.72446E-28  3.15873E+05  1.44933E-03 -2.29773E+01
  1.42709E+00  8.72446E-28  3.15873E+05  1.44933E-03 -2.29773E+01
  1.47388E+00  8.72446E-28  3.15873E+05  1.44933E-03 -2.29773E+01
  1.52067E+00  8.78383E-28  3.15581E+05  1.44528E-03 -2.34385E+01
  1.56746E+00  8.84321E-28  3.15293E+05  1.44128E-03 -2.38935E+01
  1.61425E+00  8.84321E-28  3.15293E+05  1.44128E-03 -2.38935E+01
  1.66104E+00  8.84321E-28  3.15293E+05  1.44128E-03 -2.38935E+01
  1.70783E+00  8.29751E-28  3.40680E+05  1.44136E-03 -2.33445E+01
  1.75462E+00  7.75181E-28  3.69642E+05  1.44145E-03 -2.27183E+01
  1.80141E+00  7.75181E-28  3.69642E+05  1.44145E-03 -2.27183E+01
  1.84820E+00  7.75181E-28  3.69642E+05  1.44145E-03 -2.27183E+01
  1.89499E+00  7.23183E-28  3.99939E+05  1.45043E-03 -2.08758E+01
  1.94178E+00  6.71184E-28  4.34930E+05  1.46080E-03 -1.87479E+01
  1.98857E+00  6.71184E-28  4.34930E+05  1.46080E-03 -1.87479E+01
  2.03536E+00  6.71184E-28  4.34930E+05  1.46080E-03 -1.87479E+01
  2.08215E+00  6.50040E-28  4.50635E+05  1.47192E-03 -1.66992E+01
  2.12894E+00  6.28897E-28  4.67396E+05  1.48380E-03 -1.45128E+01
  2.17573E+00  6.28897E-28  4.67396E+05  1.48380E-03 -1.45128E+01
  2.22252E+00  6.28897E-28  4.67396E+05  1.48380E-03 -1.45128E+01
  2.26931E+00  5.56499E-28  5.26572E+05  1.51066E-03 -1.30576E+01
  2.31610E+00  4.84102E-28  6.03448E+05  1.54555E-03 -1.11672E+01
  2.36289E+00  4.84102E-28  6.03448E+05  1.54555E-03 -1.11672E+01
  2.40968E+00  4.84102E-28  6.03448E+05  1.54555E-03 -1.11672E+01
  2.45647E+00  4.68084E-28  6.22809E+05  1.56001E-03 -1.07806E+01
  2.50326E+00  4.52067E-28  6.43542E+05  1.57549E-03 -1.03666E+01
  2.55005E+00  4.52067E-28  6.43542E+05  1.57549E-03 -1.03666E+01
  2.59684E+00  4.52067E-28  6.43542E+05  1.57549E-03 -1.03666E+01
  2.64363E+00  4.82229E-28  6.06578E+05  1.55744E-03 -1.21240E+01
  2.69042E+00  5.12391E-28  5.73966E+05  1.54151E-03 -1.36745E+01
  2.73721E+00  5.12391E-28  5.73966E+05  1.54151E-03 -1.36745E+01
  2.78400E+00  5.12391E-28  5.73966E+05  1.54151E-03 -1.36745E+01
  2.83079E+00  4.96490E-28  5.94270E+05  1.53738E-03 -1.58259E+01
  2.87758E+00  4.80589E-28  6.15918E+05  1.53297E-03 -1.81196E+01
  2.92437E+00  4.80589E-28  6.15918E+05  1.53297E-03 -1.81196E+01
  2.97116E+00  4.80589E-28  6.15918E+05  1.53297E-03 -1.81196E+01
  3.01795E+00  4.91226E-28  6.07788E+05  1.52436E-03 -1.84849E+01
  3.06474E+00  5.01864E-28  6.00002E+05  1.51612E-03 -1.88347E+01
  3.11153E+00  5.01864E-28  6.00002E+05  1.51612E-03 -1.88347E+01
  3.15832E+00  5.01864E-28  6.00002E+05  1.51612E-03 -1.88347E+01
  3.20511E+00  5.25937E-28  5.78644E+05  1.51218E-03 -1.61086E+01
  3.25190E+00  5.50009E-28  5.59156E+05  1.50859E-03 -1.36211E+01
  3.29869E+00  5.50009E-28  5.59156E+05  1.50859E-03 -1.36211E+01
  3.34548E+00  5.50009E-28  5.59156E+05  1.50859E-03 -1.36211E+01
  3.39227E+00  5.68081E-28  5.42738E+05  1.51189E-03 -9.87296E+00
  3.43906E+00  5.86152E-28  5.27332E+05  1.51498E-03 -6.35592E+00
  3.48585E+00  5.86152E-28  5.27332E+05  1.51498E-03 -6.35592E+00
  3.53264E+00  5.86152E-28  5.27332E+05  1.51498E-03 -6.35592E+00
  3.57943E+00  6.41783E-28  4.83017E+05  1.50385E-03 -3.20702E+00
  3.62622E+00  6.97414E-28  4.45772E+05  1.49449E-03 -5.60483E-01
  3.67301E+00  6.97414E-28  4.45772E+05  1.49449E-03 -5.60483E-01
  3.71980E+00  6.97414E-28  4.45772E+05  1.49449E-03 -5.60483E-01
  3.76659E+00  8.18318E-28  3.83420E+05  1.47608E-03  2.38656E+00
  3.81338E+00  9.39222E-28  3.37121E+05  1.46240E-03  4.57486E+00
  3.86017E+00  9.39222E-28  3.37121E+05  1.46240E-03  4.57486E+00
  3.90696E+00  9.39222E-28  3.37121E+05  1.46240E-03  4.57486E+00
  3.95375E+00  1.02175E-27  3.12429E+05  1.45341E-03  7.19957E+00
  4.00054E+00  1.10428E-27  2.91427E+05  1.44575E-03  9.43196E+00
  4.04733E+00  1.10428E-27  2.91427E+05  1.44575E-03  9.43196E+00
  4.09412E+00  1.10428E-27  2.91427E+05  1.44575E-03  9.43196E+00
  4.14091E+00  9.57262E-28  3.36885E+05  1.46226E-03  1.07622E+01
  4.18770E+00  8.10246E-28  3.98840E+05  1.48475E-03  1.25752E+01
  4.23449E+00  8.10246E-28  3.98840E+05  1.48475E-03  1.25752E+01
  4.28128E+00  8.10246E-28  3.98840E+05  1.48475E-03  1.25752E+01
  4.32807E+00  6.15516E-28  5.26342E+05  1.53530E-03  1.30346E+01
  4.37486E+00  4.20787E-28  7.71854E+05  1.63264E-03  1.39192E+01
  4.42165E+00  4.20787E-28  7.71854E+05  1.63264E-03  1.39192E+01
  4.46844E+00  4.20787E-28  7.71854E+05  1.63264E-03  1.39192E+01
  4.51523E+00  3.44153E-28  9.43756E+05  1.72812E-03  1.38730E+01
  4.56202E+00  2.67519E-28  1.21414E+06  1.87831E-03  1.38005E+01
  4.60881E+00  2.67519E-28  1.21414E+06  1.87831E-03  1.38005E+01
  4.65560E+00  2.67519E-28  1.21414E+06  1.87831E-03  1.38005E+01
  4.70239E+00  2.48702E-28  1.30707E+06  1.92510E-03  1.28322E+01
  4.74918E+00  2.29886E-28  1.41521E+06  1.97956E-03  1.17053E+01
  4.79597E+00  2.29886E-28  1.41521E+06  1.97956E-03  1.17053E+01
  4.84276E+00  2.29886E-28  1.41521E+06  1.97956E-03  1.17053E+01
  4.88955E+00  2.26688E-28  1.43560E+06  1.98849E-03  1.00487E+01
  4.93634E+00  2.23490E-28  1.45657E+06  1.99768E-03  8.34459E+00
  4.98313E+00  2.23490E-28  1.45657E+06  1.99768E-03  8.34459E+00
  5.02992E+00  2.23490E-28  1.45657E+06  1.99768E-03  8.34459E+00
  5.07671E+00  2.23604E-28  1.45638E+06  1.99765E-03  6.53349E+00
  5.12350E+00  2.23719E-28  1.45620E+06  1.99763E-03  4.72424E+00
  5.17029E+00  2.23719E-28  1.45620E+06  1.99763E-03  4.72424E+00
  5.21708E+00  2.23719E-28  1.45620E+06  1.99763E-03  4.72424E+00
  5.26387E+00  2.23489E-28  1.45709E+06  1.99768E-03  3.05319E+00
  5.31066E+00  2.23259E-28  1.45799E+06  1.99773E-03  1.37870E+00
  5.35745E+00  2.23259E-28  1.45799E+06  1.99773E-03  1.37870E+00
  5.40424E+00  2.23259E-28  1.45799E+06  1.99773E-03  1.37870E+00
  5.45103E+00  2.23011E-28  1.45766E+06  1.99709E-03 -2.01769E-01
  5.49782E+00  2.22762E-28  1.45733E+06  1.99644E-03 -1.78576E+00
  5.54461E+00  2.22762E-28  1.45733E+06  1.99644E-03 -1.78576E+00
  5.59140E+00  2.22762E-28  1.45733E+06  1.99644E-03 -1.78576E+00
  5.63819E+00  2.23439E-28  1.44899E+06  1.99024E-03 -3.22082E+00
  5.68498E+00  2.24116E-28  1.44069E+06  1.98408E-03 -4.64721E+00
  5.73177E+00  2.24116E-28  1.44069E+06  1.98408E-03 -4.64721E+00
  5.77856E+00  2.24116E-28  1.44069E+06  1.98408E-03 -4.64721E+00
  5.82535E+00  2.27467E-28  1.41758E+06  1.95491E-03 -5.60916E+00
  5.87214E+00  2.30819E-28  1.39513E+06  1.92659E-03 -6.54319E+00
  5.91893E+00  2.30819E-28  1.39513E+06  1.92659E-03 -6.54319E+00
  5.96572E+00  2.30819E-28  1.39513E+06  1.92659E-03 -6.54319E+00
  6.01251E+00  2.34121E-28  1.38163E+06  1.87753E-03 -6.39930E+00
  6.05930E+00  2.37424E-28  1.36851E+06  1.82984E-03 -6.25942E+00
  6.10609E+00  2.37424E-28  1.36851E+06  1.82984E-03 -6.25942E+00
  6.15288E+00  2.37424E-28  1.36851E+06  1.82984E-03 -6.25942E+00
  6.19967E+00  2.34383E-28  1.39643E+06  1.83099E-03 -5.06503E+00
  6.24646E+00  2.31342E-28  1.42509E+06  1.83217E-03 -3.83925E+00
  6.29325E+00  2.31342E-28  1.42509E+06  1.83217E-03 -3.83925E+00
  6.34003E+00  2.31342E-28  1.42509E+06  1.83217E-03 -3.83925E+00
  6.38683E+00  2.36609E-28  1.40257E+06  1.87404E-03 -1.90268E+00
  6.43362E+00  2.41876E-28  1.38104E+06  1.91409E-03 -5.04619E-02
  6.48040E+00  2.41876E-28  1.38104E+06  1.91409E-03 -5.04619E-02
  6.52719E+00  2.41876E-28  1.38104E+06  1.91409E-03 -5.04619E-02
  6.57398E+00  2.36954E-28  1.41364E+06  1.95078E-03  1.08818E+00
  6.62077E+00  2.32033E-28  1.44764E+06  1.98902E-03  2.27512E+00
  6.66756E+00  2.32033E-28  1.44764E+06  1.98902E-03  2.27512E+00
  6.71435E+00  2.32033E-28  1.44764E+06  1.98902E-03  2.27512E+00
  6.76114E+00  2.29400E-28  1.45973E+06  1.99418E-03  2.00093E+00
  6.80793E+00  2.26767E-28  1.47210E+06  1.99946E-03  1.72037E+00
  6.85472E+00  2.26767E-28  1.47210E+06  1.99946E-03  1.72037E+00
  6.90151E+00  2.26767E-28  1.47210E+06  1.99946E-03  1.72037E+00
  6.94830E+00  2.26470E-28  1.47208E+06  1.99973E-03  6.75511E-01
  6.99509E+00  2.26173E-28  1.47206E+06  2.00000E-03 -3.72095E-01
  7.04188E+00  2.26173E-28  1.47206E+06  2.00000E-03 -3.72095E-01
  7.08867E+00  2.26173E-28  1.47206E+06  2.00000E-03 -3.72095E-01
  7.13546E+00  2.25873E-28  1.47075E+06  2.00000E-03 -1.35938E+00
  7.18225E+00  2.25574E-28  1.46944E+06  2.00000E-03 -2.34930E+00
  7.22904E+00  2.25574E-28  1.46944E+06  2.00000E-03 -2.34930E+00
  7.27583E+00  2.25574E-28  1.46944E+06  2.00000E-03 -2.34930E+00
  7.32262E+00  2.25308E-28  1.46829E+06  2.00000E-03 -3.27837E+00
  7.36941E+00  2.25043E-28  1.46713E+06  2.00000E-03 -4.20963E+00
  7.41620E+00  2.25043E-28  1.46713E+06  2.00000E-03 -4.20963E+00
  7.46299E+00  2.25043E-28  1.46713E+06  2.00000E-03 -4.20963E+00
  7.50978E+00  2.24818E-28  1.46615E+06  2.00000E-03 -5.00271E+00
  7.55657E+00  2.24594E-28  1.46517E+06  2.00000E-03 -5.79738E+00
  7.60336E+00  2.24594E-28  1.46517E+06  2.00000E-03 -5.79738E+00
  7.65015E+00  2.24594E-28  1.46517E+06  2.00000E-03 -5.79738E+00
  7.69694E+00  2.24414E-28  1.46439E+06  2.00000E-03 -6.43783E+00
  7.74373E+00  2.24233E-28  1.46361E+06  2.00000E-03 -7.07930E+00
  7.79052E+00  2.24233E-28  1.46361E+06  2.00000E-03 -7.07930E+00
  7.83731E+00  2.24233E-28  1.46361E+06  2.00000E-03 -7.07930E+00
  7.88410E+00  2.24094E-28  1.46301E+06  2.00000E-03 -7.58770E+00
  7.93089E+00  2.23956E-28  1.46241E+06  2.00000E-03 -8.09674E+00
  7.97768E+00  2.23956E-28  1.46241E+06  2.00000E-03 -8.09674E+00
  8.02447E+00  2.23956E-28  1.46241E+06  2.00000E-03 -8.09674E+00
  8.07126E+00  2.23854E-28  1.46198E+06  2.00000E-03 -8.49791E+00
  8.11805E+00  2.23753E-28  1.46154E+06  2.00000E-03 -8.89945E+00
  8.16484E+00  2.23753E-28  1.46154E+06  2.00000E-03 -8.89945E+00
  8.21163E+00  2.23753E-28  1.46154E+06  2.00000E-03 -8.89945E+00
  8.25842E+00  2.23690E-28  1.46127E+06  2.00000E-03 -9.20765E+00
  8.30521E+00  2.23627E-28  1.46101E+06  2.00000E-03 -9.51602E+00
  8.35200E+00  2.23627E-28  1.46101E+06  2.00000E-03 -9.51602E+00
  8.39879E+00  2.23627E-28  1.46101E+06  2.00000E-03 -9.51602E+00
  8.44558E+00  2.23609E-28  1.46093E+06  2.00000E-03 -9.73829E+00
  8.49237E+00  2.23592E-28  1.46086E+06  2.00000E-03 -9.96060E+00
  8.53916E+00  2.23592E-28  1.46086E+06  2.00000E-03 -9.96060E+00
  8.58595E+00  2.23592E-28  1.46086E+06  2.00000E-03 -9.96060E+00
  8.63274E+00  2.23622E-28  1.46100E+06  2.00000E-03 -1.01057E+01
  8.67953E+00  2.23652E-28  1.46114E+06  2.00000E-03 -1.02508E+01
  8.72632E+00  2.23652E-28  1.46114E+06  2.00000E-03 -1.02508E+01
  8.77311E+00  2.23652E-28  1.46114E+06  2.00000E-03 -1.02508E+01
  8.81990E+00  2.23724E-28  1.46146E+06  2.00000E-03 -1.03329E+01
  8.86669E+00  2.23797E-28  1.46178E+06  2.00000E-03 -1.04151E+01
  8.91348E+00  2.23797E-28  1.46178E+06  2.00000E-03 -1.04151E+01
  8.96027E+00  2.23797E-28  1.46178E+06  2.00000E-03 -1.04151E+01
  9.00706E+00  2.23899E-28  1.46222E+06  2.00000E-03 -1.04519E+01
  9.05385E+00  2.24001E-28  1.46267E+06  2.00000E-03 -1.04886E+01
  9.10064E+00  2.24001E-28  1.46267E+06  2.00000E-03 -1.04886E+01
  9.14743E+00  2.24001E-28  1.46267E+06  2.00000E-03 -1.04886E+01
  9.19422E+00  2.24117E-28  1.46318E+06  2.00000E-03 -1.04977E+01
  9.24101E+00  2.24233E-28  1.46368E+06  2.00000E-03 -1.05067E+01
  9.28780E+00  2.24233E-28  1.46368E+06  2.00000E-03 -1.05067E+01
  9.33459E+00  2.24233E-28  1.46368E+06  2.00000E-03 -1.05067E+01
  9.38138E+00  2.24349E-28  1.46418E+06  2.00000E-03 -1.05020E+01
  9.42817E+00  2.24465E-28  1.46468E+06  2.00000E-03 -1.04973E+01
  9.47496E+00  2.24465E-28  1.46468E+06  2.00000E-03 -1.04973E+01
  9.52175E+00  2.24465E-28  1.46468E+06  2.00000E-03 -1.04973E+01
  9.56854E+00  2.24571E-28  1.46512E+06  2.00000E-03 -1.04892E+01
  9.61533E+00  2.24676E-28  1.46557E+06  2.00000E-03 -1.04811E+01
  9.66212E+00  2.24676E-28  1.46557E+06  2.00000E-03 -1.04811E+01
  9.70891E+00  2.24676E-28  1.46557E+06  2.00000E-03 -1.04811E+01
  9.75570E+00  2.24762E-28  1.46593E+06  2.00000E-03 -1.04768E+01
  9.80249E+00  2.24848E-28  1.46629E+06  2.00000E-03 -1.04725E+01
  9.84928E+00  2.24848E-28  1.46629E+06  2.00000E-03 -1.04725E+01
  9.89607E+00  2.24848E-28  1.46629E+06  2.00000E-03 -1.04725E+01
  9.94286E+00  2.24908E-28  1.46654E+06  2.00000E-03 -1.04772E+01
  9.98965E+00  2.24968E-28  1.46679E+06  2.00000E-03 -1.04820E+01
  1.00364E+01  2.24968E-28  1.46679E+06  2.00000E-03 -1.04820E+01
  1.00832E+01  2.24968E-28  1.46679E+06  2.00000E-03 -1.04820E+01
  1.01300E+01  2.24997E-28  1.46690E+06  2.00000E-03 -1.05005E+01
  1.01768E+01  2.25026E-28  1.46702E+06  2.00000E-03 -1.05190E+01
  1.02236E+01  2.25026E-28  1.46702E+06  2.00000E-03 -1.05190E+01
  1.02704E+01  2.25026E-28  1.46702E+06  2.00000E-03 -1.05190E+01
  1.03172E+01  2.25020E-28  1.46699E+06  2.00000E-03 -1.05549E+01
  1.03640E+01  2.25015E-28  1.46696E+06  2.00000E-03 -1.05908E+01
  1.04108E+01  2.25015E-28  1.46696E+06  2.00000E-03 -1.05908E+01
  1.04575E+01  2.25015E-28  1.46696E+06  2.00000E-03 -1.05908E+01
  1.05043E+01  2.24978E-28  1.46680E+06  2.00000E-03 -1.06453E+01
  1.05511E+01  2.24941E-28  1.46664E+06  2.00000E-03 -1.06999E+01
  1.05979E+01  2.24941E-28  1.46664E+06  2.00000E-03 -1.06999E+01
  1.06447E+01  2.24941E-28  1.46664E+06  2.00000E-03 -1.06999E+01
  1.06915E+01  2.24879E-28  1.46638E+06  2.00000E-03 -1.07711E+01
  1.07383E+01  2.24818E-28  1.46612E+06  2.00000E-03 -1.08422E+01
  1.07851E+01  2.24818E-28  1.46612E+06  2.00000E-03 -1.08422E+01
  1.08319E+01  2.24818E-28  1.46612E+06  2.00000E-03 -1.08422E+01
  1.08787E+01  2.24743E-28  1.46580E+06  2.00000E-03 -1.09236E+01
  1.09254E+01  2.24668E-28  1.46548E+06  2.00000E-03 -1.10051E+01
  1.09722E+01  2.24668E-28  1.46548E+06  2.00000E-03 -1.10051E+01
  1.10190E+01  2.24668E-28  1.46548E+06  2.00000E-03 -1.10051E+01
  1.10658E+01  2.24593E-28  1.46517E+06  2.00000E-03 -1.10872E+01
  1.11126E+01  2.24519E-28  1.46485E+06  2.00000E-03 -1.11693E+01
  1.11594E+01  2.24519E-28  1.46485E+06  2.00000E-03 -1.11693E+01
  1.12062E+01  2.24519E-28  1.46485E+06  2.00000E-03 -1.11693E+01
  1.12530E+01  2.24456E-28  1.46459E+06  2.00000E-03 -1.12408E+01
  1.12998E+01  2.24393E-28  1.46432E+06  2.00000E-03 -1.13124E+01
  1.13466E+01  2.24393E-28  1.46432E+06  2.00000E-03 -1.13124E+01
  1.13933E+01  2.24393E-28  1.46432E+06  2.00000E-03 -1.13124E+01
  1.14401E+01  2.24351E-28  1.46415E+06  2.00000E-03 -1.13636E+01
  1.14869E+01  2.24309E-28  1.46397E+06  2.00000E-03 -1.14147E+01
  1.15337E+01  2.24309E-28  1.46397E+06  2.00000E-03 -1.14147E+01
  1.15805E+01  2.24309E-28  1.46397E+06  2.00000E-03 -1.14147E+01
  1.16273E+01  2.24295E-28  1.46392E+06  2.00000E-03 -1.14377E+01
  1.16741E+01  2.24282E-28  1.46386E+06  2.00000E-03 -1.14608E+01
  1.17209E+01  2.24282E-28  1.46386E+06  2.00000E-03 -1.14608E+01
  1.17677E+01  2.24282E-28  1.46386E+06  2.00000E-03 -1.14608E+01
  1.18145E+01  2.24302E-28  1.46395E+06  2.00000E-03 -1.14516E+01
  1.18612E+01  2.24323E-28  1.46405E+06  2.00000E-03 -1.14423E+01
  1.19080E+01  2.24323E-28  1.46405E+06  2.00000E-03 -1.14423E+01
  1.19548E+01  2.24323E-28  1.46405E+06  2.00000E-03 -1.14423E+01
  1.20016E+01  2.24381E-28  1.46429E+06  2.00000E-03 -1.14016E+01
  1.20484E+01  2.24438E-28  1.46454E+06  2.00000E-03 -1.13609E+01
  1.20952E+01  2.24438E-28  1.46454E+06  2.00000E-03 -1.13609E+01
  1.21420E+01  2.24438E-28  1.46454E+06  2.00000E-03 -1.13609E+01
  1.21888E+01  2.24527E-28  1.46492E+06  2.00000E-03 -1.12950E+01
  1.22356E+01  2.24616E-28  1.46530E+06  2.00000E-03 -1.12293E+01
  1.22824E+01  2.24616E-28  1.46530E+06  2.00000E-03 -1.12293E+01
  1.23291E+01  2.24616E-28  1.46530E+06  2.00000E-03 -1.12293E+01
  1.23759E+01  2.24723E-28  1.46576E+06  2.00000E-03 -1.11496E+01
  1.24227E+01  2.24830E-28  1.46622E+06  2.00000E-03 -1.10700E+01
  1.24695E+01  2.24830E-28  1.46622E+06  2.00000E-03 -1.10700E+01
  1.25163E+01  2.24830E-28  1.46622E+06  2.00000E-03 -1.10700E+01
  1.25631E+01  2.24937E-28  1.46667E+06  2.00000E-03 -1.09905E+01
  1.26099E+01  2.25045E-28  1.46713E+06  2.00000E-03 -1.09111E+01
  1.26567E+01  2.25045E-28  1.46713E+06  2.00000E-03 -1.09111E+01
  1.27035E+01  2.25045E-28  1.46713E+06  2.00000E-03 -1.09111E+01
  1.27503E+01  2.25133E-28  1.46750E+06  2.00000E-03 -1.08460E+01
  1.27970E+01  2.25222E-28  1.46788E+06  2.00000E-03 -1.07810E+01
  1.28438E+01  2.25222E-28  1.46788E+06  2.00000E-03 -1.07810E+01
  1.28906E+01  2.25222E-28  1.46788E+06  2.00000E-03 -1.07810E+01
  1.29374E+01  2.25276E-28  1.46811E+06  2.00000E-03 -1.07428E+01
  1.29842E+01  2.25330E-28  1.46834E+06  2.00000E-03 -1.07047E+01
  1.30310E+01  2.25330E-28  1.46834E+06  2.00000E-03 -1.07047E+01
  1.30778E+01  2.25330E-28  1.46834E+06  2.00000E-03 -1.07047E+01
  1.31246E+01  2.25336E-28  1.46836E+06  2.00000E-03 -1.07026E+01
  1.31714E+01  2.25342E-28  1.46839E+06  2.00000E-03 -1.07006E+01
  1.32182E+01  2.25342E-28  1.46839E+06  2.00000E-03 -1.07006E+01
  1.32649E+01  2.25342E-28  1.46839E+06  2.00000E-03 -1.07006E+01
  1.33117E+01  2.25288E-28  1.46815E+06  2.00000E-03 -1.07393E+01
  1.33585E+01  2.25235E-28  1.46792E+06  2.00000E-03 -1.07781E+01
  1.34053E+01  2.25235E-28  1.46792E+06  2.00000E-03 -1.07781E+01
  1.34521E+01  2.25235E-28  1.46792E+06  2.00000E-03 -1.07781E+01
  1.34989E+01  2.25119E-28  1.46742E+06  2.00000E-03 -1.08573E+01
  1.35457E+01  2.25003E-28  1.46691E+06  2.00000E-03 -1.09366E+01
  1.35925E+01  2.25003E-28  1.46691E+06  2.00000E-03 -1.09366E+01
  1.36393E+01  2.25003E-28  1.46691E+06  2.00000E-03 -1.09366E+01
  1.36861E+01  2.24843E-28  1.46621E+06  2.00000E-03 -1.10423E+01
  1.37328E+01  2.24682E-28  1.46551E+06  2.00000E-03 -1.11483E+01
  1.37796E+01  2.24682E-28  1.46551E+06  2.00000E-03 -1.11483E+01
  1.38264E+01  2.24682E-28  1.46551E+06  2.00000E-03 -1.11483E+01
  1.38732E+01  2.24369E-28  1.46414E+06  2.00000E-03 -1.14221E+01
  1.39200E+01  2.24056E-28  1.46276E+06  2.00000E-03 -1.16967E+01
  1.39668E+01  2.24056E-28  1.46276E+06  2.00000E-03 -1.16967E+01
  1.40136E+01  2.24056E-28  1.46276E+06  2.00000E-03 -1.16967E+01
  1.40604E+01  2.24056E-28  1.46276E+06  2.00000E-03 -1.16967E+01
  1.41072E+01  2.24056E-28  1.46276E+06  2.00000E-03 -1.16967E+01
  1.41540E+01  2.24056E-28  1.46276E+06  2.00000E-03 -1.16967E+01
  1.42007E+01  2.24056E-28  1.46276E+06  2.00000E-03 -1.16967E+01
  1.42475E+01  2.23766E-28  1.46148E+06  2.00000E-03 -1.18580E+01
  1.42943E+01  2.23477E-28  1.46020E+06  2.00000E-03 -1.20198E+01
  1.43411E+01  2.23477E-28  1.46020E+06  2.00000E-03 -1.20198E+01
  1.43879E+01  2.23477E-28  1.46020E+06  2.00000E-03 -1.20198E+01
  1.44347E+01  2.23477E-28  1.46020E+06  2.00000E-03 -1.20198E+01
  1.44815E+01  2.23477E-28  1.46020E+06  2.00000E-03 -1.20198E+01
  1.45283E+01  2.23477E-28  1.46020E+06  2.00000E-03 -1.20198E+01
  1.45751E+01  2.23477E-28  1.46020E+06  2.00000E-03 -1.20198E+01
  1.46219E+01  2.23333E-28  1.45957E+06  2.00000E-03 -1.20499E+01
  1.46686E+01  2.23189E-28  1.45893E+06  2.00000E-03 -1.20801E+01
  1.47154E+01  2.23189E-28  1.45893E+06  2.00000E-03 -1.20801E+01
  1.47622E+01  2.23189E-28  1.45893E+06  2.00000E-03 -1.20801E+01
  1.48090E+01  2.23189E-28  1.45893E+06  2.00000E-03 -1.20801E+01
  1.48558E+01  2.23189E-28  1.45893E+06  2.00000E-03 -1.20801E+01
  1.49026E+01  2.23189E-28  1.45893E+06  2.00000E-03 -1.20801E+01
  1.49494E+01  2.23189E-28  1.45893E+06  2.00000E-03 -1.20801E+01
  1.49962E+01  2.23142E-28  1.45871E+06  2.00000E-03 -1.20183E+01
  1.50430E+01  2.23094E-28  1.45849E+06  2.00000E-03 -1.19565E+01
  1.50898E+01  2.23094E-28  1.45849E+06  2.00000E-03 -1.19565E+01
  1.51365E+01  2.23094E-28  1.45849E+06  2.00000E-03 -1.19565E+01
  1.51833E+01  2.23094E-28  1.45849E+06  2.00000E-03 -1.19565E+01
  1.52301E+01  2.23094E-28  1.45849E+06  2.00000E-03 -1.19565E+01
  1.52769E+01  2.23094E-28  1.45849E+06  2.00000E-03 -1.19565E+01
  1.53237E+01  2.23094E-28  1.45849E+06  2.00000E-03 -1.19565E+01
  1.53705E+01  2.23068E-28  1.45837E+06  2.00000E-03 -1.18718E+01
  1.54173E+01  2.23042E-28  1.45824E+06  2.00000E-03 -1.17871E+01
  1.54641E+01  2.23042E-28  1.45824E+06  2.00000E-03 -1.17871E+01
  1.55109E+01  2.23042E-28  1.45824E+06  2.00000E-03 -1.17871E+01
  1.55577E+01  2.23042E-28  1.45824E+06  2.00000E-03 -1.17871E+01
  1.56044E+01  2.23042E-28  1.45824E+06  2.00000E-03 -1.17871E+01
  1.56512E+01  2.23042E-28  1.45824E+06  2.00000E-03 -1.17871E+01
  1.56980E+01  2.23042E-28  1.45824E+06  2.00000E-03 -1.17871E+01
  1.57448E+01  2.22995E-28  1.45803E+06  2.00000E-03 -1.17171E+01
  1.57916E+01  2.22948E-28  1.45781E+06  2.00000E-03 -1.16470E+01
  1.58384E+01  2.22948E-28  1.45781E+06  2.00000E-03 -1.16470E+01
  1.58852E+01  2.22948E-28  1.45781E+06  2.00000E-03 -1.16470E+01
  1.59320E+01  2.22948E-28  1.45781E+06  2.00000E-03 -1.16470E+01
  1.59788E+01  2.22948E-28  1.45781E+06  2.00000E-03 -1.16470E+01
  1.60256E+01  2.22948E-28  1.45781E+06  2.00000E-03 -1.16470E+01
  1.60723E+01  2.22948E-28  1.45781E+06  2.00000E-03 -1.16470E+01
  1.61191E+01  2.22883E-28  1.45752E+06  2.00000E-03 -1.15896E+01
  1.61659E+01  2.22818E-28  1.45723E+06  2.00000E-03 -1.15322E+01
  1.62127E+01  2.22818E-28  1.45723E+06  2.00000E-03 -1.15322E+01
  1.62595E+01  2.22818E-28  1.45723E+06  2.00000E-03 -1.15322E+01
  1.63063E+01  2.22818E-28  1.45723E+06  2.00000E-03 -1.15322E+01
  1.63531E+01  2.22818E-28  1.45723E+06  2.00000E-03 -1.15322E+01
  1.63999E+01  2.22818E-28  1.45723E+06  2.00000E-03 -1.15322E+01
  1.64467E+01  2.22818E-28  1.45723E+06  2.00000E-03 -1.15322E+01
  1.64935E+01  2.22757E-28  1.45695E+06  2.00000E-03 -1.14679E+01
  1.65402E+01  2.22696E-28  1.45668E+06  2.00000E-03 -1.14035E+01
  1.65870E+01  2.22696E-28  1.45668E+06  2.00000E-03 -1.14035E+01
  1.66338E+01  2.22696E-28  1.45668E+06  2.00000E-03 -1.14035E+01
  1.66806E+01  2.22696E-28  1.45668E+06  2.00000E-03 -1.14035E+01
  1.67274E+01  2.22696E-28  1.45668E+06  2.00000E-03 -1.14035E+01
  1.67742E+01  2.22696E-28  1.45668E+06  2.00000E-03 -1.14035E+01
  1.68210E+01  2.22696E-28  1.45668E+06  2.00000E-03 -1.14035E+01
  1.68678E+01  2.22656E-28  1.45649E+06  2.00000E-03 -1.13219E+01
  1.69146E+01  2.22615E-28  1.45631E+06  2.00000E-03 -1.12402E+01
  1.69613E+01  2.22615E-28  1.45631E+06  2.00000E-03 -1.12402E+01
  1.70081E+01  2.22615E-28  1.45631E+06  2.00000E-03 -1.12402E+01
  1.70549E+01  2.22615E-28  1.45631E+06  2.00000E-03 -1.12402E+01
  1.71017E+01  2.22615E-28  1.45631E+06  2.00000E-03 -1.12402E+01
  1.71485E+01  2.22615E-28  1.45631E+06  2.00000E-03 -1.12402E+01
  1.71953E+01  2.22615E-28  1.45631E+06  2.00000E-03 -1.12402E+01
  1.72421E+01  2.22598E-28  1.45622E+06  2.00000E-03 -1.11478E+01
  1.72889E+01  2.22582E-28  1.45614E+06  2.00000E-03 -1.10553E+01
  1.73357E+01  2.22582E-28  1.45614E+06  2.00000E-03 -1.10553E+01
  1.73825E+01  2.22582E-28  1.45614E+06  2.00000E-03 -1.10553E+01
  1.74292E+01  2.22582E-28  1.45614E+06  2.00000E-03 -1.10553E+01
  1.74760E+01  2.22582E-28  1.45614E+06  2.00000E-03 -1.10553E+01
  1.75228E+01  2.22582E-28  1.45614E+06  2.00000E-03 -1.10553E+01
  1.75696E+01  2.22582E-28  1.45614E+06  2.00000E-03 -1.10553E+01
  1.76164E+01  2.22583E-28  1.45614E+06  2.00000E-03 -1.09619E+01
  1.76632E+01  2.22584E-28  1.45613E+06  2.00000E-03 -1.08686E+01
  1.77100E+01  2.22584E-28  1.45613E+06  2.00000E-03 -1.08686E+01
  1.77568E+01  2.22584E-28  1.45613E+06  2.00000E-03 -1.08686E+01
  1.78036E+01  2.22584E-28  1.45613E+06  2.00000E-03 -1.08686E+01
  1.78504E+01  2.22584E-28  1.45613E+06  2.00000E-03 -1.08686E+01
  1.78971E+01  2.22584E-28  1.45613E+06  2.00000E-03 -1.08686E+01
  1.79439E+01  2.22584E-28  1.45613E+06  2.00000E-03 -1.08686E+01
  1.79907E+01  2.22597E-28  1.45618E+06  2.00000E-03 -1.07728E+01
  1.80375E+01  2.22609E-28  1.45623E+06  2.00000E-03 -1.06771E+01
  1.80843E+01  2.22609E-28  1.45623E+06  2.00000E-03 -1.06771E+01
  1.81311E+01  2.22609E-28  1.45623E+06  2.00000E-03 -1.06771E+01
  1.81779E+01  2.22609E-28  1.45623E+06  2.00000E-03 -1.06771E+01
  1.82247E+01  2.22609E-28  1.45623E+06  2.00000E-03 -1.06771E+01
  1.82715E+01  2.22609E-28  1.45623E+06  2.00000E-03 -1.06771E+01
  1.83183E+01  2.22609E-28  1.45623E+06  2.00000E-03 -1.06771E+01
  1.83650E+01  2.22624E-28  1.45629E+06  2.00000E-03 -1.05740E+01
  1.84118E+01  2.22639E-28  1.45634E+06  2.00000E-03 -1.04710E+01
  1.84586E+01  2.22639E-28  1.45634E+06  2.00000E-03 -1.04710E+01
  1.85054E+01  2.22639E-28  1.45634E+06  2.00000E-03 -1.04710E+01
  1.85522E+01  2.22639E-28  1.45634E+06  2.00000E-03 -1.04710E+01
  1.85990E+01  2.22639E-28  1.45634E+06  2.00000E-03 -1.04710E+01
  1.86458E+01  2.22639E-28  1.45634E+06  2.00000E-03 -1.04710E+01
  1.86926E+01  2.22639E-28  1.45634E+06  2.00000E-03 -1.04710E+01
  1.87394E+01  2.22777E-28  1.45694E+06  2.00000E-03 -1.02499E+01
  1.87862E+01  2.22915E-28  1.45755E+06  2.00000E-03 -1.00292E+01
  1.88329E+01  2.22915E-28  1.45755E+06  2.00000E-03 -1.00292E+01
  1.88797E+01  2.22915E-28  1.45755E+06  2.00000E-03 -1.00292E+01
  1.89265E+01  2.22915E-28  1.45755E+06  2.00000E-03 -1.00292E+01
  1.89733E+01  2.22915E-28  1.45755E+06  2.00000E-03 -1.00292E+01
  1.90201E+01  2.22915E-28  1.45755E+06  2.00000E-03 -1.00292E+01
  1.90669E+01  2.22915E-28  1.45755E+06  2.00000E-03 -1.00292E+01
  1.91137E+01  2.22915E-28  1.45755E+06  2.00000E-03 -1.00292E+01
  1.91605E+01  2.22915E-28  1.45755E+06  2.00000E-03 -1.00292E+01
  1.92073E+01  2.22915E-28  1.45755E+06  2.00000E-03 -1.00292E+01
  1.92541E+01  2.22915E-28  1.45755E+06  2.00000E-03 -1.00292E+01
  1.93008E+01  2.22915E-28  1.45755E+06  2.00000E-03 -1.00292E+01
  1.93476E+01  2.22915E-28  1.45755E+06  2.00000E-03 -1.00292E+01
  1.93944E+01  2.22915E-28  1.45755E+06  2.00000E-03 -1.00292E+01
  1.94412E+01  2.22915E-28  1.45755E+06  2.00000E-03 -1.00292E+01
  1.94880E+01  2.22914E-28  1.45751E+06  2.00000E-03 -9.79678E+00
  1.95348E+01  2.22914E-28  1.45748E+06  2.00000E-03 -9.56441E+00
  1.95816E+01  2.22914E-28  1.45748E+06  2.00000E-03 -9.56441E+00
  1.96284E+01  2.22914E-28  1.45748E+06  2.00000E-03 -9.56441E+00
  1.96752E+01  2.22914E-28  1.45748E+06  2.00000E-03 -9.56441E+00
  1.97220E+01  2.22914E-28  1.45748E+06  2.00000E-03 -9.56441E+00
  1.97687E+01  2.22914E-28  1.45748E+06  2.00000E-03 -9.56441E+00
  1.98155E+01  2.22914E-28  1.45748E+06  2.00000E-03 -9.56441E+00
  1.98623E+01  2.22914E-28  1.45748E+06  2.00000E-03 -9.56441E+00
  1.99091E+01  2.22914E-28  1.45748E+06  2.00000E-03 -9.56441E+00
  1.99559E+01  2.22914E-28  1.45748E+06  2.00000E-03 -9.56441E+00
  2.00027E+01  2.22914E-28  1.45748E+06  2.00000E-03 -9.56441E+00
  2.00495E+01  2.22914E-28  1.45748E+06  2.00000E-03 -9.56441E+00
  2.00963E+01  2.22914E-28  1.45748E+06  2.00000E-03 -9.56441E+00
  2.01431E+01  2.22914E-28  1.45748E+06  2.00000E-03 -9.56441E+00
  2.01899E+01  2.22914E-28  1.45748E+06  2.00000E-03 -9.56441E+00
  2.02366E+01  2.22744E-28  1.45673E+06  2.00000E-03 -9.49875E+00
  2.02834E+01  2.22575E-28  1.45598E+06  2.00000E-03 -9.43299E+00
  2.03302E+01  2.22575E-28  1.45598E+06  2.00000E-03 -9.43299E+00
  2.03770E+01  2.22575E-28  1.45598E+06  2.00000E-03 -9.43299E+00
  2.04238E+01  2.22575E-28  1.45598E+06  2.00000E-03 -9.43299E+00
  2.04706E+01  2.22575E-28  1.45598E+06  2.00000E-03 -9.43299E+00
  2.05174E+01  2.22575E-28  1.45598E+06  2.00000E-03 -9.43299E+00
  2.05642E+01  2.22575E-28  1.45598E+06  2.00000E-03 -9.43299E+00
  2.06110E+01  2.22575E-28  1.45598E+06  2.00000E-03 -9.43299E+00
  2.06578E+01  2.22575E-28  1.45598E+06  2.00000E-03 -9.43299E+00
  2.07045E+01  2.22575E-28  1.45598E+06  2.00000E-03 -9.43299E+00
  2.07513E+01  2.22575E-28  1.45598E+06  2.00000E-03 -9.43299E+00
  2.07981E+01  2.22575E-28  1.45598E+06  2.00000E-03 -9.43299E+00
  2.08449E+01  2.22575E-28  1.45598E+06  2.00000E-03 -9.43299E+00
  2.08917E+01  2.22575E-28  1.45598E+06  2.00000E-03 -9.43299E+00
  2.09385E+01  2.22575E-28  1.45598E+06  2.00000E-03 -9.43299E+00
  2.09853E+01  2.22279E-28  1.45468E+06  2.00000E-03 -9.46822E+00
  2.10321E+01  2.21983E-28  1.45338E+06  2.00000E-03 -9.50355E+00
  2.10789E+01  2.21983E-28  1.45338E+06  2.00000E-03 -9.50355E+00
  2.11257E+01  2.21983E-28  1.45338E+06  2.00000E-03 -9.50355E+00
  2.11724E+01  2.21983E-28  1.45338E+06  2.00000E-03 -9.50355E+00
  2.12192E+01  2.21983E-28  1.45338E+06  2.00000E-03 -9.50355E+00
  2.12660E+01  2.21983E-28  1.45338E+06  2.00000E-03 -9.50355E+00
  2.13128E+01  2.21983E-28  1.45338E+06  2.00000E-03 -9.50355E+00
  2.13596E+01  2.21983E-28  1.45338E+06  2.00000E-03 -9.50355E+00
  2.14064E+01  2.21983E-28  1.45338E+06  2.00000E-03 -9.50355E+00
  2.14532E+01  2.21983E-28  1.45338E+06  2.00000E-03 -9.50355E+00
  2.15000E+01  2.21983E-28  1.45338E+06  2.00000E-03 -9.50355E+00
  2.15468E+01  2.21983E-28  1.45338E+06  2.00000E-03 -9.50355E+00
  2.15936E+01  2.21983E-28  1.45338E+06  2.00000E-03 -9.50355E+00
  2.16403E+01  2.21983E-28  1.45338E+06  2.00000E-03 -9.50355E+00
  2.16871E+01  2.21983E-28  1.45338E+06  2.00000E-03 -9.50355E+00
  2.17339E+01  2.21734E-28  1.45229E+06  2.00000E-03 -9.52978E+00
  2.17807E+01  2.21485E-28  1.45119E+06  2.00000E-03 -9.55607E+00
  2.18275E+01  2.21485E-28  1.45119E+06  2.00000E-03 -9.55607E+00
  2.18743E+01  2.21485E-28  1.45119E+06  2.00000E-03 -9.55607E+00
  2.19211E+01  2.21485E-28  1.45119E+06  2.00000E-03 -9.55607E+00
  2.19679E+01  2.21485E-28  1.45119E+06  2.00000E-03 -9.55607E+00
  2.20147E+01  2.21485E-28  1.45119E+06  2.00000E-03 -9.55607E+00
  2.20615E+01  2.21485E-28  1.45119E+06  2.00000E-03 -9.55607E+00
  2.21082E+01  2.21485E-28  1.45119E+06  2.00000E-03 -9.55607E+00
  2.21550E+01  2.21485E-28  1.45119E+06  2.00000E-03 -9.55607E+00
  2.22018E+01  2.21485E-28  1.45119E+06  2.00000E-03 -9.55607E+00
  2.22486E+01  2.21485E-28  1.45119E+06  2.00000E-03 -9.55607E+00
  2.22954E+01  2.21485E-28  1.45119E+06  2.00000E-03 -9.55607E+00
  2.23422E+01  2.21485E-28  1.45119E+06  2.00000E-03 -9.55607E+00
  2.23890E+01  2.21485E-28  1.45119E+06  2.00000E-03 -9.55607E+00
  2.24358E+01  2.21485E-28  1.45119E+06  2.00000E-03 -9.55607E+00
  2.24826E+01  2.21363E-28  1.45065E+06  2.00000E-03 -9.49296E+00
  2.25294E+01  2.21241E-28  1.45011E+06  2.00000E-03 -9.42978E+00
  2.25761E+01  2.21241E-28  1.45011E+06  2.00000E-03 -9.42978E+00
  2.26229E+01  2.21241E-28  1.45011E+06  2.00000E-03 -9.42978E+00
  2.26697E+01  2.21241E-28  1.45011E+06  2.00000E-03 -9.42978E+00
  2.27165E+01  2.21241E-28  1.45011E+06  2.00000E-03 -9.42978E+00
  2.27633E+01  2.21241E-28  1.45011E+06  2.00000E-03 -9.42978E+00
  2.28101E+01  2.21241E-28  1.45011E+06  2.00000E-03 -9.42978E+00
  2.28569E+01  2.21241E-28  1.45011E+06  2.00000E-03 -9.42978E+00
  2.29037E+01  2.21241E-28  1.45011E+06  2.00000E-03 -9.42978E+00
  2.29505E+01  2.21241E-28  1.45011E+06  2.00000E-03 -9.42978E+00
  2.29972E+01  2.21241E-28  1.45011E+06  2.00000E-03 -9.42978E+00
  2.30440E+01  2.21241E-28  1.45011E+06  2.00000E-03 -9.42978E+00
  2.30908E+01  2.21241E-28  1.45011E+06  2.00000E-03 -9.42978E+00
  2.31376E+01  2.21241E-28  1.45011E+06  2.00000E-03 -9.42978E+00
  2.31844E+01  2.21241E-28  1.45011E+06  2.00000E-03 -9.42978E+00
  2.32312E+01  2.21208E-28  1.44997E+06  2.00000E-03 -9.31920E+00
  2.32780E+01  2.21174E-28  1.44982E+06  2.00000E-03 -9.20857E+00
  2.33248E+01  2.21174E-28  1.44982E+06  2.00000E-03 -9.20857E+00
  2.33716E+01  2.21174E-28  1.44982E+06  2.00000E-03 -9.20857E+00
  2.34184E+01  2.21174E-28  1.44982E+06  2.00000E-03 -9.20857E+00
  2.34651E+01  2.21174E-28  1.44982E+06  2.00000E-03 -9.20857E+00
  2.35119E+01  2.21174E-28  1.44982E+06  2.00000E-03 -9.20857E+00
  2.35587E+01  2.21174E-28  1.44982E+06  2.00000E-03 -9.20857E+00
  2.36055E+01  2.21174E-28  1.44982E+06  2.00000E-03 -9.20857E+00
  2.36523E+01  2.21174E-28  1.44982E+06  2.00000E-03 -9.20857E+00
  2.36991E+01  2.21174E-28  1.44982E+06  2.00000E-03 -9.20857E+00
  2.37459E+01  2.21174E-28  1.44982E+06  2.00000E-03 -9.20857E+00
  2.37927E+01  2.21174E-28  1.44982E+06  2.00000E-03 -9.20857E+00
  2.38395E+01  2.21174E-28  1.44982E+06  2.00000E-03 -9.20857E+00
  2.38863E+01  2.21174E-28  1.44982E+06  2.00000E-03 -9.20857E+00
  2.39330E+01  2.21174E-28  1.44982E+06  2.00000E-03 -9.20857E+00
  2.39798E+01  2.21149E-28  1.44970E+06  2.00000E-03 -9.10361E+00
