 -2.38863E+01  2.15947E-28  1.42693E+06  2.00000E-03  9.19814E+00
 -2.38395E+01  2.15947E-28  1.42693E+06  2.00000E-03  9.19814E+00
 -2.37927E+01  2.15947E-28  1.42693E+06  2.00000E-03  9.19814E+00
 -2.37459E+01  2.15947E-28  1.42693E+06  2.00000E-03  9.19814E+00
 -2.36991E+01  2.15947E-28  1.42693E+06  2.00000E-03  9.19814E+00
 -2.36523E+01  2.15947E-28  1.42693E+06  2.00000E-03  9.19814E+00
 -2.36055E+01  2.15947E-28  1.42693E+06  2.00000E-03  9.19814E+00
 -2.35587E+01  2.15947E-28  1.42693E+06  2.00000E-03  9.19814E+00
 -2.35119E+01  2.15947E-28  1.42693E+06  2.00000E-03  9.19814E+00
 -2.34651E+01  2.15947E-28  1.42693E+06  2.00000E-03  9.19814E+00
 -2.34184E+01  2.15947E-28  1.42693E+06  2.00000E-03  9.19814E+00
 -2.33716E+01  2.15947E-28  1.42693E+06  2.00000E-03  9.19814E+00
 -2.33248E+01  2.15947E-28  1.42693E+06  2.00000E-03  9.19814E+00
 -2.32780E+01  2.15947E-28  1.42693E+06  2.00000E-03  9.19814E+00
 -2.32312E+01  2.15947E-28  1.42693E+06  2.00000E-03  9.19814E+00
 -2.31844E+01  2.15734E-28  1.42600E+06  2.00000E-03  9.43772E+00
 -2.31376E+01  2.15521E-28  1.42507E+06  2.00000E-03  9.67777E+00
 -2.30908E+01  2.15521E-28  1.42507E+06  2.00000E-03  9.67777E+00
 -2.30440E+01  2.15521E-28  1.42507E+06  2.00000E-03  9.67777E+00
 -2.29972E+01  2.15521E-28  1.42507E+06  2.00000E-03  9.67777E+00
 -2.29505E+01  2.15521E-28  1.42507E+06  2.00000E-03  9.67777E+00
 -2.29037E+01  2.15521E-28  1.42507E+06  2.00000E-03  9.67777E+00
 -2.28569E+01  2.15521E-28  1.42507E+06  2.00000E-03  9.67777E+00
 -2.28101E+01  2.15521E-28  1.42507E+06  2.00000E-03  9.67777E+00
 -2.27633E+01  2.15521E-28  1.42507E+06  2.00000E-03  9.67777E+00
 -2.27165E+01  2.15521E-28  1.42507E+06  2.00000E-03  9.67777E+00
 -2.26697E+01  2.15521E-28  1.42507E+06  2.00000E-03  9.67777E+00
 -2.26229E+01  2.15521E-28  1.42507E+06  2.00000E-03  9.67777E+00
 -2.25761E+01  2.15521E-28  1.42507E+06  2.00000E-03  9.67777E+00
 -2.25294E+01  2.15521E-28  1.42507E+06  2.00000E-03  9.67777E+00
 -2.24826E+01  2.15521E-28  1.42507E+06  2.00000E-03  9.67777E+00
 -2.24358E+01  2.15195E-28  1.42364E+06  2.00000E-03  9.99362E+00
 -2.23890E+01  2.14869E-28  1.42221E+06  2.00000E-03  1.03104E+01
 -2.23422E+01  2.14869E-28  1.42221E+06  2.00000E-03  1.03104E+01
 -2.22954E+01  2.14869E-28  1.42221E+06  2.00000E-03  1.03104E+01
 -2.22486E+01  2.14869E-28  1.42221E+06  2.00000E-03  1.03104E+01
 -2.22018E+01  2.14869E-28  1.42221E+06  2.00000E-03  1.03104E+01
 -2.21550E+01  2.14869E-28  1.42221E+06  2.00000E-03  1.03104E+01
 -2.21082E+01  2.14869E-28  1.42221E+06  2.00000E-03  1.03104E+01
 -2.20615E+01  2.14869E-28  1.42221E+06  2.00000E-03  1.03104E+01
 -2.20147E+01  2.14869E-28  1.42221E+06  2.00000E-03  1.03104E+01
 -2.19679E+01  2.14869E-28  1.42221E+06  2.00000E-03  1.03104E+01
 -2.19211E+01  2.14869E-28  1.42221E+06  2.00000E-03  1.03104E+01
 -2.18743E+01  2.14869E-28  1.42221E+06  2.00000E-03  1.03104E+01
 -2.18275E+01  2.14869E-28  1.42221E+06  2.00000E-03  1.03104E+01
 -2.17807E+01  2.14869E-28  1.42221E+06  2.00000E-03  1.03104E+01
 -2.17339E+01  2.14869E-28  1.42221E+06  2.00000E-03  1.03104E+01
 -2.16871E+01  2.14436E-28  1.42031E+06  2.00000E-03  1.07011E+01
 -2.16403E+01  2.14004E-28  1.41841E+06  2.00000E-03  1.10934E+01
 -2.15936E+01  2.14004E-28  1.41841E+06  2.00000E-03  1.10934E+01
 -2.15468E+01  2.14004E-28  1.41841E+06  2.00000E-03  1.10934E+01
 -2.15000E+01  2.14004E-28  1.41841E+06  2.00000E-03  1.10934E+01
 -2.14532E+01  2.14004E-28  1.41841E+06  2.00000E-03  1.10934E+01
 -2.14064E+01  2.14004E-28  1.41841E+06  2.00000E-03  1.10934E+01
 -2.13596E+01  2.14004E-28  1.41841E+06  2.00000E-03  1.10934E+01
 -2.13128E+01  2.14004E-28  1.41841E+06  2.00000E-03  1.10934E+01
 -2.12660E+01  2.14004E-28  1.41841E+06  2.00000E-03  1.10934E+01
 -2.12192E+01  2.14004E-28  1.41841E+06  2.00000E-03  1.10934E+01
 -2.11724E+01  2.14004E-28  1.41841E+06  2.00000E-03  1.10934E+01
 -2.11257E+01  2.14004E-28  1.41841E+06  2.00000E-03  1.10934E+01
 -2.10789E+01  2.14004E-28  1.41841E+06  2.00000E-03  1.10934E+01
 -2.10321E+01  2.14004E-28  1.41841E+06  2.00000E-03  1.10934E+01
 -2.09853E+01  2.14004E-28  1.41841E+06  2.00000E-03  1.10934E+01
 -2.09385E+01  2.13503E-28  1.41621E+06  2.00000E-03  1.15421E+01
 -2.08917E+01  2.13003E-28  1.41401E+06  2.00000E-03  1.19930E+01
 -2.08449E+01  2.13003E-28  1.41401E+06  2.00000E-03  1.19930E+01
 -2.07981E+01  2.13003E-28  1.41401E+06  2.00000E-03  1.19930E+01
 -2.07513E+01  2.13003E-28  1.41401E+06  2.00000E-03  1.19930E+01
 -2.07045E+01  2.13003E-28  1.41401E+06  2.00000E-03  1.19930E+01
 -2.06578E+01  2.13003E-28  1.41401E+06  2.00000E-03  1.19930E+01
 -2.06110E+01  2.13003E-28  1.41401E+06  2.00000E-03  1.19930E+01
 -2.05642E+01  2.13003E-28  1.41401E+06  2.00000E-03  1.19930E+01
 -2.05174E+01  2.13003E-28  1.41401E+06  2.00000E-03  1.19930E+01
 -2.04706E+01  2.13003E-28  1.41401E+06  2.00000E-03  1.19930E+01
 -2.04238E+01  2.13003E-28  1.41401E+06  2.00000E-03  1.19930E+01
 -2.03770E+01  2.13003E-28  1.41401E+06  2.00000E-03  1.19930E+01
 -2.03302E+01  2.13003E-28  1.41401E+06  2.00000E-03  1.19930E+01
 -2.02834E+01  2.13003E-28  1.41401E+06  2.00000E-03  1.19930E+01
 -2.02366E+01  2.13003E-28  1.41401E+06  2.00000E-03  1.19930E+01
 -2.01899E+01  2.12546E-28  1.41200E+06  2.00000E-03  1.24440E+01
 -2.01431E+01  2.12089E-28  1.40998E+06  2.00000E-03  1.28970E+01
 -2.00963E+01  2.12089E-28  1.40998E+06  2.00000E-03  1.28970E+01
 -2.00495E+01  2.12089E-28  1.40998E+06  2.00000E-03  1.28970E+01
 -2.00027E+01  2.12089E-28  1.40998E+06  2.00000E-03  1.28970E+01
 -1.99559E+01  2.12089E-28  1.40998E+06  2.00000E-03  1.28970E+01
 -1.99091E+01  2.12089E-28  1.40998E+06  2.00000E-03  1.28970E+01
 -1.98623E+01  2.12089E-28  1.40998E+06  2.00000E-03  1.28970E+01
 -1.98155E+01  2.12089E-28  1.40998E+06  2.00000E-03  1.28970E+01
 -1.97687E+01  2.12089E-28  1.40998E+06  2.00000E-03  1.28970E+01
 -1.97220E+01  2.12089E-28  1.40998E+06  2.00000E-03  1.28970E+01
 -1.96752E+01  2.12089E-28  1.40998E+06  2.00000E-03  1.28970E+01
 -1.96284E+01  2.12089E-28  1.40998E+06  2.00000E-03  1.28970E+01
 -1.95816E+01  2.12089E-28  1.40998E+06  2.00000E-03  1.28970E+01
 -1.95348E+01  2.12089E-28  1.40998E+06  2.00000E-03  1.28970E+01
 -1.94880E+01  2.12089E-28  1.40998E+06  2.00000E-03  1.28970E+01
 -1.94412E+01  2.11770E-28  1.40859E+06  2.00000E-03  1.32510E+01
 -1.93944E+01  2.11450E-28  1.40721E+06  2.00000E-03  1.36060E+01
 -1.93476E+01  2.11450E-28  1.40721E+06  2.00000E-03  1.36060E+01
 -1.93008E+01  2.11450E-28  1.40721E+06  2.00000E-03  1.36060E+01
 -1.92541E+01  2.11450E-28  1.40721E+06  2.00000E-03  1.36060E+01
 -1.92073E+01  2.11450E-28  1.40721E+06  2.00000E-03  1.36060E+01
 -1.91605E+01  2.11450E-28  1.40721E+06  2.00000E-03  1.36060E+01
 -1.91137E+01  2.11450E-28  1.40721E+06  2.00000E-03  1.36060E+01
 -1.90669E+01  2.11450E-28  1.40721E+06  2.00000E-03  1.36060E+01
 -1.90201E+01  2.11450E-28  1.40721E+06  2.00000E-03  1.36060E+01
 -1.89733E+01  2.11450E-28  1.40721E+06  2.00000E-03  1.36060E+01
 -1.89265E+01  2.11450E-28  1.40721E+06  2.00000E-03  1.36060E+01
 -1.88797E+01  2.11450E-28  1.40721E+06  2.00000E-03  1.36060E+01
 -1.88329E+01  2.11450E-28  1.40721E+06  2.00000E-03  1.36060E+01
 -1.87862E+01  2.11450E-28  1.40721E+06  2.00000E-03  1.36060E+01
 -1.87394E+01  2.11450E-28  1.40721E+06  2.00000E-03  1.36060E+01
 -1.86926E+01  2.11350E-28  1.40676E+06  2.00000E-03  1.38575E+01
 -1.86458E+01  2.11249E-28  1.40630E+06  2.00000E-03  1.41093E+01
 -1.85990E+01  2.11249E-28  1.40630E+06  2.00000E-03  1.41093E+01
 -1.85522E+01  2.11249E-28  1.40630E+06  2.00000E-03  1.41093E+01
 -1.85054E+01  2.11249E-28  1.40630E+06  2.00000E-03  1.41093E+01
 -1.84586E+01  2.11249E-28  1.40630E+06  2.00000E-03  1.41093E+01
 -1.84118E+01  2.11249E-28  1.40630E+06  2.00000E-03  1.41093E+01
 -1.83650E+01  2.11249E-28  1.40630E+06  2.00000E-03  1.41093E+01
 -1.83183E+01  2.11237E-28  1.40625E+06  2.00000E-03  1.42300E+01
 -1.82715E+01  2.11225E-28  1.40620E+06  2.00000E-03  1.43508E+01
 -1.82247E+01  2.11225E-28  1.40620E+06  2.00000E-03  1.43508E+01
 -1.81779E+01  2.11225E-28  1.40620E+06  2.00000E-03  1.43508E+01
 -1.81311E+01  2.11225E-28  1.40620E+06  2.00000E-03  1.43508E+01
 -1.80843E+01  2.11225E-28  1.40620E+06  2.00000E-03  1.43508E+01
 -1.80375E+01  2.11225E-28  1.40620E+06  2.00000E-03  1.43508E+01
 -1.79907E+01  2.11225E-28  1.40620E+06  2.00000E-03  1.43508E+01
 -1.79439E+01  2.11191E-28  1.40606E+06  2.00000E-03  1.44948E+01
 -1.78971E+01  2.11158E-28  1.40592E+06  2.00000E-03  1.46389E+01
 -1.78504E+01  2.11158E-28  1.40592E+06  2.00000E-03  1.46389E+01
 -1.78036E+01  2.11158E-28  1.40592E+06  2.00000E-03  1.46389E+01
 -1.77568E+01  2.11158E-28  1.40592E+06  2.00000E-03  1.46389E+01
 -1.77100E+01  2.11158E-28  1.40592E+06  2.00000E-03  1.46389E+01
 -1.76632E+01  2.11158E-28  1.40592E+06  2.00000E-03  1.46389E+01
 -1.76164E+01  2.11158E-28  1.40592E+06  2.00000E-03  1.46389E+01
 -1.75696E+01  2.11094E-28  1.40565E+06  2.00000E-03  1.48140E+01
 -1.75228E+01  2.11031E-28  1.40538E+06  2.00000E-03  1.49892E+01
 -1.74760E+01  2.11031E-28  1.40538E+06  2.00000E-03  1.49892E+01
 -1.74292E+01  2.11031E-28  1.40538E+06  2.00000E-03  1.49892E+01
 -1.73825E+01  2.11031E-28  1.40538E+06  2.00000E-03  1.49892E+01
 -1.73357E+01  2.11031E-28  1.40538E+06  2.00000E-03  1.49892E+01
 -1.72889E+01  2.11031E-28  1.40538E+06  2.00000E-03  1.49892E+01
 -1.72421E+01  2.11031E-28  1.40538E+06  2.00000E-03  1.49892E+01
 -1.71953E+01  2.10921E-28  1.40489E+06  2.00000E-03  1.52218E+01
 -1.71485E+01  2.10810E-28  1.40441E+06  2.00000E-03  1.54546E+01
 -1.71017E+01  2.10810E-28  1.40441E+06  2.00000E-03  1.54546E+01
 -1.70549E+01  2.10810E-28  1.40441E+06  2.00000E-03  1.54546E+01
 -1.70081E+01  2.10810E-28  1.40441E+06  2.00000E-03  1.54546E+01
 -1.69613E+01  2.10810E-28  1.40441E+06  2.00000E-03  1.54546E+01
 -1.69146E+01  2.10810E-28  1.40441E+06  2.00000E-03  1.54546E+01
 -1.68678E+01  2.10810E-28  1.40441E+06  2.00000E-03  1.54546E+01
 -1.68210E+01  2.10643E-28  1.40367E+06  2.00000E-03  1.57683E+01
 -1.67742E+01  2.10476E-28  1.40293E+06  2.00000E-03  1.60824E+01
 -1.67274E+01  2.10476E-28  1.40293E+06  2.00000E-03  1.60824E+01
 -1.66806E+01  2.10476E-28  1.40293E+06  2.00000E-03  1.60824E+01
 -1.66338E+01  2.10476E-28  1.40293E+06  2.00000E-03  1.60824E+01
 -1.65870E+01  2.10476E-28  1.40293E+06  2.00000E-03  1.60824E+01
 -1.65402E+01  2.10476E-28  1.40293E+06  2.00000E-03  1.60824E+01
 -1.64935E+01  2.10476E-28  1.40293E+06  2.00000E-03  1.60824E+01
 -1.64467E+01  2.10259E-28  1.40199E+06  2.00000E-03  1.65046E+01
 -1.63999E+01  2.10043E-28  1.40106E+06  2.00000E-03  1.69276E+01
 -1.63531E+01  2.10043E-28  1.40106E+06  2.00000E-03  1.69276E+01
 -1.63063E+01  2.10043E-28  1.40106E+06  2.00000E-03  1.69276E+01
 -1.62595E+01  2.10043E-28  1.40106E+06  2.00000E-03  1.69276E+01
 -1.62127E+01  2.10043E-28  1.40106E+06  2.00000E-03  1.69276E+01
 -1.61659E+01  2.10043E-28  1.40106E+06  2.00000E-03  1.69276E+01
 -1.61191E+01  2.10043E-28  1.40106E+06  2.00000E-03  1.69276E+01
 -1.60723E+01  2.09816E-28  1.39999E+06  2.00000E-03  1.74990E+01
 -1.60256E+01  2.09590E-28  1.39892E+06  2.00000E-03  1.80717E+01
 -1.59788E+01  2.09590E-28  1.39892E+06  2.00000E-03  1.80717E+01
 -1.59320E+01  2.09590E-28  1.39892E+06  2.00000E-03  1.80717E+01
 -1.58852E+01  2.09590E-28  1.39892E+06  2.00000E-03  1.80717E+01
 -1.58384E+01  2.09590E-28  1.39892E+06  2.00000E-03  1.80717E+01
 -1.57916E+01  2.09590E-28  1.39892E+06  2.00000E-03  1.80717E+01
 -1.57448E+01  2.09590E-28  1.39892E+06  2.00000E-03  1.80717E+01
 -1.56980E+01  2.09330E-28  1.39767E+06  2.00000E-03  1.87463E+01
 -1.56512E+01  2.09070E-28  1.39641E+06  1.99999E-03  1.94226E+01
 -1.56044E+01  2.09070E-28  1.39641E+06  1.99999E-03  1.94226E+01
 -1.55577E+01  2.09070E-28  1.39641E+06  1.99999E-03  1.94226E+01
 -1.55109E+01  2.09070E-28  1.39641E+06  1.99999E-03  1.94226E+01
 -1.54641E+01  2.09070E-28  1.39641E+06  1.99999E-03  1.94226E+01
 -1.54173E+01  2.09070E-28  1.39641E+06  1.99999E-03  1.94226E+01
 -1.53705E+01  2.09070E-28  1.39641E+06  1.99999E-03  1.94226E+01
 -1.53237E+01  2.08849E-28  1.39659E+06  1.99994E-03  2.03101E+01
 -1.52769E+01  2.08627E-28  1.39677E+06  1.99988E-03  2.11994E+01
 -1.52301E+01  2.08627E-28  1.39677E+06  1.99988E-03  2.11994E+01
 -1.51833E+01  2.08627E-28  1.39677E+06  1.99988E-03  2.11994E+01
 -1.51365E+01  2.08627E-28  1.39677E+06  1.99988E-03  2.11994E+01
 -1.50898E+01  2.08627E-28  1.39677E+06  1.99988E-03  2.11994E+01
 -1.50430E+01  2.08627E-28  1.39677E+06  1.99988E-03  2.11994E+01
 -1.49962E+01  2.08627E-28  1.39677E+06  1.99988E-03  2.11994E+01
 -1.49494E+01  2.08548E-28  1.39507E+06  1.99939E-03  2.22802E+01
 -1.49026E+01  2.08469E-28  1.39336E+06  1.99889E-03  2.33618E+01
 -1.48558E+01  2.08469E-28  1.39336E+06  1.99889E-03  2.33618E+01
 -1.48090E+01  2.08469E-28  1.39336E+06  1.99889E-03  2.33618E+01
 -1.47622E+01  2.08469E-28  1.39336E+06  1.99889E-03  2.33618E+01
 -1.47154E+01  2.08469E-28  1.39336E+06  1.99889E-03  2.33618E+01
 -1.46686E+01  2.08469E-28  1.39336E+06  1.99889E-03  2.33618E+01
 -1.46219E+01  2.08469E-28  1.39336E+06  1.99889E-03  2.33618E+01
 -1.45751E+01  2.08533E-28  1.39142E+06  1.99804E-03  2.42381E+01
 -1.45283E+01  2.08596E-28  1.38949E+06  1.99719E-03  2.51139E+01
 -1.44815E+01  2.08596E-28  1.38949E+06  1.99719E-03  2.51139E+01
 -1.44347E+01  2.08596E-28  1.38949E+06  1.99719E-03  2.51139E+01
 -1.43879E+01  2.08596E-28  1.38949E+06  1.99719E-03  2.51139E+01
 -1.43411E+01  2.08596E-28  1.38949E+06  1.99719E-03  2.51139E+01
 -1.42943E+01  2.08596E-28  1.38949E+06  1.99719E-03  2.51139E+01
 -1.42475E+01  2.08596E-28  1.38949E+06  1.99719E-03  2.51139E+01
 -1.42007E+01  2.08682E-28  1.38785E+06  1.99666E-03  2.54956E+01
 -1.41540E+01  2.08768E-28  1.38621E+06  1.99614E-03  2.58769E+01
 -1.41072E+01  2.08768E-28  1.38621E+06  1.99614E-03  2.58769E+01
 -1.40604E+01  2.08768E-28  1.38621E+06  1.99614E-03  2.58769E+01
 -1.40136E+01  2.08768E-28  1.38621E+06  1.99614E-03  2.58769E+01
 -1.39668E+01  2.08768E-28  1.38621E+06  1.99614E-03  2.58769E+01
 -1.39200E+01  2.08768E-28  1.38621E+06  1.99614E-03  2.58769E+01
 -1.38732E+01  2.08768E-28  1.38621E+06  1.99614E-03  2.58769E+01
 -1.38264E+01  2.08744E-28  1.38573E+06  1.99617E-03  2.57030E+01
 -1.37796E+01  2.08720E-28  1.38524E+06  1.99621E-03  2.55291E+01
 -1.37328E+01  2.08720E-28  1.38524E+06  1.99621E-03  2.55291E+01
 -1.36861E+01  2.08720E-28  1.38524E+06  1.99621E-03  2.55291E+01
 -1.36393E+01  2.09019E-28  1.38349E+06  1.99554E-03  2.50636E+01
 -1.35925E+01  2.09317E-28  1.38174E+06  1.99487E-03  2.45994E+01
 -1.35457E+01  2.09317E-28  1.38174E+06  1.99487E-03  2.45994E+01
 -1.34989E+01  2.09317E-28  1.38174E+06  1.99487E-03  2.45994E+01
 -1.34521E+01  2.11900E-28  1.36492E+06  1.98808E-03  2.38190E+01
 -1.34053E+01  2.14483E-28  1.34851E+06  1.98146E-03  2.30574E+01
 -1.33585E+01  2.14483E-28  1.34851E+06  1.98146E-03  2.30574E+01
 -1.33117E+01  2.14483E-28  1.34851E+06  1.98146E-03  2.30574E+01
 -1.32649E+01  2.34800E-28  1.23164E+06  1.92684E-03  2.18286E+01
 -1.32182E+01  2.55118E-28  1.13338E+06  1.88092E-03  2.07955E+01
 -1.31714E+01  2.55118E-28  1.13338E+06  1.88092E-03  2.07955E+01
 -1.31246E+01  2.55118E-28  1.13338E+06  1.88092E-03  2.07955E+01
 -1.30778E+01  3.02058E-28  9.55893E+05  1.78852E-03  1.89959E+01
 -1.30310E+01  3.48997E-28  8.26150E+05  1.72098E-03  1.76805E+01
 -1.29842E+01  3.48997E-28  8.26150E+05  1.72098E-03  1.76805E+01
 -1.29374E+01  3.48997E-28  8.26150E+05  1.72098E-03  1.76805E+01
 -1.28906E+01  3.56878E-28  8.06612E+05  1.71198E-03  1.59486E+01
 -1.28438E+01  3.64759E-28  7.87917E+05  1.70337E-03  1.42916E+01
 -1.27970E+01  3.64759E-28  7.87917E+05  1.70337E-03  1.42916E+01
 -1.27503E+01  3.64759E-28  7.87917E+05  1.70337E-03  1.42916E+01
 -1.27035E+01  3.41540E-28  8.42274E+05  1.72643E-03  1.33192E+01
 -1.26567E+01  3.18321E-28  9.04561E+05  1.75285E-03  1.22049E+01
 -1.26099E+01  3.18321E-28  9.04561E+05  1.75285E-03  1.22049E+01
 -1.25631E+01  3.18321E-28  9.04561E+05  1.75285E-03  1.22049E+01
 -1.25163E+01  2.93500E-28  9.81299E+05  1.78738E-03  1.18786E+01
 -1.24695E+01  2.68678E-28  1.07222E+06  1.82830E-03  1.14919E+01
 -1.24227E+01  2.68678E-28  1.07222E+06  1.82830E-03  1.14919E+01
 -1.23759E+01  2.68678E-28  1.07222E+06  1.82830E-03  1.14919E+01
 -1.23291E+01  2.63045E-28  1.09660E+06  1.84347E-03  1.10741E+01
 -1.22824E+01  2.57412E-28  1.12205E+06  1.85930E-03  1.06379E+01
 -1.22356E+01  2.57412E-28  1.12205E+06  1.85930E-03  1.06379E+01
 -1.21888E+01  2.57412E-28  1.12205E+06  1.85930E-03  1.06379E+01
 -1.21420E+01  2.66399E-28  1.08693E+06  1.85022E-03  9.97585E+00
 -1.20952E+01  2.75385E-28  1.05409E+06  1.84173E-03  9.35704E+00
 -1.20484E+01  2.75385E-28  1.05409E+06  1.84173E-03  9.35704E+00
 -1.20016E+01  2.75385E-28  1.05409E+06  1.84173E-03  9.35704E+00
 -1.19548E+01  3.08009E-28  9.43463E+05  1.80148E-03  8.45662E+00
 -1.19080E+01  3.40633E-28  8.54026E+05  1.76894E-03  7.72868E+00
 -1.18612E+01  3.40633E-28  8.54026E+05  1.76894E-03  7.72868E+00
 -1.18145E+01  3.40633E-28  8.54026E+05  1.76894E-03  7.72868E+00
 -1.17677E+01  4.10714E-28  7.07653E+05  1.70304E-03  6.33460E+00
 -1.17209E+01  4.80793E-28  6.03950E+05  1.65635E-03  5.34693E+00
 -1.16741E+01  4.80793E-28  6.03950E+05  1.65635E-03  5.34693E+00
 -1.16273E+01  4.80793E-28  6.03950E+05  1.65635E-03  5.34693E+00
 -1.15805E+01  5.88682E-28  4.95121E+05  1.60454E-03  4.21588E+00
 -1.15337E+01  6.96571E-28  4.20004E+05  1.56878E-03  3.43520E+00
 -1.14869E+01  6.96571E-28  4.20004E+05  1.56878E-03  3.43520E+00
 -1.14401E+01  6.96571E-28  4.20004E+05  1.56878E-03  3.43520E+00
 -1.13933E+01  7.43889E-28  3.95381E+05  1.55688E-03  3.48509E+00
 -1.13466E+01  7.91206E-28  3.73703E+05  1.54641E-03  3.52901E+00
 -1.12998E+01  7.91206E-28  3.73703E+05  1.54641E-03  3.52901E+00
 -1.12530E+01  7.91206E-28  3.73703E+05  1.54641E-03  3.52901E+00
 -1.12062E+01  7.47146E-28  3.97334E+05  1.55261E-03  4.41035E+00
 -1.11594E+01  7.03086E-28  4.23927E+05  1.55958E-03  5.40215E+00
 -1.11126E+01  7.03086E-28  4.23927E+05  1.55958E-03  5.40215E+00
 -1.10658E+01  7.03086E-28  4.23927E+05  1.55958E-03  5.40215E+00
 -1.10190E+01  6.18364E-28  4.82713E+05  1.58028E-03  6.57452E+00
 -1.09722E+01  5.33642E-28  5.60166E+05  1.60755E-03  8.11914E+00
 -1.09254E+01  5.33642E-28  5.60166E+05  1.60755E-03  8.11914E+00
 -1.08787E+01  5.33642E-28  5.60166E+05  1.60755E-03  8.11914E+00
 -1.08319E+01  4.87731E-28  6.12684E+05  1.62977E-03  9.34363E+00
 -1.07851E+01  4.41821E-28  6.76118E+05  1.65660E-03  1.08226E+01
 -1.07383E+01  4.41821E-28  6.76118E+05  1.65660E-03  1.08226E+01
 -1.06915E+01  4.41821E-28  6.76118E+05  1.65660E-03  1.08226E+01
 -1.06447E+01  4.28629E-28  6.96956E+05  1.66483E-03  1.20284E+01
 -1.05979E+01  4.15437E-28  7.19118E+05  1.67358E-03  1.33107E+01
 -1.05511E+01  4.15437E-28  7.19118E+05  1.67358E-03  1.33107E+01
 -1.05043E+01  4.15437E-28  7.19118E+05  1.67358E-03  1.33107E+01
 -1.04575E+01  4.30351E-28  6.94721E+05  1.66191E-03  1.45193E+01
 -1.04108E+01  4.45266E-28  6.71958E+05  1.65103E-03  1.56470E+01
 -1.03640E+01  4.45266E-28  6.71958E+05  1.65103E-03  1.56470E+01
 -1.03172E+01  4.45266E-28  6.71958E+05  1.65103E-03  1.56470E+01
 -1.02704E+01  4.71579E-28  6.35827E+05  1.63391E-03  1.66606E+01
 -1.02236E+01  4.97893E-28  6.03516E+05  1.61860E-03  1.75671E+01
 -1.01768E+01  4.97893E-28  6.03516E+05  1.61860E-03  1.75671E+01
 -1.01300E+01  4.97893E-28  6.03516E+05  1.61860E-03  1.75671E+01
 -1.00832E+01  5.02788E-28  5.99355E+05  1.61408E-03  1.82017E+01
 -1.00364E+01  5.07683E-28  5.95274E+05  1.60965E-03  1.88241E+01
 -9.98965E+00  5.07683E-28  5.95274E+05  1.60965E-03  1.88241E+01
 -9.94286E+00  5.07683E-28  5.95274E+05  1.60965E-03  1.88241E+01
 -9.89607E+00  4.84074E-28  6.25745E+05  1.61925E-03  1.90468E+01
 -9.84928E+00  4.60465E-28  6.59340E+05  1.62984E-03  1.92923E+01
 -9.80249E+00  4.60465E-28  6.59340E+05  1.62984E-03  1.92923E+01
 -9.75570E+00  4.60465E-28  6.59340E+05  1.62984E-03  1.92923E+01
 -9.70891E+00  4.35994E-28  6.95860E+05  1.64352E-03  1.92890E+01
 -9.66212E+00  4.11523E-28  7.36723E+05  1.65883E-03  1.92854E+01
 -9.61533E+00  4.11523E-28  7.36723E+05  1.65883E-03  1.92854E+01
 -9.56854E+00  4.11523E-28  7.36723E+05  1.65883E-03  1.92854E+01
 -9.52175E+00  3.99557E-28  7.58082E+05  1.66790E-03  1.95322E+01
 -9.47496E+00  3.87592E-28  7.80760E+05  1.67753E-03  1.97943E+01
 -9.42817E+00  3.87592E-28  7.80760E+05  1.67753E-03  1.97943E+01
 -9.38138E+00  3.87592E-28  7.80760E+05  1.67753E-03  1.97943E+01
 -9.33459E+00  3.71053E-28  8.14874E+05  1.69292E-03  2.09814E+01
 -9.28780E+00  3.54514E-28  8.52172E+05  1.70974E-03  2.22792E+01
 -9.24101E+00  3.54514E-28  8.52172E+05  1.70974E-03  2.22792E+01
 -9.19422E+00  3.54514E-28  8.52172E+05  1.70974E-03  2.22792E+01
 -9.14743E+00  3.40078E-28  8.85860E+05  1.72521E-03  2.38579E+01
 -9.10064E+00  3.25643E-28  9.22536E+05  1.74205E-03  2.55766E+01
 -9.05385E+00  3.16652E-28  9.46865E+05  1.75317E-03  2.70562E+01
 -9.00706E+00  3.07662E-28  9.72616E+05  1.76493E-03  2.86223E+01
 -8.96027E+00  3.01294E-28  9.90609E+05  1.77329E-03  3.04613E+01
 -8.91348E+00  2.94926E-28  1.00938E+06  1.78200E-03  3.23797E+01
 -8.86669E+00  2.91386E-28  1.01813E+06  1.78651E-03  3.46205E+01
 -8.81990E+00  2.87846E-28  1.02709E+06  1.79113E-03  3.69163E+01
 -8.77311E+00  2.86271E-28  1.02742E+06  1.79136E-03  3.98271E+01
 -8.72632E+00  2.84695E-28  1.02774E+06  1.79160E-03  4.27700E+01
 -8.67953E+00  2.83622E-28  1.02303E+06  1.78893E-03  4.65357E+01
 -8.63274E+00  2.82548E-28  1.01828E+06  1.78624E-03  5.03301E+01
 -8.58595E+00  2.82567E-28  1.00566E+06  1.78199E-03  5.46681E+01
 -8.53916E+00  2.82585E-28  9.93045E+05  1.77775E-03  5.90056E+01
 -8.49237E+00  2.85908E-28  9.66331E+05  1.77110E-03  6.31240E+01
 -8.44558E+00  2.89230E-28  9.40230E+05  1.76461E-03  6.71477E+01
 -8.39879E+00  2.97417E-28  9.00373E+05  1.75353E-03  7.01602E+01
 -8.35200E+00  3.05605E-28  8.62651E+05  1.74305E-03  7.30113E+01
 -8.30521E+00  3.20825E-28  8.10684E+05  1.72680E-03  7.45055E+01
 -8.25842E+00  3.36046E-28  7.63424E+05  1.71201E-03  7.58644E+01
 -8.21163E+00  3.56279E-28  7.08819E+05  1.69252E-03  7.56717E+01
 -8.16484E+00  3.76513E-28  6.60082E+05  1.67512E-03  7.54996E+01
 -8.11805E+00  4.02498E-28  6.16305E+05  1.65494E-03  7.34918E+01
 -8.07126E+00  4.28483E-28  5.77837E+05  1.63720E-03  7.17275E+01
 -8.02447E+00  4.63895E-28  5.45595E+05  1.61722E-03  6.75388E+01
 -7.97768E+00  4.99307E-28  5.17927E+05  1.60008E-03  6.39442E+01
 -7.93089E+00  5.45729E-28  4.89343E+05  1.57957E-03  5.73666E+01
 -7.88410E+00  5.92150E-28  4.65241E+05  1.56228E-03  5.18202E+01
 -7.83731E+00  6.82223E-28  4.16580E+05  1.51562E-03  4.38195E+01
 -7.79052E+00  7.72295E-28  3.79269E+05  1.47984E-03  3.76850E+01
 -7.74373E+00  1.04021E-27  2.88690E+05  1.38457E-03  3.01448E+01
 -7.69694E+00  1.30812E-27  2.35213E+05  1.32833E-03  2.56931E+01
 -7.65015E+00  2.00462E-27  1.53362E+05  1.27178E-03  2.09202E+01
 -7.60336E+00  2.70113E-27  1.13723E+05  1.24439E-03  1.86088E+01
 -7.55657E+00  3.97859E-27  7.60822E+04  1.23303E-03  1.71247E+01
 -7.50978E+00  5.25605E-27  5.67385E+04  1.22720E-03  1.63620E+01
 -7.46299E+00  7.41018E-27  3.95583E+04  1.21473E-03  1.57185E+01
 -7.41620E+00  9.56432E-27  3.01169E+04  1.20788E-03  1.53648E+01
 -7.36941E+00  1.45010E-26  2.01550E+04  1.19932E-03  1.22792E+01
 -7.32262E+00  1.94377E-26  1.52533E+04  1.19511E-03  1.07609E+01
 -7.27583E+00  1.62906E-26  1.76986E+04  1.19990E-03  9.00707E+00
 -7.22904E+00  1.31435E-26  2.13150E+04  1.20698E-03  6.41328E+00
 -7.18225E+00  9.53530E-27  3.04303E+04  1.22590E-03  5.50821E+00
 -7.13546E+00  5.92712E-27  5.06435E+04  1.26784E-03  3.50120E+00
 -7.08867E+00  7.78856E-27  3.93955E+04  1.30517E-03  2.41917E+00
 -7.04188E+00  9.65000E-27  3.24870E+04  1.32810E-03  1.75459E+00
 -6.99509E+00  1.32918E-26  2.51413E+04  1.31024E-03  2.01293E+00
 -6.94830E+00  1.69335E-26  2.09552E+04  1.30007E-03  2.16016E+00
 -6.90151E+00  2.14047E-26  1.71026E+04  1.27093E-03  2.38621E+00
 -6.85472E+00  2.58760E-26  1.45815E+04  1.25186E-03  2.53414E+00
 -6.80793E+00  2.55736E-26  1.43052E+04  1.23512E-03  1.17228E+00
 -6.76114E+00  2.52713E-26  1.40224E+04  1.21797E-03 -2.22163E-01
 -6.71435E+00  2.19527E-26  1.42097E+04  1.21302E-03 -1.86280E+00
 -6.66756E+00  1.86342E-26  1.44638E+04  1.20631E-03 -4.08780E+00
 -6.62077E+00  1.58775E-26  1.45448E+04  1.20377E-03 -5.45955E+00
 -6.57398E+00  1.31208E-26  1.46598E+04  1.20015E-03 -7.40770E+00
 -6.52719E+00  1.20133E-26  1.44914E+04  1.19710E-03 -7.94189E+00
 -6.48040E+00  1.09058E-26  1.42888E+04  1.19342E-03 -8.58459E+00
 -6.43362E+00  1.06515E-26  1.41584E+04  1.19128E-03 -8.39762E+00
 -6.38683E+00  1.03972E-26  1.40217E+04  1.18902E-03 -8.20150E+00
 -6.34003E+00  1.04403E-26  1.40010E+04  1.18766E-03 -7.65959E+00
 -6.29325E+00  1.04834E-26  1.39806E+04  1.18631E-03 -7.12214E+00
 -6.24646E+00  1.07531E-26  1.40310E+04  1.18519E-03 -6.46332E+00
 -6.19967E+00  1.10228E-26  1.40790E+04  1.18412E-03 -5.83674E+00
 -6.15288E+00  1.16268E-26  1.41830E+04  1.18521E-03 -5.35040E+00
 -6.10609E+00  1.22307E-26  1.42767E+04  1.18620E-03 -4.91209E+00
 -6.05930E+00  1.33845E-26  1.43265E+04  1.19091E-03 -4.72941E+00
 -6.01251E+00  1.45382E-26  1.43684E+04  1.19487E-03 -4.57573E+00
 -5.96572E+00  1.60627E-26  1.42946E+04  1.19771E-03 -4.52952E+00
 -5.91893E+00  1.75872E-26  1.42335E+04  1.20006E-03 -4.49133E+00
 -5.87214E+00  1.88699E-26  1.40810E+04  1.19642E-03 -4.03878E+00
 -5.82535E+00  2.01526E-26  1.39479E+04  1.19325E-03 -3.64383E+00
 -5.77856E+00  2.03643E-26  1.39576E+04  1.19213E-03 -2.20608E+00
 -5.73177E+00  2.05759E-26  1.39671E+04  1.19104E-03 -7.97916E-01
 -5.68498E+00  1.92635E-26  1.42546E+04  1.20878E-03  1.39056E+00
 -5.63819E+00  1.79512E-26  1.45842E+04  1.22912E-03  3.89903E+00
 -5.59140E+00  1.58070E-26  1.43696E+04  1.23031E-03  5.09954E+00
 -5.54461E+00  1.36628E-26  1.40877E+04  1.23187E-03  6.67687E+00
 -5.49782E+00  1.24011E-26  1.42018E+04  1.22529E-03  6.18350E+00
 -5.45103E+00  1.11394E-26  1.43417E+04  1.21722E-03  5.57837E+00
 -5.40424E+00  1.34192E-26  1.42897E+04  1.20634E-03  2.06396E+00
 -5.35745E+00  1.56989E-26  1.42528E+04  1.19862E-03 -4.29745E-01
 -5.31066E+00  1.90996E-26  1.38346E+04  1.20380E-03 -3.08683E+00
 -5.26387E+00  2.25003E-26  1.35427E+04  1.20742E-03 -4.94074E+00
 -5.21708E+00  2.47116E-26  1.34435E+04  1.22975E-03 -5.62313E+00
 -5.17029E+00  2.69229E-26  1.33605E+04  1.24841E-03 -6.19343E+00
 -5.12350E+00  2.73895E-26  1.34333E+04  1.27312E-03 -6.54331E+00
 -5.07671E+00  2.78561E-26  1.35037E+04  1.29701E-03 -6.88147E+00
 -5.02992E+00  2.46408E-26  1.38671E+04  1.30438E-03 -7.85673E+00
 -4.98313E+00  2.14256E-26  1.43396E+04  1.31397E-03 -9.12470E+00
 -4.93634E+00  1.78946E-26  1.55554E+04  1.31489E-03 -1.08064E+01
 -4.88955E+00  1.43637E-26  1.73690E+04  1.31625E-03 -1.33148E+01
 -4.84276E+00  1.19312E-26  1.90438E+04  1.31655E-03 -1.48652E+01
 -4.79597E+00  9.49866E-27  2.15764E+04  1.31700E-03 -1.72097E+01
 -4.74918E+00  8.65187E-27  2.19615E+04  1.31667E-03 -1.79011E+01
 -4.70239E+00  7.80509E-27  2.24301E+04  1.31626E-03 -1.87424E+01
 -4.65560E+00  7.67691E-27  2.29040E+04  1.31530E-03 -1.88276E+01
 -4.60881E+00  7.54874E-27  2.33941E+04  1.31430E-03 -1.89155E+01
 -4.56202E+00  6.47984E-27  2.77616E+04  1.32235E-03 -2.00515E+01
 -4.51523E+00  4.88388E-27  3.68674E+04  1.33280E-03 -2.10753E+01
 -4.46844E+00  3.86343E-27  4.56805E+04  1.32981E-03 -1.87592E+01
 -4.42165E+00  3.08275E-27  5.75142E+04  1.32431E-03 -1.42271E+01
 -4.37486E+00  2.59987E-27  7.07941E+04  1.32053E-03 -9.39228E+00
 -4.32807E+00  2.12955E-27  9.24229E+04  1.32865E-03 -6.65800E+00
 -4.28128E+00  1.69598E-27  1.23605E+05  1.36734E-03 -6.68523E+00
 -4.23449E+00  2.37577E-27  9.13194E+04  1.38992E-03 -7.91177E+00
 -4.18770E+00  6.06956E-27  3.48118E+04  1.32057E-03 -8.82548E+00
 -4.14091E+00  1.08046E-26  1.82593E+04  1.26923E-03 -1.05088E+01
 -4.09412E+00  1.29677E-26  1.43356E+04  1.24314E-03 -1.27142E+01
 -4.04733E+00  1.32514E-26  1.34120E+04  1.23669E-03 -1.44237E+01
 -4.00054E+00  1.35772E-26  1.31389E+04  1.23376E-03 -1.47751E+01
 -3.95375E+00  1.43397E-26  1.32682E+04  1.22753E-03 -1.33365E+01
 -3.90696E+00  1.52313E-26  1.38730E+04  1.22120E-03 -1.00778E+01
 -3.86017E+00  1.56376E-26  1.49175E+04  1.21978E-03 -5.77153E+00
 -3.81338E+00  1.57748E-26  1.50651E+04  1.23094E-03 -1.75690E+00
 -3.76659E+00  1.56248E-26  1.46472E+04  1.25978E-03 -1.41480E-01
 -3.71980E+00  1.48732E-26  1.49928E+04  1.29201E-03 -1.09926E+00
 -3.67301E+00  1.46745E-26  1.49732E+04  1.31126E-03 -3.32536E+00
 -3.62622E+00  1.48478E-26  1.44579E+04  1.31694E-03 -5.96947E+00
 -3.57943E+00  1.44347E-26  1.42094E+04  1.31484E-03 -8.84173E+00
 -3.53264E+00  1.37427E-26  1.45934E+04  1.31364E-03 -1.10509E+01
 -3.48585E+00  1.26734E-26  1.66397E+04  1.31773E-03 -1.22658E+01
 -3.43906E+00  1.03578E-26  2.22866E+04  1.32876E-03 -1.36125E+01
 -3.39227E+00  6.58507E-27  3.64416E+04  1.35179E-03 -1.66339E+01
 -3.34548E+00  3.65650E-27  5.95997E+04  1.37829E-03 -2.21976E+01
 -3.29869E+00  3.33923E-27  5.44851E+04  1.35928E-03 -2.58592E+01
 -3.25190E+00  4.53926E-27  3.64911E+04  1.33204E-03 -2.49906E+01
 -3.20511E+00  6.14454E-27  2.92530E+04  1.32103E-03 -2.15305E+01
 -3.15832E+00  7.79855E-27  2.75668E+04  1.32071E-03 -1.74424E+01
 -3.11153E+00  9.38499E-27  2.69514E+04  1.32558E-03 -1.34541E+01
 -3.06474E+00  1.05153E-26  2.64360E+04  1.33371E-03 -1.00180E+01
 -3.01795E+00  1.08237E-26  2.67209E+04  1.34563E-03 -7.40266E+00
 -2.97116E+00  1.04585E-26  2.81382E+04  1.36098E-03 -5.40090E+00
 -2.92437E+00  1.04838E-26  2.86087E+04  1.36728E-03 -3.26956E+00
 -2.87758E+00  1.28909E-26  2.35541E+04  1.35174E-03 -2.76608E-01
 -2.83079E+00  1.69656E-26  1.72322E+04  1.33681E-03  2.95553E+00
 -2.78400E+00  1.97965E-26  1.40824E+04  1.33015E-03  5.85604E+00
 -2.73721E+00  2.05550E-26  1.33735E+04  1.32718E-03  7.87794E+00
 -2.69042E+00  2.00760E-26  1.34775E+04  1.32709E-03  8.85800E+00
 -2.64363E+00  1.95154E-26  1.38349E+04  1.32985E-03  8.56191E+00
 -2.59684E+00  1.85752E-26  1.44015E+04  1.33554E-03  5.55998E+00
 -2.55005E+00  1.46772E-26  1.52005E+04  1.33872E-03 -4.25373E-01
 -2.50326E+00  1.05651E-26  1.55054E+04  1.33704E-03 -9.05441E+00
 -2.45647E+00  1.09714E-26  1.51013E+04  1.33407E-03 -1.54053E+01
 -2.40968E+00  1.32059E-26  1.68795E+04  1.33604E-03 -1.91090E+01
 -2.36289E+00  1.07841E-26  2.56874E+04  1.35018E-03 -2.23860E+01
 -2.31610E+00  4.81933E-27  5.85284E+04  1.38291E-03 -2.62943E+01
 -2.26931E+00  1.59494E-27  1.60985E+05  1.43617E-03 -3.14493E+01
 -2.22252E+00  9.17989E-28  2.57409E+05  1.46799E-03 -3.47462E+01
 -2.17573E+00  7.66882E-28  2.89384E+05  1.48150E-03 -3.64296E+01
 -2.12894E+00  9.16744E-28  2.31024E+05  1.45937E-03 -3.45594E+01
 -2.08215E+00  1.58089E-27  1.30275E+05  1.40364E-03 -2.79631E+01
 -2.03536E+00  3.49208E-27  5.97665E+04  1.34670E-03 -1.92998E+01
 -1.98857E+00  6.93456E-27  3.21195E+04  1.31708E-03 -1.35774E+01
 -1.94178E+00  1.07770E-26  2.23001E+04  1.30507E-03 -1.04592E+01
 -1.89499E+00  1.41070E-26  1.78435E+04  1.30151E-03 -8.70213E+00
 -1.84820E+00  1.71865E-26  1.53151E+04  1.30020E-03 -7.68901E+00
 -1.80141E+00  1.98033E-26  1.41874E+04  1.29444E-03 -7.18191E+00
 -1.75462E+00  2.12742E-26  1.38204E+04  1.28775E-03 -6.95973E+00
 -1.70783E+00  2.16198E-26  1.36623E+04  1.28540E-03 -6.91599E+00
 -1.66104E+00  2.13243E-26  1.35959E+04  1.28569E-03 -7.23721E+00
 -1.61425E+00  2.08160E-26  1.36315E+04  1.28768E-03 -8.13675E+00
 -1.56746E+00  2.07482E-26  1.36463E+04  1.29108E-03 -9.18869E+00
 -1.52067E+00  2.12064E-26  1.36468E+04  1.29602E-03 -9.62174E+00
 -1.47388E+00  2.13803E-26  1.36787E+04  1.30246E-03 -9.57019E+00
 -1.42709E+00  2.09721E-26  1.36818E+04  1.30653E-03 -9.75955E+00
 -1.38030E+00  1.97608E-26  1.37297E+04  1.30765E-03 -1.08911E+01
 -1.33351E+00  1.73332E-26  1.43145E+04  1.31176E-03 -1.29271E+01
 -1.28672E+00  1.35325E-26  1.71674E+04  1.32298E-03 -1.46068E+01
 -1.23993E+00  8.41348E-27  2.76083E+04  1.34009E-03 -1.46499E+01
 -1.19314E+00  3.73017E-27  6.25546E+04  1.36400E-03 -1.26221E+01
 -1.14635E+00  1.38527E-27  1.64878E+05  1.40706E-03 -8.80900E+00
 -1.09956E+00  7.13830E-28  3.15937E+05  1.47259E-03 -6.87021E+00
 -1.05277E+00  5.16368E-28  4.36807E+05  1.53027E-03 -7.98947E+00
 -1.00598E+00  4.86909E-28  4.65234E+05  1.53410E-03 -1.01213E+01
 -9.59194E-01  6.61146E-28  3.44090E+05  1.45850E-03 -1.13392E+01
 -9.12404E-01  1.22073E-27  1.87863E+05  1.38851E-03 -1.12593E+01
 -8.65614E-01  2.28403E-27  1.00949E+05  1.36468E-03 -1.15533E+01
 -8.18824E-01  3.60274E-27  6.33477E+04  1.36234E-03 -1.34876E+01
 -7.72034E-01  5.17282E-27  4.29890E+04  1.36568E-03 -1.72755E+01
 -7.25244E-01  5.62885E-27  3.89030E+04  1.37022E-03 -2.13288E+01
 -6.78454E-01  4.32451E-27  5.06007E+04  1.37809E-03 -2.59218E+01
 -6.31664E-01  3.22227E-27  6.85948E+04  1.38583E-03 -3.02702E+01
 -5.84874E-01  2.79595E-27  8.15443E+04  1.38768E-03 -3.25133E+01
 -5.38084E-01  2.39119E-27  9.86850E+04  1.38846E-03 -3.28502E+01
 -4.91294E-01  1.98328E-27  1.22059E+05  1.39156E-03 -3.15389E+01
 -4.44504E-01  1.71192E-27  1.43603E+05  1.39698E-03 -2.98359E+01
 -3.97714E-01  1.59771E-27  1.54914E+05  1.40270E-03 -2.88757E+01
 -3.50924E-01  1.60382E-27  1.54237E+05  1.40687E-03 -2.86320E+01
 -3.04135E-01  1.74609E-27  1.40245E+05  1.40524E-03 -2.84219E+01
 -2.57345E-01  2.07691E-27  1.15906E+05  1.39375E-03 -2.75558E+01
 -2.10555E-01  2.58052E-27  9.21304E+04  1.37528E-03 -2.56966E+01
 -1.63765E-01  3.07919E-27  7.80290E+04  1.36019E-03 -2.33300E+01
 -1.16975E-01  3.08384E-27  8.11071E+04  1.35990E-03 -2.17392E+01
 -7.01849E-02  2.35400E-27  1.10878E+05  1.38147E-03 -2.13296E+01
 -2.33950E-02  1.61122E-27  1.66527E+05  1.41263E-03 -2.08155E+01
  2.33950E-02  1.47712E-27  1.84816E+05  1.41547E-03 -1.88961E+01
  7.01849E-02  1.63163E-27  1.69018E+05  1.40755E-03 -1.75252E+01
  1.16975E-01  1.68752E-27  1.64665E+05  1.40614E-03 -1.77743E+01
  1.63765E-01  1.66184E-27  1.67869E+05  1.41169E-03 -2.03893E+01
  2.10555E-01  2.05262E-27  1.35090E+05  1.41075E-03 -2.50259E+01
  2.57345E-01  3.39771E-27  7.96034E+04  1.39440E-03 -2.79337E+01
  3.04135E-01  4.84712E-27  5.46159E+04  1.38297E-03 -2.76193E+01
  3.50924E-01  4.76465E-27  5.62394E+04  1.38454E-03 -2.53463E+01
  3.97714E-01  3.25669E-27  8.46714E+04  1.39622E-03 -2.22812E+01
  4.44504E-01  2.03972E-27  1.37273E+05  1.40542E-03 -1.94294E+01
  4.91294E-01  1.88920E-27  1.47788E+05  1.39699E-03 -1.95773E+01
  5.38084E-01  2.32248E-27  1.21741E+05  1.39388E-03 -2.43149E+01
  5.84874E-01  2.23461E-27  1.33285E+05  1.42053E-03 -3.04446E+01
  6.31664E-01  1.30872E-27  2.35650E+05  1.47585E-03 -3.70385E+01
  6.78454E-01  6.92551E-28  4.42751E+05  1.53466E-03 -4.39995E+01
  7.25244E-01  5.96759E-28  5.07792E+05  1.55285E-03 -4.79044E+01
  7.72034E-01  5.04911E-28  5.94013E+05  1.59097E-03 -5.05273E+01
  8.18824E-01  4.09038E-28  7.28304E+05  1.65162E-03 -5.20896E+01
  8.65614E-01  3.54250E-28  8.40975E+05  1.71252E-03 -5.20195E+01
  9.12404E-01  3.23683E-28  9.24723E+05  1.76165E-03 -5.01652E+01
  9.59194E-01  3.07465E-28  9.79784E+05  1.79262E-03 -4.69950E+01
  1.00598E+00  3.01557E-28  1.00460E+06  1.80410E-03 -4.30774E+01
  1.05277E+00  3.05577E-28  9.94494E+05  1.79548E-03 -3.90292E+01
  1.09956E+00  3.22249E-28  9.43919E+05  1.76791E-03 -3.56311E+01
  1.14635E+00  3.48158E-28  8.73521E+05  1.73054E-03 -3.35476E+01
  1.19314E+00  3.74189E-28  8.13122E+05  1.69649E-03 -3.28568E+01
  1.23993E+00  3.95461E-28  7.71229E+05  1.67351E-03 -3.30168E+01
  1.28672E+00  4.16967E-28  7.33760E+05  1.65730E-03 -3.31961E+01
  1.33351E+00  4.52456E-28  6.77898E+05  1.63506E-03 -3.28046E+01
  1.38030E+00  5.26346E-28  5.83780E+05  1.59343E-03 -3.17584E+01
  1.42709E+00  6.71531E-28  4.58379E+05  1.53551E-03 -3.04023E+01
  1.47388E+00  8.68163E-28  3.54996E+05  1.48798E-03 -2.92271E+01
  1.52067E+00  1.00568E-27  3.06174E+05  1.46541E-03 -2.83245E+01
  1.56746E+00  9.92168E-28  3.09222E+05  1.46631E-03 -2.74870E+01
  1.61425E+00  8.66993E-28  3.52049E+05  1.48541E-03 -2.66136E+01
  1.66104E+00  7.36939E-28  4.12702E+05  1.51108E-03 -2.57592E+01
  1.70783E+00  6.66258E-28  4.56276E+05  1.52740E-03 -2.49814E+01
  1.75462E+00  6.82063E-28  4.46146E+05  1.52508E-03 -2.44342E+01
  1.80141E+00  8.09957E-28  3.75751E+05  1.50824E-03 -2.43850E+01
  1.84820E+00  1.04261E-27  2.91394E+05  1.49111E-03 -2.50474E+01
  1.89499E+00  1.27751E-27  2.37032E+05  1.48313E-03 -2.65041E+01
  1.94178E+00  1.36163E-27  2.21664E+05  1.48515E-03 -2.87866E+01
  1.98857E+00  1.23218E-27  2.43647E+05  1.49557E-03 -3.22030E+01
  2.03536E+00  9.58862E-28  3.11279E+05  1.51814E-03 -3.70520E+01
  2.08215E+00  6.81140E-28  4.37920E+05  1.55615E-03 -4.25335E+01
  2.12894E+00  5.26332E-28  5.67388E+05  1.58151E-03 -4.65150E+01
  2.17573E+00  5.43310E-28  5.48432E+05  1.55447E-03 -4.77064E+01
  2.22252E+00  6.64008E-28  4.46669E+05  1.51107E-03 -4.74688E+01
  2.26931E+00  7.66853E-28  3.85677E+05  1.48400E-03 -4.69728E+01
  2.31610E+00  7.92933E-28  3.73447E+05  1.47321E-03 -4.63097E+01
  2.36289E+00  7.42220E-28  4.00289E+05  1.47671E-03 -4.55498E+01
  2.40968E+00  6.25308E-28  4.76391E+05  1.50519E-03 -4.50264E+01
  2.45647E+00  4.82759E-28  6.17797E+05  1.58153E-03 -4.48701E+01
  2.50326E+00  3.72132E-28  8.01359E+05  1.69172E-03 -4.47804E+01
  2.55005E+00  3.13559E-28  9.50212E+05  1.76936E-03 -4.43881E+01
  2.59684E+00  2.94173E-28  1.01138E+06  1.78871E-03 -4.38193E+01
  2.64363E+00  2.95226E-28  1.00571E+06  1.77304E-03 -4.35980E+01
  2.69042E+00  2.99369E-28  9.89980E+05  1.75560E-03 -4.40449E+01
  2.73721E+00  2.94607E-28  1.00495E+06  1.75716E-03 -4.52442E+01
  2.78400E+00  2.81536E-28  1.05070E+06  1.77740E-03 -4.71801E+01
  2.83079E+00  2.68644E-28  1.09983E+06  1.80212E-03 -4.96181E+01
  2.87758E+00  2.61165E-28  1.12952E+06  1.81794E-03 -5.21105E+01
  2.92437E+00  2.58310E-28  1.13965E+06  1.82229E-03 -5.42526E+01
  2.97116E+00  2.58711E-28  1.13524E+06  1.81685E-03 -5.58670E+01
  3.01795E+00  2.62502E-28  1.11622E+06  1.80345E-03 -5.69146E+01
  3.06474E+00  2.70260E-28  1.08199E+06  1.78407E-03 -5.73957E+01
  3.11153E+00  2.81780E-28  1.03622E+06  1.76080E-03 -5.73520E+01
  3.15832E+00  2.95179E-28  9.88397E+05  1.73730E-03 -5.69056E+01
  3.20511E+00  3.07802E-28  9.47806E+05  1.71717E-03 -5.62505E+01
  3.25190E+00  3.17960E-28  9.18070E+05  1.70214E-03 -5.55957E+01
  3.29869E+00  3.25378E-28  8.98149E+05  1.69206E-03 -5.50850E+01
  3.34548E+00  3.30500E-28  8.85593E+05  1.68584E-03 -5.47594E+01
  3.39227E+00  3.33874E-28  8.78275E+05  1.68216E-03 -5.45725E+01
  3.43906E+00  3.36003E-28  8.74560E+05  1.67999E-03 -5.44247E+01
  3.48585E+00  3.37265E-28  8.73270E+05  1.67876E-03 -5.42033E+01
  3.53264E+00  3.37862E-28  8.73731E+05  1.67824E-03 -5.38194E+01
  3.57943E+00  3.37960E-28  8.75406E+05  1.67827E-03 -5.32255E+01
  3.62622E+00  3.37721E-28  8.77837E+05  1.67874E-03 -5.24204E+01
  3.67301E+00  3.37230E-28  8.80814E+05  1.67956E-03 -5.14405E+01
  3.71980E+00  3.36596E-28  8.84060E+05  1.68054E-03 -5.03478E+01
  3.76659E+00  3.35890E-28  8.87377E+05  1.68145E-03 -4.92202E+01
  3.81338E+00  3.35022E-28  8.91006E+05  1.68228E-03 -4.81393E+01
  3.86017E+00  3.33677E-28  8.95787E+05  1.68326E-03 -4.71846E+01
  3.90696E+00  3.31293E-28  9.03289E+05  1.68492E-03 -4.64296E+01
  3.95375E+00  3.27071E-28  9.15892E+05  1.68823E-03 -4.59360E+01
  4.00054E+00  3.20127E-28  9.36604E+05  1.69480E-03 -4.57481E+01
  4.04733E+00  3.09730E-28  9.68789E+05  1.70712E-03 -4.58925E+01
  4.09412E+00  2.96079E-28  1.01410E+06  1.72886E-03 -4.63739E+01
  4.14091E+00  2.80613E-28  1.07052E+06  1.76211E-03 -4.71716E+01
  4.18770E+00  2.65269E-28  1.13291E+06  1.80323E-03 -4.82154E+01
  4.23449E+00  2.52143E-28  1.19242E+06  1.84372E-03 -4.93537E+01
  4.28128E+00  2.43150E-28  1.23716E+06  1.87433E-03 -5.03885E+01
  4.32807E+00  2.39001E-28  1.25937E+06  1.89004E-03 -5.11679E+01
  4.37486E+00  2.38629E-28  1.26211E+06  1.89288E-03 -5.16457E+01
  4.42165E+00  2.39912E-28  1.25611E+06  1.88972E-03 -5.18755E+01
  4.46844E+00  2.40931E-28  1.25147E+06  1.88729E-03 -5.19599E+01
  4.51523E+00  2.40626E-28  1.25356E+06  1.88945E-03 -5.20007E+01
  4.56202E+00  2.38744E-28  1.26379E+06  1.89724E-03 -5.20706E+01
  4.60881E+00  2.34906E-28  1.28366E+06  1.91185E-03 -5.22564E+01
  4.65560E+00  2.32394E-28  1.29661E+06  1.92133E-03 -5.23959E+01
  4.70239E+00  2.26810E-28  1.32837E+06  1.94279E-03 -5.27971E+01
  4.74918E+00  2.21226E-28  1.36173E+06  1.96532E-03 -5.32186E+01
  4.79597E+00  2.18694E-28  1.37720E+06  1.97523E-03 -5.35514E+01
  4.84276E+00  2.16161E-28  1.39303E+06  1.98536E-03 -5.38919E+01
  4.88955E+00  2.15128E-28  1.39954E+06  1.98925E-03 -5.40849E+01
  4.93634E+00  2.14095E-28  1.40612E+06  1.99317E-03 -5.42797E+01
  4.98313E+00  2.13625E-28  1.40923E+06  1.99472E-03 -5.42944E+01
  5.02992E+00  2.13156E-28  1.41236E+06  1.99628E-03 -5.43092E+01
  5.07671E+00  2.12871E-28  1.41422E+06  1.99707E-03 -5.41583E+01
  5.12350E+00  2.12587E-28  1.41609E+06  1.99786E-03 -5.40071E+01
  5.17029E+00  2.12420E-28  1.41700E+06  1.99826E-03 -5.37305E+01
  5.21708E+00  2.12253E-28  1.41791E+06  1.99865E-03 -5.34535E+01
  5.26387E+00  2.12182E-28  1.41809E+06  1.99881E-03 -5.31127E+01
  5.31066E+00  2.12111E-28  1.41827E+06  1.99897E-03 -5.27717E+01
  5.35745E+00  2.12128E-28  1.41793E+06  1.99895E-03 -5.24003E+01
  5.40424E+00  2.12146E-28  1.41760E+06  1.99893E-03 -5.20289E+01
  5.45103E+00  2.12288E-28  1.41666E+06  1.99868E-03 -5.16404E+01
  5.49782E+00  2.12431E-28  1.41573E+06  1.99843E-03 -5.12525E+01
  5.54461E+00  2.12791E-28  1.41371E+06  1.99778E-03 -5.08619E+01
  5.59140E+00  2.13151E-28  1.41170E+06  1.99714E-03 -5.04725E+01
  5.63819E+00  2.13858E-28  1.40778E+06  1.99567E-03 -5.00963E+01
  5.68498E+00  2.14564E-28  1.40389E+06  1.99421E-03 -4.97226E+01
  5.73177E+00  2.15744E-28  1.39733E+06  1.99121E-03 -4.93715E+01
  5.77856E+00  2.16923E-28  1.39083E+06  1.98824E-03 -4.90242E+01
  5.82535E+00  2.18944E-28  1.37937E+06  1.98250E-03 -4.87001E+01
  5.87214E+00  2.20965E-28  1.36811E+06  1.97685E-03 -4.83819E+01
  5.91893E+00  2.23937E-28  1.35147E+06  1.96799E-03 -4.80838E+01
  5.96572E+00  2.26909E-28  1.33526E+06  1.95936E-03 -4.77935E+01
  6.01251E+00  2.30494E-28  1.31597E+06  1.94846E-03 -4.75263E+01
  6.05930E+00  2.34079E-28  1.29727E+06  1.93789E-03 -4.72673E+01
  6.10609E+00  2.36992E-28  1.28255E+06  1.92880E-03 -4.70555E+01
  6.15288E+00  2.39904E-28  1.26819E+06  1.91992E-03 -4.68488E+01
  6.19967E+00  2.40892E-28  1.26394E+06  1.91623E-03 -4.67055E+01
  6.24646E+00  2.41880E-28  1.25972E+06  1.91258E-03 -4.65634E+01
  6.29325E+00  2.40819E-28  1.26592E+06  1.91543E-03 -4.64298E+01
  6.34003E+00  2.39757E-28  1.27216E+06  1.91830E-03 -4.62949E+01
  6.38683E+00  2.37855E-28  1.28296E+06  1.92527E-03 -4.60251E+01
  6.43362E+00  2.35953E-28  1.29393E+06  1.93234E-03 -4.57509E+01
  6.48040E+00  2.34146E-28  1.30471E+06  1.93973E-03 -4.51609E+01
  6.52719E+00  2.32338E-28  1.31566E+06  1.94723E-03 -4.45618E+01
  6.57398E+00  2.30809E-28  1.32460E+06  1.95299E-03 -4.35811E+01
  6.62077E+00  2.29281E-28  1.33365E+06  1.95882E-03 -4.25873E+01
  6.66756E+00  2.27993E-28  1.34133E+06  1.96192E-03 -4.13721E+01
  6.71435E+00  2.26705E-28  1.34910E+06  1.96505E-03 -4.01430E+01
  6.76114E+00  2.26011E-28  1.35328E+06  1.96588E-03 -3.89631E+01
  6.80793E+00  2.25317E-28  1.35749E+06  1.96672E-03 -3.77760E+01
  6.85472E+00  2.24995E-28  1.35898E+06  1.96693E-03 -3.68635E+01
  6.90151E+00  2.24672E-28  1.36048E+06  1.96714E-03 -3.59485E+01
  6.94830E+00  2.24173E-28  1.36336E+06  1.96835E-03 -3.53840E+01
  6.99509E+00  2.23673E-28  1.36625E+06  1.96956E-03 -3.48169E+01
  7.04188E+00  2.22889E-28  1.37088E+06  1.97172E-03 -3.45122E+01
  7.08867E+00  2.22105E-28  1.37555E+06  1.97390E-03 -3.42054E+01
  7.13546E+00  2.21262E-28  1.38070E+06  1.97637E-03 -3.40433E+01
  7.18225E+00  2.20418E-28  1.38588E+06  1.97886E-03 -3.38800E+01
  7.22904E+00  2.19698E-28  1.39042E+06  1.98112E-03 -3.37742E+01
  7.27583E+00  2.18977E-28  1.39498E+06  1.98338E-03 -3.36677E+01
  7.32262E+00  2.18449E-28  1.39849E+06  1.98516E-03 -3.35747E+01
  7.36941E+00  2.17921E-28  1.40201E+06  1.98694E-03 -3.34813E+01
  7.41620E+00  2.17561E-28  1.40455E+06  1.98823E-03 -3.33783E+01
  7.46299E+00  2.17202E-28  1.40711E+06  1.98953E-03 -3.32750E+01
  7.50978E+00  2.16962E-28  1.40897E+06  1.99047E-03 -3.31518E+01
  7.55657E+00  2.16722E-28  1.41084E+06  1.99141E-03 -3.30283E+01
  7.60336E+00  2.16561E-28  1.41227E+06  1.99210E-03 -3.28834E+01
  7.65015E+00  2.16400E-28  1.41370E+06  1.99280E-03 -3.27383E+01
  7.69694E+00  2.16296E-28  1.41483E+06  1.99332E-03 -3.25764E+01
  7.74373E+00  2.16193E-28  1.41595E+06  1.99384E-03 -3.24144E+01
  7.79052E+00  2.16133E-28  1.41684E+06  1.99423E-03 -3.22424E+01
  7.83731E+00  2.16073E-28  1.41772E+06  1.99461E-03 -3.20703E+01
  7.88410E+00  2.16044E-28  1.41844E+06  1.99491E-03 -3.18936E+01
  7.93089E+00  2.16015E-28  1.41915E+06  1.99521E-03 -3.17169E+01
  7.97768E+00  2.16002E-28  1.41975E+06  1.99546E-03 -3.15394E+01
  8.02447E+00  2.15988E-28  1.42035E+06  1.99571E-03 -3.13618E+01
  8.07126E+00  2.15979E-28  1.42086E+06  1.99593E-03 -3.11853E+01
  8.11805E+00  2.15970E-28  1.42137E+06  1.99615E-03 -3.10089E+01
  8.16484E+00  2.15960E-28  1.42182E+06  1.99636E-03 -3.08336E+01
  8.21163E+00  2.15949E-28  1.42226E+06  1.99657E-03 -3.06583E+01
  8.25842E+00  2.15935E-28  1.42265E+06  1.99677E-03 -3.04841E+01
  8.30521E+00  2.15920E-28  1.42303E+06  1.99697E-03 -3.03099E+01
  8.35200E+00  2.15902E-28  1.42336E+06  1.99716E-03 -3.01379E+01
  8.39879E+00  2.15883E-28  1.42369E+06  1.99734E-03 -2.99659E+01
  8.44558E+00  2.15861E-28  1.42396E+06  1.99752E-03 -2.97987E+01
  8.49237E+00  2.15839E-28  1.42423E+06  1.99769E-03 -2.96316E+01
  8.53916E+00  2.15814E-28  1.42445E+06  1.99784E-03 -2.94734E+01
  8.58595E+00  2.15789E-28  1.42468E+06  1.99800E-03 -2.93153E+01
  8.63274E+00  2.15762E-28  1.42485E+06  1.99813E-03 -2.91709E+01
  8.67953E+00  2.15735E-28  1.42502E+06  1.99826E-03 -2.90265E+01
  8.72632E+00  2.15708E-28  1.42514E+06  1.99837E-03 -2.89004E+01
  8.77311E+00  2.15680E-28  1.42527E+06  1.99849E-03 -2.87742E+01
  8.81990E+00  2.15654E-28  1.42535E+06  1.99858E-03 -2.86692E+01
  8.86669E+00  2.15627E-28  1.42544E+06  1.99868E-03 -2.85641E+01
  8.91348E+00  2.15604E-28  1.42550E+06  1.99876E-03 -2.84811E+01
  8.96027E+00  2.15581E-28  1.42556E+06  1.99884E-03 -2.83980E+01
  9.00706E+00  2.15565E-28  1.42563E+06  1.99892E-03 -2.83334E+01
  9.05385E+00  2.15549E-28  1.42569E+06  1.99899E-03 -2.82688E+01
  9.10064E+00  2.15540E-28  1.42575E+06  1.99906E-03 -2.82187E+01
  9.14743E+00  2.15532E-28  1.42582E+06  1.99912E-03 -2.81685E+01
  9.19422E+00  2.15574E-28  1.42613E+06  1.99921E-03 -2.80219E+01
  9.24101E+00  2.15617E-28  1.42644E+06  1.99930E-03 -2.78753E+01
  9.28780E+00  2.15617E-28  1.42644E+06  1.99930E-03 -2.78753E+01
  9.33459E+00  2.15617E-28  1.42644E+06  1.99930E-03 -2.78753E+01
  9.38138E+00  2.15684E-28  1.42679E+06  1.99941E-03 -2.77438E+01
  9.42817E+00  2.15752E-28  1.42714E+06  1.99951E-03 -2.76124E+01
  9.47496E+00  2.15752E-28  1.42714E+06  1.99951E-03 -2.76124E+01
  9.52175E+00  2.15752E-28  1.42714E+06  1.99951E-03 -2.76124E+01
  9.56854E+00  2.15862E-28  1.42761E+06  1.99958E-03 -2.74241E+01
  9.61533E+00  2.15972E-28  1.42808E+06  1.99966E-03 -2.72360E+01
  9.66212E+00  2.15972E-28  1.42808E+06  1.99966E-03 -2.72360E+01
  9.70891E+00  2.15972E-28  1.42808E+06  1.99966E-03 -2.72360E+01
  9.75570E+00  2.16100E-28  1.42860E+06  1.99972E-03 -2.69733E+01
  9.80249E+00  2.16227E-28  1.42911E+06  1.99977E-03 -2.67109E+01
  9.84928E+00  2.16227E-28  1.42911E+06  1.99977E-03 -2.67109E+01
  9.89607E+00  2.16227E-28  1.42911E+06  1.99977E-03 -2.67109E+01
  9.94286E+00  2.16349E-28  1.42960E+06  1.99981E-03 -2.63801E+01
  9.98965E+00  2.16472E-28  1.43009E+06  1.99985E-03 -2.60497E+01
  1.00364E+01  2.16472E-28  1.43009E+06  1.99985E-03 -2.60497E+01
  1.00832E+01  2.16472E-28  1.43009E+06  1.99985E-03 -2.60497E+01
  1.01300E+01  2.16571E-28  1.43047E+06  1.99987E-03 -2.56707E+01
  1.01768E+01  2.16670E-28  1.43085E+06  1.99989E-03 -2.52920E+01
  1.02236E+01  2.16670E-28  1.43085E+06  1.99989E-03 -2.52920E+01
  1.02704E+01  2.16670E-28  1.43085E+06  1.99989E-03 -2.52920E+01
  1.03172E+01  2.16733E-28  1.43106E+06  1.99991E-03 -2.48994E+01
  1.03640E+01  2.16796E-28  1.43128E+06  1.99992E-03 -2.45071E+01
  1.04108E+01  2.16796E-28  1.43128E+06  1.99992E-03 -2.45071E+01
  1.04575E+01  2.16796E-28  1.43128E+06  1.99992E-03 -2.45071E+01
  1.05043E+01  2.16818E-28  1.43132E+06  1.99993E-03 -2.41391E+01
  1.05511E+01  2.16840E-28  1.43136E+06  1.99994E-03 -2.37712E+01
  1.05979E+01  2.16840E-28  1.43136E+06  1.99994E-03 -2.37712E+01
  1.06447E+01  2.16840E-28  1.43136E+06  1.99994E-03 -2.37712E+01
  1.06915E+01  2.16832E-28  1.43128E+06  1.99995E-03 -2.34451E+01
  1.07383E+01  2.16823E-28  1.43120E+06  1.99996E-03 -2.31191E+01
  1.07851E+01  2.16823E-28  1.43120E+06  1.99996E-03 -2.31191E+01
  1.08319E+01  2.16823E-28  1.43120E+06  1.99996E-03 -2.31191E+01
  1.08787E+01  2.16796E-28  1.43106E+06  1.99996E-03 -2.28266E+01
  1.09254E+01  2.16770E-28  1.43092E+06  1.99997E-03 -2.25340E+01
  1.09722E+01  2.16770E-28  1.43092E+06  1.99997E-03 -2.25340E+01
  1.10190E+01  2.16770E-28  1.43092E+06  1.99997E-03 -2.25340E+01
  1.10658E+01  2.16745E-28  1.43079E+06  1.99997E-03 -2.22559E+01
  1.11126E+01  2.16719E-28  1.43067E+06  1.99998E-03 -2.19776E+01
  1.11594E+01  2.16719E-28  1.43067E+06  1.99998E-03 -2.19776E+01
  1.12062E+01  2.16719E-28  1.43067E+06  1.99998E-03 -2.19776E+01
  1.12530E+01  2.16713E-28  1.43063E+06  1.99998E-03 -2.16954E+01
  1.12998E+01  2.16706E-28  1.43059E+06  1.99999E-03 -2.14131E+01
  1.13466E+01  2.16706E-28  1.43059E+06  1.99999E-03 -2.14131E+01
  1.13933E+01  2.16706E-28  1.43059E+06  1.99999E-03 -2.14131E+01
  1.14401E+01  2.16729E-28  1.43069E+06  1.99999E-03 -2.11160E+01
  1.14869E+01  2.16753E-28  1.43079E+06  1.99999E-03 -2.08189E+01
  1.15337E+01  2.16753E-28  1.43079E+06  1.99999E-03 -2.08189E+01
  1.15805E+01  2.16753E-28  1.43079E+06  1.99999E-03 -2.08189E+01
  1.16273E+01  2.16807E-28  1.43103E+06  1.99999E-03 -2.05063E+01
  1.16741E+01  2.16862E-28  1.43126E+06  1.99999E-03 -2.01939E+01
  1.17209E+01  2.16862E-28  1.43126E+06  1.99999E-03 -2.01939E+01
  1.17677E+01  2.16862E-28  1.43126E+06  1.99999E-03 -2.01939E+01
  1.18145E+01  2.16939E-28  1.43160E+06  1.99999E-03 -1.98735E+01
  1.18612E+01  2.17016E-28  1.43194E+06  1.99999E-03 -1.95533E+01
  1.19080E+01  2.17016E-28  1.43194E+06  1.99999E-03 -1.95533E+01
  1.19548E+01  2.17016E-28  1.43194E+06  1.99999E-03 -1.95533E+01
  1.20016E+01  2.17101E-28  1.43231E+06  2.00000E-03 -1.92361E+01
  1.20484E+01  2.17187E-28  1.43269E+06  2.00000E-03 -1.89192E+01
  1.20952E+01  2.17187E-28  1.43269E+06  2.00000E-03 -1.89192E+01
  1.21420E+01  2.17187E-28  1.43269E+06  2.00000E-03 -1.89192E+01
  1.21888E+01  2.17264E-28  1.43302E+06  2.00000E-03 -1.86177E+01
  1.22356E+01  2.17341E-28  1.43336E+06  2.00000E-03 -1.83164E+01
  1.22824E+01  2.17341E-28  1.43336E+06  2.00000E-03 -1.83164E+01
  1.23291E+01  2.17341E-28  1.43336E+06  2.00000E-03 -1.83164E+01
  1.23759E+01  2.17399E-28  1.43362E+06  2.00000E-03 -1.80418E+01
  1.24227E+01  2.17458E-28  1.43387E+06  2.00000E-03 -1.77673E+01
  1.24695E+01  2.17458E-28  1.43387E+06  2.00000E-03 -1.77673E+01
  1.25163E+01  2.17458E-28  1.43387E+06  2.00000E-03 -1.77673E+01
  1.25631E+01  2.17496E-28  1.43404E+06  2.00000E-03 -1.75253E+01
  1.26099E+01  2.17533E-28  1.43420E+06  2.00000E-03 -1.72833E+01
  1.26567E+01  2.17533E-28  1.43420E+06  2.00000E-03 -1.72833E+01
  1.27035E+01  2.17533E-28  1.43420E+06  2.00000E-03 -1.72833E+01
  1.27503E+01  2.17555E-28  1.43429E+06  2.00000E-03 -1.70715E+01
  1.27970E+01  2.17577E-28  1.43438E+06  2.00000E-03 -1.68596E+01
  1.28438E+01  2.17577E-28  1.43438E+06  2.00000E-03 -1.68596E+01
  1.28906E+01  2.17577E-28  1.43438E+06  2.00000E-03 -1.68596E+01
  1.29374E+01  2.17590E-28  1.43444E+06  2.00000E-03 -1.66683E+01
  1.29842E+01  2.17603E-28  1.43449E+06  2.00000E-03 -1.64769E+01
  1.30310E+01  2.17603E-28  1.43449E+06  2.00000E-03 -1.64769E+01
  1.30778E+01  2.17603E-28  1.43449E+06  2.00000E-03 -1.64769E+01
  1.31246E+01  2.17612E-28  1.43453E+06  2.00000E-03 -1.62937E+01
  1.31714E+01  2.17621E-28  1.43457E+06  2.00000E-03 -1.61106E+01
  1.32182E+01  2.17621E-28  1.43457E+06  2.00000E-03 -1.61106E+01
  1.32649E+01  2.17621E-28  1.43457E+06  2.00000E-03 -1.61106E+01
  1.33117E+01  2.17627E-28  1.43459E+06  2.00000E-03 -1.59281E+01
  1.33585E+01  2.17634E-28  1.43461E+06  2.00000E-03 -1.57456E+01
  1.34053E+01  2.17634E-28  1.43461E+06  2.00000E-03 -1.57456E+01
  1.34521E+01  2.17634E-28  1.43461E+06  2.00000E-03 -1.57456E+01
  1.34989E+01  2.17633E-28  1.43460E+06  2.00000E-03 -1.55667E+01
  1.35457E+01  2.17632E-28  1.43459E+06  2.00000E-03 -1.53878E+01
  1.35925E+01  2.17632E-28  1.43459E+06  2.00000E-03 -1.53878E+01
  1.36393E+01  2.17632E-28  1.43459E+06  2.00000E-03 -1.53878E+01
  1.36861E+01  2.17622E-28  1.43455E+06  2.00000E-03 -1.52204E+01
  1.37328E+01  2.17612E-28  1.43452E+06  2.00000E-03 -1.50531E+01
  1.37796E+01  2.17612E-28  1.43452E+06  2.00000E-03 -1.50531E+01
  1.38264E+01  2.17612E-28  1.43452E+06  2.00000E-03 -1.50531E+01
  1.38732E+01  2.17565E-28  1.43432E+06  2.00000E-03 -1.48510E+01
  1.39200E+01  2.17519E-28  1.43412E+06  2.00000E-03 -1.46488E+01
  1.39668E+01  2.17519E-28  1.43412E+06  2.00000E-03 -1.46488E+01
  1.40136E+01  2.17519E-28  1.43412E+06  2.00000E-03 -1.46488E+01
  1.40604E+01  2.17519E-28  1.43412E+06  2.00000E-03 -1.46488E+01
  1.41072E+01  2.17519E-28  1.43412E+06  2.00000E-03 -1.46488E+01
  1.41540E+01  2.17519E-28  1.43412E+06  2.00000E-03 -1.46488E+01
  1.42007E+01  2.17519E-28  1.43412E+06  2.00000E-03 -1.46488E+01
  1.42475E+01  2.17340E-28  1.43332E+06  2.00000E-03 -1.44579E+01
  1.42943E+01  2.17162E-28  1.43252E+06  2.00000E-03 -1.42666E+01
  1.43411E+01  2.17162E-28  1.43252E+06  2.00000E-03 -1.42666E+01
  1.43879E+01  2.17162E-28  1.43252E+06  2.00000E-03 -1.42666E+01
  1.44347E+01  2.17162E-28  1.43252E+06  2.00000E-03 -1.42666E+01
  1.44815E+01  2.17162E-28  1.43252E+06  2.00000E-03 -1.42666E+01
  1.45283E+01  2.17162E-28  1.43252E+06  2.00000E-03 -1.42666E+01
  1.45751E+01  2.17162E-28  1.43252E+06  2.00000E-03 -1.42666E+01
  1.46219E+01  2.16956E-28  1.43161E+06  2.00000E-03 -1.41412E+01
  1.46686E+01  2.16749E-28  1.43071E+06  2.00000E-03 -1.40155E+01
  1.47154E+01  2.16749E-28  1.43071E+06  2.00000E-03 -1.40155E+01
  1.47622E+01  2.16749E-28  1.43071E+06  2.00000E-03 -1.40155E+01
  1.48090E+01  2.16749E-28  1.43071E+06  2.00000E-03 -1.40155E+01
  1.48558E+01  2.16749E-28  1.43071E+06  2.00000E-03 -1.40155E+01
  1.49026E+01  2.16749E-28  1.43071E+06  2.00000E-03 -1.40155E+01
  1.49494E+01  2.16749E-28  1.43071E+06  2.00000E-03 -1.40155E+01
  1.49962E+01  2.16579E-28  1.42996E+06  2.00000E-03 -1.38775E+01
  1.50430E+01  2.16409E-28  1.42921E+06  2.00000E-03 -1.37392E+01
  1.50898E+01  2.16409E-28  1.42921E+06  2.00000E-03 -1.37392E+01
  1.51365E+01  2.16409E-28  1.42921E+06  2.00000E-03 -1.37392E+01
  1.51833E+01  2.16409E-28  1.42921E+06  2.00000E-03 -1.37392E+01
  1.52301E+01  2.16409E-28  1.42921E+06  2.00000E-03 -1.37392E+01
  1.52769E+01  2.16409E-28  1.42921E+06  2.00000E-03 -1.37392E+01
  1.53237E+01  2.16409E-28  1.42921E+06  2.00000E-03 -1.37392E+01
  1.53705E+01  2.16329E-28  1.42886E+06  2.00000E-03 -1.35582E+01
  1.54173E+01  2.16249E-28  1.42851E+06  2.00000E-03 -1.33771E+01
  1.54641E+01  2.16249E-28  1.42851E+06  2.00000E-03 -1.33771E+01
  1.55109E+01  2.16249E-28  1.42851E+06  2.00000E-03 -1.33771E+01
  1.55577E+01  2.16249E-28  1.42851E+06  2.00000E-03 -1.33771E+01
  1.56044E+01  2.16249E-28  1.42851E+06  2.00000E-03 -1.33771E+01
  1.56512E+01  2.16249E-28  1.42851E+06  2.00000E-03 -1.33771E+01
  1.56980E+01  2.16249E-28  1.42851E+06  2.00000E-03 -1.33771E+01
  1.57448E+01  2.16251E-28  1.42852E+06  2.00000E-03 -1.31556E+01
  1.57916E+01  2.16253E-28  1.42853E+06  2.00000E-03 -1.29341E+01
  1.58384E+01  2.16253E-28  1.42853E+06  2.00000E-03 -1.29341E+01
  1.58852E+01  2.16253E-28  1.42853E+06  2.00000E-03 -1.29341E+01
  1.59320E+01  2.16253E-28  1.42853E+06  2.00000E-03 -1.29341E+01
  1.59788E+01  2.16253E-28  1.42853E+06  2.00000E-03 -1.29341E+01
  1.60256E+01  2.16253E-28  1.42853E+06  2.00000E-03 -1.29341E+01
  1.60723E+01  2.16253E-28  1.42853E+06  2.00000E-03 -1.29341E+01
  1.61191E+01  2.16308E-28  1.42877E+06  2.00000E-03 -1.26960E+01
  1.61659E+01  2.16362E-28  1.42901E+06  2.00000E-03 -1.24580E+01
  1.62127E+01  2.16362E-28  1.42901E+06  2.00000E-03 -1.24580E+01
  1.62595E+01  2.16362E-28  1.42901E+06  2.00000E-03 -1.24580E+01
  1.63063E+01  2.16362E-28  1.42901E+06  2.00000E-03 -1.24580E+01
  1.63531E+01  2.16362E-28  1.42901E+06  2.00000E-03 -1.24580E+01
  1.63999E+01  2.16362E-28  1.42901E+06  2.00000E-03 -1.24580E+01
  1.64467E+01  2.16362E-28  1.42901E+06  2.00000E-03 -1.24580E+01
  1.64935E+01  2.16435E-28  1.42933E+06  2.00000E-03 -1.22269E+01
  1.65402E+01  2.16507E-28  1.42964E+06  2.00000E-03 -1.19959E+01
  1.65870E+01  2.16507E-28  1.42964E+06  2.00000E-03 -1.19959E+01
  1.66338E+01  2.16507E-28  1.42964E+06  2.00000E-03 -1.19959E+01
  1.66806E+01  2.16507E-28  1.42964E+06  2.00000E-03 -1.19959E+01
  1.67274E+01  2.16507E-28  1.42964E+06  2.00000E-03 -1.19959E+01
  1.67742E+01  2.16507E-28  1.42964E+06  2.00000E-03 -1.19959E+01
  1.68210E+01  2.16507E-28  1.42964E+06  2.00000E-03 -1.19959E+01
  1.68678E+01  2.16574E-28  1.42993E+06  2.00000E-03 -1.17878E+01
  1.69146E+01  2.16641E-28  1.43022E+06  2.00000E-03 -1.15799E+01
  1.69613E+01  2.16641E-28  1.43022E+06  2.00000E-03 -1.15799E+01
  1.70081E+01  2.16641E-28  1.43022E+06  2.00000E-03 -1.15799E+01
  1.70549E+01  2.16641E-28  1.43022E+06  2.00000E-03 -1.15799E+01
  1.71017E+01  2.16641E-28  1.43022E+06  2.00000E-03 -1.15799E+01
  1.71485E+01  2.16641E-28  1.43022E+06  2.00000E-03 -1.15799E+01
  1.71953E+01  2.16641E-28  1.43022E+06  2.00000E-03 -1.15799E+01
  1.72421E+01  2.16687E-28  1.43042E+06  2.00000E-03 -1.14020E+01
  1.72889E+01  2.16733E-28  1.43061E+06  2.00000E-03 -1.12242E+01
  1.73357E+01  2.16733E-28  1.43061E+06  2.00000E-03 -1.12242E+01
  1.73825E+01  2.16733E-28  1.43061E+06  2.00000E-03 -1.12242E+01
  1.74292E+01  2.16733E-28  1.43061E+06  2.00000E-03 -1.12242E+01
  1.74760E+01  2.16733E-28  1.43061E+06  2.00000E-03 -1.12242E+01
  1.75228E+01  2.16733E-28  1.43061E+06  2.00000E-03 -1.12242E+01
  1.75696E+01  2.16733E-28  1.43061E+06  2.00000E-03 -1.12242E+01
  1.76164E+01  2.16752E-28  1.43069E+06  2.00000E-03 -1.10757E+01
  1.76632E+01  2.16771E-28  1.43076E+06  2.00000E-03 -1.09273E+01
  1.77100E+01  2.16771E-28  1.43076E+06  2.00000E-03 -1.09273E+01
  1.77568E+01  2.16771E-28  1.43076E+06  2.00000E-03 -1.09273E+01
  1.78036E+01  2.16771E-28  1.43076E+06  2.00000E-03 -1.09273E+01
  1.78504E+01  2.16771E-28  1.43076E+06  2.00000E-03 -1.09273E+01
  1.78971E+01  2.16771E-28  1.43076E+06  2.00000E-03 -1.09273E+01
  1.79439E+01  2.16771E-28  1.43076E+06  2.00000E-03 -1.09273E+01
  1.79907E+01  2.16768E-28  1.43074E+06  2.00000E-03 -1.08000E+01
  1.80375E+01  2.16765E-28  1.43071E+06  2.00000E-03 -1.06728E+01
  1.80843E+01  2.16765E-28  1.43071E+06  2.00000E-03 -1.06728E+01
  1.81311E+01  2.16765E-28  1.43071E+06  2.00000E-03 -1.06728E+01
  1.81779E+01  2.16765E-28  1.43071E+06  2.00000E-03 -1.06728E+01
  1.82247E+01  2.16765E-28  1.43071E+06  2.00000E-03 -1.06728E+01
  1.82715E+01  2.16765E-28  1.43071E+06  2.00000E-03 -1.06728E+01
  1.83183E+01  2.16765E-28  1.43071E+06  2.00000E-03 -1.06728E+01
  1.83650E+01  2.16745E-28  1.43061E+06  2.00000E-03 -1.05609E+01
  1.84118E+01  2.16725E-28  1.43052E+06  2.00000E-03 -1.04490E+01
  1.84586E+01  2.16725E-28  1.43052E+06  2.00000E-03 -1.04490E+01
  1.85054E+01  2.16725E-28  1.43052E+06  2.00000E-03 -1.04490E+01
  1.85522E+01  2.16725E-28  1.43052E+06  2.00000E-03 -1.04490E+01
  1.85990E+01  2.16725E-28  1.43052E+06  2.00000E-03 -1.04490E+01
  1.86458E+01  2.16725E-28  1.43052E+06  2.00000E-03 -1.04490E+01
  1.86926E+01  2.16725E-28  1.43052E+06  2.00000E-03 -1.04490E+01
  1.87394E+01  2.16706E-28  1.43043E+06  2.00000E-03 -1.02812E+01
  1.87862E+01  2.16686E-28  1.43033E+06  2.00000E-03 -1.01135E+01
  1.88329E+01  2.16686E-28  1.43033E+06  2.00000E-03 -1.01135E+01
  1.88797E+01  2.16686E-28  1.43033E+06  2.00000E-03 -1.01135E+01
  1.89265E+01  2.16686E-28  1.43033E+06  2.00000E-03 -1.01135E+01
  1.89733E+01  2.16686E-28  1.43033E+06  2.00000E-03 -1.01135E+01
  1.90201E+01  2.16686E-28  1.43033E+06  2.00000E-03 -1.01135E+01
  1.90669E+01  2.16686E-28  1.43033E+06  2.00000E-03 -1.01135E+01
  1.91137E+01  2.16686E-28  1.43033E+06  2.00000E-03 -1.01135E+01
  1.91605E+01  2.16686E-28  1.43033E+06  2.00000E-03 -1.01135E+01
  1.92073E+01  2.16686E-28  1.43033E+06  2.00000E-03 -1.01135E+01
  1.92541E+01  2.16686E-28  1.43033E+06  2.00000E-03 -1.01135E+01
  1.93008E+01  2.16686E-28  1.43033E+06  2.00000E-03 -1.01135E+01
  1.93476E+01  2.16686E-28  1.43033E+06  2.00000E-03 -1.01135E+01
  1.93944E+01  2.16686E-28  1.43033E+06  2.00000E-03 -1.01135E+01
  1.94412E+01  2.16686E-28  1.43033E+06  2.00000E-03 -1.01135E+01
  1.94880E+01  2.16729E-28  1.43050E+06  2.00000E-03 -9.86683E+00
  1.95348E+01  2.16771E-28  1.43066E+06  2.00000E-03 -9.62027E+00
  1.95816E+01  2.16771E-28  1.43066E+06  2.00000E-03 -9.62027E+00
  1.96284E+01  2.16771E-28  1.43066E+06  2.00000E-03 -9.62027E+00
  1.96752E+01  2.16771E-28  1.43066E+06  2.00000E-03 -9.62027E+00
  1.97220E+01  2.16771E-28  1.43066E+06  2.00000E-03 -9.62027E+00
  1.97687E+01  2.16771E-28  1.43066E+06  2.00000E-03 -9.62027E+00
  1.98155E+01  2.16771E-28  1.43066E+06  2.00000E-03 -9.62027E+00
  1.98623E+01  2.16771E-28  1.43066E+06  2.00000E-03 -9.62027E+00
  1.99091E+01  2.16771E-28  1.43066E+06  2.00000E-03 -9.62027E+00
  1.99559E+01  2.16771E-28  1.43066E+06  2.00000E-03 -9.62027E+00
  2.00027E+01  2.16771E-28  1.43066E+06  2.00000E-03 -9.62027E+00
  2.00495E+01  2.16771E-28  1.43066E+06  2.00000E-03 -9.62027E+00
  2.00963E+01  2.16771E-28  1.43066E+06  2.00000E-03 -9.62027E+00
  2.01431E+01  2.16771E-28  1.43066E+06  2.00000E-03 -9.62027E+00
  2.01899E+01  2.16771E-28  1.43066E+06  2.00000E-03 -9.62027E+00
  2.02366E+01  2.16824E-28  1.43088E+06  2.00000E-03 -9.41738E+00
  2.02834E+01  2.16876E-28  1.43110E+06  2.00000E-03 -9.21459E+00
  2.03302E+01  2.16876E-28  1.43110E+06  2.00000E-03 -9.21459E+00
  2.03770E+01  2.16876E-28  1.43110E+06  2.00000E-03 -9.21459E+00
  2.04238E+01  2.16876E-28  1.43110E+06  2.00000E-03 -9.21459E+00
  2.04706E+01  2.16876E-28  1.43110E+06  2.00000E-03 -9.21459E+00
  2.05174E+01  2.16876E-28  1.43110E+06  2.00000E-03 -9.21459E+00
  2.05642E+01  2.16876E-28  1.43110E+06  2.00000E-03 -9.21459E+00
  2.06110E+01  2.16876E-28  1.43110E+06  2.00000E-03 -9.21459E+00
  2.06578E+01  2.16876E-28  1.43110E+06  2.00000E-03 -9.21459E+00
  2.07045E+01  2.16876E-28  1.43110E+06  2.00000E-03 -9.21459E+00
  2.07513E+01  2.16876E-28  1.43110E+06  2.00000E-03 -9.21459E+00
  2.07981E+01  2.16876E-28  1.43110E+06  2.00000E-03 -9.21459E+00
  2.08449E+01  2.16876E-28  1.43110E+06  2.00000E-03 -9.21459E+00
  2.08917E+01  2.16876E-28  1.43110E+06  2.00000E-03 -9.21459E+00
  2.09385E+01  2.16876E-28  1.43110E+06  2.00000E-03 -9.21459E+00
  2.09853E+01  2.16942E-28  1.43138E+06  2.00000E-03 -9.03780E+00
  2.10321E+01  2.17009E-28  1.43167E+06  2.00000E-03 -8.86111E+00
  2.10789E+01  2.17009E-28  1.43167E+06  2.00000E-03 -8.86111E+00
  2.11257E+01  2.17009E-28  1.43167E+06  2.00000E-03 -8.86111E+00
  2.11724E+01  2.17009E-28  1.43167E+06  2.00000E-03 -8.86111E+00
  2.12192E+01  2.17009E-28  1.43167E+06  2.00000E-03 -8.86111E+00
  2.12660E+01  2.17009E-28  1.43167E+06  2.00000E-03 -8.86111E+00
  2.13128E+01  2.17009E-28  1.43167E+06  2.00000E-03 -8.86111E+00
  2.13596E+01  2.17009E-28  1.43167E+06  2.00000E-03 -8.86111E+00
  2.14064E+01  2.17009E-28  1.43167E+06  2.00000E-03 -8.86111E+00
  2.14532E+01  2.17009E-28  1.43167E+06  2.00000E-03 -8.86111E+00
  2.15000E+01  2.17009E-28  1.43167E+06  2.00000E-03 -8.86111E+00
  2.15468E+01  2.17009E-28  1.43167E+06  2.00000E-03 -8.86111E+00
  2.15936E+01  2.17009E-28  1.43167E+06  2.00000E-03 -8.86111E+00
  2.16403E+01  2.17009E-28  1.43167E+06  2.00000E-03 -8.86111E+00
  2.16871E+01  2.17009E-28  1.43167E+06  2.00000E-03 -8.86111E+00
  2.17339E+01  2.17152E-28  1.43229E+06  2.00000E-03 -8.65726E+00
  2.17807E+01  2.17295E-28  1.43291E+06  2.00000E-03 -8.45367E+00
  2.18275E+01  2.17295E-28  1.43291E+06  2.00000E-03 -8.45367E+00
  2.18743E+01  2.17295E-28  1.43291E+06  2.00000E-03 -8.45367E+00
  2.19211E+01  2.17295E-28  1.43291E+06  2.00000E-03 -8.45367E+00
  2.19679E+01  2.17295E-28  1.43291E+06  2.00000E-03 -8.45367E+00
  2.20147E+01  2.17295E-28  1.43291E+06  2.00000E-03 -8.45367E+00
  2.20615E+01  2.17295E-28  1.43291E+06  2.00000E-03 -8.45367E+00
  2.21082E+01  2.17295E-28  1.43291E+06  2.00000E-03 -8.45367E+00
  2.21550E+01  2.17295E-28  1.43291E+06  2.00000E-03 -8.45367E+00
  2.22018E+01  2.17295E-28  1.43291E+06  2.00000E-03 -8.45367E+00
  2.22486E+01  2.17295E-28  1.43291E+06  2.00000E-03 -8.45367E+00
  2.22954E+01  2.17295E-28  1.43291E+06  2.00000E-03 -8.45367E+00
  2.23422E+01  2.17295E-28  1.43291E+06  2.00000E-03 -8.45367E+00
  2.23890E+01  2.17295E-28  1.43291E+06  2.00000E-03 -8.45367E+00
  2.24358E+01  2.17295E-28  1.43291E+06  2.00000E-03 -8.45367E+00
  2.24826E+01  2.17558E-28  1.43406E+06  2.00000E-03 -8.18040E+00
  2.25294E+01  2.17820E-28  1.43520E+06  2.00000E-03 -7.90779E+00
  2.25761E+01  2.17820E-28  1.43520E+06  2.00000E-03 -7.90779E+00
  2.26229E+01  2.17820E-28  1.43520E+06  2.00000E-03 -7.90779E+00
  2.26697E+01  2.17820E-28  1.43520E+06  2.00000E-03 -7.90779E+00
  2.27165E+01  2.17820E-28  1.43520E+06  2.00000E-03 -7.90779E+00
  2.27633E+01  2.17820E-28  1.43520E+06  2.00000E-03 -7.90779E+00
  2.28101E+01  2.17820E-28  1.43520E+06  2.00000E-03 -7.90779E+00
  2.28569E+01  2.17820E-28  1.43520E+06  2.00000E-03 -7.90779E+00
  2.29037E+01  2.17820E-28  1.43520E+06  2.00000E-03 -7.90779E+00
  2.29505E+01  2.17820E-28  1.43520E+06  2.00000E-03 -7.90779E+00
  2.29972E+01  2.17820E-28  1.43520E+06  2.00000E-03 -7.90779E+00
  2.30440E+01  2.17820E-28  1.43520E+06  2.00000E-03 -7.90779E+00
  2.30908E+01  2.17820E-28  1.43520E+06  2.00000E-03 -7.90779E+00
  2.31376E+01  2.17820E-28  1.43520E+06  2.00000E-03 -7.90779E+00
  2.31844E+01  2.17820E-28  1.43520E+06  2.00000E-03 -7.90779E+00
  2.32312E+01  2.18159E-28  1.43668E+06  2.00000E-03 -7.58344E+00
  2.32780E+01  2.18497E-28  1.43815E+06  2.00000E-03 -7.26010E+00
  2.33248E+01  2.18497E-28  1.43815E+06  2.00000E-03 -7.26010E+00
  2.33716E+01  2.18497E-28  1.43815E+06  2.00000E-03 -7.26010E+00
  2.34184E+01  2.18497E-28  1.43815E+06  2.00000E-03 -7.26010E+00
  2.34651E+01  2.18497E-28  1.43815E+06  2.00000E-03 -7.26010E+00
  2.35119E+01  2.18497E-28  1.43815E+06  2.00000E-03 -7.26010E+00
  2.35587E+01  2.18497E-28  1.43815E+06  2.00000E-03 -7.26010E+00
  2.36055E+01  2.18497E-28  1.43815E+06  2.00000E-03 -7.26010E+00
  2.36523E+01  2.18497E-28  1.43815E+06  2.00000E-03 -7.26010E+00
  2.36991E+01  2.18497E-28  1.43815E+06  2.00000E-03 -7.26010E+00
  2.37459E+01  2.18497E-28  1.43815E+06  2.00000E-03 -7.26010E+00
  2.37927E+01  2.18497E-28  1.43815E+06  2.00000E-03 -7.26010E+00
  2.38395E+01  2.18497E-28  1.43815E+06  2.00000E-03 -7.26010E+00
  2.38863E+01  2.18497E-28  1.43815E+06  2.00000E-03 -7.26010E+00
  2.39330E+01  2.18497E-28  1.43815E+06  2.00000E-03 -7.26010E+00
  2.39798E+01  2.18796E-28  1.43946E+06  2.00000E-03 -6.96112E+00
