 -2.38863E+01  2.16014E-28  1.42724E+06  2.00000E-03  1.08535E+01
 -2.38395E+01  2.16014E-28  1.42724E+06  2.00000E-03  1.08535E+01
 -2.37927E+01  2.16014E-28  1.42724E+06  2.00000E-03  1.08535E+01
 -2.37459E+01  2.16014E-28  1.42724E+06  2.00000E-03  1.08535E+01
 -2.36991E+01  2.16014E-28  1.42724E+06  2.00000E-03  1.08535E+01
 -2.36523E+01  2.16014E-28  1.42724E+06  2.00000E-03  1.08535E+01
 -2.36055E+01  2.16014E-28  1.42724E+06  2.00000E-03  1.08535E+01
 -2.35587E+01  2.16014E-28  1.42724E+06  2.00000E-03  1.08535E+01
 -2.35119E+01  2.16014E-28  1.42724E+06  2.00000E-03  1.08535E+01
 -2.34651E+01  2.16014E-28  1.42724E+06  2.00000E-03  1.08535E+01
 -2.34184E+01  2.16014E-28  1.42724E+06  2.00000E-03  1.08535E+01
 -2.33716E+01  2.16014E-28  1.42724E+06  2.00000E-03  1.08535E+01
 -2.33248E+01  2.16014E-28  1.42724E+06  2.00000E-03  1.08535E+01
 -2.32780E+01  2.16014E-28  1.42724E+06  2.00000E-03  1.08535E+01
 -2.32312E+01  2.16014E-28  1.42724E+06  2.00000E-03  1.08535E+01
 -2.31844E+01  2.16016E-28  1.42725E+06  2.00000E-03  1.10198E+01
 -2.31376E+01  2.16017E-28  1.42727E+06  2.00000E-03  1.11861E+01
 -2.30908E+01  2.16017E-28  1.42727E+06  2.00000E-03  1.11861E+01
 -2.30440E+01  2.16017E-28  1.42727E+06  2.00000E-03  1.11861E+01
 -2.29972E+01  2.16017E-28  1.42727E+06  2.00000E-03  1.11861E+01
 -2.29505E+01  2.16017E-28  1.42727E+06  2.00000E-03  1.11861E+01
 -2.29037E+01  2.16017E-28  1.42727E+06  2.00000E-03  1.11861E+01
 -2.28569E+01  2.16017E-28  1.42727E+06  2.00000E-03  1.11861E+01
 -2.28101E+01  2.16017E-28  1.42727E+06  2.00000E-03  1.11861E+01
 -2.27633E+01  2.16017E-28  1.42727E+06  2.00000E-03  1.11861E+01
 -2.27165E+01  2.16017E-28  1.42727E+06  2.00000E-03  1.11861E+01
 -2.26697E+01  2.16017E-28  1.42727E+06  2.00000E-03  1.11861E+01
 -2.26229E+01  2.16017E-28  1.42727E+06  2.00000E-03  1.11861E+01
 -2.25761E+01  2.16017E-28  1.42727E+06  2.00000E-03  1.11861E+01
 -2.25294E+01  2.16017E-28  1.42727E+06  2.00000E-03  1.11861E+01
 -2.24826E+01  2.16017E-28  1.42727E+06  2.00000E-03  1.11861E+01
 -2.24358E+01  2.15971E-28  1.42707E+06  2.00000E-03  1.13823E+01
 -2.23890E+01  2.15925E-28  1.42688E+06  2.00000E-03  1.15785E+01
 -2.23422E+01  2.15925E-28  1.42688E+06  2.00000E-03  1.15785E+01
 -2.22954E+01  2.15925E-28  1.42688E+06  2.00000E-03  1.15785E+01
 -2.22486E+01  2.15925E-28  1.42688E+06  2.00000E-03  1.15785E+01
 -2.22018E+01  2.15925E-28  1.42688E+06  2.00000E-03  1.15785E+01
 -2.21550E+01  2.15925E-28  1.42688E+06  2.00000E-03  1.15785E+01
 -2.21082E+01  2.15925E-28  1.42688E+06  2.00000E-03  1.15785E+01
 -2.20615E+01  2.15925E-28  1.42688E+06  2.00000E-03  1.15785E+01
 -2.20147E+01  2.15925E-28  1.42688E+06  2.00000E-03  1.15785E+01
 -2.19679E+01  2.15925E-28  1.42688E+06  2.00000E-03  1.15785E+01
 -2.19211E+01  2.15925E-28  1.42688E+06  2.00000E-03  1.15785E+01
 -2.18743E+01  2.15925E-28  1.42688E+06  2.00000E-03  1.15785E+01
 -2.18275E+01  2.15925E-28  1.42688E+06  2.00000E-03  1.15785E+01
 -2.17807E+01  2.15925E-28  1.42688E+06  2.00000E-03  1.15785E+01
 -2.17339E+01  2.15925E-28  1.42688E+06  2.00000E-03  1.15785E+01
 -2.16871E+01  2.15774E-28  1.42622E+06  2.00000E-03  1.18440E+01
 -2.16403E+01  2.15623E-28  1.42557E+06  2.00000E-03  1.21098E+01
 -2.15936E+01  2.15623E-28  1.42557E+06  2.00000E-03  1.21098E+01
 -2.15468E+01  2.15623E-28  1.42557E+06  2.00000E-03  1.21098E+01
 -2.15000E+01  2.15623E-28  1.42557E+06  2.00000E-03  1.21098E+01
 -2.14532E+01  2.15623E-28  1.42557E+06  2.00000E-03  1.21098E+01
 -2.14064E+01  2.15623E-28  1.42557E+06  2.00000E-03  1.21098E+01
 -2.13596E+01  2.15623E-28  1.42557E+06  2.00000E-03  1.21098E+01
 -2.13128E+01  2.15623E-28  1.42557E+06  2.00000E-03  1.21098E+01
 -2.12660E+01  2.15623E-28  1.42557E+06  2.00000E-03  1.21098E+01
 -2.12192E+01  2.15623E-28  1.42557E+06  2.00000E-03  1.21098E+01
 -2.11724E+01  2.15623E-28  1.42557E+06  2.00000E-03  1.21098E+01
 -2.11257E+01  2.15623E-28  1.42557E+06  2.00000E-03  1.21098E+01
 -2.10789E+01  2.15623E-28  1.42557E+06  2.00000E-03  1.21098E+01
 -2.10321E+01  2.15623E-28  1.42557E+06  2.00000E-03  1.21098E+01
 -2.09853E+01  2.15623E-28  1.42557E+06  2.00000E-03  1.21098E+01
 -2.09385E+01  2.15336E-28  1.42431E+06  2.00000E-03  1.24675E+01
 -2.08917E+01  2.15048E-28  1.42305E+06  2.00000E-03  1.28262E+01
 -2.08449E+01  2.15048E-28  1.42305E+06  2.00000E-03  1.28262E+01
 -2.07981E+01  2.15048E-28  1.42305E+06  2.00000E-03  1.28262E+01
 -2.07513E+01  2.15048E-28  1.42305E+06  2.00000E-03  1.28262E+01
 -2.07045E+01  2.15048E-28  1.42305E+06  2.00000E-03  1.28262E+01
 -2.06578E+01  2.15048E-28  1.42305E+06  2.00000E-03  1.28262E+01
 -2.06110E+01  2.15048E-28  1.42305E+06  2.00000E-03  1.28262E+01
 -2.05642E+01  2.15048E-28  1.42305E+06  2.00000E-03  1.28262E+01
 -2.05174E+01  2.15048E-28  1.42305E+06  2.00000E-03  1.28262E+01
 -2.04706E+01  2.15048E-28  1.42305E+06  2.00000E-03  1.28262E+01
 -2.04238E+01  2.15048E-28  1.42305E+06  2.00000E-03  1.28262E+01
 -2.03770E+01  2.15048E-28  1.42305E+06  2.00000E-03  1.28262E+01
 -2.03302E+01  2.15048E-28  1.42305E+06  2.00000E-03  1.28262E+01
 -2.02834E+01  2.15048E-28  1.42305E+06  2.00000E-03  1.28262E+01
 -2.02366E+01  2.15048E-28  1.42305E+06  2.00000E-03  1.28262E+01
 -2.01899E+01  2.14658E-28  1.42134E+06  2.00000E-03  1.32585E+01
 -2.01431E+01  2.14267E-28  1.41962E+06  2.00000E-03  1.36924E+01
 -2.00963E+01  2.14267E-28  1.41962E+06  2.00000E-03  1.36924E+01
 -2.00495E+01  2.14267E-28  1.41962E+06  2.00000E-03  1.36924E+01
 -2.00027E+01  2.14267E-28  1.41962E+06  2.00000E-03  1.36924E+01
 -1.99559E+01  2.14267E-28  1.41962E+06  2.00000E-03  1.36924E+01
 -1.99091E+01  2.14267E-28  1.41962E+06  2.00000E-03  1.36924E+01
 -1.98623E+01  2.14267E-28  1.41962E+06  2.00000E-03  1.36924E+01
 -1.98155E+01  2.14267E-28  1.41962E+06  2.00000E-03  1.36924E+01
 -1.97687E+01  2.14267E-28  1.41962E+06  2.00000E-03  1.36924E+01
 -1.97220E+01  2.14267E-28  1.41962E+06  2.00000E-03  1.36924E+01
 -1.96752E+01  2.14267E-28  1.41962E+06  2.00000E-03  1.36924E+01
 -1.96284E+01  2.14267E-28  1.41962E+06  2.00000E-03  1.36924E+01
 -1.95816E+01  2.14267E-28  1.41962E+06  2.00000E-03  1.36924E+01
 -1.95348E+01  2.14267E-28  1.41962E+06  2.00000E-03  1.36924E+01
 -1.94880E+01  2.14267E-28  1.41962E+06  2.00000E-03  1.36924E+01
 -1.94412E+01  2.13886E-28  1.41797E+06  2.00000E-03  1.41040E+01
 -1.93944E+01  2.13505E-28  1.41632E+06  2.00000E-03  1.45170E+01
 -1.93476E+01  2.13505E-28  1.41632E+06  2.00000E-03  1.45170E+01
 -1.93008E+01  2.13505E-28  1.41632E+06  2.00000E-03  1.45170E+01
 -1.92541E+01  2.13505E-28  1.41632E+06  2.00000E-03  1.45170E+01
 -1.92073E+01  2.13505E-28  1.41632E+06  2.00000E-03  1.45170E+01
 -1.91605E+01  2.13505E-28  1.41632E+06  2.00000E-03  1.45170E+01
 -1.91137E+01  2.13505E-28  1.41632E+06  2.00000E-03  1.45170E+01
 -1.90669E+01  2.13505E-28  1.41632E+06  2.00000E-03  1.45170E+01
 -1.90201E+01  2.13505E-28  1.41632E+06  2.00000E-03  1.45170E+01
 -1.89733E+01  2.13505E-28  1.41632E+06  2.00000E-03  1.45170E+01
 -1.89265E+01  2.13505E-28  1.41632E+06  2.00000E-03  1.45170E+01
 -1.88797E+01  2.13505E-28  1.41632E+06  2.00000E-03  1.45170E+01
 -1.88329E+01  2.13505E-28  1.41632E+06  2.00000E-03  1.45170E+01
 -1.87862E+01  2.13505E-28  1.41632E+06  2.00000E-03  1.45170E+01
 -1.87394E+01  2.13505E-28  1.41632E+06  2.00000E-03  1.45170E+01
 -1.86926E+01  2.13283E-28  1.41534E+06  2.00000E-03  1.48367E+01
 -1.86458E+01  2.13060E-28  1.41436E+06  2.00000E-03  1.51571E+01
 -1.85990E+01  2.13060E-28  1.41436E+06  2.00000E-03  1.51571E+01
 -1.85522E+01  2.13060E-28  1.41436E+06  2.00000E-03  1.51571E+01
 -1.85054E+01  2.13060E-28  1.41436E+06  2.00000E-03  1.51571E+01
 -1.84586E+01  2.13060E-28  1.41436E+06  2.00000E-03  1.51571E+01
 -1.84118E+01  2.13060E-28  1.41436E+06  2.00000E-03  1.51571E+01
 -1.83650E+01  2.13060E-28  1.41436E+06  2.00000E-03  1.51571E+01
 -1.83183E+01  2.13094E-28  1.41452E+06  2.00000E-03  1.51998E+01
 -1.82715E+01  2.13127E-28  1.41468E+06  2.00000E-03  1.52425E+01
 -1.82247E+01  2.13127E-28  1.41468E+06  2.00000E-03  1.52425E+01
 -1.81779E+01  2.13127E-28  1.41468E+06  2.00000E-03  1.52425E+01
 -1.81311E+01  2.13127E-28  1.41468E+06  2.00000E-03  1.52425E+01
 -1.80843E+01  2.13127E-28  1.41468E+06  2.00000E-03  1.52425E+01
 -1.80375E+01  2.13127E-28  1.41468E+06  2.00000E-03  1.52425E+01
 -1.79907E+01  2.13127E-28  1.41468E+06  2.00000E-03  1.52425E+01
 -1.79439E+01  2.13242E-28  1.41519E+06  2.00000E-03  1.52101E+01
 -1.78971E+01  2.13357E-28  1.41571E+06  2.00000E-03  1.51777E+01
 -1.78504E+01  2.13357E-28  1.41571E+06  2.00000E-03  1.51777E+01
 -1.78036E+01  2.13357E-28  1.41571E+06  2.00000E-03  1.51777E+01
 -1.77568E+01  2.13357E-28  1.41571E+06  2.00000E-03  1.51777E+01
 -1.77100E+01  2.13357E-28  1.41571E+06  2.00000E-03  1.51777E+01
 -1.76632E+01  2.13357E-28  1.41571E+06  2.00000E-03  1.51777E+01
 -1.76164E+01  2.13357E-28  1.41571E+06  2.00000E-03  1.51777E+01
 -1.75696E+01  2.13536E-28  1.41650E+06  2.00000E-03  1.50986E+01
 -1.75228E+01  2.13714E-28  1.41729E+06  2.00000E-03  1.50197E+01
 -1.74760E+01  2.13714E-28  1.41729E+06  2.00000E-03  1.50197E+01
 -1.74292E+01  2.13714E-28  1.41729E+06  2.00000E-03  1.50197E+01
 -1.73825E+01  2.13714E-28  1.41729E+06  2.00000E-03  1.50197E+01
 -1.73357E+01  2.13714E-28  1.41729E+06  2.00000E-03  1.50197E+01
 -1.72889E+01  2.13714E-28  1.41729E+06  2.00000E-03  1.50197E+01
 -1.72421E+01  2.13714E-28  1.41729E+06  2.00000E-03  1.50197E+01
 -1.71953E+01  2.13904E-28  1.41813E+06  2.00000E-03  1.49382E+01
 -1.71485E+01  2.14094E-28  1.41897E+06  2.00000E-03  1.48569E+01
 -1.71017E+01  2.14094E-28  1.41897E+06  2.00000E-03  1.48569E+01
 -1.70549E+01  2.14094E-28  1.41897E+06  2.00000E-03  1.48569E+01
 -1.70081E+01  2.14094E-28  1.41897E+06  2.00000E-03  1.48569E+01
 -1.69613E+01  2.14094E-28  1.41897E+06  2.00000E-03  1.48569E+01
 -1.69146E+01  2.14094E-28  1.41897E+06  2.00000E-03  1.48569E+01
 -1.68678E+01  2.14094E-28  1.41897E+06  2.00000E-03  1.48569E+01
 -1.68210E+01  2.14255E-28  1.41968E+06  2.00000E-03  1.48066E+01
 -1.67742E+01  2.14417E-28  1.42040E+06  2.00000E-03  1.47563E+01
 -1.67274E+01  2.14417E-28  1.42040E+06  2.00000E-03  1.47563E+01
 -1.66806E+01  2.14417E-28  1.42040E+06  2.00000E-03  1.47563E+01
 -1.66338E+01  2.14417E-28  1.42040E+06  2.00000E-03  1.47563E+01
 -1.65870E+01  2.14417E-28  1.42040E+06  2.00000E-03  1.47563E+01
 -1.65402E+01  2.14417E-28  1.42040E+06  2.00000E-03  1.47563E+01
 -1.64935E+01  2.14417E-28  1.42040E+06  2.00000E-03  1.47563E+01
 -1.64467E+01  2.14533E-28  1.42091E+06  2.00000E-03  1.47528E+01
 -1.63999E+01  2.14649E-28  1.42143E+06  2.00000E-03  1.47493E+01
 -1.63531E+01  2.14649E-28  1.42143E+06  2.00000E-03  1.47493E+01
 -1.63063E+01  2.14649E-28  1.42143E+06  2.00000E-03  1.47493E+01
 -1.62595E+01  2.14649E-28  1.42143E+06  2.00000E-03  1.47493E+01
 -1.62127E+01  2.14649E-28  1.42143E+06  2.00000E-03  1.47493E+01
 -1.61659E+01  2.14649E-28  1.42143E+06  2.00000E-03  1.47493E+01
 -1.61191E+01  2.14649E-28  1.42143E+06  2.00000E-03  1.47493E+01
 -1.60723E+01  2.14718E-28  1.42174E+06  2.00000E-03  1.47925E+01
 -1.60256E+01  2.14788E-28  1.42205E+06  2.00000E-03  1.48357E+01
 -1.59788E+01  2.14788E-28  1.42205E+06  2.00000E-03  1.48357E+01
 -1.59320E+01  2.14788E-28  1.42205E+06  2.00000E-03  1.48357E+01
 -1.58852E+01  2.14788E-28  1.42205E+06  2.00000E-03  1.48357E+01
 -1.58384E+01  2.14788E-28  1.42205E+06  2.00000E-03  1.48357E+01
 -1.57916E+01  2.14788E-28  1.42205E+06  2.00000E-03  1.48357E+01
 -1.57448E+01  2.14788E-28  1.42205E+06  2.00000E-03  1.48357E+01
 -1.56980E+01  2.14818E-28  1.42219E+06  2.00000E-03  1.49172E+01
 -1.56512E+01  2.14849E-28  1.42233E+06  2.00000E-03  1.49988E+01
 -1.56044E+01  2.14849E-28  1.42233E+06  2.00000E-03  1.49988E+01
 -1.55577E+01  2.14849E-28  1.42233E+06  2.00000E-03  1.49988E+01
 -1.55109E+01  2.14849E-28  1.42233E+06  2.00000E-03  1.49988E+01
 -1.54641E+01  2.14849E-28  1.42233E+06  2.00000E-03  1.49988E+01
 -1.54173E+01  2.14849E-28  1.42233E+06  2.00000E-03  1.49988E+01
 -1.53705E+01  2.14849E-28  1.42233E+06  2.00000E-03  1.49988E+01
 -1.53237E+01  2.14854E-28  1.42236E+06  2.00000E-03  1.51045E+01
 -1.52769E+01  2.14859E-28  1.42239E+06  2.00000E-03  1.52102E+01
 -1.52301E+01  2.14859E-28  1.42239E+06  2.00000E-03  1.52102E+01
 -1.51833E+01  2.14859E-28  1.42239E+06  2.00000E-03  1.52102E+01
 -1.51365E+01  2.14859E-28  1.42239E+06  2.00000E-03  1.52102E+01
 -1.50898E+01  2.14859E-28  1.42239E+06  2.00000E-03  1.52102E+01
 -1.50430E+01  2.14859E-28  1.42239E+06  2.00000E-03  1.52102E+01
 -1.49962E+01  2.14859E-28  1.42239E+06  2.00000E-03  1.52102E+01
 -1.49494E+01  2.14864E-28  1.42241E+06  2.00000E-03  1.53176E+01
 -1.49026E+01  2.14869E-28  1.42244E+06  2.00000E-03  1.54250E+01
 -1.48558E+01  2.14869E-28  1.42244E+06  2.00000E-03  1.54250E+01
 -1.48090E+01  2.14869E-28  1.42244E+06  2.00000E-03  1.54250E+01
 -1.47622E+01  2.14869E-28  1.42244E+06  2.00000E-03  1.54250E+01
 -1.47154E+01  2.14869E-28  1.42244E+06  2.00000E-03  1.54250E+01
 -1.46686E+01  2.14869E-28  1.42244E+06  2.00000E-03  1.54250E+01
 -1.46219E+01  2.14869E-28  1.42244E+06  2.00000E-03  1.54250E+01
 -1.45751E+01  2.14907E-28  1.42262E+06  2.00000E-03  1.55098E+01
 -1.45283E+01  2.14945E-28  1.42279E+06  2.00000E-03  1.55946E+01
 -1.44815E+01  2.14945E-28  1.42279E+06  2.00000E-03  1.55946E+01
 -1.44347E+01  2.14945E-28  1.42279E+06  2.00000E-03  1.55946E+01
 -1.43879E+01  2.14945E-28  1.42279E+06  2.00000E-03  1.55946E+01
 -1.43411E+01  2.14945E-28  1.42279E+06  2.00000E-03  1.55946E+01
 -1.42943E+01  2.14945E-28  1.42279E+06  2.00000E-03  1.55946E+01
 -1.42475E+01  2.14945E-28  1.42279E+06  2.00000E-03  1.55946E+01
 -1.42007E+01  2.15036E-28  1.42321E+06  2.00000E-03  1.56546E+01
 -1.41540E+01  2.15128E-28  1.42362E+06  2.00000E-03  1.57145E+01
 -1.41072E+01  2.15128E-28  1.42362E+06  2.00000E-03  1.57145E+01
 -1.40604E+01  2.15128E-28  1.42362E+06  2.00000E-03  1.57145E+01
 -1.40136E+01  2.15128E-28  1.42362E+06  2.00000E-03  1.57145E+01
 -1.39668E+01  2.15128E-28  1.42362E+06  2.00000E-03  1.57145E+01
 -1.39200E+01  2.15128E-28  1.42362E+06  2.00000E-03  1.57145E+01
 -1.38732E+01  2.15128E-28  1.42362E+06  2.00000E-03  1.57145E+01
 -1.38264E+01  2.15148E-28  1.42372E+06  2.00000E-03  1.57689E+01
 -1.37796E+01  2.15169E-28  1.42382E+06  2.00000E-03  1.58232E+01
 -1.37328E+01  2.15169E-28  1.42382E+06  2.00000E-03  1.58232E+01
 -1.36861E+01  2.15169E-28  1.42382E+06  2.00000E-03  1.58232E+01
 -1.36393E+01  2.15223E-28  1.42406E+06  2.00000E-03  1.58570E+01
 -1.35925E+01  2.15278E-28  1.42430E+06  2.00000E-03  1.58909E+01
 -1.35457E+01  2.15278E-28  1.42430E+06  2.00000E-03  1.58909E+01
 -1.34989E+01  2.15278E-28  1.42430E+06  2.00000E-03  1.58909E+01
 -1.34521E+01  2.15322E-28  1.42450E+06  2.00000E-03  1.59380E+01
 -1.34053E+01  2.15366E-28  1.42471E+06  2.00000E-03  1.59852E+01
 -1.33585E+01  2.15366E-28  1.42471E+06  2.00000E-03  1.59852E+01
 -1.33117E+01  2.15366E-28  1.42471E+06  2.00000E-03  1.59852E+01
 -1.32649E+01  2.15405E-28  1.42487E+06  2.00000E-03  1.60393E+01
 -1.32182E+01  2.15443E-28  1.42503E+06  2.00000E-03  1.60933E+01
 -1.31714E+01  2.15443E-28  1.42503E+06  2.00000E-03  1.60933E+01
 -1.31246E+01  2.15443E-28  1.42503E+06  2.00000E-03  1.60933E+01
 -1.30778E+01  2.15459E-28  1.42513E+06  2.00000E-03  1.61236E+01
 -1.30310E+01  2.15476E-28  1.42522E+06  2.00000E-03  1.61538E+01
 -1.29842E+01  2.15476E-28  1.42522E+06  2.00000E-03  1.61538E+01
 -1.29374E+01  2.15476E-28  1.42522E+06  2.00000E-03  1.61538E+01
 -1.28906E+01  2.15503E-28  1.42531E+06  2.00000E-03  1.61622E+01
 -1.28438E+01  2.15530E-28  1.42541E+06  2.00000E-03  1.61706E+01
 -1.27970E+01  2.15530E-28  1.42541E+06  2.00000E-03  1.61706E+01
 -1.27503E+01  2.15530E-28  1.42541E+06  2.00000E-03  1.61706E+01
 -1.27035E+01  2.15564E-28  1.42551E+06  2.00000E-03  1.62172E+01
 -1.26567E+01  2.15598E-28  1.42561E+06  2.00000E-03  1.62638E+01
 -1.26099E+01  2.15598E-28  1.42561E+06  2.00000E-03  1.62638E+01
 -1.25631E+01  2.15598E-28  1.42561E+06  2.00000E-03  1.62638E+01
 -1.25163E+01  2.15608E-28  1.42567E+06  2.00000E-03  1.63267E+01
 -1.24695E+01  2.15618E-28  1.42572E+06  2.00000E-03  1.63896E+01
 -1.24227E+01  2.15618E-28  1.42572E+06  2.00000E-03  1.63896E+01
 -1.23759E+01  2.15618E-28  1.42572E+06  2.00000E-03  1.63896E+01
 -1.23291E+01  2.15595E-28  1.42574E+06  2.00000E-03  1.63513E+01
 -1.22824E+01  2.15571E-28  1.42576E+06  2.00000E-03  1.63130E+01
 -1.22356E+01  2.15571E-28  1.42576E+06  2.00000E-03  1.63130E+01
 -1.21888E+01  2.15571E-28  1.42576E+06  2.00000E-03  1.63130E+01
 -1.21420E+01  2.15525E-28  1.42577E+06  2.00000E-03  1.60941E+01
 -1.20952E+01  2.15479E-28  1.42578E+06  2.00000E-03  1.58751E+01
 -1.20484E+01  2.15479E-28  1.42578E+06  2.00000E-03  1.58751E+01
 -1.20016E+01  2.15479E-28  1.42578E+06  2.00000E-03  1.58751E+01
 -1.19548E+01  2.15415E-28  1.42579E+06  2.00000E-03  1.54938E+01
 -1.19080E+01  2.15350E-28  1.42580E+06  2.00000E-03  1.51124E+01
 -1.18612E+01  2.15350E-28  1.42580E+06  2.00000E-03  1.51124E+01
 -1.18145E+01  2.15350E-28  1.42580E+06  2.00000E-03  1.51124E+01
 -1.17677E+01  2.15268E-28  1.42590E+06  2.00000E-03  1.46385E+01
 -1.17209E+01  2.15185E-28  1.42600E+06  2.00000E-03  1.41642E+01
 -1.16741E+01  2.15185E-28  1.42600E+06  2.00000E-03  1.41642E+01
 -1.16273E+01  2.15185E-28  1.42600E+06  2.00000E-03  1.41642E+01
 -1.15805E+01  2.15117E-28  1.42625E+06  2.00000E-03  1.36366E+01
 -1.15337E+01  2.15049E-28  1.42649E+06  2.00000E-03  1.31086E+01
 -1.14869E+01  2.15049E-28  1.42649E+06  2.00000E-03  1.31086E+01
 -1.14401E+01  2.15049E-28  1.42649E+06  2.00000E-03  1.31086E+01
 -1.13933E+01  2.15078E-28  1.42684E+06  2.00000E-03  1.23991E+01
 -1.13466E+01  2.15107E-28  1.42718E+06  2.00000E-03  1.16897E+01
 -1.12998E+01  2.15107E-28  1.42718E+06  2.00000E-03  1.16897E+01
 -1.12530E+01  2.15107E-28  1.42718E+06  2.00000E-03  1.16897E+01
 -1.12062E+01  2.15150E-28  1.42704E+06  2.00000E-03  1.02246E+01
 -1.11594E+01  2.15193E-28  1.42689E+06  2.00000E-03  8.75997E+00
 -1.11126E+01  2.15193E-28  1.42689E+06  2.00000E-03  8.75997E+00
 -1.10658E+01  2.15193E-28  1.42689E+06  2.00000E-03  8.75997E+00
 -1.10190E+01  2.15328E-28  1.42726E+06  1.99992E-03  6.49025E+00
 -1.09722E+01  2.15463E-28  1.42763E+06  1.99984E-03  4.22337E+00
 -1.09254E+01  2.15463E-28  1.42763E+06  1.99984E-03  4.22337E+00
 -1.08787E+01  2.15463E-28  1.42763E+06  1.99984E-03  4.22337E+00
 -1.08319E+01  2.37073E-28  1.31320E+06  1.96017E-03  3.77051E+00
 -1.07851E+01  2.58682E-28  1.21788E+06  1.92713E-03  3.39331E+00
 -1.07383E+01  2.58682E-28  1.21788E+06  1.92713E-03  3.39331E+00
 -1.06915E+01  2.58682E-28  1.21788E+06  1.92713E-03  3.39331E+00
 -1.06447E+01  4.21198E-28  7.50631E+05  1.73579E-03  6.20753E+00
 -1.05979E+01  5.83714E-28  5.43560E+05  1.65099E-03  7.45470E+00
 -1.05511E+01  5.83714E-28  5.43560E+05  1.65099E-03  7.45470E+00
 -1.05043E+01  5.83714E-28  5.43560E+05  1.65099E-03  7.45470E+00
 -1.04575E+01  7.94826E-28  3.97502E+05  1.58676E-03  1.07682E+01
 -1.04108E+01  1.00594E-27  3.12748E+05  1.54949E-03  1.26910E+01
 -1.03640E+01  1.00594E-27  3.12748E+05  1.54949E-03  1.26910E+01
 -1.03172E+01  1.00594E-27  3.12748E+05  1.54949E-03  1.26910E+01
 -1.02704E+01  9.27012E-28  3.35540E+05  1.55543E-03  1.56340E+01
 -1.02236E+01  8.48087E-28  3.62574E+05  1.56248E-03  1.91248E+01
 -1.01768E+01  8.48087E-28  3.62574E+05  1.56248E-03  1.91248E+01
 -1.01300E+01  8.48087E-28  3.62574E+05  1.56248E-03  1.91248E+01
 -1.00832E+01  6.41691E-28  4.74408E+05  1.61323E-03  2.18743E+01
 -1.00364E+01  4.35294E-28  6.92297E+05  1.71212E-03  2.72313E+01
 -9.98965E+00  4.35294E-28  6.92297E+05  1.71212E-03  2.72313E+01
 -9.94286E+00  4.35294E-28  6.92297E+05  1.71212E-03  2.72313E+01
 -9.89607E+00  3.41983E-28  8.72751E+05  1.79152E-03  2.89595E+01
 -9.84928E+00  2.48671E-28  1.18863E+06  1.93052E-03  3.19848E+01
 -9.80249E+00  2.48671E-28  1.18863E+06  1.93052E-03  3.19848E+01
 -9.75570E+00  2.48671E-28  1.18863E+06  1.93052E-03  3.19848E+01
 -9.70891E+00  2.31155E-28  1.27093E+06  1.95848E-03  3.15125E+01
 -9.66212E+00  2.13638E-28  1.36673E+06  1.99101E-03  3.09628E+01
 -9.61533E+00  2.13638E-28  1.36673E+06  1.99101E-03  3.09628E+01
 -9.56854E+00  2.13638E-28  1.36673E+06  1.99101E-03  3.09628E+01
 -9.52175E+00  2.11546E-28  1.37997E+06  1.99502E-03  2.94116E+01
 -9.47496E+00  2.09453E-28  1.39348E+06  1.99911E-03  2.78295E+01
 -9.42817E+00  2.09453E-28  1.39348E+06  1.99911E-03  2.78295E+01
 -9.38138E+00  2.09453E-28  1.39348E+06  1.99911E-03  2.78295E+01
 -9.33459E+00  2.08899E-28  1.39430E+06  1.99952E-03  2.64866E+01
 -9.28780E+00  2.08346E-28  1.39513E+06  1.99993E-03  2.51365E+01
 -9.24101E+00  2.08346E-28  1.39513E+06  1.99993E-03  2.51365E+01
 -9.19422E+00  2.08346E-28  1.39513E+06  1.99993E-03  2.51365E+01
 -9.14743E+00  2.08215E-28  1.39409E+06  1.99996E-03  2.47864E+01
 -9.10064E+00  2.08085E-28  1.39306E+06  1.99999E-03  2.44358E+01
 -9.05385E+00  2.08003E-28  1.39248E+06  1.99999E-03  2.42655E+01
 -9.00706E+00  2.07920E-28  1.39189E+06  2.00000E-03  2.40951E+01
 -8.96027E+00  2.07818E-28  1.39142E+06  2.00000E-03  2.40141E+01
 -8.91348E+00  2.07717E-28  1.39094E+06  2.00000E-03  2.39330E+01
 -8.86669E+00  2.07605E-28  1.39046E+06  2.00000E-03  2.39211E+01
 -8.81990E+00  2.07492E-28  1.38998E+06  2.00000E-03  2.39092E+01
 -8.77311E+00  2.07371E-28  1.38945E+06  2.00000E-03  2.39535E+01
 -8.72632E+00  2.07249E-28  1.38892E+06  2.00000E-03  2.39979E+01
 -8.67953E+00  2.07114E-28  1.38832E+06  2.00000E-03  2.40961E+01
 -8.63274E+00  2.06979E-28  1.38772E+06  2.00000E-03  2.41943E+01
 -8.58595E+00  2.06827E-28  1.38704E+06  2.00000E-03  2.43460E+01
 -8.53916E+00  2.06675E-28  1.38636E+06  2.00000E-03  2.44979E+01
 -8.49237E+00  2.06501E-28  1.38558E+06  2.00000E-03  2.47020E+01
 -8.44558E+00  2.06328E-28  1.38480E+06  2.00000E-03  2.49064E+01
 -8.39879E+00  2.06127E-28  1.38391E+06  2.00000E-03  2.51595E+01
 -8.35200E+00  2.05927E-28  1.38302E+06  2.00000E-03  2.54131E+01
 -8.30521E+00  2.05697E-28  1.38200E+06  2.00000E-03  2.57108E+01
 -8.25842E+00  2.05466E-28  1.38097E+06  2.00000E-03  2.60091E+01
 -8.21163E+00  2.05204E-28  1.37981E+06  2.00000E-03  2.63458E+01
 -8.16484E+00  2.04941E-28  1.37864E+06  2.00000E-03  2.66834E+01
 -8.11805E+00  2.04649E-28  1.37733E+06  2.00000E-03  2.70522E+01
 -8.07126E+00  2.04357E-28  1.37603E+06  2.00000E-03  2.74221E+01
 -8.02447E+00  2.04041E-28  1.37462E+06  2.00000E-03  2.78132E+01
 -7.97768E+00  2.03725E-28  1.37321E+06  2.00000E-03  2.82055E+01
 -7.93089E+00  2.03395E-28  1.37171E+06  2.00000E-03  2.86064E+01
 -7.88410E+00  2.03065E-28  1.37021E+06  2.00000E-03  2.90086E+01
 -7.83731E+00  2.02733E-28  1.36866E+06  2.00000E-03  2.94054E+01
 -7.79052E+00  2.02401E-28  1.36711E+06  1.99999E-03  2.98035E+01
 -7.74373E+00  2.02069E-28  1.36562E+06  1.99998E-03  3.01812E+01
 -7.69694E+00  2.01736E-28  1.36412E+06  1.99997E-03  3.05603E+01
 -7.65015E+00  2.01398E-28  1.36285E+06  1.99994E-03  3.09005E+01
 -7.60336E+00  2.01060E-28  1.36158E+06  1.99990E-03  3.12419E+01
 -7.55657E+00  2.00741E-28  1.36049E+06  1.99979E-03  3.15197E+01
 -7.50978E+00  2.00422E-28  1.35940E+06  1.99967E-03  3.17984E+01
 -7.46299E+00  2.00215E-28  1.35799E+06  1.99933E-03  3.19828E+01
 -7.41620E+00  2.00008E-28  1.35658E+06  1.99899E-03  3.21677E+01
 -7.36941E+00  2.00098E-28  1.35370E+06  1.99809E-03  3.22235E+01
 -7.32262E+00  2.00187E-28  1.35082E+06  1.99719E-03  3.22792E+01
 -7.27583E+00  2.00776E-28  1.34520E+06  1.99511E-03  3.21702E+01
 -7.22904E+00  2.01365E-28  1.33962E+06  1.99305E-03  3.20618E+01
 -7.18225E+00  2.02776E-28  1.32930E+06  1.98881E-03  3.17572E+01
 -7.13546E+00  2.04188E-28  1.31912E+06  1.98462E-03  3.14568E+01
 -7.08867E+00  2.06829E-28  1.30202E+06  1.97698E-03  3.09432E+01
 -7.04188E+00  2.09469E-28  1.28535E+06  1.96952E-03  3.04426E+01
 -6.99509E+00  2.13911E-28  1.25925E+06  1.95667E-03  2.97311E+01
 -6.94830E+00  2.18354E-28  1.23421E+06  1.94434E-03  2.90485E+01
 -6.90151E+00  2.24488E-28  1.20203E+06  1.92682E-03  2.81496E+01
 -6.85472E+00  2.30622E-28  1.17156E+06  1.91024E-03  2.72984E+01
 -6.80793E+00  2.36503E-28  1.14478E+06  1.89416E-03  2.61319E+01
 -6.76114E+00  2.42385E-28  1.11931E+06  1.87887E-03  2.50219E+01
 -6.71435E+00  2.44394E-28  1.11212E+06  1.87277E-03  2.33121E+01
 -6.66756E+00  2.46402E-28  1.10506E+06  1.86677E-03  2.16303E+01
 -6.62077E+00  2.40955E-28  1.13317E+06  1.87956E-03  1.96431E+01
 -6.57398E+00  2.35508E-28  1.16258E+06  1.89295E-03  1.75641E+01
 -6.52719E+00  2.43419E-28  1.12425E+06  1.88134E-03  1.56937E+01
 -6.48040E+00  2.51331E-28  1.08833E+06  1.87045E-03  1.39410E+01
 -6.43362E+00  5.24163E-28  5.17304E+05  1.48708E-03  1.05195E+01
 -6.38683E+00  7.96996E-28  3.37234E+05  1.36619E-03  9.44056E+00
 -6.34003E+00  4.97387E-27  5.18135E+04  1.21988E-03  6.61964E-01
 -6.29325E+00  9.15074E-27  2.69545E+04  1.20713E-03 -1.02619E-01
 -6.24646E+00  7.03360E-27  3.42509E+04  1.22097E-03 -3.02024E+00
 -6.19967E+00  4.91646E-27  4.78312E+04  1.24671E-03 -8.45064E+00
 -6.15288E+00  3.06337E-27  7.48684E+04  1.26408E-03 -9.54292E+00
 -6.10609E+00  1.21028E-27  1.84700E+05  1.33464E-03 -1.39800E+01
 -6.05930E+00  1.22986E-27  1.76042E+05  1.31126E-03 -1.52156E+01
 -6.01251E+00  1.24944E-27  1.67655E+05  1.28862E-03 -1.64124E+01
 -5.96572E+00  2.23002E-27  9.45643E+04  1.25374E-03 -1.28336E+01
 -5.91893E+00  3.21060E-27  6.61201E+04  1.24017E-03 -1.14409E+01
 -5.87214E+00  7.30095E-27  2.73890E+04  1.21561E-03 -8.32657E+00
 -5.82535E+00  1.13913E-26  1.64728E+04  1.20869E-03 -7.44882E+00
 -5.77856E+00  1.36661E-26  1.50395E+04  1.20445E-03 -6.41106E+00
 -5.73177E+00  1.59410E-26  1.40153E+04  1.20142E-03 -5.66949E+00
 -5.68498E+00  1.41127E-26  1.54326E+04  1.20689E-03 -5.34355E+00
 -5.63819E+00  1.22843E-26  1.72716E+04  1.21400E-03 -4.92059E+00
 -5.59140E+00  8.91315E-27  2.42203E+04  1.21666E-03 -4.09738E+00
 -5.54461E+00  5.54198E-27  3.96226E+04  1.22257E-03 -2.27266E+00
 -5.49782E+00  5.10806E-27  4.19015E+04  1.22713E-03  2.35381E-01
 -5.45103E+00  4.67413E-27  4.46036E+04  1.23254E-03  3.20909E+00
 -5.40424E+00  4.05907E-27  4.94987E+04  1.23519E-03  5.99452E+00
 -5.35745E+00  3.44400E-27  5.61423E+04  1.23878E-03  9.77486E+00
 -5.31066E+00  2.49229E-27  7.76738E+04  1.25142E-03  1.22483E+01
 -5.26387E+00  1.54059E-27  1.25808E+05  1.27966E-03  1.77776E+01
 -5.21708E+00  1.04325E-27  1.89857E+05  1.31461E-03  2.05890E+01
 -5.17029E+00  5.45913E-28  3.70606E+05  1.41321E-03  2.85226E+01
 -5.12350E+00  4.15170E-28  4.98672E+05  1.50237E-03  3.15818E+01
 -5.07671E+00  2.84427E-28  7.44474E+05  1.67349E-03  3.74533E+01
 -5.02992E+00  2.62407E-28  8.28312E+05  1.72311E-03  3.80820E+01
 -4.98313E+00  2.40388E-28  9.27510E+05  1.78182E-03  3.88258E+01
 -4.93634E+00  2.46667E-28  9.22849E+05  1.76204E-03  3.70165E+01
 -4.88955E+00  2.52947E-28  9.18419E+05  1.74323E-03  3.52970E+01
 -4.84276E+00  2.63407E-28  8.95729E+05  1.72141E-03  3.33076E+01
 -4.79597E+00  2.73868E-28  8.74772E+05  1.70126E-03  3.14702E+01
 -4.74918E+00  2.75428E-28  8.79164E+05  1.70478E-03  3.10307E+01
 -4.70239E+00  2.76988E-28  8.83506E+05  1.70825E-03  3.05962E+01
 -4.65560E+00  2.99988E-28  8.19962E+05  1.68038E-03  3.15139E+01
 -4.60881E+00  3.22987E-28  7.65467E+05  1.65649E-03  3.23009E+01
 -4.56202E+00  4.24488E-28  5.85340E+05  1.57091E-03  3.36514E+01
 -4.51523E+00  5.25990E-28  4.74733E+05  1.51836E-03  3.44806E+01
 -4.46844E+00  7.39847E-28  3.39007E+05  1.45230E-03  3.53535E+01
 -4.42165E+00  9.53705E-28  2.64152E+05  1.41587E-03  3.58349E+01
 -4.37486E+00  1.62296E-27  1.57705E+05  1.32914E-03  3.39490E+01
 -4.32807E+00  2.29221E-27  1.13416E+05  1.29305E-03  3.31643E+01
 -4.28128E+00  3.26262E-27  8.07807E+04  1.26685E-03  2.89841E+01
 -4.23449E+00  4.23302E-27  6.31082E+04  1.25266E-03  2.67204E+01
 -4.18770E+00  3.78514E-27  7.04058E+04  1.25828E-03  2.32800E+01
 -4.14091E+00  3.33725E-27  7.96622E+04  1.26541E-03  1.89162E+01
 -4.09412E+00  2.31331E-27  1.18266E+05  1.29243E-03  1.70180E+01
 -4.04733E+00  1.28937E-27  2.18184E+05  1.36237E-03  1.21048E+01
 -4.00054E+00  9.66410E-28  2.95779E+05  1.41254E-03  1.12339E+01
 -3.95375E+00  6.43453E-28  4.51265E+05  1.51307E-03  9.48876E+00
 -3.90696E+00  5.60109E-28  5.19587E+05  1.54119E-03  8.80488E+00
 -3.86017E+00  4.76766E-28  6.11796E+05  1.57914E-03  7.88191E+00
 -3.81338E+00  4.53113E-28  6.40711E+05  1.58866E-03  5.97450E+00
 -3.76659E+00  4.29460E-28  6.72810E+05  1.59922E-03  3.85698E+00
 -3.71980E+00  4.27062E-28  6.73172E+05  1.59993E-03  7.12427E-01
 -3.67301E+00  4.24665E-28  6.73538E+05  1.60064E-03 -2.46763E+00
 -3.62622E+00  4.27500E-28  6.64694E+05  1.59762E-03 -5.53611E+00
 -3.57943E+00  4.30336E-28  6.55968E+05  1.59464E-03 -8.56416E+00
 -3.53264E+00  4.37403E-28  6.39598E+05  1.58873E-03 -1.10731E+01
 -3.48585E+00  4.44471E-28  6.23749E+05  1.58301E-03 -1.35023E+01
 -3.43906E+00  4.58442E-28  5.98786E+05  1.57463E-03 -1.53103E+01
 -3.39227E+00  4.72413E-28  5.75299E+05  1.56675E-03 -1.70114E+01
 -3.34548E+00  4.83407E-28  5.58757E+05  1.56129E-03 -1.77992E+01
 -3.29869E+00  4.94401E-28  5.42950E+05  1.55609E-03 -1.85519E+01
 -3.25190E+00  4.84605E-28  5.52683E+05  1.56082E-03 -1.82017E+01
 -3.20511E+00  4.74808E-28  5.62818E+05  1.56574E-03 -1.78371E+01
 -3.15832E+00  4.45860E-28  5.98610E+05  1.58139E-03 -1.64853E+01
 -3.11153E+00  4.16912E-28  6.39373E+05  1.59922E-03 -1.49458E+01
 -3.06474E+00  3.86739E-28  6.88107E+05  1.62074E-03 -1.27291E+01
 -3.01795E+00  3.56566E-28  7.45089E+05  1.64591E-03 -1.01372E+01
 -2.97116E+00  3.39008E-28  7.83039E+05  1.66086E-03 -7.46688E+00
 -2.92437E+00  3.21449E-28  8.25134E+05  1.67744E-03 -4.50486E+00
 -2.87758E+00  3.13005E-28  8.45264E+05  1.68239E-03 -2.39321E+00
 -2.83079E+00  3.04561E-28  8.66509E+05  1.68761E-03 -1.64479E-01
 -2.78400E+00  3.00516E-28  8.74660E+05  1.68645E-03  4.27761E-01
 -2.73721E+00  2.96471E-28  8.83033E+05  1.68526E-03  1.03616E+00
 -2.69042E+00  2.96810E-28  8.77335E+05  1.67789E-03 -9.90477E-02
 -2.64363E+00  2.97149E-28  8.71650E+05  1.67053E-03 -1.23166E+00
 -2.59684E+00  3.01341E-28  8.51694E+05  1.66122E-03 -3.36780E+00
 -2.55005E+00  3.05533E-28  8.32287E+05  1.65217E-03 -5.44532E+00
 -2.50326E+00  2.96207E-28  8.38576E+05  1.65735E-03 -7.03983E+00
 -2.45647E+00  2.86881E-28  8.45275E+05  1.66288E-03 -8.73800E+00
 -2.40968E+00  2.92480E-28  7.85560E+05  1.61776E-03 -9.32218E+00
 -2.36289E+00  2.98079E-28  7.28088E+05  1.57434E-03 -9.88442E+00
 -2.31610E+00  7.23615E-28  2.71202E+05  1.40208E-03 -1.36162E+01
 -2.26931E+00  1.14915E-27  1.52690E+05  1.35740E-03 -1.45841E+01
 -2.22252E+00  3.18506E-27  4.93324E+04  1.31784E-03 -1.91499E+01
 -2.17573E+00  5.22098E-27  2.65830E+04  1.30914E-03 -2.01548E+01
 -2.12894E+00  6.77196E-27  1.97011E+04  1.30328E-03 -2.43126E+01
 -2.08215E+00  8.32293E-27  1.53841E+04  1.29961E-03 -2.69208E+01
 -2.03536E+00  7.21305E-27  1.92906E+04  1.30011E-03 -2.99915E+01
 -1.98857E+00  6.10316E-27  2.46180E+04  1.30080E-03 -3.41790E+01
 -1.94178E+00  4.60841E-27  3.45754E+04  1.30748E-03 -3.65563E+01
 -1.89499E+00  3.11367E-27  5.40931E+04  1.32056E-03 -4.12162E+01
 -1.84820E+00  2.56022E-27  6.78315E+04  1.33072E-03 -4.32557E+01
 -1.80141E+00  2.00677E-27  8.91479E+04  1.34648E-03 -4.64202E+01
 -1.75462E+00  1.79346E-27  1.04567E+05  1.35352E-03 -4.76793E+01
 -1.70783E+00  1.58014E-27  1.24149E+05  1.36247E-03 -4.92783E+01
 -1.66104E+00  1.53039E-27  1.32178E+05  1.36300E-03 -4.96778E+01
 -1.61425E+00  1.48064E-27  1.40747E+05  1.36357E-03 -5.01041E+01
 -1.56746E+00  1.49169E-27  1.42595E+05  1.36355E-03 -4.95919E+01
 -1.52067E+00  1.50273E-27  1.44415E+05  1.36354E-03 -4.90872E+01
 -1.47388E+00  1.47795E-27  1.48964E+05  1.36538E-03 -4.57650E+01
 -1.42709E+00  1.45317E-27  1.53668E+05  1.36728E-03 -4.23295E+01
 -1.38030E+00  1.38431E-27  1.62880E+05  1.36918E-03 -3.66500E+01
 -1.33351E+00  1.31544E-27  1.73057E+05  1.37127E-03 -3.03758E+01
 -1.28672E+00  1.19036E-27  1.86259E+05  1.37725E-03 -2.52045E+01
 -1.23993E+00  1.06528E-27  2.02560E+05  1.38462E-03 -1.88187E+01
 -1.19314E+00  9.31308E-28  2.17690E+05  1.39494E-03 -1.67956E+01
 -1.14635E+00  7.97333E-28  2.37905E+05  1.40873E-03 -1.40925E+01
 -1.09956E+00  7.52831E-28  2.41727E+05  1.41222E-03 -1.46324E+01
 -1.05277E+00  7.08329E-28  2.46030E+05  1.41616E-03 -1.52402E+01
 -1.00598E+00  6.99340E-28  2.45854E+05  1.41628E-03 -1.60077E+01
 -9.59194E-01  6.90350E-28  2.45674E+05  1.41640E-03 -1.67952E+01
 -9.12404E-01  7.14683E-28  2.41318E+05  1.41539E-03 -1.70908E+01
 -8.65614E-01  7.39016E-28  2.37249E+05  1.41445E-03 -1.73670E+01
 -8.18824E-01  8.12919E-28  2.20492E+05  1.40745E-03 -1.74524E+01
 -7.72034E-01  8.86822E-28  2.06528E+05  1.40162E-03 -1.75235E+01
 -7.25244E-01  9.63008E-28  1.94138E+05  1.39217E-03 -1.82651E+01
 -6.78454E-01  1.03920E-27  1.83564E+05  1.38411E-03 -1.88980E+01
 -6.31664E-01  1.04225E-27  1.83456E+05  1.38104E-03 -2.04172E+01
 -5.84874E-01  1.04531E-27  1.83348E+05  1.37799E-03 -2.19275E+01
 -5.38084E-01  1.08790E-27  1.70231E+05  1.37866E-03 -2.45837E+01
 -4.91294E-01  1.13049E-27  1.58102E+05  1.37927E-03 -2.70398E+01
 -4.44504E-01  1.25858E-27  1.34839E+05  1.37430E-03 -2.92274E+01
 -3.97714E-01  1.38666E-27  1.15874E+05  1.37024E-03 -3.10108E+01
 -3.50924E-01  1.57821E-27  9.79243E+04  1.35825E-03 -3.09381E+01
 -3.04135E-01  1.76975E-27  8.38602E+04  1.34886E-03 -3.08810E+01
 -2.57345E-01  1.89430E-27  8.02966E+04  1.34652E-03 -2.87930E+01
 -2.10555E-01  2.01885E-27  7.71726E+04  1.34448E-03 -2.69625E+01
 -1.63765E-01  2.07858E-27  7.80525E+04  1.34705E-03 -2.44349E+01
 -1.16975E-01  2.13831E-27  7.88833E+04  1.34948E-03 -2.20485E+01
 -7.01849E-02  2.29879E-27  7.46549E+04  1.34785E-03 -2.00737E+01
 -2.33950E-02  2.45927E-27  7.09784E+04  1.34644E-03 -1.83566E+01
  2.33950E-02  2.67420E-27  6.52866E+04  1.34020E-03 -1.68535E+01
  7.01849E-02  2.88912E-27  6.04416E+04  1.33489E-03 -1.55741E+01
  1.16975E-01  2.79668E-27  6.12669E+04  1.33348E-03 -1.44199E+01
  1.63765E-01  2.70423E-27  6.21485E+04  1.33196E-03 -1.31868E+01
  2.10555E-01  2.52063E-27  6.59020E+04  1.33403E-03 -1.28228E+01
  2.57345E-01  2.33703E-27  7.02453E+04  1.33641E-03 -1.24016E+01
  3.04135E-01  2.42431E-27  6.90828E+04  1.33682E-03 -1.39234E+01
  3.50924E-01  2.51160E-27  6.80011E+04  1.33720E-03 -1.53394E+01
  3.97714E-01  3.26553E-27  5.58620E+04  1.33263E-03 -1.88138E+01
  4.44504E-01  4.01945E-27  4.82768E+04  1.32977E-03 -2.09849E+01
  4.91294E-01  5.34792E-27  3.81211E+04  1.32260E-03 -2.29531E+01
  5.38084E-01  6.67639E-27  3.20070E+04  1.31829E-03 -2.41381E+01
  5.84874E-01  6.84283E-27  3.19730E+04  1.31365E-03 -2.39878E+01
  6.31664E-01  7.00928E-27  3.19406E+04  1.30923E-03 -2.38446E+01
  6.78454E-01  6.39603E-27  3.43829E+04  1.30367E-03 -2.34225E+01
  7.25244E-01  5.78278E-27  3.73431E+04  1.29693E-03 -2.29109E+01
  7.72034E-01  5.97589E-27  3.51272E+04  1.28960E-03 -2.40166E+01
  8.18824E-01  6.16900E-27  3.30500E+04  1.28272E-03 -2.50530E+01
  8.65614E-01  5.36786E-27  3.95272E+04  1.28181E-03 -2.68444E+01
  9.12404E-01  4.56673E-27  4.82770E+04  1.28057E-03 -2.92642E+01
  9.59194E-01  3.13203E-27  7.16117E+04  1.29162E-03 -3.07052E+01
  1.00598E+00  1.69733E-27  1.34394E+05  1.32133E-03 -3.45822E+01
  1.05277E+00  1.31944E-27  1.74974E+05  1.35376E-03 -3.54142E+01
  1.09956E+00  9.41551E-28  2.48127E+05  1.41222E-03 -3.69141E+01
  1.14635E+00  1.26290E-27  1.86015E+05  1.39581E-03 -3.33785E+01
  1.19314E+00  1.58424E-27  1.49100E+05  1.38606E-03 -3.12772E+01
  1.23993E+00  2.87975E-27  8.14707E+04  1.34763E-03 -2.70018E+01
  1.28672E+00  4.17526E-27  5.58097E+04  1.33306E-03 -2.53795E+01
  1.33351E+00  6.56555E-27  3.48676E+04  1.31532E-03 -2.36969E+01
  1.38030E+00  8.95584E-27  2.51042E+04  1.30706E-03 -2.29125E+01
  1.42709E+00  1.07489E-26  2.03752E+04  1.29895E-03 -2.25198E+01
  1.47388E+00  1.25420E-26  1.69984E+04  1.29315E-03 -2.22394E+01
  1.52067E+00  1.33420E-26  1.61282E+04  1.28965E-03 -2.23251E+01
  1.56746E+00  1.41420E-26  1.53565E+04  1.28654E-03 -2.24011E+01
  1.61425E+00  1.42972E-26  1.52341E+04  1.28531E-03 -2.29231E+01
  1.66104E+00  1.44525E-26  1.51143E+04  1.28412E-03 -2.34340E+01
  1.70783E+00  1.37300E-26  1.54050E+04  1.28456E-03 -2.44348E+01
  1.75462E+00  1.30076E-26  1.57281E+04  1.28506E-03 -2.55467E+01
  1.80141E+00  1.06298E-26  1.85506E+04  1.28669E-03 -2.66224E+01
  1.84820E+00  8.25207E-27  2.29997E+04  1.28927E-03 -2.83180E+01
  1.89499E+00  6.21714E-27  3.12347E+04  1.29233E-03 -2.86217E+01
  1.94178E+00  4.18222E-27  4.74835E+04  1.29835E-03 -2.92209E+01
  1.98857E+00  3.21988E-27  6.15116E+04  1.30691E-03 -2.92357E+01
  2.03536E+00  2.25754E-27  8.74995E+04  1.32275E-03 -2.92630E+01
  2.08215E+00  1.70570E-27  1.15691E+05  1.34348E-03 -2.92633E+01
  2.12894E+00  1.15385E-27  1.70847E+05  1.38405E-03 -2.92640E+01
  2.17573E+00  8.89779E-28  2.20581E+05  1.41584E-03 -2.89142E+01
  2.22252E+00  6.25704E-28  3.12296E+05  1.47447E-03 -2.82693E+01
  2.26931E+00  5.72635E-28  3.40150E+05  1.48798E-03 -2.73343E+01
  2.31610E+00  5.19566E-28  3.73694E+05  1.50425E-03 -2.62083E+01
  2.36289E+00  5.16936E-28  3.75250E+05  1.50404E-03 -2.52113E+01
  2.40968E+00  5.14306E-28  3.76820E+05  1.50383E-03 -2.42042E+01
  2.45647E+00  5.05919E-28  3.84538E+05  1.50475E-03 -2.35485E+01
  2.50326E+00  4.97532E-28  3.92517E+05  1.50570E-03 -2.28708E+01
  2.55005E+00  5.05803E-28  3.88258E+05  1.50203E-03 -2.23512E+01
  2.59684E+00  5.14074E-28  3.84136E+05  1.49848E-03 -2.18483E+01
  2.64363E+00  5.62672E-28  3.52783E+05  1.48322E-03 -2.14050E+01
  2.69042E+00  6.11269E-28  3.26415E+05  1.47038E-03 -2.10321E+01
  2.73721E+00  6.79891E-28  2.95415E+05  1.45204E-03 -2.07416E+01
  2.78400E+00  7.48512E-28  2.70099E+05  1.43705E-03 -2.05044E+01
  2.83079E+00  7.97419E-28  2.55456E+05  1.42678E-03 -2.02677E+01
  2.87758E+00  8.46326E-28  2.42506E+05  1.41769E-03 -2.00583E+01
  2.92437E+00  8.39665E-28  2.45509E+05  1.41677E-03 -1.99975E+01
  2.97116E+00  8.33004E-28  2.48561E+05  1.41584E-03 -1.99356E+01
  3.01795E+00  7.73469E-28  2.67795E+05  1.42112E-03 -2.02998E+01
  3.06474E+00  7.13935E-28  2.90238E+05  1.42728E-03 -2.07246E+01
  3.11153E+00  6.52852E-28  3.18000E+05  1.43491E-03 -2.16526E+01
  3.15832E+00  5.91769E-28  3.51493E+05  1.44412E-03 -2.27723E+01
  3.20511E+00  5.64309E-28  3.71469E+05  1.45178E-03 -2.37580E+01
  3.25190E+00  5.36849E-28  3.93489E+05  1.46022E-03 -2.48446E+01
  3.29869E+00  5.19772E-28  4.11184E+05  1.47283E-03 -2.51018E+01
  3.34548E+00  5.02696E-28  4.30081E+05  1.48629E-03 -2.53765E+01
  3.39227E+00  4.68678E-28  4.67101E+05  1.51172E-03 -2.46724E+01
  3.43906E+00  4.34660E-28  5.09917E+05  1.54112E-03 -2.38581E+01
  3.48585E+00  4.03020E-28  5.55045E+05  1.57190E-03 -2.21320E+01
  3.53264E+00  3.71381E-28  6.07862E+05  1.60792E-03 -2.01117E+01
  3.57943E+00  3.70821E-28  6.11093E+05  1.61692E-03 -1.73057E+01
  3.62622E+00  3.70262E-28  6.14335E+05  1.62594E-03 -1.44912E+01
  3.67301E+00  3.99675E-28  5.68272E+05  1.60218E-03 -1.14252E+01
  3.71980E+00  4.29089E-28  5.28523E+05  1.58168E-03 -8.77953E+00
  3.76659E+00  5.06691E-28  4.44575E+05  1.53510E-03 -6.96462E+00
  3.81338E+00  5.84294E-28  3.82926E+05  1.50089E-03 -5.63181E+00
  3.86017E+00  7.31695E-28  3.03367E+05  1.45987E-03 -5.61185E+00
  3.90696E+00  8.79097E-28  2.50488E+05  1.43260E-03 -5.59858E+00
  3.95375E+00  9.49915E-28  2.31477E+05  1.42310E-03 -6.32403E+00
  4.00054E+00  1.02073E-27  2.15105E+05  1.41491E-03 -6.94883E+00
  4.04733E+00  8.59413E-28  2.55663E+05  1.43625E-03 -7.34810E+00
  4.09412E+00  6.98092E-28  3.14966E+05  1.46744E-03 -7.93191E+00
  4.14091E+00  5.45357E-28  3.99168E+05  1.50804E-03 -8.44490E+00
  4.18770E+00  3.92622E-28  5.48882E+05  1.58022E-03 -9.35702E+00
  4.23449E+00  3.83634E-28  5.54722E+05  1.58036E-03 -1.13037E+01
  4.28128E+00  3.74646E-28  5.60843E+05  1.58050E-03 -1.33438E+01
  4.32807E+00  4.00994E-28  5.17521E+05  1.55331E-03 -1.52597E+01
  4.37486E+00  4.27342E-28  4.79541E+05  1.52947E-03 -1.69394E+01
  4.42165E+00  4.60547E-28  4.38235E+05  1.50996E-03 -1.75028E+01
  4.46844E+00  4.93753E-28  4.02485E+05  1.49307E-03 -1.79904E+01
  4.51523E+00  5.33453E-28  3.65775E+05  1.48004E-03 -1.73486E+01
  4.56202E+00  5.73153E-28  3.34151E+05  1.46881E-03 -1.67958E+01
  4.60881E+00  6.29941E-28  2.96910E+05  1.45004E-03 -1.54662E+01
  4.65560E+00  6.86729E-28  2.65829E+05  1.43438E-03 -1.43566E+01
  4.70239E+00  8.21576E-28  2.15292E+05  1.40731E-03 -1.30439E+01
  4.74918E+00  9.56423E-28  1.79006E+05  1.38788E-03 -1.21013E+01
  4.79597E+00  1.16675E-27  1.42277E+05  1.36541E-03 -1.09345E+01
  4.84276E+00  1.37707E-27  1.16767E+05  1.34980E-03 -1.01241E+01
  4.88955E+00  1.49824E-27  1.05926E+05  1.34173E-03 -8.66759E+00
  4.93634E+00  1.61941E-27  9.67073E+04  1.33487E-03 -7.42908E+00
  4.98313E+00  1.58104E-27  9.90194E+04  1.33528E-03 -6.00299E+00
  5.02992E+00  1.54268E-27  1.01447E+05  1.33571E-03 -4.50596E+00
  5.07671E+00  1.39139E-27  1.12042E+05  1.34051E-03 -3.51588E+00
  5.12350E+00  1.24010E-27  1.25222E+05  1.34647E-03 -2.28424E+00
  5.17029E+00  1.11032E-27  1.38954E+05  1.35360E-03 -1.79947E+00
  5.21708E+00  9.80533E-28  1.56321E+05  1.36261E-03 -1.18637E+00
  5.26387E+00  8.82967E-28  1.73097E+05  1.37085E-03 -9.56290E-01
  5.31066E+00  7.85401E-28  1.94040E+05  1.38114E-03 -6.69040E-01
  5.35745E+00  7.13110E-28  2.14863E+05  1.39220E-03 -4.29564E-01
  5.40424E+00  6.40818E-28  2.40384E+05  1.40575E-03 -1.36056E-01
  5.45103E+00  5.83992E-28  2.68641E+05  1.42284E-03  3.58712E-01
  5.49782E+00  5.27165E-28  3.02989E+05  1.44361E-03  9.60149E-01
  5.54461E+00  5.05671E-28  3.24162E+05  1.46214E-03  1.58168E+00
  5.59140E+00  4.84176E-28  3.47216E+05  1.48231E-03  2.25841E+00
  5.63819E+00  5.52796E-28  3.12599E+05  1.47004E-03  3.05926E+00
  5.68498E+00  6.21415E-28  2.85627E+05  1.46049E-03  3.68325E+00
  5.73177E+00  9.33260E-28  1.93545E+05  1.40337E-03  3.24626E+00
  5.77856E+00  1.24511E-27  1.47588E+05  1.37487E-03  3.02817E+00
  5.82535E+00  2.27831E-27  8.08117E+04  1.31846E-03 -1.47370E+00
  5.87214E+00  3.31151E-27  5.57043E+04  1.29726E-03 -3.16637E+00
  5.91893E+00  5.58870E-27  3.32347E+04  1.27837E-03 -8.97453E+00
  5.96572E+00  7.86590E-27  2.37751E+04  1.27042E-03 -1.14197E+01
  6.01251E+00  1.06701E-26  1.85494E+04  1.25234E-03 -1.43822E+01
  6.05930E+00  1.34743E-26  1.54987E+04  1.24178E-03 -1.61116E+01
  6.10609E+00  1.34920E-26  1.72427E+04  1.24173E-03 -1.66676E+01
  6.15288E+00  1.35097E-26  1.89821E+04  1.24167E-03 -1.72222E+01
  6.19967E+00  1.06421E-26  2.61438E+04  1.24953E-03 -1.72508E+01
  6.24646E+00  7.77442E-27  3.85890E+04  1.26320E-03 -1.73006E+01
  6.29325E+00  5.67214E-27  5.52652E+04  1.27465E-03 -1.70423E+01
  6.34003E+00  3.56985E-27  9.15826E+04  1.29959E-03 -1.64799E+01
  6.38683E+00  2.72746E-27  1.21222E+05  1.31225E-03 -1.57733E+01
  6.43362E+00  1.88507E-27  1.77350E+05  1.33623E-03 -1.44352E+01
  6.48040E+00  1.85025E-27  1.78582E+05  1.33543E-03 -1.27995E+01
  6.52719E+00  1.81542E-27  1.79861E+05  1.33460E-03 -1.11009E+01
  6.57398E+00  2.57747E-27  1.23501E+05  1.31006E-03 -9.06534E+00
  6.62077E+00  3.33952E-27  9.28624E+04  1.29671E-03 -7.95875E+00
  6.66756E+00  5.35197E-27  5.52289E+04  1.27162E-03 -6.96683E+00
  6.71435E+00  7.36442E-27  3.81634E+04  1.26025E-03 -6.51703E+00
  6.76114E+00  9.88944E-27  2.67218E+04  1.24604E-03 -6.71890E+00
  6.80793E+00  1.24145E-26  1.99345E+04  1.23761E-03 -6.83865E+00
  6.85472E+00  1.38181E-26  1.73227E+04  1.23038E-03 -7.37002E+00
  6.90151E+00  1.52218E-26  1.51926E+04  1.22448E-03 -7.80338E+00
  6.94830E+00  1.57679E-26  1.46478E+04  1.22067E-03 -8.15509E+00
  6.99509E+00  1.63140E-26  1.41394E+04  1.21712E-03 -8.48326E+00
  7.04188E+00  1.66057E-26  1.39943E+04  1.21480E-03 -8.76998E+00
  7.08867E+00  1.68974E-26  1.38543E+04  1.21255E-03 -9.04681E+00
  7.13546E+00  1.72139E-26  1.38714E+04  1.21171E-03 -9.54921E+00
  7.18225E+00  1.75304E-26  1.38880E+04  1.21090E-03 -1.00335E+01
  7.22904E+00  1.74629E-26  1.42196E+04  1.21310E-03 -1.09398E+01
  7.27583E+00  1.73953E-26  1.45537E+04  1.21533E-03 -1.18531E+01
  7.32262E+00  1.60294E-26  1.62352E+04  1.22293E-03 -1.31322E+01
  7.36941E+00  1.46634E-26  1.82300E+04  1.23195E-03 -1.46496E+01
  7.41620E+00  1.13379E-26  2.54668E+04  1.24401E-03 -1.56492E+01
  7.46299E+00  8.01240E-27  3.87107E+04  1.26606E-03 -1.74784E+01
  7.50978E+00  5.34187E-27  6.09737E+04  1.28212E-03 -1.80749E+01
  7.55657E+00  2.67135E-27  1.27749E+05  1.33026E-03 -1.98639E+01
  7.60336E+00  1.93117E-27  1.79171E+05  1.36219E-03 -2.05123E+01
  7.65015E+00  1.19100E-27  2.94509E+05  1.43380E-03 -2.19667E+01
  7.69694E+00  1.14548E-27  3.10401E+05  1.45678E-03 -2.19658E+01
  7.74373E+00  1.09996E-27  3.27609E+05  1.48166E-03 -2.19647E+01
  7.79052E+00  1.33862E-27  2.72063E+05  1.45768E-03 -2.03776E+01
  7.83731E+00  1.57728E-27  2.33326E+05  1.44096E-03 -1.92707E+01
  7.88410E+00  1.70198E-27  2.17620E+05  1.41908E-03 -1.79175E+01
  7.93089E+00  1.82669E-27  2.04059E+05  1.40019E-03 -1.67490E+01
  7.97768E+00  1.76990E-27  2.11724E+05  1.39867E-03 -1.56430E+01
  8.02447E+00  1.71312E-27  2.19898E+05  1.39705E-03 -1.44637E+01
  8.07126E+00  1.56379E-27  2.41535E+05  1.40521E-03 -1.33646E+01
  8.11805E+00  1.41445E-27  2.67741E+05  1.41510E-03 -1.20334E+01
  8.16484E+00  1.28314E-27  2.94855E+05  1.42705E-03 -1.06911E+01
  8.21163E+00  1.15184E-27  3.28150E+05  1.44172E-03 -9.04283E+00
  8.25842E+00  1.07915E-27  3.49189E+05  1.45564E-03 -7.47696E+00
  8.30521E+00  1.00646E-27  3.73267E+05  1.47157E-03 -5.68492E+00
  8.35200E+00  1.07221E-27  3.48286E+05  1.47850E-03 -4.43678E+00
  8.39879E+00  1.13796E-27  3.26191E+05  1.48463E-03 -3.33286E+00
  8.44558E+00  1.33275E-27  2.77283E+05  1.47984E-03 -2.96144E+00
  8.49237E+00  1.52754E-27  2.40848E+05  1.47626E-03 -2.68475E+00
  8.53916E+00  1.73267E-27  2.09569E+05  1.45526E-03 -3.74474E+00
  8.58595E+00  1.93780E-27  1.84912E+05  1.43870E-03 -4.58031E+00
  8.63274E+00  1.25236E-27  2.87469E+05  1.48568E-03 -4.90355E+00
  8.67953E+00  5.66918E-28  6.38024E+05  1.64627E-03 -6.00844E+00
  8.72632E+00  4.42311E-28  8.22218E+05  1.71265E-03 -4.90686E+00
  8.77311E+00  3.17705E-28  1.15090E+06  1.83111E-03 -2.94118E+00
  8.81990E+00  3.16719E-28  1.15381E+06  1.82674E-03  2.36945E-01
  8.86669E+00  3.15733E-28  1.15674E+06  1.82235E-03  3.43491E+00
  8.91348E+00  3.20595E-28  1.13618E+06  1.80945E-03  7.05274E+00
  8.96027E+00  3.25457E-28  1.11622E+06  1.79694E-03  1.05625E+01
  9.00706E+00  3.30184E-28  1.09318E+06  1.78390E-03  1.42343E+01
  9.05385E+00  3.34912E-28  1.07080E+06  1.77122E-03  1.78024E+01
  9.10064E+00  3.41730E-28  1.03851E+06  1.76264E-03  2.07070E+01
  9.14743E+00  3.48547E-28  1.00749E+06  1.75439E-03  2.34979E+01
  9.19422E+00  3.54099E-28  9.67672E+05  1.74246E-03  2.15161E+01
  9.24101E+00  3.59652E-28  9.29081E+05  1.73090E-03  1.95955E+01
  9.28780E+00  3.59652E-28  9.29081E+05  1.73090E-03  1.95955E+01
  9.33459E+00  3.59652E-28  9.29081E+05  1.73090E-03  1.95955E+01
  9.38138E+00  3.72279E-28  8.77926E+05  1.70613E-03  1.85334E+01
  9.42817E+00  3.84907E-28  8.30128E+05  1.68298E-03  1.75409E+01
  9.47496E+00  3.84907E-28  8.30128E+05  1.68298E-03  1.75409E+01
  9.52175E+00  3.84907E-28  8.30128E+05  1.68298E-03  1.75409E+01
  9.56854E+00  4.17937E-28  7.55968E+05  1.64695E-03  1.54590E+01
  9.61533E+00  4.50968E-28  6.92671E+05  1.61620E-03  1.36820E+01
  9.66212E+00  4.50968E-28  6.92671E+05  1.61620E-03  1.36820E+01
  9.70891E+00  4.50968E-28  6.92671E+05  1.61620E-03  1.36820E+01
  9.75570E+00  5.13087E-28  6.05939E+05  1.55448E-03  1.24213E+01
  9.80249E+00  5.75205E-28  5.37940E+05  1.50609E-03  1.14328E+01
  9.84928E+00  5.75205E-28  5.37940E+05  1.50609E-03  1.14328E+01
  9.89607E+00  5.75205E-28  5.37940E+05  1.50609E-03  1.14328E+01
  9.94286E+00  7.75514E-28  3.98792E+05  1.42716E-03  1.23551E+01
  9.98965E+00  9.75823E-28  3.16771E+05  1.38063E-03  1.28987E+01
  1.00364E+01  9.75823E-28  3.16771E+05  1.38063E-03  1.28987E+01
  1.00832E+01  9.75823E-28  3.16771E+05  1.38063E-03  1.28987E+01
  1.01300E+01  4.66356E-27  6.23501E+04  1.32063E-03  1.22801E+01
  1.01768E+01  8.35130E-27  3.26218E+04  1.31362E-03  1.22079E+01
  1.02236E+01  8.35130E-27  3.26218E+04  1.31362E-03  1.22079E+01
  1.02704E+01  8.35130E-27  3.26218E+04  1.31362E-03  1.22079E+01
  1.03172E+01  1.10620E-26  2.31416E+04  1.31327E-03  9.91469E+00
  1.03640E+01  1.37726E-26  1.73931E+04  1.31305E-03  8.52419E+00
  1.04108E+01  1.37726E-26  1.73931E+04  1.31305E-03  8.52419E+00
  1.04575E+01  1.37726E-26  1.73931E+04  1.31305E-03  8.52419E+00
  1.05043E+01  1.04666E-26  2.34035E+04  1.31515E-03  7.94052E+00
  1.05511E+01  7.16063E-27  3.49638E+04  1.31918E-03  6.81790E+00
  1.05979E+01  7.16063E-27  3.49638E+04  1.31918E-03  6.81790E+00
  1.06447E+01  7.16063E-27  3.49638E+04  1.31918E-03  6.81790E+00
  1.06915E+01  5.65907E-27  4.50863E+04  1.32335E-03  5.75207E+00
  1.07383E+01  4.15750E-27  6.25209E+04  1.33052E-03  3.91635E+00
  1.07851E+01  4.15750E-27  6.25209E+04  1.33052E-03  3.91635E+00
  1.08319E+01  4.15750E-27  6.25209E+04  1.33052E-03  3.91635E+00
  1.08787E+01  2.51677E-27  1.05990E+05  1.35065E-03  3.05304E+00
  1.09254E+01  8.76043E-28  3.12288E+05  1.44616E-03 -1.04402E+00
  1.09722E+01  8.76043E-28  3.12288E+05  1.44616E-03 -1.04402E+00
  1.10190E+01  8.76043E-28  3.12288E+05  1.44616E-03 -1.04402E+00
  1.10658E+01  5.53115E-28  5.04651E+05  1.54174E-03 -7.81164E-02
  1.11126E+01  2.30186E-28  1.23675E+06  1.90551E-03  3.59794E+00
  1.11594E+01  2.30186E-28  1.23675E+06  1.90551E-03  3.59794E+00
  1.12062E+01  2.30186E-28  1.23675E+06  1.90551E-03  3.59794E+00
  1.12530E+01  5.31008E-28  5.24457E+05  1.57476E-03  1.27282E+01
  1.12998E+01  8.31830E-28  3.27349E+05  1.48323E-03  1.52547E+01
  1.13466E+01  8.31830E-28  3.27349E+05  1.48323E-03  1.52547E+01
  1.13933E+01  8.31830E-28  3.27349E+05  1.48323E-03  1.52547E+01
  1.14401E+01  1.94959E-27  1.33132E+05  1.34229E-03  1.87400E+01
  1.14869E+01  3.06735E-27  8.04625E+04  1.30407E-03  1.96852E+01
  1.15337E+01  3.06735E-27  8.04625E+04  1.30407E-03  1.96852E+01
  1.15805E+01  3.06735E-27  8.04625E+04  1.30407E-03  1.96852E+01
  1.16273E+01  3.37599E-27  7.02888E+04  1.29229E-03  1.87426E+01
  1.16741E+01  3.68464E-27  6.18194E+04  1.28248E-03  1.79580E+01
  1.17209E+01  3.68464E-27  6.18194E+04  1.28248E-03  1.79580E+01
  1.17677E+01  3.68464E-27  6.18194E+04  1.28248E-03  1.79580E+01
  1.18145E+01  3.43174E-27  6.08118E+04  1.28239E-03  1.59122E+01
  1.18612E+01  3.17885E-27  5.96437E+04  1.28228E-03  1.35409E+01
  1.19080E+01  3.17885E-27  5.96437E+04  1.28228E-03  1.35409E+01
  1.19548E+01  3.17885E-27  5.96437E+04  1.28228E-03  1.35409E+01
  1.20016E+01  2.95656E-27  5.92058E+04  1.27753E-03  1.19060E+01
  1.20484E+01  2.73428E-27  5.86966E+04  1.27200E-03  1.00053E+01
  1.20952E+01  2.73428E-27  5.86966E+04  1.27200E-03  1.00053E+01
  1.21420E+01  2.73428E-27  5.86966E+04  1.27200E-03  1.00053E+01
  1.21888E+01  3.59380E-27  4.13491E+04  1.26335E-03  9.42332E+00
  1.22356E+01  4.45332E-27  3.06979E+04  1.25804E-03  9.06599E+00
  1.22824E+01  4.45332E-27  3.06979E+04  1.25804E-03  9.06599E+00
  1.23291E+01  4.45332E-27  3.06979E+04  1.25804E-03  9.06599E+00
  1.23759E+01  7.20893E-27  1.94060E+04  1.25348E-03  8.81096E+00
  1.24227E+01  9.96455E-27  1.43594E+04  1.25145E-03  8.69698E+00
  1.24695E+01  9.96455E-27  1.43594E+04  1.25145E-03  8.69698E+00
  1.25163E+01  9.96455E-27  1.43594E+04  1.25145E-03  8.69698E+00
  1.25631E+01  1.12818E-26  1.40429E+04  1.24565E-03  9.61070E+00
  1.26099E+01  1.25990E-26  1.37927E+04  1.24106E-03  1.03334E+01
  1.26567E+01  1.25990E-26  1.37927E+04  1.24106E-03  1.03334E+01
  1.27035E+01  1.25990E-26  1.37927E+04  1.24106E-03  1.03334E+01
  1.27503E+01  1.32897E-26  1.38285E+04  1.23264E-03  1.15188E+01
  1.27970E+01  1.39804E-26  1.38609E+04  1.22505E-03  1.25870E+01
  1.28438E+01  1.39804E-26  1.38609E+04  1.22505E-03  1.25870E+01
  1.28906E+01  1.39804E-26  1.38609E+04  1.22505E-03  1.25870E+01
  1.29374E+01  1.50164E-26  1.38513E+04  1.21704E-03  1.30321E+01
  1.29842E+01  1.60523E-26  1.38429E+04  1.21006E-03  1.34198E+01
  1.30310E+01  1.60523E-26  1.38429E+04  1.21006E-03  1.34198E+01
  1.30778E+01  1.60523E-26  1.38429E+04  1.21006E-03  1.34198E+01
  1.31246E+01  1.70729E-26  1.37966E+04  1.20940E-03  1.38493E+01
  1.31714E+01  1.80935E-26  1.37554E+04  1.20881E-03  1.42303E+01
  1.32182E+01  1.80935E-26  1.37554E+04  1.20881E-03  1.42303E+01
  1.32649E+01  1.80935E-26  1.37554E+04  1.20881E-03  1.42303E+01
  1.33117E+01  1.87062E-26  1.37350E+04  1.21167E-03  1.48368E+01
  1.33585E+01  1.93190E-26  1.37158E+04  1.21435E-03  1.54048E+01
  1.34053E+01  1.93190E-26  1.37158E+04  1.21435E-03  1.54048E+01
  1.34521E+01  1.93190E-26  1.37158E+04  1.21435E-03  1.54048E+01
  1.34989E+01  1.94138E-26  1.37238E+04  1.21627E-03  1.58193E+01
  1.35457E+01  1.95086E-26  1.37318E+04  1.21817E-03  1.62298E+01
  1.35925E+01  1.95086E-26  1.37318E+04  1.21817E-03  1.62298E+01
  1.36393E+01  1.95086E-26  1.37318E+04  1.21817E-03  1.62298E+01
  1.36861E+01  1.91152E-26  1.37536E+04  1.21932E-03  1.63511E+01
  1.37328E+01  1.87218E-26  1.37764E+04  1.22052E-03  1.64774E+01
  1.37796E+01  1.87218E-26  1.37764E+04  1.22052E-03  1.64774E+01
  1.38264E+01  1.87218E-26  1.37764E+04  1.22052E-03  1.64774E+01
  1.38732E+01  1.46779E-26  1.46963E+04  1.22455E-03  1.51728E+01
  1.39200E+01  1.06340E-26  1.63156E+04  1.23165E-03  1.28758E+01
  1.39668E+01  1.06340E-26  1.63156E+04  1.23165E-03  1.28758E+01
  1.40136E+01  1.06340E-26  1.63156E+04  1.23165E-03  1.28758E+01
  1.40604E+01  1.06340E-26  1.63156E+04  1.23165E-03  1.28758E+01
  1.41072E+01  1.06340E-26  1.63156E+04  1.23165E-03  1.28758E+01
  1.41540E+01  1.06340E-26  1.63156E+04  1.23165E-03  1.28758E+01
  1.42007E+01  1.06340E-26  1.63156E+04  1.23165E-03  1.28758E+01
  1.42475E+01  5.81589E-27  3.76418E+04  1.24034E-03  1.16672E+01
  1.42943E+01  9.97746E-28  2.64937E+05  1.33300E-03 -1.21372E+00
  1.43411E+01  9.97746E-28  2.64937E+05  1.33300E-03 -1.21372E+00
  1.43879E+01  9.97746E-28  2.64937E+05  1.33300E-03 -1.21372E+00
  1.44347E+01  9.97746E-28  2.64937E+05  1.33300E-03 -1.21372E+00
  1.44815E+01  9.97746E-28  2.64937E+05  1.33300E-03 -1.21372E+00
  1.45283E+01  9.97746E-28  2.64937E+05  1.33300E-03 -1.21372E+00
  1.45751E+01  9.97746E-28  2.64937E+05  1.33300E-03 -1.21372E+00
  1.46219E+01  6.03308E-28  4.59408E+05  1.43852E-03 -2.63297E+00
  1.46686E+01  2.08869E-28  1.38837E+06  1.94261E-03 -9.41257E+00
  1.47154E+01  2.08869E-28  1.38837E+06  1.94261E-03 -9.41257E+00
  1.47622E+01  2.08869E-28  1.38837E+06  1.94261E-03 -9.41257E+00
  1.48090E+01  2.08869E-28  1.38837E+06  1.94261E-03 -9.41257E+00
  1.48558E+01  2.08869E-28  1.38837E+06  1.94261E-03 -9.41257E+00
  1.49026E+01  2.08869E-28  1.38837E+06  1.94261E-03 -9.41257E+00
  1.49494E+01  2.08869E-28  1.38837E+06  1.94261E-03 -9.41257E+00
  1.49962E+01  2.10073E-28  1.40637E+06  1.97127E-03 -9.09466E+00
  1.50430E+01  2.11277E-28  1.42416E+06  1.99960E-03 -8.78036E+00
  1.50898E+01  2.11277E-28  1.42416E+06  1.99960E-03 -8.78036E+00
  1.51365E+01  2.11277E-28  1.42416E+06  1.99960E-03 -8.78036E+00
  1.51833E+01  2.11277E-28  1.42416E+06  1.99960E-03 -8.78036E+00
  1.52301E+01  2.11277E-28  1.42416E+06  1.99960E-03 -8.78036E+00
  1.52769E+01  2.11277E-28  1.42416E+06  1.99960E-03 -8.78036E+00
  1.53237E+01  2.11277E-28  1.42416E+06  1.99960E-03 -8.78036E+00
  1.53705E+01  2.14222E-28  1.42950E+06  1.99980E-03 -7.86977E+00
  1.54173E+01  2.17167E-28  1.43470E+06  1.99999E-03 -6.98387E+00
  1.54641E+01  2.17167E-28  1.43470E+06  1.99999E-03 -6.98387E+00
  1.55109E+01  2.17167E-28  1.43470E+06  1.99999E-03 -6.98387E+00
  1.55577E+01  2.17167E-28  1.43470E+06  1.99999E-03 -6.98387E+00
  1.56044E+01  2.17167E-28  1.43470E+06  1.99999E-03 -6.98387E+00
  1.56512E+01  2.17167E-28  1.43470E+06  1.99999E-03 -6.98387E+00
  1.56980E+01  2.17167E-28  1.43470E+06  1.99999E-03 -6.98387E+00
  1.57448E+01  2.18901E-28  1.44104E+06  2.00000E-03 -5.64695E+00
  1.57916E+01  2.20635E-28  1.44728E+06  2.00000E-03 -4.33104E+00
  1.58384E+01  2.20635E-28  1.44728E+06  2.00000E-03 -4.33104E+00
  1.58852E+01  2.20635E-28  1.44728E+06  2.00000E-03 -4.33104E+00
  1.59320E+01  2.20635E-28  1.44728E+06  2.00000E-03 -4.33104E+00
  1.59788E+01  2.20635E-28  1.44728E+06  2.00000E-03 -4.33104E+00
  1.60256E+01  2.20635E-28  1.44728E+06  2.00000E-03 -4.33104E+00
  1.60723E+01  2.20635E-28  1.44728E+06  2.00000E-03 -4.33104E+00
  1.61191E+01  2.21620E-28  1.45151E+06  2.00000E-03 -2.90368E+00
  1.61659E+01  2.22605E-28  1.45570E+06  2.00000E-03 -1.48895E+00
  1.62127E+01  2.22605E-28  1.45570E+06  2.00000E-03 -1.48895E+00
  1.62595E+01  2.22605E-28  1.45570E+06  2.00000E-03 -1.48895E+00
  1.63063E+01  2.22605E-28  1.45570E+06  2.00000E-03 -1.48895E+00
  1.63531E+01  2.22605E-28  1.45570E+06  2.00000E-03 -1.48895E+00
  1.63999E+01  2.22605E-28  1.45570E+06  2.00000E-03 -1.48895E+00
  1.64467E+01  2.22605E-28  1.45570E+06  2.00000E-03 -1.48895E+00
  1.64935E+01  2.23085E-28  1.45792E+06  2.00000E-03 -2.21436E-01
  1.65402E+01  2.23565E-28  1.46012E+06  2.00000E-03  1.04064E+00
  1.65870E+01  2.23565E-28  1.46012E+06  2.00000E-03  1.04064E+00
  1.66338E+01  2.23565E-28  1.46012E+06  2.00000E-03  1.04064E+00
  1.66806E+01  2.23565E-28  1.46012E+06  2.00000E-03  1.04064E+00
  1.67274E+01  2.23565E-28  1.46012E+06  2.00000E-03  1.04064E+00
  1.67742E+01  2.23565E-28  1.46012E+06  2.00000E-03  1.04064E+00
  1.68210E+01  2.23565E-28  1.46012E+06  2.00000E-03  1.04064E+00
  1.68678E+01  2.23704E-28  1.46084E+06  2.00000E-03  2.04144E+00
  1.69146E+01  2.23844E-28  1.46156E+06  2.00000E-03  3.04100E+00
  1.69613E+01  2.23844E-28  1.46156E+06  2.00000E-03  3.04100E+00
  1.70081E+01  2.23844E-28  1.46156E+06  2.00000E-03  3.04100E+00
  1.70549E+01  2.23844E-28  1.46156E+06  2.00000E-03  3.04100E+00
  1.71017E+01  2.23844E-28  1.46156E+06  2.00000E-03  3.04100E+00
  1.71485E+01  2.23844E-28  1.46156E+06  2.00000E-03  3.04100E+00
  1.71953E+01  2.23844E-28  1.46156E+06  2.00000E-03  3.04100E+00
  1.72421E+01  2.23757E-28  1.46121E+06  2.00000E-03  3.74852E+00
  1.72889E+01  2.23671E-28  1.46087E+06  2.00000E-03  4.45659E+00
  1.73357E+01  2.23671E-28  1.46087E+06  2.00000E-03  4.45659E+00
  1.73825E+01  2.23671E-28  1.46087E+06  2.00000E-03  4.45659E+00
  1.74292E+01  2.23671E-28  1.46087E+06  2.00000E-03  4.45659E+00
  1.74760E+01  2.23671E-28  1.46087E+06  2.00000E-03  4.45659E+00
  1.75228E+01  2.23671E-28  1.46087E+06  2.00000E-03  4.45659E+00
  1.75696E+01  2.23671E-28  1.46087E+06  2.00000E-03  4.45659E+00
  1.76164E+01  2.23443E-28  1.45988E+06  2.00000E-03  4.89665E+00
  1.76632E+01  2.23215E-28  1.45888E+06  2.00000E-03  5.33762E+00
  1.77100E+01  2.23215E-28  1.45888E+06  2.00000E-03  5.33762E+00
  1.77568E+01  2.23215E-28  1.45888E+06  2.00000E-03  5.33762E+00
  1.78036E+01  2.23215E-28  1.45888E+06  2.00000E-03  5.33762E+00
  1.78504E+01  2.23215E-28  1.45888E+06  2.00000E-03  5.33762E+00
  1.78971E+01  2.23215E-28  1.45888E+06  2.00000E-03  5.33762E+00
  1.79439E+01  2.23215E-28  1.45888E+06  2.00000E-03  5.33762E+00
  1.79907E+01  2.22894E-28  1.45748E+06  2.00000E-03  5.54299E+00
  1.80375E+01  2.22573E-28  1.45608E+06  2.00000E-03  5.74896E+00
  1.80843E+01  2.22573E-28  1.45608E+06  2.00000E-03  5.74896E+00
  1.81311E+01  2.22573E-28  1.45608E+06  2.00000E-03  5.74896E+00
  1.81779E+01  2.22573E-28  1.45608E+06  2.00000E-03  5.74896E+00
  1.82247E+01  2.22573E-28  1.45608E+06  2.00000E-03  5.74896E+00
  1.82715E+01  2.22573E-28  1.45608E+06  2.00000E-03  5.74896E+00
  1.83183E+01  2.22573E-28  1.45608E+06  2.00000E-03  5.74896E+00
  1.83650E+01  2.22213E-28  1.45451E+06  2.00000E-03  5.76257E+00
  1.84118E+01  2.21853E-28  1.45294E+06  2.00000E-03  5.77623E+00
  1.84586E+01  2.21853E-28  1.45294E+06  2.00000E-03  5.77623E+00
  1.85054E+01  2.21853E-28  1.45294E+06  2.00000E-03  5.77623E+00
  1.85522E+01  2.21853E-28  1.45294E+06  2.00000E-03  5.77623E+00
  1.85990E+01  2.21853E-28  1.45294E+06  2.00000E-03  5.77623E+00
  1.86458E+01  2.21853E-28  1.45294E+06  2.00000E-03  5.77623E+00
  1.86926E+01  2.21853E-28  1.45294E+06  2.00000E-03  5.77623E+00
  1.87394E+01  2.21239E-28  1.45029E+06  2.00000E-03  5.59934E+00
  1.87862E+01  2.20626E-28  1.44764E+06  2.00000E-03  5.42147E+00
  1.88329E+01  2.20626E-28  1.44764E+06  2.00000E-03  5.42147E+00
  1.88797E+01  2.20626E-28  1.44764E+06  2.00000E-03  5.42147E+00
  1.89265E+01  2.20626E-28  1.44764E+06  2.00000E-03  5.42147E+00
  1.89733E+01  2.20626E-28  1.44764E+06  2.00000E-03  5.42147E+00
  1.90201E+01  2.20626E-28  1.44764E+06  2.00000E-03  5.42147E+00
  1.90669E+01  2.20626E-28  1.44764E+06  2.00000E-03  5.42147E+00
  1.91137E+01  2.20626E-28  1.44764E+06  2.00000E-03  5.42147E+00
  1.91605E+01  2.20626E-28  1.44764E+06  2.00000E-03  5.42147E+00
  1.92073E+01  2.20626E-28  1.44764E+06  2.00000E-03  5.42147E+00
  1.92541E+01  2.20626E-28  1.44764E+06  2.00000E-03  5.42147E+00
  1.93008E+01  2.20626E-28  1.44764E+06  2.00000E-03  5.42147E+00
  1.93476E+01  2.20626E-28  1.44764E+06  2.00000E-03  5.42147E+00
  1.93944E+01  2.20626E-28  1.44764E+06  2.00000E-03  5.42147E+00
  1.94412E+01  2.20626E-28  1.44764E+06  2.00000E-03  5.42147E+00
  1.94880E+01  2.20013E-28  1.44491E+06  2.00000E-03  4.96787E+00
  1.95348E+01  2.19401E-28  1.44217E+06  2.00000E-03  4.51174E+00
  1.95816E+01  2.19401E-28  1.44217E+06  2.00000E-03  4.51174E+00
  1.96284E+01  2.19401E-28  1.44217E+06  2.00000E-03  4.51174E+00
  1.96752E+01  2.19401E-28  1.44217E+06  2.00000E-03  4.51174E+00
  1.97220E+01  2.19401E-28  1.44217E+06  2.00000E-03  4.51174E+00
  1.97687E+01  2.19401E-28  1.44217E+06  2.00000E-03  4.51174E+00
  1.98155E+01  2.19401E-28  1.44217E+06  2.00000E-03  4.51174E+00
  1.98623E+01  2.19401E-28  1.44217E+06  2.00000E-03  4.51174E+00
  1.99091E+01  2.19401E-28  1.44217E+06  2.00000E-03  4.51174E+00
  1.99559E+01  2.19401E-28  1.44217E+06  2.00000E-03  4.51174E+00
  2.00027E+01  2.19401E-28  1.44217E+06  2.00000E-03  4.51174E+00
  2.00495E+01  2.19401E-28  1.44217E+06  2.00000E-03  4.51174E+00
  2.00963E+01  2.19401E-28  1.44217E+06  2.00000E-03  4.51174E+00
  2.01431E+01  2.19401E-28  1.44217E+06  2.00000E-03  4.51174E+00
  2.01899E+01  2.19401E-28  1.44217E+06  2.00000E-03  4.51174E+00
  2.02366E+01  2.18932E-28  1.44011E+06  2.00000E-03  3.90759E+00
  2.02834E+01  2.18463E-28  1.43803E+06  2.00000E-03  3.30084E+00
  2.03302E+01  2.18463E-28  1.43803E+06  2.00000E-03  3.30084E+00
  2.03770E+01  2.18463E-28  1.43803E+06  2.00000E-03  3.30084E+00
  2.04238E+01  2.18463E-28  1.43803E+06  2.00000E-03  3.30084E+00
  2.04706E+01  2.18463E-28  1.43803E+06  2.00000E-03  3.30084E+00
  2.05174E+01  2.18463E-28  1.43803E+06  2.00000E-03  3.30084E+00
  2.05642E+01  2.18463E-28  1.43803E+06  2.00000E-03  3.30084E+00
  2.06110E+01  2.18463E-28  1.43803E+06  2.00000E-03  3.30084E+00
  2.06578E+01  2.18463E-28  1.43803E+06  2.00000E-03  3.30084E+00
  2.07045E+01  2.18463E-28  1.43803E+06  2.00000E-03  3.30084E+00
  2.07513E+01  2.18463E-28  1.43803E+06  2.00000E-03  3.30084E+00
  2.07981E+01  2.18463E-28  1.43803E+06  2.00000E-03  3.30084E+00
  2.08449E+01  2.18463E-28  1.43803E+06  2.00000E-03  3.30084E+00
  2.08917E+01  2.18463E-28  1.43803E+06  2.00000E-03  3.30084E+00
  2.09385E+01  2.18463E-28  1.43803E+06  2.00000E-03  3.30084E+00
  2.09853E+01  2.18154E-28  1.43666E+06  2.00000E-03  2.71355E+00
  2.10321E+01  2.17846E-28  1.43530E+06  2.00000E-03  2.12460E+00
  2.10789E+01  2.17846E-28  1.43530E+06  2.00000E-03  2.12460E+00
  2.11257E+01  2.17846E-28  1.43530E+06  2.00000E-03  2.12460E+00
  2.11724E+01  2.17846E-28  1.43530E+06  2.00000E-03  2.12460E+00
  2.12192E+01  2.17846E-28  1.43530E+06  2.00000E-03  2.12460E+00
  2.12660E+01  2.17846E-28  1.43530E+06  2.00000E-03  2.12460E+00
  2.13128E+01  2.17846E-28  1.43530E+06  2.00000E-03  2.12460E+00
  2.13596E+01  2.17846E-28  1.43530E+06  2.00000E-03  2.12460E+00
  2.14064E+01  2.17846E-28  1.43530E+06  2.00000E-03  2.12460E+00
  2.14532E+01  2.17846E-28  1.43530E+06  2.00000E-03  2.12460E+00
  2.15000E+01  2.17846E-28  1.43530E+06  2.00000E-03  2.12460E+00
  2.15468E+01  2.17846E-28  1.43530E+06  2.00000E-03  2.12460E+00
  2.15936E+01  2.17846E-28  1.43530E+06  2.00000E-03  2.12460E+00
  2.16403E+01  2.17846E-28  1.43530E+06  2.00000E-03  2.12460E+00
  2.16871E+01  2.17846E-28  1.43530E+06  2.00000E-03  2.12460E+00
  2.17339E+01  2.17690E-28  1.43460E+06  2.00000E-03  1.63663E+00
  2.17807E+01  2.17533E-28  1.43390E+06  2.00000E-03  1.14795E+00
  2.18275E+01  2.17533E-28  1.43390E+06  2.00000E-03  1.14795E+00
  2.18743E+01  2.17533E-28  1.43390E+06  2.00000E-03  1.14795E+00
  2.19211E+01  2.17533E-28  1.43390E+06  2.00000E-03  1.14795E+00
  2.19679E+01  2.17533E-28  1.43390E+06  2.00000E-03  1.14795E+00
  2.20147E+01  2.17533E-28  1.43390E+06  2.00000E-03  1.14795E+00
  2.20615E+01  2.17533E-28  1.43390E+06  2.00000E-03  1.14795E+00
  2.21082E+01  2.17533E-28  1.43390E+06  2.00000E-03  1.14795E+00
  2.21550E+01  2.17533E-28  1.43390E+06  2.00000E-03  1.14795E+00
  2.22018E+01  2.17533E-28  1.43390E+06  2.00000E-03  1.14795E+00
  2.22486E+01  2.17533E-28  1.43390E+06  2.00000E-03  1.14795E+00
  2.22954E+01  2.17533E-28  1.43390E+06  2.00000E-03  1.14795E+00
  2.23422E+01  2.17533E-28  1.43390E+06  2.00000E-03  1.14795E+00
  2.23890E+01  2.17533E-28  1.43390E+06  2.00000E-03  1.14795E+00
  2.24358E+01  2.17533E-28  1.43390E+06  2.00000E-03  1.14795E+00
  2.24826E+01  2.17483E-28  1.43368E+06  2.00000E-03  7.57142E-01
  2.25294E+01  2.17433E-28  1.43345E+06  2.00000E-03  3.66151E-01
  2.25761E+01  2.17433E-28  1.43345E+06  2.00000E-03  3.66151E-01
  2.26229E+01  2.17433E-28  1.43345E+06  2.00000E-03  3.66151E-01
  2.26697E+01  2.17433E-28  1.43345E+06  2.00000E-03  3.66151E-01
  2.27165E+01  2.17433E-28  1.43345E+06  2.00000E-03  3.66151E-01
  2.27633E+01  2.17433E-28  1.43345E+06  2.00000E-03  3.66151E-01
  2.28101E+01  2.17433E-28  1.43345E+06  2.00000E-03  3.66151E-01
  2.28569E+01  2.17433E-28  1.43345E+06  2.00000E-03  3.66151E-01
  2.29037E+01  2.17433E-28  1.43345E+06  2.00000E-03  3.66151E-01
  2.29505E+01  2.17433E-28  1.43345E+06  2.00000E-03  3.66151E-01
  2.29972E+01  2.17433E-28  1.43345E+06  2.00000E-03  3.66151E-01
  2.30440E+01  2.17433E-28  1.43345E+06  2.00000E-03  3.66151E-01
  2.30908E+01  2.17433E-28  1.43345E+06  2.00000E-03  3.66151E-01
  2.31376E+01  2.17433E-28  1.43345E+06  2.00000E-03  3.66151E-01
  2.31844E+01  2.17433E-28  1.43345E+06  2.00000E-03  3.66151E-01
  2.32312E+01  2.17408E-28  1.43333E+06  2.00000E-03  2.73146E-02
  2.32780E+01  2.17383E-28  1.43322E+06  2.00000E-03 -3.11600E-01
  2.33248E+01  2.17383E-28  1.43322E+06  2.00000E-03 -3.11600E-01
  2.33716E+01  2.17383E-28  1.43322E+06  2.00000E-03 -3.11600E-01
  2.34184E+01  2.17383E-28  1.43322E+06  2.00000E-03 -3.11600E-01
  2.34651E+01  2.17383E-28  1.43322E+06  2.00000E-03 -3.11600E-01
  2.35119E+01  2.17383E-28  1.43322E+06  2.00000E-03 -3.11600E-01
  2.35587E+01  2.17383E-28  1.43322E+06  2.00000E-03 -3.11600E-01
  2.36055E+01  2.17383E-28  1.43322E+06  2.00000E-03 -3.11600E-01
  2.36523E+01  2.17383E-28  1.43322E+06  2.00000E-03 -3.11600E-01
  2.36991E+01  2.17383E-28  1.43322E+06  2.00000E-03 -3.11600E-01
  2.37459E+01  2.17383E-28  1.43322E+06  2.00000E-03 -3.11600E-01
  2.37927E+01  2.17383E-28  1.43322E+06  2.00000E-03 -3.11600E-01
  2.38395E+01  2.17383E-28  1.43322E+06  2.00000E-03 -3.11600E-01
  2.38863E+01  2.17383E-28  1.43322E+06  2.00000E-03 -3.11600E-01
  2.39330E+01  2.17383E-28  1.43322E+06  2.00000E-03 -3.11600E-01
  2.39798E+01  2.17317E-28  1.43292E+06  2.00000E-03 -6.39969E-01
