 -3.13638E+01  2.17218E-28  1.43250E+06  2.00000E-03  9.81422E+00
 -3.12702E+01  2.17218E-28  1.43250E+06  2.00000E-03  9.81422E+00
 -3.11767E+01  2.17218E-28  1.43250E+06  2.00000E-03  9.81422E+00
 -3.10831E+01  2.17215E-28  1.43249E+06  2.00000E-03  9.79092E+00
 -3.09895E+01  2.17213E-28  1.43248E+06  2.00000E-03  9.77530E+00
 -3.08959E+01  2.17212E-28  1.43248E+06  2.00000E-03  9.76442E+00
 -3.08023E+01  2.17211E-28  1.43247E+06  2.00000E-03  9.75776E+00
 -3.07088E+01  2.17208E-28  1.43246E+06  2.00000E-03  9.73157E+00
 -3.06152E+01  2.17207E-28  1.43246E+06  2.00000E-03  9.72629E+00
 -3.05216E+01  2.17259E-28  1.43268E+06  2.00000E-03  9.72017E+00
 -3.04280E+01  2.17687E-28  1.43458E+06  2.00000E-03  9.84503E+00
 -3.03344E+01  2.17358E-28  1.43313E+06  2.00000E-03  9.88400E+00
 -3.02409E+01  2.17358E-28  1.43313E+06  2.00000E-03  9.88400E+00
 -3.01473E+01  2.17358E-28  1.43313E+06  2.00000E-03  9.88400E+00
 -3.00537E+01  2.17358E-28  1.43313E+06  2.00000E-03  9.88400E+00
 -2.99601E+01  2.17358E-28  1.43313E+06  2.00000E-03  9.88400E+00
 -2.98665E+01  2.17358E-28  1.43313E+06  2.00000E-03  9.88400E+00
 -2.97730E+01  2.17358E-28  1.43313E+06  2.00000E-03  9.88400E+00
 -2.96794E+01  2.17358E-28  1.43313E+06  2.00000E-03  9.88400E+00
 -2.95858E+01  2.17367E-28  1.43317E+06  2.00000E-03  9.88438E+00
 -2.94922E+01  2.17808E-28  1.43512E+06  2.00000E-03  9.90167E+00
 -2.93986E+01  2.18247E-28  1.43705E+06  2.00000E-03  9.91879E+00
 -2.93051E+01  2.18258E-28  1.43710E+06  2.00000E-03  9.91922E+00
 -2.92115E+01  2.18127E-28  1.43653E+06  2.00000E-03  9.93832E+00
 -2.91179E+01  2.17727E-28  1.43476E+06  2.00000E-03  9.99709E+00
 -2.90243E+01  2.17698E-28  1.43464E+06  2.00000E-03  1.00014E+01
 -2.89307E+01  2.17698E-28  1.43464E+06  2.00000E-03  1.00014E+01
 -2.88372E+01  2.17698E-28  1.43464E+06  2.00000E-03  1.00014E+01
 -2.87436E+01  2.17698E-28  1.43464E+06  2.00000E-03  1.00014E+01
 -2.86500E+01  2.17698E-28  1.43464E+06  2.00000E-03  1.00014E+01
 -2.85564E+01  2.17705E-28  1.43467E+06  2.00000E-03  1.00011E+01
 -2.84628E+01  2.18683E-28  1.43898E+06  2.00000E-03  9.96875E+00
 -2.83693E+01  2.18806E-28  1.43952E+06  2.00000E-03  9.96469E+00
 -2.82757E+01  2.18806E-28  1.43952E+06  2.00000E-03  9.96469E+00
 -2.81821E+01  2.18806E-28  1.43952E+06  2.00000E-03  9.96469E+00
 -2.80885E+01  2.18792E-28  1.43946E+06  2.00000E-03  9.96951E+00
 -2.79949E+01  2.18476E-28  1.43807E+06  2.00000E-03  1.00814E+01
 -2.79014E+01  2.18165E-28  1.43670E+06  2.00000E-03  1.01919E+01
 -2.78078E+01  2.18145E-28  1.43661E+06  2.00000E-03  1.01991E+01
 -2.77142E+01  2.18145E-28  1.43661E+06  2.00000E-03  1.01991E+01
 -2.76206E+01  2.18192E-28  1.43682E+06  2.00000E-03  1.01529E+01
 -2.75270E+01  2.18629E-28  1.43875E+06  2.00000E-03  1.01227E+01
 -2.74335E+01  2.19608E-28  1.44305E+06  2.00000E-03  1.00326E+01
 -2.73399E+01  2.19630E-28  1.44315E+06  2.00000E-03  1.00243E+01
 -2.72463E+01  2.19680E-28  1.44336E+06  2.00000E-03  9.98361E+00
 -2.71527E+01  2.19861E-28  1.44416E+06  2.00000E-03  9.83650E+00
 -2.70591E+01  2.19861E-28  1.44416E+06  2.00000E-03  9.83650E+00
 -2.69656E+01  2.19861E-28  1.44416E+06  2.00000E-03  9.83650E+00
 -2.68720E+01  2.19861E-28  1.44416E+06  2.00000E-03  9.83650E+00
 -2.67784E+01  2.19463E-28  1.44241E+06  2.00000E-03  1.00093E+01
 -2.66848E+01  2.18992E-28  1.44034E+06  2.00000E-03  1.02146E+01
 -2.65912E+01  2.18921E-28  1.44003E+06  2.00000E-03  1.02526E+01
 -2.64977E+01  2.19899E-28  1.44434E+06  2.00000E-03  1.04784E+01
 -2.64041E+01  2.20160E-28  1.44548E+06  2.00000E-03  1.05383E+01
 -2.63105E+01  2.20160E-28  1.44548E+06  2.00000E-03  1.05383E+01
 -2.62169E+01  2.20160E-28  1.44548E+06  2.00000E-03  1.05383E+01
 -2.61233E+01  2.20160E-28  1.44548E+06  2.00000E-03  1.05383E+01
 -2.60298E+01  2.20160E-28  1.44548E+06  2.00000E-03  1.05383E+01
 -2.59362E+01  2.20160E-28  1.44548E+06  2.00000E-03  1.05383E+01
 -2.58426E+01  2.20160E-28  1.44548E+06  2.00000E-03  1.05383E+01
 -2.57490E+01  2.20160E-28  1.44548E+06  2.00000E-03  1.05383E+01
 -2.56554E+01  2.20160E-28  1.44548E+06  2.00000E-03  1.05383E+01
 -2.55619E+01  2.20403E-28  1.44658E+06  2.00000E-03  1.08513E+01
 -2.54683E+01  2.20531E-28  1.44716E+06  2.00000E-03  1.12908E+01
 -2.53747E+01  2.20507E-28  1.44705E+06  2.00000E-03  1.14054E+01
 -2.52811E+01  2.20507E-28  1.44705E+06  2.00000E-03  1.14054E+01
 -2.51875E+01  2.20507E-28  1.44705E+06  2.00000E-03  1.14054E+01
 -2.50940E+01  2.20507E-28  1.44705E+06  2.00000E-03  1.14054E+01
 -2.50004E+01  2.20507E-28  1.44705E+06  2.00000E-03  1.14054E+01
 -2.49068E+01  2.20507E-28  1.44705E+06  2.00000E-03  1.14054E+01
 -2.48132E+01  2.20507E-28  1.44705E+06  2.00000E-03  1.14054E+01
 -2.47196E+01  2.20507E-28  1.44705E+06  2.00000E-03  1.14054E+01
 -2.46261E+01  2.20631E-28  1.44760E+06  2.00000E-03  1.14652E+01
 -2.45325E+01  2.21242E-28  1.45030E+06  2.00000E-03  1.17585E+01
 -2.44389E+01  2.21449E-28  1.45121E+06  2.00000E-03  1.18574E+01
 -2.43453E+01  2.21248E-28  1.45033E+06  2.00000E-03  1.19105E+01
 -2.42517E+01  2.21037E-28  1.44941E+06  2.00000E-03  1.19664E+01
 -2.41582E+01  2.20920E-28  1.44889E+06  2.00000E-03  1.19976E+01
 -2.40646E+01  2.21357E-28  1.45079E+06  2.00000E-03  1.21576E+01
 -2.39710E+01  2.21527E-28  1.45152E+06  2.00000E-03  1.22194E+01
 -2.38774E+01  2.21504E-28  1.45142E+06  2.00000E-03  1.22016E+01
 -2.37838E+01  2.21465E-28  1.45125E+06  2.00000E-03  1.21943E+01
 -2.36903E+01  2.21067E-28  1.44953E+06  2.00000E-03  1.21743E+01
 -2.35967E+01  2.20995E-28  1.44924E+06  2.00000E-03  1.23474E+01
 -2.35031E+01  2.21411E-28  1.45106E+06  2.00000E-03  1.25708E+01
 -2.34095E+01  2.21458E-28  1.45127E+06  2.00000E-03  1.25962E+01
 -2.33159E+01  2.21458E-28  1.45127E+06  2.00000E-03  1.25962E+01
 -2.32224E+01  2.21458E-28  1.45127E+06  2.00000E-03  1.25962E+01
 -2.31288E+01  2.21463E-28  1.45129E+06  2.00000E-03  1.27182E+01
 -2.30352E+01  2.21603E-28  1.45191E+06  2.00000E-03  1.30038E+01
 -2.29416E+01  2.21494E-28  1.45143E+06  2.00000E-03  1.30617E+01
 -2.28480E+01  2.21494E-28  1.45143E+06  2.00000E-03  1.30617E+01
 -2.27545E+01  2.21494E-28  1.45143E+06  2.00000E-03  1.30617E+01
 -2.26609E+01  2.21590E-28  1.45185E+06  2.00000E-03  1.31309E+01
 -2.25673E+01  2.21908E-28  1.45325E+06  2.00000E-03  1.33587E+01
 -2.24737E+01  2.21835E-28  1.45293E+06  2.00000E-03  1.34842E+01
 -2.23801E+01  2.21546E-28  1.45167E+06  2.00000E-03  1.35020E+01
 -2.22866E+01  2.21397E-28  1.45102E+06  2.00000E-03  1.34147E+01
 -2.21930E+01  2.21287E-28  1.45054E+06  2.00000E-03  1.33311E+01
 -2.20994E+01  2.21602E-28  1.45192E+06  2.00000E-03  1.35357E+01
 -2.20058E+01  2.21864E-28  1.45307E+06  2.00000E-03  1.36860E+01
 -2.19123E+01  2.21659E-28  1.45218E+06  2.00000E-03  1.35901E+01
 -2.18187E+01  2.21179E-28  1.45008E+06  2.00000E-03  1.35165E+01
 -2.17251E+01  2.21005E-28  1.44931E+06  2.00000E-03  1.35175E+01
 -2.16315E+01  2.21264E-28  1.45045E+06  2.00000E-03  1.37015E+01
 -2.15379E+01  2.21661E-28  1.45219E+06  2.00000E-03  1.39824E+01
 -2.14444E+01  2.21661E-28  1.45219E+06  2.00000E-03  1.39824E+01
 -2.13508E+01  2.21648E-28  1.45213E+06  2.00000E-03  1.39820E+01
 -2.12572E+01  2.21289E-28  1.45056E+06  2.00000E-03  1.39720E+01
 -2.11636E+01  2.21035E-28  1.44945E+06  2.00000E-03  1.40295E+01
 -2.10700E+01  2.21342E-28  1.45080E+06  2.00000E-03  1.44409E+01
 -2.09765E+01  2.21470E-28  1.45136E+06  2.00000E-03  1.45693E+01
 -2.08829E+01  2.21470E-28  1.45136E+06  2.00000E-03  1.45693E+01
 -2.07893E+01  2.21470E-28  1.45136E+06  2.00000E-03  1.45693E+01
 -2.06957E+01  2.21371E-28  1.45093E+06  2.00000E-03  1.46048E+01
 -2.06021E+01  2.20946E-28  1.44909E+06  2.00000E-03  1.48600E+01
 -2.05086E+01  2.20583E-28  1.44749E+06  2.00000E-03  1.48798E+01
 -2.04150E+01  2.20479E-28  1.44704E+06  2.00000E-03  1.46953E+01
 -2.03214E+01  2.20508E-28  1.44717E+06  2.00000E-03  1.47462E+01
 -2.02278E+01  2.20452E-28  1.44693E+06  2.00000E-03  1.46490E+01
 -2.01342E+01  2.20448E-28  1.44691E+06  2.00000E-03  1.46630E+01
 -2.00407E+01  2.19939E-28  1.44469E+06  2.00000E-03  1.45883E+01
 -1.99471E+01  2.19343E-28  1.44207E+06  2.00000E-03  1.43238E+01
 -1.98535E+01  2.19069E-28  1.44086E+06  2.00000E-03  1.42013E+01
 -1.97599E+01  2.19069E-28  1.44086E+06  2.00000E-03  1.42013E+01
 -1.96663E+01  2.19022E-28  1.44070E+06  2.00000E-03  1.43280E+01
 -1.95728E+01  2.18874E-28  1.44019E+06  2.00000E-03  1.47308E+01
 -1.94792E+01  2.18549E-28  1.43873E+06  2.00000E-03  1.41093E+01
 -1.93856E+01  2.17815E-28  1.43541E+06  2.00000E-03  1.26774E+01
 -1.92920E+01  2.17351E-28  1.43330E+06  2.00000E-03  1.17676E+01
 -1.91984E+01  2.17115E-28  1.43219E+06  2.00000E-03  1.15040E+01
 -1.91049E+01  2.15995E-28  1.42690E+06  2.00000E-03  1.02415E+01
 -1.90113E+01  2.15678E-28  1.42539E+06  2.00000E-03  9.88212E+00
 -1.89177E+01  2.15713E-28  1.42555E+06  2.00000E-03  9.79457E+00
 -1.88241E+01  2.15817E-28  1.42620E+06  2.00000E-03  7.93693E+00
 -1.87305E+01  2.15506E-28  1.42623E+06  1.99950E-03  3.98906E+00
 -1.86370E+01  2.13254E-28  1.42215E+06  1.99389E-03 -2.46962E+00
 -1.85434E+01  2.11559E-28  1.41846E+06  1.98946E-03 -6.44298E+00
 -1.84498E+01  2.11894E-28  1.41985E+06  1.98871E-03 -6.90136E+00
 -1.83562E+01  2.13046E-28  1.42457E+06  1.98614E-03 -8.46531E+00
 -1.82626E+01  2.13701E-28  1.42735E+06  1.98729E-03 -8.28720E+00
 -1.81691E+01  3.09107E-28  9.82554E+05  1.75106E-03 -1.97850E-01
 -1.80755E+01  3.52476E-28  8.57666E+05  1.67658E-03  1.22883E+00
 -1.79819E+01  4.96042E-28  6.20618E+05  1.57817E-03  1.05379E+01
 -1.78883E+01  1.68147E-27  1.85352E+05  1.39590E-03  2.55026E+01
 -1.77947E+01  1.15768E-27  2.81935E+05  1.43410E-03  2.30824E+01
 -1.77012E+01  1.99094E-27  1.59921E+05  1.38343E-03  2.91840E+01
 -1.76076E+01  4.10159E-27  7.32830E+04  1.34804E-03  3.34797E+01
 -1.75140E+01  2.26647E-27  1.42957E+05  1.37418E-03  3.19598E+01
 -1.74204E+01  3.12108E-27  9.91036E+04  1.34323E-03  3.38768E+01
 -1.73268E+01  3.81751E-27  7.77391E+04  1.33114E-03  3.48448E+01
 -1.72333E+01  2.06960E-27  1.53108E+05  1.36289E-03  3.44994E+01
 -1.71397E+01  2.56672E-27  1.20692E+05  1.34377E-03  3.51818E+01
 -1.70461E+01  2.51982E-27  1.24565E+05  1.34554E-03  3.56308E+01
 -1.69525E+01  1.92361E-27  1.62924E+05  1.35551E-03  3.66244E+01
 -1.68589E+01  7.96194E-28  4.02507E+05  1.44841E-03  4.01924E+01
 -1.67654E+01  7.57993E-28  4.22831E+05  1.45695E-03  4.05059E+01
 -1.66718E+01  5.52002E-28  5.71038E+05  1.51984E-03  4.37445E+01
 -1.65782E+01  2.29751E-28  1.36926E+06  1.83574E-03  5.17694E+01
 -1.64846E+01  2.29536E-28  1.36603E+06  1.83737E-03  5.19162E+01
 -1.63910E+01  2.23209E-28  1.37524E+06  1.89719E-03  5.16555E+01
 -1.62975E+01  2.17001E-28  1.41849E+06  1.96261E-03  4.99039E+01
 -1.62039E+01  2.13093E-28  1.43413E+06  1.99611E-03  4.84515E+01
 -1.61103E+01  2.13089E-28  1.42612E+06  1.99864E-03  4.49978E+01
 -1.60167E+01  2.13666E-28  1.42390E+06  1.99950E-03  4.27502E+01
 -1.59231E+01  2.13441E-28  1.41841E+06  1.99999E-03  4.02589E+01
 -1.58296E+01  2.13227E-28  1.41674E+06  2.00000E-03  3.94483E+01
 -1.57360E+01  2.13358E-28  1.41593E+06  2.00000E-03  3.73975E+01
 -1.56424E+01  2.13256E-28  1.41450E+06  2.00000E-03  3.61640E+01
 -1.55488E+01  2.13245E-28  1.41437E+06  2.00000E-03  3.60698E+01
 -1.54552E+01  2.13102E-28  1.41414E+06  1.99999E-03  3.52096E+01
 -1.53617E+01  2.13058E-28  1.41440E+06  1.99998E-03  3.41768E+01
 -1.52681E+01  2.13067E-28  1.41474E+06  1.99997E-03  3.39300E+01
 -1.51745E+01  2.12847E-28  1.41791E+06  1.99982E-03  3.35290E+01
 -1.50809E+01  2.12419E-28  1.41477E+06  1.99985E-03  3.37936E+01
 -1.49873E+01  2.12532E-28  1.41629E+06  1.99949E-03  3.29105E+01
 -1.48938E+01  2.12530E-28  1.41716E+06  1.99901E-03  3.29266E+01
 -1.48002E+01  2.12215E-28  1.41456E+06  1.99924E-03  3.31126E+01
 -1.47066E+01  2.12140E-28  1.41216E+06  1.99836E-03  3.41752E+01
 -1.46130E+01  2.12217E-28  1.41233E+06  1.99805E-03  3.44053E+01
 -1.45194E+01  2.12093E-28  1.40870E+06  1.99743E-03  3.48029E+01
 -1.44259E+01  2.10733E-28  1.40773E+06  1.99844E-03  3.43939E+01
 -1.43323E+01  2.10361E-28  1.40769E+06  1.99891E-03  3.41524E+01
 -1.42387E+01  2.09639E-28  1.40300E+06  1.99871E-03  3.42259E+01
 -1.41451E+01  2.08324E-28  1.39857E+06  1.99932E-03  3.30254E+01
 -1.40515E+01  2.07971E-28  1.39598E+06  1.99959E-03  3.14372E+01
 -1.39580E+01  2.05474E-28  1.40136E+06  1.99889E-03  3.17662E+01
 -1.38644E+01  2.03437E-28  1.39406E+06  1.99816E-03  2.98233E+01
 -1.37708E+01  2.05725E-28  1.37130E+06  1.98995E-03  2.97417E+01
 -1.36772E+01  2.13267E-28  1.30502E+06  1.96565E-03  2.97905E+01
 -1.35836E+01  2.18059E-28  1.25474E+06  1.94802E-03  2.57075E+01
 -1.34901E+01  2.83224E-28  9.33590E+05  1.79338E-03  2.37871E+01
 -1.33965E+01  3.64456E-28  7.04345E+05  1.67599E-03  2.27825E+01
 -1.33029E+01  3.74976E-28  6.76301E+05  1.66166E-03  2.18188E+01
 -1.32093E+01  6.05162E-28  3.94355E+05  1.46168E-03  2.04748E+01
 -1.31157E+01  6.42538E-28  3.67712E+05  1.44195E-03  2.06309E+01
 -1.30222E+01  6.88388E-28  3.37585E+05  1.41893E-03  1.89036E+01
 -1.29286E+01  7.73463E-28  2.91601E+05  1.39221E-03  1.58814E+01
 -1.28350E+01  7.91519E-28  2.83454E+05  1.38876E-03  1.54596E+01
 -1.27414E+01  1.18827E-27  1.78560E+05  1.34541E-03  1.92108E+01
 -1.26478E+01  1.65527E-27  1.28580E+05  1.32380E-03  1.93873E+01
 -1.25543E+01  1.85114E-27  1.15705E+05  1.31847E-03  2.27214E+01
 -1.24607E+01  2.24762E-27  9.25387E+04  1.30886E-03  3.10084E+01
 -1.23671E+01  2.82365E-27  7.85457E+04  1.30336E-03  3.04781E+01
 -1.22735E+01  2.63495E-27  8.67476E+04  1.30904E-03  3.00587E+01
 -1.21799E+01  2.41094E-27  9.31812E+04  1.31547E-03  3.12546E+01
 -1.20864E+01  1.99737E-27  1.13105E+05  1.32487E-03  3.11243E+01
 -1.19928E+01  9.36617E-28  2.40308E+05  1.39298E-03  2.75035E+01
 -1.18992E+01  6.19334E-28  3.56344E+05  1.44425E-03  2.61692E+01
 -1.18056E+01  5.88692E-28  3.74315E+05  1.45530E-03  2.96777E+01
 -1.17120E+01  5.90141E-28  3.73443E+05  1.45317E-03  3.30475E+01
 -1.16185E+01  5.72869E-28  3.82438E+05  1.46132E-03  3.55231E+01
 -1.15249E+01  5.72523E-28  3.75376E+05  1.46614E-03  3.74026E+01
 -1.14313E+01  5.70906E-28  3.68779E+05  1.47256E-03  3.81522E+01
 -1.13377E+01  5.93627E-28  3.45598E+05  1.46370E-03  3.73694E+01
 -1.12441E+01  6.21216E-28  3.16526E+05  1.44412E-03  3.62748E+01
 -1.11506E+01  5.73368E-28  3.29717E+05  1.44798E-03  3.58168E+01
 -1.10570E+01  5.41238E-28  3.31346E+05  1.45183E-03  3.61914E+01
 -1.09634E+01  6.01967E-28  2.85522E+05  1.43795E-03  3.78260E+01
 -1.08698E+01  6.94077E-28  2.42532E+05  1.41896E-03  3.85786E+01
 -1.07762E+01  8.17973E-28  2.07041E+05  1.39853E-03  3.95840E+01
 -1.06827E+01  9.23970E-28  1.95873E+05  1.40522E-03  3.71325E+01
 -1.05891E+01  1.31998E-27  1.49056E+05  1.38689E-03  3.39536E+01
 -1.04955E+01  2.24355E-27  9.66019E+04  1.34049E-03  3.36309E+01
 -1.04019E+01  2.84087E-27  8.11853E+04  1.32542E-03  3.82465E+01
 -1.03083E+01  2.96531E-27  8.37511E+04  1.32257E-03  4.36268E+01
 -1.02148E+01  3.17681E-27  8.20670E+04  1.32044E-03  4.76465E+01
 -1.01212E+01  1.82727E-27  1.58840E+05  1.34971E-03  4.74938E+01
 -1.00276E+01  1.50837E-27  1.92154E+05  1.36479E-03  5.30330E+01
 -9.93403E+00  1.46348E-27  1.92990E+05  1.36929E-03  5.99708E+01
 -9.84045E+00  1.05063E-27  2.62600E+05  1.40558E-03  6.01922E+01
 -9.74687E+00  6.99936E-28  3.84623E+05  1.44490E-03  5.96078E+01
 -9.65329E+00  6.38840E-28  4.23139E+05  1.45943E-03  5.86628E+01
 -9.55971E+00  5.71771E-28  4.76589E+05  1.47275E-03  5.98625E+01
 -9.46613E+00  5.82558E-28  4.69049E+05  1.47256E-03  6.01094E+01
 -9.37255E+00  6.22043E-28  4.42454E+05  1.46937E-03  5.75041E+01
 -9.27897E+00  7.29218E-28  3.83185E+05  1.45698E-03  5.18992E+01
 -9.18539E+00  8.71818E-28  3.21869E+05  1.44058E-03  4.58879E+01
 -9.09181E+00  9.65399E-28  2.90177E+05  1.42470E-03  4.44099E+01
 -8.99823E+00  1.07897E-27  2.57118E+05  1.40447E-03  4.62961E+01
 -8.90465E+00  2.64484E-27  9.68225E+04  1.32586E-03  4.90070E+01
 -8.81107E+00  6.25076E-27  3.82558E+04  1.26026E-03  4.32480E+01
 -8.71749E+00  1.04837E-26  2.16123E+04  1.23472E-03  3.89791E+01
 -8.62391E+00  9.72369E-27  2.27770E+04  1.22443E-03  3.35814E+01
 -8.53033E+00  6.56022E-27  3.50313E+04  1.22915E-03  3.05320E+01
 -8.43675E+00  3.57412E-27  7.00990E+04  1.24585E-03  2.89677E+01
 -8.34317E+00  2.59136E-27  1.09695E+05  1.27011E-03  3.08075E+01
 -8.24959E+00  2.64107E-27  1.13764E+05  1.27548E-03  3.25911E+01
 -8.15601E+00  2.28281E-27  1.41281E+05  1.28806E-03  3.56324E+01
 -8.06243E+00  2.51402E-27  1.31995E+05  1.28160E-03  3.87788E+01
 -7.96885E+00  1.58230E-27  2.07670E+05  1.33080E-03  3.78104E+01
 -7.87527E+00  1.22239E-27  2.61889E+05  1.36794E-03  4.01676E+01
 -7.78169E+00  1.83817E-27  1.71207E+05  1.31282E-03  4.49694E+01
 -7.68811E+00  3.11799E-27  9.55526E+04  1.27071E-03  5.45885E+01
 -7.59453E+00  1.96066E-27  1.58822E+05  1.31366E-03  5.45732E+01
 -7.50095E+00  1.66391E-27  1.89101E+05  1.32324E-03  6.01103E+01
 -7.40737E+00  1.85962E-27  1.62967E+05  1.31549E-03  6.79823E+01
 -7.31379E+00  1.92899E-27  1.49808E+05  1.31140E-03  7.47757E+01
 -7.22021E+00  2.18763E-27  1.18822E+05  1.28627E-03  8.25423E+01
 -7.12663E+00  2.62988E-27  9.37861E+04  1.27113E-03  8.64469E+01
 -7.03305E+00  2.48184E-27  9.40440E+04  1.26949E-03  8.68002E+01
 -6.93947E+00  1.73479E-27  1.21772E+05  1.28847E-03  8.58238E+01
 -6.84589E+00  1.49060E-27  1.35477E+05  1.29370E-03  8.27520E+01
 -6.75231E+00  1.05182E-27  1.96785E+05  1.33855E-03  7.11956E+01
 -6.65873E+00  1.15880E-27  1.75080E+05  1.34075E-03  5.40968E+01
 -6.56515E+00  1.44694E-27  1.34938E+05  1.31313E-03  4.46939E+01
 -6.47157E+00  8.99314E-28  1.90507E+05  1.35402E-03  3.52764E+01
 -6.37800E+00  6.51609E-28  2.30644E+05  1.39584E-03  2.76765E+01
 -6.28442E+00  6.56859E-28  2.25167E+05  1.38696E-03  1.27474E+01
 -6.19083E+00  7.23938E-28  2.14475E+05  1.37532E-03  9.14221E+00
 -6.09726E+00  8.49157E-28  1.76745E+05  1.35793E-03  1.49102E+01
 -6.00368E+00  1.26341E-27  1.12836E+05  1.32688E-03  2.73866E+01
 -5.91010E+00  2.01167E-27  7.24980E+04  1.29402E-03  3.56777E+01
 -5.81652E+00  3.37476E-27  4.69505E+04  1.27128E-03  3.81887E+01
 -5.72294E+00  3.96056E-27  5.00471E+04  1.27060E-03  3.66827E+01
 -5.62936E+00  3.20386E-27  7.27562E+04  1.28160E-03  3.11444E+01
 -5.53578E+00  2.66957E-27  8.99992E+04  1.28364E-03  3.25853E+01
 -5.44220E+00  3.70286E-27  6.37815E+04  1.24554E-03  3.80645E+01
 -5.34862E+00  4.44562E-27  5.62546E+04  1.21787E-03  4.03544E+01
 -5.25504E+00  3.99416E-27  6.15703E+04  1.22194E-03  4.28791E+01
 -5.16146E+00  2.72231E-27  8.75606E+04  1.25466E-03  4.40186E+01
 -5.06788E+00  1.82866E-27  1.30583E+05  1.29727E-03  4.22481E+01
 -4.97430E+00  1.02746E-27  2.49668E+05  1.36938E-03  3.64501E+01
 -4.88072E+00  3.75245E-28  7.30776E+05  1.67383E-03  2.96586E+01
 -4.78714E+00  3.64998E-28  7.57976E+05  1.70235E-03  2.60602E+01
 -4.69356E+00  4.78334E-28  5.84279E+05  1.58587E-03  2.65607E+01
 -4.59998E+00  6.81296E-28  4.13766E+05  1.47979E-03  2.81391E+01
 -4.50640E+00  8.85706E-28  3.17565E+05  1.43998E-03  2.84308E+01
 -4.41282E+00  6.92952E-28  4.06158E+05  1.49538E-03  2.50746E+01
 -4.31924E+00  4.61126E-28  6.12397E+05  1.59322E-03  2.27626E+01
 -4.22566E+00  3.56383E-28  7.93453E+05  1.67575E-03  2.25215E+01
 -4.13208E+00  2.96017E-28  9.54721E+05  1.75129E-03  2.20672E+01
 -4.03850E+00  2.91608E-28  9.67892E+05  1.75540E-03  2.15960E+01
 -3.94492E+00  2.85863E-28  9.83923E+05  1.76590E-03  2.03919E+01
 -3.85134E+00  2.74769E-28  1.01930E+06  1.78597E-03  1.95018E+01
 -3.75776E+00  2.57804E-28  1.08069E+06  1.81739E-03  1.80339E+01
 -3.66418E+00  2.62214E-28  1.05779E+06  1.80982E-03  1.78039E+01
 -3.57060E+00  2.77949E-28  9.93841E+05  1.78289E-03  1.85992E+01
 -3.47702E+00  3.05269E-28  9.02640E+05  1.74431E-03  2.04646E+01
 -3.38344E+00  3.40306E-28  8.11701E+05  1.70034E-03  2.39871E+01
 -3.28986E+00  4.05239E-28  6.86639E+05  1.63371E-03  3.12765E+01
 -3.19628E+00  3.87290E-28  7.22831E+05  1.65807E-03  3.11183E+01
 -3.10270E+00  4.10030E-28  6.88221E+05  1.64518E-03  3.53641E+01
 -3.00912E+00  4.32060E-28  6.56230E+05  1.62889E-03  3.93310E+01
 -2.91554E+00  4.08728E-28  6.94092E+05  1.65400E-03  4.00885E+01
 -2.82196E+00  4.62095E-28  6.09686E+05  1.61322E-03  4.58127E+01
 -2.72838E+00  4.93750E-28  5.65967E+05  1.58921E-03  4.79514E+01
 -2.63480E+00  6.15689E-28  4.44445E+05  1.52411E-03  5.59778E+01
 -2.54122E+00  8.36265E-28  3.18828E+05  1.45557E-03  6.46052E+01
 -2.44764E+00  1.08466E-27  2.40391E+05  1.40940E-03  7.01077E+01
 -2.35406E+00  1.49988E-27  1.67252E+05  1.35637E-03  7.45515E+01
 -2.26048E+00  1.87839E-27  1.33924E+05  1.34507E-03  7.20649E+01
 -2.16690E+00  2.42925E-27  1.01845E+05  1.34448E-03  7.18829E+01
 -2.07332E+00  3.10487E-27  7.96126E+04  1.34451E-03  7.23935E+01
 -1.97974E+00  3.22891E-27  7.84951E+04  1.34763E-03  7.10257E+01
 -1.88616E+00  4.29133E-27  6.17907E+04  1.35606E-03  6.60998E+01
 -1.79258E+00  4.32846E-27  6.14676E+04  1.35684E-03  6.60081E+01
 -1.69900E+00  2.64347E-27  1.09606E+05  1.38298E-03  6.10260E+01
 -1.60542E+00  1.27910E-27  2.39786E+05  1.43956E-03  5.51670E+01
 -1.51184E+00  9.76778E-28  3.18714E+05  1.47082E-03  5.29037E+01
 -1.41826E+00  4.10756E-28  7.56227E+05  1.66667E-03  4.34128E+01
 -1.32468E+00  2.25423E-28  1.36214E+06  1.97128E-03  2.43981E+01
 -1.23110E+00  2.21954E-28  1.38208E+06  1.98125E-03  2.35027E+01
 -1.13752E+00  2.13961E-28  1.41379E+06  1.99858E-03  1.55950E+01
 -1.04394E+00  2.13433E-28  1.41619E+06  1.99995E-03  1.29302E+01
 -9.50363E-01  2.13285E-28  1.41536E+06  1.99999E-03  1.10774E+01
 -8.56783E-01  2.12849E-28  1.41355E+06  2.00000E-03  9.32104E+00
 -7.63204E-01  2.12975E-28  1.41409E+06  2.00000E-03  8.49438E+00
 -6.69624E-01  2.12586E-28  1.41433E+06  1.99993E-03  7.16066E+00
 -5.76044E-01  2.12584E-28  1.41442E+06  1.99993E-03  7.09720E+00
 -4.82464E-01  2.13420E-28  1.41087E+06  1.99852E-03  6.07711E+00
 -3.88884E-01  2.17060E-28  1.38805E+06  1.99084E-03  5.24559E+00
 -2.95304E-01  2.17060E-28  1.38894E+06  1.99090E-03  5.25368E+00
 -2.01724E-01  2.21424E-28  1.36356E+06  1.98297E-03  6.58830E+00
 -1.08145E-01  2.65151E-28  1.13943E+06  1.91451E-03  1.01245E+01
 -1.45647E-02  2.69769E-28  1.11986E+06  1.90848E-03  1.03821E+01
  7.90151E-02  3.36079E-28  8.83386E+05  1.81023E-03  1.60096E+01
  1.72595E-01  4.56687E-28  6.44060E+05  1.69604E-03  1.85231E+01
  2.66175E-01  5.02000E-28  5.85939E+05  1.67170E-03  1.84118E+01
  3.59755E-01  4.47966E-28  6.61370E+05  1.71065E-03  1.60996E+01
  4.53335E-01  5.26611E-28  5.61405E+05  1.65711E-03  1.64173E+01
  5.46914E-01  5.27025E-28  5.62023E+05  1.65305E-03  1.63894E+01
  6.40494E-01  4.73754E-28  6.27596E+05  1.68524E-03  1.57693E+01
  7.34074E-01  4.63393E-28  6.39718E+05  1.69146E-03  1.66150E+01
  8.27654E-01  3.77711E-28  7.82960E+05  1.77187E-03  1.61969E+01
  9.21234E-01  3.67723E-28  8.03638E+05  1.78536E-03  1.62117E+01
  1.01481E+00  3.54751E-28  8.33784E+05  1.78920E-03  1.48201E+01
  1.10839E+00  3.22113E-28  9.17012E+05  1.83077E-03  1.32645E+01
  1.20197E+00  3.10120E-28  9.53187E+05  1.85060E-03  1.27310E+01
  1.29555E+00  2.74619E-28  1.08446E+06  1.89302E-03  7.96127E+00
  1.38913E+00  2.88779E-28  1.03223E+06  1.86269E-03  8.98056E+00
  1.48271E+00  2.84418E-28  1.04919E+06  1.86847E-03  8.75021E+00
  1.57629E+00  2.44297E-28  1.22832E+06  1.93900E-03  5.31039E+00
  1.66987E+00  2.46188E-28  1.22001E+06  1.93897E-03  7.04573E+00
  1.76345E+00  2.44488E-28  1.23145E+06  1.93572E-03  8.09061E+00
  1.85703E+00  2.31173E-28  1.30761E+06  1.95050E-03  7.56031E+00
  1.95061E+00  2.51085E-28  1.20256E+06  1.90276E-03  9.78816E+00
  2.04419E+00  3.39839E-28  8.89723E+05  1.75689E-03  1.46611E+01
  2.13777E+00  3.56407E-28  8.49364E+05  1.73608E-03  1.57726E+01
  2.23135E+00  3.45058E-28  8.74772E+05  1.75471E-03  1.69785E+01
  2.32493E+00  3.80291E-28  7.90790E+05  1.73151E-03  2.00064E+01
  2.41851E+00  3.98088E-28  7.54963E+05  1.71710E-03  2.12536E+01
  2.51209E+00  3.93654E-28  7.63127E+05  1.73319E-03  2.10585E+01
  2.60567E+00  4.14515E-28  7.25545E+05  1.72278E-03  2.17374E+01
  2.69925E+00  4.23771E-28  7.09977E+05  1.71326E-03  2.16335E+01
  2.79283E+00  4.26114E-28  7.05571E+05  1.69951E-03  1.93977E+01
  2.88641E+00  4.27712E-28  7.03416E+05  1.69542E-03  1.80987E+01
  2.97999E+00  3.77155E-28  8.00656E+05  1.73266E-03  1.50438E+01
  3.07357E+00  2.92553E-28  1.03551E+06  1.82601E-03  8.39994E+00
  3.16715E+00  2.93626E-28  1.03114E+06  1.81565E-03  5.62986E+00
  3.26073E+00  3.98943E-28  7.52834E+05  1.65320E-03 -2.95436E+00
  3.35431E+00  4.75916E-28  6.30465E+05  1.58887E-03 -6.07164E+00
  3.44789E+00  4.86758E-28  6.13738E+05  1.58978E-03 -8.07887E+00
  3.54147E+00  4.31284E-28  6.87510E+05  1.64185E-03 -1.15393E+01
  3.63505E+00  3.63925E-28  8.10636E+05  1.72015E-03 -1.41461E+01
  3.72863E+00  3.32402E-28  8.84367E+05  1.76227E-03 -1.55616E+01
  3.82221E+00  2.74146E-28  1.06795E+06  1.85716E-03 -1.75939E+01
  3.91579E+00  2.59636E-28  1.12677E+06  1.88367E-03 -1.74785E+01
  4.00937E+00  2.33550E-28  1.25517E+06  1.93820E-03 -1.75279E+01
  4.10295E+00  2.14255E-28  1.36891E+06  1.98692E-03 -1.67695E+01
  4.19653E+00  2.11904E-28  1.38469E+06  1.99253E-03 -1.65266E+01
  4.29011E+00  2.09931E-28  1.40139E+06  1.99643E-03 -1.60803E+01
  4.38369E+00  2.09730E-28  1.40298E+06  1.99646E-03 -1.60752E+01
  4.47727E+00  2.15067E-28  1.36722E+06  1.98220E-03 -1.60033E+01
  4.57085E+00  2.19926E-28  1.33770E+06  1.97037E-03 -1.59176E+01
  4.66443E+00  2.30209E-28  1.27680E+06  1.95274E-03 -1.55171E+01
  4.75801E+00  2.90213E-28  1.00966E+06  1.87779E-03 -1.38800E+01
  4.85159E+00  3.03272E-28  9.66542E+05  1.86937E-03 -1.39374E+01
  4.94517E+00  3.69425E-28  7.91784E+05  1.80522E-03 -1.19541E+01
  5.03875E+00  6.15638E-28  4.72418E+05  1.66125E-03 -6.43644E+00
  5.13233E+00  5.26163E-28  5.55772E+05  1.74692E-03 -1.27525E+01
  5.22591E+00  6.46613E-28  4.51238E+05  1.68923E-03 -1.06489E+01
  5.31949E+00  8.94959E-28  3.26505E+05  1.61113E-03 -7.73127E+00
  5.41307E+00  1.04495E-27  2.80713E+05  1.57723E-03 -6.28457E+00
  5.50665E+00  1.11378E-27  2.64591E+05  1.55236E-03 -4.43657E+00
  5.60023E+00  1.00395E-27  2.94521E+05  1.55930E-03 -3.92730E+00
  5.69381E+00  7.20536E-28  4.10679E+05  1.60532E-03 -4.76152E+00
  5.78739E+00  6.38850E-28  4.63603E+05  1.62651E-03 -4.94839E+00
  5.88097E+00  4.69596E-28  6.29969E+05  1.69731E-03 -6.70392E+00
  5.97455E+00  2.22438E-28  1.32526E+06  1.97773E-03 -1.22109E+01
  6.06813E+00  2.14874E-28  1.36942E+06  1.99013E-03 -1.21231E+01
  6.16171E+00  2.13156E-28  1.37960E+06  1.99332E-03 -1.25460E+01
  6.25529E+00  2.09740E-28  1.39927E+06  1.99974E-03 -1.39744E+01
  6.34887E+00  2.09541E-28  1.39899E+06  2.00000E-03 -1.46932E+01
  6.44245E+00  2.09467E-28  1.39867E+06  2.00000E-03 -1.47028E+01
  6.53603E+00  2.09198E-28  1.39748E+06  2.00000E-03 -1.57616E+01
  6.62960E+00  2.08965E-28  1.39643E+06  2.00000E-03 -1.67053E+01
  6.72318E+00  2.08856E-28  1.39591E+06  2.00000E-03 -1.70097E+01
  6.81676E+00  2.08599E-28  1.39474E+06  2.00000E-03 -1.79853E+01
  6.91034E+00  2.08342E-28  1.39359E+06  2.00000E-03 -1.89098E+01
  7.00392E+00  2.08255E-28  1.39322E+06  2.00000E-03 -1.91276E+01
  7.09750E+00  2.08151E-28  1.39275E+06  2.00000E-03 -1.94751E+01
  7.19108E+00  2.07925E-28  1.39175E+06  2.00000E-03 -2.02428E+01
  7.28466E+00  2.07807E-28  1.39123E+06  2.00000E-03 -2.06435E+01
  7.37824E+00  2.07827E-28  1.39132E+06  2.00000E-03 -2.07171E+01
  7.47182E+00  2.07742E-28  1.39094E+06  2.00000E-03 -2.10280E+01
  7.56540E+00  2.07603E-28  1.39032E+06  2.00000E-03 -2.15182E+01
  7.65898E+00  2.07679E-28  1.39066E+06  2.00000E-03 -2.13690E+01
  7.75256E+00  2.07693E-28  1.39073E+06  2.00000E-03 -2.14298E+01
  7.84614E+00  2.07586E-28  1.39025E+06  2.00000E-03 -2.18300E+01
  7.93972E+00  2.07570E-28  1.39018E+06  2.00000E-03 -2.18261E+01
  8.03330E+00  2.07533E-28  1.39002E+06  2.00000E-03 -2.19431E+01
  8.12688E+00  2.07469E-28  1.38974E+06  2.00000E-03 -2.22283E+01
  8.22046E+00  2.07618E-28  1.39041E+06  2.00000E-03 -2.19594E+01
  8.31404E+00  2.07631E-28  1.39047E+06  2.00000E-03 -2.19524E+01
  8.40762E+00  2.07679E-28  1.39069E+06  2.00000E-03 -2.19725E+01
  8.50120E+00  2.07753E-28  1.39103E+06  2.00000E-03 -2.19015E+01
  8.59478E+00  2.07842E-28  1.39142E+06  2.00000E-03 -2.17952E+01
  8.68836E+00  2.07834E-28  1.39139E+06  2.00000E-03 -2.18155E+01
  8.78194E+00  2.07852E-28  1.39148E+06  2.00000E-03 -2.19016E+01
  8.87552E+00  2.07850E-28  1.39147E+06  2.00000E-03 -2.18972E+01
  8.96910E+00  2.07854E-28  1.39150E+06  2.00000E-03 -2.18979E+01
  9.06268E+00  2.07986E-28  1.39208E+06  2.00000E-03 -2.17754E+01
  9.15626E+00  2.08076E-28  1.39249E+06  2.00000E-03 -2.16631E+01
  9.24984E+00  2.08128E-28  1.39273E+06  2.00000E-03 -2.16333E+01
  9.34342E+00  2.08213E-28  1.39311E+06  2.00000E-03 -2.15307E+01
  9.43700E+00  2.08416E-28  1.39402E+06  2.00000E-03 -2.12567E+01
  9.53058E+00  2.08435E-28  1.39410E+06  2.00000E-03 -2.12573E+01
  9.62416E+00  2.08485E-28  1.39433E+06  2.00000E-03 -2.12508E+01
  9.71774E+00  2.08569E-28  1.39472E+06  2.00000E-03 -2.12465E+01
  9.81132E+00  2.08578E-28  1.39476E+06  2.00000E-03 -2.12421E+01
  9.90490E+00  2.08746E-28  1.39551E+06  2.00000E-03 -2.11258E+01
  9.99848E+00  2.09008E-28  1.39668E+06  2.00000E-03 -2.08502E+01
  1.00921E+01  2.09065E-28  1.39693E+06  2.00000E-03 -2.07819E+01
  1.01856E+01  2.09383E-28  1.39836E+06  2.00000E-03 -2.05523E+01
  1.02792E+01  2.09542E-28  1.39907E+06  2.00000E-03 -2.04277E+01
  1.03728E+01  2.09921E-28  1.40075E+06  2.00000E-03 -2.00392E+01
  1.04664E+01  2.10208E-28  1.40203E+06  2.00000E-03 -1.98484E+01
  1.05600E+01  2.10394E-28  1.40286E+06  2.00000E-03 -1.97217E+01
  1.06535E+01  2.10721E-28  1.40432E+06  2.00000E-03 -1.95215E+01
  1.07471E+01  2.10918E-28  1.40519E+06  2.00000E-03 -1.93203E+01
  1.08407E+01  2.11439E-28  1.40750E+06  2.00000E-03 -1.88470E+01
  1.09343E+01  2.11940E-28  1.40973E+06  2.00000E-03 -1.84851E+01
  1.10279E+01  2.11992E-28  1.40996E+06  2.00000E-03 -1.84320E+01
  1.11214E+01  2.12527E-28  1.41233E+06  2.00000E-03 -1.79993E+01
  1.12150E+01  2.12889E-28  1.41394E+06  2.00000E-03 -1.77415E+01
  1.13086E+01  2.12985E-28  1.41436E+06  2.00000E-03 -1.76219E+01
  1.14022E+01  2.13252E-28  1.41554E+06  2.00000E-03 -1.74448E+01
  1.14958E+01  2.13578E-28  1.41698E+06  2.00000E-03 -1.72325E+01
  1.15893E+01  2.13621E-28  1.41717E+06  2.00000E-03 -1.72011E+01
  1.16829E+01  2.13855E-28  1.41821E+06  2.00000E-03 -1.69230E+01
  1.17765E+01  2.14002E-28  1.41886E+06  2.00000E-03 -1.68596E+01
  1.18701E+01  2.14164E-28  1.41957E+06  2.00000E-03 -1.66473E+01
  1.19637E+01  2.14225E-28  1.41984E+06  2.00000E-03 -1.65557E+01
  1.20572E+01  2.14381E-28  1.42052E+06  2.00000E-03 -1.63727E+01
  1.21508E+01  2.14418E-28  1.42068E+06  2.00000E-03 -1.62654E+01
  1.22444E+01  2.14416E-28  1.42067E+06  2.00000E-03 -1.62646E+01
  1.23380E+01  2.14419E-28  1.42068E+06  2.00000E-03 -1.62319E+01
  1.24316E+01  2.14421E-28  1.42069E+06  2.00000E-03 -1.61965E+01
  1.25251E+01  2.14487E-28  1.42098E+06  2.00000E-03 -1.60826E+01
  1.26187E+01  2.14487E-28  1.42098E+06  2.00000E-03 -1.59811E+01
  1.27123E+01  2.14529E-28  1.42116E+06  2.00000E-03 -1.58474E+01
  1.28059E+01  2.14515E-28  1.42110E+06  2.00000E-03 -1.58251E+01
  1.28995E+01  2.14482E-28  1.42095E+06  2.00000E-03 -1.57208E+01
  1.29930E+01  2.14513E-28  1.42108E+06  2.00000E-03 -1.55887E+01
  1.30866E+01  2.14462E-28  1.42085E+06  2.00000E-03 -1.55491E+01
  1.31802E+01  2.14398E-28  1.42057E+06  2.00000E-03 -1.55248E+01
  1.32738E+01  2.14347E-28  1.42034E+06  2.00000E-03 -1.55164E+01
  1.33674E+01  2.14216E-28  1.41976E+06  2.00000E-03 -1.54623E+01
  1.34609E+01  2.14159E-28  1.41951E+06  2.00000E-03 -1.54007E+01
  1.35545E+01  2.14007E-28  1.41883E+06  2.00000E-03 -1.53939E+01
  1.36481E+01  2.13801E-28  1.41791E+06  2.00000E-03 -1.53787E+01
  1.37417E+01  2.13728E-28  1.41759E+06  2.00000E-03 -1.53862E+01
  1.38353E+01  2.13483E-28  1.41650E+06  2.00000E-03 -1.54052E+01
  1.39288E+01  2.13231E-28  1.41538E+06  2.00000E-03 -1.54305E+01
  1.40224E+01  2.13206E-28  1.41527E+06  2.00000E-03 -1.54356E+01
  1.41160E+01  2.13088E-28  1.41474E+06  2.00000E-03 -1.54003E+01
  1.42096E+01  2.12872E-28  1.41378E+06  2.00000E-03 -1.54325E+01
  1.43032E+01  2.12734E-28  1.41317E+06  2.00000E-03 -1.54227E+01
  1.43967E+01  2.12643E-28  1.41276E+06  2.00000E-03 -1.53469E+01
  1.44903E+01  2.12537E-28  1.41229E+06  2.00000E-03 -1.53442E+01
  1.45839E+01  2.12398E-28  1.41166E+06  2.00000E-03 -1.52581E+01
  1.46775E+01  2.12329E-28  1.41135E+06  2.00000E-03 -1.51757E+01
  1.47711E+01  2.12254E-28  1.41102E+06  2.00000E-03 -1.51440E+01
  1.48646E+01  2.12174E-28  1.41066E+06  2.00000E-03 -1.50470E+01
  1.49582E+01  2.12161E-28  1.41059E+06  2.00000E-03 -1.50205E+01
  1.50518E+01  2.12121E-28  1.41041E+06  2.00000E-03 -1.49573E+01
  1.51454E+01  2.12016E-28  1.40994E+06  2.00000E-03 -1.48066E+01
  1.52390E+01  2.11976E-28  1.40976E+06  2.00000E-03 -1.47760E+01
  1.53325E+01  2.11987E-28  1.40980E+06  2.00000E-03 -1.46675E+01
  1.54261E+01  2.11941E-28  1.40959E+06  2.00000E-03 -1.45613E+01
  1.55197E+01  2.11910E-28  1.40945E+06  2.00000E-03 -1.44800E+01
  1.56133E+01  2.11908E-28  1.40943E+06  2.00000E-03 -1.43508E+01
  1.57069E+01  2.11907E-28  1.40943E+06  2.00000E-03 -1.42979E+01
  1.58004E+01  2.11935E-28  1.40954E+06  2.00000E-03 -1.41280E+01
  1.58940E+01  2.11956E-28  1.40963E+06  2.00000E-03 -1.40662E+01
  1.59876E+01  2.11967E-28  1.40967E+06  2.00000E-03 -1.40000E+01
  1.60812E+01  2.12001E-28  1.40981E+06  2.00000E-03 -1.37912E+01
  1.61747E+01  2.12002E-28  1.40982E+06  2.00000E-03 -1.37175E+01
  1.62683E+01  2.12018E-28  1.40989E+06  2.00000E-03 -1.36191E+01
  1.63619E+01  2.12017E-28  1.40988E+06  2.00000E-03 -1.34933E+01
  1.64555E+01  2.11993E-28  1.40977E+06  2.00000E-03 -1.34348E+01
  1.65491E+01  2.12006E-28  1.40982E+06  2.00000E-03 -1.33546E+01
  1.66426E+01  2.11926E-28  1.40946E+06  2.00000E-03 -1.32876E+01
  1.67362E+01  2.11900E-28  1.40934E+06  2.00000E-03 -1.32632E+01
  1.68298E+01  2.11898E-28  1.40933E+06  2.00000E-03 -1.31846E+01
  1.69234E+01  2.11801E-28  1.40890E+06  2.00000E-03 -1.31798E+01
  1.70170E+01  2.11691E-28  1.40841E+06  2.00000E-03 -1.31226E+01
  1.71105E+01  2.11704E-28  1.40847E+06  2.00000E-03 -1.30579E+01
  1.72041E+01  2.11640E-28  1.40818E+06  2.00000E-03 -1.30492E+01
  1.72977E+01  2.11588E-28  1.40795E+06  2.00000E-03 -1.29486E+01
  1.73913E+01  2.11568E-28  1.40786E+06  2.00000E-03 -1.28960E+01
  1.74849E+01  2.11554E-28  1.40779E+06  2.00000E-03 -1.28454E+01
  1.75784E+01  2.11568E-28  1.40785E+06  2.00000E-03 -1.27313E+01
  1.76720E+01  2.11562E-28  1.40783E+06  2.00000E-03 -1.26865E+01
  1.77656E+01  2.11626E-28  1.40811E+06  2.00000E-03 -1.25498E+01
  1.78592E+01  2.11608E-28  1.40802E+06  2.00000E-03 -1.24334E+01
  1.79528E+01  2.11588E-28  1.40793E+06  2.00000E-03 -1.23955E+01
  1.80463E+01  2.11645E-28  1.40818E+06  2.00000E-03 -1.22833E+01
  1.81399E+01  2.11628E-28  1.40810E+06  2.00000E-03 -1.21928E+01
  1.82335E+01  2.11626E-28  1.40809E+06  2.00000E-03 -1.21134E+01
  1.83271E+01  2.11710E-28  1.40847E+06  2.00000E-03 -1.19648E+01
  1.84207E+01  2.11679E-28  1.40834E+06  2.00000E-03 -1.19202E+01
  1.85142E+01  2.11575E-28  1.40787E+06  2.00000E-03 -1.18678E+01
  1.86078E+01  2.11571E-28  1.40785E+06  2.00000E-03 -1.18662E+01
  1.87014E+01  2.11595E-28  1.40795E+06  2.00000E-03 -1.18183E+01
  1.87950E+01  2.11664E-28  1.40826E+06  2.00000E-03 -1.16746E+01
  1.88886E+01  2.11699E-28  1.40842E+06  2.00000E-03 -1.16030E+01
  1.89821E+01  2.11699E-28  1.40842E+06  2.00000E-03 -1.16030E+01
  1.90757E+01  2.11631E-28  1.40811E+06  2.00000E-03 -1.15298E+01
  1.91693E+01  2.11619E-28  1.40806E+06  2.00000E-03 -1.14821E+01
  1.92629E+01  2.11667E-28  1.40828E+06  2.00000E-03 -1.13676E+01
  1.93565E+01  2.11709E-28  1.40846E+06  2.00000E-03 -1.12697E+01
  1.94500E+01  2.11709E-28  1.40846E+06  2.00000E-03 -1.12697E+01
  1.95436E+01  2.11728E-28  1.40854E+06  2.00000E-03 -1.12302E+01
  1.96372E+01  2.11741E-28  1.40859E+06  2.00000E-03 -1.11700E+01
  1.97308E+01  2.11734E-28  1.40856E+06  2.00000E-03 -1.10131E+01
  1.98244E+01  2.11754E-28  1.40864E+06  2.00000E-03 -1.08983E+01
  1.99179E+01  2.11768E-28  1.40870E+06  2.00000E-03 -1.08654E+01
  2.00115E+01  2.11779E-28  1.40875E+06  2.00000E-03 -1.08383E+01
  2.01051E+01  2.11779E-28  1.40875E+06  2.00000E-03 -1.08383E+01
  2.01987E+01  2.11775E-28  1.40873E+06  2.00000E-03 -1.08006E+01
  2.02923E+01  2.11780E-28  1.40875E+06  2.00000E-03 -1.06315E+01
  2.03858E+01  2.11790E-28  1.40879E+06  2.00000E-03 -1.05794E+01
  2.04794E+01  2.11790E-28  1.40879E+06  2.00000E-03 -1.05794E+01
  2.05730E+01  2.11790E-28  1.40879E+06  2.00000E-03 -1.05794E+01
  2.06666E+01  2.11791E-28  1.40879E+06  2.00000E-03 -1.05684E+01
  2.07602E+01  2.11796E-28  1.40881E+06  2.00000E-03 -1.04635E+01
  2.08537E+01  2.11850E-28  1.40904E+06  2.00000E-03 -1.03569E+01
  2.09473E+01  2.11925E-28  1.40938E+06  2.00000E-03 -1.02606E+01
  2.10409E+01  2.11951E-28  1.40949E+06  2.00000E-03 -1.02278E+01
  2.11345E+01  2.11955E-28  1.40951E+06  2.00000E-03 -1.02186E+01
  2.12281E+01  2.12034E-28  1.40984E+06  2.00000E-03 -1.00551E+01
  2.13216E+01  2.12107E-28  1.41016E+06  2.00000E-03 -9.93346E+00
  2.14152E+01  2.12135E-28  1.41029E+06  2.00000E-03 -9.90033E+00
  2.15088E+01  2.12292E-28  1.41098E+06  2.00000E-03 -9.75316E+00
  2.16024E+01  2.12480E-28  1.41181E+06  2.00000E-03 -9.57495E+00
  2.16960E+01  2.12700E-28  1.41278E+06  2.00000E-03 -9.29188E+00
  2.17895E+01  2.12777E-28  1.41311E+06  2.00000E-03 -9.18304E+00
  2.18831E+01  2.12777E-28  1.41311E+06  2.00000E-03 -9.18304E+00
  2.19767E+01  2.12777E-28  1.41311E+06  2.00000E-03 -9.18304E+00
  2.20703E+01  2.12951E-28  1.41389E+06  2.00000E-03 -9.03331E+00
  2.21639E+01  2.13223E-28  1.41508E+06  2.00000E-03 -8.78281E+00
  2.22574E+01  2.13432E-28  1.41600E+06  2.00000E-03 -8.51587E+00
  2.23510E+01  2.13440E-28  1.41604E+06  2.00000E-03 -8.50390E+00
  2.24446E+01  2.13440E-28  1.41604E+06  2.00000E-03 -8.50390E+00
  2.25382E+01  2.13440E-28  1.41604E+06  2.00000E-03 -8.50390E+00
  2.26318E+01  2.13520E-28  1.41639E+06  2.00000E-03 -8.42867E+00
  2.27253E+01  2.13802E-28  1.41764E+06  2.00000E-03 -8.11823E+00
  2.28189E+01  2.14104E-28  1.41897E+06  2.00000E-03 -7.83642E+00
  2.29125E+01  2.14106E-28  1.41898E+06  2.00000E-03 -7.83317E+00
  2.30061E+01  2.14153E-28  1.41919E+06  2.00000E-03 -7.77866E+00
  2.30997E+01  2.14152E-28  1.41918E+06  2.00000E-03 -7.77661E+00
  2.31932E+01  2.14206E-28  1.41941E+06  2.00000E-03 -7.66764E+00
  2.32868E+01  2.14335E-28  1.41998E+06  2.00000E-03 -7.50835E+00
  2.33804E+01  2.14548E-28  1.42092E+06  2.00000E-03 -7.33032E+00
  2.34740E+01  2.14641E-28  1.42133E+06  2.00000E-03 -7.23532E+00
  2.35676E+01  2.14641E-28  1.42133E+06  2.00000E-03 -7.23532E+00
  2.36611E+01  2.14643E-28  1.42133E+06  2.00000E-03 -7.19820E+00
  2.37547E+01  2.14646E-28  1.42134E+06  2.00000E-03 -7.13926E+00
  2.38483E+01  2.14666E-28  1.42143E+06  2.00000E-03 -7.12115E+00
  2.39419E+01  2.14738E-28  1.42175E+06  2.00000E-03 -7.05848E+00
  2.40355E+01  2.14868E-28  1.42232E+06  2.00000E-03 -6.94493E+00
  2.41290E+01  2.14883E-28  1.42238E+06  2.00000E-03 -6.91695E+00
  2.42226E+01  2.14907E-28  1.42248E+06  2.00000E-03 -6.82066E+00
  2.43162E+01  2.14908E-28  1.42249E+06  2.00000E-03 -6.81515E+00
  2.44098E+01  2.14908E-28  1.42249E+06  2.00000E-03 -6.81515E+00
  2.45034E+01  2.14931E-28  1.42259E+06  2.00000E-03 -6.79713E+00
  2.45969E+01  2.15011E-28  1.42293E+06  2.00000E-03 -6.73486E+00
  2.46905E+01  2.15172E-28  1.42363E+06  2.00000E-03 -6.51799E+00
  2.47841E+01  2.15228E-28  1.42387E+06  2.00000E-03 -6.38483E+00
  2.48777E+01  2.15228E-28  1.42387E+06  2.00000E-03 -6.38521E+00
  2.49713E+01  2.15222E-28  1.42385E+06  2.00000E-03 -6.38245E+00
  2.50648E+01  2.15219E-28  1.42383E+06  2.00000E-03 -6.38114E+00
  2.51584E+01  2.15195E-28  1.42373E+06  2.00000E-03 -6.37111E+00
  2.52520E+01  2.15193E-28  1.42372E+06  2.00000E-03 -6.37011E+00
  2.53456E+01  2.15193E-28  1.42372E+06  2.00000E-03 -6.37012E+00
  2.54392E+01  2.15193E-28  1.42372E+06  2.00000E-03 -6.37011E+00
  2.55327E+01  2.15193E-28  1.42372E+06  2.00000E-03 -6.37011E+00
  2.56263E+01  2.15126E-28  1.42340E+06  2.00000E-03 -6.34490E+00
  2.57199E+01  2.14947E-28  1.42258E+06  2.00000E-03 -6.34714E+00
  2.58135E+01  2.14830E-28  1.42206E+06  2.00000E-03 -6.40263E+00
  2.59071E+01  2.14732E-28  1.42163E+06  2.00000E-03 -6.44961E+00
  2.60006E+01  2.14732E-28  1.42163E+06  2.00000E-03 -6.44961E+00
  2.60942E+01  2.14732E-28  1.42163E+06  2.00000E-03 -6.44961E+00
  2.61878E+01  2.14732E-28  1.42163E+06  2.00000E-03 -6.44961E+00
  2.62814E+01  2.14732E-28  1.42163E+06  2.00000E-03 -6.44961E+00
  2.63750E+01  2.14732E-28  1.42163E+06  2.00000E-03 -6.44961E+00
  2.64685E+01  2.14732E-28  1.42163E+06  2.00000E-03 -6.44961E+00
  2.65621E+01  2.14726E-28  1.42160E+06  2.00000E-03 -6.45285E+00
  2.66557E+01  2.14284E-28  1.41963E+06  2.00000E-03 -6.69325E+00
  2.67493E+01  2.14168E-28  1.41912E+06  2.00000E-03 -6.75639E+00
  2.68429E+01  2.14168E-28  1.41912E+06  2.00000E-03 -6.75639E+00
  2.69364E+01  2.14092E-28  1.41878E+06  2.00000E-03 -6.80990E+00
  2.70300E+01  2.13908E-28  1.41797E+06  2.00000E-03 -6.93852E+00
  2.71236E+01  2.13647E-28  1.41681E+06  2.00000E-03 -7.12159E+00
  2.72172E+01  2.13647E-28  1.41681E+06  2.00000E-03 -7.12159E+00
  2.73108E+01  2.13647E-28  1.41681E+06  2.00000E-03 -7.12159E+00
  2.74043E+01  2.13647E-28  1.41681E+06  2.00000E-03 -7.12159E+00
  2.74979E+01  2.13647E-28  1.41681E+06  2.00000E-03 -7.12159E+00
  2.75915E+01  2.13533E-28  1.41630E+06  2.00000E-03 -7.15394E+00
  2.76851E+01  2.13369E-28  1.41556E+06  2.00000E-03 -7.19994E+00
  2.77787E+01  2.13348E-28  1.41546E+06  2.00000E-03 -7.20610E+00
  2.78722E+01  2.13348E-28  1.41546E+06  2.00000E-03 -7.20610E+00
  2.79658E+01  2.13348E-28  1.41546E+06  2.00000E-03 -7.20610E+00
  2.80594E+01  2.13348E-28  1.41546E+06  2.00000E-03 -7.20610E+00
  2.81530E+01  2.13337E-28  1.41542E+06  2.00000E-03 -7.21111E+00
  2.82466E+01  2.13262E-28  1.41508E+06  2.00000E-03 -7.23753E+00
  2.83401E+01  2.13193E-28  1.41478E+06  2.00000E-03 -7.25509E+00
  2.84337E+01  2.13169E-28  1.41467E+06  2.00000E-03 -7.25414E+00
  2.85273E+01  2.13170E-28  1.41468E+06  2.00000E-03 -7.25416E+00
  2.86209E+01  2.13295E-28  1.41522E+06  2.00000E-03 -7.04879E+00
  2.87145E+01  2.13348E-28  1.41545E+06  2.00000E-03 -6.97621E+00
  2.88080E+01  2.13348E-28  1.41545E+06  2.00000E-03 -6.97621E+00
  2.89016E+01  2.13348E-28  1.41545E+06  2.00000E-03 -6.97621E+00
  2.89952E+01  2.13348E-28  1.41545E+06  2.00000E-03 -6.97621E+00
  2.90888E+01  2.13348E-28  1.41545E+06  2.00000E-03 -6.97621E+00
  2.91824E+01  2.13348E-28  1.41545E+06  2.00000E-03 -6.97621E+00
  2.92759E+01  2.13348E-28  1.41545E+06  2.00000E-03 -6.97621E+00
  2.93695E+01  2.13371E-28  1.41555E+06  2.00000E-03 -6.95734E+00
  2.94631E+01  2.13554E-28  1.41636E+06  2.00000E-03 -6.80652E+00
  2.95567E+01  2.13854E-28  1.41768E+06  2.00000E-03 -6.54395E+00
  2.96502E+01  2.14079E-28  1.41867E+06  2.00000E-03 -6.33229E+00
  2.97438E+01  2.14104E-28  1.41878E+06  2.00000E-03 -6.30907E+00
  2.98374E+01  2.14104E-28  1.41878E+06  2.00000E-03 -6.30907E+00
  2.99310E+01  2.14104E-28  1.41878E+06  2.00000E-03 -6.30907E+00
  3.00246E+01  2.14104E-28  1.41878E+06  2.00000E-03 -6.30907E+00
  3.01181E+01  2.14104E-28  1.41878E+06  2.00000E-03 -6.30907E+00
  3.02117E+01  2.14104E-28  1.41878E+06  2.00000E-03 -6.30907E+00
  3.03053E+01  2.14104E-28  1.41878E+06  2.00000E-03 -6.30907E+00
  3.03989E+01  2.14104E-28  1.41878E+06  2.00000E-03 -6.30907E+00
  3.04925E+01  2.14104E-28  1.41878E+06  2.00000E-03 -6.30907E+00
  3.05860E+01  2.14292E-28  1.41961E+06  2.00000E-03 -6.13351E+00
  3.06796E+01  2.14608E-28  1.42099E+06  2.00000E-03 -5.90047E+00
  3.07732E+01  2.14729E-28  1.42153E+06  2.00000E-03 -5.82455E+00
  3.08668E+01  2.14751E-28  1.42162E+06  2.00000E-03 -5.81080E+00
  3.09604E+01  2.14751E-28  1.42162E+06  2.00000E-03 -5.81080E+00
  3.10539E+01  2.14751E-28  1.42162E+06  2.00000E-03 -5.81080E+00
  3.11475E+01  2.14751E-28  1.42162E+06  2.00000E-03 -5.81080E+00
  3.12411E+01  2.14751E-28  1.42162E+06  2.00000E-03 -5.81080E+00
  3.13347E+01  2.14751E-28  1.42162E+06  2.00000E-03 -5.81080E+00
  3.14283E+01  2.14751E-28  1.42162E+06  2.00000E-03 -5.81080E+00
  3.15218E+01  2.14767E-28  1.42169E+06  2.00000E-03 -5.78645E+00
