 -3.13638E+01  2.17221E-28  1.43240E+06  2.00000E-03  1.43229E+00
 -3.12702E+01  2.17221E-28  1.43240E+06  2.00000E-03  1.43229E+00
 -3.11767E+01  2.17221E-28  1.43240E+06  2.00000E-03  1.43229E+00
 -3.10831E+01  2.17221E-28  1.43239E+06  2.00000E-03  1.42795E+00
 -3.09895E+01  2.17220E-28  1.43239E+06  2.00000E-03  1.42504E+00
 -3.08959E+01  2.17220E-28  1.43239E+06  2.00000E-03  1.42301E+00
 -3.08023E+01  2.17220E-28  1.43239E+06  2.00000E-03  1.42177E+00
 -3.07088E+01  2.17219E-28  1.43238E+06  2.00000E-03  1.41689E+00
 -3.06152E+01  2.17219E-28  1.43238E+06  2.00000E-03  1.41591E+00
 -3.05216E+01  2.17204E-28  1.43232E+06  2.00000E-03  1.42735E+00
 -3.04280E+01  2.17011E-28  1.43147E+06  2.00000E-03  1.54133E+00
 -3.03344E+01  2.16944E-28  1.43117E+06  2.00000E-03  1.45074E+00
 -3.02409E+01  2.16944E-28  1.43117E+06  2.00000E-03  1.45074E+00
 -3.01473E+01  2.16944E-28  1.43117E+06  2.00000E-03  1.45074E+00
 -3.00537E+01  2.16944E-28  1.43117E+06  2.00000E-03  1.45074E+00
 -2.99601E+01  2.16944E-28  1.43117E+06  2.00000E-03  1.45074E+00
 -2.98665E+01  2.16944E-28  1.43117E+06  2.00000E-03  1.45074E+00
 -2.97730E+01  2.16944E-28  1.43117E+06  2.00000E-03  1.45074E+00
 -2.96794E+01  2.16944E-28  1.43117E+06  2.00000E-03  1.45074E+00
 -2.95858E+01  2.16943E-28  1.43117E+06  2.00000E-03  1.45192E+00
 -2.94922E+01  2.16921E-28  1.43108E+06  2.00000E-03  1.50640E+00
 -2.93986E+01  2.16899E-28  1.43098E+06  2.00000E-03  1.56054E+00
 -2.93051E+01  2.16899E-28  1.43098E+06  2.00000E-03  1.56188E+00
 -2.92115E+01  2.16885E-28  1.43092E+06  2.00000E-03  1.49993E+00
 -2.91179E+01  2.16844E-28  1.43074E+06  2.00000E-03  1.30969E+00
 -2.90243E+01  2.16841E-28  1.43073E+06  2.00000E-03  1.29587E+00
 -2.89307E+01  2.16841E-28  1.43073E+06  2.00000E-03  1.29587E+00
 -2.88372E+01  2.16841E-28  1.43073E+06  2.00000E-03  1.29587E+00
 -2.87436E+01  2.16841E-28  1.43073E+06  2.00000E-03  1.29587E+00
 -2.86500E+01  2.16841E-28  1.43073E+06  2.00000E-03  1.29587E+00
 -2.85564E+01  2.16840E-28  1.43072E+06  2.00000E-03  1.29678E+00
 -2.84628E+01  2.16742E-28  1.43030E+06  2.00000E-03  1.42309E+00
 -2.83693E+01  2.16730E-28  1.43025E+06  2.00000E-03  1.43898E+00
 -2.82757E+01  2.16730E-28  1.43025E+06  2.00000E-03  1.43898E+00
 -2.81821E+01  2.16730E-28  1.43025E+06  2.00000E-03  1.43899E+00
 -2.80885E+01  2.16728E-28  1.43024E+06  2.00000E-03  1.43405E+00
 -2.79949E+01  2.16669E-28  1.42998E+06  2.00000E-03  1.31961E+00
 -2.79014E+01  2.16612E-28  1.42973E+06  2.00000E-03  1.20677E+00
 -2.78078E+01  2.16608E-28  1.42971E+06  2.00000E-03  1.19951E+00
 -2.77142E+01  2.16608E-28  1.42971E+06  2.00000E-03  1.19951E+00
 -2.76206E+01  2.16602E-28  1.42969E+06  2.00000E-03  1.19704E+00
 -2.75270E+01  2.16462E-28  1.42908E+06  2.00000E-03  1.29346E+00
 -2.74335E+01  2.16132E-28  1.42763E+06  2.00000E-03  1.48988E+00
 -2.73399E+01  2.16125E-28  1.42760E+06  2.00000E-03  1.49209E+00
 -2.72463E+01  2.16112E-28  1.42755E+06  2.00000E-03  1.48885E+00
 -2.71527E+01  2.16064E-28  1.42733E+06  2.00000E-03  1.47715E+00
 -2.70591E+01  2.16064E-28  1.42733E+06  2.00000E-03  1.47715E+00
 -2.69656E+01  2.16064E-28  1.42734E+06  2.00000E-03  1.47715E+00
 -2.68720E+01  2.16064E-28  1.42733E+06  2.00000E-03  1.47715E+00
 -2.67784E+01  2.16069E-28  1.42736E+06  2.00000E-03  1.42336E+00
 -2.66848E+01  2.16076E-28  1.42739E+06  2.00000E-03  1.35972E+00
 -2.65912E+01  2.16071E-28  1.42738E+06  2.00000E-03  1.35075E+00
 -2.64977E+01  2.15595E-28  1.42530E+06  2.00000E-03  1.53674E+00
 -2.64041E+01  2.15468E-28  1.42475E+06  2.00000E-03  1.58656E+00
 -2.63105E+01  2.15468E-28  1.42475E+06  2.00000E-03  1.58656E+00
 -2.62169E+01  2.15468E-28  1.42475E+06  2.00000E-03  1.58656E+00
 -2.61233E+01  2.15468E-28  1.42475E+06  2.00000E-03  1.58656E+00
 -2.60298E+01  2.15468E-28  1.42475E+06  2.00000E-03  1.58656E+00
 -2.59362E+01  2.15468E-28  1.42475E+06  2.00000E-03  1.58656E+00
 -2.58426E+01  2.15468E-28  1.42475E+06  2.00000E-03  1.58656E+00
 -2.57490E+01  2.15468E-28  1.42475E+06  2.00000E-03  1.58656E+00
 -2.56554E+01  2.15468E-28  1.42475E+06  2.00000E-03  1.58656E+00
 -2.55619E+01  2.15601E-28  1.42536E+06  2.00000E-03  1.61667E+00
 -2.54683E+01  2.15402E-28  1.42448E+06  2.00000E-03  1.48453E+00
 -2.53747E+01  2.15311E-28  1.42408E+06  2.00000E-03  1.42603E+00
 -2.52811E+01  2.15311E-28  1.42408E+06  2.00000E-03  1.42603E+00
 -2.51875E+01  2.15311E-28  1.42408E+06  2.00000E-03  1.42603E+00
 -2.50940E+01  2.15311E-28  1.42408E+06  2.00000E-03  1.42603E+00
 -2.50004E+01  2.15311E-28  1.42408E+06  2.00000E-03  1.42603E+00
 -2.49068E+01  2.15311E-28  1.42408E+06  2.00000E-03  1.42603E+00
 -2.48132E+01  2.15311E-28  1.42408E+06  2.00000E-03  1.42603E+00
 -2.47196E+01  2.15311E-28  1.42408E+06  2.00000E-03  1.42603E+00
 -2.46261E+01  2.15284E-28  1.42395E+06  2.00000E-03  1.38907E+00
 -2.45325E+01  2.15152E-28  1.42333E+06  2.00000E-03  1.20717E+00
 -2.44389E+01  2.15108E-28  1.42312E+06  2.00000E-03  1.14556E+00
 -2.43453E+01  2.15205E-28  1.42355E+06  2.00000E-03  1.12988E+00
 -2.42517E+01  2.15308E-28  1.42401E+06  2.00000E-03  1.11339E+00
 -2.41582E+01  2.15365E-28  1.42426E+06  2.00000E-03  1.10425E+00
 -2.40646E+01  2.15213E-28  1.42358E+06  2.00000E-03  9.96372E-01
 -2.39710E+01  2.15153E-28  1.42332E+06  2.00000E-03  9.54423E-01
 -2.38774E+01  2.15160E-28  1.42334E+06  2.00000E-03  9.52408E-01
 -2.37838E+01  2.15182E-28  1.42344E+06  2.00000E-03  9.50175E-01
 -2.36903E+01  2.15425E-28  1.42452E+06  2.00000E-03  9.30813E-01
 -2.35967E+01  2.15514E-28  1.42492E+06  2.00000E-03  9.08761E-01
 -2.35031E+01  2.15288E-28  1.42392E+06  2.00000E-03  8.86653E-01
 -2.34095E+01  2.15262E-28  1.42381E+06  2.00000E-03  8.84132E-01
 -2.33159E+01  2.15262E-28  1.42381E+06  2.00000E-03  8.84132E-01
 -2.32224E+01  2.15262E-28  1.42381E+06  2.00000E-03  8.84132E-01
 -2.31288E+01  2.15268E-28  1.42384E+06  2.00000E-03  9.20720E-01
 -2.30352E+01  2.15170E-28  1.42340E+06  2.00000E-03  9.99002E-01
 -2.29416E+01  2.15297E-28  1.42396E+06  2.00000E-03  1.02443E+00
 -2.28480E+01  2.15297E-28  1.42396E+06  2.00000E-03  1.02443E+00
 -2.27545E+01  2.15297E-28  1.42396E+06  2.00000E-03  1.02443E+00
 -2.26609E+01  2.15167E-28  1.42339E+06  2.00000E-03  1.05798E+00
 -2.25673E+01  2.14737E-28  1.42150E+06  2.00000E-03  1.16903E+00
 -2.24737E+01  2.14844E-28  1.42197E+06  2.00000E-03  1.26592E+00
 -2.23801E+01  2.15244E-28  1.42373E+06  2.00000E-03  1.31902E+00
 -2.22866E+01  2.15347E-28  1.42418E+06  2.00000E-03  1.31193E+00
 -2.21930E+01  2.15401E-28  1.42441E+06  2.00000E-03  1.29971E+00
 -2.20994E+01  2.14985E-28  1.42259E+06  2.00000E-03  1.38728E+00
 -2.20058E+01  2.14595E-28  1.42087E+06  2.00000E-03  1.47034E+00
 -2.19123E+01  2.14776E-28  1.42167E+06  2.00000E-03  1.47040E+00
 -2.18187E+01  2.15347E-28  1.42419E+06  2.00000E-03  1.50767E+00
 -2.17251E+01  2.15581E-28  1.42522E+06  2.00000E-03  1.52792E+00
 -2.16315E+01  2.15283E-28  1.42391E+06  2.00000E-03  1.55447E+00
 -2.15379E+01  2.14826E-28  1.42190E+06  2.00000E-03  1.59525E+00
 -2.14444E+01  2.14826E-28  1.42190E+06  2.00000E-03  1.59525E+00
 -2.13508E+01  2.14843E-28  1.42197E+06  2.00000E-03  1.59556E+00
 -2.12572E+01  2.15282E-28  1.42392E+06  2.00000E-03  1.60367E+00
 -2.11636E+01  2.15594E-28  1.42529E+06  2.00000E-03  1.61312E+00
 -2.10700E+01  2.15224E-28  1.42367E+06  2.00000E-03  1.62950E+00
 -2.09765E+01  2.15068E-28  1.42299E+06  2.00000E-03  1.63387E+00
 -2.08829E+01  2.15068E-28  1.42299E+06  2.00000E-03  1.63387E+00
 -2.07893E+01  2.15068E-28  1.42299E+06  2.00000E-03  1.63387E+00
 -2.06957E+01  2.15127E-28  1.42325E+06  2.00000E-03  1.64146E+00
 -2.06021E+01  2.15160E-28  1.42341E+06  2.00000E-03  1.69660E+00
 -2.05086E+01  2.15224E-28  1.42370E+06  2.00000E-03  1.74146E+00
 -2.04150E+01  2.15259E-28  1.42385E+06  2.00000E-03  1.72776E+00
 -2.03214E+01  2.15249E-28  1.42381E+06  2.00000E-03  1.73154E+00
 -2.02278E+01  2.15246E-28  1.42379E+06  2.00000E-03  1.72288E+00
 -2.01342E+01  2.14964E-28  1.42257E+06  2.00000E-03  1.70559E+00
 -2.00407E+01  2.15037E-28  1.42290E+06  2.00000E-03  1.75913E+00
 -1.99471E+01  2.15287E-28  1.42400E+06  2.00000E-03  1.80634E+00
 -1.98535E+01  2.15403E-28  1.42451E+06  2.00000E-03  1.82810E+00
 -1.97599E+01  2.15403E-28  1.42451E+06  2.00000E-03  1.82810E+00
 -1.96663E+01  2.15335E-28  1.42422E+06  2.00000E-03  1.80088E+00
 -1.95728E+01  2.15118E-28  1.42330E+06  2.00000E-03  1.71430E+00
 -1.94792E+01  2.15231E-28  1.42381E+06  2.00000E-03  1.73599E+00
 -1.93856E+01  2.15494E-28  1.42498E+06  2.00000E-03  1.78792E+00
 -1.92920E+01  2.15661E-28  1.42572E+06  2.00000E-03  1.82066E+00
 -1.91984E+01  2.15643E-28  1.42565E+06  2.00000E-03  1.79910E+00
 -1.91049E+01  2.15556E-28  1.42532E+06  2.00000E-03  1.69640E+00
 -1.90113E+01  2.15531E-28  1.42522E+06  2.00000E-03  1.66734E+00
 -1.89177E+01  2.15531E-28  1.42522E+06  2.00000E-03  1.66609E+00
 -1.88241E+01  2.15646E-28  1.42573E+06  2.00000E-03  1.68440E+00
 -1.87305E+01  2.15864E-28  1.42672E+06  2.00000E-03  1.73249E+00
 -1.86370E+01  2.15733E-28  1.42623E+06  2.00000E-03  1.74817E+00
 -1.85434E+01  2.15623E-28  1.42580E+06  2.00000E-03  1.76240E+00
 -1.84498E+01  2.15613E-28  1.42575E+06  2.00000E-03  1.75992E+00
 -1.83562E+01  2.15578E-28  1.42560E+06  2.00000E-03  1.75141E+00
 -1.82626E+01  2.15596E-28  1.42568E+06  2.00000E-03  1.75532E+00
 -1.81691E+01  2.15581E-28  1.42553E+06  2.00000E-03  1.86700E+00
 -1.80755E+01  2.15503E-28  1.42509E+06  2.00000E-03  1.99342E+00
 -1.79819E+01  2.15449E-28  1.42484E+06  2.00000E-03  2.01347E+00
 -1.78883E+01  2.15273E-28  1.42395E+06  2.00000E-03  2.15852E+00
 -1.77947E+01  2.15221E-28  1.42367E+06  2.00000E-03  2.23104E+00
 -1.77012E+01  2.15153E-28  1.42336E+06  2.00000E-03  2.27250E+00
 -1.76076E+01  2.14912E-28  1.42226E+06  2.00000E-03  2.41293E+00
 -1.75140E+01  2.14845E-28  1.42196E+06  2.00000E-03  2.39803E+00
 -1.74204E+01  2.14753E-28  1.42156E+06  2.00000E-03  2.47256E+00
 -1.73268E+01  2.14664E-28  1.42117E+06  2.00000E-03  2.52865E+00
 -1.72333E+01  2.14637E-28  1.42105E+06  2.00000E-03  2.48527E+00
 -1.71397E+01  2.14551E-28  1.42068E+06  2.00000E-03  2.53834E+00
 -1.70461E+01  2.14452E-28  1.42024E+06  2.00000E-03  2.52939E+00
 -1.69525E+01  2.14464E-28  1.42030E+06  2.00000E-03  2.46597E+00
 -1.68589E+01  2.14480E-28  1.42037E+06  2.00000E-03  2.42173E+00
 -1.67654E+01  2.14461E-28  1.42029E+06  2.00000E-03  2.41393E+00
 -1.66718E+01  2.14394E-28  1.42000E+06  2.00000E-03  2.33298E+00
 -1.65782E+01  2.14464E-28  1.42031E+06  2.00000E-03  2.26420E+00
 -1.64846E+01  2.14489E-28  1.42042E+06  2.00000E-03  2.26096E+00
 -1.63910E+01  2.14647E-28  1.42113E+06  2.00000E-03  2.20168E+00
 -1.62975E+01  2.14627E-28  1.42104E+06  2.00000E-03  2.15448E+00
 -1.62039E+01  2.14683E-28  1.42129E+06  2.00000E-03  2.12604E+00
 -1.61103E+01  2.14561E-28  1.42076E+06  2.00000E-03  2.09830E+00
 -1.60167E+01  2.14502E-28  1.42049E+06  2.00000E-03  2.08103E+00
 -1.59231E+01  2.14530E-28  1.42062E+06  2.00000E-03  2.07117E+00
 -1.58296E+01  2.14543E-28  1.42068E+06  2.00000E-03  2.06542E+00
 -1.57360E+01  2.14502E-28  1.42050E+06  2.00000E-03  2.07212E+00
 -1.56424E+01  2.14609E-28  1.42098E+06  2.00000E-03  2.09761E+00
 -1.55488E+01  2.14619E-28  1.42102E+06  2.00000E-03  2.10103E+00
 -1.54552E+01  2.14733E-28  1.42153E+06  2.00000E-03  2.15124E+00
 -1.53617E+01  2.14725E-28  1.42150E+06  2.00000E-03  2.17185E+00
 -1.52681E+01  2.14703E-28  1.42140E+06  2.00000E-03  2.16741E+00
 -1.51745E+01  2.14896E-28  1.42225E+06  2.00000E-03  2.14169E+00
 -1.50809E+01  2.14951E-28  1.42249E+06  2.00000E-03  2.21151E+00
 -1.49873E+01  2.14972E-28  1.42259E+06  2.00000E-03  2.13087E+00
 -1.48938E+01  2.15142E-28  1.42334E+06  2.00000E-03  2.04770E+00
 -1.48002E+01  2.15180E-28  1.42350E+06  2.00000E-03  2.08320E+00
 -1.47066E+01  2.15445E-28  1.42467E+06  2.00000E-03  1.94859E+00
 -1.46130E+01  2.15507E-28  1.42494E+06  2.00000E-03  1.90077E+00
 -1.45194E+01  2.15683E-28  1.42572E+06  2.00000E-03  1.85648E+00
 -1.44259E+01  2.15898E-28  1.42666E+06  2.00000E-03  1.73075E+00
 -1.43323E+01  2.15917E-28  1.42675E+06  2.00000E-03  1.72715E+00
 -1.42387E+01  2.16187E-28  1.42794E+06  2.00000E-03  1.67393E+00
 -1.41451E+01  2.16373E-28  1.42876E+06  2.00000E-03  1.61498E+00
 -1.40515E+01  2.16339E-28  1.42861E+06  2.00000E-03  1.62517E+00
 -1.39580E+01  2.16626E-28  1.42988E+06  2.00000E-03  1.52856E+00
 -1.38644E+01  2.16895E-28  1.43107E+06  2.00000E-03  1.60890E+00
 -1.37708E+01  2.16985E-28  1.43146E+06  2.00000E-03  1.60095E+00
 -1.36772E+01  2.17209E-28  1.43246E+06  2.00000E-03  1.55566E+00
 -1.35836E+01  2.17311E-28  1.43290E+06  2.00000E-03  1.65138E+00
 -1.34901E+01  2.17448E-28  1.43351E+06  2.00000E-03  1.68774E+00
 -1.33965E+01  2.17490E-28  1.43370E+06  2.00000E-03  1.67512E+00
 -1.33029E+01  2.17660E-28  1.43445E+06  2.00000E-03  1.74200E+00
 -1.32093E+01  2.17811E-28  1.43513E+06  2.00000E-03  1.78419E+00
 -1.31157E+01  2.17843E-28  1.43528E+06  2.00000E-03  1.77922E+00
 -1.30222E+01  2.18030E-28  1.43612E+06  2.00000E-03  1.78359E+00
 -1.29286E+01  2.18285E-28  1.43726E+06  2.00000E-03  1.79365E+00
 -1.28350E+01  2.18351E-28  1.43755E+06  2.00000E-03  1.80353E+00
 -1.27414E+01  2.18383E-28  1.43772E+06  2.00000E-03  1.82859E+00
 -1.26478E+01  2.18335E-28  1.43755E+06  2.00000E-03  1.89121E+00
 -1.25543E+01  2.18352E-28  1.43764E+06  2.00000E-03  1.92395E+00
 -1.24607E+01  2.18417E-28  1.43796E+06  2.00000E-03  1.99425E+00
 -1.23671E+01  2.18155E-28  1.43683E+06  2.00000E-03  2.05935E+00
 -1.22735E+01  2.18094E-28  1.43667E+06  2.00000E-03  2.16244E+00
 -1.21799E+01  2.18256E-28  1.43751E+06  2.00000E-03  2.22994E+00
 -1.20864E+01  2.17992E-28  1.43637E+06  2.00000E-03  2.26678E+00
 -1.19928E+01  2.18031E-28  1.43651E+06  2.00000E-03  2.34542E+00
 -1.18992E+01  2.18012E-28  1.43631E+06  2.00000E-03  2.41029E+00
 -1.18056E+01  2.17708E-28  1.43487E+06  2.00000E-03  2.38172E+00
 -1.17120E+01  2.17544E-28  1.43404E+06  2.00000E-03  2.36500E+00
 -1.16185E+01  2.17385E-28  1.43327E+06  2.00000E-03  2.36428E+00
 -1.15249E+01  2.16973E-28  1.43141E+06  2.00000E-03  2.27648E+00
 -1.14313E+01  2.16607E-28  1.42979E+06  2.00000E-03  2.20734E+00
 -1.13377E+01  2.16345E-28  1.42863E+06  2.00000E-03  2.20172E+00
 -1.12441E+01  2.16005E-28  1.42713E+06  2.00000E-03  2.21069E+00
 -1.11506E+01  2.15799E-28  1.42623E+06  2.00000E-03  2.27368E+00
 -1.10570E+01  2.15602E-28  1.42536E+06  2.00000E-03  2.37859E+00
 -1.09634E+01  2.15364E-28  1.42431E+06  2.00000E-03  2.48586E+00
 -1.08698E+01  2.15292E-28  1.42399E+06  2.00000E-03  2.60399E+00
 -1.07762E+01  2.15234E-28  1.42374E+06  2.00000E-03  2.71577E+00
 -1.06827E+01  2.15134E-28  1.42330E+06  2.00000E-03  2.74689E+00
 -1.05891E+01  2.15039E-28  1.42288E+06  2.00000E-03  2.72387E+00
 -1.04955E+01  2.14651E-28  1.42118E+06  2.00000E-03  2.58213E+00
 -1.04019E+01  2.14352E-28  1.41986E+06  2.00000E-03  2.42146E+00
 -1.03083E+01  2.14186E-28  1.41913E+06  2.00000E-03  2.21815E+00
 -1.02148E+01  2.13918E-28  1.41795E+06  2.00000E-03  2.01160E+00
 -1.01212E+01  2.13357E-28  1.41547E+06  2.00000E-03  1.64942E+00
 -1.00276E+01  2.12802E-28  1.41301E+06  2.00000E-03  1.25402E+00
 -9.93403E+00  2.12811E-28  1.41307E+06  2.00000E-03  9.65196E-01
 -9.84045E+00  2.12092E-28  1.40988E+06  2.00000E-03  5.04216E-01
 -9.74687E+00  2.11527E-28  1.40736E+06  2.00000E-03  5.03128E-02
 -9.65329E+00  2.10994E-28  1.40499E+06  2.00000E-03 -3.54080E-01
 -9.55971E+00  2.10631E-28  1.40337E+06  2.00000E-03 -6.80111E-01
 -9.46613E+00  2.10351E-28  1.40212E+06  2.00000E-03 -9.78570E-01
 -9.37255E+00  2.10296E-28  1.40187E+06  2.00000E-03 -1.18761E+00
 -9.27897E+00  2.10288E-28  1.40183E+06  2.00000E-03 -1.31777E+00
 -9.18539E+00  2.10325E-28  1.40199E+06  2.00000E-03 -1.42622E+00
 -9.09181E+00  2.10586E-28  1.40315E+06  2.00000E-03 -1.45941E+00
 -8.99823E+00  2.10701E-28  1.40366E+06  2.00000E-03 -1.49365E+00
 -8.90465E+00  2.10801E-28  1.40410E+06  2.00000E-03 -1.54971E+00
 -8.81107E+00  2.11288E-28  1.40626E+06  2.00000E-03 -1.46352E+00
 -8.71749E+00  2.11491E-28  1.40716E+06  2.00000E-03 -1.45755E+00
 -8.62391E+00  2.11759E-28  1.40835E+06  2.00000E-03 -1.44757E+00
 -8.53033E+00  2.11893E-28  1.40894E+06  2.00000E-03 -1.44792E+00
 -8.43675E+00  2.12265E-28  1.41059E+06  2.00000E-03 -1.40496E+00
 -8.34317E+00  2.12496E-28  1.41161E+06  2.00000E-03 -1.37972E+00
 -8.24959E+00  2.12541E-28  1.41181E+06  2.00000E-03 -1.38182E+00
 -8.15601E+00  2.12562E-28  1.41190E+06  2.00000E-03 -1.37939E+00
 -8.06243E+00  2.12565E-28  1.41191E+06  2.00000E-03 -1.37331E+00
 -7.96885E+00  2.12659E-28  1.41233E+06  2.00000E-03 -1.35365E+00
 -7.87527E+00  2.12735E-28  1.41267E+06  2.00000E-03 -1.34671E+00
 -7.78169E+00  2.12665E-28  1.41236E+06  2.00000E-03 -1.34821E+00
 -7.68811E+00  2.12563E-28  1.41191E+06  2.00000E-03 -1.34383E+00
 -7.59453E+00  2.12725E-28  1.41263E+06  2.00000E-03 -1.30482E+00
 -7.50095E+00  2.12789E-28  1.41292E+06  2.00000E-03 -1.28486E+00
 -7.40737E+00  2.12859E-28  1.41323E+06  2.00000E-03 -1.23842E+00
 -7.31379E+00  2.12887E-28  1.41336E+06  2.00000E-03 -1.19117E+00
 -7.22021E+00  2.12969E-28  1.41373E+06  2.00000E-03 -1.09452E+00
 -7.12663E+00  2.13190E-28  1.41470E+06  2.00000E-03 -9.89669E-01
 -7.03305E+00  2.13412E-28  1.41568E+06  2.00000E-03 -9.09679E-01
 -6.93947E+00  2.13326E-28  1.41530E+06  2.00000E-03 -8.72163E-01
 -6.84589E+00  2.13471E-28  1.41594E+06  2.00000E-03 -7.59182E-01
 -6.75231E+00  2.13410E-28  1.41567E+06  2.00000E-03 -7.05752E-01
 -6.65873E+00  2.13564E-28  1.41635E+06  2.00000E-03 -5.98040E-01
 -6.56515E+00  2.13710E-28  1.41700E+06  2.00000E-03 -4.78745E-01
 -6.47157E+00  2.13724E-28  1.41706E+06  2.00000E-03 -3.99538E-01
 -6.37800E+00  2.13944E-28  1.41804E+06  2.00000E-03 -2.43996E-01
 -6.28442E+00  2.14044E-28  1.41848E+06  2.00000E-03 -1.85382E-01
 -6.19083E+00  2.14456E-28  1.42029E+06  2.00000E-03 -3.90123E-02
 -6.09726E+00  2.14762E-28  1.42165E+06  2.00000E-03  9.03141E-02
 -6.00368E+00  2.14989E-28  1.42265E+06  2.00000E-03  1.88902E-01
 -5.91010E+00  2.15241E-28  1.42377E+06  2.00000E-03  2.64664E-01
 -5.81652E+00  2.15705E-28  1.42581E+06  2.00000E-03  3.99471E-01
 -5.72294E+00  2.15960E-28  1.42693E+06  2.00000E-03  4.28846E-01
 -5.62936E+00  2.16245E-28  1.42818E+06  2.00000E-03  5.34850E-01
 -5.53578E+00  2.16486E-28  1.42924E+06  2.00000E-03  5.81336E-01
 -5.44220E+00  2.16709E-28  1.43022E+06  2.00000E-03  6.17356E-01
 -5.34862E+00  2.17154E-28  1.43217E+06  2.00000E-03  7.46623E-01
 -5.25504E+00  2.17541E-28  1.43387E+06  2.00000E-03  8.59437E-01
 -5.16146E+00  2.17842E-28  1.43520E+06  2.00000E-03  9.16272E-01
 -5.06788E+00  2.18219E-28  1.43686E+06  2.00000E-03  9.96022E-01
 -4.97430E+00  2.18582E-28  1.43845E+06  2.00000E-03  1.06889E+00
 -4.88072E+00  2.19111E-28  1.44077E+06  2.00000E-03  1.21249E+00
 -4.78714E+00  2.19735E-28  1.44351E+06  2.00000E-03  1.43780E+00
 -4.69356E+00  2.20064E-28  1.44496E+06  2.00000E-03  1.51068E+00
 -4.59998E+00  2.20500E-28  1.44687E+06  2.00000E-03  1.61896E+00
 -4.50640E+00  2.20966E-28  1.44892E+06  2.00000E-03  1.78456E+00
 -4.41282E+00  2.21382E-28  1.45075E+06  2.00000E-03  1.91981E+00
 -4.31924E+00  2.21627E-28  1.45184E+06  2.00000E-03  1.94011E+00
 -4.22566E+00  2.21755E-28  1.45241E+06  2.00000E-03  1.91875E+00
 -4.13208E+00  2.21888E-28  1.45301E+06  2.00000E-03  1.90292E+00
 -4.03850E+00  2.21866E-28  1.45293E+06  2.00000E-03  1.81685E+00
 -3.94492E+00  2.21911E-28  1.45316E+06  2.00000E-03  1.79407E+00
 -3.85134E+00  2.21966E-28  1.45344E+06  2.00000E-03  1.73562E+00
 -3.75776E+00  2.21901E-28  1.45317E+06  2.00000E-03  1.60918E+00
 -3.66418E+00  2.21898E-28  1.45318E+06  2.00000E-03  1.56906E+00
 -3.57060E+00  2.21794E-28  1.45281E+06  2.00000E-03  1.51891E+00
 -3.47702E+00  2.21745E-28  1.45260E+06  2.00000E-03  1.41664E+00
 -3.38344E+00  2.21541E-28  1.45176E+06  2.00000E-03  1.32740E+00
 -3.28986E+00  2.21397E-28  1.45115E+06  2.00000E-03  1.20509E+00
 -3.19628E+00  2.21106E-28  1.44992E+06  2.00000E-03  1.07115E+00
 -3.10270E+00  2.20383E-28  1.44684E+06  2.00000E-03  7.50239E-01
 -3.00912E+00  2.19973E-28  1.44505E+06  2.00000E-03  5.49019E-01
 -2.91554E+00  2.19016E-28  1.44088E+06  2.00000E-03  1.40414E-01
 -2.82196E+00  2.18409E-28  1.43824E+06  2.00000E-03 -1.50596E-01
 -2.72838E+00  2.17125E-28  1.43263E+06  2.00000E-03 -6.47481E-01
 -2.63480E+00  2.16632E-28  1.43047E+06  2.00000E-03 -8.90269E-01
 -2.54122E+00  2.16257E-28  1.42882E+06  2.00000E-03 -1.08578E+00
 -2.44764E+00  2.15905E-28  1.42728E+06  2.00000E-03 -1.21534E+00
 -2.35406E+00  2.15691E-28  1.42636E+06  2.00000E-03 -1.33362E+00
 -2.26048E+00  2.15109E-28  1.42379E+06  2.00000E-03 -1.46552E+00
 -2.16690E+00  2.14879E-28  1.42278E+06  2.00000E-03 -1.51901E+00
 -2.07332E+00  2.14973E-28  1.42319E+06  2.00000E-03 -1.51128E+00
 -1.97974E+00  2.14740E-28  1.42216E+06  2.00000E-03 -1.50349E+00
 -1.88616E+00  2.14844E-28  1.42259E+06  2.00000E-03 -1.42765E+00
 -1.79258E+00  2.14923E-28  1.42294E+06  2.00000E-03 -1.41143E+00
 -1.69900E+00  2.14956E-28  1.42308E+06  2.00000E-03 -1.31266E+00
 -1.60542E+00  2.14987E-28  1.42319E+06  2.00000E-03 -1.23915E+00
 -1.51184E+00  2.14889E-28  1.42275E+06  2.00000E-03 -1.23753E+00
 -1.41826E+00  2.15053E-28  1.42346E+06  2.00000E-03 -1.14161E+00
 -1.32468E+00  2.15249E-28  1.42423E+06  2.00000E-03 -1.04072E+00
 -1.23110E+00  2.15250E-28  1.42423E+06  2.00000E-03 -1.04149E+00
 -1.13752E+00  2.15481E-28  1.42523E+06  2.00000E-03 -1.01859E+00
 -1.04394E+00  2.15362E-28  1.42470E+06  2.00000E-03 -1.08064E+00
 -9.50363E-01  2.15495E-28  1.42524E+06  2.00000E-03 -1.09917E+00
 -8.56783E-01  2.15470E-28  1.42511E+06  2.00000E-03 -1.19440E+00
 -7.63204E-01  2.15339E-28  1.42453E+06  2.00000E-03 -1.27935E+00
 -6.69624E-01  2.15141E-28  1.42367E+06  2.00000E-03 -1.47544E+00
 -5.76044E-01  2.15172E-28  1.42380E+06  2.00000E-03 -1.49426E+00
 -4.82464E-01  2.15156E-28  1.42372E+06  2.00000E-03 -1.54382E+00
 -3.88884E-01  2.15107E-28  1.42350E+06  2.00000E-03 -1.58580E+00
 -2.95304E-01  2.15127E-28  1.42359E+06  2.00000E-03 -1.58027E+00
 -2.01724E-01  2.15073E-28  1.42335E+06  2.00000E-03 -1.60924E+00
 -1.08145E-01  2.14894E-28  1.42257E+06  2.00000E-03 -1.69236E+00
 -1.45647E-02  2.14861E-28  1.42243E+06  2.00000E-03 -1.70507E+00
  7.90151E-02  2.14754E-28  1.42197E+06  2.00000E-03 -1.82556E+00
  1.72595E-01  2.14385E-28  1.42036E+06  2.00000E-03 -2.03334E+00
  2.66175E-01  2.14123E-28  1.41921E+06  2.00000E-03 -2.20592E+00
  3.59755E-01  2.13908E-28  1.41825E+06  2.00000E-03 -2.40356E+00
  4.53335E-01  2.13751E-28  1.41754E+06  2.00000E-03 -2.49678E+00
  5.46914E-01  2.13644E-28  1.41708E+06  2.00000E-03 -2.64344E+00
  6.40494E-01  2.13632E-28  1.41702E+06  2.00000E-03 -2.67554E+00
  7.34074E-01  2.13728E-28  1.41742E+06  2.00000E-03 -2.62957E+00
  8.27654E-01  2.13947E-28  1.41837E+06  2.00000E-03 -2.55592E+00
  9.21234E-01  2.14006E-28  1.41863E+06  2.00000E-03 -2.53029E+00
  1.01481E+00  2.14148E-28  1.41926E+06  2.00000E-03 -2.49806E+00
  1.10839E+00  2.14405E-28  1.42039E+06  2.00000E-03 -2.39591E+00
  1.20197E+00  2.14504E-28  1.42082E+06  2.00000E-03 -2.33742E+00
  1.29555E+00  2.14493E-28  1.42074E+06  2.00000E-03 -2.36527E+00
  1.38913E+00  2.14612E-28  1.42127E+06  2.00000E-03 -2.33858E+00
  1.48271E+00  2.14622E-28  1.42132E+06  2.00000E-03 -2.34486E+00
  1.57629E+00  2.14548E-28  1.42097E+06  2.00000E-03 -2.40668E+00
  1.66987E+00  2.14556E-28  1.42100E+06  2.00000E-03 -2.42017E+00
  1.76345E+00  2.14547E-28  1.42096E+06  2.00000E-03 -2.45702E+00
  1.85703E+00  2.14497E-28  1.42073E+06  2.00000E-03 -2.48966E+00
  1.95061E+00  2.14507E-28  1.42077E+06  2.00000E-03 -2.52040E+00
  2.04419E+00  2.14606E-28  1.42119E+06  2.00000E-03 -2.52052E+00
  2.13777E+00  2.14704E-28  1.42162E+06  2.00000E-03 -2.50111E+00
  2.23135E+00  2.14792E-28  1.42200E+06  2.00000E-03 -2.49889E+00
  2.32493E+00  2.14900E-28  1.42247E+06  2.00000E-03 -2.49576E+00
  2.41851E+00  2.14978E-28  1.42281E+06  2.00000E-03 -2.48787E+00
  2.51209E+00  2.15179E-28  1.42369E+06  2.00000E-03 -2.41555E+00
  2.60567E+00  2.15502E-28  1.42511E+06  2.00000E-03 -2.30886E+00
  2.69925E+00  2.15581E-28  1.42545E+06  2.00000E-03 -2.28426E+00
  2.79283E+00  2.15603E-28  1.42555E+06  2.00000E-03 -2.27304E+00
  2.88641E+00  2.15831E-28  1.42655E+06  2.00000E-03 -2.15669E+00
  2.97999E+00  2.16171E-28  1.42804E+06  2.00000E-03 -2.01632E+00
  3.07357E+00  2.16186E-28  1.42810E+06  2.00000E-03 -2.01575E+00
  3.16715E+00  2.16388E-28  1.42898E+06  2.00000E-03 -1.89443E+00
  3.26073E+00  2.16670E-28  1.43021E+06  2.00000E-03 -1.68837E+00
  3.35431E+00  2.16940E-28  1.43138E+06  2.00000E-03 -1.60760E+00
  3.44789E+00  2.17141E-28  1.43226E+06  2.00000E-03 -1.45872E+00
  3.54147E+00  2.17422E-28  1.43348E+06  2.00000E-03 -1.24224E+00
  3.63505E+00  2.17636E-28  1.43441E+06  2.00000E-03 -1.08338E+00
  3.72863E+00  2.17842E-28  1.43532E+06  2.00000E-03 -9.13412E-01
  3.82221E+00  2.18397E-28  1.43774E+06  2.00000E-03 -5.34591E-01
  3.91579E+00  2.18604E-28  1.43864E+06  2.00000E-03 -4.09613E-01
  4.00937E+00  2.18641E-28  1.43881E+06  2.00000E-03 -3.69392E-01
  4.10295E+00  2.18978E-28  1.44028E+06  2.00000E-03 -1.28468E-01
  4.19653E+00  2.19106E-28  1.44084E+06  2.00000E-03 -3.72283E-02
  4.29011E+00  2.19133E-28  1.44095E+06  2.00000E-03 -5.44930E-02
  4.38369E+00  2.19158E-28  1.44106E+06  2.00000E-03 -1.30855E-02
  4.47727E+00  2.19219E-28  1.44134E+06  2.00000E-03  9.74634E-02
  4.57085E+00  2.19195E-28  1.44123E+06  2.00000E-03  8.08727E-02
  4.66443E+00  2.19172E-28  1.44113E+06  2.00000E-03  8.94126E-02
  4.75801E+00  2.18979E-28  1.44029E+06  2.00000E-03  3.29891E-02
  4.85159E+00  2.18805E-28  1.43953E+06  2.00000E-03 -5.25584E-02
  4.94517E+00  2.18622E-28  1.43872E+06  2.00000E-03 -1.48508E-01
  5.03875E+00  2.18290E-28  1.43727E+06  2.00000E-03 -2.96376E-01
  5.13233E+00  2.17838E-28  1.43528E+06  2.00000E-03 -5.73111E-01
  5.22591E+00  2.17732E-28  1.43481E+06  2.00000E-03 -6.55758E-01
  5.31949E+00  2.17463E-28  1.43363E+06  2.00000E-03 -8.13531E-01
  5.41307E+00  2.17297E-28  1.43291E+06  2.00000E-03 -8.97632E-01
  5.50665E+00  2.17208E-28  1.43250E+06  2.00000E-03 -9.82775E-01
  5.60023E+00  2.17201E-28  1.43246E+06  2.00000E-03 -9.84297E-01
  5.69381E+00  2.17300E-28  1.43290E+06  2.00000E-03 -9.07923E-01
  5.78739E+00  2.17359E-28  1.43315E+06  2.00000E-03 -8.77106E-01
  5.88097E+00  2.17541E-28  1.43394E+06  2.00000E-03 -7.62294E-01
  5.97455E+00  2.18075E-28  1.43627E+06  2.00000E-03 -4.10621E-01
  6.06813E+00  2.18305E-28  1.43728E+06  2.00000E-03 -2.51602E-01
  6.16171E+00  2.18453E-28  1.43793E+06  2.00000E-03 -1.54530E-01
  6.25529E+00  2.18963E-28  1.44015E+06  2.00000E-03  1.82391E-01
  6.34887E+00  2.19246E-28  1.44138E+06  2.00000E-03  3.70861E-01
  6.44245E+00  2.19405E-28  1.44208E+06  2.00000E-03  4.83548E-01
  6.53603E+00  2.19679E-28  1.44327E+06  2.00000E-03  6.62508E-01
  6.62960E+00  2.19833E-28  1.44394E+06  2.00000E-03  7.59417E-01
  6.72318E+00  2.19871E-28  1.44411E+06  2.00000E-03  7.95606E-01
  6.81676E+00  2.19847E-28  1.44400E+06  2.00000E-03  7.76030E-01
  6.91034E+00  2.19820E-28  1.44387E+06  2.00000E-03  7.38237E-01
  7.00392E+00  2.19734E-28  1.44350E+06  2.00000E-03  6.88914E-01
  7.09750E+00  2.19703E-28  1.44336E+06  2.00000E-03  6.54418E-01
  7.19108E+00  2.19551E-28  1.44270E+06  2.00000E-03  5.26877E-01
  7.28466E+00  2.19439E-28  1.44221E+06  2.00000E-03  4.36932E-01
  7.37824E+00  2.19282E-28  1.44152E+06  2.00000E-03  3.48496E-01
  7.47182E+00  2.19189E-28  1.44111E+06  2.00000E-03  2.76898E-01
  7.56540E+00  2.19264E-28  1.44143E+06  2.00000E-03  3.08077E-01
  7.65898E+00  2.19203E-28  1.44117E+06  2.00000E-03  2.92652E-01
  7.75256E+00  2.19323E-28  1.44169E+06  2.00000E-03  3.97544E-01
  7.84614E+00  2.19595E-28  1.44288E+06  2.00000E-03  5.75024E-01
  7.93972E+00  2.19659E-28  1.44316E+06  2.00000E-03  6.21327E-01
  8.03330E+00  2.19794E-28  1.44376E+06  2.00000E-03  7.17943E-01
  8.12688E+00  2.20006E-28  1.44468E+06  2.00000E-03  8.69082E-01
  8.22046E+00  2.19828E-28  1.44390E+06  2.00000E-03  8.08872E-01
  8.31404E+00  2.19777E-28  1.44368E+06  2.00000E-03  7.85471E-01
  8.40762E+00  2.19550E-28  1.44268E+06  2.00000E-03  6.73456E-01
  8.50120E+00  2.19296E-28  1.44157E+06  2.00000E-03  5.38701E-01
  8.59478E+00  2.19115E-28  1.44077E+06  2.00000E-03  4.44305E-01
  8.68836E+00  2.18964E-28  1.44011E+06  2.00000E-03  3.52857E-01
  8.78194E+00  2.18693E-28  1.43892E+06  2.00000E-03  1.81050E-01
  8.87552E+00  2.18714E-28  1.43901E+06  2.00000E-03  1.95277E-01
  8.96910E+00  2.18714E-28  1.43901E+06  2.00000E-03  1.93985E-01
  9.06268E+00  2.18597E-28  1.43850E+06  2.00000E-03  1.10894E-01
  9.15626E+00  2.18665E-28  1.43880E+06  2.00000E-03  1.44698E-01
  9.24984E+00  2.18760E-28  1.43921E+06  2.00000E-03  1.71184E-01
  9.34342E+00  2.18790E-28  1.43934E+06  2.00000E-03  1.69368E-01
  9.43700E+00  2.18990E-28  1.44022E+06  2.00000E-03  2.41940E-01
  9.53058E+00  2.19003E-28  1.44027E+06  2.00000E-03  2.26486E-01
  9.62416E+00  2.18859E-28  1.43964E+06  2.00000E-03  7.85831E-02
  9.71774E+00  2.18638E-28  1.43867E+06  2.00000E-03 -1.41700E-01
  9.81132E+00  2.18606E-28  1.43853E+06  2.00000E-03 -1.68580E-01
  9.90490E+00  2.18094E-28  1.43629E+06  2.00000E-03 -5.88151E-01
  9.99848E+00  2.17521E-28  1.43376E+06  2.00000E-03 -1.02970E+00
  1.00921E+01  2.17422E-28  1.43333E+06  2.00000E-03 -1.10728E+00
  1.01856E+01  2.16639E-28  1.42988E+06  2.00000E-03 -1.68800E+00
  1.02792E+01  2.16267E-28  1.42825E+06  2.00000E-03 -1.93627E+00
  1.03728E+01  2.15711E-28  1.42580E+06  2.00000E-03 -2.32673E+00
  1.04664E+01  2.15322E-28  1.42408E+06  2.00000E-03 -2.58930E+00
  1.05600E+01  2.15097E-28  1.42309E+06  2.00000E-03 -2.72341E+00
  1.06535E+01  2.14834E-28  1.42192E+06  2.00000E-03 -2.89883E+00
  1.07471E+01  2.14736E-28  1.42149E+06  2.00000E-03 -2.96557E+00
  1.08407E+01  2.14547E-28  1.42066E+06  2.00000E-03 -3.05384E+00
  1.09343E+01  2.14498E-28  1.42044E+06  2.00000E-03 -3.06349E+00
  1.10279E+01  2.14498E-28  1.42044E+06  2.00000E-03 -3.06059E+00
  1.11214E+01  2.14629E-28  1.42101E+06  2.00000E-03 -2.93187E+00
  1.12150E+01  2.14785E-28  1.42170E+06  2.00000E-03 -2.79363E+00
  1.13086E+01  2.14800E-28  1.42176E+06  2.00000E-03 -2.77332E+00
  1.14022E+01  2.15065E-28  1.42293E+06  2.00000E-03 -2.57419E+00
  1.14958E+01  2.15367E-28  1.42426E+06  2.00000E-03 -2.33304E+00
  1.15893E+01  2.15460E-28  1.42467E+06  2.00000E-03 -2.26506E+00
  1.16829E+01  2.15729E-28  1.42586E+06  2.00000E-03 -2.06207E+00
  1.17765E+01  2.15988E-28  1.42699E+06  2.00000E-03 -1.87244E+00
  1.18701E+01  2.16243E-28  1.42812E+06  2.00000E-03 -1.67691E+00
  1.19637E+01  2.16442E-28  1.42899E+06  2.00000E-03 -1.52938E+00
  1.20572E+01  2.16672E-28  1.43000E+06  2.00000E-03 -1.35636E+00
  1.21508E+01  2.17029E-28  1.43157E+06  2.00000E-03 -1.08603E+00
  1.22444E+01  2.17046E-28  1.43165E+06  2.00000E-03 -1.07306E+00
  1.23380E+01  2.17262E-28  1.43259E+06  2.00000E-03 -9.16269E-01
  1.24316E+01  2.17435E-28  1.43335E+06  2.00000E-03 -7.77556E-01
  1.25251E+01  2.17515E-28  1.43371E+06  2.00000E-03 -7.17097E-01
  1.26187E+01  2.17639E-28  1.43425E+06  2.00000E-03 -6.22698E-01
  1.27123E+01  2.17671E-28  1.43439E+06  2.00000E-03 -5.84616E-01
  1.28059E+01  2.17677E-28  1.43442E+06  2.00000E-03 -5.76246E-01
  1.28995E+01  2.17688E-28  1.43446E+06  2.00000E-03 -5.60680E-01
  1.29930E+01  2.17521E-28  1.43373E+06  2.00000E-03 -6.76016E-01
  1.30866E+01  2.17384E-28  1.43313E+06  2.00000E-03 -7.72948E-01
  1.31802E+01  2.17295E-28  1.43274E+06  2.00000E-03 -8.39470E-01
  1.32738E+01  2.17056E-28  1.43169E+06  2.00000E-03 -1.01950E+00
  1.33674E+01  2.16800E-28  1.43056E+06  2.00000E-03 -1.21279E+00
  1.34609E+01  2.16790E-28  1.43052E+06  2.00000E-03 -1.22056E+00
  1.35545E+01  2.16618E-28  1.42976E+06  2.00000E-03 -1.36832E+00
  1.36481E+01  2.16441E-28  1.42898E+06  2.00000E-03 -1.50968E+00
  1.37417E+01  2.16370E-28  1.42867E+06  2.00000E-03 -1.56417E+00
  1.38353E+01  2.16270E-28  1.42822E+06  2.00000E-03 -1.66652E+00
  1.39288E+01  2.16115E-28  1.42754E+06  2.00000E-03 -1.80339E+00
  1.40224E+01  2.16099E-28  1.42747E+06  2.00000E-03 -1.81744E+00
  1.41160E+01  2.15933E-28  1.42674E+06  2.00000E-03 -1.95676E+00
  1.42096E+01  2.15849E-28  1.42637E+06  2.00000E-03 -2.05552E+00
  1.43032E+01  2.15726E-28  1.42583E+06  2.00000E-03 -2.16269E+00
  1.43967E+01  2.15506E-28  1.42486E+06  2.00000E-03 -2.34048E+00
  1.44903E+01  2.15489E-28  1.42478E+06  2.00000E-03 -2.37547E+00
  1.45839E+01  2.15365E-28  1.42424E+06  2.00000E-03 -2.49032E+00
  1.46775E+01  2.15290E-28  1.42391E+06  2.00000E-03 -2.53718E+00
  1.47711E+01  2.15410E-28  1.42444E+06  2.00000E-03 -2.47456E+00
  1.48646E+01  2.15616E-28  1.42534E+06  2.00000E-03 -2.34339E+00
  1.49582E+01  2.15666E-28  1.42556E+06  2.00000E-03 -2.30805E+00
  1.50518E+01  2.15918E-28  1.42667E+06  2.00000E-03 -2.13796E+00
  1.51454E+01  2.16508E-28  1.42927E+06  2.00000E-03 -1.70204E+00
  1.52390E+01  2.16662E-28  1.42995E+06  2.00000E-03 -1.58754E+00
  1.53325E+01  2.17004E-28  1.43145E+06  2.00000E-03 -1.32488E+00
  1.54261E+01  2.17448E-28  1.43340E+06  2.00000E-03 -1.00102E+00
  1.55197E+01  2.17696E-28  1.43449E+06  2.00000E-03 -8.14963E-01
  1.56133E+01  2.17943E-28  1.43557E+06  2.00000E-03 -6.21789E-01
  1.57069E+01  2.18021E-28  1.43592E+06  2.00000E-03 -5.72010E-01
  1.58004E+01  2.18149E-28  1.43648E+06  2.00000E-03 -4.86234E-01
  1.58940E+01  2.18170E-28  1.43657E+06  2.00000E-03 -4.66490E-01
  1.59876E+01  2.18143E-28  1.43645E+06  2.00000E-03 -4.96430E-01
  1.60812E+01  2.17966E-28  1.43568E+06  2.00000E-03 -6.48914E-01
  1.61747E+01  2.17871E-28  1.43526E+06  2.00000E-03 -7.29319E-01
  1.62683E+01  2.17739E-28  1.43468E+06  2.00000E-03 -8.45436E-01
  1.63619E+01  2.17534E-28  1.43378E+06  2.00000E-03 -1.03194E+00
  1.64555E+01  2.17464E-28  1.43347E+06  2.00000E-03 -1.10575E+00
  1.65491E+01  2.17411E-28  1.43324E+06  2.00000E-03 -1.15297E+00
  1.66426E+01  2.17344E-28  1.43294E+06  2.00000E-03 -1.25222E+00
  1.67362E+01  2.17344E-28  1.43294E+06  2.00000E-03 -1.26728E+00
  1.68298E+01  2.17382E-28  1.43311E+06  2.00000E-03 -1.24690E+00
  1.69234E+01  2.17473E-28  1.43351E+06  2.00000E-03 -1.22121E+00
  1.70170E+01  2.17694E-28  1.43448E+06  2.00000E-03 -1.09189E+00
  1.71105E+01  2.17768E-28  1.43481E+06  2.00000E-03 -1.03004E+00
  1.72041E+01  2.17873E-28  1.43527E+06  2.00000E-03 -9.70529E-01
  1.72977E+01  2.18073E-28  1.43614E+06  2.00000E-03 -8.23206E-01
  1.73913E+01  2.18167E-28  1.43656E+06  2.00000E-03 -7.55966E-01
  1.74849E+01  2.18217E-28  1.43677E+06  2.00000E-03 -7.25535E-01
  1.75784E+01  2.18285E-28  1.43707E+06  2.00000E-03 -6.83786E-01
  1.76720E+01  2.18317E-28  1.43721E+06  2.00000E-03 -6.75203E-01
  1.77656E+01  2.18261E-28  1.43697E+06  2.00000E-03 -6.89685E-01
  1.78592E+01  2.18106E-28  1.43629E+06  2.00000E-03 -7.95134E-01
  1.79528E+01  2.18009E-28  1.43586E+06  2.00000E-03 -8.58353E-01
  1.80463E+01  2.17911E-28  1.43544E+06  2.00000E-03 -9.00724E-01
  1.81399E+01  2.17621E-28  1.43417E+06  2.00000E-03 -1.11138E+00
  1.82335E+01  2.17425E-28  1.43332E+06  2.00000E-03 -1.26393E+00
  1.83271E+01  2.17346E-28  1.43299E+06  2.00000E-03 -1.25151E+00
  1.84207E+01  2.17274E-28  1.43268E+06  2.00000E-03 -1.30805E+00
  1.85142E+01  2.17130E-28  1.43205E+06  2.00000E-03 -1.45084E+00
  1.86078E+01  2.17125E-28  1.43203E+06  2.00000E-03 -1.45534E+00
  1.87014E+01  2.17140E-28  1.43209E+06  2.00000E-03 -1.42982E+00
  1.87950E+01  2.17184E-28  1.43227E+06  2.00000E-03 -1.35328E+00
  1.88886E+01  2.17206E-28  1.43236E+06  2.00000E-03 -1.31519E+00
  1.89821E+01  2.17206E-28  1.43236E+06  2.00000E-03 -1.31519E+00
  1.90757E+01  2.17481E-28  1.43357E+06  2.00000E-03 -1.17606E+00
  1.91693E+01  2.17581E-28  1.43401E+06  2.00000E-03 -1.11899E+00
  1.92629E+01  2.17632E-28  1.43422E+06  2.00000E-03 -1.06131E+00
  1.93565E+01  2.17675E-28  1.43441E+06  2.00000E-03 -1.01200E+00
  1.94500E+01  2.17675E-28  1.43441E+06  2.00000E-03 -1.01200E+00
  1.95436E+01  2.17669E-28  1.43439E+06  2.00000E-03 -9.96454E-01
  1.96372E+01  2.17713E-28  1.43458E+06  2.00000E-03 -9.66048E-01
  1.97308E+01  2.17778E-28  1.43486E+06  2.00000E-03 -9.80663E-01
  1.98244E+01  2.17604E-28  1.43409E+06  2.00000E-03 -1.08181E+00
  1.99179E+01  2.17534E-28  1.43378E+06  2.00000E-03 -1.11151E+00
  2.00115E+01  2.17477E-28  1.43353E+06  2.00000E-03 -1.13589E+00
  2.01051E+01  2.17477E-28  1.43353E+06  2.00000E-03 -1.13589E+00
  2.01987E+01  2.17372E-28  1.43307E+06  2.00000E-03 -1.19030E+00
  2.02923E+01  2.17084E-28  1.43180E+06  2.00000E-03 -1.38705E+00
  2.03858E+01  2.17065E-28  1.43171E+06  2.00000E-03 -1.42915E+00
  2.04794E+01  2.17065E-28  1.43171E+06  2.00000E-03 -1.42915E+00
  2.05730E+01  2.17065E-28  1.43171E+06  2.00000E-03 -1.42915E+00
  2.06666E+01  2.17052E-28  1.43166E+06  2.00000E-03 -1.43133E+00
  2.07602E+01  2.16930E-28  1.43112E+06  2.00000E-03 -1.45190E+00
  2.08537E+01  2.16918E-28  1.43107E+06  2.00000E-03 -1.44665E+00
  2.09473E+01  2.16970E-28  1.43129E+06  2.00000E-03 -1.42716E+00
  2.10409E+01  2.16987E-28  1.43137E+06  2.00000E-03 -1.42052E+00
  2.11345E+01  2.16985E-28  1.43136E+06  2.00000E-03 -1.41808E+00
  2.12281E+01  2.16949E-28  1.43120E+06  2.00000E-03 -1.37258E+00
  2.13216E+01  2.16924E-28  1.43109E+06  2.00000E-03 -1.33627E+00
  2.14152E+01  2.16920E-28  1.43107E+06  2.00000E-03 -1.32488E+00
  2.15088E+01  2.16984E-28  1.43135E+06  2.00000E-03 -1.29254E+00
  2.16024E+01  2.17051E-28  1.43164E+06  2.00000E-03 -1.25801E+00
  2.16960E+01  2.16992E-28  1.43138E+06  2.00000E-03 -1.22872E+00
  2.17895E+01  2.16972E-28  1.43130E+06  2.00000E-03 -1.22400E+00
  2.18831E+01  2.16972E-28  1.43130E+06  2.00000E-03 -1.22400E+00
  2.19767E+01  2.16972E-28  1.43130E+06  2.00000E-03 -1.22401E+00
  2.20703E+01  2.16957E-28  1.43123E+06  2.00000E-03 -1.25916E+00
  2.21639E+01  2.16905E-28  1.43100E+06  2.00000E-03 -1.32342E+00
  2.22574E+01  2.16752E-28  1.43033E+06  2.00000E-03 -1.41142E+00
  2.23510E+01  2.16744E-28  1.43029E+06  2.00000E-03 -1.41559E+00
  2.24446E+01  2.16744E-28  1.43029E+06  2.00000E-03 -1.41559E+00
  2.25382E+01  2.16744E-28  1.43029E+06  2.00000E-03 -1.41559E+00
  2.26318E+01  2.16710E-28  1.43015E+06  2.00000E-03 -1.44522E+00
  2.27253E+01  2.16517E-28  1.42930E+06  2.00000E-03 -1.57932E+00
  2.28189E+01  2.16424E-28  1.42889E+06  2.00000E-03 -1.67015E+00
  2.29125E+01  2.16420E-28  1.42887E+06  2.00000E-03 -1.67222E+00
  2.30061E+01  2.16338E-28  1.42851E+06  2.00000E-03 -1.70687E+00
  2.30997E+01  2.16338E-28  1.42851E+06  2.00000E-03 -1.70740E+00
  2.31932E+01  2.16202E-28  1.42791E+06  2.00000E-03 -1.76884E+00
  2.32868E+01  2.16125E-28  1.42757E+06  2.00000E-03 -1.81164E+00
  2.33804E+01  2.16156E-28  1.42771E+06  2.00000E-03 -1.81504E+00
  2.34740E+01  2.16118E-28  1.42754E+06  2.00000E-03 -1.83340E+00
  2.35676E+01  2.16118E-28  1.42754E+06  2.00000E-03 -1.83340E+00
  2.36611E+01  2.16068E-28  1.42732E+06  2.00000E-03 -1.85000E+00
  2.37547E+01  2.15989E-28  1.42697E+06  2.00000E-03 -1.87637E+00
  2.38483E+01  2.15994E-28  1.42699E+06  2.00000E-03 -1.87879E+00
  2.39419E+01  2.16015E-28  1.42708E+06  2.00000E-03 -1.88627E+00
  2.40355E+01  2.16052E-28  1.42725E+06  2.00000E-03 -1.89983E+00
  2.41290E+01  2.16037E-28  1.42718E+06  2.00000E-03 -1.90684E+00
  2.42226E+01  2.15936E-28  1.42674E+06  2.00000E-03 -1.93776E+00
  2.43162E+01  2.15931E-28  1.42672E+06  2.00000E-03 -1.93953E+00
  2.44098E+01  2.15931E-28  1.42672E+06  2.00000E-03 -1.93953E+00
  2.45034E+01  2.15930E-28  1.42671E+06  2.00000E-03 -1.95160E+00
  2.45969E+01  2.15926E-28  1.42670E+06  2.00000E-03 -1.99177E+00
  2.46905E+01  2.15900E-28  1.42658E+06  2.00000E-03 -2.00855E+00
  2.47841E+01  2.15944E-28  1.42678E+06  2.00000E-03 -1.93247E+00
  2.48777E+01  2.15941E-28  1.42677E+06  2.00000E-03 -1.93511E+00
  2.49713E+01  2.15957E-28  1.42684E+06  2.00000E-03 -1.91599E+00
  2.50648E+01  2.15965E-28  1.42688E+06  2.00000E-03 -1.90687E+00
  2.51584E+01  2.16022E-28  1.42713E+06  2.00000E-03 -1.83719E+00
  2.52520E+01  2.16028E-28  1.42715E+06  2.00000E-03 -1.83031E+00
  2.53456E+01  2.16028E-28  1.42715E+06  2.00000E-03 -1.83031E+00
  2.54392E+01  2.16028E-28  1.42715E+06  2.00000E-03 -1.83031E+00
  2.55327E+01  2.16028E-28  1.42715E+06  2.00000E-03 -1.83031E+00
  2.56263E+01  2.16088E-28  1.42741E+06  2.00000E-03 -1.78032E+00
  2.57199E+01  2.16200E-28  1.42790E+06  2.00000E-03 -1.68914E+00
  2.58135E+01  2.16235E-28  1.42806E+06  2.00000E-03 -1.66234E+00
  2.59071E+01  2.16265E-28  1.42819E+06  2.00000E-03 -1.64018E+00
  2.60006E+01  2.16265E-28  1.42819E+06  2.00000E-03 -1.64018E+00
  2.60942E+01  2.16265E-28  1.42819E+06  2.00000E-03 -1.64018E+00
  2.61878E+01  2.16265E-28  1.42819E+06  2.00000E-03 -1.64018E+00
  2.62814E+01  2.16265E-28  1.42819E+06  2.00000E-03 -1.64018E+00
  2.63750E+01  2.16265E-28  1.42819E+06  2.00000E-03 -1.64018E+00
  2.64685E+01  2.16265E-28  1.42819E+06  2.00000E-03 -1.64018E+00
  2.65621E+01  2.16267E-28  1.42820E+06  2.00000E-03 -1.63861E+00
  2.66557E+01  2.16414E-28  1.42884E+06  2.00000E-03 -1.52271E+00
  2.67493E+01  2.16453E-28  1.42901E+06  2.00000E-03 -1.49238E+00
  2.68429E+01  2.16453E-28  1.42901E+06  2.00000E-03 -1.49238E+00
  2.69364E+01  2.16483E-28  1.42914E+06  2.00000E-03 -1.46929E+00
  2.70300E+01  2.16556E-28  1.42947E+06  2.00000E-03 -1.41390E+00
  2.71236E+01  2.16659E-28  1.42992E+06  2.00000E-03 -1.33528E+00
  2.72172E+01  2.16659E-28  1.42992E+06  2.00000E-03 -1.33528E+00
  2.73108E+01  2.16659E-28  1.42992E+06  2.00000E-03 -1.33528E+00
  2.74043E+01  2.16659E-28  1.42992E+06  2.00000E-03 -1.33528E+00
  2.74979E+01  2.16659E-28  1.42992E+06  2.00000E-03 -1.33528E+00
  2.75915E+01  2.16746E-28  1.43030E+06  2.00000E-03 -1.27190E+00
  2.76851E+01  2.16870E-28  1.43084E+06  2.00000E-03 -1.18199E+00
  2.77787E+01  2.16886E-28  1.43092E+06  2.00000E-03 -1.16998E+00
  2.78722E+01  2.16886E-28  1.43092E+06  2.00000E-03 -1.16998E+00
  2.79658E+01  2.16886E-28  1.43092E+06  2.00000E-03 -1.16998E+00
  2.80594E+01  2.16886E-28  1.43092E+06  2.00000E-03 -1.16998E+00
  2.81530E+01  2.16914E-28  1.43104E+06  2.00000E-03 -1.15030E+00
  2.82466E+01  2.17086E-28  1.43180E+06  2.00000E-03 -1.02577E+00
  2.83401E+01  2.17220E-28  1.43239E+06  2.00000E-03 -9.24172E-01
  2.84337E+01  2.17243E-28  1.43248E+06  2.00000E-03 -9.02079E-01
  2.85273E+01  2.17242E-28  1.43248E+06  2.00000E-03 -9.02677E-01
  2.86209E+01  2.17385E-28  1.43311E+06  2.00000E-03 -7.91029E-01
  2.87145E+01  2.17428E-28  1.43330E+06  2.00000E-03 -7.59339E-01
  2.88080E+01  2.17428E-28  1.43330E+06  2.00000E-03 -7.59339E-01
  2.89016E+01  2.17428E-28  1.43330E+06  2.00000E-03 -7.59339E-01
  2.89952E+01  2.17428E-28  1.43330E+06  2.00000E-03 -7.59339E-01
  2.90888E+01  2.17428E-28  1.43330E+06  2.00000E-03 -7.59339E-01
  2.91824E+01  2.17428E-28  1.43330E+06  2.00000E-03 -7.59339E-01
  2.92759E+01  2.17428E-28  1.43330E+06  2.00000E-03 -7.59339E-01
  2.93695E+01  2.17435E-28  1.43333E+06  2.00000E-03 -7.54564E-01
  2.94631E+01  2.17491E-28  1.43357E+06  2.00000E-03 -7.16380E-01
  2.95567E+01  2.17541E-28  1.43380E+06  2.00000E-03 -6.79715E-01
  2.96502E+01  2.17534E-28  1.43376E+06  2.00000E-03 -6.80875E-01
  2.97438E+01  2.17534E-28  1.43376E+06  2.00000E-03 -6.81002E-01
  2.98374E+01  2.17534E-28  1.43376E+06  2.00000E-03 -6.81002E-01
  2.99310E+01  2.17534E-28  1.43376E+06  2.00000E-03 -6.81002E-01
  3.00246E+01  2.17534E-28  1.43376E+06  2.00000E-03 -6.81002E-01
  3.01181E+01  2.17534E-28  1.43376E+06  2.00000E-03 -6.81002E-01
  3.02117E+01  2.17534E-28  1.43376E+06  2.00000E-03 -6.81002E-01
  3.03053E+01  2.17534E-28  1.43376E+06  2.00000E-03 -6.81002E-01
  3.03989E+01  2.17534E-28  1.43376E+06  2.00000E-03 -6.81002E-01
  3.04925E+01  2.17534E-28  1.43376E+06  2.00000E-03 -6.81002E-01
  3.05860E+01  2.17533E-28  1.43376E+06  2.00000E-03 -6.92436E-01
  3.06796E+01  2.17448E-28  1.43338E+06  2.00000E-03 -7.56304E-01
  3.07732E+01  2.17395E-28  1.43315E+06  2.00000E-03 -7.90913E-01
  3.08668E+01  2.17386E-28  1.43311E+06  2.00000E-03 -7.97189E-01
  3.09604E+01  2.17386E-28  1.43311E+06  2.00000E-03 -7.97189E-01
  3.10539E+01  2.17386E-28  1.43311E+06  2.00000E-03 -7.97189E-01
  3.11475E+01  2.17386E-28  1.43311E+06  2.00000E-03 -7.97189E-01
  3.12411E+01  2.17386E-28  1.43311E+06  2.00000E-03 -7.97189E-01
  3.13347E+01  2.17386E-28  1.43311E+06  2.00000E-03 -7.97189E-01
  3.14283E+01  2.17386E-28  1.43311E+06  2.00000E-03 -7.97189E-01
  3.15218E+01  2.17383E-28  1.43310E+06  2.00000E-03 -8.10949E-01
