 -2.43127E+01  2.14910E-28  1.42235E+06  2.00000E-03  7.48800E+00
 -2.42192E+01  2.14910E-28  1.42235E+06  2.00000E-03  7.48800E+00
 -2.41256E+01  2.14910E-28  1.42235E+06  2.00000E-03  7.48801E+00
 -2.40320E+01  2.14910E-28  1.42235E+06  2.00000E-03  7.48800E+00
 -2.39384E+01  2.14910E-28  1.42235E+06  2.00000E-03  7.48801E+00
 -2.38449E+01  2.14910E-28  1.42235E+06  2.00000E-03  7.48800E+00
 -2.37513E+01  2.14910E-28  1.42235E+06  2.00000E-03  7.48800E+00
 -2.36577E+01  2.14852E-28  1.42210E+06  2.00000E-03  7.51636E+00
 -2.35641E+01  2.14773E-28  1.42176E+06  2.00000E-03  7.55494E+00
 -2.34705E+01  2.14773E-28  1.42176E+06  2.00000E-03  7.55494E+00
 -2.33770E+01  2.14773E-28  1.42176E+06  2.00000E-03  7.55494E+00
 -2.32834E+01  2.14773E-28  1.42176E+06  2.00000E-03  7.55494E+00
 -2.31898E+01  2.14773E-28  1.42176E+06  2.00000E-03  7.55494E+00
 -2.30962E+01  2.14773E-28  1.42176E+06  2.00000E-03  7.55494E+00
 -2.30026E+01  2.14773E-28  1.42176E+06  2.00000E-03  7.55494E+00
 -2.29091E+01  2.14750E-28  1.42166E+06  2.00000E-03  7.56905E+00
 -2.28155E+01  2.14536E-28  1.42073E+06  2.00000E-03  7.69954E+00
 -2.27219E+01  2.14536E-28  1.42072E+06  2.00000E-03  7.69954E+00
 -2.26283E+01  2.14536E-28  1.42073E+06  2.00000E-03  7.69954E+00
 -2.25347E+01  2.14536E-28  1.42073E+06  2.00000E-03  7.69954E+00
 -2.24412E+01  2.14536E-28  1.42073E+06  2.00000E-03  7.69954E+00
 -2.23476E+01  2.14536E-28  1.42073E+06  2.00000E-03  7.69954E+00
 -2.22540E+01  2.14536E-28  1.42073E+06  2.00000E-03  7.69954E+00
 -2.21604E+01  2.14573E-28  1.42089E+06  2.00000E-03  7.66765E+00
 -2.20668E+01  2.14317E-28  1.41977E+06  2.00000E-03  7.85129E+00
 -2.19733E+01  2.14330E-28  1.41983E+06  2.00000E-03  7.83617E+00
 -2.18797E+01  2.14336E-28  1.41985E+06  2.00000E-03  7.83073E+00
 -2.17861E+01  2.14339E-28  1.41987E+06  2.00000E-03  7.82766E+00
 -2.16925E+01  2.14373E-28  1.42002E+06  2.00000E-03  7.79655E+00
 -2.15989E+01  2.14442E-28  1.42033E+06  2.00000E-03  7.73400E+00
 -2.15054E+01  2.14442E-28  1.42033E+06  2.00000E-03  7.73400E+00
 -2.14118E+01  2.14442E-28  1.42033E+06  2.00000E-03  7.73400E+00
 -2.13182E+01  2.14214E-28  1.41934E+06  2.00000E-03  7.91074E+00
 -2.12246E+01  2.14193E-28  1.41924E+06  2.00000E-03  7.92768E+00
 -2.11310E+01  2.14193E-28  1.41924E+06  2.00000E-03  7.92768E+00
 -2.10375E+01  2.14193E-28  1.41924E+06  2.00000E-03  7.92768E+00
 -2.09439E+01  2.14193E-28  1.41924E+06  2.00000E-03  7.92768E+00
 -2.08503E+01  2.14193E-28  1.41924E+06  2.00000E-03  7.92768E+00
 -2.07567E+01  2.14193E-28  1.41924E+06  2.00000E-03  7.92768E+00
 -2.06631E+01  2.14193E-28  1.41924E+06  2.00000E-03  7.92768E+00
 -2.05696E+01  2.14102E-28  1.41886E+06  2.00000E-03  8.03114E+00
 -2.04760E+01  2.14056E-28  1.41866E+06  2.00000E-03  8.08311E+00
 -2.03824E+01  2.14056E-28  1.41866E+06  2.00000E-03  8.08311E+00
 -2.02888E+01  2.14056E-28  1.41866E+06  2.00000E-03  8.08311E+00
 -2.01952E+01  2.14056E-28  1.41866E+06  2.00000E-03  8.08311E+00
 -2.01017E+01  2.14056E-28  1.41866E+06  2.00000E-03  8.08311E+00
 -2.00081E+01  2.14056E-28  1.41866E+06  2.00000E-03  8.08311E+00
 -1.99145E+01  2.13950E-28  1.41819E+06  2.00000E-03  8.05712E+00
 -1.98209E+01  2.13832E-28  1.41770E+06  2.00000E-03  8.05265E+00
 -1.97273E+01  2.13823E-28  1.41768E+06  2.00000E-03  8.08025E+00
 -1.96338E+01  2.13738E-28  1.41731E+06  2.00000E-03  8.06627E+00
 -1.95402E+01  2.13738E-28  1.41731E+06  2.00000E-03  8.06627E+00
 -1.94466E+01  2.13666E-28  1.41699E+06  2.00000E-03  8.05459E+00
 -1.93530E+01  2.13607E-28  1.41673E+06  2.00000E-03  8.04495E+00
 -1.92594E+01  2.13505E-28  1.41628E+06  2.00000E-03  8.02821E+00
 -1.91659E+01  2.13347E-28  1.41558E+06  2.00000E-03  8.00223E+00
 -1.90723E+01  2.13464E-28  1.41610E+06  2.00000E-03  7.96899E+00
 -1.89787E+01  2.13671E-28  1.41702E+06  2.00000E-03  7.91011E+00
 -1.88851E+01  2.13671E-28  1.41702E+06  2.00000E-03  7.91011E+00
 -1.87915E+01  2.13671E-28  1.41702E+06  2.00000E-03  7.91011E+00
 -1.86980E+01  2.13719E-28  1.41723E+06  2.00000E-03  7.88539E+00
 -1.86044E+01  2.13869E-28  1.41790E+06  2.00000E-03  7.80676E+00
 -1.85108E+01  2.13869E-28  1.41790E+06  2.00000E-03  7.80676E+00
 -1.84172E+01  2.13869E-28  1.41790E+06  2.00000E-03  7.80676E+00
 -1.83236E+01  2.13903E-28  1.41805E+06  2.00000E-03  7.78732E+00
 -1.82301E+01  2.14077E-28  1.41883E+06  2.00000E-03  7.68636E+00
 -1.81365E+01  2.14077E-28  1.41883E+06  2.00000E-03  7.68636E+00
 -1.80429E+01  2.14077E-28  1.41883E+06  2.00000E-03  7.68636E+00
 -1.79493E+01  2.14100E-28  1.41894E+06  2.00000E-03  7.66896E+00
 -1.78557E+01  2.14268E-28  1.41969E+06  2.00000E-03  7.54026E+00
 -1.77622E+01  2.14272E-28  1.41971E+06  2.00000E-03  7.53669E+00
 -1.76686E+01  2.14272E-28  1.41971E+06  2.00000E-03  7.53669E+00
 -1.75750E+01  2.14274E-28  1.41972E+06  2.00000E-03  7.53481E+00
 -1.74814E+01  2.14409E-28  1.42034E+06  2.00000E-03  7.38852E+00
 -1.73878E+01  2.14394E-28  1.42027E+06  2.00000E-03  7.35485E+00
 -1.72943E+01  2.14392E-28  1.42026E+06  2.00000E-03  7.35206E+00
 -1.72007E+01  2.14391E-28  1.42026E+06  2.00000E-03  7.35125E+00
 -1.71071E+01  2.14457E-28  1.42056E+06  2.00000E-03  7.21389E+00
 -1.70135E+01  2.14464E-28  1.42060E+06  2.00000E-03  7.20117E+00
 -1.69199E+01  2.14414E-28  1.42037E+06  2.00000E-03  7.14093E+00
 -1.68264E+01  2.14379E-28  1.42022E+06  2.00000E-03  7.10112E+00
 -1.67328E+01  2.14387E-28  1.42027E+06  2.00000E-03  6.98130E+00
 -1.66392E+01  2.14384E-28  1.42026E+06  2.00000E-03  6.94830E+00
 -1.65456E+01  2.14384E-28  1.42026E+06  2.00000E-03  6.94830E+00
 -1.64520E+01  2.14364E-28  1.42017E+06  2.00000E-03  6.90654E+00
 -1.63585E+01  2.14362E-28  1.42018E+06  2.00000E-03  6.81861E+00
 -1.62649E+01  2.14367E-28  1.42020E+06  2.00000E-03  6.80676E+00
 -1.61713E+01  2.14333E-28  1.42005E+06  2.00000E-03  6.71646E+00
 -1.60777E+01  2.14328E-28  1.42002E+06  2.00000E-03  6.70246E+00
 -1.59841E+01  2.14350E-28  1.42013E+06  2.00000E-03  6.61887E+00
 -1.58906E+01  2.14362E-28  1.42019E+06  2.00000E-03  6.57229E+00
 -1.57970E+01  2.14362E-28  1.42019E+06  2.00000E-03  6.57229E+00
 -1.57034E+01  2.14362E-28  1.42019E+06  2.00000E-03  6.57229E+00
 -1.56098E+01  2.14433E-28  1.42051E+06  2.00000E-03  6.46194E+00
 -1.55162E+01  2.14485E-28  1.42075E+06  2.00000E-03  6.37982E+00
 -1.54227E+01  2.14485E-28  1.42075E+06  2.00000E-03  6.37981E+00
 -1.53291E+01  2.14485E-28  1.42075E+06  2.00000E-03  6.37981E+00
 -1.52355E+01  2.14589E-28  1.42122E+06  2.00000E-03  6.24648E+00
 -1.51419E+01  2.14684E-28  1.42165E+06  2.00000E-03  6.12351E+00
 -1.50483E+01  2.14679E-28  1.42162E+06  2.00000E-03  6.12611E+00
 -1.49548E+01  2.14669E-28  1.42158E+06  2.00000E-03  6.13071E+00
 -1.48612E+01  2.14754E-28  1.42197E+06  2.00000E-03  6.00688E+00
 -1.47676E+01  2.14866E-28  1.42247E+06  2.00000E-03  5.85377E+00
 -1.46740E+01  2.14870E-28  1.42249E+06  2.00000E-03  5.85137E+00
 -1.45804E+01  2.14873E-28  1.42250E+06  2.00000E-03  5.84929E+00
 -1.44869E+01  2.14917E-28  1.42270E+06  2.00000E-03  5.76140E+00
 -1.43933E+01  2.14998E-28  1.42308E+06  2.00000E-03  5.58981E+00
 -1.42997E+01  2.14998E-28  1.42308E+06  2.00000E-03  5.58981E+00
 -1.42061E+01  2.14998E-28  1.42308E+06  2.00000E-03  5.58981E+00
 -1.41125E+01  2.14973E-28  1.42298E+06  2.00000E-03  5.54576E+00
 -1.40190E+01  2.14895E-28  1.42265E+06  2.00000E-03  5.40417E+00
 -1.39254E+01  2.14875E-28  1.42256E+06  2.00000E-03  5.33589E+00
 -1.38318E+01  2.14816E-28  1.42231E+06  2.00000E-03  5.27875E+00
 -1.37382E+01  2.14788E-28  1.42219E+06  2.00000E-03  5.27153E+00
 -1.36446E+01  2.14700E-28  1.42180E+06  2.00000E-03  5.20236E+00
 -1.35511E+01  2.14667E-28  1.42165E+06  2.00000E-03  5.19897E+00
 -1.34575E+01  2.14535E-28  1.42107E+06  2.00000E-03  5.16846E+00
 -1.33639E+01  2.14556E-28  1.42117E+06  2.00000E-03  5.13852E+00
 -1.32703E+01  2.14441E-28  1.42066E+06  2.00000E-03  5.09426E+00
 -1.31767E+01  2.14450E-28  1.42070E+06  2.00000E-03  5.04334E+00
 -1.30832E+01  2.14242E-28  1.41978E+06  2.00000E-03  5.03958E+00
 -1.29896E+01  2.14223E-28  1.41970E+06  2.00000E-03  5.04008E+00
 -1.28960E+01  2.13990E-28  1.41865E+06  2.00000E-03  5.05064E+00
 -1.28024E+01  2.13976E-28  1.41860E+06  2.00000E-03  5.05139E+00
 -1.27088E+01  2.13704E-28  1.41737E+06  2.00000E-03  5.07569E+00
 -1.26153E+01  2.13774E-28  1.41769E+06  2.00000E-03  5.04830E+00
 -1.25217E+01  2.13521E-28  1.41655E+06  2.00000E-03  5.06959E+00
 -1.24281E+01  2.13546E-28  1.41665E+06  2.00000E-03  5.05361E+00
 -1.23345E+01  2.13299E-28  1.41554E+06  2.00000E-03  5.02029E+00
 -1.22409E+01  2.13299E-28  1.41555E+06  2.00000E-03  5.00026E+00
 -1.21474E+01  2.13140E-28  1.41483E+06  2.00000E-03  4.95523E+00
 -1.20538E+01  2.13083E-28  1.41458E+06  2.00000E-03  4.93640E+00
 -1.19602E+01  2.12808E-28  1.41336E+06  2.00000E-03  4.94997E+00
 -1.18666E+01  2.12713E-28  1.41293E+06  2.00000E-03  4.98737E+00
 -1.17731E+01  2.12510E-28  1.41204E+06  2.00000E-03  4.91867E+00
 -1.16795E+01  2.12400E-28  1.41156E+06  2.00000E-03  4.89867E+00
 -1.15859E+01  2.12146E-28  1.41043E+06  2.00000E-03  4.89898E+00
 -1.14923E+01  2.12112E-28  1.41028E+06  2.00000E-03  4.88023E+00
 -1.13987E+01  2.11927E-28  1.40946E+06  2.00000E-03  4.85183E+00
 -1.13052E+01  2.11845E-28  1.40909E+06  2.00000E-03  4.84159E+00
 -1.12116E+01  2.11626E-28  1.40812E+06  2.00000E-03  4.81990E+00
 -1.11180E+01  2.11541E-28  1.40775E+06  2.00000E-03  4.79930E+00
 -1.10244E+01  2.11343E-28  1.40688E+06  2.00000E-03  4.76291E+00
 -1.09308E+01  2.11302E-28  1.40671E+06  2.00000E-03  4.69115E+00
 -1.08373E+01  2.11192E-28  1.40625E+06  2.00000E-03  4.61771E+00
 -1.07437E+01  2.11048E-28  1.40563E+06  2.00000E-03  4.56959E+00
 -1.06501E+01  2.10920E-28  1.40508E+06  2.00000E-03  4.50420E+00
 -1.05565E+01  2.10780E-28  1.40447E+06  2.00000E-03  4.45798E+00
 -1.04629E+01  2.10679E-28  1.40403E+06  2.00000E-03  4.38780E+00
 -1.03694E+01  2.10570E-28  1.40356E+06  2.00000E-03  4.31154E+00
 -1.02758E+01  2.10547E-28  1.40347E+06  2.00000E-03  4.22901E+00
 -1.01822E+01  2.10446E-28  1.40303E+06  2.00000E-03  4.11677E+00
 -1.00886E+01  2.10379E-28  1.40273E+06  2.00000E-03  4.02463E+00
 -9.99503E+00  2.10295E-28  1.40235E+06  2.00000E-03  3.92682E+00
 -9.90145E+00  2.10220E-28  1.40202E+06  2.00000E-03  3.86320E+00
 -9.80787E+00  2.10142E-28  1.40168E+06  2.00000E-03  3.74967E+00
 -9.71429E+00  2.10169E-28  1.40180E+06  2.00000E-03  3.66333E+00
 -9.62071E+00  2.10050E-28  1.40127E+06  2.00000E-03  3.55824E+00
 -9.52713E+00  2.10017E-28  1.40112E+06  2.00000E-03  3.52526E+00
 -9.43355E+00  2.09882E-28  1.40052E+06  2.00000E-03  3.38258E+00
 -9.33997E+00  2.09904E-28  1.40062E+06  2.00000E-03  3.31752E+00
 -9.24639E+00  2.09789E-28  1.40011E+06  2.00000E-03  3.18372E+00
 -9.15281E+00  2.09782E-28  1.40008E+06  2.00000E-03  3.15414E+00
 -9.05923E+00  2.09718E-28  1.39979E+06  2.00000E-03  2.99428E+00
 -8.96565E+00  2.09849E-28  1.40037E+06  2.00000E-03  2.96015E+00
 -8.87207E+00  2.09804E-28  1.40017E+06  2.00000E-03  2.80501E+00
 -8.77849E+00  2.09860E-28  1.40042E+06  2.00000E-03  2.78407E+00
 -8.68491E+00  2.09895E-28  1.40057E+06  2.00000E-03  2.60984E+00
 -8.59134E+00  2.09915E-28  1.40066E+06  2.00000E-03  2.60571E+00
 -8.49776E+00  2.10004E-28  1.40105E+06  2.00000E-03  2.42900E+00
 -8.40417E+00  2.10007E-28  1.40106E+06  2.00000E-03  2.41777E+00
 -8.31060E+00  2.10077E-28  1.40137E+06  2.00000E-03  2.22258E+00
 -8.21702E+00  2.10084E-28  1.40140E+06  2.00000E-03  2.20685E+00
 -8.12344E+00  2.10218E-28  1.40199E+06  2.00000E-03  1.98828E+00
 -8.02986E+00  2.10224E-28  1.40202E+06  2.00000E-03  1.97819E+00
 -7.93628E+00  2.10526E-28  1.40335E+06  2.00000E-03  1.79943E+00
 -7.84270E+00  2.10543E-28  1.40342E+06  2.00000E-03  1.79735E+00
 -7.74912E+00  2.10798E-28  1.40455E+06  2.00000E-03  1.60435E+00
 -7.65554E+00  2.10839E-28  1.40473E+06  2.00000E-03  1.58559E+00
 -7.56196E+00  2.11075E-28  1.40577E+06  2.00000E-03  1.37299E+00
 -7.46838E+00  2.11150E-28  1.40610E+06  2.00000E-03  1.38064E+00
 -7.37480E+00  2.11397E-28  1.40719E+06  2.00000E-03  1.17392E+00
 -7.28122E+00  2.11468E-28  1.40751E+06  2.00000E-03  1.18794E+00
 -7.18764E+00  2.11729E-28  1.40865E+06  2.00000E-03  1.04475E+00
 -7.09406E+00  2.11798E-28  1.40896E+06  2.00000E-03  9.93378E-01
 -7.00048E+00  2.11987E-28  1.40979E+06  2.00000E-03  8.41751E-01
 -6.90690E+00  2.12069E-28  1.41015E+06  2.00000E-03  7.76333E-01
 -6.81332E+00  2.12204E-28  1.41074E+06  2.00000E-03  6.63918E-01
 -6.71974E+00  2.12324E-28  1.41127E+06  2.00000E-03  6.05891E-01
 -6.62616E+00  2.12459E-28  1.41186E+06  2.00000E-03  5.10054E-01
 -6.53258E+00  2.12538E-28  1.41221E+06  2.00000E-03  4.58061E-01
 -6.43900E+00  2.12665E-28  1.41277E+06  2.00000E-03  3.48619E-01
 -6.34542E+00  2.12735E-28  1.41307E+06  2.00000E-03  2.94130E-01
 -6.25184E+00  2.12803E-28  1.41337E+06  2.00000E-03  1.82757E-01
 -6.15826E+00  2.12872E-28  1.41368E+06  2.00000E-03  1.22191E-01
 -6.06468E+00  2.12935E-28  1.41395E+06  2.00000E-03 -2.12398E-03
 -5.97110E+00  2.12962E-28  1.41407E+06  2.00000E-03 -7.23292E-02
 -5.87752E+00  2.12985E-28  1.41417E+06  2.00000E-03 -1.71202E-01
 -5.78394E+00  2.13020E-28  1.41432E+06  2.00000E-03 -2.88590E-01
 -5.69036E+00  2.13046E-28  1.41443E+06  2.00000E-03 -4.33200E-01
 -5.59678E+00  2.13051E-28  1.41445E+06  2.00000E-03 -5.28163E-01
 -5.50320E+00  2.13061E-28  1.41450E+06  2.00000E-03 -6.06882E-01
 -5.40962E+00  2.13082E-28  1.41460E+06  2.00000E-03 -6.83206E-01
 -5.31604E+00  2.13084E-28  1.41462E+06  2.00000E-03 -7.72808E-01
 -5.22246E+00  2.13066E-28  1.41455E+06  2.00000E-03 -9.71724E-01
 -5.12888E+00  2.13072E-28  1.41459E+06  2.00000E-03 -1.05168E+00
 -5.03530E+00  2.13086E-28  1.41466E+06  2.00000E-03 -1.24937E+00
 -4.94172E+00  2.13142E-28  1.41489E+06  2.00000E-03 -1.25931E+00
 -4.84814E+00  2.13190E-28  1.41511E+06  2.00000E-03 -1.40398E+00
 -4.75456E+00  2.13193E-28  1.41511E+06  2.00000E-03 -1.45112E+00
 -4.66098E+00  2.13216E-28  1.41521E+06  2.00000E-03 -1.57905E+00
 -4.56740E+00  2.13222E-28  1.41524E+06  2.00000E-03 -1.62276E+00
 -4.47382E+00  2.13252E-28  1.41536E+06  2.00000E-03 -1.75617E+00
 -4.38024E+00  2.13268E-28  1.41543E+06  2.00000E-03 -1.77201E+00
 -4.28666E+00  2.13427E-28  1.41613E+06  2.00000E-03 -1.80930E+00
 -4.19308E+00  2.13520E-28  1.41654E+06  2.00000E-03 -1.75404E+00
 -4.09950E+00  2.13533E-28  1.41659E+06  2.00000E-03 -1.88640E+00
 -4.00592E+00  2.13591E-28  1.41685E+06  2.00000E-03 -1.85429E+00
 -3.91234E+00  2.13686E-28  1.41727E+06  2.00000E-03 -1.89303E+00
 -3.81876E+00  2.13852E-28  1.41800E+06  2.00000E-03 -1.77336E+00
 -3.72518E+00  2.13949E-28  1.41843E+06  2.00000E-03 -1.78377E+00
 -3.63160E+00  2.13956E-28  1.41846E+06  2.00000E-03 -1.78230E+00
 -3.53802E+00  2.14058E-28  1.41889E+06  2.00000E-03 -1.75455E+00
 -3.44444E+00  2.14067E-28  1.41894E+06  2.00000E-03 -1.75072E+00
 -3.35086E+00  2.14251E-28  1.41976E+06  2.00000E-03 -1.62392E+00
 -3.25728E+00  2.14273E-28  1.41986E+06  2.00000E-03 -1.60612E+00
 -3.16370E+00  2.14422E-28  1.42057E+06  2.00000E-03 -1.46481E+00
 -3.07012E+00  2.14576E-28  1.42127E+06  2.00000E-03 -1.31576E+00
 -2.97654E+00  2.14724E-28  1.42182E+06  2.00000E-03 -1.14548E+00
 -2.88296E+00  2.14749E-28  1.42191E+06  2.00000E-03 -1.11361E+00
 -2.78938E+00  2.14970E-28  1.42261E+06  2.00000E-03 -8.43490E-01
 -2.69580E+00  2.15056E-28  1.42292E+06  2.00000E-03 -7.49749E-01
 -2.60222E+00  2.15145E-28  1.42349E+06  2.00000E-03 -5.54796E-01
 -2.50864E+00  2.15248E-28  1.42401E+06  2.00000E-03 -3.95595E-01
 -2.41506E+00  2.15263E-28  1.42476E+06  2.00000E-03 -2.17907E-01
 -2.32148E+00  2.15266E-28  1.42498E+06  2.00000E-03 -1.63667E-01
 -2.22790E+00  2.15292E-28  1.42541E+06  1.99995E-03  1.71552E-02
 -2.13433E+00  2.15303E-28  1.42559E+06  1.99993E-03  9.12770E-02
 -2.04075E+00  2.15329E-28  1.42591E+06  1.99980E-03  2.96842E-01
 -1.94717E+00  2.15413E-28  1.42629E+06  1.99972E-03  4.79884E-01
 -1.85359E+00  2.15557E-28  1.42598E+06  1.99936E-03  7.37622E-01
 -1.76001E+00  2.15667E-28  1.42563E+06  1.99906E-03  9.20483E-01
 -1.66643E+00  2.15795E-28  1.42512E+06  1.99850E-03  1.09618E+00
 -1.57285E+00  2.15865E-28  1.42467E+06  1.99809E-03  1.20565E+00
 -1.47927E+00  2.16995E-28  1.41753E+06  1.99466E-03  1.45648E+00
 -1.38569E+00  2.17928E-28  1.41194E+06  1.99188E-03  1.71837E+00
 -1.29211E+00  2.24735E-28  1.36954E+06  1.97071E-03  1.93842E+00
 -1.19853E+00  2.30453E-28  1.33571E+06  1.95452E-03  2.10400E+00
 -1.10495E+00  2.47553E-28  1.24352E+06  1.90668E-03  2.28550E+00
 -1.01137E+00  2.66450E-28  1.15535E+06  1.86078E-03  2.45964E+00
 -9.17787E-01  2.71125E-28  1.13542E+06  1.84917E-03  2.48673E+00
 -8.24207E-01  2.79300E-28  1.10220E+06  1.82980E-03  2.53191E+00
 -7.30627E-01  2.77284E-28  1.11046E+06  1.83369E-03  2.39310E+00
 -6.37047E-01  2.75384E-28  1.11875E+06  1.83733E-03  2.29136E+00
 -5.43467E-01  2.72497E-28  1.13084E+06  1.84377E-03  2.16530E+00
 -4.49888E-01  2.63767E-28  1.16890E+06  1.86410E-03  1.70959E+00
 -3.56308E-01  2.64187E-28  1.16757E+06  1.86362E-03  1.44340E+00
 -2.62728E-01  2.62280E-28  1.17677E+06  1.86908E-03  6.83834E-01
 -1.69148E-01  2.65334E-28  1.16405E+06  1.86206E-03  4.13835E-01
 -7.55681E-02  2.68197E-28  1.15232E+06  1.85609E-03 -5.18860E-01
  1.80117E-02  2.65017E-28  1.16657E+06  1.86330E-03 -7.93427E-01
  1.11592E-01  2.49856E-28  1.23918E+06  1.90080E-03 -1.90786E+00
  2.05171E-01  2.46001E-28  1.25897E+06  1.91159E-03 -1.99335E+00
  2.98751E-01  2.31429E-28  1.33979E+06  1.95407E-03 -2.44327E+00
  3.92331E-01  2.30627E-28  1.34455E+06  1.95644E-03 -2.46082E+00
  4.85911E-01  2.18896E-28  1.41884E+06  1.99331E-03 -2.57085E+00
  5.79491E-01  2.18896E-28  1.41928E+06  1.99345E-03 -2.50374E+00
  6.73071E-01  2.17677E-28  1.42831E+06  1.99787E-03 -2.65476E+00
  7.66651E-01  2.17616E-28  1.42885E+06  1.99810E-03 -2.65535E+00
  8.60230E-01  2.17123E-28  1.43330E+06  1.99989E-03 -2.76143E+00
  9.53810E-01  2.17113E-28  1.43342E+06  1.99994E-03 -2.75881E+00
  1.04739E+00  2.17305E-28  1.43368E+06  1.99999E-03 -2.85604E+00
  1.14097E+00  2.17308E-28  1.43368E+06  1.99999E-03 -2.86045E+00
  1.23455E+00  2.17396E-28  1.43372E+06  2.00000E-03 -3.04773E+00
  1.32813E+00  2.17405E-28  1.43374E+06  2.00000E-03 -3.06486E+00
  1.42171E+00  2.17437E-28  1.43388E+06  2.00000E-03 -3.23910E+00
  1.51529E+00  2.17450E-28  1.43393E+06  2.00000E-03 -3.25470E+00
  1.60887E+00  2.17510E-28  1.43416E+06  2.00000E-03 -3.40725E+00
  1.70245E+00  2.17528E-28  1.43423E+06  2.00000E-03 -3.41892E+00
  1.79603E+00  2.17596E-28  1.43445E+06  2.00000E-03 -3.52688E+00
  1.88961E+00  2.17603E-28  1.43446E+06  2.00000E-03 -3.56880E+00
  1.98319E+00  2.17631E-28  1.43459E+06  2.00000E-03 -3.68859E+00
  2.07677E+00  2.17659E-28  1.43471E+06  2.00000E-03 -3.72321E+00
  2.17035E+00  2.17722E-28  1.43525E+06  2.00000E-03 -3.81196E+00
  2.26393E+00  2.17731E-28  1.43541E+06  2.00000E-03 -3.85624E+00
  2.35751E+00  2.17703E-28  1.43602E+06  2.00000E-03 -3.95039E+00
  2.45109E+00  2.17690E-28  1.43630E+06  2.00000E-03 -3.99358E+00
  2.54467E+00  2.17651E-28  1.43732E+06  2.00000E-03 -4.05849E+00
  2.63825E+00  2.17646E-28  1.43774E+06  2.00000E-03 -4.07160E+00
  2.73183E+00  2.17605E-28  1.43845E+06  2.00000E-03 -4.14816E+00
  2.82541E+00  2.17610E-28  1.43898E+06  1.99999E-03 -4.18968E+00
  2.91899E+00  2.17697E-28  1.43910E+06  1.99994E-03 -4.26297E+00
  3.01257E+00  2.17750E-28  1.43913E+06  1.99991E-03 -4.29784E+00
  3.10615E+00  2.18040E-28  1.43754E+06  1.99927E-03 -4.32995E+00
  3.19973E+00  2.18347E-28  1.43574E+06  1.99856E-03 -4.37427E+00
  3.29331E+00  2.20100E-28  1.42434E+06  1.99412E-03 -4.36478E+00
  3.38689E+00  2.21747E-28  1.41395E+06  1.99002E-03 -4.38237E+00
  3.48047E+00  2.25916E-28  1.38769E+06  1.98003E-03 -4.35757E+00
  3.57405E+00  2.30910E-28  1.35738E+06  1.96854E-03 -4.31517E+00
  3.66763E+00  2.36270E-28  1.32643E+06  1.95624E-03 -4.21631E+00
  3.76121E+00  2.44088E-28  1.28372E+06  1.93926E-03 -4.07990E+00
  3.85479E+00  2.47959E-28  1.26334E+06  1.93071E-03 -3.95086E+00
  3.94837E+00  2.55349E-28  1.22620E+06  1.91523E-03 -3.73524E+00
  4.04195E+00  2.56856E-28  1.21894E+06  1.91271E-03 -3.72290E+00
  4.13553E+00  2.58094E-28  1.21252E+06  1.91034E-03 -3.54560E+00
  4.22910E+00  2.58412E-28  1.21080E+06  1.91042E-03 -3.53726E+00
  4.32269E+00  2.55471E-28  1.22412E+06  1.91681E-03 -3.43963E+00
  4.41627E+00  2.55430E-28  1.22423E+06  1.91773E-03 -3.45947E+00
  4.50984E+00  2.53178E-28  1.23491E+06  1.92516E-03 -3.57258E+00
  4.60342E+00  2.52892E-28  1.23654E+06  1.92696E-03 -3.72255E+00
  4.69700E+00  2.56126E-28  1.22052E+06  1.92445E-03 -3.72227E+00
  4.79058E+00  2.60952E-28  1.19765E+06  1.91731E-03 -3.65167E+00
  4.88416E+00  2.65347E-28  1.17745E+06  1.91276E-03 -3.78170E+00
  4.97774E+00  2.65826E-28  1.17532E+06  1.91211E-03 -3.80599E+00
  5.07132E+00  2.69994E-28  1.15713E+06  1.90655E-03 -4.01381E+00
  5.16490E+00  2.70035E-28  1.15692E+06  1.90641E-03 -4.03097E+00
  5.25848E+00  2.69574E-28  1.15891E+06  1.90723E-03 -4.22084E+00
  5.35206E+00  2.69040E-28  1.16126E+06  1.90814E-03 -4.24495E+00
  5.44564E+00  2.63732E-28  1.18471E+06  1.91683E-03 -4.41991E+00
  5.53922E+00  2.62210E-28  1.19175E+06  1.91998E-03 -4.45073E+00
  5.63280E+00  2.54901E-28  1.22523E+06  1.93407E-03 -4.47764E+00
  5.72638E+00  2.55702E-28  1.22135E+06  1.93318E-03 -4.46091E+00
  5.81996E+00  2.35348E-28  1.32737E+06  1.96951E-03 -4.67232E+00
  5.91354E+00  2.34846E-28  1.33002E+06  1.97073E-03 -4.65681E+00
  6.00712E+00  2.26448E-28  1.37960E+06  1.98482E-03 -4.64158E+00
  6.10070E+00  2.25127E-28  1.38773E+06  1.98715E-03 -4.64107E+00
  6.19428E+00  2.19621E-28  1.42199E+06  1.99659E-03 -4.55055E+00
  6.28786E+00  2.18808E-28  1.42677E+06  1.99799E-03 -4.48678E+00
  6.38144E+00  2.18195E-28  1.43155E+06  1.99908E-03 -4.51275E+00
  6.47502E+00  2.18052E-28  1.43274E+06  1.99935E-03 -4.51617E+00
  6.56860E+00  2.17727E-28  1.43549E+06  1.99988E-03 -4.56530E+00
  6.66218E+00  2.17668E-28  1.43609E+06  2.00000E-03 -4.57417E+00
  6.75576E+00  2.17720E-28  1.43599E+06  2.00000E-03 -4.65585E+00
  6.84934E+00  2.17773E-28  1.43606E+06  2.00000E-03 -4.67308E+00
  6.94292E+00  2.17864E-28  1.43587E+06  2.00000E-03 -4.77200E+00
  7.03650E+00  2.17958E-28  1.43618E+06  2.00000E-03 -4.75486E+00
  7.13008E+00  2.18006E-28  1.43637E+06  2.00000E-03 -4.77622E+00
  7.22366E+00  2.18024E-28  1.43644E+06  2.00000E-03 -4.77792E+00
  7.31724E+00  2.18076E-28  1.43664E+06  2.00000E-03 -4.84045E+00
  7.41082E+00  2.18109E-28  1.43676E+06  2.00000E-03 -4.90203E+00
  7.50440E+00  2.18118E-28  1.43680E+06  2.00000E-03 -4.92183E+00
  7.59798E+00  2.18134E-28  1.43687E+06  2.00000E-03 -4.92692E+00
  7.69156E+00  2.18202E-28  1.43719E+06  2.00000E-03 -4.96399E+00
  7.78514E+00  2.18324E-28  1.43773E+06  2.00000E-03 -4.97138E+00
  7.87872E+00  2.18370E-28  1.43793E+06  2.00000E-03 -4.93583E+00
  7.97230E+00  2.18370E-28  1.43793E+06  2.00000E-03 -4.93583E+00
  8.06588E+00  2.18426E-28  1.43818E+06  2.00000E-03 -4.96792E+00
  8.15946E+00  2.18530E-28  1.43863E+06  2.00000E-03 -5.02743E+00
  8.25304E+00  2.18530E-28  1.43863E+06  2.00000E-03 -5.02743E+00
  8.34662E+00  2.18530E-28  1.43863E+06  2.00000E-03 -5.02743E+00
  8.44020E+00  2.18568E-28  1.43880E+06  2.00000E-03 -5.04983E+00
  8.53378E+00  2.18659E-28  1.43920E+06  2.00000E-03 -5.10419E+00
  8.62736E+00  2.18659E-28  1.43920E+06  2.00000E-03 -5.10419E+00
  8.72094E+00  2.18659E-28  1.43920E+06  2.00000E-03 -5.10419E+00
  8.81452E+00  2.18730E-28  1.43951E+06  2.00000E-03 -5.14374E+00
  8.90810E+00  2.18908E-28  1.44029E+06  2.00000E-03 -5.20892E+00
  9.00168E+00  2.18908E-28  1.44029E+06  2.00000E-03 -5.20891E+00
  9.09526E+00  2.18931E-28  1.44039E+06  2.00000E-03 -5.20973E+00
  9.18884E+00  2.18949E-28  1.44046E+06  2.00000E-03 -5.25249E+00
  9.28242E+00  2.18884E-28  1.44018E+06  2.00000E-03 -5.38188E+00
  9.37600E+00  2.18956E-28  1.44049E+06  2.00000E-03 -5.40039E+00
  9.46958E+00  2.18956E-28  1.44049E+06  2.00000E-03 -5.40039E+00
  9.56316E+00  2.18941E-28  1.44042E+06  2.00000E-03 -5.41819E+00
  9.65674E+00  2.18830E-28  1.43993E+06  2.00000E-03 -5.55344E+00
  9.75032E+00  2.18828E-28  1.43992E+06  2.00000E-03 -5.55552E+00
  9.84390E+00  2.18828E-28  1.43992E+06  2.00000E-03 -5.55552E+00
  9.93748E+00  2.18827E-28  1.43992E+06  2.00000E-03 -5.55719E+00
  1.00311E+01  2.18758E-28  1.43961E+06  2.00000E-03 -5.65142E+00
  1.01246E+01  2.18756E-28  1.43959E+06  2.00000E-03 -5.61099E+00
  1.02182E+01  2.18755E-28  1.43958E+06  2.00000E-03 -5.59098E+00
  1.03118E+01  2.18752E-28  1.43957E+06  2.00000E-03 -5.58992E+00
  1.04054E+01  2.18653E-28  1.43913E+06  2.00000E-03 -5.67913E+00
  1.04990E+01  2.18634E-28  1.43904E+06  2.00000E-03 -5.67436E+00
  1.05925E+01  2.18636E-28  1.43905E+06  2.00000E-03 -5.67685E+00
  1.06861E+01  2.18632E-28  1.43904E+06  2.00000E-03 -5.67276E+00
  1.07797E+01  2.18402E-28  1.43801E+06  2.00000E-03 -5.79382E+00
  1.08733E+01  2.18360E-28  1.43783E+06  2.00000E-03 -5.82376E+00
  1.09669E+01  2.18360E-28  1.43783E+06  2.00000E-03 -5.82376E+00
  1.10604E+01  2.18360E-28  1.43783E+06  2.00000E-03 -5.82376E+00
  1.11540E+01  2.18071E-28  1.43656E+06  2.00000E-03 -6.03290E+00
  1.12476E+01  2.17937E-28  1.43597E+06  2.00000E-03 -6.15045E+00
  1.13412E+01  2.17915E-28  1.43587E+06  2.00000E-03 -6.17703E+00
  1.14348E+01  2.17885E-28  1.43574E+06  2.00000E-03 -6.21158E+00
  1.15283E+01  2.17583E-28  1.43441E+06  2.00000E-03 -6.43648E+00
  1.16219E+01  2.17494E-28  1.43402E+06  2.00000E-03 -6.50643E+00
  1.17155E+01  2.17459E-28  1.43386E+06  2.00000E-03 -6.56013E+00
  1.18091E+01  2.17448E-28  1.43381E+06  2.00000E-03 -6.57641E+00
  1.19027E+01  2.17347E-28  1.43337E+06  2.00000E-03 -6.63989E+00
  1.19962E+01  2.17274E-28  1.43304E+06  2.00000E-03 -6.68594E+00
  1.20898E+01  2.17274E-28  1.43304E+06  2.00000E-03 -6.68594E+00
  1.21834E+01  2.17274E-28  1.43304E+06  2.00000E-03 -6.68594E+00
  1.22770E+01  2.17264E-28  1.43300E+06  2.00000E-03 -6.68921E+00
  1.23706E+01  2.17257E-28  1.43296E+06  2.00000E-03 -6.69158E+00
  1.24641E+01  2.17256E-28  1.43296E+06  2.00000E-03 -6.69158E+00
  1.25577E+01  2.17256E-28  1.43296E+06  2.00000E-03 -6.69158E+00
  1.26513E+01  2.17308E-28  1.43318E+06  2.00000E-03 -6.65139E+00
  1.27449E+01  2.17367E-28  1.43344E+06  2.00000E-03 -6.60480E+00
  1.28385E+01  2.17367E-28  1.43344E+06  2.00000E-03 -6.60480E+00
  1.29320E+01  2.17367E-28  1.43344E+06  2.00000E-03 -6.60480E+00
  1.30256E+01  2.17447E-28  1.43379E+06  2.00000E-03 -6.53159E+00
  1.31192E+01  2.17611E-28  1.43449E+06  2.00000E-03 -6.37520E+00
  1.32128E+01  2.17631E-28  1.43458E+06  2.00000E-03 -6.34431E+00
  1.33064E+01  2.17631E-28  1.43458E+06  2.00000E-03 -6.34431E+00
  1.33999E+01  2.17688E-28  1.43483E+06  2.00000E-03 -6.29365E+00
  1.34935E+01  2.17831E-28  1.43544E+06  2.00000E-03 -6.17965E+00
  1.35871E+01  2.17832E-28  1.43545E+06  2.00000E-03 -6.18547E+00
  1.36807E+01  2.17844E-28  1.43550E+06  2.00000E-03 -6.16752E+00
  1.37743E+01  2.17891E-28  1.43570E+06  2.00000E-03 -6.11023E+00
  1.38678E+01  2.17936E-28  1.43588E+06  2.00000E-03 -6.07419E+00
  1.39614E+01  2.17936E-28  1.43588E+06  2.00000E-03 -6.07419E+00
  1.40550E+01  2.17929E-28  1.43585E+06  2.00000E-03 -6.08134E+00
  1.41486E+01  2.17915E-28  1.43579E+06  2.00000E-03 -6.09532E+00
  1.42421E+01  2.17943E-28  1.43589E+06  2.00000E-03 -6.06088E+00
  1.43357E+01  2.17943E-28  1.43589E+06  2.00000E-03 -6.06088E+00
  1.44293E+01  2.17943E-28  1.43589E+06  2.00000E-03 -6.06088E+00
  1.45229E+01  2.17950E-28  1.43592E+06  2.00000E-03 -6.05378E+00
  1.46165E+01  2.18018E-28  1.43621E+06  2.00000E-03 -5.98465E+00
  1.47100E+01  2.18018E-28  1.43621E+06  2.00000E-03 -5.98457E+00
  1.48036E+01  2.18018E-28  1.43621E+06  2.00000E-03 -5.98458E+00
  1.48972E+01  2.18021E-28  1.43622E+06  2.00000E-03 -5.98130E+00
  1.49908E+01  2.18147E-28  1.43676E+06  2.00000E-03 -5.86676E+00
  1.50844E+01  2.18158E-28  1.43681E+06  2.00000E-03 -5.85643E+00
  1.51779E+01  2.18158E-28  1.43681E+06  2.00000E-03 -5.85643E+00
  1.52715E+01  2.18158E-28  1.43681E+06  2.00000E-03 -5.85643E+00
  1.53651E+01  2.18311E-28  1.43748E+06  2.00000E-03 -5.71816E+00
  1.54587E+01  2.18335E-28  1.43758E+06  2.00000E-03 -5.69699E+00
  1.55523E+01  2.18335E-28  1.43758E+06  2.00000E-03 -5.69699E+00
  1.56458E+01  2.18335E-28  1.43758E+06  2.00000E-03 -5.69699E+00
  1.57394E+01  2.18462E-28  1.43814E+06  2.00000E-03 -5.57601E+00
  1.58330E+01  2.18490E-28  1.43826E+06  2.00000E-03 -5.54976E+00
  1.59266E+01  2.18452E-28  1.43810E+06  2.00000E-03 -5.57262E+00
  1.60202E+01  2.18446E-28  1.43807E+06  2.00000E-03 -5.55441E+00
  1.61137E+01  2.18492E-28  1.43827E+06  2.00000E-03 -5.48477E+00
  1.62073E+01  2.18480E-28  1.43822E+06  2.00000E-03 -5.46832E+00
  1.63009E+01  2.18462E-28  1.43814E+06  2.00000E-03 -5.47300E+00
  1.63945E+01  2.18462E-28  1.43814E+06  2.00000E-03 -5.47300E+00
  1.64881E+01  2.18365E-28  1.43772E+06  2.00000E-03 -5.50618E+00
  1.65816E+01  2.18295E-28  1.43741E+06  2.00000E-03 -5.52028E+00
  1.66752E+01  2.18290E-28  1.43739E+06  2.00000E-03 -5.51570E+00
  1.67688E+01  2.18277E-28  1.43732E+06  2.00000E-03 -5.50263E+00
  1.68624E+01  2.18241E-28  1.43717E+06  2.00000E-03 -5.47921E+00
  1.69560E+01  2.18224E-28  1.43710E+06  2.00000E-03 -5.46960E+00
  1.70495E+01  2.18224E-28  1.43710E+06  2.00000E-03 -5.46960E+00
  1.71431E+01  2.18224E-28  1.43710E+06  2.00000E-03 -5.46960E+00
  1.72367E+01  2.18223E-28  1.43709E+06  2.00000E-03 -5.44221E+00
  1.73303E+01  2.18221E-28  1.43709E+06  2.00000E-03 -5.41568E+00
  1.74239E+01  2.18221E-28  1.43709E+06  2.00000E-03 -5.41568E+00
  1.75174E+01  2.18221E-28  1.43709E+06  2.00000E-03 -5.41568E+00
  1.76110E+01  2.18230E-28  1.43713E+06  2.00000E-03 -5.38965E+00
  1.77046E+01  2.18244E-28  1.43718E+06  2.00000E-03 -5.34827E+00
  1.77982E+01  2.18244E-28  1.43718E+06  2.00000E-03 -5.34827E+00
  1.78918E+01  2.18244E-28  1.43718E+06  2.00000E-03 -5.34827E+00
  1.79853E+01  2.18249E-28  1.43720E+06  2.00000E-03 -5.33168E+00
  1.80789E+01  2.18258E-28  1.43723E+06  2.00000E-03 -5.29595E+00
  1.81725E+01  2.18258E-28  1.43723E+06  2.00000E-03 -5.29595E+00
  1.82661E+01  2.18259E-28  1.43724E+06  2.00000E-03 -5.29570E+00
  1.83597E+01  2.18265E-28  1.43726E+06  2.00000E-03 -5.29378E+00
  1.84532E+01  2.18228E-28  1.43709E+06  2.00000E-03 -5.29364E+00
  1.85468E+01  2.18239E-28  1.43714E+06  2.00000E-03 -5.29104E+00
  1.86404E+01  2.18239E-28  1.43714E+06  2.00000E-03 -5.29104E+00
  1.87340E+01  2.18226E-28  1.43708E+06  2.00000E-03 -5.29852E+00
  1.88276E+01  2.18130E-28  1.43665E+06  2.00000E-03 -5.34991E+00
  1.89211E+01  2.18149E-28  1.43674E+06  2.00000E-03 -5.34190E+00
  1.90147E+01  2.18149E-28  1.43674E+06  2.00000E-03 -5.34190E+00
  1.91083E+01  2.18076E-28  1.43642E+06  2.00000E-03 -5.36673E+00
  1.92019E+01  2.17562E-28  1.43414E+06  2.00000E-03 -5.71720E+00
  1.92955E+01  2.17557E-28  1.43412E+06  2.00000E-03 -5.72038E+00
  1.93890E+01  2.17557E-28  1.43412E+06  2.00000E-03 -5.72039E+00
  1.94826E+01  2.17557E-28  1.43412E+06  2.00000E-03 -5.72038E+00
  1.95762E+01  2.17557E-28  1.43412E+06  2.00000E-03 -5.72038E+00
  1.96698E+01  2.17557E-28  1.43412E+06  2.00000E-03 -5.72039E+00
  1.97634E+01  2.17557E-28  1.43412E+06  2.00000E-03 -5.72038E+00
  1.98569E+01  2.17551E-28  1.43409E+06  2.00000E-03 -5.72442E+00
  1.99505E+01  2.17034E-28  1.43178E+06  2.00000E-03 -6.09993E+00
  2.00441E+01  2.16947E-28  1.43140E+06  2.00000E-03 -6.16298E+00
  2.01377E+01  2.16947E-28  1.43140E+06  2.00000E-03 -6.16298E+00
  2.02313E+01  2.16947E-28  1.43140E+06  2.00000E-03 -6.16299E+00
  2.03248E+01  2.16947E-28  1.43140E+06  2.00000E-03 -6.16298E+00
  2.04184E+01  2.16947E-28  1.43140E+06  2.00000E-03 -6.16298E+00
  2.05120E+01  2.16947E-28  1.43140E+06  2.00000E-03 -6.16298E+00
  2.06056E+01  2.16947E-28  1.43140E+06  2.00000E-03 -6.16298E+00
  2.06992E+01  2.16741E-28  1.43048E+06  2.00000E-03 -6.29953E+00
  2.07927E+01  2.16663E-28  1.43014E+06  2.00000E-03 -6.35208E+00
  2.08863E+01  2.16666E-28  1.43015E+06  2.00000E-03 -6.35100E+00
  2.09799E+01  2.16666E-28  1.43015E+06  2.00000E-03 -6.35100E+00
  2.10735E+01  2.16670E-28  1.43017E+06  2.00000E-03 -6.34914E+00
  2.11671E+01  2.16671E-28  1.43017E+06  2.00000E-03 -6.34858E+00
  2.12606E+01  2.16678E-28  1.43020E+06  2.00000E-03 -6.34534E+00
  2.13542E+01  2.16681E-28  1.43022E+06  2.00000E-03 -6.34375E+00
  2.14478E+01  2.16784E-28  1.43066E+06  2.00000E-03 -6.23570E+00
  2.15414E+01  2.16861E-28  1.43099E+06  2.00000E-03 -6.15551E+00
  2.16350E+01  2.16861E-28  1.43099E+06  2.00000E-03 -6.15551E+00
  2.17285E+01  2.16861E-28  1.43099E+06  2.00000E-03 -6.15551E+00
  2.18221E+01  2.16861E-28  1.43099E+06  2.00000E-03 -6.15551E+00
  2.19157E+01  2.16861E-28  1.43099E+06  2.00000E-03 -6.15551E+00
  2.20093E+01  2.16850E-28  1.43094E+06  2.00000E-03 -6.13277E+00
  2.21029E+01  2.16828E-28  1.43084E+06  2.00000E-03 -6.08589E+00
  2.21964E+01  2.16953E-28  1.43139E+06  2.00000E-03 -5.94899E+00
  2.22900E+01  2.17196E-28  1.43244E+06  2.00000E-03 -5.74811E+00
  2.23836E+01  2.17195E-28  1.43244E+06  2.00000E-03 -5.74419E+00
  2.24772E+01  2.17194E-28  1.43244E+06  2.00000E-03 -5.74216E+00
  2.25708E+01  2.17188E-28  1.43241E+06  2.00000E-03 -5.71563E+00
  2.26643E+01  2.17183E-28  1.43239E+06  2.00000E-03 -5.69293E+00
  2.27579E+01  2.17174E-28  1.43234E+06  2.00000E-03 -5.65066E+00
  2.28515E+01  2.17174E-28  1.43234E+06  2.00000E-03 -5.65066E+00
  2.29451E+01  2.17254E-28  1.43270E+06  2.00000E-03 -5.58764E+00
  2.30387E+01  2.17508E-28  1.43380E+06  2.00000E-03 -5.38868E+00
  2.31322E+01  2.17508E-28  1.43380E+06  2.00000E-03 -5.38868E+00
  2.32258E+01  2.17508E-28  1.43380E+06  2.00000E-03 -5.38868E+00
  2.33194E+01  2.17508E-28  1.43380E+06  2.00000E-03 -5.38868E+00
  2.34130E+01  2.17508E-28  1.43380E+06  2.00000E-03 -5.38868E+00
  2.35066E+01  2.17508E-28  1.43380E+06  2.00000E-03 -5.38868E+00
  2.36001E+01  2.17508E-28  1.43380E+06  2.00000E-03 -5.38868E+00
  2.36937E+01  2.17520E-28  1.43385E+06  2.00000E-03 -5.37949E+00
  2.37873E+01  2.17806E-28  1.43510E+06  2.00000E-03 -5.15838E+00
  2.38809E+01  2.17816E-28  1.43514E+06  2.00000E-03 -5.15128E+00
  2.39745E+01  2.17816E-28  1.43514E+06  2.00000E-03 -5.15128E+00
  2.40680E+01  2.17816E-28  1.43514E+06  2.00000E-03 -5.15128E+00
  2.41616E+01  2.17816E-28  1.43514E+06  2.00000E-03 -5.15128E+00
  2.42552E+01  2.17816E-28  1.43514E+06  2.00000E-03 -5.15128E+00
  2.43488E+01  2.17816E-28  1.43514E+06  2.00000E-03 -5.15128E+00
  2.44424E+01  2.17816E-28  1.43514E+06  2.00000E-03 -5.15128E+00
