 -2.43127E+01  2.17817E-28  1.43501E+06  2.00000E-03  8.61818E-01
 -2.42192E+01  2.17817E-28  1.43501E+06  2.00000E-03  8.61818E-01
 -2.41256E+01  2.17817E-28  1.43501E+06  2.00000E-03  8.61818E-01
 -2.40320E+01  2.17817E-28  1.43501E+06  2.00000E-03  8.61818E-01
 -2.39384E+01  2.17817E-28  1.43501E+06  2.00000E-03  8.61818E-01
 -2.38449E+01  2.17817E-28  1.43501E+06  2.00000E-03  8.61818E-01
 -2.37513E+01  2.17817E-28  1.43501E+06  2.00000E-03  8.61818E-01
 -2.36577E+01  2.17888E-28  1.43533E+06  2.00000E-03  8.30196E-01
 -2.35641E+01  2.17985E-28  1.43576E+06  2.00000E-03  7.87221E-01
 -2.34705E+01  2.17985E-28  1.43576E+06  2.00000E-03  7.87221E-01
 -2.33770E+01  2.17985E-28  1.43576E+06  2.00000E-03  7.87221E-01
 -2.32834E+01  2.17985E-28  1.43576E+06  2.00000E-03  7.87221E-01
 -2.31898E+01  2.17985E-28  1.43576E+06  2.00000E-03  7.87221E-01
 -2.30962E+01  2.17985E-28  1.43576E+06  2.00000E-03  7.87221E-01
 -2.30026E+01  2.17985E-28  1.43576E+06  2.00000E-03  7.87221E-01
 -2.29091E+01  2.17990E-28  1.43578E+06  2.00000E-03  7.85647E-01
 -2.28155E+01  2.18035E-28  1.43598E+06  2.00000E-03  7.71107E-01
 -2.27219E+01  2.18035E-28  1.43598E+06  2.00000E-03  7.71107E-01
 -2.26283E+01  2.18035E-28  1.43598E+06  2.00000E-03  7.71107E-01
 -2.25347E+01  2.18035E-28  1.43598E+06  2.00000E-03  7.71107E-01
 -2.24412E+01  2.18035E-28  1.43598E+06  2.00000E-03  7.71107E-01
 -2.23476E+01  2.18035E-28  1.43598E+06  2.00000E-03  7.71107E-01
 -2.22540E+01  2.18035E-28  1.43598E+06  2.00000E-03  7.71107E-01
 -2.21604E+01  2.18022E-28  1.43592E+06  2.00000E-03  7.73876E-01
 -2.20668E+01  2.17987E-28  1.43577E+06  2.00000E-03  7.93638E-01
 -2.19733E+01  2.17987E-28  1.43577E+06  2.00000E-03  7.94697E-01
 -2.18797E+01  2.17988E-28  1.43577E+06  2.00000E-03  7.94663E-01
 -2.17861E+01  2.17988E-28  1.43577E+06  2.00000E-03  7.94644E-01
 -2.16925E+01  2.17990E-28  1.43578E+06  2.00000E-03  7.94448E-01
 -2.15989E+01  2.17995E-28  1.43580E+06  2.00000E-03  7.94056E-01
 -2.15054E+01  2.17995E-28  1.43580E+06  2.00000E-03  7.94056E-01
 -2.14118E+01  2.17995E-28  1.43580E+06  2.00000E-03  7.94056E-01
 -2.13182E+01  2.17840E-28  1.43513E+06  2.00000E-03  8.87210E-01
 -2.12246E+01  2.17825E-28  1.43506E+06  2.00000E-03  8.96137E-01
 -2.11310E+01  2.17825E-28  1.43506E+06  2.00000E-03  8.96137E-01
 -2.10375E+01  2.17825E-28  1.43506E+06  2.00000E-03  8.96137E-01
 -2.09439E+01  2.17825E-28  1.43506E+06  2.00000E-03  8.96137E-01
 -2.08503E+01  2.17825E-28  1.43506E+06  2.00000E-03  8.96137E-01
 -2.07567E+01  2.17825E-28  1.43506E+06  2.00000E-03  8.96137E-01
 -2.06631E+01  2.17825E-28  1.43506E+06  2.00000E-03  8.96137E-01
 -2.05696E+01  2.17547E-28  1.43384E+06  2.00000E-03  1.04778E+00
 -2.04760E+01  2.17407E-28  1.43323E+06  2.00000E-03  1.12404E+00
 -2.03824E+01  2.17407E-28  1.43323E+06  2.00000E-03  1.12404E+00
 -2.02888E+01  2.17407E-28  1.43323E+06  2.00000E-03  1.12404E+00
 -2.01952E+01  2.17407E-28  1.43323E+06  2.00000E-03  1.12404E+00
 -2.01017E+01  2.17407E-28  1.43323E+06  2.00000E-03  1.12404E+00
 -2.00081E+01  2.17407E-28  1.43323E+06  2.00000E-03  1.12404E+00
 -1.99145E+01  2.17452E-28  1.43343E+06  2.00000E-03  1.09822E+00
 -1.98209E+01  2.17238E-28  1.43250E+06  2.00000E-03  1.18853E+00
 -1.97273E+01  2.16983E-28  1.43138E+06  2.00000E-03  1.30635E+00
 -1.96338E+01  2.17029E-28  1.43158E+06  2.00000E-03  1.28475E+00
 -1.95402E+01  2.17029E-28  1.43158E+06  2.00000E-03  1.28475E+00
 -1.94466E+01  2.17067E-28  1.43175E+06  2.00000E-03  1.26671E+00
 -1.93530E+01  2.17098E-28  1.43189E+06  2.00000E-03  1.25184E+00
 -1.92594E+01  2.17152E-28  1.43213E+06  2.00000E-03  1.22605E+00
 -1.91659E+01  2.17237E-28  1.43250E+06  2.00000E-03  1.18610E+00
 -1.90723E+01  2.17122E-28  1.43198E+06  2.00000E-03  1.21624E+00
 -1.89787E+01  2.16920E-28  1.43108E+06  2.00000E-03  1.26979E+00
 -1.88851E+01  2.16920E-28  1.43108E+06  2.00000E-03  1.26979E+00
 -1.87915E+01  2.16920E-28  1.43108E+06  2.00000E-03  1.26979E+00
 -1.86980E+01  2.16839E-28  1.43072E+06  2.00000E-03  1.29073E+00
 -1.86044E+01  2.16583E-28  1.42959E+06  2.00000E-03  1.35751E+00
 -1.85108E+01  2.16583E-28  1.42959E+06  2.00000E-03  1.35751E+00
 -1.84172E+01  2.16583E-28  1.42959E+06  2.00000E-03  1.35751E+00
 -1.83236E+01  2.16498E-28  1.42921E+06  2.00000E-03  1.39087E+00
 -1.82301E+01  2.16053E-28  1.42726E+06  2.00000E-03  1.56474E+00
 -1.81365E+01  2.16053E-28  1.42726E+06  2.00000E-03  1.56474E+00
 -1.80429E+01  2.16053E-28  1.42726E+06  2.00000E-03  1.56474E+00
 -1.79493E+01  2.15978E-28  1.42693E+06  2.00000E-03  1.59878E+00
 -1.78557E+01  2.15425E-28  1.42449E+06  2.00000E-03  1.85150E+00
 -1.77622E+01  2.15410E-28  1.42443E+06  2.00000E-03  1.85853E+00
 -1.76686E+01  2.15410E-28  1.42443E+06  2.00000E-03  1.85853E+00
 -1.75750E+01  2.15403E-28  1.42440E+06  2.00000E-03  1.86214E+00
 -1.74814E+01  2.14847E-28  1.42195E+06  2.00000E-03  2.14299E+00
 -1.73878E+01  2.14962E-28  1.42246E+06  2.00000E-03  2.05465E+00
 -1.72943E+01  2.14979E-28  1.42253E+06  2.00000E-03  2.04308E+00
 -1.72007E+01  2.14983E-28  1.42255E+06  2.00000E-03  2.03969E+00
 -1.71071E+01  2.14537E-28  1.42058E+06  2.00000E-03  2.26084E+00
 -1.70135E+01  2.14483E-28  1.42034E+06  2.00000E-03  2.28812E+00
 -1.69199E+01  2.14585E-28  1.42080E+06  2.00000E-03  2.23622E+00
 -1.68264E+01  2.14660E-28  1.42113E+06  2.00000E-03  2.16525E+00
 -1.67328E+01  2.14304E-28  1.41956E+06  2.00000E-03  2.34406E+00
 -1.66392E+01  2.14245E-28  1.41930E+06  2.00000E-03  2.37292E+00
 -1.65456E+01  2.14245E-28  1.41930E+06  2.00000E-03  2.37292E+00
 -1.64520E+01  2.14284E-28  1.41947E+06  2.00000E-03  2.34815E+00
 -1.63585E+01  2.14070E-28  1.41853E+06  2.00000E-03  2.46081E+00
 -1.62649E+01  2.14008E-28  1.41826E+06  2.00000E-03  2.49530E+00
 -1.61713E+01  2.14038E-28  1.41839E+06  2.00000E-03  2.46252E+00
 -1.60777E+01  2.14043E-28  1.41841E+06  2.00000E-03  2.45744E+00
 -1.59841E+01  2.13977E-28  1.41813E+06  2.00000E-03  2.50591E+00
 -1.58906E+01  2.13941E-28  1.41797E+06  2.00000E-03  2.53293E+00
 -1.57970E+01  2.13941E-28  1.41797E+06  2.00000E-03  2.53293E+00
 -1.57034E+01  2.13941E-28  1.41797E+06  2.00000E-03  2.53293E+00
 -1.56098E+01  2.14032E-28  1.41838E+06  2.00000E-03  2.52605E+00
 -1.55162E+01  2.14099E-28  1.41868E+06  2.00000E-03  2.52094E+00
 -1.54227E+01  2.14099E-28  1.41868E+06  2.00000E-03  2.52094E+00
 -1.53291E+01  2.14099E-28  1.41868E+06  2.00000E-03  2.52094E+00
 -1.52355E+01  2.14335E-28  1.41973E+06  2.00000E-03  2.47105E+00
 -1.51419E+01  2.14553E-28  1.42070E+06  2.00000E-03  2.42510E+00
 -1.50483E+01  2.14459E-28  1.42028E+06  2.00000E-03  2.44694E+00
 -1.49548E+01  2.14291E-28  1.41955E+06  2.00000E-03  2.48572E+00
 -1.48612E+01  2.14585E-28  1.42086E+06  2.00000E-03  2.41019E+00
 -1.47676E+01  2.14839E-28  1.42198E+06  2.00000E-03  2.34810E+00
 -1.46740E+01  2.14713E-28  1.42143E+06  2.00000E-03  2.38092E+00
 -1.45804E+01  2.14605E-28  1.42095E+06  2.00000E-03  2.40924E+00
 -1.44869E+01  2.14757E-28  1.42164E+06  2.00000E-03  2.35555E+00
 -1.43933E+01  2.15208E-28  1.42367E+06  2.00000E-03  2.21021E+00
 -1.42997E+01  2.15208E-28  1.42367E+06  2.00000E-03  2.21021E+00
 -1.42061E+01  2.15208E-28  1.42367E+06  2.00000E-03  2.21021E+00
 -1.41125E+01  2.15437E-28  1.42466E+06  2.00000E-03  2.12512E+00
 -1.40190E+01  2.16135E-28  1.42767E+06  2.00000E-03  1.86652E+00
 -1.39254E+01  2.16126E-28  1.42762E+06  2.00000E-03  1.87829E+00
 -1.38318E+01  2.16352E-28  1.42858E+06  2.00000E-03  1.82180E+00
 -1.37382E+01  2.16407E-28  1.42883E+06  2.00000E-03  1.80460E+00
 -1.36446E+01  2.16586E-28  1.42961E+06  2.00000E-03  1.73574E+00
 -1.35511E+01  2.16622E-28  1.42977E+06  2.00000E-03  1.72583E+00
 -1.34575E+01  2.16806E-28  1.43058E+06  2.00000E-03  1.66564E+00
 -1.33639E+01  2.16771E-28  1.43043E+06  2.00000E-03  1.66248E+00
 -1.32703E+01  2.16836E-28  1.43071E+06  2.00000E-03  1.61891E+00
 -1.31767E+01  2.16852E-28  1.43079E+06  2.00000E-03  1.61029E+00
 -1.30832E+01  2.16932E-28  1.43113E+06  2.00000E-03  1.58981E+00
 -1.29896E+01  2.16935E-28  1.43115E+06  2.00000E-03  1.58950E+00
 -1.28960E+01  2.16967E-28  1.43129E+06  2.00000E-03  1.59393E+00
 -1.28024E+01  2.16969E-28  1.43130E+06  2.00000E-03  1.59421E+00
 -1.27088E+01  2.17028E-28  1.43156E+06  2.00000E-03  1.60115E+00
 -1.26153E+01  2.16876E-28  1.43089E+06  2.00000E-03  1.60180E+00
 -1.25217E+01  2.16941E-28  1.43118E+06  2.00000E-03  1.60082E+00
 -1.24281E+01  2.16824E-28  1.43066E+06  2.00000E-03  1.61470E+00
 -1.23345E+01  2.16912E-28  1.43105E+06  2.00000E-03  1.58584E+00
 -1.22409E+01  2.16867E-28  1.43085E+06  2.00000E-03  1.58876E+00
 -1.21474E+01  2.16701E-28  1.43012E+06  2.00000E-03  1.62082E+00
 -1.20538E+01  2.16703E-28  1.43013E+06  2.00000E-03  1.61876E+00
 -1.19602E+01  2.16997E-28  1.43143E+06  2.00000E-03  1.56798E+00
 -1.18666E+01  2.17141E-28  1.43206E+06  2.00000E-03  1.55029E+00
 -1.17731E+01  2.17303E-28  1.43277E+06  2.00000E-03  1.50122E+00
 -1.16795E+01  2.17419E-28  1.43328E+06  2.00000E-03  1.47281E+00
 -1.15859E+01  2.17899E-28  1.43540E+06  2.00000E-03  1.36083E+00
 -1.14923E+01  2.17743E-28  1.43472E+06  2.00000E-03  1.38241E+00
 -1.13987E+01  2.17914E-28  1.43548E+06  2.00000E-03  1.32209E+00
 -1.13052E+01  2.18009E-28  1.43589E+06  2.00000E-03  1.29367E+00
 -1.12116E+01  2.18457E-28  1.43786E+06  2.00000E-03  1.17106E+00
 -1.11180E+01  2.18553E-28  1.43828E+06  2.00000E-03  1.13557E+00
 -1.10244E+01  2.18911E-28  1.43986E+06  2.00000E-03  1.02625E+00
 -1.09308E+01  2.18796E-28  1.43935E+06  2.00000E-03  1.02658E+00
 -1.08373E+01  2.18887E-28  1.43975E+06  2.00000E-03  9.76077E-01
 -1.07437E+01  2.19155E-28  1.44092E+06  2.00000E-03  8.92491E-01
 -1.06501E+01  2.19324E-28  1.44166E+06  2.00000E-03  8.30585E-01
 -1.05565E+01  2.19573E-28  1.44276E+06  2.00000E-03  7.52541E-01
 -1.04629E+01  2.19682E-28  1.44324E+06  2.00000E-03  7.08856E-01
 -1.03694E+01  2.19793E-28  1.44372E+06  2.00000E-03  6.55691E-01
 -1.02758E+01  2.19732E-28  1.44346E+06  2.00000E-03  6.39554E-01
 -1.01822E+01  2.19906E-28  1.44422E+06  2.00000E-03  5.78773E-01
 -1.00886E+01  2.19991E-28  1.44459E+06  2.00000E-03  5.47019E-01
 -9.99503E+00  2.20134E-28  1.44522E+06  2.00000E-03  4.86717E-01
 -9.90145E+00  2.20199E-28  1.44551E+06  2.00000E-03  4.61542E-01
 -9.80787E+00  2.20323E-28  1.44606E+06  2.00000E-03  4.06850E-01
 -9.71429E+00  2.20370E-28  1.44627E+06  2.00000E-03  3.69768E-01
 -9.62071E+00  2.20455E-28  1.44665E+06  2.00000E-03  3.42056E-01
 -9.52713E+00  2.20460E-28  1.44667E+06  2.00000E-03  3.40708E-01
 -9.43355E+00  2.20481E-28  1.44677E+06  2.00000E-03  3.36214E-01
 -9.33997E+00  2.20455E-28  1.44664E+06  2.00000E-03  3.52188E-01
 -9.24639E+00  2.20443E-28  1.44660E+06  2.00000E-03  3.62475E-01
 -9.15281E+00  2.20430E-28  1.44654E+06  2.00000E-03  3.70451E-01
 -9.05923E+00  2.20367E-28  1.44626E+06  2.00000E-03  4.04466E-01
 -8.96565E+00  2.20374E-28  1.44630E+06  2.00000E-03  3.66840E-01
 -8.87207E+00  2.20265E-28  1.44582E+06  2.00000E-03  4.38011E-01
 -8.77849E+00  2.20309E-28  1.44601E+06  2.00000E-03  4.25986E-01
 -8.68491E+00  2.20265E-28  1.44582E+06  2.00000E-03  4.83273E-01
 -8.59134E+00  2.20263E-28  1.44581E+06  2.00000E-03  4.83187E-01
 -8.49776E+00  2.20172E-28  1.44541E+06  2.00000E-03  5.55709E-01
 -8.40417E+00  2.20169E-28  1.44540E+06  2.00000E-03  5.58365E-01
 -8.31060E+00  2.20143E-28  1.44528E+06  2.00000E-03  5.85339E-01
 -8.21702E+00  2.20142E-28  1.44528E+06  2.00000E-03  5.86761E-01
 -8.12344E+00  2.20154E-28  1.44533E+06  2.00000E-03  5.74023E-01
 -8.02986E+00  2.20155E-28  1.44533E+06  2.00000E-03  5.73435E-01
 -7.93628E+00  2.20134E-28  1.44524E+06  2.00000E-03  5.56178E-01
 -7.84270E+00  2.20129E-28  1.44522E+06  2.00000E-03  5.57110E-01
 -7.74912E+00  2.20109E-28  1.44513E+06  2.00000E-03  5.29014E-01
 -7.65554E+00  2.20105E-28  1.44511E+06  2.00000E-03  5.25860E-01
 -7.56196E+00  2.20067E-28  1.44494E+06  2.00000E-03  5.05067E-01
 -7.46838E+00  2.20135E-28  1.44524E+06  2.00000E-03  4.95913E-01
 -7.37480E+00  2.20076E-28  1.44498E+06  2.00000E-03  4.82910E-01
 -7.28122E+00  2.20023E-28  1.44475E+06  2.00000E-03  4.91151E-01
 -7.18764E+00  2.20134E-28  1.44523E+06  2.00000E-03  4.69610E-01
 -7.09406E+00  2.20138E-28  1.44525E+06  2.00000E-03  4.65668E-01
 -7.00048E+00  2.20049E-28  1.44487E+06  2.00000E-03  4.70690E-01
 -6.90690E+00  2.20010E-28  1.44470E+06  2.00000E-03  4.72861E-01
 -6.81332E+00  2.19894E-28  1.44419E+06  2.00000E-03  4.82343E-01
 -6.71974E+00  2.19832E-28  1.44392E+06  2.00000E-03  4.80171E-01
 -6.62616E+00  2.19714E-28  1.44341E+06  2.00000E-03  4.76422E-01
 -6.53258E+00  2.19682E-28  1.44327E+06  2.00000E-03  4.67445E-01
 -6.43900E+00  2.19668E-28  1.44321E+06  2.00000E-03  4.41710E-01
 -6.34542E+00  2.19718E-28  1.44343E+06  2.00000E-03  4.24614E-01
 -6.25184E+00  2.19632E-28  1.44306E+06  2.00000E-03  3.94567E-01
 -6.15826E+00  2.19765E-28  1.44364E+06  2.00000E-03  3.55989E-01
 -6.06468E+00  2.19811E-28  1.44385E+06  2.00000E-03  2.87727E-01
 -5.97110E+00  2.19808E-28  1.44384E+06  2.00000E-03  2.62294E-01
 -5.87752E+00  2.19824E-28  1.44391E+06  2.00000E-03  1.90706E-01
 -5.78394E+00  2.19953E-28  1.44447E+06  2.00000E-03  1.50063E-01
 -5.69036E+00  2.20158E-28  1.44537E+06  2.00000E-03  1.00187E-01
 -5.59678E+00  2.20194E-28  1.44552E+06  2.00000E-03  3.14198E-02
 -5.50320E+00  2.20295E-28  1.44597E+06  2.00000E-03 -5.99949E-02
 -5.40962E+00  2.20429E-28  1.44656E+06  2.00000E-03 -1.65271E-01
 -5.31604E+00  2.20531E-28  1.44701E+06  2.00000E-03 -2.32631E-01
 -5.22246E+00  2.20682E-28  1.44767E+06  2.00000E-03 -3.52812E-01
 -5.12888E+00  2.20762E-28  1.44803E+06  2.00000E-03 -3.97808E-01
 -5.03530E+00  2.20942E-28  1.44882E+06  2.00000E-03 -4.94654E-01
 -4.94172E+00  2.21031E-28  1.44920E+06  2.00000E-03 -4.60211E-01
 -4.84814E+00  2.21237E-28  1.45011E+06  2.00000E-03 -5.41075E-01
 -4.75456E+00  2.21269E-28  1.45025E+06  2.00000E-03 -5.57773E-01
 -4.66098E+00  2.21395E-28  1.45079E+06  2.00000E-03 -5.89182E-01
 -4.56740E+00  2.21402E-28  1.45082E+06  2.00000E-03 -5.96947E-01
 -4.47382E+00  2.21460E-28  1.45108E+06  2.00000E-03 -6.19563E-01
 -4.38024E+00  2.21479E-28  1.45116E+06  2.00000E-03 -6.09674E-01
 -4.28666E+00  2.21496E-28  1.45124E+06  2.00000E-03 -6.16511E-01
 -4.19308E+00  2.21621E-28  1.45178E+06  2.00000E-03 -5.94948E-01
 -4.09950E+00  2.21616E-28  1.45176E+06  2.00000E-03 -5.95081E-01
 -4.00592E+00  2.21607E-28  1.45172E+06  2.00000E-03 -5.96474E-01
 -3.91234E+00  2.21540E-28  1.45142E+06  2.00000E-03 -5.77448E-01
 -3.81876E+00  2.21563E-28  1.45153E+06  2.00000E-03 -5.88944E-01
 -3.72518E+00  2.21432E-28  1.45096E+06  2.00000E-03 -5.36310E-01
 -3.63160E+00  2.21415E-28  1.45089E+06  2.00000E-03 -5.30216E-01
 -3.53802E+00  2.21167E-28  1.44980E+06  2.00000E-03 -4.41101E-01
 -3.44444E+00  2.21140E-28  1.44968E+06  2.00000E-03 -4.31764E-01
 -3.35086E+00  2.20928E-28  1.44875E+06  2.00000E-03 -3.40464E-01
 -3.25728E+00  2.20951E-28  1.44885E+06  2.00000E-03 -3.42611E-01
 -3.16370E+00  2.20719E-28  1.44783E+06  2.00000E-03 -2.53930E-01
 -3.07012E+00  2.20649E-28  1.44753E+06  2.00000E-03 -2.71364E-01
 -2.97654E+00  2.20334E-28  1.44615E+06  2.00000E-03 -1.81702E-01
 -2.88296E+00  2.20276E-28  1.44589E+06  2.00000E-03 -1.61721E-01
 -2.78938E+00  2.20110E-28  1.44516E+06  2.00000E-03 -1.07281E-01
 -2.69580E+00  2.20217E-28  1.44562E+06  2.00000E-03 -1.26227E-01
 -2.60222E+00  2.19957E-28  1.44448E+06  2.00000E-03 -5.52453E-02
 -2.50864E+00  2.19873E-28  1.44411E+06  2.00000E-03 -5.96763E-02
 -2.41506E+00  2.19608E-28  1.44294E+06  2.00000E-03  1.07096E-02
 -2.32148E+00  2.19523E-28  1.44257E+06  2.00000E-03  3.37984E-02
 -2.22790E+00  2.19283E-28  1.44152E+06  2.00000E-03  9.28178E-02
 -2.13433E+00  2.19185E-28  1.44109E+06  2.00000E-03  1.17052E-01
 -2.04075E+00  2.18962E-28  1.44011E+06  2.00000E-03  1.66296E-01
 -1.94717E+00  2.18918E-28  1.43991E+06  2.00000E-03  1.37830E-01
 -1.85359E+00  2.18787E-28  1.43934E+06  2.00000E-03  1.41081E-01
 -1.76001E+00  2.18647E-28  1.43872E+06  2.00000E-03  1.47102E-01
 -1.66643E+00  2.18481E-28  1.43799E+06  2.00000E-03  1.48797E-01
 -1.57285E+00  2.18365E-28  1.43748E+06  2.00000E-03  1.71026E-01
 -1.47927E+00  2.18252E-28  1.43698E+06  2.00000E-03  1.62691E-01
 -1.38569E+00  2.18039E-28  1.43605E+06  2.00000E-03  1.48944E-01
 -1.29211E+00  2.17862E-28  1.43526E+06  2.00000E-03  1.34717E-01
 -1.19853E+00  2.17757E-28  1.43480E+06  2.00000E-03  1.11797E-01
 -1.10495E+00  2.17650E-28  1.43433E+06  2.00000E-03  9.33581E-02
 -1.01137E+00  2.17523E-28  1.43377E+06  2.00000E-03  9.73884E-02
 -9.17787E-01  2.17432E-28  1.43337E+06  2.00000E-03  9.63483E-02
 -8.24207E-01  2.17273E-28  1.43268E+06  2.00000E-03  9.45276E-02
 -7.30627E-01  2.17116E-28  1.43199E+06  2.00000E-03  7.54016E-02
 -6.37047E-01  2.16842E-28  1.43078E+06  2.00000E-03  2.76430E-02
 -5.43467E-01  2.16751E-28  1.43038E+06  2.00000E-03  1.26626E-02
 -4.49888E-01  2.16514E-28  1.42934E+06  2.00000E-03 -2.83064E-02
 -3.56308E-01  2.16385E-28  1.42878E+06  2.00000E-03 -9.23073E-02
 -2.62728E-01  2.16205E-28  1.42798E+06  2.00000E-03 -1.24924E-01
 -1.69148E-01  2.16055E-28  1.42732E+06  2.00000E-03 -1.73726E-01
 -7.55681E-02  2.15961E-28  1.42691E+06  2.00000E-03 -1.83903E-01
  1.80117E-02  2.15936E-28  1.42680E+06  2.00000E-03 -1.87856E-01
  1.11592E-01  2.15847E-28  1.42641E+06  2.00000E-03 -2.04045E-01
  2.05171E-01  2.15852E-28  1.42644E+06  2.00000E-03 -2.18513E-01
  2.98751E-01  2.15804E-28  1.42622E+06  2.00000E-03 -2.49890E-01
  3.92331E-01  2.15799E-28  1.42620E+06  2.00000E-03 -2.50989E-01
  4.85911E-01  2.15702E-28  1.42578E+06  2.00000E-03 -2.74791E-01
  5.79491E-01  2.15686E-28  1.42571E+06  2.00000E-03 -2.79632E-01
  6.73071E-01  2.15655E-28  1.42558E+06  2.00000E-03 -2.91102E-01
  7.66651E-01  2.15652E-28  1.42557E+06  2.00000E-03 -2.92205E-01
  8.60230E-01  2.15634E-28  1.42548E+06  2.00000E-03 -3.04843E-01
  9.53810E-01  2.15634E-28  1.42548E+06  2.00000E-03 -3.04886E-01
  1.04739E+00  2.15773E-28  1.42609E+06  2.00000E-03 -2.95998E-01
  1.14097E+00  2.15779E-28  1.42612E+06  2.00000E-03 -2.95388E-01
  1.23455E+00  2.15853E-28  1.42644E+06  2.00000E-03 -2.92674E-01
  1.32813E+00  2.15869E-28  1.42651E+06  2.00000E-03 -2.90853E-01
  1.42171E+00  2.15901E-28  1.42665E+06  2.00000E-03 -2.92871E-01
  1.51529E+00  2.15970E-28  1.42695E+06  2.00000E-03 -2.81316E-01
  1.60887E+00  2.16041E-28  1.42726E+06  2.00000E-03 -2.72376E-01
  1.70245E+00  2.16080E-28  1.42743E+06  2.00000E-03 -2.64809E-01
  1.79603E+00  2.16278E-28  1.42830E+06  2.00000E-03 -2.28302E-01
  1.88961E+00  2.16288E-28  1.42834E+06  2.00000E-03 -2.27695E-01
  1.98319E+00  2.16325E-28  1.42850E+06  2.00000E-03 -2.21256E-01
  2.07677E+00  2.16354E-28  1.42863E+06  2.00000E-03 -2.16349E-01
  2.17035E+00  2.16436E-28  1.42899E+06  2.00000E-03 -2.02103E-01
  2.26393E+00  2.16453E-28  1.42906E+06  2.00000E-03 -1.99283E-01
  2.35751E+00  2.16483E-28  1.42920E+06  2.00000E-03 -1.91868E-01
  2.45109E+00  2.16497E-28  1.42926E+06  2.00000E-03 -1.88468E-01
  2.54467E+00  2.16571E-28  1.42958E+06  2.00000E-03 -1.70794E-01
  2.63825E+00  2.16614E-28  1.42977E+06  2.00000E-03 -1.60753E-01
  2.73183E+00  2.16644E-28  1.42990E+06  2.00000E-03 -1.52736E-01
  2.82541E+00  2.16681E-28  1.43007E+06  2.00000E-03 -1.48471E-01
  2.91899E+00  2.16719E-28  1.43023E+06  2.00000E-03 -1.50432E-01
  3.01257E+00  2.16741E-28  1.43033E+06  2.00000E-03 -1.51855E-01
  3.10615E+00  2.16736E-28  1.43031E+06  2.00000E-03 -1.68830E-01
  3.19973E+00  2.16718E-28  1.43023E+06  2.00000E-03 -1.89012E-01
  3.29331E+00  2.16648E-28  1.42992E+06  2.00000E-03 -2.44288E-01
  3.38689E+00  2.16578E-28  1.42961E+06  2.00000E-03 -3.12655E-01
  3.48047E+00  2.16468E-28  1.42913E+06  2.00000E-03 -3.91547E-01
  3.57405E+00  2.16339E-28  1.42856E+06  2.00000E-03 -4.75761E-01
  3.66763E+00  2.16213E-28  1.42801E+06  2.00000E-03 -5.59585E-01
  3.76121E+00  2.16030E-28  1.42720E+06  2.00000E-03 -6.82030E-01
  3.85479E+00  2.15900E-28  1.42663E+06  2.00000E-03 -7.67424E-01
  3.94837E+00  2.15665E-28  1.42559E+06  2.00000E-03 -9.31025E-01
  4.04195E+00  2.15561E-28  1.42514E+06  2.00000E-03 -1.04597E+00
  4.13553E+00  2.15243E-28  1.42375E+06  2.00000E-03 -1.27892E+00
  4.22910E+00  2.15184E-28  1.42349E+06  2.00000E-03 -1.35717E+00
  4.32269E+00  2.14986E-28  1.42262E+06  2.00000E-03 -1.50433E+00
  4.41627E+00  2.14958E-28  1.42250E+06  2.00000E-03 -1.54242E+00
  4.50984E+00  2.14869E-28  1.42211E+06  2.00000E-03 -1.66139E+00
  4.60342E+00  2.14927E-28  1.42235E+06  2.00000E-03 -1.66884E+00
  4.69700E+00  2.14918E-28  1.42232E+06  2.00000E-03 -1.72388E+00
  4.79058E+00  2.14967E-28  1.42255E+06  2.00000E-03 -1.72101E+00
  4.88416E+00  2.14959E-28  1.42251E+06  2.00000E-03 -1.75735E+00
  4.97774E+00  2.14959E-28  1.42252E+06  2.00000E-03 -1.76077E+00
  5.07132E+00  2.14961E-28  1.42253E+06  2.00000E-03 -1.79053E+00
  5.16490E+00  2.14962E-28  1.42253E+06  2.00000E-03 -1.79388E+00
  5.25848E+00  2.15122E-28  1.42324E+06  2.00000E-03 -1.76666E+00
  5.35206E+00  2.15140E-28  1.42332E+06  2.00000E-03 -1.76306E+00
  5.44564E+00  2.15167E-28  1.42344E+06  2.00000E-03 -1.77894E+00
  5.53922E+00  2.15240E-28  1.42376E+06  2.00000E-03 -1.75313E+00
  5.63280E+00  2.15347E-28  1.42426E+06  2.00000E-03 -1.72643E+00
  5.72638E+00  2.15377E-28  1.42440E+06  2.00000E-03 -1.71342E+00
  5.81996E+00  2.15559E-28  1.42520E+06  2.00000E-03 -1.65284E+00
  5.91354E+00  2.15563E-28  1.42522E+06  2.00000E-03 -1.64793E+00
  6.00712E+00  2.15613E-28  1.42544E+06  2.00000E-03 -1.62971E+00
  6.10070E+00  2.15619E-28  1.42547E+06  2.00000E-03 -1.62678E+00
  6.19428E+00  2.15677E-28  1.42574E+06  2.00000E-03 -1.59506E+00
  6.28786E+00  2.15684E-28  1.42579E+06  2.00000E-03 -1.57753E+00
  6.38144E+00  2.15730E-28  1.42599E+06  2.00000E-03 -1.54932E+00
  6.47502E+00  2.15739E-28  1.42603E+06  2.00000E-03 -1.54380E+00
  6.56860E+00  2.15783E-28  1.42622E+06  2.00000E-03 -1.51905E+00
  6.66218E+00  2.15790E-28  1.42625E+06  2.00000E-03 -1.51493E+00
  6.75576E+00  2.15844E-28  1.42648E+06  2.00000E-03 -1.48266E+00
  6.84934E+00  2.15839E-28  1.42646E+06  2.00000E-03 -1.48249E+00
  6.94292E+00  2.15883E-28  1.42664E+06  2.00000E-03 -1.45623E+00
  7.03650E+00  2.15900E-28  1.42674E+06  2.00000E-03 -1.44823E+00
  7.13008E+00  2.15945E-28  1.42696E+06  2.00000E-03 -1.42691E+00
  7.22366E+00  2.15973E-28  1.42710E+06  2.00000E-03 -1.41418E+00
  7.31724E+00  2.16007E-28  1.42725E+06  2.00000E-03 -1.41418E+00
  7.41082E+00  2.16021E-28  1.42730E+06  2.00000E-03 -1.41972E+00
  7.50440E+00  2.16028E-28  1.42733E+06  2.00000E-03 -1.42395E+00
  7.59798E+00  2.16038E-28  1.42738E+06  2.00000E-03 -1.42646E+00
  7.69156E+00  2.16005E-28  1.42724E+06  2.00000E-03 -1.48371E+00
  7.78514E+00  2.15977E-28  1.42712E+06  2.00000E-03 -1.55627E+00
  7.87872E+00  2.15987E-28  1.42718E+06  2.00000E-03 -1.56530E+00
  7.97230E+00  2.15987E-28  1.42718E+06  2.00000E-03 -1.56530E+00
  8.06588E+00  2.15936E-28  1.42695E+06  2.00000E-03 -1.63513E+00
  8.15946E+00  2.15841E-28  1.42651E+06  2.00000E-03 -1.76482E+00
  8.25304E+00  2.15841E-28  1.42651E+06  2.00000E-03 -1.76482E+00
  8.34662E+00  2.15841E-28  1.42651E+06  2.00000E-03 -1.76482E+00
  8.44020E+00  2.15842E-28  1.42651E+06  2.00000E-03 -1.80245E+00
  8.53378E+00  2.15845E-28  1.42650E+06  2.00000E-03 -1.89385E+00
  8.62736E+00  2.15845E-28  1.42650E+06  2.00000E-03 -1.89386E+00
  8.72094E+00  2.15845E-28  1.42650E+06  2.00000E-03 -1.89386E+00
  8.81452E+00  2.16065E-28  1.42746E+06  2.00000E-03 -1.84143E+00
  8.90810E+00  2.16585E-28  1.42975E+06  2.00000E-03 -1.69513E+00
  9.00168E+00  2.16585E-28  1.42975E+06  2.00000E-03 -1.69513E+00
  9.09526E+00  2.16642E-28  1.43000E+06  2.00000E-03 -1.67386E+00
  9.18884E+00  2.16861E-28  1.43096E+06  2.00000E-03 -1.59245E+00
  9.28242E+00  2.17244E-28  1.43263E+06  2.00000E-03 -1.44676E+00
  9.37600E+00  2.17495E-28  1.43373E+06  2.00000E-03 -1.34848E+00
  9.46958E+00  2.17495E-28  1.43373E+06  2.00000E-03 -1.34848E+00
  9.56316E+00  2.17551E-28  1.43397E+06  2.00000E-03 -1.32150E+00
  9.65674E+00  2.17974E-28  1.43581E+06  2.00000E-03 -1.11708E+00
  9.75032E+00  2.17980E-28  1.43584E+06  2.00000E-03 -1.11393E+00
  9.84390E+00  2.17980E-28  1.43584E+06  2.00000E-03 -1.11393E+00
  9.93748E+00  2.17988E-28  1.43587E+06  2.00000E-03 -1.10983E+00
  1.00311E+01  2.18424E-28  1.43777E+06  2.00000E-03 -8.78656E-01
  1.01246E+01  2.18559E-28  1.43835E+06  2.00000E-03 -8.00099E-01
  1.02182E+01  2.18626E-28  1.43864E+06  2.00000E-03 -7.61251E-01
  1.03118E+01  2.18648E-28  1.43874E+06  2.00000E-03 -7.48353E-01
  1.04054E+01  2.18953E-28  1.44007E+06  2.00000E-03 -5.84099E-01
  1.04990E+01  2.19035E-28  1.44042E+06  2.00000E-03 -5.41769E-01
  1.05925E+01  2.19022E-28  1.44037E+06  2.00000E-03 -5.48591E-01
  1.06861E+01  2.19044E-28  1.44046E+06  2.00000E-03 -5.37397E-01
  1.07797E+01  2.19456E-28  1.44225E+06  2.00000E-03 -3.20706E-01
  1.08733E+01  2.19510E-28  1.44249E+06  2.00000E-03 -2.91991E-01
  1.09669E+01  2.19510E-28  1.44249E+06  2.00000E-03 -2.91991E-01
  1.10604E+01  2.19510E-28  1.44249E+06  2.00000E-03 -2.91991E-01
  1.11540E+01  2.19780E-28  1.44367E+06  2.00000E-03 -1.34530E-01
  1.12476E+01  2.19912E-28  1.44425E+06  2.00000E-03 -6.18082E-02
  1.13412E+01  2.19936E-28  1.44435E+06  2.00000E-03 -4.93987E-02
  1.14348E+01  2.19968E-28  1.44449E+06  2.00000E-03 -3.32757E-02
  1.15283E+01  2.20153E-28  1.44531E+06  2.00000E-03  8.11961E-02
  1.16219E+01  2.20208E-28  1.44554E+06  2.00000E-03  1.13642E-01
  1.17155E+01  2.20244E-28  1.44570E+06  2.00000E-03  1.28558E-01
  1.18091E+01  2.20255E-28  1.44575E+06  2.00000E-03  1.33078E-01
  1.19027E+01  2.20292E-28  1.44591E+06  2.00000E-03  1.74002E-01
  1.19962E+01  2.20318E-28  1.44603E+06  2.00000E-03  2.03653E-01
  1.20898E+01  2.20318E-28  1.44603E+06  2.00000E-03  2.03653E-01
  1.21834E+01  2.20318E-28  1.44603E+06  2.00000E-03  2.03653E-01
  1.22770E+01  2.20236E-28  1.44567E+06  2.00000E-03  1.91416E-01
  1.23706E+01  2.20176E-28  1.44540E+06  2.00000E-03  1.82515E-01
  1.24641E+01  2.20176E-28  1.44540E+06  2.00000E-03  1.82515E-01
  1.25577E+01  2.20176E-28  1.44540E+06  2.00000E-03  1.82515E-01
  1.26513E+01  2.19981E-28  1.44455E+06  2.00000E-03  8.95798E-02
  1.27449E+01  2.19756E-28  1.44356E+06  2.00000E-03 -1.84504E-02
  1.28385E+01  2.19756E-28  1.44356E+06  2.00000E-03 -1.84504E-02
  1.29320E+01  2.19756E-28  1.44356E+06  2.00000E-03 -1.84504E-02
  1.30256E+01  2.19492E-28  1.44241E+06  2.00000E-03 -1.70293E-01
  1.31192E+01  2.18951E-28  1.44004E+06  2.00000E-03 -4.85133E-01
  1.32128E+01  2.18888E-28  1.43976E+06  2.00000E-03 -5.26038E-01
  1.33064E+01  2.18888E-28  1.43976E+06  2.00000E-03 -5.26038E-01
  1.33999E+01  2.18748E-28  1.43915E+06  2.00000E-03 -6.08931E-01
  1.34935E+01  2.18406E-28  1.43765E+06  2.00000E-03 -8.10752E-01
  1.35871E+01  2.18383E-28  1.43754E+06  2.00000E-03 -8.42796E-01
  1.36807E+01  2.18356E-28  1.43742E+06  2.00000E-03 -8.63471E-01
  1.37743E+01  2.18262E-28  1.43701E+06  2.00000E-03 -9.24375E-01
  1.38678E+01  2.18118E-28  1.43637E+06  2.00000E-03 -9.88996E-01
  1.39614E+01  2.18118E-28  1.43637E+06  2.00000E-03 -9.88996E-01
  1.40550E+01  2.18107E-28  1.43632E+06  2.00000E-03 -9.98069E-01
  1.41486E+01  2.18075E-28  1.43618E+06  2.00000E-03 -1.01530E+00
  1.42421E+01  2.18077E-28  1.43618E+06  2.00000E-03 -9.68798E-01
  1.43357E+01  2.18077E-28  1.43618E+06  2.00000E-03 -9.68798E-01
  1.44293E+01  2.18077E-28  1.43618E+06  2.00000E-03 -9.68798E-01
  1.45229E+01  2.18088E-28  1.43623E+06  2.00000E-03 -9.57219E-01
  1.46165E+01  2.18190E-28  1.43667E+06  2.00000E-03 -8.44458E-01
  1.47100E+01  2.18190E-28  1.43667E+06  2.00000E-03 -8.44327E-01
  1.48036E+01  2.18190E-28  1.43667E+06  2.00000E-03 -8.44327E-01
  1.48972E+01  2.18191E-28  1.43668E+06  2.00000E-03 -8.41983E-01
  1.49908E+01  2.18246E-28  1.43692E+06  2.00000E-03 -7.59911E-01
  1.50844E+01  2.18251E-28  1.43694E+06  2.00000E-03 -7.52509E-01
  1.51779E+01  2.18251E-28  1.43694E+06  2.00000E-03 -7.52509E-01
  1.52715E+01  2.18251E-28  1.43694E+06  2.00000E-03 -7.52509E-01
  1.53651E+01  2.18090E-28  1.43623E+06  2.00000E-03 -8.07421E-01
  1.54587E+01  2.18066E-28  1.43612E+06  2.00000E-03 -8.15842E-01
  1.55523E+01  2.18066E-28  1.43612E+06  2.00000E-03 -8.15842E-01
  1.56458E+01  2.18066E-28  1.43612E+06  2.00000E-03 -8.15842E-01
  1.57394E+01  2.17612E-28  1.43413E+06  2.00000E-03 -1.06922E+00
  1.58330E+01  2.17513E-28  1.43369E+06  2.00000E-03 -1.12437E+00
  1.59266E+01  2.17293E-28  1.43273E+06  2.00000E-03 -1.23477E+00
  1.60202E+01  2.16935E-28  1.43115E+06  2.00000E-03 -1.41651E+00
  1.61137E+01  2.16442E-28  1.42898E+06  2.00000E-03 -1.69415E+00
  1.62073E+01  2.16173E-28  1.42779E+06  2.00000E-03 -1.83435E+00
  1.63009E+01  2.16118E-28  1.42755E+06  2.00000E-03 -1.85625E+00
  1.63945E+01  2.16118E-28  1.42755E+06  2.00000E-03 -1.85625E+00
  1.64881E+01  2.15853E-28  1.42638E+06  2.00000E-03 -1.97874E+00
  1.65816E+01  2.15685E-28  1.42563E+06  2.00000E-03 -2.05231E+00
  1.66752E+01  2.15672E-28  1.42558E+06  2.00000E-03 -2.05380E+00
  1.67688E+01  2.15635E-28  1.42541E+06  2.00000E-03 -2.05806E+00
  1.68624E+01  2.15607E-28  1.42529E+06  2.00000E-03 -2.06201E+00
  1.69560E+01  2.15602E-28  1.42527E+06  2.00000E-03 -2.06304E+00
  1.70495E+01  2.15602E-28  1.42527E+06  2.00000E-03 -2.06304E+00
  1.71431E+01  2.15602E-28  1.42527E+06  2.00000E-03 -2.06304E+00
  1.72367E+01  2.15632E-28  1.42540E+06  2.00000E-03 -2.05182E+00
  1.73303E+01  2.15661E-28  1.42553E+06  2.00000E-03 -2.04095E+00
  1.74239E+01  2.15661E-28  1.42553E+06  2.00000E-03 -2.04095E+00
  1.75174E+01  2.15661E-28  1.42553E+06  2.00000E-03 -2.04095E+00
  1.76110E+01  2.15703E-28  1.42571E+06  2.00000E-03 -2.02005E+00
  1.77046E+01  2.15770E-28  1.42601E+06  2.00000E-03 -1.98683E+00
  1.77982E+01  2.15769E-28  1.42601E+06  2.00000E-03 -1.98683E+00
  1.78918E+01  2.15769E-28  1.42601E+06  2.00000E-03 -1.98683E+00
  1.79853E+01  2.15791E-28  1.42610E+06  2.00000E-03 -1.97602E+00
  1.80789E+01  2.15837E-28  1.42630E+06  2.00000E-03 -1.95274E+00
  1.81725E+01  2.15837E-28  1.42630E+06  2.00000E-03 -1.95274E+00
  1.82661E+01  2.15835E-28  1.42629E+06  2.00000E-03 -1.95344E+00
  1.83597E+01  2.15804E-28  1.42616E+06  2.00000E-03 -1.96560E+00
  1.84532E+01  2.15753E-28  1.42593E+06  2.00000E-03 -2.00412E+00
  1.85468E+01  2.15726E-28  1.42581E+06  2.00000E-03 -2.01763E+00
  1.86404E+01  2.15726E-28  1.42581E+06  2.00000E-03 -2.01763E+00
  1.87340E+01  2.15700E-28  1.42570E+06  2.00000E-03 -2.03620E+00
  1.88276E+01  2.15544E-28  1.42502E+06  2.00000E-03 -2.15384E+00
  1.89211E+01  2.15507E-28  1.42485E+06  2.00000E-03 -2.17737E+00
  1.90147E+01  2.15507E-28  1.42485E+06  2.00000E-03 -2.17737E+00
  1.91083E+01  2.15486E-28  1.42476E+06  2.00000E-03 -2.18022E+00
  1.92019E+01  2.15429E-28  1.42453E+06  2.00000E-03 -2.22313E+00
  1.92955E+01  2.15428E-28  1.42453E+06  2.00000E-03 -2.22352E+00
  1.93890E+01  2.15428E-28  1.42453E+06  2.00000E-03 -2.22352E+00
  1.94826E+01  2.15428E-28  1.42453E+06  2.00000E-03 -2.22352E+00
  1.95762E+01  2.15428E-28  1.42453E+06  2.00000E-03 -2.22352E+00
  1.96698E+01  2.15428E-28  1.42453E+06  2.00000E-03 -2.22352E+00
  1.97634E+01  2.15428E-28  1.42453E+06  2.00000E-03 -2.22352E+00
  1.98569E+01  2.15429E-28  1.42454E+06  2.00000E-03 -2.22278E+00
  1.99505E+01  2.15530E-28  1.42497E+06  2.00000E-03 -2.15399E+00
  2.00441E+01  2.15547E-28  1.42504E+06  2.00000E-03 -2.14247E+00
  2.01377E+01  2.15547E-28  1.42504E+06  2.00000E-03 -2.14247E+00
  2.02313E+01  2.15547E-28  1.42504E+06  2.00000E-03 -2.14247E+00
  2.03248E+01  2.15547E-28  1.42504E+06  2.00000E-03 -2.14247E+00
  2.04184E+01  2.15547E-28  1.42504E+06  2.00000E-03 -2.14247E+00
  2.05120E+01  2.15547E-28  1.42504E+06  2.00000E-03 -2.14247E+00
  2.06056E+01  2.15547E-28  1.42504E+06  2.00000E-03 -2.14248E+00
  2.06992E+01  2.15997E-28  1.42702E+06  2.00000E-03 -1.86070E+00
  2.07927E+01  2.16244E-28  1.42810E+06  2.00000E-03 -1.70262E+00
  2.08863E+01  2.16285E-28  1.42829E+06  2.00000E-03 -1.67447E+00
  2.09799E+01  2.16285E-28  1.42829E+06  2.00000E-03 -1.67447E+00
  2.10735E+01  2.16355E-28  1.42859E+06  2.00000E-03 -1.62658E+00
  2.11671E+01  2.16377E-28  1.42869E+06  2.00000E-03 -1.61198E+00
  2.12606E+01  2.16500E-28  1.42923E+06  2.00000E-03 -1.52824E+00
  2.13542E+01  2.16561E-28  1.42949E+06  2.00000E-03 -1.48717E+00
  2.14478E+01  2.16955E-28  1.43123E+06  2.00000E-03 -1.23579E+00
  2.15414E+01  2.17248E-28  1.43251E+06  2.00000E-03 -1.04965E+00
  2.16350E+01  2.17248E-28  1.43251E+06  2.00000E-03 -1.04965E+00
  2.17285E+01  2.17248E-28  1.43251E+06  2.00000E-03 -1.04965E+00
  2.18221E+01  2.17248E-28  1.43251E+06  2.00000E-03 -1.04965E+00
  2.19157E+01  2.17248E-28  1.43251E+06  2.00000E-03 -1.04965E+00
  2.20093E+01  2.17270E-28  1.43261E+06  2.00000E-03 -1.03459E+00
  2.21029E+01  2.17316E-28  1.43281E+06  2.00000E-03 -1.00357E+00
  2.21964E+01  2.17414E-28  1.43324E+06  2.00000E-03 -9.40398E-01
  2.22900E+01  2.17531E-28  1.43375E+06  2.00000E-03 -8.66159E-01
  2.23836E+01  2.17531E-28  1.43375E+06  2.00000E-03 -8.66096E-01
  2.24772E+01  2.17531E-28  1.43375E+06  2.00000E-03 -8.66064E-01
  2.25708E+01  2.17528E-28  1.43374E+06  2.00000E-03 -8.65639E-01
  2.26643E+01  2.17526E-28  1.43373E+06  2.00000E-03 -8.65276E-01
  2.27579E+01  2.17521E-28  1.43371E+06  2.00000E-03 -8.64600E-01
  2.28515E+01  2.17521E-28  1.43371E+06  2.00000E-03 -8.64600E-01
  2.29451E+01  2.17493E-28  1.43359E+06  2.00000E-03 -8.86096E-01
  2.30387E+01  2.17403E-28  1.43319E+06  2.00000E-03 -9.54106E-01
  2.31322E+01  2.17403E-28  1.43319E+06  2.00000E-03 -9.54106E-01
  2.32258E+01  2.17403E-28  1.43319E+06  2.00000E-03 -9.54105E-01
  2.33194E+01  2.17403E-28  1.43319E+06  2.00000E-03 -9.54106E-01
  2.34130E+01  2.17403E-28  1.43319E+06  2.00000E-03 -9.54106E-01
  2.35066E+01  2.17403E-28  1.43319E+06  2.00000E-03 -9.54106E-01
  2.36001E+01  2.17403E-28  1.43319E+06  2.00000E-03 -9.54106E-01
  2.36937E+01  2.17397E-28  1.43316E+06  2.00000E-03 -9.58452E-01
  2.37873E+01  2.17248E-28  1.43251E+06  2.00000E-03 -1.06321E+00
  2.38809E+01  2.17244E-28  1.43249E+06  2.00000E-03 -1.06659E+00
  2.39745E+01  2.17244E-28  1.43249E+06  2.00000E-03 -1.06659E+00
  2.40680E+01  2.17244E-28  1.43249E+06  2.00000E-03 -1.06659E+00
  2.41616E+01  2.17244E-28  1.43249E+06  2.00000E-03 -1.06659E+00
  2.42552E+01  2.17244E-28  1.43249E+06  2.00000E-03 -1.06659E+00
  2.43488E+01  2.17244E-28  1.43249E+06  2.00000E-03 -1.06659E+00
  2.44424E+01  2.17244E-28  1.43249E+06  2.00000E-03 -1.06659E+00
