 -3.51600E+01  2.17704E-28  1.43463E+06  2.00000E-03  6.20908E+00
 -3.50664E+01  2.17725E-28  1.43473E+06  2.00000E-03  6.20435E+00
 -3.49729E+01  2.17725E-28  1.43473E+06  2.00000E-03  6.20435E+00
 -3.48793E+01  2.17731E-28  1.43475E+06  2.00000E-03  6.19900E+00
 -3.47857E+01  2.17756E-28  1.43486E+06  2.00000E-03  6.17881E+00
 -3.46921E+01  2.17762E-28  1.43489E+06  2.00000E-03  6.17366E+00
 -3.45985E+01  2.17762E-28  1.43489E+06  2.00000E-03  6.17366E+00
 -3.45050E+01  2.17762E-28  1.43489E+06  2.00000E-03  6.17366E+00
 -3.44114E+01  2.17762E-28  1.43489E+06  2.00000E-03  6.17366E+00
 -3.43178E+01  2.17762E-28  1.43489E+06  2.00000E-03  6.17366E+00
 -3.42242E+01  2.17806E-28  1.43508E+06  2.00000E-03  6.16434E+00
 -3.41306E+01  2.17952E-28  1.43573E+06  2.00000E-03  6.13334E+00
 -3.40371E+01  2.18071E-28  1.43625E+06  2.00000E-03  6.10836E+00
 -3.39435E+01  2.18071E-28  1.43625E+06  2.00000E-03  6.10836E+00
 -3.38499E+01  2.18070E-28  1.43625E+06  2.00000E-03  6.10579E+00
 -3.37563E+01  2.18067E-28  1.43624E+06  2.00000E-03  6.08596E+00
 -3.36627E+01  2.18066E-28  1.43623E+06  2.00000E-03  6.08409E+00
 -3.35692E+01  2.18066E-28  1.43623E+06  2.00000E-03  6.08409E+00
 -3.34756E+01  2.18066E-28  1.43623E+06  2.00000E-03  6.08409E+00
 -3.33820E+01  2.18066E-28  1.43624E+06  2.00000E-03  6.08409E+00
 -3.32884E+01  2.18066E-28  1.43624E+06  2.00000E-03  6.08409E+00
 -3.31948E+01  2.18066E-28  1.43624E+06  2.00000E-03  6.08409E+00
 -3.31013E+01  2.18104E-28  1.43640E+06  2.00000E-03  6.07687E+00
 -3.30077E+01  2.18288E-28  1.43722E+06  2.00000E-03  6.04146E+00
 -3.29141E+01  2.18361E-28  1.43754E+06  2.00000E-03  6.02731E+00
 -3.28205E+01  2.18359E-28  1.43754E+06  2.00000E-03  6.01574E+00
 -3.27269E+01  2.18353E-28  1.43751E+06  2.00000E-03  5.97739E+00
 -3.26334E+01  2.18352E-28  1.43751E+06  2.00000E-03  5.96880E+00
 -3.25398E+01  2.18352E-28  1.43751E+06  2.00000E-03  5.96880E+00
 -3.24462E+01  2.18352E-28  1.43751E+06  2.00000E-03  5.96880E+00
 -3.23526E+01  2.18352E-28  1.43751E+06  2.00000E-03  5.96880E+00
 -3.22590E+01  2.18352E-28  1.43751E+06  2.00000E-03  5.96880E+00
 -3.21655E+01  2.18352E-28  1.43751E+06  2.00000E-03  5.96880E+00
 -3.20719E+01  2.18352E-28  1.43751E+06  2.00000E-03  5.96880E+00
 -3.19783E+01  2.18404E-28  1.43774E+06  2.00000E-03  5.95966E+00
 -3.18847E+01  2.18589E-28  1.43857E+06  2.00000E-03  5.92771E+00
 -3.17911E+01  2.18589E-28  1.43857E+06  2.00000E-03  5.91363E+00
 -3.16976E+01  2.18587E-28  1.43856E+06  2.00000E-03  5.82683E+00
 -3.16040E+01  2.18587E-28  1.43856E+06  2.00000E-03  5.82194E+00
 -3.15104E+01  2.18587E-28  1.43856E+06  2.00000E-03  5.82194E+00
 -3.14168E+01  2.18587E-28  1.43856E+06  2.00000E-03  5.82194E+00
 -3.13232E+01  2.18587E-28  1.43856E+06  2.00000E-03  5.82194E+00
 -3.12297E+01  2.18587E-28  1.43856E+06  2.00000E-03  5.82194E+00
 -3.11361E+01  2.18587E-28  1.43856E+06  2.00000E-03  5.82194E+00
 -3.10425E+01  2.18587E-28  1.43856E+06  2.00000E-03  5.82194E+00
 -3.09489E+01  2.18588E-28  1.43857E+06  2.00000E-03  5.82190E+00
 -3.08553E+01  2.18658E-28  1.43889E+06  2.00000E-03  5.82032E+00
 -3.07618E+01  2.18721E-28  1.43918E+06  2.00000E-03  5.79721E+00
 -3.06682E+01  2.18717E-28  1.43916E+06  2.00000E-03  5.73880E+00
 -3.05746E+01  2.18663E-28  1.43892E+06  2.00000E-03  5.74238E+00
 -3.04810E+01  2.18556E-28  1.43845E+06  2.00000E-03  5.78677E+00
 -3.03874E+01  2.18551E-28  1.43843E+06  2.00000E-03  5.78902E+00
 -3.02939E+01  2.18553E-28  1.43844E+06  2.00000E-03  5.78799E+00
 -3.02003E+01  2.18556E-28  1.43845E+06  2.00000E-03  5.78691E+00
 -3.01067E+01  2.18551E-28  1.43843E+06  2.00000E-03  5.78915E+00
 -3.00131E+01  2.18591E-28  1.43861E+06  2.00000E-03  5.77245E+00
 -2.99195E+01  2.18578E-28  1.43855E+06  2.00000E-03  5.77793E+00
 -2.98260E+01  2.18586E-28  1.43859E+06  2.00000E-03  5.77446E+00
 -2.97324E+01  2.18536E-28  1.43837E+06  2.00000E-03  5.80448E+00
 -2.96388E+01  2.18437E-28  1.43794E+06  2.00000E-03  5.84375E+00
 -2.95452E+01  2.18436E-28  1.43793E+06  2.00000E-03  5.84546E+00
 -2.94516E+01  2.18429E-28  1.43790E+06  2.00000E-03  5.84858E+00
 -2.93581E+01  2.18389E-28  1.43773E+06  2.00000E-03  5.86682E+00
 -2.92645E+01  2.18398E-28  1.43777E+06  2.00000E-03  5.86272E+00
 -2.91709E+01  2.18389E-28  1.43773E+06  2.00000E-03  5.86690E+00
 -2.90773E+01  2.18386E-28  1.43771E+06  2.00000E-03  5.86832E+00
 -2.89837E+01  2.18352E-28  1.43756E+06  2.00000E-03  5.88404E+00
 -2.88902E+01  2.18346E-28  1.43754E+06  2.00000E-03  5.88673E+00
 -2.87966E+01  2.18252E-28  1.43713E+06  2.00000E-03  5.92959E+00
 -2.87030E+01  2.18164E-28  1.43673E+06  2.00000E-03  5.99709E+00
 -2.86094E+01  2.17836E-28  1.43533E+06  2.00000E-03  6.22384E+00
 -2.85158E+01  2.17756E-28  1.43499E+06  2.00000E-03  6.27526E+00
 -2.84223E+01  2.17756E-28  1.43499E+06  2.00000E-03  6.27526E+00
 -2.83287E+01  2.17756E-28  1.43499E+06  2.00000E-03  6.27526E+00
 -2.82351E+01  2.17756E-28  1.43499E+06  2.00000E-03  6.27526E+00
 -2.81415E+01  2.17756E-28  1.43499E+06  2.00000E-03  6.27526E+00
 -2.80479E+01  2.17756E-28  1.43499E+06  2.00000E-03  6.27526E+00
 -2.79544E+01  2.17756E-28  1.43499E+06  2.00000E-03  6.27526E+00
 -2.78608E+01  2.17756E-28  1.43499E+06  2.00000E-03  6.27526E+00
 -2.77672E+01  2.17756E-28  1.43499E+06  2.00000E-03  6.27526E+00
 -2.76736E+01  2.17713E-28  1.43481E+06  2.00000E-03  6.35615E+00
 -2.75800E+01  2.17628E-28  1.43445E+06  2.00000E-03  6.44636E+00
 -2.74865E+01  2.17568E-28  1.43419E+06  2.00000E-03  6.45963E+00
 -2.73929E+01  2.17538E-28  1.43406E+06  2.00000E-03  6.46624E+00
 -2.72993E+01  2.17538E-28  1.43406E+06  2.00000E-03  6.46624E+00
 -2.72057E+01  2.17540E-28  1.43407E+06  2.00000E-03  6.48237E+00
 -2.71121E+01  2.17549E-28  1.43411E+06  2.00000E-03  6.53848E+00
 -2.70186E+01  2.17526E-28  1.43401E+06  2.00000E-03  6.56864E+00
 -2.69250E+01  2.17398E-28  1.43346E+06  2.00000E-03  6.63110E+00
 -2.68314E+01  2.17387E-28  1.43341E+06  2.00000E-03  6.63610E+00
 -2.67378E+01  2.17400E-28  1.43347E+06  2.00000E-03  6.64861E+00
 -2.66442E+01  2.17440E-28  1.43365E+06  2.00000E-03  6.68862E+00
 -2.65507E+01  2.17457E-28  1.43372E+06  2.00000E-03  6.70520E+00
 -2.64571E+01  2.17428E-28  1.43360E+06  2.00000E-03  6.72172E+00
 -2.63635E+01  2.17342E-28  1.43323E+06  2.00000E-03  6.77150E+00
 -2.62699E+01  2.17319E-28  1.43313E+06  2.00000E-03  6.78487E+00
 -2.61763E+01  2.17341E-28  1.43323E+06  2.00000E-03  6.80492E+00
 -2.60828E+01  2.17409E-28  1.43352E+06  2.00000E-03  6.86697E+00
 -2.59892E+01  2.17423E-28  1.43359E+06  2.00000E-03  6.88052E+00
 -2.58956E+01  2.17370E-28  1.43337E+06  2.00000E-03  6.91150E+00
 -2.58020E+01  2.17316E-28  1.43314E+06  2.00000E-03  6.94319E+00
 -2.57084E+01  2.17308E-28  1.43310E+06  2.00000E-03  6.94889E+00
 -2.56149E+01  2.17357E-28  1.43331E+06  2.00000E-03  6.97015E+00
 -2.55213E+01  2.17384E-28  1.43343E+06  2.00000E-03  6.98202E+00
 -2.54277E+01  2.17384E-28  1.43343E+06  2.00000E-03  6.98202E+00
 -2.53341E+01  2.17352E-28  1.43330E+06  2.00000E-03  7.00106E+00
 -2.52405E+01  2.17297E-28  1.43307E+06  2.00000E-03  7.03322E+00
 -2.51470E+01  2.17305E-28  1.43310E+06  2.00000E-03  7.03488E+00
 -2.50534E+01  2.17330E-28  1.43320E+06  2.00000E-03  7.03981E+00
 -2.49598E+01  2.17330E-28  1.43320E+06  2.00000E-03  7.03981E+00
 -2.48662E+01  2.17330E-28  1.43320E+06  2.00000E-03  7.03981E+00
 -2.47726E+01  2.17312E-28  1.43313E+06  2.00000E-03  7.04353E+00
 -2.46791E+01  2.17282E-28  1.43301E+06  2.00000E-03  7.04428E+00
 -2.45855E+01  2.17257E-28  1.43289E+06  2.00000E-03  7.02087E+00
 -2.44919E+01  2.17250E-28  1.43286E+06  2.00000E-03  7.01276E+00
 -2.43983E+01  2.17250E-28  1.43286E+06  2.00000E-03  7.01276E+00
 -2.43048E+01  2.17251E-28  1.43286E+06  2.00000E-03  7.01132E+00
 -2.42112E+01  2.17255E-28  1.43288E+06  2.00000E-03  7.00309E+00
 -2.41176E+01  2.17226E-28  1.43276E+06  2.00000E-03  6.96883E+00
 -2.40240E+01  2.17186E-28  1.43258E+06  2.00000E-03  6.94293E+00
 -2.39304E+01  2.17181E-28  1.43256E+06  2.00000E-03  6.94001E+00
 -2.38369E+01  2.17181E-28  1.43256E+06  2.00000E-03  6.94001E+00
 -2.37433E+01  2.17181E-28  1.43256E+06  2.00000E-03  6.94001E+00
 -2.36497E+01  2.17221E-28  1.43273E+06  2.00000E-03  6.91042E+00
 -2.35561E+01  2.17165E-28  1.43248E+06  2.00000E-03  6.84571E+00
 -2.34625E+01  2.17151E-28  1.43242E+06  2.00000E-03  6.83788E+00
 -2.33690E+01  2.17151E-28  1.43242E+06  2.00000E-03  6.83788E+00
 -2.32754E+01  2.17151E-28  1.43242E+06  2.00000E-03  6.83788E+00
 -2.31818E+01  2.17158E-28  1.43245E+06  2.00000E-03  6.83065E+00
 -2.30882E+01  2.17169E-28  1.43250E+06  2.00000E-03  6.76143E+00
 -2.29946E+01  2.17188E-28  1.43258E+06  2.00000E-03  6.69465E+00
 -2.29011E+01  2.17188E-28  1.43258E+06  2.00000E-03  6.69465E+00
 -2.28075E+01  2.17188E-28  1.43258E+06  2.00000E-03  6.71125E+00
 -2.27139E+01  2.17188E-28  1.43258E+06  2.00000E-03  6.71101E+00
 -2.26203E+01  2.17189E-28  1.43259E+06  2.00000E-03  6.69183E+00
 -2.25267E+01  2.17238E-28  1.43281E+06  2.00000E-03  6.55835E+00
 -2.24332E+01  2.17280E-28  1.43299E+06  2.00000E-03  6.50464E+00
 -2.23396E+01  2.17282E-28  1.43301E+06  2.00000E-03  6.51885E+00
 -2.22460E+01  2.17282E-28  1.43301E+06  2.00000E-03  6.51982E+00
 -2.21524E+01  2.17282E-28  1.43301E+06  2.00000E-03  6.51919E+00
 -2.20588E+01  2.17259E-28  1.43291E+06  2.00000E-03  6.45639E+00
 -2.19653E+01  2.17355E-28  1.43334E+06  2.00000E-03  6.30309E+00
 -2.18717E+01  2.17377E-28  1.43344E+06  2.00000E-03  6.27870E+00
 -2.17781E+01  2.17377E-28  1.43344E+06  2.00000E-03  6.27823E+00
 -2.16845E+01  2.17377E-28  1.43344E+06  2.00000E-03  6.27924E+00
 -2.15909E+01  2.17380E-28  1.43345E+06  2.00000E-03  6.27141E+00
 -2.14974E+01  2.17414E-28  1.43361E+06  2.00000E-03  6.16391E+00
 -2.14038E+01  2.17422E-28  1.43365E+06  2.00000E-03  6.08499E+00
 -2.13102E+01  2.17412E-28  1.43360E+06  2.00000E-03  6.06346E+00
 -2.12166E+01  2.17413E-28  1.43361E+06  2.00000E-03  6.06162E+00
 -2.11230E+01  2.17418E-28  1.43363E+06  2.00000E-03  6.06051E+00
 -2.10295E+01  2.17498E-28  1.43399E+06  2.00000E-03  6.03412E+00
 -2.09359E+01  2.17490E-28  1.43395E+06  2.00000E-03  5.98668E+00
 -2.08423E+01  2.17401E-28  1.43356E+06  2.00000E-03  5.93826E+00
 -2.07487E+01  2.17336E-28  1.43328E+06  2.00000E-03  5.95425E+00
 -2.06551E+01  2.17336E-28  1.43328E+06  2.00000E-03  5.95425E+00
 -2.05616E+01  2.17382E-28  1.43348E+06  2.00000E-03  5.95414E+00
 -2.04680E+01  2.17546E-28  1.43421E+06  2.00000E-03  5.95411E+00
 -2.03744E+01  2.17461E-28  1.43383E+06  2.00000E-03  5.95745E+00
 -2.02808E+01  2.17241E-28  1.43287E+06  2.00000E-03  5.96319E+00
 -2.01872E+01  2.17241E-28  1.43287E+06  2.00000E-03  5.96319E+00
 -2.00937E+01  2.17241E-28  1.43287E+06  2.00000E-03  5.96319E+00
 -2.00001E+01  2.17507E-28  1.43403E+06  2.00000E-03  6.01809E+00
 -1.99065E+01  2.17639E-28  1.43461E+06  2.00000E-03  6.04542E+00
 -1.98129E+01  2.17384E-28  1.43350E+06  2.00000E-03  6.07767E+00
 -1.97193E+01  2.17167E-28  1.43255E+06  2.00000E-03  6.10511E+00
 -1.96258E+01  2.17167E-28  1.43255E+06  2.00000E-03  6.10511E+00
 -1.95322E+01  2.17330E-28  1.43326E+06  2.00000E-03  6.14624E+00
 -1.94386E+01  2.17677E-28  1.43478E+06  2.00000E-03  6.23373E+00
 -1.93450E+01  2.17705E-28  1.43490E+06  2.00000E-03  6.24355E+00
 -1.92514E+01  2.17449E-28  1.43378E+06  2.00000E-03  6.28452E+00
 -1.91579E+01  2.17210E-28  1.43273E+06  2.00000E-03  6.32306E+00
 -1.90643E+01  2.17247E-28  1.43290E+06  2.00000E-03  6.33268E+00
 -1.89707E+01  2.17691E-28  1.43484E+06  2.00000E-03  6.43559E+00
 -1.88771E+01  2.17934E-28  1.43591E+06  2.00000E-03  6.49189E+00
 -1.87835E+01  2.17876E-28  1.43565E+06  2.00000E-03  6.49919E+00
 -1.86900E+01  2.17601E-28  1.43445E+06  2.00000E-03  6.53383E+00
 -1.85964E+01  2.17485E-28  1.43394E+06  2.00000E-03  6.54849E+00
 -1.85028E+01  2.17769E-28  1.43518E+06  2.00000E-03  6.58898E+00
 -1.84092E+01  2.18236E-28  1.43722E+06  2.00000E-03  6.65510E+00
 -1.83156E+01  2.18236E-28  1.43722E+06  2.00000E-03  6.65510E+00
 -1.82221E+01  2.18233E-28  1.43721E+06  2.00000E-03  6.65511E+00
 -1.81285E+01  2.17953E-28  1.43598E+06  2.00000E-03  6.65601E+00
 -1.80349E+01  2.17878E-28  1.43565E+06  2.00000E-03  6.65626E+00
 -1.79413E+01  2.18302E-28  1.43751E+06  2.00000E-03  6.67724E+00
 -1.78477E+01  2.18475E-28  1.43827E+06  2.00000E-03  6.68579E+00
 -1.77542E+01  2.18475E-28  1.43827E+06  2.00000E-03  6.68579E+00
 -1.76606E+01  2.18431E-28  1.43808E+06  2.00000E-03  6.68401E+00
 -1.75670E+01  2.18301E-28  1.43750E+06  2.00000E-03  6.67872E+00
 -1.74734E+01  2.18393E-28  1.43791E+06  2.00000E-03  6.66637E+00
 -1.73798E+01  2.18605E-28  1.43883E+06  2.00000E-03  6.65697E+00
 -1.72863E+01  2.18623E-28  1.43892E+06  2.00000E-03  6.65615E+00
 -1.71927E+01  2.18623E-28  1.43892E+06  2.00000E-03  6.65615E+00
 -1.70991E+01  2.18559E-28  1.43863E+06  2.00000E-03  6.65906E+00
 -1.70055E+01  2.18428E-28  1.43806E+06  2.00000E-03  6.66111E+00
 -1.69119E+01  2.18533E-28  1.43851E+06  2.00000E-03  6.62466E+00
 -1.68184E+01  2.18623E-28  1.43891E+06  2.00000E-03  6.59913E+00
 -1.67248E+01  2.18623E-28  1.43891E+06  2.00000E-03  6.59913E+00
 -1.66312E+01  2.18623E-28  1.43891E+06  2.00000E-03  6.59913E+00
 -1.65376E+01  2.18577E-28  1.43871E+06  2.00000E-03  6.60572E+00
 -1.64440E+01  2.18413E-28  1.43798E+06  2.00000E-03  6.59085E+00
 -1.63505E+01  2.18459E-28  1.43819E+06  2.00000E-03  6.52956E+00
 -1.62569E+01  2.18458E-28  1.43819E+06  2.00000E-03  6.52956E+00
 -1.61633E+01  2.18459E-28  1.43819E+06  2.00000E-03  6.52956E+00
 -1.60697E+01  2.18459E-28  1.43819E+06  2.00000E-03  6.52956E+00
 -1.59761E+01  2.18345E-28  1.43769E+06  2.00000E-03  6.51827E+00
 -1.58826E+01  2.18202E-28  1.43706E+06  2.00000E-03  6.50180E+00
 -1.57890E+01  2.18143E-28  1.43680E+06  2.00000E-03  6.50220E+00
 -1.56954E+01  2.18143E-28  1.43680E+06  2.00000E-03  6.50220E+00
 -1.56018E+01  2.18143E-28  1.43680E+06  2.00000E-03  6.50220E+00
 -1.55082E+01  2.18143E-28  1.43680E+06  2.00000E-03  6.50220E+00
 -1.54147E+01  2.17985E-28  1.43612E+06  2.00000E-03  6.51756E+00
 -1.53211E+01  2.17747E-28  1.43508E+06  2.00000E-03  6.57680E+00
 -1.52275E+01  2.17729E-28  1.43500E+06  2.00000E-03  6.58205E+00
 -1.51339E+01  2.17729E-28  1.43500E+06  2.00000E-03  6.58205E+00
 -1.50403E+01  2.17729E-28  1.43500E+06  2.00000E-03  6.58205E+00
 -1.49468E+01  2.17732E-28  1.43502E+06  2.00000E-03  6.58451E+00
 -1.48532E+01  2.17565E-28  1.43430E+06  2.00000E-03  6.65975E+00
 -1.47596E+01  2.17203E-28  1.43272E+06  2.00000E-03  6.87333E+00
 -1.46660E+01  2.17198E-28  1.43270E+06  2.00000E-03  6.87925E+00
 -1.45724E+01  2.17197E-28  1.43269E+06  2.00000E-03  6.88053E+00
 -1.44789E+01  2.17196E-28  1.43269E+06  2.00000E-03  6.89311E+00
 -1.43853E+01  2.17256E-28  1.43296E+06  2.00000E-03  6.89131E+00
 -1.42917E+01  2.17143E-28  1.43247E+06  2.00000E-03  6.91173E+00
 -1.41981E+01  2.16994E-28  1.43182E+06  2.00000E-03  6.96048E+00
 -1.41045E+01  2.16981E-28  1.43177E+06  2.00000E-03  6.96505E+00
 -1.40110E+01  2.16977E-28  1.43175E+06  2.00000E-03  6.96960E+00
 -1.39174E+01  2.17036E-28  1.43201E+06  2.00000E-03  6.96365E+00
 -1.38238E+01  2.17107E-28  1.43232E+06  2.00000E-03  6.95721E+00
 -1.37302E+01  2.17055E-28  1.43209E+06  2.00000E-03  6.94399E+00
 -1.36366E+01  2.16972E-28  1.43173E+06  2.00000E-03  6.95208E+00
 -1.35431E+01  2.16976E-28  1.43174E+06  2.00000E-03  6.94787E+00
 -1.34495E+01  2.16976E-28  1.43174E+06  2.00000E-03  6.94809E+00
 -1.33559E+01  2.17049E-28  1.43206E+06  2.00000E-03  6.96836E+00
 -1.32623E+01  2.17120E-28  1.43237E+06  2.00000E-03  6.95318E+00
 -1.31687E+01  2.17065E-28  1.43212E+06  2.00000E-03  6.91773E+00
 -1.30752E+01  2.17017E-28  1.43191E+06  2.00000E-03  6.93093E+00
 -1.29816E+01  2.16941E-28  1.43158E+06  2.00000E-03  7.01527E+00
 -1.28880E+01  2.16945E-28  1.43160E+06  2.00000E-03  7.07353E+00
 -1.27944E+01  2.16949E-28  1.43161E+06  2.00000E-03  7.12064E+00
 -1.27008E+01  2.16948E-28  1.43160E+06  2.00000E-03  7.11809E+00
 -1.26073E+01  2.16938E-28  1.43156E+06  2.00000E-03  7.09951E+00
 -1.25137E+01  2.16931E-28  1.43152E+06  2.00000E-03  7.08580E+00
 -1.24201E+01  2.16923E-28  1.43149E+06  2.00000E-03  7.09972E+00
 -1.23265E+01  2.16884E-28  1.43131E+06  2.00000E-03  7.17160E+00
 -1.22330E+01  2.16853E-28  1.43118E+06  2.00000E-03  7.22788E+00
 -1.21394E+01  2.16865E-28  1.43123E+06  2.00000E-03  7.21679E+00
 -1.20458E+01  2.16885E-28  1.43132E+06  2.00000E-03  7.19826E+00
 -1.19522E+01  2.16895E-28  1.43137E+06  2.00000E-03  7.18802E+00
 -1.18586E+01  2.16852E-28  1.43118E+06  2.00000E-03  7.23008E+00
 -1.17651E+01  2.16799E-28  1.43096E+06  2.00000E-03  7.28056E+00
 -1.16715E+01  2.16790E-28  1.43092E+06  2.00000E-03  7.28953E+00
 -1.15779E+01  2.16802E-28  1.43097E+06  2.00000E-03  7.28389E+00
 -1.14843E+01  2.16885E-28  1.43135E+06  2.00000E-03  7.24583E+00
 -1.13907E+01  2.16895E-28  1.43140E+06  2.00000E-03  7.24068E+00
 -1.12972E+01  2.16817E-28  1.43108E+06  2.00000E-03  7.25405E+00
 -1.12036E+01  2.16802E-28  1.43102E+06  2.00000E-03  7.25661E+00
 -1.11100E+01  2.16802E-28  1.43102E+06  2.00000E-03  7.25661E+00
 -1.10164E+01  2.16829E-28  1.43113E+06  2.00000E-03  7.24412E+00
 -1.09228E+01  2.16921E-28  1.43152E+06  2.00000E-03  7.20009E+00
 -1.08293E+01  2.16913E-28  1.43147E+06  1.99999E-03  7.13460E+00
 -1.07357E+01  2.16877E-28  1.43130E+06  1.99999E-03  7.08869E+00
 -1.06421E+01  2.16877E-28  1.43130E+06  1.99999E-03  7.08869E+00
 -1.05485E+01  2.16877E-28  1.43130E+06  1.99999E-03  7.08869E+00
 -1.04549E+01  2.16938E-28  1.43159E+06  1.99998E-03  7.01305E+00
 -1.03614E+01  2.17011E-28  1.43199E+06  1.99996E-03  6.84559E+00
 -1.02678E+01  2.16960E-28  1.43188E+06  1.99993E-03  6.69341E+00
 -1.01742E+01  2.16942E-28  1.43184E+06  1.99992E-03  6.65356E+00
 -1.00806E+01  2.16942E-28  1.43184E+06  1.99992E-03  6.65356E+00
 -9.98703E+00  2.16942E-28  1.43184E+06  1.99992E-03  6.65356E+00
 -9.89345E+00  2.16976E-28  1.43211E+06  1.99987E-03  6.50769E+00
 -9.79987E+00  2.16996E-28  1.43242E+06  1.99961E-03  6.04179E+00
 -9.70629E+00  2.16951E-28  1.43219E+06  1.99952E-03  5.94358E+00
 -9.61271E+00  2.16951E-28  1.43219E+06  1.99952E-03  5.94358E+00
 -9.51913E+00  2.16951E-28  1.43219E+06  1.99952E-03  5.94358E+00
 -9.42555E+00  2.16951E-28  1.43219E+06  1.99952E-03  5.94358E+00
 -9.33197E+00  2.17006E-28  1.43203E+06  1.99920E-03  5.73682E+00
 -9.23839E+00  2.17036E-28  1.43125E+06  1.99870E-03  5.56659E+00
 -9.14481E+00  2.17046E-28  1.43109E+06  1.99859E-03  5.53744E+00
 -9.05124E+00  2.17046E-28  1.43109E+06  1.99859E-03  5.53744E+00
 -8.95765E+00  2.17046E-28  1.43109E+06  1.99859E-03  5.53744E+00
 -8.86408E+00  2.17046E-28  1.43105E+06  1.99857E-03  5.53709E+00
 -8.77050E+00  2.16984E-28  1.43015E+06  1.99829E-03  5.54047E+00
 -8.67692E+00  2.16919E-28  1.42954E+06  1.99813E-03  5.54274E+00
 -8.58334E+00  2.16919E-28  1.42954E+06  1.99813E-03  5.54274E+00
 -8.48976E+00  2.16919E-28  1.42954E+06  1.99813E-03  5.54274E+00
 -8.39618E+00  2.16919E-28  1.42954E+06  1.99813E-03  5.54274E+00
 -8.30260E+00  2.16808E-28  1.42878E+06  1.99805E-03  5.56085E+00
 -8.20902E+00  2.16460E-28  1.42749E+06  1.99831E-03  5.60065E+00
 -8.11544E+00  2.16425E-28  1.42810E+06  1.99870E-03  5.59293E+00
 -8.02186E+00  2.16425E-28  1.42810E+06  1.99870E-03  5.59293E+00
 -7.92828E+00  2.16425E-28  1.42810E+06  1.99870E-03  5.59293E+00
 -7.83470E+00  2.16425E-28  1.42810E+06  1.99870E-03  5.59293E+00
 -7.74112E+00  2.16064E-28  1.42614E+06  1.99862E-03  5.62329E+00
 -7.64754E+00  2.15813E-28  1.42576E+06  1.99909E-03  5.65731E+00
 -7.55396E+00  2.15791E-28  1.42633E+06  1.99944E-03  5.66801E+00
 -7.46038E+00  2.15791E-28  1.42633E+06  1.99944E-03  5.66801E+00
 -7.36680E+00  2.15791E-28  1.42633E+06  1.99944E-03  5.66801E+00
 -7.27322E+00  2.15583E-28  1.42515E+06  1.99934E-03  5.65505E+00
 -7.17964E+00  2.15261E-28  1.42347E+06  1.99927E-03  5.61823E+00
 -7.08606E+00  2.15293E-28  1.42427E+06  1.99964E-03  5.54602E+00
 -6.99248E+00  2.15370E-28  1.42486E+06  1.99976E-03  5.55267E+00
 -6.89890E+00  2.15525E-28  1.42543E+06  1.99969E-03  5.65705E+00
 -6.80532E+00  2.15520E-28  1.42564E+06  1.99976E-03  5.61853E+00
 -6.71174E+00  2.15230E-28  1.42413E+06  1.99966E-03  5.48637E+00
 -6.61816E+00  2.15306E-28  1.42449E+06  1.99967E-03  5.39428E+00
 -6.52458E+00  2.15449E-28  1.42539E+06  1.99986E-03  5.24464E+00
 -6.43100E+00  2.15385E-28  1.42519E+06  1.99991E-03  5.12502E+00
 -6.33742E+00  2.15444E-28  1.42549E+06  1.99990E-03  5.15968E+00
 -6.24384E+00  2.15412E-28  1.42564E+06  1.99993E-03  4.99869E+00
 -6.15026E+00  2.15193E-28  1.42505E+06  1.99993E-03  4.77149E+00
 -6.05668E+00  2.15279E-28  1.42531E+06  1.99994E-03  4.69893E+00
 -5.96310E+00  2.15455E-28  1.42564E+06  2.00000E-03  4.37705E+00
 -5.86952E+00  2.15394E-28  1.42540E+06  2.00000E-03  4.30360E+00
 -5.77594E+00  2.15421E-28  1.42553E+06  2.00000E-03  4.26609E+00
 -5.68236E+00  2.15365E-28  1.42521E+06  2.00000E-03  4.02891E+00
 -5.58878E+00  2.15379E-28  1.42519E+06  2.00000E-03  3.92802E+00
 -5.49520E+00  2.15445E-28  1.42536E+06  2.00000E-03  3.88252E+00
 -5.40162E+00  2.15502E-28  1.42529E+06  2.00000E-03  3.65453E+00
 -5.30804E+00  2.15522E-28  1.42532E+06  2.00000E-03  3.65373E+00
 -5.21446E+00  2.15508E-28  1.42520E+06  2.00000E-03  3.55186E+00
 -5.12088E+00  2.15484E-28  1.42504E+06  2.00000E-03  3.40418E+00
 -5.02730E+00  2.15527E-28  1.42521E+06  2.00000E-03  3.46144E+00
 -4.93372E+00  2.15507E-28  1.42511E+06  2.00000E-03  3.34295E+00
 -4.84014E+00  2.15512E-28  1.42512E+06  2.00000E-03  3.25261E+00
 -4.74656E+00  2.15510E-28  1.42511E+06  2.00000E-03  3.25058E+00
 -4.65298E+00  2.15509E-28  1.42507E+06  2.00000E-03  3.19634E+00
 -4.55940E+00  2.15540E-28  1.42523E+06  2.00000E-03  3.10681E+00
 -4.46582E+00  2.15547E-28  1.42526E+06  2.00000E-03  3.10702E+00
 -4.37224E+00  2.15597E-28  1.42549E+06  2.00000E-03  3.04446E+00
 -4.27866E+00  2.15623E-28  1.42564E+06  2.00000E-03  2.97721E+00
 -4.18508E+00  2.15651E-28  1.42578E+06  2.00000E-03  2.98575E+00
 -4.09150E+00  2.15740E-28  1.42621E+06  2.00000E-03  2.89373E+00
 -3.99792E+00  2.15780E-28  1.42640E+06  2.00000E-03  2.83778E+00
 -3.90434E+00  2.15825E-28  1.42659E+06  2.00000E-03  2.84669E+00
 -3.81076E+00  2.15884E-28  1.42689E+06  2.00000E-03  2.76622E+00
 -3.71718E+00  2.15937E-28  1.42717E+06  2.00000E-03  2.68019E+00
 -3.62360E+00  2.15982E-28  1.42736E+06  2.00000E-03  2.66126E+00
 -3.53002E+00  2.16024E-28  1.42755E+06  2.00000E-03  2.55717E+00
 -3.43644E+00  2.16057E-28  1.42769E+06  2.00000E-03  2.40502E+00
 -3.34286E+00  2.16060E-28  1.42770E+06  2.00000E-03  2.32667E+00
 -3.24928E+00  2.16091E-28  1.42784E+06  2.00000E-03  2.10232E+00
 -3.15570E+00  2.16055E-28  1.42768E+06  2.00000E-03  1.92993E+00
 -3.06212E+00  2.15990E-28  1.42741E+06  2.00000E-03  1.76891E+00
 -2.96854E+00  2.15978E-28  1.42736E+06  2.00000E-03  1.56474E+00
 -2.87496E+00  2.15776E-28  1.42647E+06  2.00000E-03  1.24978E+00
 -2.78138E+00  2.15835E-28  1.42672E+06  2.00000E-03  1.25749E+00
 -2.68780E+00  2.15767E-28  1.42641E+06  2.00000E-03  8.95665E-01
 -2.59422E+00  2.15385E-28  1.42472E+06  2.00000E-03  4.86450E-01
 -2.50065E+00  2.15340E-28  1.42452E+06  2.00000E-03  4.34826E-01
 -2.40707E+00  2.15078E-28  1.42336E+06  2.00000E-03  4.23016E-02
 -2.31349E+00  2.14747E-28  1.42189E+06  2.00000E-03 -3.11324E-01
 -2.21991E+00  2.14687E-28  1.42163E+06  2.00000E-03 -4.10807E-01
 -2.12633E+00  2.14372E-28  1.42023E+06  2.00000E-03 -8.04988E-01
 -2.03275E+00  2.14129E-28  1.41915E+06  2.00000E-03 -1.10938E+00
 -1.93917E+00  2.14006E-28  1.41861E+06  2.00000E-03 -1.26862E+00
 -1.84559E+00  2.13665E-28  1.41710E+06  2.00000E-03 -1.64761E+00
 -1.75201E+00  2.13522E-28  1.41646E+06  2.00000E-03 -1.87571E+00
 -1.65843E+00  2.13271E-28  1.41536E+06  2.00000E-03 -2.11120E+00
 -1.56485E+00  2.12933E-28  1.41386E+06  2.00000E-03 -2.55569E+00
 -1.47127E+00  2.12890E-28  1.41367E+06  2.00000E-03 -2.69307E+00
 -1.37769E+00  2.12584E-28  1.41232E+06  2.00000E-03 -2.99683E+00
 -1.28411E+00  2.12343E-28  1.41126E+06  2.00000E-03 -3.41080E+00
 -1.19053E+00  2.12344E-28  1.41126E+06  2.00000E-03 -3.50251E+00
 -1.09695E+00  2.11933E-28  1.40944E+06  2.00000E-03 -3.85733E+00
 -1.00337E+00  2.11830E-28  1.40899E+06  2.00000E-03 -4.37121E+00
 -9.09788E-01  2.11578E-28  1.40788E+06  2.00000E-03 -4.58065E+00
 -8.16208E-01  2.11251E-28  1.40644E+06  2.00000E-03 -4.91652E+00
 -7.22628E-01  2.11295E-28  1.40664E+06  2.00000E-03 -5.16364E+00
 -6.29048E-01  2.11105E-28  1.40580E+06  2.00000E-03 -5.38773E+00
 -5.35468E-01  2.10764E-28  1.40428E+06  2.00000E-03 -5.78257E+00
 -4.41888E-01  2.10822E-28  1.40453E+06  2.00000E-03 -6.00394E+00
 -3.48309E-01  2.10642E-28  1.40375E+06  2.00000E-03 -6.20266E+00
 -2.54729E-01  2.10443E-28  1.40288E+06  2.00000E-03 -6.51474E+00
 -1.61149E-01  2.10478E-28  1.40304E+06  2.00000E-03 -6.70444E+00
 -6.75690E-02  2.10291E-28  1.40219E+06  2.00000E-03 -6.88741E+00
  2.60109E-02  2.10244E-28  1.40198E+06  2.00000E-03 -7.10865E+00
  1.19591E-01  2.10262E-28  1.40207E+06  2.00000E-03 -7.28485E+00
  2.13171E-01  2.10120E-28  1.40145E+06  2.00000E-03 -7.41290E+00
  3.06750E-01  2.10150E-28  1.40159E+06  2.00000E-03 -7.53107E+00
  4.00330E-01  2.10183E-28  1.40173E+06  2.00000E-03 -7.70217E+00
  4.93910E-01  2.10079E-28  1.40126E+06  2.00000E-03 -7.74313E+00
  5.87490E-01  2.10122E-28  1.40145E+06  2.00000E-03 -7.82944E+00
  6.81070E-01  2.10133E-28  1.40150E+06  2.00000E-03 -7.96420E+00
  7.74650E-01  2.10087E-28  1.40130E+06  2.00000E-03 -7.96925E+00
  8.68230E-01  2.10106E-28  1.40138E+06  2.00000E-03 -8.00663E+00
  9.61809E-01  2.10111E-28  1.40141E+06  2.00000E-03 -8.07803E+00
  1.05539E+00  2.10091E-28  1.40133E+06  2.00000E-03 -8.16502E+00
  1.14897E+00  2.10095E-28  1.40135E+06  2.00000E-03 -8.20170E+00
  1.24255E+00  2.10053E-28  1.40116E+06  2.00000E-03 -8.26602E+00
  1.33613E+00  2.10057E-28  1.40118E+06  2.00000E-03 -8.26017E+00
  1.42971E+00  2.10036E-28  1.40109E+06  2.00000E-03 -8.25576E+00
  1.52329E+00  2.09925E-28  1.40059E+06  2.00000E-03 -8.34757E+00
  1.61687E+00  2.09914E-28  1.40055E+06  2.00000E-03 -8.35212E+00
  1.71045E+00  2.09842E-28  1.40022E+06  2.00000E-03 -8.34250E+00
  1.80403E+00  2.09760E-28  1.39986E+06  2.00000E-03 -8.33542E+00
  1.89761E+00  2.09740E-28  1.39977E+06  2.00000E-03 -8.31180E+00
  1.99119E+00  2.09597E-28  1.39913E+06  2.00000E-03 -8.24689E+00
  2.08477E+00  2.09518E-28  1.39879E+06  2.00000E-03 -8.32025E+00
  2.17835E+00  2.09481E-28  1.39862E+06  2.00000E-03 -8.26166E+00
  2.27193E+00  2.09313E-28  1.39787E+06  2.00000E-03 -8.25282E+00
  2.36551E+00  2.09245E-28  1.39757E+06  2.00000E-03 -8.31283E+00
  2.45909E+00  2.09191E-28  1.39733E+06  2.00000E-03 -8.22262E+00
  2.55267E+00  2.09009E-28  1.39651E+06  2.00000E-03 -8.27583E+00
  2.64625E+00  2.08889E-28  1.39598E+06  2.00000E-03 -8.29306E+00
  2.73983E+00  2.08829E-28  1.39572E+06  2.00000E-03 -8.18749E+00
  2.83341E+00  2.08669E-28  1.39501E+06  2.00000E-03 -8.25766E+00
  2.92699E+00  2.08545E-28  1.39446E+06  2.00000E-03 -8.29436E+00
  3.02057E+00  2.08477E-28  1.39415E+06  2.00000E-03 -8.21641E+00
  3.11415E+00  2.08391E-28  1.39377E+06  2.00000E-03 -8.32196E+00
  3.20773E+00  2.08315E-28  1.39343E+06  2.00000E-03 -8.32913E+00
  3.30131E+00  2.08245E-28  1.39312E+06  2.00000E-03 -8.28580E+00
  3.39489E+00  2.08180E-28  1.39283E+06  2.00000E-03 -8.41253E+00
  3.48847E+00  2.08098E-28  1.39246E+06  2.00000E-03 -8.39122E+00
  3.58205E+00  2.08050E-28  1.39225E+06  2.00000E-03 -8.40065E+00
  3.67563E+00  2.08006E-28  1.39206E+06  2.00000E-03 -8.51611E+00
  3.76921E+00  2.07928E-28  1.39171E+06  2.00000E-03 -8.51067E+00
  3.86278E+00  2.07923E-28  1.39169E+06  2.00000E-03 -8.52085E+00
  3.95636E+00  2.07905E-28  1.39161E+06  2.00000E-03 -8.67232E+00
  4.04994E+00  2.07880E-28  1.39150E+06  2.00000E-03 -8.65207E+00
  4.14352E+00  2.07889E-28  1.39154E+06  2.00000E-03 -8.68581E+00
  4.23710E+00  2.07938E-28  1.39177E+06  2.00000E-03 -8.80796E+00
  4.33068E+00  2.07957E-28  1.39185E+06  2.00000E-03 -8.77285E+00
  4.42426E+00  2.07994E-28  1.39202E+06  2.00000E-03 -8.80787E+00
  4.51784E+00  2.08083E-28  1.39242E+06  2.00000E-03 -8.85369E+00
  4.61142E+00  2.08124E-28  1.39260E+06  2.00000E-03 -8.85996E+00
  4.70500E+00  2.08172E-28  1.39281E+06  2.00000E-03 -8.88295E+00
  4.79858E+00  2.08292E-28  1.39335E+06  2.00000E-03 -8.94240E+00
  4.89216E+00  2.08250E-28  1.39317E+06  2.00000E-03 -9.00266E+00
  4.98574E+00  2.08275E-28  1.39328E+06  2.00000E-03 -9.05850E+00
  5.07932E+00  2.08339E-28  1.39357E+06  2.00000E-03 -9.16045E+00
  5.17290E+00  2.08391E-28  1.39380E+06  2.00000E-03 -9.14458E+00
  5.26648E+00  2.08396E-28  1.39382E+06  2.00000E-03 -9.22839E+00
  5.36006E+00  2.08463E-28  1.39412E+06  2.00000E-03 -9.32118E+00
  5.45364E+00  2.08486E-28  1.39422E+06  2.00000E-03 -9.33121E+00
  5.54722E+00  2.08568E-28  1.39459E+06  2.00000E-03 -9.36775E+00
  5.64080E+00  2.08613E-28  1.39479E+06  2.00000E-03 -9.47088E+00
  5.73438E+00  2.08627E-28  1.39485E+06  2.00000E-03 -9.46464E+00
  5.82796E+00  2.08730E-28  1.39531E+06  2.00000E-03 -9.49244E+00
  5.92154E+00  2.08807E-28  1.39566E+06  2.00000E-03 -9.55110E+00
  6.01512E+00  2.08838E-28  1.39579E+06  2.00000E-03 -9.54335E+00
  6.10870E+00  2.08981E-28  1.39643E+06  2.00000E-03 -9.56385E+00
  6.20228E+00  2.09017E-28  1.39659E+06  2.00000E-03 -9.61660E+00
  6.29586E+00  2.09078E-28  1.39686E+06  2.00000E-03 -9.60774E+00
  6.38944E+00  2.09183E-28  1.39733E+06  2.00000E-03 -9.63414E+00
  6.48302E+00  2.09206E-28  1.39743E+06  2.00000E-03 -9.68986E+00
  6.57660E+00  2.09356E-28  1.39810E+06  2.00000E-03 -9.64583E+00
  6.67018E+00  2.09374E-28  1.39818E+06  2.00000E-03 -9.71681E+00
  6.76376E+00  2.09456E-28  1.39854E+06  2.00000E-03 -9.73061E+00
  6.85734E+00  2.09558E-28  1.39900E+06  2.00000E-03 -9.74568E+00
  6.95092E+00  2.09579E-28  1.39909E+06  2.00000E-03 -9.79838E+00
  7.04450E+00  2.09668E-28  1.39949E+06  2.00000E-03 -9.80607E+00
  7.13808E+00  2.09848E-28  1.40029E+06  2.00000E-03 -9.74833E+00
  7.23166E+00  2.09844E-28  1.40027E+06  2.00000E-03 -9.79517E+00
  7.32524E+00  2.10015E-28  1.40103E+06  2.00000E-03 -9.76228E+00
  7.41882E+00  2.10152E-28  1.40164E+06  2.00000E-03 -9.70419E+00
  7.51240E+00  2.10146E-28  1.40161E+06  2.00000E-03 -9.75829E+00
  7.60598E+00  2.10414E-28  1.40281E+06  2.00000E-03 -9.66616E+00
  7.69956E+00  2.10454E-28  1.40298E+06  2.00000E-03 -9.64947E+00
  7.79314E+00  2.10491E-28  1.40315E+06  2.00000E-03 -9.68014E+00
  7.88672E+00  2.10774E-28  1.40441E+06  2.00000E-03 -9.55736E+00
  7.98030E+00  2.10788E-28  1.40447E+06  2.00000E-03 -9.55694E+00
  8.07388E+00  2.10938E-28  1.40514E+06  2.00000E-03 -9.51085E+00
  8.16746E+00  2.11112E-28  1.40591E+06  2.00000E-03 -9.44006E+00
  8.26104E+00  2.11139E-28  1.40603E+06  2.00000E-03 -9.43431E+00
  8.35462E+00  2.11317E-28  1.40682E+06  2.00000E-03 -9.36715E+00
  8.44820E+00  2.11444E-28  1.40739E+06  2.00000E-03 -9.31054E+00
  8.54178E+00  2.11500E-28  1.40764E+06  2.00000E-03 -9.28744E+00
  8.63536E+00  2.11713E-28  1.40858E+06  2.00000E-03 -9.19596E+00
  8.72894E+00  2.11769E-28  1.40883E+06  2.00000E-03 -9.17318E+00
  8.82252E+00  2.11851E-28  1.40919E+06  2.00000E-03 -9.13685E+00
  8.91610E+00  2.12004E-28  1.40987E+06  2.00000E-03 -9.11834E+00
  9.00968E+00  2.12050E-28  1.41007E+06  2.00000E-03 -9.08489E+00
  9.10326E+00  2.12180E-28  1.41065E+06  2.00000E-03 -9.04429E+00
  9.19684E+00  2.12307E-28  1.41122E+06  2.00000E-03 -8.99905E+00
  9.29042E+00  2.12316E-28  1.41125E+06  2.00000E-03 -8.99862E+00
  9.38400E+00  2.12529E-28  1.41220E+06  2.00000E-03 -8.86225E+00
  9.47758E+00  2.12619E-28  1.41259E+06  2.00000E-03 -8.83767E+00
  9.57116E+00  2.12649E-28  1.41272E+06  2.00000E-03 -8.81672E+00
  9.66474E+00  2.12887E-28  1.41378E+06  2.00000E-03 -8.66124E+00
  9.75832E+00  2.12956E-28  1.41408E+06  2.00000E-03 -8.63547E+00
  9.85190E+00  2.13072E-28  1.41459E+06  2.00000E-03 -8.57032E+00
  9.94548E+00  2.13222E-28  1.41525E+06  2.00000E-03 -8.47939E+00
  1.00391E+01  2.13284E-28  1.41552E+06  2.00000E-03 -8.45780E+00
  1.01326E+01  2.13435E-28  1.41619E+06  2.00000E-03 -8.36364E+00
  1.02262E+01  2.13543E-28  1.41667E+06  2.00000E-03 -8.30598E+00
  1.03198E+01  2.13664E-28  1.41720E+06  2.00000E-03 -8.24912E+00
  1.04134E+01  2.13842E-28  1.41799E+06  2.00000E-03 -8.12869E+00
  1.05070E+01  2.13889E-28  1.41819E+06  2.00000E-03 -8.12363E+00
  1.06005E+01  2.14018E-28  1.41876E+06  2.00000E-03 -8.05134E+00
  1.06941E+01  2.14217E-28  1.41964E+06  2.00000E-03 -7.90901E+00
  1.07877E+01  2.14244E-28  1.41976E+06  2.00000E-03 -7.91372E+00
  1.08813E+01  2.14432E-28  1.42059E+06  2.00000E-03 -7.79365E+00
  1.09749E+01  2.14554E-28  1.42113E+06  2.00000E-03 -7.69874E+00
  1.10684E+01  2.14591E-28  1.42129E+06  2.00000E-03 -7.68955E+00
  1.11620E+01  2.14808E-28  1.42225E+06  2.00000E-03 -7.54052E+00
  1.12556E+01  2.14876E-28  1.42255E+06  2.00000E-03 -7.48471E+00
  1.13492E+01  2.14925E-28  1.42277E+06  2.00000E-03 -7.45695E+00
  1.14428E+01  2.15034E-28  1.42325E+06  2.00000E-03 -7.37407E+00
  1.15363E+01  2.15055E-28  1.42335E+06  2.00000E-03 -7.35698E+00
  1.16299E+01  2.15069E-28  1.42342E+06  2.00000E-03 -7.33792E+00
  1.17235E+01  2.15075E-28  1.42344E+06  2.00000E-03 -7.32399E+00
  1.18171E+01  2.15065E-28  1.42340E+06  2.00000E-03 -7.33041E+00
  1.19107E+01  2.15034E-28  1.42327E+06  2.00000E-03 -7.33502E+00
  1.20042E+01  2.15006E-28  1.42315E+06  2.00000E-03 -7.34470E+00
  1.20978E+01  2.15009E-28  1.42316E+06  2.00000E-03 -7.33846E+00
  1.21914E+01  2.15026E-28  1.42324E+06  2.00000E-03 -7.30278E+00
  1.22850E+01  2.15022E-28  1.42323E+06  2.00000E-03 -7.30253E+00
  1.23786E+01  2.15052E-28  1.42336E+06  2.00000E-03 -7.27215E+00
  1.24721E+01  2.15152E-28  1.42380E+06  2.00000E-03 -7.18348E+00
  1.25657E+01  2.15196E-28  1.42400E+06  2.00000E-03 -7.15039E+00
  1.26593E+01  2.15257E-28  1.42427E+06  2.00000E-03 -7.09728E+00
  1.27529E+01  2.15467E-28  1.42520E+06  2.00000E-03 -6.92571E+00
  1.28465E+01  2.15539E-28  1.42552E+06  2.00000E-03 -6.86864E+00
  1.29400E+01  2.15664E-28  1.42607E+06  2.00000E-03 -6.79016E+00
  1.30336E+01  2.15764E-28  1.42651E+06  2.00000E-03 -6.73095E+00
  1.31272E+01  2.15831E-28  1.42680E+06  2.00000E-03 -6.68172E+00
  1.32208E+01  2.15958E-28  1.42736E+06  2.00000E-03 -6.57168E+00
  1.33144E+01  2.16039E-28  1.42772E+06  2.00000E-03 -6.50722E+00
  1.34079E+01  2.16087E-28  1.42793E+06  2.00000E-03 -6.46231E+00
  1.35015E+01  2.16196E-28  1.42840E+06  2.00000E-03 -6.37369E+00
  1.35951E+01  2.16231E-28  1.42856E+06  2.00000E-03 -6.35152E+00
  1.36887E+01  2.16290E-28  1.42881E+06  2.00000E-03 -6.28732E+00
  1.37822E+01  2.16353E-28  1.42909E+06  2.00000E-03 -6.22183E+00
  1.38758E+01  2.16369E-28  1.42916E+06  2.00000E-03 -6.20840E+00
  1.39694E+01  2.16445E-28  1.42949E+06  2.00000E-03 -6.14363E+00
  1.40630E+01  2.16475E-28  1.42962E+06  2.00000E-03 -6.10494E+00
  1.41566E+01  2.16495E-28  1.42971E+06  2.00000E-03 -6.07038E+00
  1.42501E+01  2.16570E-28  1.43004E+06  2.00000E-03 -5.97455E+00
  1.43437E+01  2.16573E-28  1.43005E+06  2.00000E-03 -5.96803E+00
  1.44373E+01  2.16635E-28  1.43032E+06  2.00000E-03 -5.90726E+00
  1.45309E+01  2.16707E-28  1.43064E+06  2.00000E-03 -5.82990E+00
  1.46245E+01  2.16725E-28  1.43071E+06  2.00000E-03 -5.82776E+00
  1.47180E+01  2.16812E-28  1.43110E+06  2.00000E-03 -5.78398E+00
  1.48116E+01  2.16861E-28  1.43131E+06  2.00000E-03 -5.73336E+00
  1.49052E+01  2.16879E-28  1.43139E+06  2.00000E-03 -5.71234E+00
  1.49988E+01  2.16951E-28  1.43171E+06  2.00000E-03 -5.63519E+00
  1.50924E+01  2.16973E-28  1.43180E+06  2.00000E-03 -5.61334E+00
  1.51859E+01  2.16986E-28  1.43186E+06  2.00000E-03 -5.59374E+00
  1.52795E+01  2.17016E-28  1.43198E+06  2.00000E-03 -5.55061E+00
  1.53731E+01  2.17020E-28  1.43200E+06  2.00000E-03 -5.54426E+00
  1.54667E+01  2.17013E-28  1.43197E+06  2.00000E-03 -5.53975E+00
  1.55603E+01  2.16998E-28  1.43190E+06  2.00000E-03 -5.53687E+00
  1.56538E+01  2.16996E-28  1.43189E+06  2.00000E-03 -5.53613E+00
  1.57474E+01  2.16946E-28  1.43167E+06  2.00000E-03 -5.56527E+00
  1.58410E+01  2.16907E-28  1.43149E+06  2.00000E-03 -5.57576E+00
  1.59346E+01  2.16898E-28  1.43145E+06  2.00000E-03 -5.58133E+00
  1.60282E+01  2.16821E-28  1.43111E+06  2.00000E-03 -5.62783E+00
  1.61217E+01  2.16795E-28  1.43099E+06  2.00000E-03 -5.63117E+00
  1.62153E+01  2.16778E-28  1.43091E+06  2.00000E-03 -5.64110E+00
  1.63089E+01  2.16716E-28  1.43064E+06  2.00000E-03 -5.66728E+00
  1.64025E+01  2.16716E-28  1.43063E+06  2.00000E-03 -5.65488E+00
  1.64961E+01  2.16687E-28  1.43050E+06  2.00000E-03 -5.66980E+00
  1.65896E+01  2.16676E-28  1.43045E+06  2.00000E-03 -5.66448E+00
  1.66832E+01  2.16704E-28  1.43057E+06  2.00000E-03 -5.63157E+00
  1.67768E+01  2.16690E-28  1.43051E+06  2.00000E-03 -5.63777E+00
  1.68704E+01  2.16729E-28  1.43067E+06  2.00000E-03 -5.59621E+00
  1.69640E+01  2.16782E-28  1.43090E+06  2.00000E-03 -5.55173E+00
  1.70575E+01  2.16782E-28  1.43090E+06  2.00000E-03 -5.53879E+00
  1.71511E+01  2.16857E-28  1.43122E+06  2.00000E-03 -5.47379E+00
  1.72447E+01  2.16924E-28  1.43152E+06  2.00000E-03 -5.41947E+00
  1.73383E+01  2.16939E-28  1.43159E+06  2.00000E-03 -5.39765E+00
  1.74319E+01  2.17026E-28  1.43196E+06  2.00000E-03 -5.33114E+00
  1.75254E+01  2.17121E-28  1.43238E+06  2.00000E-03 -5.24983E+00
  1.76190E+01  2.17121E-28  1.43238E+06  2.00000E-03 -5.24520E+00
  1.77126E+01  2.17246E-28  1.43292E+06  2.00000E-03 -5.15451E+00
  1.78062E+01  2.17362E-28  1.43343E+06  2.00000E-03 -5.05275E+00
  1.78998E+01  2.17365E-28  1.43345E+06  2.00000E-03 -5.04618E+00
  1.79933E+01  2.17547E-28  1.43424E+06  2.00000E-03 -4.91720E+00
  1.80869E+01  2.17646E-28  1.43468E+06  2.00000E-03 -4.83611E+00
  1.81805E+01  2.17666E-28  1.43477E+06  2.00000E-03 -4.82060E+00
  1.82741E+01  2.17822E-28  1.43545E+06  2.00000E-03 -4.70794E+00
  1.83677E+01  2.17936E-28  1.43595E+06  2.00000E-03 -4.62180E+00
  1.84612E+01  2.17965E-28  1.43608E+06  2.00000E-03 -4.59968E+00
  1.85548E+01  2.18139E-28  1.43684E+06  2.00000E-03 -4.47563E+00
  1.86484E+01  2.18234E-28  1.43726E+06  2.00000E-03 -4.40787E+00
  1.87420E+01  2.18260E-28  1.43737E+06  2.00000E-03 -4.39051E+00
  1.88356E+01  2.18434E-28  1.43814E+06  2.00000E-03 -4.26159E+00
  1.89291E+01  2.18501E-28  1.43844E+06  2.00000E-03 -4.21331E+00
  1.90227E+01  2.18554E-28  1.43867E+06  2.00000E-03 -4.17392E+00
  1.91163E+01  2.18701E-28  1.43932E+06  2.00000E-03 -4.06402E+00
  1.92099E+01  2.18735E-28  1.43947E+06  2.00000E-03 -4.03880E+00
  1.93035E+01  2.18787E-28  1.43970E+06  2.00000E-03 -3.99985E+00
  1.93970E+01  2.18883E-28  1.44012E+06  2.00000E-03 -3.93220E+00
  1.94906E+01  2.18910E-28  1.44024E+06  2.00000E-03 -3.91409E+00
  1.95842E+01  2.18932E-28  1.44034E+06  2.00000E-03 -3.88604E+00
  1.96778E+01  2.18997E-28  1.44063E+06  2.00000E-03 -3.83509E+00
  1.97714E+01  2.19004E-28  1.44066E+06  2.00000E-03 -3.82964E+00
  1.98649E+01  2.19013E-28  1.44070E+06  2.00000E-03 -3.81707E+00
  1.99585E+01  2.19023E-28  1.44075E+06  2.00000E-03 -3.80462E+00
  2.00521E+01  2.19023E-28  1.44075E+06  2.00000E-03 -3.79957E+00
  2.01457E+01  2.19011E-28  1.44070E+06  2.00000E-03 -3.79477E+00
  2.02393E+01  2.18992E-28  1.44061E+06  2.00000E-03 -3.80164E+00
  2.03328E+01  2.18990E-28  1.44061E+06  2.00000E-03 -3.80152E+00
  2.04264E+01  2.18976E-28  1.44054E+06  2.00000E-03 -3.81093E+00
  2.05200E+01  2.18940E-28  1.44038E+06  2.00000E-03 -3.83517E+00
  2.06136E+01  2.18933E-28  1.44035E+06  2.00000E-03 -3.83966E+00
  2.07072E+01  2.18933E-28  1.44035E+06  2.00000E-03 -3.83966E+00
  2.08007E+01  2.18935E-28  1.44035E+06  2.00000E-03 -3.83777E+00
  2.08943E+01  2.18936E-28  1.44036E+06  2.00000E-03 -3.83218E+00
  2.09879E+01  2.18847E-28  1.43996E+06  2.00000E-03 -3.88180E+00
  2.10815E+01  2.18692E-28  1.43926E+06  2.00000E-03 -3.97093E+00
  2.11751E+01  2.18689E-28  1.43925E+06  2.00000E-03 -3.97298E+00
  2.12686E+01  2.18689E-28  1.43925E+06  2.00000E-03 -3.97298E+00
  2.13622E+01  2.18631E-28  1.43899E+06  2.00000E-03 -4.02046E+00
  2.14558E+01  2.18594E-28  1.43882E+06  2.00000E-03 -4.05119E+00
  2.15494E+01  2.18434E-28  1.43811E+06  2.00000E-03 -4.15296E+00
  2.16430E+01  2.18270E-28  1.43738E+06  2.00000E-03 -4.25711E+00
  2.17365E+01  2.18270E-28  1.43738E+06  2.00000E-03 -4.25711E+00
  2.18301E+01  2.18233E-28  1.43722E+06  2.00000E-03 -4.28914E+00
  2.19237E+01  2.18143E-28  1.43682E+06  2.00000E-03 -4.36703E+00
  2.20173E+01  2.18127E-28  1.43675E+06  2.00000E-03 -4.38001E+00
  2.21109E+01  2.17982E-28  1.43609E+06  2.00000E-03 -4.47102E+00
  2.22044E+01  2.17896E-28  1.43571E+06  2.00000E-03 -4.52460E+00
  2.22980E+01  2.17889E-28  1.43568E+06  2.00000E-03 -4.52960E+00
  2.23916E+01  2.17876E-28  1.43562E+06  2.00000E-03 -4.54473E+00
  2.24852E+01  2.17868E-28  1.43558E+06  2.00000E-03 -4.55472E+00
  2.25788E+01  2.17862E-28  1.43555E+06  2.00000E-03 -4.55689E+00
  2.26723E+01  2.17826E-28  1.43539E+06  2.00000E-03 -4.56905E+00
  2.27659E+01  2.17809E-28  1.43531E+06  2.00000E-03 -4.57469E+00
  2.28595E+01  2.17851E-28  1.43549E+06  2.00000E-03 -4.54574E+00
  2.29531E+01  2.17941E-28  1.43589E+06  2.00000E-03 -4.48330E+00
  2.30467E+01  2.17965E-28  1.43599E+06  2.00000E-03 -4.46681E+00
  2.31402E+01  2.17965E-28  1.43599E+06  2.00000E-03 -4.46681E+00
  2.32338E+01  2.18065E-28  1.43642E+06  2.00000E-03 -4.37797E+00
  2.33274E+01  2.18099E-28  1.43657E+06  2.00000E-03 -4.34770E+00
  2.34210E+01  2.18290E-28  1.43741E+06  2.00000E-03 -4.19911E+00
  2.35146E+01  2.18387E-28  1.43783E+06  2.00000E-03 -4.12383E+00
  2.36081E+01  2.18387E-28  1.43783E+06  2.00000E-03 -4.12383E+00
  2.37017E+01  2.18429E-28  1.43801E+06  2.00000E-03 -4.09093E+00
  2.37953E+01  2.18576E-28  1.43865E+06  2.00000E-03 -3.97382E+00
  2.38889E+01  2.18819E-28  1.43971E+06  2.00000E-03 -3.78366E+00
  2.39825E+01  2.18967E-28  1.44036E+06  2.00000E-03 -3.66861E+00
  2.40760E+01  2.18987E-28  1.44044E+06  2.00000E-03 -3.65300E+00
  2.41696E+01  2.18987E-28  1.44044E+06  2.00000E-03 -3.65299E+00
  2.42632E+01  2.19077E-28  1.44084E+06  2.00000E-03 -3.58336E+00
  2.43568E+01  2.19313E-28  1.44186E+06  2.00000E-03 -3.40148E+00
  2.44504E+01  2.19433E-28  1.44239E+06  2.00000E-03 -3.30344E+00
  2.45439E+01  2.19471E-28  1.44255E+06  2.00000E-03 -3.27126E+00
  2.46375E+01  2.19471E-28  1.44255E+06  2.00000E-03 -3.27126E+00
  2.47311E+01  2.19470E-28  1.44255E+06  2.00000E-03 -3.29993E+00
  2.48247E+01  2.19511E-28  1.44272E+06  2.00000E-03 -3.28455E+00
  2.49183E+01  2.19671E-28  1.44341E+06  2.00000E-03 -3.15773E+00
  2.50118E+01  2.19574E-28  1.44299E+06  2.00000E-03 -3.21433E+00
  2.51054E+01  2.19578E-28  1.44301E+06  2.00000E-03 -3.21547E+00
  2.51990E+01  2.19576E-28  1.44300E+06  2.00000E-03 -3.21473E+00
  2.52926E+01  2.19574E-28  1.44299E+06  2.00000E-03 -3.21416E+00
  2.53862E+01  2.19537E-28  1.44282E+06  2.00000E-03 -3.23483E+00
  2.54797E+01  2.19310E-28  1.44182E+06  2.00000E-03 -3.39006E+00
  2.55733E+01  2.19216E-28  1.44141E+06  2.00000E-03 -3.46726E+00
  2.56669E+01  2.19212E-28  1.44139E+06  2.00000E-03 -3.46783E+00
  2.57605E+01  2.19215E-28  1.44140E+06  2.00000E-03 -3.46746E+00
  2.58541E+01  2.19215E-28  1.44140E+06  2.00000E-03 -3.46734E+00
  2.59476E+01  2.18907E-28  1.44005E+06  2.00000E-03 -3.68558E+00
  2.60412E+01  2.18643E-28  1.43888E+06  2.00000E-03 -3.86618E+00
  2.61348E+01  2.18619E-28  1.43878E+06  2.00000E-03 -3.88077E+00
  2.62284E+01  2.18626E-28  1.43881E+06  2.00000E-03 -3.88049E+00
  2.63220E+01  2.18605E-28  1.43872E+06  2.00000E-03 -3.88133E+00
  2.64155E+01  2.18586E-28  1.43863E+06  2.00000E-03 -3.89712E+00
  2.65091E+01  2.18337E-28  1.43754E+06  2.00000E-03 -4.08791E+00
  2.66027E+01  2.18302E-28  1.43738E+06  2.00000E-03 -4.09315E+00
  2.66963E+01  2.18302E-28  1.43738E+06  2.00000E-03 -4.09315E+00
  2.67899E+01  2.18302E-28  1.43738E+06  2.00000E-03 -4.09315E+00
  2.68834E+01  2.18298E-28  1.43737E+06  2.00000E-03 -4.09314E+00
  2.69770E+01  2.18275E-28  1.43727E+06  2.00000E-03 -4.09306E+00
  2.70706E+01  2.18264E-28  1.43721E+06  2.00000E-03 -4.05130E+00
  2.71642E+01  2.18273E-28  1.43725E+06  2.00000E-03 -4.01735E+00
  2.72577E+01  2.18274E-28  1.43726E+06  2.00000E-03 -4.01326E+00
  2.73513E+01  2.18274E-28  1.43726E+06  2.00000E-03 -4.01326E+00
  2.74449E+01  2.18333E-28  1.43751E+06  2.00000E-03 -3.96975E+00
  2.75385E+01  2.18429E-28  1.43793E+06  2.00000E-03 -3.88291E+00
  2.76321E+01  2.18431E-28  1.43794E+06  2.00000E-03 -3.80848E+00
  2.77256E+01  2.18399E-28  1.43779E+06  2.00000E-03 -3.76520E+00
  2.78192E+01  2.18399E-28  1.43779E+06  2.00000E-03 -3.76520E+00
  2.79128E+01  2.18399E-28  1.43779E+06  2.00000E-03 -3.76520E+00
  2.80064E+01  2.18399E-28  1.43779E+06  2.00000E-03 -3.76520E+00
  2.81000E+01  2.18399E-28  1.43779E+06  2.00000E-03 -3.76520E+00
  2.81935E+01  2.18399E-28  1.43779E+06  2.00000E-03 -3.76520E+00
  2.82871E+01  2.18399E-28  1.43779E+06  2.00000E-03 -3.76520E+00
  2.83807E+01  2.18399E-28  1.43779E+06  2.00000E-03 -3.76520E+00
  2.84743E+01  2.18491E-28  1.43820E+06  2.00000E-03 -3.68064E+00
  2.85679E+01  2.18617E-28  1.43876E+06  2.00000E-03 -3.56585E+00
  2.86614E+01  2.18579E-28  1.43859E+06  2.00000E-03 -3.58834E+00
  2.87550E+01  2.18210E-28  1.43694E+06  2.00000E-03 -3.81791E+00
  2.88486E+01  2.17890E-28  1.43551E+06  2.00000E-03 -4.01763E+00
  2.89422E+01  2.17890E-28  1.43551E+06  2.00000E-03 -4.01763E+00
  2.90358E+01  2.17890E-28  1.43551E+06  2.00000E-03 -4.01763E+00
  2.91293E+01  2.17890E-28  1.43551E+06  2.00000E-03 -4.01763E+00
  2.92229E+01  2.17890E-28  1.43551E+06  2.00000E-03 -4.01763E+00
  2.93165E+01  2.17890E-28  1.43551E+06  2.00000E-03 -4.01763E+00
  2.94101E+01  2.17890E-28  1.43551E+06  2.00000E-03 -4.01763E+00
  2.95037E+01  2.17640E-28  1.43442E+06  2.00000E-03 -4.19492E+00
  2.95972E+01  2.17367E-28  1.43322E+06  2.00000E-03 -4.38951E+00
  2.96908E+01  2.17367E-28  1.43322E+06  2.00000E-03 -4.38951E+00
  2.97844E+01  2.17334E-28  1.43307E+06  2.00000E-03 -4.40984E+00
  2.98780E+01  2.16991E-28  1.43154E+06  2.00000E-03 -4.61793E+00
  2.99716E+01  2.16926E-28  1.43126E+06  2.00000E-03 -4.65711E+00
  3.00651E+01  2.16926E-28  1.43126E+06  2.00000E-03 -4.65711E+00
  3.01587E+01  2.16926E-28  1.43126E+06  2.00000E-03 -4.65711E+00
  3.02523E+01  2.16926E-28  1.43126E+06  2.00000E-03 -4.65711E+00
  3.03459E+01  2.16926E-28  1.43126E+06  2.00000E-03 -4.65711E+00
  3.04395E+01  2.16926E-28  1.43126E+06  2.00000E-03 -4.65711E+00
  3.05330E+01  2.16663E-28  1.43010E+06  2.00000E-03 -4.81467E+00
  3.06266E+01  2.16395E-28  1.42893E+06  2.00000E-03 -4.97536E+00
  3.07202E+01  2.16395E-28  1.42893E+06  2.00000E-03 -4.97537E+00
  3.08138E+01  2.16395E-28  1.42893E+06  2.00000E-03 -4.97537E+00
  3.09074E+01  2.16480E-28  1.42929E+06  2.00000E-03 -4.89320E+00
  3.10009E+01  2.16642E-28  1.42999E+06  2.00000E-03 -4.73543E+00
  3.10945E+01  2.16663E-28  1.43008E+06  2.00000E-03 -4.71500E+00
  3.11881E+01  2.16664E-28  1.43008E+06  2.00000E-03 -4.71500E+00
  3.12817E+01  2.16664E-28  1.43008E+06  2.00000E-03 -4.71500E+00
  3.13753E+01  2.16663E-28  1.43008E+06  2.00000E-03 -4.71500E+00
  3.14688E+01  2.16664E-28  1.43008E+06  2.00000E-03 -4.71500E+00
  3.15624E+01  2.16588E-28  1.42975E+06  2.00000E-03 -4.69765E+00
  3.16560E+01  2.16518E-28  1.42944E+06  2.00000E-03 -4.68129E+00
  3.17496E+01  2.16518E-28  1.42944E+06  2.00000E-03 -4.68129E+00
  3.18432E+01  2.16518E-28  1.42944E+06  2.00000E-03 -4.68129E+00
  3.19367E+01  2.16518E-28  1.42944E+06  2.00000E-03 -4.68129E+00
  3.20303E+01  2.16744E-28  1.43043E+06  2.00000E-03 -4.49790E+00
  3.21239E+01  2.16973E-28  1.43143E+06  2.00000E-03 -4.31310E+00
  3.22175E+01  2.17018E-28  1.43163E+06  2.00000E-03 -4.27622E+00
  3.23111E+01  2.17018E-28  1.43163E+06  2.00000E-03 -4.27622E+00
  3.24046E+01  2.17018E-28  1.43163E+06  2.00000E-03 -4.27622E+00
  3.24982E+01  2.17018E-28  1.43163E+06  2.00000E-03 -4.27570E+00
  3.25918E+01  2.16957E-28  1.43136E+06  2.00000E-03 -4.24191E+00
  3.26854E+01  2.16881E-28  1.43102E+06  2.00000E-03 -4.22974E+00
  3.27790E+01  2.16875E-28  1.43100E+06  2.00000E-03 -4.23445E+00
  3.28725E+01  2.16895E-28  1.43109E+06  2.00000E-03 -4.21913E+00
  3.29661E+01  2.16854E-28  1.43090E+06  2.00000E-03 -4.24992E+00
  3.30597E+01  2.16882E-28  1.43103E+06  2.00000E-03 -4.22798E+00
  3.31533E+01  2.17072E-28  1.43186E+06  2.00000E-03 -4.08662E+00
  3.32469E+01  2.17222E-28  1.43251E+06  2.00000E-03 -3.97774E+00
  3.33404E+01  2.17219E-28  1.43250E+06  2.00000E-03 -3.98008E+00
  3.34340E+01  2.17222E-28  1.43251E+06  2.00000E-03 -3.97767E+00
  3.35276E+01  2.17219E-28  1.43250E+06  2.00000E-03 -3.97996E+00
  3.36212E+01  2.17077E-28  1.43187E+06  2.00000E-03 -4.01397E+00
  3.37148E+01  2.16960E-28  1.43136E+06  2.00000E-03 -4.04377E+00
  3.38083E+01  2.16948E-28  1.43130E+06  2.00000E-03 -4.05266E+00
  3.39019E+01  2.16949E-28  1.43131E+06  2.00000E-03 -4.05184E+00
  3.39955E+01  2.16941E-28  1.43127E+06  2.00000E-03 -4.05753E+00
  3.40891E+01  2.16917E-28  1.43117E+06  2.00000E-03 -4.07474E+00
  3.41827E+01  2.16960E-28  1.43136E+06  2.00000E-03 -4.04727E+00
  3.42762E+01  2.17082E-28  1.43188E+06  2.00000E-03 -3.96993E+00
  3.43698E+01  2.17153E-28  1.43219E+06  2.00000E-03 -3.92882E+00
  3.44634E+01  2.17153E-28  1.43220E+06  2.00000E-03 -3.92542E+00
  3.45570E+01  2.17140E-28  1.43214E+06  2.00000E-03 -3.94236E+00
  3.46506E+01  2.16897E-28  1.43107E+06  2.00000E-03 -4.06324E+00
  3.47441E+01  2.16691E-28  1.43016E+06  2.00000E-03 -4.16586E+00
  3.48377E+01  2.16691E-28  1.43016E+06  2.00000E-03 -4.16586E+00
  3.49313E+01  2.16691E-28  1.43016E+06  2.00000E-03 -4.16586E+00
  3.50249E+01  2.16691E-28  1.43016E+06  2.00000E-03 -4.16586E+00
  3.51185E+01  2.16691E-28  1.43016E+06  2.00000E-03 -4.16586E+00
  3.52120E+01  2.16691E-28  1.43016E+06  2.00000E-03 -4.16586E+00
  3.53056E+01  2.16693E-28  1.43017E+06  2.00000E-03 -4.17280E+00
