 -3.51600E+01  2.16965E-28  1.43126E+06  2.00000E-03  7.62130E-01
 -3.50664E+01  2.16963E-28  1.43125E+06  2.00000E-03  7.71226E-01
 -3.49729E+01  2.16963E-28  1.43125E+06  2.00000E-03  7.71226E-01
 -3.48793E+01  2.16927E-28  1.43109E+06  2.00000E-03  7.61785E-01
 -3.47857E+01  2.16793E-28  1.43050E+06  2.00000E-03  7.26111E-01
 -3.46921E+01  2.16758E-28  1.43035E+06  2.00000E-03  7.17000E-01
 -3.45985E+01  2.16758E-28  1.43035E+06  2.00000E-03  7.17000E-01
 -3.45050E+01  2.16758E-28  1.43035E+06  2.00000E-03  7.17000E-01
 -3.44114E+01  2.16758E-28  1.43035E+06  2.00000E-03  7.17000E-01
 -3.43178E+01  2.16758E-28  1.43035E+06  2.00000E-03  7.17000E-01
 -3.42242E+01  2.16763E-28  1.43037E+06  2.00000E-03  7.25530E-01
 -3.41306E+01  2.16779E-28  1.43044E+06  2.00000E-03  7.53923E-01
 -3.40371E+01  2.16791E-28  1.43050E+06  2.00000E-03  7.76831E-01
 -3.39435E+01  2.16792E-28  1.43050E+06  2.00000E-03  7.76831E-01
 -3.38499E+01  2.16777E-28  1.43043E+06  2.00000E-03  7.68908E-01
 -3.37563E+01  2.16664E-28  1.42994E+06  2.00000E-03  7.07935E-01
 -3.36627E+01  2.16653E-28  1.42989E+06  2.00000E-03  7.02193E-01
 -3.35692E+01  2.16653E-28  1.42989E+06  2.00000E-03  7.02193E-01
 -3.34756E+01  2.16653E-28  1.42989E+06  2.00000E-03  7.02193E-01
 -3.33820E+01  2.16653E-28  1.42989E+06  2.00000E-03  7.02193E-01
 -3.32884E+01  2.16653E-28  1.42989E+06  2.00000E-03  7.02193E-01
 -3.31948E+01  2.16653E-28  1.42989E+06  2.00000E-03  7.02193E-01
 -3.31013E+01  2.16663E-28  1.42994E+06  2.00000E-03  7.01705E-01
 -3.30077E+01  2.16715E-28  1.43017E+06  2.00000E-03  6.99312E-01
 -3.29141E+01  2.16736E-28  1.43026E+06  2.00000E-03  6.98355E-01
 -3.28205E+01  2.16728E-28  1.43022E+06  2.00000E-03  6.82801E-01
 -3.27269E+01  2.16699E-28  1.43009E+06  2.00000E-03  6.31264E-01
 -3.26334E+01  2.16693E-28  1.43007E+06  2.00000E-03  6.19723E-01
 -3.25398E+01  2.16693E-28  1.43007E+06  2.00000E-03  6.19723E-01
 -3.24462E+01  2.16693E-28  1.43007E+06  2.00000E-03  6.19723E-01
 -3.23526E+01  2.16693E-28  1.43007E+06  2.00000E-03  6.19723E-01
 -3.22590E+01  2.16693E-28  1.43007E+06  2.00000E-03  6.19723E-01
 -3.21655E+01  2.16693E-28  1.43007E+06  2.00000E-03  6.19723E-01
 -3.20719E+01  2.16693E-28  1.43007E+06  2.00000E-03  6.19723E-01
 -3.19783E+01  2.16698E-28  1.43009E+06  2.00000E-03  6.09733E-01
 -3.18847E+01  2.16715E-28  1.43016E+06  2.00000E-03  5.74813E-01
 -3.17911E+01  2.16718E-28  1.43018E+06  2.00000E-03  5.68117E-01
 -3.16976E+01  2.16737E-28  1.43026E+06  2.00000E-03  5.26858E-01
 -3.16040E+01  2.16738E-28  1.43027E+06  2.00000E-03  5.24532E-01
 -3.15104E+01  2.16738E-28  1.43027E+06  2.00000E-03  5.24532E-01
 -3.14168E+01  2.16738E-28  1.43027E+06  2.00000E-03  5.24532E-01
 -3.13232E+01  2.16738E-28  1.43027E+06  2.00000E-03  5.24532E-01
 -3.12297E+01  2.16738E-28  1.43027E+06  2.00000E-03  5.24532E-01
 -3.11361E+01  2.16738E-28  1.43027E+06  2.00000E-03  5.24532E-01
 -3.10425E+01  2.16738E-28  1.43027E+06  2.00000E-03  5.24532E-01
 -3.09489E+01  2.16735E-28  1.43025E+06  2.00000E-03  5.25007E-01
 -3.08553E+01  2.16602E-28  1.42967E+06  2.00000E-03  5.45560E-01
 -3.07618E+01  2.16523E-28  1.42932E+06  2.00000E-03  5.62540E-01
 -3.06682E+01  2.16648E-28  1.42987E+06  2.00000E-03  5.56532E-01
 -3.05746E+01  2.16638E-28  1.42983E+06  2.00000E-03  5.63622E-01
 -3.04810E+01  2.16536E-28  1.42938E+06  2.00000E-03  5.82187E-01
 -3.03874E+01  2.16531E-28  1.42936E+06  2.00000E-03  5.83128E-01
 -3.02939E+01  2.16533E-28  1.42937E+06  2.00000E-03  5.82698E-01
 -3.02003E+01  2.16536E-28  1.42938E+06  2.00000E-03  5.82248E-01
 -3.01067E+01  2.16530E-28  1.42935E+06  2.00000E-03  5.83184E-01
 -3.00131E+01  2.16569E-28  1.42952E+06  2.00000E-03  5.76201E-01
 -2.99195E+01  2.16556E-28  1.42947E+06  2.00000E-03  5.78490E-01
 -2.98260E+01  2.16563E-28  1.42950E+06  2.00000E-03  5.77082E-01
 -2.97324E+01  2.16481E-28  1.42915E+06  2.00000E-03  6.27976E-01
 -2.96388E+01  2.16517E-28  1.42930E+06  2.00000E-03  6.07943E-01
 -2.95452E+01  2.16509E-28  1.42927E+06  2.00000E-03  6.05997E-01
 -2.94516E+01  2.16501E-28  1.42924E+06  2.00000E-03  6.06336E-01
 -2.93581E+01  2.16460E-28  1.42905E+06  2.00000E-03  6.08314E-01
 -2.92645E+01  2.16469E-28  1.42909E+06  2.00000E-03  6.07870E-01
 -2.91709E+01  2.16459E-28  1.42905E+06  2.00000E-03  6.08322E-01
 -2.90773E+01  2.16456E-28  1.42904E+06  2.00000E-03  6.08476E-01
 -2.89837E+01  2.16420E-28  1.42888E+06  2.00000E-03  6.10182E-01
 -2.88902E+01  2.16414E-28  1.42885E+06  2.00000E-03  6.10474E-01
 -2.87966E+01  2.16316E-28  1.42842E+06  2.00000E-03  6.15122E-01
 -2.87030E+01  2.16674E-28  1.43000E+06  2.00000E-03  6.51445E-01
 -2.86094E+01  2.16590E-28  1.42965E+06  2.00000E-03  6.14201E-01
 -2.85158E+01  2.16438E-28  1.42898E+06  2.00000E-03  5.91610E-01
 -2.84223E+01  2.16438E-28  1.42898E+06  2.00000E-03  5.91611E-01
 -2.83287E+01  2.16438E-28  1.42898E+06  2.00000E-03  5.91610E-01
 -2.82351E+01  2.16438E-28  1.42898E+06  2.00000E-03  5.91610E-01
 -2.81415E+01  2.16438E-28  1.42898E+06  2.00000E-03  5.91610E-01
 -2.80479E+01  2.16438E-28  1.42898E+06  2.00000E-03  5.91610E-01
 -2.79544E+01  2.16438E-28  1.42898E+06  2.00000E-03  5.91610E-01
 -2.78608E+01  2.16438E-28  1.42898E+06  2.00000E-03  5.91610E-01
 -2.77672E+01  2.16438E-28  1.42898E+06  2.00000E-03  5.91610E-01
 -2.76736E+01  2.16928E-28  1.43114E+06  2.00000E-03  6.80290E-01
 -2.75800E+01  2.17255E-28  1.43256E+06  2.00000E-03  7.49352E-01
 -2.74865E+01  2.17029E-28  1.43156E+06  2.00000E-03  7.22636E-01
 -2.73929E+01  2.16917E-28  1.43106E+06  2.00000E-03  7.09316E-01
 -2.72993E+01  2.16917E-28  1.43107E+06  2.00000E-03  7.09316E-01
 -2.72057E+01  2.17034E-28  1.43158E+06  2.00000E-03  7.32346E-01
 -2.71121E+01  2.17441E-28  1.43337E+06  2.00000E-03  8.12319E-01
 -2.70186E+01  2.17535E-28  1.43378E+06  2.00000E-03  8.24173E-01
 -2.69250E+01  2.17372E-28  1.43306E+06  2.00000E-03  7.59260E-01
 -2.68314E+01  2.17359E-28  1.43300E+06  2.00000E-03  7.54060E-01
 -2.67378E+01  2.17465E-28  1.43347E+06  2.00000E-03  7.90621E-01
 -2.66442E+01  2.17804E-28  1.43495E+06  2.00000E-03  9.07340E-01
 -2.65507E+01  2.17944E-28  1.43557E+06  2.00000E-03  9.55616E-01
 -2.64571E+01  2.17928E-28  1.43550E+06  2.00000E-03  9.44312E-01
 -2.63635E+01  2.17878E-28  1.43528E+06  2.00000E-03  9.10256E-01
 -2.62699E+01  2.17864E-28  1.43522E+06  2.00000E-03  9.01112E-01
 -2.61763E+01  2.17945E-28  1.43557E+06  2.00000E-03  9.55044E-01
 -2.60828E+01  2.18194E-28  1.43667E+06  2.00000E-03  1.12180E+00
 -2.59892E+01  2.18249E-28  1.43691E+06  2.00000E-03  1.15819E+00
 -2.58956E+01  2.18222E-28  1.43679E+06  2.00000E-03  1.15026E+00
 -2.58020E+01  2.18196E-28  1.43668E+06  2.00000E-03  1.14215E+00
 -2.57084E+01  2.18193E-28  1.43666E+06  2.00000E-03  1.14264E+00
 -2.56149E+01  2.18288E-28  1.43708E+06  2.00000E-03  1.24481E+00
 -2.55213E+01  2.18342E-28  1.43732E+06  2.00000E-03  1.30183E+00
 -2.54277E+01  2.18342E-28  1.43732E+06  2.00000E-03  1.30183E+00
 -2.53341E+01  2.18323E-28  1.43724E+06  2.00000E-03  1.30211E+00
 -2.52405E+01  2.18290E-28  1.43710E+06  2.00000E-03  1.30258E+00
 -2.51470E+01  2.18295E-28  1.43712E+06  2.00000E-03  1.33410E+00
 -2.50534E+01  2.18310E-28  1.43719E+06  2.00000E-03  1.42781E+00
 -2.49598E+01  2.18310E-28  1.43719E+06  2.00000E-03  1.42781E+00
 -2.48662E+01  2.18310E-28  1.43719E+06  2.00000E-03  1.42781E+00
 -2.47726E+01  2.18309E-28  1.43718E+06  2.00000E-03  1.43004E+00
 -2.46791E+01  2.18301E-28  1.43715E+06  2.00000E-03  1.44013E+00
 -2.45855E+01  2.18265E-28  1.43699E+06  2.00000E-03  1.47544E+00
 -2.44919E+01  2.18252E-28  1.43694E+06  2.00000E-03  1.48720E+00
 -2.43983E+01  2.18252E-28  1.43694E+06  2.00000E-03  1.48720E+00
 -2.43048E+01  2.18260E-28  1.43697E+06  2.00000E-03  1.48372E+00
 -2.42112E+01  2.18306E-28  1.43717E+06  2.00000E-03  1.46384E+00
 -2.41176E+01  2.18407E-28  1.43762E+06  2.00000E-03  1.37573E+00
 -2.40240E+01  2.18449E-28  1.43780E+06  2.00000E-03  1.30709E+00
 -2.39304E+01  2.18454E-28  1.43782E+06  2.00000E-03  1.29935E+00
 -2.38369E+01  2.18454E-28  1.43782E+06  2.00000E-03  1.29935E+00
 -2.37433E+01  2.18454E-28  1.43782E+06  2.00000E-03  1.29935E+00
 -2.36497E+01  2.18612E-28  1.43852E+06  2.00000E-03  1.22716E+00
 -2.35561E+01  2.18700E-28  1.43891E+06  2.00000E-03  9.97607E-01
 -2.34625E+01  2.18699E-28  1.43890E+06  2.00000E-03  9.66529E-01
 -2.33690E+01  2.18699E-28  1.43890E+06  2.00000E-03  9.66528E-01
 -2.32754E+01  2.18699E-28  1.43890E+06  2.00000E-03  9.66529E-01
 -2.31818E+01  2.18710E-28  1.43895E+06  2.00000E-03  9.57699E-01
 -2.30882E+01  2.18696E-28  1.43889E+06  2.00000E-03  8.16569E-01
 -2.29946E+01  2.18660E-28  1.43873E+06  2.00000E-03  6.79430E-01
 -2.29011E+01  2.18660E-28  1.43873E+06  2.00000E-03  6.79430E-01
 -2.28075E+01  2.18699E-28  1.43890E+06  2.00000E-03  6.94083E-01
 -2.27139E+01  2.18698E-28  1.43890E+06  2.00000E-03  6.93865E-01
 -2.26203E+01  2.18642E-28  1.43865E+06  2.00000E-03  6.80240E-01
 -2.25267E+01  2.18251E-28  1.43693E+06  2.00000E-03  6.67514E-01
 -2.24332E+01  2.18151E-28  1.43649E+06  2.00000E-03  6.53075E-01
 -2.23396E+01  2.18159E-28  1.43653E+06  2.00000E-03  7.05686E-01
 -2.22460E+01  2.18160E-28  1.43653E+06  2.00000E-03  7.09285E-01
 -2.21524E+01  2.18159E-28  1.43653E+06  2.00000E-03  7.06952E-01
 -2.20588E+01  2.17632E-28  1.43422E+06  2.00000E-03  6.39891E-01
 -2.19653E+01  2.17231E-28  1.43246E+06  2.00000E-03  8.19366E-01
 -2.18717E+01  2.17214E-28  1.43238E+06  2.00000E-03  8.66069E-01
 -2.17781E+01  2.17214E-28  1.43238E+06  2.00000E-03  8.63445E-01
 -2.16845E+01  2.17214E-28  1.43238E+06  2.00000E-03  8.69067E-01
 -2.15909E+01  2.17144E-28  1.43208E+06  2.00000E-03  8.49631E-01
 -2.14974E+01  2.16390E-28  1.42876E+06  2.00000E-03  7.88627E-01
 -2.14038E+01  2.16282E-28  1.42829E+06  2.00000E-03  9.12527E-01
 -2.13102E+01  2.16291E-28  1.42833E+06  2.00000E-03  9.66014E-01
 -2.12166E+01  2.16288E-28  1.42831E+06  2.00000E-03  9.57288E-01
 -2.11230E+01  2.16262E-28  1.42820E+06  2.00000E-03  9.55827E-01
 -2.10295E+01  2.15829E-28  1.42630E+06  2.00000E-03  8.77603E-01
 -2.09359E+01  2.15608E-28  1.42532E+06  2.00000E-03  8.14454E-01
 -2.08423E+01  2.15675E-28  1.42562E+06  2.00000E-03  8.57588E-01
 -2.07487E+01  2.15783E-28  1.42609E+06  2.00000E-03  9.19990E-01
 -2.06551E+01  2.15783E-28  1.42609E+06  2.00000E-03  9.19990E-01
 -2.05616E+01  2.15676E-28  1.42562E+06  2.00000E-03  8.79933E-01
 -2.04680E+01  2.15269E-28  1.42383E+06  2.00000E-03  7.22767E-01
 -2.03744E+01  2.15277E-28  1.42387E+06  2.00000E-03  6.80079E-01
 -2.02808E+01  2.15473E-28  1.42473E+06  2.00000E-03  6.77659E-01
 -2.01872E+01  2.15473E-28  1.42473E+06  2.00000E-03  6.77659E-01
 -2.00937E+01  2.15473E-28  1.42473E+06  2.00000E-03  6.77659E-01
 -2.00001E+01  2.15141E-28  1.42327E+06  2.00000E-03  5.83613E-01
 -1.99065E+01  2.14975E-28  1.42253E+06  2.00000E-03  5.36586E-01
 -1.98129E+01  2.15179E-28  1.42343E+06  2.00000E-03  5.15653E-01
 -1.97193E+01  2.15351E-28  1.42420E+06  2.00000E-03  4.97902E-01
 -1.96258E+01  2.15351E-28  1.42420E+06  2.00000E-03  4.97902E-01
 -1.95322E+01  2.15204E-28  1.42355E+06  2.00000E-03  4.88013E-01
 -1.94386E+01  2.14889E-28  1.42216E+06  2.00000E-03  4.66884E-01
 -1.93450E+01  2.14863E-28  1.42205E+06  2.00000E-03  4.64832E-01
 -1.92514E+01  2.15050E-28  1.42287E+06  2.00000E-03  4.66981E-01
 -1.91579E+01  2.15225E-28  1.42365E+06  2.00000E-03  4.68993E-01
 -1.90643E+01  2.15195E-28  1.42352E+06  2.00000E-03  4.71846E-01
 -1.89707E+01  2.14850E-28  1.42200E+06  2.00000E-03  5.03391E-01
 -1.88771E+01  2.14660E-28  1.42116E+06  2.00000E-03  5.20746E-01
 -1.87835E+01  2.14698E-28  1.42133E+06  2.00000E-03  5.32050E-01
 -1.86900E+01  2.14877E-28  1.42212E+06  2.00000E-03  5.85530E-01
 -1.85964E+01  2.14953E-28  1.42245E+06  2.00000E-03  6.08098E-01
 -1.85028E+01  2.14757E-28  1.42159E+06  2.00000E-03  6.16582E-01
 -1.84092E+01  2.14436E-28  1.42017E+06  2.00000E-03  6.30517E-01
 -1.83156E+01  2.14436E-28  1.42017E+06  2.00000E-03  6.30517E-01
 -1.82221E+01  2.14438E-28  1.42017E+06  2.00000E-03  6.31189E-01
 -1.81285E+01  2.14639E-28  1.42107E+06  2.00000E-03  7.06399E-01
 -1.80349E+01  2.14693E-28  1.42130E+06  2.00000E-03  7.26436E-01
 -1.79413E+01  2.14473E-28  1.42033E+06  2.00000E-03  6.94145E-01
 -1.78477E+01  2.14383E-28  1.41994E+06  2.00000E-03  6.80921E-01
 -1.77542E+01  2.14383E-28  1.41994E+06  2.00000E-03  6.80921E-01
 -1.76606E+01  2.14422E-28  1.42011E+06  2.00000E-03  6.91389E-01
 -1.75670E+01  2.14536E-28  1.42061E+06  2.00000E-03  7.22447E-01
 -1.74734E+01  2.14527E-28  1.42058E+06  2.00000E-03  7.19379E-01
 -1.73798E+01  2.14422E-28  1.42012E+06  2.00000E-03  6.90009E-01
 -1.72863E+01  2.14413E-28  1.42008E+06  2.00000E-03  6.87456E-01
 -1.71927E+01  2.14413E-28  1.42008E+06  2.00000E-03  6.87456E-01
 -1.70991E+01  2.14460E-28  1.42029E+06  2.00000E-03  7.01801E-01
 -1.70055E+01  2.14550E-28  1.42069E+06  2.00000E-03  7.33144E-01
 -1.69119E+01  2.14429E-28  1.42016E+06  2.00000E-03  7.26873E-01
 -1.68184E+01  2.14333E-28  1.41974E+06  2.00000E-03  7.18226E-01
 -1.67248E+01  2.14333E-28  1.41974E+06  2.00000E-03  7.18226E-01
 -1.66312E+01  2.14333E-28  1.41974E+06  2.00000E-03  7.18226E-01
 -1.65376E+01  2.14347E-28  1.41980E+06  2.00000E-03  7.31575E-01
 -1.64440E+01  2.14302E-28  1.41961E+06  2.00000E-03  8.10007E-01
 -1.63505E+01  2.14149E-28  1.41894E+06  2.00000E-03  8.40557E-01
 -1.62569E+01  2.14149E-28  1.41894E+06  2.00000E-03  8.40557E-01
 -1.61633E+01  2.14149E-28  1.41894E+06  2.00000E-03  8.40557E-01
 -1.60697E+01  2.14149E-28  1.41894E+06  2.00000E-03  8.40557E-01
 -1.59761E+01  2.14200E-28  1.41917E+06  2.00000E-03  8.96038E-01
 -1.58826E+01  2.14156E-28  1.41899E+06  2.00000E-03  9.57514E-01
 -1.57890E+01  2.14113E-28  1.41880E+06  2.00000E-03  9.72197E-01
 -1.56954E+01  2.14113E-28  1.41880E+06  2.00000E-03  9.72198E-01
 -1.56018E+01  2.14113E-28  1.41880E+06  2.00000E-03  9.72197E-01
 -1.55082E+01  2.14113E-28  1.41880E+06  2.00000E-03  9.72197E-01
 -1.54147E+01  2.14349E-28  1.41985E+06  2.00000E-03  9.99718E-01
 -1.53211E+01  2.14443E-28  1.42026E+06  2.00000E-03  9.47355E-01
 -1.52275E+01  2.14446E-28  1.42028E+06  2.00000E-03  9.41651E-01
 -1.51339E+01  2.14446E-28  1.42028E+06  2.00000E-03  9.41651E-01
 -1.50403E+01  2.14446E-28  1.42028E+06  2.00000E-03  9.41651E-01
 -1.49468E+01  2.14512E-28  1.42057E+06  2.00000E-03  9.64361E-01
 -1.48532E+01  2.14950E-28  1.42249E+06  2.00000E-03  1.01567E+00
 -1.47596E+01  2.14980E-28  1.42264E+06  2.00000E-03  8.29919E-01
 -1.46660E+01  2.14979E-28  1.42264E+06  2.00000E-03  8.26732E-01
 -1.45724E+01  2.14979E-28  1.42264E+06  2.00000E-03  8.26046E-01
 -1.44789E+01  2.15024E-28  1.42284E+06  2.00000E-03  8.43196E-01
 -1.43853E+01  2.15298E-28  1.42404E+06  2.00000E-03  9.91288E-01
 -1.42917E+01  2.15580E-28  1.42528E+06  2.00000E-03  9.84683E-01
 -1.41981E+01  2.15606E-28  1.42540E+06  2.00000E-03  8.68484E-01
 -1.41045E+01  2.15608E-28  1.42541E+06  2.00000E-03  8.59266E-01
 -1.40110E+01  2.15606E-28  1.42540E+06  2.00000E-03  8.55723E-01
 -1.39174E+01  2.15820E-28  1.42634E+06  2.00000E-03  9.82166E-01
 -1.38238E+01  2.16181E-28  1.42792E+06  2.00000E-03  1.15357E+00
 -1.37302E+01  2.16326E-28  1.42856E+06  2.00000E-03  1.09093E+00
 -1.36366E+01  2.16346E-28  1.42866E+06  2.00000E-03  9.66935E-01
 -1.35431E+01  2.16349E-28  1.42867E+06  2.00000E-03  9.71555E-01
 -1.34495E+01  2.16349E-28  1.42867E+06  2.00000E-03  9.71312E-01
 -1.33559E+01  2.16818E-28  1.43073E+06  2.00000E-03  1.19759E+00
 -1.32623E+01  2.17136E-28  1.43212E+06  2.00000E-03  1.36853E+00
 -1.31687E+01  2.17233E-28  1.43255E+06  2.00000E-03  1.21191E+00
 -1.30752E+01  2.17253E-28  1.43264E+06  2.00000E-03  1.11217E+00
 -1.29816E+01  2.17192E-28  1.43240E+06  2.00000E-03  1.01250E+00
 -1.28880E+01  2.17720E-28  1.43473E+06  2.00000E-03  1.18612E+00
 -1.27944E+01  2.18146E-28  1.43660E+06  2.00000E-03  1.32590E+00
 -1.27008E+01  2.18150E-28  1.43662E+06  2.00000E-03  1.31732E+00
 -1.26073E+01  2.18175E-28  1.43674E+06  2.00000E-03  1.25500E+00
 -1.25137E+01  2.18194E-28  1.43683E+06  2.00000E-03  1.20901E+00
 -1.24201E+01  2.18253E-28  1.43709E+06  2.00000E-03  1.23051E+00
 -1.23265E+01  2.18558E-28  1.43845E+06  2.00000E-03  1.34126E+00
 -1.22330E+01  2.18796E-28  1.43950E+06  2.00000E-03  1.42773E+00
 -1.21394E+01  2.18787E-28  1.43947E+06  2.00000E-03  1.42160E+00
 -1.20458E+01  2.18771E-28  1.43941E+06  2.00000E-03  1.41136E+00
 -1.19522E+01  2.18762E-28  1.43937E+06  2.00000E-03  1.40570E+00
 -1.18586E+01  2.18792E-28  1.43951E+06  2.00000E-03  1.41058E+00
 -1.17651E+01  2.18828E-28  1.43967E+06  2.00000E-03  1.41643E+00
 -1.16715E+01  2.18835E-28  1.43970E+06  2.00000E-03  1.41747E+00
 -1.15779E+01  2.18817E-28  1.43963E+06  2.00000E-03  1.42670E+00
 -1.14843E+01  2.18701E-28  1.43912E+06  2.00000E-03  1.48898E+00
 -1.13907E+01  2.18677E-28  1.43902E+06  2.00000E-03  1.49513E+00
 -1.12972E+01  2.18313E-28  1.43740E+06  2.00000E-03  1.35690E+00
 -1.12036E+01  2.18243E-28  1.43709E+06  2.00000E-03  1.33041E+00
 -1.11100E+01  2.18243E-28  1.43709E+06  2.00000E-03  1.33041E+00
 -1.10164E+01  2.18228E-28  1.43703E+06  2.00000E-03  1.35363E+00
 -1.09228E+01  2.18165E-28  1.43676E+06  2.00000E-03  1.42951E+00
 -1.08293E+01  2.17708E-28  1.43475E+06  2.00000E-03  1.26020E+00
 -1.07357E+01  2.17310E-28  1.43299E+06  2.00000E-03  1.08104E+00
 -1.06421E+01  2.17310E-28  1.43299E+06  2.00000E-03  1.08104E+00
 -1.05485E+01  2.17310E-28  1.43299E+06  2.00000E-03  1.08104E+00
 -1.04549E+01  2.17339E-28  1.43313E+06  2.00000E-03  1.11836E+00
 -1.03614E+01  2.17199E-28  1.43253E+06  2.00000E-03  1.07862E+00
 -1.02678E+01  2.16679E-28  1.43024E+06  2.00000E-03  8.06015E-01
 -1.01742E+01  2.16529E-28  1.42958E+06  2.00000E-03  7.26042E-01
 -1.00806E+01  2.16529E-28  1.42958E+06  2.00000E-03  7.26042E-01
 -9.98703E+00  2.16529E-28  1.42958E+06  2.00000E-03  7.26042E-01
 -9.89345E+00  2.16573E-28  1.42978E+06  2.00000E-03  7.32426E-01
 -9.79987E+00  2.16362E-28  1.42889E+06  2.00000E-03  5.45649E-01
 -9.70629E+00  2.16130E-28  1.42787E+06  2.00000E-03  3.95396E-01
 -9.61271E+00  2.16130E-28  1.42787E+06  2.00000E-03  3.95396E-01
 -9.51913E+00  2.16130E-28  1.42787E+06  2.00000E-03  3.95396E-01
 -9.42555E+00  2.16130E-28  1.42787E+06  2.00000E-03  3.95396E-01
 -9.33197E+00  2.16153E-28  1.42799E+06  2.00000E-03  3.55208E-01
 -9.23839E+00  2.16081E-28  1.42769E+06  2.00000E-03  2.66408E-01
 -9.14481E+00  2.16059E-28  1.42760E+06  2.00000E-03  2.46103E-01
 -9.05124E+00  2.16059E-28  1.42760E+06  2.00000E-03  2.46103E-01
 -8.95765E+00  2.16059E-28  1.42760E+06  2.00000E-03  2.46103E-01
 -8.86408E+00  2.16062E-28  1.42761E+06  2.00000E-03  2.49134E-01
 -8.77050E+00  2.16155E-28  1.42805E+06  2.00000E-03  3.23538E-01
 -8.67692E+00  2.16213E-28  1.42834E+06  2.00000E-03  3.65726E-01
 -8.58334E+00  2.16213E-28  1.42834E+06  2.00000E-03  3.65726E-01
 -8.48976E+00  2.16213E-28  1.42834E+06  2.00000E-03  3.65726E-01
 -8.39618E+00  2.16213E-28  1.42834E+06  2.00000E-03  3.65726E-01
 -8.30260E+00  2.16394E-28  1.42915E+06  2.00000E-03  4.59114E-01
 -8.20902E+00  2.16806E-28  1.43102E+06  2.00000E-03  6.49346E-01
 -8.11544E+00  2.16744E-28  1.43076E+06  2.00000E-03  5.98274E-01
 -8.02186E+00  2.16744E-28  1.43076E+06  2.00000E-03  5.98274E-01
 -7.92828E+00  2.16744E-28  1.43076E+06  2.00000E-03  5.98274E-01
 -7.83470E+00  2.16744E-28  1.43076E+06  2.00000E-03  5.98274E-01
 -7.74112E+00  2.17342E-28  1.43339E+06  2.00000E-03  7.83621E-01
 -7.64754E+00  2.17633E-28  1.43467E+06  2.00000E-03  8.12726E-01
 -7.55396E+00  2.17583E-28  1.43446E+06  2.00000E-03  7.55606E-01
 -7.46038E+00  2.17583E-28  1.43446E+06  2.00000E-03  7.55606E-01
 -7.36680E+00  2.17583E-28  1.43446E+06  2.00000E-03  7.55606E-01
 -7.27322E+00  2.17953E-28  1.43607E+06  2.00000E-03  8.40214E-01
 -7.17964E+00  2.18531E-28  1.43858E+06  2.00000E-03  9.57164E-01
 -7.08606E+00  2.18500E-28  1.43845E+06  2.00000E-03  8.83614E-01
 -6.99248E+00  2.18454E-28  1.43824E+06  2.00000E-03  8.44698E-01
 -6.89890E+00  2.18428E-28  1.43809E+06  2.00000E-03  8.32315E-01
 -6.80532E+00  2.18430E-28  1.43810E+06  2.00000E-03  8.24418E-01
 -6.71174E+00  2.18854E-28  1.43996E+06  2.00000E-03  9.02031E-01
 -6.61816E+00  2.19005E-28  1.44058E+06  2.00000E-03  9.10383E-01
 -6.52458E+00  2.18912E-28  1.44018E+06  2.00000E-03  8.81192E-01
 -6.43100E+00  2.19009E-28  1.44060E+06  2.00000E-03  9.02383E-01
 -6.33742E+00  2.18976E-28  1.44045E+06  2.00000E-03  8.98637E-01
 -6.24384E+00  2.19037E-28  1.44070E+06  2.00000E-03  8.97608E-01
 -6.15026E+00  2.19286E-28  1.44177E+06  2.00000E-03  9.05209E-01
 -6.05668E+00  2.19238E-28  1.44156E+06  2.00000E-03  9.09397E-01
 -5.96310E+00  2.19157E-28  1.44120E+06  2.00000E-03  9.28585E-01
 -5.86952E+00  2.19200E-28  1.44139E+06  2.00000E-03  9.37348E-01
 -5.77594E+00  2.19155E-28  1.44118E+06  2.00000E-03  9.42005E-01
 -5.68236E+00  2.19133E-28  1.44105E+06  2.00000E-03  8.97334E-01
 -5.58878E+00  2.19101E-28  1.44090E+06  2.00000E-03  8.89903E-01
 -5.49520E+00  2.19003E-28  1.44045E+06  2.00000E-03  9.09315E-01
 -5.40162E+00  2.18925E-28  1.44012E+06  2.00000E-03  9.10152E-01
 -5.30804E+00  2.18879E-28  1.43990E+06  2.00000E-03  9.17836E-01
 -5.21446E+00  2.18764E-28  1.43940E+06  2.00000E-03  8.76486E-01
 -5.12088E+00  2.18621E-28  1.43877E+06  2.00000E-03  7.89942E-01
 -5.02730E+00  2.18537E-28  1.43837E+06  2.00000E-03  8.56774E-01
 -4.93372E+00  2.18364E-28  1.43761E+06  2.00000E-03  7.98441E-01
 -4.84014E+00  2.18208E-28  1.43693E+06  2.00000E-03  7.53291E-01
 -4.74656E+00  2.18175E-28  1.43679E+06  2.00000E-03  7.41113E-01
 -4.65298E+00  2.17906E-28  1.43561E+06  2.00000E-03  6.47224E-01
 -4.55940E+00  2.17869E-28  1.43545E+06  2.00000E-03  6.48319E-01
 -4.46582E+00  2.17823E-28  1.43525E+06  2.00000E-03  6.28639E-01
 -4.37224E+00  2.17636E-28  1.43445E+06  2.00000E-03  5.56665E-01
 -4.27866E+00  2.17626E-28  1.43441E+06  2.00000E-03  5.59882E-01
 -4.18508E+00  2.17581E-28  1.43422E+06  2.00000E-03  5.58312E-01
 -4.09150E+00  2.17483E-28  1.43381E+06  2.00000E-03  5.53628E-01
 -3.99792E+00  2.17478E-28  1.43379E+06  2.00000E-03  5.62436E-01
 -3.90434E+00  2.17495E-28  1.43388E+06  2.00000E-03  5.88588E-01
 -3.81076E+00  2.17494E-28  1.43390E+06  2.00000E-03  6.00331E-01
 -3.71718E+00  2.17519E-28  1.43402E+06  2.00000E-03  6.33333E-01
 -3.62360E+00  2.17584E-28  1.43432E+06  2.00000E-03  7.01871E-01
 -3.53002E+00  2.17608E-28  1.43443E+06  2.00000E-03  7.29428E-01
 -3.43644E+00  2.17647E-28  1.43461E+06  2.00000E-03  7.69512E-01
 -3.34286E+00  2.17746E-28  1.43505E+06  2.00000E-03  8.63752E-01
 -3.24928E+00  2.17772E-28  1.43517E+06  2.00000E-03  8.75960E-01
 -3.15570E+00  2.17843E-28  1.43547E+06  2.00000E-03  9.36286E-01
 -3.06212E+00  2.17937E-28  1.43587E+06  2.00000E-03  1.01218E+00
 -2.96854E+00  2.17976E-28  1.43604E+06  2.00000E-03  1.01868E+00
 -2.87496E+00  2.18086E-28  1.43649E+06  2.00000E-03  1.10758E+00
 -2.78138E+00  2.18172E-28  1.43681E+06  2.00000E-03  1.10689E+00
 -2.68780E+00  2.18258E-28  1.43718E+06  2.00000E-03  1.11718E+00
 -2.59422E+00  2.18275E-28  1.43724E+06  2.00000E-03  1.18668E+00
 -2.50065E+00  2.18269E-28  1.43721E+06  2.00000E-03  1.19103E+00
 -2.40707E+00  2.18271E-28  1.43722E+06  2.00000E-03  1.18738E+00
 -2.31349E+00  2.18229E-28  1.43703E+06  2.00000E-03  1.19056E+00
 -2.21991E+00  2.18238E-28  1.43706E+06  2.00000E-03  1.18424E+00
 -2.12633E+00  2.18177E-28  1.43677E+06  2.00000E-03  1.15075E+00
 -2.03275E+00  2.18086E-28  1.43636E+06  2.00000E-03  1.11832E+00
 -1.93917E+00  2.18035E-28  1.43614E+06  2.00000E-03  1.09189E+00
 -1.84559E+00  2.17839E-28  1.43527E+06  2.00000E-03  1.01192E+00
 -1.75201E+00  2.17810E-28  1.43513E+06  2.00000E-03  9.80118E-01
 -1.65843E+00  2.17620E-28  1.43430E+06  2.00000E-03  9.06766E-01
 -1.56485E+00  2.17284E-28  1.43282E+06  2.00000E-03  7.64139E-01
 -1.47127E+00  2.17251E-28  1.43267E+06  2.00000E-03  7.40354E-01
 -1.37769E+00  2.17004E-28  1.43159E+06  2.00000E-03  6.35012E-01
 -1.28411E+00  2.16730E-28  1.43038E+06  2.00000E-03  5.04212E-01
 -1.19053E+00  2.16742E-28  1.43042E+06  2.00000E-03  4.97923E-01
 -1.09695E+00  2.16500E-28  1.42934E+06  2.00000E-03  3.90797E-01
 -1.00337E+00  2.16366E-28  1.42873E+06  2.00000E-03  2.90811E-01
 -9.09788E-01  2.16271E-28  1.42832E+06  2.00000E-03  2.44767E-01
 -8.16208E-01  2.16134E-28  1.42772E+06  2.00000E-03  1.74712E-01
 -7.22628E-01  2.16072E-28  1.42745E+06  2.00000E-03  1.28464E-01
 -6.29048E-01  2.16068E-28  1.42743E+06  2.00000E-03  1.02090E-01
 -5.35468E-01  2.16077E-28  1.42748E+06  2.00000E-03  6.25935E-02
 -4.41888E-01  2.16064E-28  1.42743E+06  2.00000E-03  3.54484E-02
 -3.48309E-01  2.16153E-28  1.42782E+06  2.00000E-03  4.61824E-02
 -2.54729E-01  2.16279E-28  1.42839E+06  2.00000E-03  5.84783E-02
 -1.61149E-01  2.16339E-28  1.42866E+06  2.00000E-03  5.87643E-02
 -6.75690E-02  2.16582E-28  1.42973E+06  2.00000E-03  1.18732E-01
  2.60109E-02  2.16769E-28  1.43055E+06  2.00000E-03  1.55488E-01
  1.19591E-01  2.16959E-28  1.43140E+06  2.00000E-03  2.07833E-01
  2.13171E-01  2.17331E-28  1.43303E+06  2.00000E-03  3.37855E-01
  3.06750E-01  2.17483E-28  1.43370E+06  2.00000E-03  3.79809E-01
  4.00330E-01  2.17834E-28  1.43525E+06  2.00000E-03  4.91683E-01
  4.93910E-01  2.18187E-28  1.43679E+06  2.00000E-03  6.24260E-01
  5.87490E-01  2.18325E-28  1.43739E+06  2.00000E-03  6.61708E-01
  6.81070E-01  2.18801E-28  1.43949E+06  2.00000E-03  8.27318E-01
  7.74650E-01  2.18991E-28  1.44032E+06  2.00000E-03  9.03160E-01
  8.68230E-01  2.19106E-28  1.44082E+06  2.00000E-03  9.41070E-01
  9.61809E-01  2.19348E-28  1.44188E+06  2.00000E-03  1.02667E+00
  1.05539E+00  2.19393E-28  1.44206E+06  2.00000E-03  1.01859E+00
  1.14897E+00  2.19455E-28  1.44233E+06  2.00000E-03  1.05057E+00
  1.24255E+00  2.19579E-28  1.44287E+06  2.00000E-03  1.11225E+00
  1.33613E+00  2.19576E-28  1.44286E+06  2.00000E-03  1.11590E+00
  1.42971E+00  2.19456E-28  1.44233E+06  2.00000E-03  1.08532E+00
  1.52329E+00  2.19459E-28  1.44232E+06  2.00000E-03  1.07826E+00
  1.61687E+00  2.19418E-28  1.44215E+06  2.00000E-03  1.05941E+00
  1.71045E+00  2.19102E-28  1.44076E+06  2.00000E-03  9.25672E-01
  1.80403E+00  2.18764E-28  1.43927E+06  2.00000E-03  7.78309E-01
  1.89761E+00  2.18596E-28  1.43854E+06  2.00000E-03  7.08354E-01
  1.99119E+00  2.17605E-28  1.43418E+06  2.00000E-03  2.70368E-01
  2.08477E+00  2.17490E-28  1.43367E+06  2.00000E-03  1.94010E-01
  2.17835E+00  2.17097E-28  1.43195E+06  2.00000E-03  1.60714E-02
  2.27193E+00  2.16198E-28  1.42798E+06  2.00000E-03 -4.20691E-01
  2.36551E+00  2.16136E-28  1.42771E+06  2.00000E-03 -4.64537E-01
  2.45909E+00  2.15776E-28  1.42612E+06  2.00000E-03 -6.30477E-01
  2.55267E+00  2.15370E-28  1.42432E+06  2.00000E-03 -8.43859E-01
  2.64625E+00  2.15342E-28  1.42419E+06  2.00000E-03 -8.62445E-01
  2.73983E+00  2.15186E-28  1.42350E+06  2.00000E-03 -9.46825E-01
  2.83341E+00  2.15109E-28  1.42316E+06  2.00000E-03 -9.90774E-01
  2.92699E+00  2.15057E-28  1.42292E+06  2.00000E-03 -1.03276E+00
  3.02057E+00  2.15024E-28  1.42277E+06  2.00000E-03 -1.06068E+00
  3.11415E+00  2.14998E-28  1.42266E+06  2.00000E-03 -1.08290E+00
  3.20773E+00  2.15043E-28  1.42286E+06  2.00000E-03 -1.07425E+00
  3.30131E+00  2.15126E-28  1.42322E+06  2.00000E-03 -1.04757E+00
  3.39489E+00  2.15145E-28  1.42331E+06  2.00000E-03 -1.04398E+00
  3.48847E+00  2.15405E-28  1.42445E+06  2.00000E-03 -9.41986E-01
  3.58205E+00  2.15567E-28  1.42517E+06  2.00000E-03 -8.76108E-01
  3.67563E+00  2.15685E-28  1.42569E+06  2.00000E-03 -8.21914E-01
  3.76921E+00  2.16246E-28  1.42816E+06  2.00000E-03 -5.74068E-01
  3.86278E+00  2.16297E-28  1.42838E+06  2.00000E-03 -5.50594E-01
  3.95636E+00  2.16607E-28  1.42975E+06  2.00000E-03 -4.00337E-01
  4.04994E+00  2.17195E-28  1.43233E+06  2.00000E-03 -1.37580E-01
  4.14352E+00  2.17236E-28  1.43251E+06  2.00000E-03 -1.13932E-01
  4.23710E+00  2.17717E-28  1.43463E+06  2.00000E-03  1.36827E-01
  4.33068E+00  2.18161E-28  1.43658E+06  2.00000E-03  3.53340E-01
  4.42426E+00  2.18313E-28  1.43724E+06  2.00000E-03  4.38470E-01
  4.51784E+00  2.18840E-28  1.43956E+06  2.00000E-03  7.21115E-01
  4.61142E+00  2.19141E-28  1.44087E+06  2.00000E-03  8.79638E-01
  4.70500E+00  2.19340E-28  1.44175E+06  2.00000E-03  9.96690E-01
  4.79858E+00  2.19903E-28  1.44421E+06  2.00000E-03  1.32859E+00
  4.89216E+00  2.19935E-28  1.44435E+06  2.00000E-03  1.35807E+00
  4.98574E+00  2.20107E-28  1.44510E+06  2.00000E-03  1.46680E+00
  5.07932E+00  2.20562E-28  1.44709E+06  2.00000E-03  1.73338E+00
  5.17290E+00  2.20632E-28  1.44739E+06  2.00000E-03  1.77394E+00
  5.26648E+00  2.20908E-28  1.44860E+06  2.00000E-03  1.93936E+00
  5.36006E+00  2.21110E-28  1.44948E+06  2.00000E-03  2.06809E+00
  5.45364E+00  2.21119E-28  1.44952E+06  2.00000E-03  2.07634E+00
  5.54722E+00  2.21305E-28  1.45033E+06  2.00000E-03  2.17535E+00
  5.64080E+00  2.21327E-28  1.45042E+06  2.00000E-03  2.19276E+00
  5.73438E+00  2.21344E-28  1.45050E+06  2.00000E-03  2.19412E+00
  5.82796E+00  2.21343E-28  1.45049E+06  2.00000E-03  2.15533E+00
  5.92154E+00  2.21159E-28  1.44969E+06  2.00000E-03  2.06939E+00
  6.01512E+00  2.21119E-28  1.44951E+06  2.00000E-03  2.02431E+00
  6.10870E+00  2.20813E-28  1.44818E+06  2.00000E-03  1.81395E+00
  6.20228E+00  2.20657E-28  1.44749E+06  2.00000E-03  1.73040E+00
  6.29586E+00  2.20510E-28  1.44685E+06  2.00000E-03  1.59526E+00
  6.38944E+00  2.20239E-28  1.44566E+06  2.00000E-03  1.42116E+00
  6.48302E+00  2.20111E-28  1.44510E+06  2.00000E-03  1.34143E+00
  6.57660E+00  2.19807E-28  1.44377E+06  2.00000E-03  1.11152E+00
  6.67018E+00  2.19668E-28  1.44316E+06  2.00000E-03  1.02326E+00
  6.76376E+00  2.19478E-28  1.44233E+06  2.00000E-03  9.11702E-01
  6.85734E+00  2.19196E-28  1.44109E+06  2.00000E-03  6.79957E-01
  6.95092E+00  2.19061E-28  1.44050E+06  2.00000E-03  6.02361E-01
  7.04450E+00  2.18847E-28  1.43956E+06  2.00000E-03  4.63764E-01
  7.13808E+00  2.18514E-28  1.43809E+06  2.00000E-03  2.29279E-01
  7.23166E+00  2.18399E-28  1.43759E+06  2.00000E-03  1.64263E-01
  7.32524E+00  2.18100E-28  1.43627E+06  2.00000E-03 -3.50248E-02
  7.41882E+00  2.17939E-28  1.43557E+06  2.00000E-03 -1.50344E-01
  7.51240E+00  2.17811E-28  1.43500E+06  2.00000E-03 -2.21605E-01
  7.60598E+00  2.17607E-28  1.43411E+06  2.00000E-03 -3.51044E-01
  7.69956E+00  2.17586E-28  1.43402E+06  2.00000E-03 -3.64929E-01
  7.79314E+00  2.17514E-28  1.43370E+06  2.00000E-03 -3.93997E-01
  7.88672E+00  2.17488E-28  1.43359E+06  2.00000E-03 -3.85430E-01
  7.98030E+00  2.17488E-28  1.43358E+06  2.00000E-03 -3.80564E-01
  8.07388E+00  2.17486E-28  1.43358E+06  2.00000E-03 -3.37804E-01
  8.16746E+00  2.17494E-28  1.43361E+06  2.00000E-03 -2.89365E-01
  8.26104E+00  2.17491E-28  1.43360E+06  2.00000E-03 -2.78208E-01
  8.35462E+00  2.17443E-28  1.43339E+06  2.00000E-03 -2.36955E-01
  8.44820E+00  2.17398E-28  1.43319E+06  2.00000E-03 -2.19384E-01
  8.54178E+00  2.17342E-28  1.43294E+06  2.00000E-03 -2.25718E-01
  8.63536E+00  2.17091E-28  1.43185E+06  2.00000E-03 -2.71354E-01
  8.72894E+00  2.17013E-28  1.43150E+06  2.00000E-03 -2.89900E-01
  8.82252E+00  2.16835E-28  1.43072E+06  2.00000E-03 -3.51431E-01
  8.91610E+00  2.16571E-28  1.42956E+06  2.00000E-03 -4.44449E-01
  9.00968E+00  2.16419E-28  1.42889E+06  2.00000E-03 -5.05835E-01
  9.10326E+00  2.16254E-28  1.42817E+06  2.00000E-03 -5.78862E-01
  9.19684E+00  2.15821E-28  1.42626E+06  2.00000E-03 -7.77859E-01
  9.29042E+00  2.15767E-28  1.42603E+06  2.00000E-03 -8.03695E-01
  9.38400E+00  2.15377E-28  1.42430E+06  2.00000E-03 -9.90961E-01
  9.47758E+00  2.15034E-28  1.42279E+06  2.00000E-03 -1.16196E+00
  9.57116E+00  2.15008E-28  1.42268E+06  2.00000E-03 -1.17389E+00
  9.66474E+00  2.14852E-28  1.42199E+06  2.00000E-03 -1.24934E+00
  9.75832E+00  2.14684E-28  1.42125E+06  2.00000E-03 -1.32387E+00
  9.85190E+00  2.14785E-28  1.42170E+06  2.00000E-03 -1.29012E+00
  9.94548E+00  2.14816E-28  1.42183E+06  2.00000E-03 -1.27254E+00
  1.00391E+01  2.14744E-28  1.42151E+06  2.00000E-03 -1.29826E+00
  1.01326E+01  2.14865E-28  1.42205E+06  2.00000E-03 -1.25059E+00
  1.02262E+01  2.14954E-28  1.42244E+06  2.00000E-03 -1.22160E+00
  1.03198E+01  2.14836E-28  1.42192E+06  2.00000E-03 -1.26542E+00
  1.04134E+01  2.14876E-28  1.42209E+06  2.00000E-03 -1.27011E+00
  1.05070E+01  2.14859E-28  1.42201E+06  2.00000E-03 -1.29885E+00
  1.06005E+01  2.14681E-28  1.42123E+06  2.00000E-03 -1.38464E+00
  1.06941E+01  2.14582E-28  1.42079E+06  2.00000E-03 -1.50736E+00
  1.07877E+01  2.14546E-28  1.42063E+06  2.00000E-03 -1.56110E+00
  1.08813E+01  2.14266E-28  1.41939E+06  2.00000E-03 -1.77760E+00
  1.09749E+01  2.14149E-28  1.41887E+06  2.00000E-03 -1.90801E+00
  1.10684E+01  2.14016E-28  1.41829E+06  2.00000E-03 -1.96430E+00
  1.11620E+01  2.13735E-28  1.41704E+06  2.00000E-03 -2.20012E+00
  1.12556E+01  2.13694E-28  1.41686E+06  2.00000E-03 -2.26520E+00
  1.13492E+01  2.13627E-28  1.41657E+06  2.00000E-03 -2.30757E+00
  1.14428E+01  2.13624E-28  1.41655E+06  2.00000E-03 -2.35689E+00
  1.15363E+01  2.13631E-28  1.41658E+06  2.00000E-03 -2.36374E+00
  1.16299E+01  2.13750E-28  1.41711E+06  2.00000E-03 -2.30851E+00
  1.17235E+01  2.13938E-28  1.41794E+06  2.00000E-03 -2.21330E+00
  1.18171E+01  2.13972E-28  1.41809E+06  2.00000E-03 -2.19035E+00
  1.19107E+01  2.14283E-28  1.41947E+06  2.00000E-03 -2.00854E+00
  1.20042E+01  2.14592E-28  1.42083E+06  2.00000E-03 -1.81910E+00
  1.20978E+01  2.14668E-28  1.42116E+06  2.00000E-03 -1.77642E+00
  1.21914E+01  2.15112E-28  1.42312E+06  2.00000E-03 -1.51991E+00
  1.22850E+01  2.15320E-28  1.42404E+06  2.00000E-03 -1.38382E+00
  1.23786E+01  2.15445E-28  1.42459E+06  2.00000E-03 -1.31589E+00
  1.24721E+01  2.15766E-28  1.42601E+06  2.00000E-03 -1.13792E+00
  1.25657E+01  2.15864E-28  1.42644E+06  2.00000E-03 -1.07820E+00
  1.26593E+01  2.15940E-28  1.42678E+06  2.00000E-03 -1.04571E+00
  1.27529E+01  2.16131E-28  1.42761E+06  2.00000E-03 -9.65169E-01
  1.28465E+01  2.16152E-28  1.42771E+06  2.00000E-03 -9.63861E-01
  1.29400E+01  2.16214E-28  1.42798E+06  2.00000E-03 -9.59694E-01
  1.30336E+01  2.16202E-28  1.42793E+06  2.00000E-03 -9.88672E-01
  1.31272E+01  2.16178E-28  1.42782E+06  2.00000E-03 -1.02078E+00
  1.32208E+01  2.16168E-28  1.42778E+06  2.00000E-03 -1.06165E+00
  1.33144E+01  2.16133E-28  1.42762E+06  2.00000E-03 -1.11666E+00
  1.34079E+01  2.16097E-28  1.42746E+06  2.00000E-03 -1.16632E+00
  1.35015E+01  2.16031E-28  1.42717E+06  2.00000E-03 -1.25310E+00
  1.35951E+01  2.16020E-28  1.42712E+06  2.00000E-03 -1.28645E+00
  1.36887E+01  2.15971E-28  1.42690E+06  2.00000E-03 -1.36470E+00
  1.37822E+01  2.15939E-28  1.42676E+06  2.00000E-03 -1.43046E+00
  1.38758E+01  2.15977E-28  1.42693E+06  2.00000E-03 -1.42960E+00
  1.39694E+01  2.15946E-28  1.42679E+06  2.00000E-03 -1.50006E+00
  1.40630E+01  2.15961E-28  1.42686E+06  2.00000E-03 -1.51742E+00
  1.41566E+01  2.16062E-28  1.42731E+06  2.00000E-03 -1.47484E+00
  1.42501E+01  2.16092E-28  1.42744E+06  2.00000E-03 -1.50870E+00
  1.43437E+01  2.16110E-28  1.42752E+06  2.00000E-03 -1.49720E+00
  1.44373E+01  2.16234E-28  1.42806E+06  2.00000E-03 -1.44062E+00
  1.45309E+01  2.16285E-28  1.42829E+06  2.00000E-03 -1.44937E+00
  1.46245E+01  2.16296E-28  1.42833E+06  2.00000E-03 -1.45441E+00
  1.47180E+01  2.16382E-28  1.42871E+06  2.00000E-03 -1.45331E+00
  1.48116E+01  2.16459E-28  1.42905E+06  2.00000E-03 -1.42384E+00
  1.49052E+01  2.16491E-28  1.42919E+06  2.00000E-03 -1.40877E+00
  1.49988E+01  2.16611E-28  1.42972E+06  2.00000E-03 -1.35421E+00
  1.50924E+01  2.16641E-28  1.42985E+06  2.00000E-03 -1.33854E+00
  1.51859E+01  2.16675E-28  1.43000E+06  2.00000E-03 -1.31806E+00
  1.52795E+01  2.16766E-28  1.43040E+06  2.00000E-03 -1.26492E+00
  1.53731E+01  2.16776E-28  1.43045E+06  2.00000E-03 -1.25719E+00
  1.54667E+01  2.16862E-28  1.43082E+06  2.00000E-03 -1.21296E+00
  1.55603E+01  2.16902E-28  1.43100E+06  2.00000E-03 -1.17417E+00
  1.56538E+01  2.16896E-28  1.43097E+06  2.00000E-03 -1.17222E+00
  1.57474E+01  2.17134E-28  1.43202E+06  2.00000E-03 -1.05334E+00
  1.58410E+01  2.17089E-28  1.43182E+06  2.00000E-03 -1.03306E+00
  1.59346E+01  2.17129E-28  1.43200E+06  2.00000E-03 -1.01042E+00
  1.60282E+01  2.17493E-28  1.43360E+06  2.00000E-03 -7.98589E-01
  1.61217E+01  2.17492E-28  1.43359E+06  2.00000E-03 -7.51894E-01
  1.62153E+01  2.17616E-28  1.43414E+06  2.00000E-03 -6.82520E-01
  1.63089E+01  2.18107E-28  1.43629E+06  2.00000E-03 -3.77278E-01
  1.64025E+01  2.18136E-28  1.43642E+06  2.00000E-03 -3.26672E-01
  1.64961E+01  2.18404E-28  1.43760E+06  2.00000E-03 -1.86175E-01
  1.65896E+01  2.18664E-28  1.43874E+06  2.00000E-03 -3.63390E-02
  1.66832E+01  2.18659E-28  1.43872E+06  2.00000E-03 -1.94433E-02
  1.67768E+01  2.18825E-28  1.43945E+06  2.00000E-03  4.98910E-02
  1.68704E+01  2.18822E-28  1.43943E+06  2.00000E-03  4.93112E-02
  1.69640E+01  2.18746E-28  1.43910E+06  2.00000E-03  6.41516E-03
  1.70575E+01  2.18752E-28  1.43912E+06  2.00000E-03 -1.70270E-02
  1.71511E+01  2.18659E-28  1.43871E+06  2.00000E-03 -7.68789E-02
  1.72447E+01  2.18515E-28  1.43808E+06  2.00000E-03 -1.85173E-01
  1.73383E+01  2.18384E-28  1.43751E+06  2.00000E-03 -2.93156E-01
  1.74319E+01  2.18294E-28  1.43711E+06  2.00000E-03 -3.52532E-01
  1.75254E+01  2.17990E-28  1.43578E+06  2.00000E-03 -5.66887E-01
  1.76190E+01  2.17815E-28  1.43501E+06  2.00000E-03 -6.99103E-01
  1.77126E+01  2.17753E-28  1.43474E+06  2.00000E-03 -7.37998E-01
  1.78062E+01  2.17361E-28  1.43302E+06  2.00000E-03 -1.00795E+00
  1.78998E+01  2.17288E-28  1.43270E+06  2.00000E-03 -1.05906E+00
  1.79933E+01  2.17270E-28  1.43262E+06  2.00000E-03 -1.06023E+00
  1.80869E+01  2.17032E-28  1.43157E+06  2.00000E-03 -1.21198E+00
  1.81805E+01  2.17018E-28  1.43151E+06  2.00000E-03 -1.21843E+00
  1.82741E+01  2.16984E-28  1.43136E+06  2.00000E-03 -1.22139E+00
  1.83677E+01  2.16957E-28  1.43124E+06  2.00000E-03 -1.23647E+00
  1.84612E+01  2.16959E-28  1.43125E+06  2.00000E-03 -1.22621E+00
  1.85548E+01  2.16934E-28  1.43114E+06  2.00000E-03 -1.20829E+00
  1.86484E+01  2.16945E-28  1.43118E+06  2.00000E-03 -1.19260E+00
  1.87420E+01  2.16957E-28  1.43124E+06  2.00000E-03 -1.18879E+00
  1.88356E+01  2.16858E-28  1.43080E+06  2.00000E-03 -1.21785E+00
  1.89291E+01  2.16813E-28  1.43061E+06  2.00000E-03 -1.24066E+00
  1.90227E+01  2.16720E-28  1.43020E+06  2.00000E-03 -1.28476E+00
  1.91163E+01  2.16375E-28  1.42868E+06  2.00000E-03 -1.47720E+00
  1.92099E+01  2.16285E-28  1.42829E+06  2.00000E-03 -1.53183E+00
  1.93035E+01  2.15939E-28  1.42676E+06  2.00000E-03 -1.74041E+00
  1.93970E+01  2.15374E-28  1.42427E+06  2.00000E-03 -2.09594E+00
  1.94906E+01  2.15246E-28  1.42371E+06  2.00000E-03 -2.17783E+00
  1.95842E+01  2.14742E-28  1.42148E+06  2.00000E-03 -2.48813E+00
  1.96778E+01  2.14288E-28  1.41947E+06  2.00000E-03 -2.75409E+00
  1.97714E+01  2.14243E-28  1.41928E+06  2.00000E-03 -2.78005E+00
  1.98649E+01  2.13975E-28  1.41809E+06  2.00000E-03 -2.94513E+00
  1.99585E+01  2.13836E-28  1.41748E+06  2.00000E-03 -2.99909E+00
  2.00521E+01  2.13831E-28  1.41745E+06  2.00000E-03 -2.99268E+00
  2.01457E+01  2.13812E-28  1.41738E+06  2.00000E-03 -2.96309E+00
  2.02393E+01  2.13802E-28  1.41734E+06  2.00000E-03 -2.93427E+00
  2.03328E+01  2.13893E-28  1.41775E+06  2.00000E-03 -2.86585E+00
  2.04264E+01  2.14029E-28  1.41836E+06  2.00000E-03 -2.75662E+00
  2.05200E+01  2.14171E-28  1.41902E+06  2.00000E-03 -2.61672E+00
  2.06136E+01  2.14197E-28  1.41914E+06  2.00000E-03 -2.59082E+00
  2.07072E+01  2.14197E-28  1.41914E+06  2.00000E-03 -2.59082E+00
  2.08007E+01  2.14272E-28  1.41947E+06  2.00000E-03 -2.54352E+00
  2.08943E+01  2.14621E-28  1.42101E+06  2.00000E-03 -2.32100E+00
  2.09879E+01  2.14777E-28  1.42169E+06  2.00000E-03 -2.19089E+00
  2.10815E+01  2.14858E-28  1.42203E+06  2.00000E-03 -2.08584E+00
  2.11751E+01  2.14860E-28  1.42204E+06  2.00000E-03 -2.08342E+00
  2.12686E+01  2.14860E-28  1.42204E+06  2.00000E-03 -2.08342E+00
  2.13622E+01  2.15081E-28  1.42302E+06  2.00000E-03 -1.97000E+00
  2.14558E+01  2.15225E-28  1.42365E+06  2.00000E-03 -1.89675E+00
  2.15494E+01  2.15185E-28  1.42347E+06  2.00000E-03 -1.92327E+00
  2.16430E+01  2.15144E-28  1.42329E+06  2.00000E-03 -1.95039E+00
  2.17365E+01  2.15144E-28  1.42329E+06  2.00000E-03 -1.95039E+00
  2.18301E+01  2.15213E-28  1.42359E+06  2.00000E-03 -1.92241E+00
  2.19237E+01  2.15383E-28  1.42434E+06  2.00000E-03 -1.85452E+00
  2.20173E+01  2.15409E-28  1.42446E+06  2.00000E-03 -1.84398E+00
  2.21109E+01  2.15483E-28  1.42478E+06  2.00000E-03 -1.81327E+00
  2.22044E+01  2.15526E-28  1.42497E+06  2.00000E-03 -1.79522E+00
  2.22980E+01  2.15556E-28  1.42510E+06  2.00000E-03 -1.77657E+00
  2.23916E+01  2.15975E-28  1.42694E+06  2.00000E-03 -1.50249E+00
  2.24852E+01  2.16252E-28  1.42816E+06  2.00000E-03 -1.32231E+00
  2.25788E+01  2.16331E-28  1.42851E+06  2.00000E-03 -1.26839E+00
  2.26723E+01  2.16775E-28  1.43046E+06  2.00000E-03 -9.67404E-01
  2.27659E+01  2.16981E-28  1.43136E+06  2.00000E-03 -8.28339E-01
  2.28595E+01  2.17227E-28  1.43245E+06  2.00000E-03 -6.57031E-01
  2.29531E+01  2.17759E-28  1.43478E+06  2.00000E-03 -2.88678E-01
  2.30467E+01  2.17900E-28  1.43540E+06  2.00000E-03 -1.91656E-01
  2.31402E+01  2.17900E-28  1.43540E+06  2.00000E-03 -1.91656E-01
  2.32338E+01  2.18367E-28  1.43744E+06  2.00000E-03  1.09046E-01
  2.33274E+01  2.18526E-28  1.43814E+06  2.00000E-03  2.11267E-01
  2.34210E+01  2.18637E-28  1.43862E+06  2.00000E-03  2.73455E-01
  2.35146E+01  2.18693E-28  1.43887E+06  2.00000E-03  3.04981E-01
  2.36081E+01  2.18693E-28  1.43887E+06  2.00000E-03  3.04981E-01
  2.37017E+01  2.18721E-28  1.43899E+06  2.00000E-03  3.16975E-01
  2.37953E+01  2.18821E-28  1.43943E+06  2.00000E-03  3.59692E-01
  2.38889E+01  2.18779E-28  1.43925E+06  2.00000E-03  2.98140E-01
  2.39825E+01  2.18633E-28  1.43860E+06  2.00000E-03  1.82252E-01
  2.40760E+01  2.18613E-28  1.43851E+06  2.00000E-03  1.66495E-01
  2.41696E+01  2.18613E-28  1.43851E+06  2.00000E-03  1.66495E-01
  2.42632E+01  2.18596E-28  1.43844E+06  2.00000E-03  1.42545E-01
  2.43568E+01  2.18528E-28  1.43814E+06  2.00000E-03  6.35615E-02
  2.44504E+01  2.18232E-28  1.43684E+06  2.00000E-03 -1.64439E-01
  2.45439E+01  2.18069E-28  1.43612E+06  2.00000E-03 -2.87394E-01
  2.46375E+01  2.18069E-28  1.43612E+06  2.00000E-03 -2.87394E-01
  2.47311E+01  2.18138E-28  1.43642E+06  2.00000E-03 -2.39598E-01
  2.48247E+01  2.18149E-28  1.43648E+06  2.00000E-03 -2.36897E-01
  2.49183E+01  2.17916E-28  1.43545E+06  2.00000E-03 -4.40829E-01
  2.50118E+01  2.17731E-28  1.43464E+06  2.00000E-03 -5.95210E-01
  2.51054E+01  2.17732E-28  1.43464E+06  2.00000E-03 -5.94614E-01
  2.51990E+01  2.17731E-28  1.43464E+06  2.00000E-03 -5.95003E-01
  2.52926E+01  2.17731E-28  1.43464E+06  2.00000E-03 -5.95297E-01
  2.53862E+01  2.17694E-28  1.43447E+06  2.00000E-03 -6.31927E-01
  2.54797E+01  2.17666E-28  1.43435E+06  2.00000E-03 -6.86737E-01
  2.55733E+01  2.17666E-28  1.43435E+06  2.00000E-03 -7.01108E-01
  2.56669E+01  2.17668E-28  1.43436E+06  2.00000E-03 -6.99243E-01
  2.57605E+01  2.17667E-28  1.43435E+06  2.00000E-03 -7.00446E-01
  2.58541E+01  2.17666E-28  1.43435E+06  2.00000E-03 -7.00850E-01
  2.59476E+01  2.17661E-28  1.43433E+06  2.00000E-03 -7.18677E-01
  2.60412E+01  2.17662E-28  1.43433E+06  2.00000E-03 -7.41078E-01
  2.61348E+01  2.17663E-28  1.43434E+06  2.00000E-03 -7.43065E-01
  2.62284E+01  2.17659E-28  1.43432E+06  2.00000E-03 -7.45589E-01
  2.63220E+01  2.17671E-28  1.43437E+06  2.00000E-03 -7.37880E-01
  2.64155E+01  2.17664E-28  1.43434E+06  2.00000E-03 -7.44837E-01
  2.65091E+01  2.17516E-28  1.43369E+06  2.00000E-03 -8.69699E-01
  2.66027E+01  2.17403E-28  1.43319E+06  2.00000E-03 -9.39245E-01
  2.66963E+01  2.17403E-28  1.43319E+06  2.00000E-03 -9.39245E-01
  2.67899E+01  2.17403E-28  1.43319E+06  2.00000E-03 -9.39245E-01
  2.68834E+01  2.17393E-28  1.43315E+06  2.00000E-03 -9.49368E-01
  2.69770E+01  2.17322E-28  1.43283E+06  2.00000E-03 -1.01644E+00
  2.70706E+01  2.17141E-28  1.43204E+06  2.00000E-03 -1.15178E+00
  2.71642E+01  2.17053E-28  1.43166E+06  2.00000E-03 -1.20696E+00
  2.72577E+01  2.17042E-28  1.43161E+06  2.00000E-03 -1.21361E+00
  2.73513E+01  2.17042E-28  1.43161E+06  2.00000E-03 -1.21361E+00
  2.74449E+01  2.17022E-28  1.43152E+06  2.00000E-03 -1.22831E+00
  2.75385E+01  2.16977E-28  1.43133E+06  2.00000E-03 -1.25213E+00
  2.76321E+01  2.16914E-28  1.43106E+06  2.00000E-03 -1.25102E+00
  2.77256E+01  2.16868E-28  1.43087E+06  2.00000E-03 -1.24129E+00
  2.78192E+01  2.16868E-28  1.43087E+06  2.00000E-03 -1.24129E+00
  2.79128E+01  2.16868E-28  1.43087E+06  2.00000E-03 -1.24129E+00
  2.80064E+01  2.16868E-28  1.43087E+06  2.00000E-03 -1.24129E+00
  2.81000E+01  2.16868E-28  1.43087E+06  2.00000E-03 -1.24129E+00
  2.81935E+01  2.16868E-28  1.43087E+06  2.00000E-03 -1.24129E+00
  2.82871E+01  2.16868E-28  1.43087E+06  2.00000E-03 -1.24129E+00
  2.83807E+01  2.16868E-28  1.43087E+06  2.00000E-03 -1.24129E+00
  2.84743E+01  2.16936E-28  1.43117E+06  2.00000E-03 -1.18765E+00
  2.85679E+01  2.17028E-28  1.43157E+06  2.00000E-03 -1.11480E+00
  2.86614E+01  2.17028E-28  1.43157E+06  2.00000E-03 -1.11022E+00
  2.87550E+01  2.17002E-28  1.43145E+06  2.00000E-03 -1.08211E+00
  2.88486E+01  2.16980E-28  1.43134E+06  2.00000E-03 -1.05773E+00
  2.89422E+01  2.16980E-28  1.43134E+06  2.00000E-03 -1.05773E+00
  2.90358E+01  2.16980E-28  1.43134E+06  2.00000E-03 -1.05773E+00
  2.91293E+01  2.16980E-28  1.43134E+06  2.00000E-03 -1.05773E+00
  2.92229E+01  2.16980E-28  1.43134E+06  2.00000E-03 -1.05773E+00
  2.93165E+01  2.16980E-28  1.43134E+06  2.00000E-03 -1.05773E+00
  2.94101E+01  2.16980E-28  1.43134E+06  2.00000E-03 -1.05773E+00
  2.95037E+01  2.17047E-28  1.43164E+06  2.00000E-03 -1.00137E+00
  2.95972E+01  2.17122E-28  1.43196E+06  2.00000E-03 -9.39694E-01
  2.96908E+01  2.17122E-28  1.43196E+06  2.00000E-03 -9.39694E-01
  2.97844E+01  2.17121E-28  1.43196E+06  2.00000E-03 -9.33389E-01
  2.98780E+01  2.17118E-28  1.43194E+06  2.00000E-03 -8.68950E-01
  2.99716E+01  2.17118E-28  1.43194E+06  2.00000E-03 -8.56839E-01
  3.00651E+01  2.17118E-28  1.43194E+06  2.00000E-03 -8.56839E-01
  3.01587E+01  2.17118E-28  1.43194E+06  2.00000E-03 -8.56839E-01
  3.02523E+01  2.17118E-28  1.43194E+06  2.00000E-03 -8.56839E-01
  3.03459E+01  2.17118E-28  1.43194E+06  2.00000E-03 -8.56839E-01
  3.04395E+01  2.17118E-28  1.43194E+06  2.00000E-03 -8.56839E-01
  3.05330E+01  2.17198E-28  1.43230E+06  2.00000E-03 -7.87970E-01
  3.06266E+01  2.17280E-28  1.43266E+06  2.00000E-03 -7.17955E-01
  3.07202E+01  2.17280E-28  1.43266E+06  2.00000E-03 -7.17955E-01
  3.08138E+01  2.17280E-28  1.43266E+06  2.00000E-03 -7.17955E-01
  3.09074E+01  2.17268E-28  1.43260E+06  2.00000E-03 -7.11943E-01
  3.10009E+01  2.17244E-28  1.43249E+06  2.00000E-03 -7.00385E-01
  3.10945E+01  2.17241E-28  1.43248E+06  2.00000E-03 -6.98887E-01
  3.11881E+01  2.17241E-28  1.43248E+06  2.00000E-03 -6.98887E-01
  3.12817E+01  2.17241E-28  1.43248E+06  2.00000E-03 -6.98887E-01
  3.13753E+01  2.17241E-28  1.43248E+06  2.00000E-03 -6.98887E-01
  3.14688E+01  2.17241E-28  1.43248E+06  2.00000E-03 -6.98887E-01
  3.15624E+01  2.17335E-28  1.43290E+06  2.00000E-03 -6.20230E-01
  3.16560E+01  2.17424E-28  1.43329E+06  2.00000E-03 -5.46134E-01
  3.17496E+01  2.17424E-28  1.43329E+06  2.00000E-03 -5.46134E-01
  3.18432E+01  2.17424E-28  1.43329E+06  2.00000E-03 -5.46134E-01
  3.19367E+01  2.17424E-28  1.43329E+06  2.00000E-03 -5.46134E-01
  3.20303E+01  2.17449E-28  1.43340E+06  2.00000E-03 -5.41936E-01
  3.21239E+01  2.17475E-28  1.43351E+06  2.00000E-03 -5.37697E-01
  3.22175E+01  2.17480E-28  1.43353E+06  2.00000E-03 -5.36851E-01
  3.23111E+01  2.17480E-28  1.43353E+06  2.00000E-03 -5.36851E-01
  3.24046E+01  2.17480E-28  1.43353E+06  2.00000E-03 -5.36851E-01
  3.24982E+01  2.17481E-28  1.43354E+06  2.00000E-03 -5.36523E-01
  3.25918E+01  2.17519E-28  1.43371E+06  2.00000E-03 -5.08877E-01
  3.26854E+01  2.17549E-28  1.43384E+06  2.00000E-03 -4.89514E-01
  3.27790E+01  2.17547E-28  1.43383E+06  2.00000E-03 -4.90800E-01
  3.28725E+01  2.17551E-28  1.43385E+06  2.00000E-03 -4.86616E-01
  3.29661E+01  2.17543E-28  1.43382E+06  2.00000E-03 -4.95025E-01
  3.30597E+01  2.17576E-28  1.43396E+06  2.00000E-03 -4.79561E-01
  3.31533E+01  2.17697E-28  1.43449E+06  2.00000E-03 -4.14519E-01
  3.32469E+01  2.17784E-28  1.43487E+06  2.00000E-03 -3.69563E-01
  3.33404E+01  2.17781E-28  1.43486E+06  2.00000E-03 -3.71211E-01
  3.34340E+01  2.17784E-28  1.43487E+06  2.00000E-03 -3.69515E-01
  3.35276E+01  2.17781E-28  1.43486E+06  2.00000E-03 -3.71126E-01
  3.36212E+01  2.17806E-28  1.43497E+06  2.00000E-03 -3.52253E-01
  3.37148E+01  2.17824E-28  1.43504E+06  2.00000E-03 -3.39288E-01
  3.38083E+01  2.17815E-28  1.43500E+06  2.00000E-03 -3.45395E-01
  3.39019E+01  2.17815E-28  1.43501E+06  2.00000E-03 -3.44835E-01
  3.39955E+01  2.17810E-28  1.43498E+06  2.00000E-03 -3.48740E-01
  3.40891E+01  2.17793E-28  1.43491E+06  2.00000E-03 -3.60564E-01
  3.41827E+01  2.17842E-28  1.43512E+06  2.00000E-03 -3.31968E-01
  3.42762E+01  2.18044E-28  1.43601E+06  2.00000E-03 -2.23409E-01
  3.43698E+01  2.18135E-28  1.43641E+06  2.00000E-03 -1.72962E-01
  3.44634E+01  2.18141E-28  1.43643E+06  2.00000E-03 -1.69822E-01
  3.45570E+01  2.18122E-28  1.43635E+06  2.00000E-03 -1.81041E-01
  3.46506E+01  2.18115E-28  1.43632E+06  2.00000E-03 -1.86963E-01
  3.47441E+01  2.18109E-28  1.43629E+06  2.00000E-03 -1.91980E-01
  3.48377E+01  2.18109E-28  1.43629E+06  2.00000E-03 -1.91980E-01
  3.49313E+01  2.18109E-28  1.43629E+06  2.00000E-03 -1.91980E-01
  3.50249E+01  2.18109E-28  1.43629E+06  2.00000E-03 -1.91980E-01
  3.51185E+01  2.18109E-28  1.43629E+06  2.00000E-03 -1.91980E-01
  3.52120E+01  2.18109E-28  1.43629E+06  2.00000E-03 -1.91980E-01
  3.53056E+01  2.18125E-28  1.43636E+06  2.00000E-03 -1.86348E-01
