 -2.70923E+01  2.14838E-28  1.42202E+06  2.00000E-03  1.23641E+01
 -2.69987E+01  2.14856E-28  1.42210E+06  2.00000E-03  1.23524E+01
 -2.69052E+01  2.14841E-28  1.42204E+06  2.00000E-03  1.23620E+01
 -2.68116E+01  2.14777E-28  1.42175E+06  2.00000E-03  1.24031E+01
 -2.67180E+01  2.14770E-28  1.42172E+06  2.00000E-03  1.24073E+01
 -2.66244E+01  2.14692E-28  1.42138E+06  2.00000E-03  1.24820E+01
 -2.65308E+01  2.14686E-28  1.42135E+06  2.00000E-03  1.25396E+01
 -2.64373E+01  2.14715E-28  1.42148E+06  2.00000E-03  1.25948E+01
 -2.63437E+01  2.15181E-28  1.42355E+06  2.00000E-03  1.24274E+01
 -2.62501E+01  2.15930E-28  1.42685E+06  2.00000E-03  1.21547E+01
 -2.61565E+01  2.15930E-28  1.42685E+06  2.00000E-03  1.21547E+01
 -2.60629E+01  2.15930E-28  1.42685E+06  2.00000E-03  1.21547E+01
 -2.59694E+01  2.15930E-28  1.42685E+06  2.00000E-03  1.21547E+01
 -2.58758E+01  2.15930E-28  1.42685E+06  2.00000E-03  1.21547E+01
 -2.57822E+01  2.15930E-28  1.42685E+06  2.00000E-03  1.21547E+01
 -2.56886E+01  2.15930E-28  1.42685E+06  2.00000E-03  1.21547E+01
 -2.55950E+01  2.15930E-28  1.42685E+06  2.00000E-03  1.21547E+01
 -2.55015E+01  2.16357E-28  1.42874E+06  2.00000E-03  1.19814E+01
 -2.54079E+01  2.17523E-28  1.43388E+06  2.00000E-03  1.15104E+01
 -2.53143E+01  2.17523E-28  1.43388E+06  2.00000E-03  1.15104E+01
 -2.52207E+01  2.17523E-28  1.43388E+06  2.00000E-03  1.15104E+01
 -2.51271E+01  2.17523E-28  1.43388E+06  2.00000E-03  1.15104E+01
 -2.50336E+01  2.17523E-28  1.43388E+06  2.00000E-03  1.15104E+01
 -2.49400E+01  2.17616E-28  1.43429E+06  2.00000E-03  1.14840E+01
 -2.48464E+01  2.17799E-28  1.43509E+06  2.00000E-03  1.14320E+01
 -2.47528E+01  2.17933E-28  1.43568E+06  2.00000E-03  1.13939E+01
 -2.46592E+01  2.18349E-28  1.43752E+06  2.00000E-03  1.12564E+01
 -2.45657E+01  2.19405E-28  1.44215E+06  2.00000E-03  1.09068E+01
 -2.44721E+01  2.19405E-28  1.44215E+06  2.00000E-03  1.09068E+01
 -2.43785E+01  2.19405E-28  1.44215E+06  2.00000E-03  1.09068E+01
 -2.42849E+01  2.19405E-28  1.44215E+06  2.00000E-03  1.09068E+01
 -2.41913E+01  2.19405E-28  1.44215E+06  2.00000E-03  1.09068E+01
 -2.40978E+01  2.19405E-28  1.44215E+06  2.00000E-03  1.09068E+01
 -2.40042E+01  2.19405E-28  1.44215E+06  2.00000E-03  1.09068E+01
 -2.39106E+01  2.19405E-28  1.44215E+06  2.00000E-03  1.09068E+01
 -2.38170E+01  2.19453E-28  1.44237E+06  2.00000E-03  1.08998E+01
 -2.37234E+01  2.20422E-28  1.44662E+06  2.00000E-03  1.07604E+01
 -2.36299E+01  2.20455E-28  1.44677E+06  2.00000E-03  1.07556E+01
 -2.35363E+01  2.20455E-28  1.44677E+06  2.00000E-03  1.07556E+01
 -2.34427E+01  2.20455E-28  1.44677E+06  2.00000E-03  1.07556E+01
 -2.33491E+01  2.20470E-28  1.44683E+06  2.00000E-03  1.07558E+01
 -2.32556E+01  2.20589E-28  1.44736E+06  2.00000E-03  1.07575E+01
 -2.31620E+01  2.20709E-28  1.44788E+06  2.00000E-03  1.07592E+01
 -2.30684E+01  2.20743E-28  1.44803E+06  2.00000E-03  1.07597E+01
 -2.29748E+01  2.20770E-28  1.44815E+06  2.00000E-03  1.07708E+01
 -2.28812E+01  2.21305E-28  1.45050E+06  2.00000E-03  1.09940E+01
 -2.27877E+01  2.21322E-28  1.45057E+06  2.00000E-03  1.10014E+01
 -2.26941E+01  2.21322E-28  1.45057E+06  2.00000E-03  1.10014E+01
 -2.26005E+01  2.21322E-28  1.45057E+06  2.00000E-03  1.10014E+01
 -2.25069E+01  2.21322E-28  1.45057E+06  2.00000E-03  1.10014E+01
 -2.24133E+01  2.21322E-28  1.45057E+06  2.00000E-03  1.10014E+01
 -2.23198E+01  2.21322E-28  1.45057E+06  2.00000E-03  1.10014E+01
 -2.22262E+01  2.21322E-28  1.45057E+06  2.00000E-03  1.10014E+01
 -2.21326E+01  2.21334E-28  1.45063E+06  2.00000E-03  1.10409E+01
 -2.20390E+01  2.21525E-28  1.45152E+06  2.00000E-03  1.16708E+01
 -2.19454E+01  2.21403E-28  1.45099E+06  2.00000E-03  1.17923E+01
 -2.18519E+01  2.21244E-28  1.45030E+06  2.00000E-03  1.19066E+01
 -2.17583E+01  2.21293E-28  1.45051E+06  2.00000E-03  1.18713E+01
 -2.16647E+01  2.21265E-28  1.45039E+06  2.00000E-03  1.19001E+01
 -2.15711E+01  2.21274E-28  1.45043E+06  2.00000E-03  1.19768E+01
 -2.14775E+01  2.21276E-28  1.45045E+06  2.00000E-03  1.20185E+01
 -2.13840E+01  2.21225E-28  1.45022E+06  2.00000E-03  1.20759E+01
 -2.12904E+01  2.21088E-28  1.44963E+06  2.00000E-03  1.21777E+01
 -2.11968E+01  2.21066E-28  1.44953E+06  2.00000E-03  1.25851E+01
 -2.11032E+01  2.21059E-28  1.44950E+06  2.00000E-03  1.27085E+01
 -2.10096E+01  2.21059E-28  1.44950E+06  2.00000E-03  1.27085E+01
 -2.09161E+01  2.21059E-28  1.44950E+06  2.00000E-03  1.27085E+01
 -2.08225E+01  2.21014E-28  1.44931E+06  2.00000E-03  1.28800E+01
 -2.07289E+01  2.20928E-28  1.44893E+06  2.00000E-03  1.31660E+01
 -2.06353E+01  2.20946E-28  1.44901E+06  2.00000E-03  1.31722E+01
 -2.05417E+01  2.20960E-28  1.44907E+06  2.00000E-03  1.31668E+01
 -2.04482E+01  2.20958E-28  1.44906E+06  2.00000E-03  1.31715E+01
 -2.03546E+01  2.20771E-28  1.44824E+06  2.00000E-03  1.35691E+01
 -2.02610E+01  2.20712E-28  1.44798E+06  2.00000E-03  1.36936E+01
 -2.01674E+01  2.20712E-28  1.44798E+06  2.00000E-03  1.36936E+01
 -2.00738E+01  2.20712E-28  1.44798E+06  2.00000E-03  1.36936E+01
 -1.99803E+01  2.20689E-28  1.44788E+06  2.00000E-03  1.37815E+01
 -1.98867E+01  2.20475E-28  1.44696E+06  2.00000E-03  1.42123E+01
 -1.97931E+01  2.20475E-28  1.44696E+06  2.00000E-03  1.42263E+01
 -1.96995E+01  2.20475E-28  1.44696E+06  2.00000E-03  1.42263E+01
 -1.96059E+01  2.20471E-28  1.44694E+06  2.00000E-03  1.42326E+01
 -1.95124E+01  2.20230E-28  1.44590E+06  2.00000E-03  1.46658E+01
 -1.94188E+01  2.20097E-28  1.44533E+06  2.00000E-03  1.49047E+01
 -1.93252E+01  2.20100E-28  1.44534E+06  2.00000E-03  1.49083E+01
 -1.92316E+01  2.20136E-28  1.44550E+06  2.00000E-03  1.49558E+01
 -1.91380E+01  2.20090E-28  1.44530E+06  2.00000E-03  1.50333E+01
 -1.90445E+01  2.19804E-28  1.44407E+06  2.00000E-03  1.55881E+01
 -1.89509E+01  2.19765E-28  1.44391E+06  2.00000E-03  1.56970E+01
 -1.88573E+01  2.19768E-28  1.44392E+06  2.00000E-03  1.57000E+01
 -1.87637E+01  2.19773E-28  1.44394E+06  2.00000E-03  1.57053E+01
 -1.86701E+01  2.19571E-28  1.44308E+06  2.00000E-03  1.63121E+01
 -1.85766E+01  2.19469E-28  1.44265E+06  2.00000E-03  1.65950E+01
 -1.84830E+01  2.19476E-28  1.44268E+06  2.00000E-03  1.66152E+01
 -1.83894E+01  2.19476E-28  1.44268E+06  2.00000E-03  1.66152E+01
 -1.82958E+01  2.19475E-28  1.44265E+06  2.00000E-03  1.66002E+01
 -1.82022E+01  2.19326E-28  1.44204E+06  2.00000E-03  1.72246E+01
 -1.81087E+01  2.19317E-28  1.44201E+06  2.00000E-03  1.72781E+01
 -1.80151E+01  2.19317E-28  1.44201E+06  2.00000E-03  1.72781E+01
 -1.79215E+01  2.19317E-28  1.44201E+06  2.00000E-03  1.72781E+01
 -1.78279E+01  2.19326E-28  1.44208E+06  2.00000E-03  1.77047E+01
 -1.77343E+01  2.19335E-28  1.44216E+06  2.00000E-03  1.81501E+01
 -1.76408E+01  2.19335E-28  1.44216E+06  2.00000E-03  1.81501E+01
 -1.75472E+01  2.19378E-28  1.44229E+06  2.00000E-03  1.81225E+01
 -1.74536E+01  2.19469E-28  1.44257E+06  2.00000E-03  1.81524E+01
 -1.73600E+01  2.19823E-28  1.44390E+06  1.99999E-03  1.88944E+01
 -1.72664E+01  2.19916E-28  1.44426E+06  1.99998E-03  1.90242E+01
 -1.71729E+01  2.19916E-28  1.44426E+06  1.99998E-03  1.90242E+01
 -1.70793E+01  2.19916E-28  1.44426E+06  1.99998E-03  1.90242E+01
 -1.69857E+01  2.20020E-28  1.44517E+06  1.99994E-03  1.93012E+01
 -1.68921E+01  2.20304E-28  1.44765E+06  1.99981E-03  2.00552E+01
 -1.67985E+01  2.20304E-28  1.44765E+06  1.99981E-03  2.00552E+01
 -1.67050E+01  2.20338E-28  1.44833E+06  1.99976E-03  1.99613E+01
 -1.66114E+01  2.20358E-28  1.44949E+06  1.99931E-03  1.98303E+01
 -1.65178E+01  2.21023E-28  1.45053E+06  1.99761E-03  2.04399E+01
 -1.64242E+01  2.21275E-28  1.45036E+06  1.99712E-03  2.06240E+01
 -1.63306E+01  2.21374E-28  1.44983E+06  1.99678E-03  2.05804E+01
 -1.62371E+01  2.21374E-28  1.44983E+06  1.99678E-03  2.05804E+01
 -1.61435E+01  2.21823E-28  1.44788E+06  1.99578E-03  2.06968E+01
 -1.60499E+01  2.23840E-28  1.43773E+06  1.99104E-03  2.05794E+01
 -1.59563E+01  2.23606E-28  1.43911E+06  1.99167E-03  2.06971E+01
 -1.58627E+01  2.24487E-28  1.43525E+06  1.98949E-03  1.98371E+01
 -1.57692E+01  2.24299E-28  1.43891E+06  1.99037E-03  1.91402E+01
 -1.56756E+01  2.24941E-28  1.43744E+06  1.98874E-03  1.99382E+01
 -1.55820E+01  2.25143E-28  1.43638E+06  1.98816E-03  2.02744E+01
 -1.54884E+01  2.25456E-28  1.43461E+06  1.98724E-03  2.08853E+01
 -1.53948E+01  2.25618E-28  1.43460E+06  1.98670E-03  2.07952E+01
 -1.53013E+01  2.25969E-28  1.43308E+06  1.98563E-03  2.06504E+01
 -1.52077E+01  2.27598E-28  1.42360E+06  1.98078E-03  2.15940E+01
 -1.51141E+01  2.27126E-28  1.42715E+06  1.98256E-03  2.14579E+01
 -1.50205E+01  2.27499E-28  1.42586E+06  1.98166E-03  2.20311E+01
 -1.49269E+01  2.26863E-28  1.43150E+06  1.98426E-03  2.18637E+01
 -1.48334E+01  2.24962E-28  1.44654E+06  1.99137E-03  2.17308E+01
 -1.47398E+01  2.25488E-28  1.44342E+06  1.98983E-03  2.22069E+01
 -1.46462E+01  2.25256E-28  1.44800E+06  1.99146E-03  2.16936E+01
 -1.45526E+01  2.25907E-28  1.44579E+06  1.98986E-03  2.25707E+01
 -1.44590E+01  2.24511E-28  1.45716E+06  1.99471E-03  2.22636E+01
 -1.43655E+01  2.24838E-28  1.45598E+06  1.99400E-03  2.38338E+01
 -1.42719E+01  2.25169E-28  1.45414E+06  1.99314E-03  2.39504E+01
 -1.41783E+01  2.26909E-28  1.44333E+06  1.98872E-03  2.59873E+01
 -1.40847E+01  2.27006E-28  1.44287E+06  1.98810E-03  2.64638E+01
 -1.39911E+01  2.27563E-28  1.43871E+06  1.98660E-03  2.82462E+01
 -1.38976E+01  2.28747E-28  1.43188E+06  1.98442E-03  3.08601E+01
 -1.38040E+01  2.48224E-28  1.32105E+06  1.93918E-03  3.15008E+01
 -1.37104E+01  2.49622E-28  1.31280E+06  1.93684E-03  3.59090E+01
 -1.36168E+01  2.54093E-28  1.28887E+06  1.92669E-03  3.71175E+01
 -1.35232E+01  2.49472E-28  1.30763E+06  1.93621E-03  4.07370E+01
 -1.34297E+01  2.53207E-28  1.28700E+06  1.92834E-03  4.20178E+01
 -1.33361E+01  2.87787E-28  1.12612E+06  1.86047E-03  4.42722E+01
 -1.32425E+01  2.75627E-28  1.17315E+06  1.88583E-03  4.78217E+01
 -1.31489E+01  2.54902E-28  1.26606E+06  1.92538E-03  5.07077E+01
 -1.30553E+01  2.51950E-28  1.27511E+06  1.92772E-03  5.19872E+01
 -1.29618E+01  2.79147E-28  1.14551E+06  1.87202E-03  5.09718E+01
 -1.28682E+01  2.67504E-28  1.18906E+06  1.89147E-03  5.29269E+01
 -1.27746E+01  2.58992E-28  1.22487E+06  1.91162E-03  5.45310E+01
 -1.26810E+01  2.53914E-28  1.25522E+06  1.91648E-03  5.44795E+01
 -1.25874E+01  2.62072E-28  1.21440E+06  1.89587E-03  5.44327E+01
 -1.24939E+01  2.69565E-28  1.18320E+06  1.87775E-03  5.46026E+01
 -1.24003E+01  2.46811E-28  1.29088E+06  1.92247E-03  5.84903E+01
 -1.23067E+01  2.56175E-28  1.24850E+06  1.89709E-03  5.80473E+01
 -1.22131E+01  2.71627E-28  1.18376E+06  1.86029E-03  5.71649E+01
 -1.21195E+01  2.61375E-28  1.22463E+06  1.88063E-03  6.07820E+01
 -1.20260E+01  2.59814E-28  1.23612E+06  1.87504E-03  6.26396E+01
 -1.19324E+01  2.48913E-28  1.28759E+06  1.89899E-03  6.47539E+01
 -1.18388E+01  2.58009E-28  1.24459E+06  1.87124E-03  6.26930E+01
 -1.17452E+01  2.53032E-28  1.26759E+06  1.88428E-03  6.53619E+01
 -1.16516E+01  2.48029E-28  1.29204E+06  1.89666E-03  6.52129E+01
 -1.15581E+01  2.44779E-28  1.30982E+06  1.90468E-03  6.66594E+01
 -1.14645E+01  2.45903E-28  1.30250E+06  1.90052E-03  6.44293E+01
 -1.13709E+01  2.46717E-28  1.29457E+06  1.89701E-03  6.16990E+01
 -1.12773E+01  2.45179E-28  1.30157E+06  1.90245E-03  6.30033E+01
 -1.11837E+01  2.46150E-28  1.29335E+06  1.89648E-03  6.13943E+01
 -1.10902E+01  2.45244E-28  1.29715E+06  1.89819E-03  6.33690E+01
 -1.09966E+01  2.48131E-28  1.27888E+06  1.88853E-03  6.06667E+01
 -1.09030E+01  2.46812E-28  1.28378E+06  1.89403E-03  6.06330E+01
 -1.08094E+01  2.50302E-28  1.26308E+06  1.88705E-03  6.13767E+01
 -1.07158E+01  2.56786E-28  1.22623E+06  1.87199E-03  6.07052E+01
 -1.06223E+01  2.58970E-28  1.21520E+06  1.86743E-03  6.09647E+01
 -1.05287E+01  3.01634E-28  1.03531E+06  1.77780E-03  6.14156E+01
 -1.04351E+01  3.14309E-28  9.85798E+05  1.75866E-03  6.28475E+01
 -1.03415E+01  3.40139E-28  8.93536E+05  1.72072E-03  6.59555E+01
 -1.02480E+01  3.45273E-28  8.76233E+05  1.71439E-03  6.71830E+01
 -1.01544E+01  3.48086E-28  8.61776E+05  1.71086E-03  6.92818E+01
 -1.00608E+01  3.44045E-28  8.65976E+05  1.71357E-03  7.18867E+01
 -9.96721E+00  3.44222E-28  8.62952E+05  1.71290E-03  7.32822E+01
 -9.87363E+00  3.38979E-28  8.71227E+05  1.71593E-03  7.50040E+01
 -9.78005E+00  3.36280E-28  8.75865E+05  1.71713E-03  7.59084E+01
 -9.68647E+00  3.36611E-28  8.74320E+05  1.71684E-03  7.54240E+01
 -9.59289E+00  3.38934E-28  8.71566E+05  1.71631E-03  7.40358E+01
 -9.49931E+00  3.41563E-28  8.68603E+05  1.71522E-03  7.19759E+01
 -9.40573E+00  3.42476E-28  8.70129E+05  1.71556E-03  7.00507E+01
 -9.31215E+00  3.44881E-28  8.71054E+05  1.71595E-03  6.75880E+01
 -9.21857E+00  3.37060E-28  9.00415E+05  1.73114E-03  6.46987E+01
 -9.12499E+00  3.27254E-28  9.32489E+05  1.74916E-03  6.29421E+01
 -9.03141E+00  3.14589E-28  9.81212E+05  1.77349E-03  5.95503E+01
 -8.93783E+00  3.05296E-28  1.01988E+06  1.79070E-03  5.67081E+01
 -8.84425E+00  3.01602E-28  1.03990E+06  1.79964E-03  5.38674E+01
 -8.75067E+00  3.07459E-28  1.02240E+06  1.79272E-03  5.28256E+01
 -8.65709E+00  3.20199E-28  9.80541E+05  1.77512E-03  5.28836E+01
 -8.56351E+00  3.47036E-28  9.08786E+05  1.74092E-03  5.23942E+01
 -8.46993E+00  3.63746E-28  8.66830E+05  1.72400E-03  5.36605E+01
 -8.37635E+00  3.86667E-28  8.16818E+05  1.69809E-03  5.51602E+01
 -8.28277E+00  3.93463E-28  8.02281E+05  1.68734E-03  5.76133E+01
 -8.18919E+00  3.96593E-28  7.93623E+05  1.68185E-03  6.07188E+01
 -8.09561E+00  4.07657E-28  7.68516E+05  1.67012E-03  6.38844E+01
 -8.00203E+00  4.21703E-28  7.39625E+05  1.65755E-03  6.64155E+01
 -7.90845E+00  4.27476E-28  7.29150E+05  1.65306E-03  6.96332E+01
 -7.81487E+00  4.38259E-28  7.11511E+05  1.64658E-03  7.05346E+01
 -7.72129E+00  4.40653E-28  7.09940E+05  1.64629E-03  7.09582E+01
 -7.62771E+00  4.28007E-28  7.36512E+05  1.65949E-03  6.99463E+01
 -7.53413E+00  3.82021E-28  8.31771E+05  1.70399E-03  7.09907E+01
 -7.44056E+00  3.08223E-28  1.03822E+06  1.80306E-03  7.55650E+01
 -7.34698E+00  2.85839E-28  1.13081E+06  1.84780E-03  7.86353E+01
 -7.25340E+00  3.90720E-28  7.97426E+05  1.70430E-03  7.89972E+01
 -7.15982E+00  4.28947E-28  7.28746E+05  1.67958E-03  7.87303E+01
 -7.06624E+00  4.40413E-28  7.09605E+05  1.67126E-03  7.55249E+01
 -6.97266E+00  3.97683E-28  8.02844E+05  1.68667E-03  7.18298E+01
 -6.87908E+00  4.23018E-28  7.70629E+05  1.63678E-03  6.29512E+01
 -6.78550E+00  4.95123E-28  6.84488E+05  1.59132E-03  5.40295E+01
 -6.69192E+00  6.78174E-28  5.09988E+05  1.53837E-03  4.31056E+01
 -6.59834E+00  8.59613E-28  4.13353E+05  1.50756E-03  3.52426E+01
 -6.50476E+00  8.49575E-28  4.23295E+05  1.50676E-03  3.48983E+01
 -6.41118E+00  1.48179E-27  2.43311E+05  1.44501E-03  3.27487E+01
 -6.31760E+00  3.82465E-27  8.89776E+04  1.38682E-03  2.94228E+01
 -6.22402E+00  3.16025E-27  1.05046E+05  1.39359E-03  3.49327E+01
 -6.13044E+00  1.82270E-27  1.71210E+05  1.41103E-03  4.10342E+01
 -6.03686E+00  8.81488E-28  3.26452E+05  1.44884E-03  5.24903E+01
 -5.94328E+00  4.51978E-28  6.30200E+05  1.57350E-03  7.43006E+01
 -5.84970E+00  4.56265E-28  6.33957E+05  1.60972E-03  7.53465E+01
 -5.75612E+00  5.66401E-28  5.16415E+05  1.58329E-03  6.79237E+01
 -5.66254E+00  6.57043E-28  4.46695E+05  1.56855E-03  6.59208E+01
 -5.56896E+00  6.96676E-28  4.14666E+05  1.56519E-03  6.83746E+01
 -5.47538E+00  6.88934E-28  4.14363E+05  1.56702E-03  6.92901E+01
 -5.38180E+00  6.63440E-28  4.26694E+05  1.56667E-03  6.92211E+01
 -5.28822E+00  6.68019E-28  4.19315E+05  1.56595E-03  6.91658E+01
 -5.19464E+00  7.28309E-28  3.84229E+05  1.53643E-03  6.29103E+01
 -5.10106E+00  7.36366E-28  3.85127E+05  1.52621E-03  5.81788E+01
 -5.00748E+00  6.90215E-28  4.17734E+05  1.54306E-03  5.38814E+01
 -4.91390E+00  6.93706E-28  4.22006E+05  1.55663E-03  4.94849E+01
 -4.82032E+00  9.16901E-28  3.22103E+05  1.52047E-03  4.43709E+01
 -4.72674E+00  1.64530E-27  1.73954E+05  1.40356E-03  3.78952E+01
 -4.63316E+00  5.46678E-27  4.54803E+04  1.31310E-03  2.86409E+01
 -4.53958E+00  7.80696E-27  2.49754E+04  1.32371E-03  2.79853E+01
 -4.44600E+00  6.91644E-27  2.40965E+04  1.31430E-03  2.99159E+01
 -4.35242E+00  5.93962E-27  2.54070E+04  1.28374E-03  3.24880E+01
 -4.25884E+00  4.81794E-27  3.43107E+04  1.29181E-03  3.31665E+01
 -4.16526E+00  4.75791E-27  4.50475E+04  1.30584E-03  3.20609E+01
 -4.07168E+00  7.53332E-27  3.28435E+04  1.27233E-03  3.04815E+01
 -3.97810E+00  8.43406E-27  3.07588E+04  1.24780E-03  2.48248E+01
 -3.88452E+00  8.18604E-27  3.23050E+04  1.22911E-03  2.00073E+01
 -3.79094E+00  1.42812E-26  2.01448E+04  1.21362E-03  2.00373E+01
 -3.69736E+00  2.34681E-26  1.38967E+04  1.16189E-03  1.93881E+01
 -3.60378E+00  2.61917E-26  1.33991E+04  1.14218E-03  2.01649E+01
 -3.51020E+00  2.95839E-26  1.32989E+04  1.14479E-03  2.34858E+01
 -3.41662E+00  3.15038E-26  1.33631E+04  1.15864E-03  2.63537E+01
 -3.32304E+00  2.69975E-26  1.37772E+04  1.16373E-03  2.65710E+01
 -3.22946E+00  1.83277E-26  1.41835E+04  1.15582E-03  2.44888E+01
 -3.13588E+00  1.41924E-26  1.41067E+04  1.14215E-03  2.31589E+01
 -3.04230E+00  1.32333E-26  1.39962E+04  1.11943E-03  2.23894E+01
 -2.94872E+00  1.43014E-26  1.40000E+04  1.10102E-03  2.19955E+01
 -2.85514E+00  1.61454E-26  1.39814E+04  1.09520E-03  2.17702E+01
 -2.76156E+00  1.75055E-26  1.38766E+04  1.10602E-03  2.13170E+01
 -2.66798E+00  1.79750E-26  1.37881E+04  1.12553E-03  2.10938E+01
 -2.57440E+00  1.78412E-26  1.37750E+04  1.12109E-03  2.17505E+01
 -2.48082E+00  1.83844E-26  1.37992E+04  1.10814E-03  2.17585E+01
 -2.38724E+00  1.88265E-26  1.38910E+04  1.10036E-03  2.07213E+01
 -2.29366E+00  1.81909E-26  1.40008E+04  1.10978E-03  1.84024E+01
 -2.20008E+00  1.73972E-26  1.40569E+04  1.11952E-03  1.60315E+01
 -2.10650E+00  1.76594E-26  1.39979E+04  1.12499E-03  1.46996E+01
 -2.01292E+00  1.89855E-26  1.39240E+04  1.12888E-03  1.34432E+01
 -1.91934E+00  1.99521E-26  1.39780E+04  1.12752E-03  1.20790E+01
 -1.82576E+00  1.90737E-26  1.41850E+04  1.12652E-03  1.05646E+01
 -1.73218E+00  1.69500E-26  1.42887E+04  1.12958E-03  1.02685E+01
 -1.63860E+00  1.55080E-26  1.42408E+04  1.13092E-03  1.09684E+01
 -1.54502E+00  1.49118E-26  1.41653E+04  1.13010E-03  1.20515E+01
 -1.45144E+00  1.49360E-26  1.41438E+04  1.12751E-03  1.32603E+01
 -1.35786E+00  1.53251E-26  1.41557E+04  1.12418E-03  1.48995E+01
 -1.26428E+00  1.57526E-26  1.41855E+04  1.12005E-03  1.64831E+01
 -1.17070E+00  1.64656E-26  1.42127E+04  1.11561E-03  1.72853E+01
 -1.07713E+00  1.77569E-26  1.42114E+04  1.10793E-03  1.73088E+01
 -9.83545E-01  1.90885E-26  1.41503E+04  1.10638E-03  1.71459E+01
 -8.89965E-01  2.04943E-26  1.41146E+04  1.10937E-03  1.66493E+01
 -7.96385E-01  2.30637E-26  1.39891E+04  1.11378E-03  1.48154E+01
 -7.02806E-01  2.54454E-26  1.38091E+04  1.12681E-03  1.20866E+01
 -6.09226E-01  2.57114E-26  1.38324E+04  1.13003E-03  1.05570E+01
 -5.15646E-01  2.62114E-26  1.38872E+04  1.13330E-03  1.06512E+01
 -4.22066E-01  2.82490E-26  1.38741E+04  1.14219E-03  1.19141E+01
 -3.28486E-01  3.18460E-26  1.38340E+04  1.15447E-03  1.41460E+01
 -2.34906E-01  3.43030E-26  1.37571E+04  1.16583E-03  1.66362E+01
 -1.41326E-01  3.41879E-26  1.36992E+04  1.17073E-03  1.83212E+01
 -4.77466E-02  3.20085E-26  1.36776E+04  1.17002E-03  1.93011E+01
  4.58332E-02  2.95218E-26  1.36657E+04  1.15740E-03  1.95356E+01
  1.39413E-01  2.87418E-26  1.36696E+04  1.14062E-03  1.76478E+01
  2.32993E-01  3.02884E-26  1.36397E+04  1.13711E-03  1.49123E+01
  3.26573E-01  3.16734E-26  1.35610E+04  1.14352E-03  1.37268E+01
  4.20153E-01  3.03319E-26  1.35297E+04  1.14238E-03  1.53261E+01
  5.13732E-01  2.71225E-26  1.35724E+04  1.13741E-03  1.70605E+01
  6.07312E-01  2.44209E-26  1.36424E+04  1.13783E-03  1.71872E+01
  7.00892E-01  2.33905E-26  1.36960E+04  1.13684E-03  1.68865E+01
  7.94472E-01  2.31162E-26  1.36862E+04  1.13709E-03  1.68117E+01
  8.88052E-01  2.23385E-26  1.36259E+04  1.14178E-03  1.71084E+01
  9.81632E-01  2.11135E-26  1.36153E+04  1.14213E-03  1.72823E+01
  1.07521E+00  2.05867E-26  1.36539E+04  1.14284E-03  1.65067E+01
  1.16879E+00  2.05630E-26  1.37090E+04  1.14524E-03  1.47096E+01
  1.26237E+00  2.10540E-26  1.37772E+04  1.15512E-03  1.23229E+01
  1.35595E+00  2.16317E-26  1.38236E+04  1.15925E-03  1.09155E+01
  1.44953E+00  2.22778E-26  1.38300E+04  1.16420E-03  1.13115E+01
  1.54311E+00  2.34188E-26  1.37918E+04  1.17004E-03  1.39847E+01
  1.63669E+00  2.57143E-26  1.36989E+04  1.17121E-03  1.78709E+01
  1.73027E+00  2.84223E-26  1.35671E+04  1.17675E-03  2.03773E+01
  1.82385E+00  2.96530E-26  1.35000E+04  1.17335E-03  2.11658E+01
  1.91743E+00  2.87345E-26  1.35502E+04  1.15448E-03  2.17529E+01
  2.01101E+00  2.58679E-26  1.36632E+04  1.14470E-03  2.22062E+01
  2.10459E+00  2.30568E-26  1.37396E+04  1.16919E-03  2.28675E+01
  2.19817E+00  2.05969E-26  1.37961E+04  1.19494E-03  2.44693E+01
  2.29175E+00  1.74665E-26  1.37766E+04  1.18073E-03  2.68547E+01
  2.38533E+00  1.52844E-26  1.37182E+04  1.16193E-03  2.75797E+01
  2.47891E+00  1.37695E-26  1.38724E+04  1.16750E-03  2.66994E+01
  2.57249E+00  1.18436E-26  1.41699E+04  1.16067E-03  2.52407E+01
  2.66607E+00  1.14711E-26  1.42989E+04  1.16196E-03  2.24217E+01
  2.75965E+00  1.40416E-26  1.43175E+04  1.15514E-03  1.87253E+01
  2.85323E+00  1.71574E-26  1.40899E+04  1.13036E-03  1.84565E+01
  2.94681E+00  1.83195E-26  1.38718E+04  1.12715E-03  2.08670E+01
  3.04039E+00  1.78983E-26  1.37456E+04  1.14205E-03  2.34095E+01
  3.13397E+00  1.67615E-26  1.37268E+04  1.15672E-03  2.52113E+01
  3.22755E+00  1.50164E-26  1.37858E+04  1.16514E-03  2.62904E+01
  3.32113E+00  1.32455E-26  1.39183E+04  1.17273E-03  2.63587E+01
  3.41471E+00  1.20678E-26  1.40552E+04  1.18812E-03  2.62114E+01
  3.50829E+00  1.20698E-26  1.42026E+04  1.18752E-03  2.54490E+01
  3.60187E+00  1.30500E-26  1.42019E+04  1.18200E-03  2.33711E+01
  3.69545E+00  1.20306E-26  1.40322E+04  1.17219E-03  2.27861E+01
  3.78903E+00  1.02742E-26  1.43771E+04  1.15537E-03  2.18003E+01
  3.88261E+00  1.01656E-26  1.48586E+04  1.15329E-03  1.80332E+01
  3.97619E+00  1.03395E-26  1.47152E+04  1.16828E-03  1.53381E+01
  4.06977E+00  9.68381E-27  1.47443E+04  1.18313E-03  1.29536E+01
  4.16335E+00  8.74938E-27  1.49085E+04  1.18840E-03  1.03543E+01
  4.25693E+00  8.49728E-27  1.42483E+04  1.18218E-03  9.34344E+00
  4.35051E+00  8.42455E-27  1.36883E+04  1.17899E-03  9.91683E+00
  4.44409E+00  8.50141E-27  1.36231E+04  1.18059E-03  1.14601E+01
  4.53767E+00  9.48511E-27  1.38707E+04  1.17870E-03  1.29529E+01
  4.63125E+00  1.18621E-26  1.40868E+04  1.17591E-03  1.39613E+01
  4.72483E+00  1.46891E-26  1.38609E+04  1.17292E-03  1.50914E+01
  4.81841E+00  1.62307E-26  1.36599E+04  1.17029E-03  1.69340E+01
  4.91199E+00  1.61218E-26  1.37233E+04  1.16105E-03  1.84423E+01
  5.00557E+00  1.50963E-26  1.40057E+04  1.16301E-03  1.77312E+01
  5.09915E+00  1.44128E-26  1.42259E+04  1.16683E-03  1.47609E+01
  5.19273E+00  1.47602E-26  1.42656E+04  1.16637E-03  1.12821E+01
  5.28630E+00  1.13931E-26  1.79847E+04  1.20378E-03  5.99156E+00
  5.37988E+00  6.52215E-27  2.97418E+04  1.24427E-03  5.64474E-02
  5.47346E+00  3.09405E-27  6.30355E+04  1.29288E-03 -1.11569E+01
  5.56704E+00  2.21288E-27  8.93543E+04  1.29177E-03 -1.70923E+01
  5.66062E+00  1.50223E-27  1.27472E+05  1.30064E-03 -2.40641E+01
  5.75420E+00  1.18661E-27  1.56414E+05  1.31979E-03 -3.36218E+01
  5.84778E+00  1.26079E-27  1.49991E+05  1.31217E-03 -3.35589E+01
  5.94136E+00  1.25751E-27  1.51668E+05  1.30668E-03 -3.34063E+01
  6.03494E+00  1.17607E-27  1.59486E+05  1.30791E-03 -3.38327E+01
  6.12852E+00  1.19301E-27  1.51649E+05  1.30290E-03 -3.31332E+01
  6.22210E+00  1.20501E-27  1.45970E+05  1.29966E-03 -3.31757E+01
  6.31568E+00  1.34324E-27  1.25172E+05  1.29263E-03 -3.24675E+01
  6.40926E+00  1.48849E-27  1.10258E+05  1.28514E-03 -2.97904E+01
  6.50284E+00  1.59322E-27  1.05692E+05  1.28155E-03 -3.01577E+01
  6.59642E+00  1.82884E-27  9.55988E+04  1.27405E-03 -2.47745E+01
  6.69000E+00  2.02618E-27  9.61779E+04  1.27191E-03 -2.22413E+01
  6.78358E+00  2.54788E-27  8.80459E+04  1.27354E-03 -1.36462E+01
  6.87716E+00  4.74552E-27  4.89191E+04  1.25974E-03 -6.46349E+00
  6.97074E+00  5.71027E-27  4.29191E+04  1.25523E-03 -2.79075E+00
  7.06432E+00  5.41488E-27  4.66057E+04  1.25487E-03 -1.33853E+00
  7.15790E+00  4.82294E-27  5.29354E+04  1.25687E-03 -2.26855E-01
  7.25148E+00  3.76579E-27  6.94942E+04  1.26454E-03  1.42175E+00
  7.34506E+00  2.76938E-27  9.52625E+04  1.27382E-03  2.01566E+00
  7.43864E+00  1.72152E-27  1.52666E+05  1.29512E-03  3.58910E+00
  7.53222E+00  9.41059E-28  2.72647E+05  1.34885E-03  3.20904E+00
  7.62580E+00  7.62458E-28  3.31444E+05  1.38346E-03  3.21814E+00
  7.71938E+00  7.33435E-28  3.39943E+05  1.39114E-03  2.65886E+00
  7.81296E+00  8.41499E-28  2.89724E+05  1.36357E-03  8.97175E-01
  7.90654E+00  8.96116E-28  2.62870E+05  1.35166E-03  1.39854E-01
  8.00012E+00  9.06367E-28  2.52626E+05  1.35041E-03 -3.18463E+00
  8.09370E+00  8.78942E-28  2.49953E+05  1.35605E-03 -4.98111E+00
  8.18728E+00  8.61669E-28  2.46721E+05  1.35642E-03 -7.30569E+00
  8.28086E+00  9.28192E-28  2.27860E+05  1.34843E-03 -9.47030E+00
  8.37444E+00  1.32432E-27  1.67076E+05  1.32205E-03 -1.03241E+01
  8.46802E+00  1.57316E-27  1.46394E+05  1.31143E-03 -9.18661E+00
  8.56160E+00  1.35718E-27  1.81420E+05  1.32042E-03 -9.54031E+00
  8.65518E+00  1.05404E-27  2.48436E+05  1.33903E-03 -8.63400E+00
  8.74876E+00  1.07744E-27  2.51662E+05  1.33625E-03 -6.21794E+00
  8.84234E+00  1.24470E-27  2.26463E+05  1.32307E-03 -5.93398E+00
  8.93592E+00  1.35413E-27  2.14543E+05  1.30869E-03 -8.04872E+00
  9.02950E+00  1.06767E-27  2.83363E+05  1.34002E-03 -1.38490E+01
  9.12308E+00  8.24580E-28  3.69761E+05  1.38910E-03 -1.74089E+01
  9.21666E+00  6.41168E-28  4.72574E+05  1.45160E-03 -2.65559E+01
  9.31024E+00  6.68372E-28  4.50696E+05  1.43865E-03 -3.09823E+01
  9.40382E+00  6.52457E-28  4.60980E+05  1.44304E-03 -3.25108E+01
  9.49740E+00  6.12519E-28  4.94286E+05  1.46010E-03 -2.84612E+01
  9.59098E+00  6.01495E-28  5.07508E+05  1.47071E-03 -2.46953E+01
  9.68456E+00  5.90927E-28  5.18024E+05  1.48319E-03 -1.59856E+01
  9.77814E+00  6.44258E-28  4.76413E+05  1.46667E-03 -9.51378E+00
  9.87172E+00  6.79732E-28  4.52522E+05  1.46059E-03 -2.82329E+00
  9.96530E+00  6.63047E-28  4.66680E+05  1.46750E-03 -6.66788E-02
  1.00589E+01  7.27276E-28  4.30306E+05  1.44347E-03  6.62710E-01
  1.01525E+01  8.26127E-28  3.82265E+05  1.43044E-03 -1.60232E+00
  1.02460E+01  9.80531E-28  3.24602E+05  1.40629E-03 -4.80099E+00
  1.03396E+01  8.98722E-28  3.55182E+05  1.42983E-03 -6.80252E+00
  1.04332E+01  7.65701E-28  4.15681E+05  1.46800E-03 -6.48823E+00
  1.05268E+01  5.03663E-28  6.35978E+05  1.57950E-03 -6.69978E+00
  1.06204E+01  3.73504E-28  8.59196E+05  1.68585E-03 -8.97769E+00
  1.07139E+01  2.37287E-28  1.33950E+06  1.94509E-03 -1.20960E+01
  1.08075E+01  2.20960E-28  1.43297E+06  1.99634E-03 -1.28665E+01
  1.09011E+01  2.19886E-28  1.44208E+06  1.99871E-03 -1.43658E+01
  1.09947E+01  2.19741E-28  1.44631E+06  1.99978E-03 -1.50618E+01
  1.10883E+01  2.20071E-28  1.44721E+06  1.99995E-03 -1.56280E+01
  1.11818E+01  2.20741E-28  1.44929E+06  2.00000E-03 -1.56574E+01
  1.12754E+01  2.20872E-28  1.44989E+06  2.00000E-03 -1.56762E+01
  1.13690E+01  2.21357E-28  1.45185E+06  2.00000E-03 -1.55442E+01
  1.14626E+01  2.21489E-28  1.45228E+06  2.00000E-03 -1.57185E+01
  1.15562E+01  2.21804E-28  1.45329E+06  2.00000E-03 -1.60656E+01
  1.16497E+01  2.21937E-28  1.45367E+06  2.00000E-03 -1.62440E+01
  1.17433E+01  2.22094E-28  1.45434E+06  2.00000E-03 -1.63999E+01
  1.18369E+01  2.22299E-28  1.45522E+06  2.00000E-03 -1.66236E+01
  1.19305E+01  2.22345E-28  1.45541E+06  2.00000E-03 -1.68820E+01
  1.20241E+01  2.22430E-28  1.45576E+06  2.00000E-03 -1.71196E+01
  1.21176E+01  2.22429E-28  1.45575E+06  2.00000E-03 -1.73412E+01
  1.22112E+01  2.22454E-28  1.45584E+06  2.00000E-03 -1.80565E+01
  1.23048E+01  2.22420E-28  1.45569E+06  2.00000E-03 -1.81614E+01
  1.23984E+01  2.22389E-28  1.45555E+06  2.00000E-03 -1.84939E+01
  1.24920E+01  2.22359E-28  1.45541E+06  2.00000E-03 -1.87271E+01
  1.25855E+01  2.22244E-28  1.45492E+06  2.00000E-03 -1.89067E+01
  1.26791E+01  2.22090E-28  1.45424E+06  2.00000E-03 -1.93160E+01
  1.27727E+01  2.22029E-28  1.45398E+06  2.00000E-03 -1.94026E+01
  1.28663E+01  2.21777E-28  1.45290E+06  2.00000E-03 -2.00363E+01
  1.29599E+01  2.21690E-28  1.45252E+06  2.00000E-03 -2.01863E+01
  1.30534E+01  2.21428E-28  1.45139E+06  2.00000E-03 -2.05556E+01
  1.31470E+01  2.21330E-28  1.45096E+06  2.00000E-03 -2.05869E+01
  1.32406E+01  2.21158E-28  1.45022E+06  2.00000E-03 -2.08756E+01
  1.33342E+01  2.21001E-28  1.44955E+06  2.00000E-03 -2.10471E+01
  1.34278E+01  2.20913E-28  1.44916E+06  2.00000E-03 -2.11933E+01
  1.35213E+01  2.20764E-28  1.44850E+06  2.00000E-03 -2.13447E+01
  1.36149E+01  2.20756E-28  1.44846E+06  2.00000E-03 -2.13320E+01
  1.37085E+01  2.20644E-28  1.44795E+06  2.00000E-03 -2.14601E+01
  1.38021E+01  2.20658E-28  1.44800E+06  2.00000E-03 -2.13897E+01
  1.38957E+01  2.20646E-28  1.44792E+06  2.00000E-03 -2.13364E+01
  1.39892E+01  2.20663E-28  1.44799E+06  2.00000E-03 -2.12637E+01
  1.40828E+01  2.20649E-28  1.44790E+06  2.00000E-03 -2.12960E+01
  1.41764E+01  2.20679E-28  1.44802E+06  2.00000E-03 -2.12823E+01
  1.42700E+01  2.20726E-28  1.44822E+06  2.00000E-03 -2.12036E+01
  1.43636E+01  2.20788E-28  1.44848E+06  2.00000E-03 -2.10298E+01
  1.44571E+01  2.20807E-28  1.44857E+06  2.00000E-03 -2.10166E+01
  1.45507E+01  2.20877E-28  1.44888E+06  2.00000E-03 -2.09011E+01
  1.46443E+01  2.20934E-28  1.44912E+06  2.00000E-03 -2.07837E+01
  1.47379E+01  2.21036E-28  1.44958E+06  2.00000E-03 -2.06070E+01
  1.48315E+01  2.21114E-28  1.44993E+06  2.00000E-03 -2.05035E+01
  1.49250E+01  2.21144E-28  1.45006E+06  2.00000E-03 -2.04760E+01
  1.50186E+01  2.21275E-28  1.45064E+06  2.00000E-03 -2.01973E+01
  1.51122E+01  2.21305E-28  1.45077E+06  2.00000E-03 -2.01174E+01
  1.52058E+01  2.21415E-28  1.45125E+06  2.00000E-03 -1.98504E+01
  1.52993E+01  2.21417E-28  1.45126E+06  2.00000E-03 -1.98455E+01
  1.53929E+01  2.21451E-28  1.45140E+06  2.00000E-03 -1.96786E+01
  1.54865E+01  2.21457E-28  1.45143E+06  2.00000E-03 -1.95721E+01
  1.55801E+01  2.21412E-28  1.45123E+06  2.00000E-03 -1.94856E+01
  1.56737E+01  2.21374E-28  1.45107E+06  2.00000E-03 -1.94353E+01
  1.57672E+01  2.21308E-28  1.45078E+06  2.00000E-03 -1.94152E+01
  1.58608E+01  2.21057E-28  1.44969E+06  2.00000E-03 -1.93361E+01
  1.59544E+01  2.21044E-28  1.44963E+06  2.00000E-03 -1.93553E+01
  1.60480E+01  2.20986E-28  1.44938E+06  2.00000E-03 -1.94421E+01
  1.61416E+01  2.20878E-28  1.44892E+06  2.00000E-03 -1.96059E+01
  1.62351E+01  2.20435E-28  1.44693E+06  2.00000E-03 -1.96059E+01
  1.63287E+01  2.20183E-28  1.44581E+06  2.00000E-03 -1.95402E+01
  1.64223E+01  2.20081E-28  1.44537E+06  2.00000E-03 -1.94667E+01
  1.65159E+01  2.20074E-28  1.44534E+06  2.00000E-03 -1.94614E+01
  1.66095E+01  2.19989E-28  1.44497E+06  2.00000E-03 -1.94519E+01
  1.67030E+01  2.19718E-28  1.44377E+06  2.00000E-03 -1.94216E+01
  1.67966E+01  2.19718E-28  1.44377E+06  2.00000E-03 -1.94216E+01
  1.68902E+01  2.19718E-28  1.44377E+06  2.00000E-03 -1.94216E+01
  1.69838E+01  2.19718E-28  1.44377E+06  2.00000E-03 -1.94216E+01
  1.70774E+01  2.19645E-28  1.44344E+06  2.00000E-03 -1.91723E+01
  1.71709E+01  2.19635E-28  1.44339E+06  2.00000E-03 -1.89460E+01
  1.72645E+01  2.19649E-28  1.44345E+06  2.00000E-03 -1.88243E+01
  1.73581E+01  2.19652E-28  1.44347E+06  2.00000E-03 -1.88017E+01
  1.74517E+01  2.19665E-28  1.44352E+06  2.00000E-03 -1.87678E+01
  1.75453E+01  2.19792E-28  1.44407E+06  2.00000E-03 -1.84494E+01
  1.76388E+01  2.19809E-28  1.44414E+06  2.00000E-03 -1.84051E+01
  1.77324E+01  2.19809E-28  1.44414E+06  2.00000E-03 -1.84051E+01
  1.78260E+01  2.19818E-28  1.44418E+06  2.00000E-03 -1.83841E+01
  1.79196E+01  2.20022E-28  1.44506E+06  2.00000E-03 -1.79637E+01
  1.80132E+01  2.20207E-28  1.44586E+06  2.00000E-03 -1.75787E+01
  1.81067E+01  2.20242E-28  1.44602E+06  2.00000E-03 -1.74965E+01
  1.82003E+01  2.20261E-28  1.44610E+06  2.00000E-03 -1.75367E+01
  1.82939E+01  2.20285E-28  1.44620E+06  2.00000E-03 -1.74989E+01
  1.83875E+01  2.20400E-28  1.44670E+06  2.00000E-03 -1.72082E+01
  1.84811E+01  2.20416E-28  1.44677E+06  2.00000E-03 -1.71739E+01
  1.85746E+01  2.20417E-28  1.44677E+06  2.00000E-03 -1.71792E+01
  1.86682E+01  2.20421E-28  1.44679E+06  2.00000E-03 -1.71665E+01
  1.87618E+01  2.20459E-28  1.44695E+06  2.00000E-03 -1.69549E+01
  1.88554E+01  2.20480E-28  1.44703E+06  2.00000E-03 -1.66608E+01
  1.89490E+01  2.20487E-28  1.44706E+06  2.00000E-03 -1.66178E+01
  1.90425E+01  2.20487E-28  1.44706E+06  2.00000E-03 -1.66178E+01
  1.91361E+01  2.20475E-28  1.44701E+06  2.00000E-03 -1.65980E+01
  1.92297E+01  2.20396E-28  1.44665E+06  2.00000E-03 -1.64685E+01
  1.93233E+01  2.20373E-28  1.44655E+06  2.00000E-03 -1.64313E+01
  1.94169E+01  2.20373E-28  1.44655E+06  2.00000E-03 -1.64313E+01
  1.95104E+01  2.20378E-28  1.44657E+06  2.00000E-03 -1.64058E+01
  1.96040E+01  2.20369E-28  1.44653E+06  2.00000E-03 -1.61759E+01
  1.96976E+01  2.20276E-28  1.44611E+06  2.00000E-03 -1.59406E+01
  1.97912E+01  2.20285E-28  1.44615E+06  2.00000E-03 -1.58922E+01
  1.98848E+01  2.20285E-28  1.44615E+06  2.00000E-03 -1.58922E+01
  1.99783E+01  2.20278E-28  1.44612E+06  2.00000E-03 -1.58866E+01
  2.00719E+01  2.20153E-28  1.44556E+06  2.00000E-03 -1.57762E+01
  2.01655E+01  2.20115E-28  1.44539E+06  2.00000E-03 -1.57419E+01
  2.02591E+01  2.20115E-28  1.44539E+06  2.00000E-03 -1.57417E+01
  2.03527E+01  2.20132E-28  1.44546E+06  2.00000E-03 -1.56341E+01
  2.04462E+01  2.20129E-28  1.44545E+06  2.00000E-03 -1.55023E+01
  2.05398E+01  2.19964E-28  1.44470E+06  2.00000E-03 -1.53149E+01
  2.06334E+01  2.19962E-28  1.44470E+06  2.00000E-03 -1.53143E+01
  2.07270E+01  2.19962E-28  1.44470E+06  2.00000E-03 -1.53143E+01
  2.08206E+01  2.19900E-28  1.44443E+06  2.00000E-03 -1.53484E+01
  2.09141E+01  2.19683E-28  1.44347E+06  2.00000E-03 -1.53396E+01
  2.10077E+01  2.19602E-28  1.44312E+06  2.00000E-03 -1.53207E+01
  2.11013E+01  2.19556E-28  1.44291E+06  2.00000E-03 -1.53582E+01
  2.11949E+01  2.19468E-28  1.44252E+06  2.00000E-03 -1.52645E+01
  2.12885E+01  2.19307E-28  1.44181E+06  2.00000E-03 -1.52553E+01
  2.13820E+01  2.18337E-28  1.43757E+06  2.00000E-03 -1.54946E+01
  2.14756E+01  2.18127E-28  1.43664E+06  2.00000E-03 -1.56759E+01
  2.15692E+01  2.18127E-28  1.43664E+06  2.00000E-03 -1.56759E+01
  2.16628E+01  2.18127E-28  1.43664E+06  2.00000E-03 -1.56759E+01
  2.17564E+01  2.18127E-28  1.43664E+06  2.00000E-03 -1.56759E+01
  2.18499E+01  2.18127E-28  1.43664E+06  2.00000E-03 -1.56759E+01
  2.19435E+01  2.18127E-28  1.43664E+06  2.00000E-03 -1.56759E+01
  2.20371E+01  2.18127E-28  1.43664E+06  2.00000E-03 -1.56759E+01
  2.21307E+01  2.18092E-28  1.43649E+06  2.00000E-03 -1.56713E+01
  2.22243E+01  2.17570E-28  1.43413E+06  2.00000E-03 -1.56030E+01
  2.23178E+01  2.17568E-28  1.43412E+06  2.00000E-03 -1.56028E+01
  2.24114E+01  2.17568E-28  1.43412E+06  2.00000E-03 -1.56028E+01
  2.25050E+01  2.17568E-28  1.43412E+06  2.00000E-03 -1.56028E+01
  2.25986E+01  2.17568E-28  1.43412E+06  2.00000E-03 -1.56028E+01
  2.26922E+01  2.17568E-28  1.43412E+06  2.00000E-03 -1.56028E+01
  2.27857E+01  2.17568E-28  1.43412E+06  2.00000E-03 -1.56028E+01
  2.28793E+01  2.17453E-28  1.43361E+06  2.00000E-03 -1.55247E+01
  2.29729E+01  2.17293E-28  1.43290E+06  2.00000E-03 -1.53731E+01
  2.30665E+01  2.17582E-28  1.43416E+06  2.00000E-03 -1.46729E+01
  2.31601E+01  2.17598E-28  1.43423E+06  2.00000E-03 -1.46433E+01
  2.32536E+01  2.17598E-28  1.43424E+06  2.00000E-03 -1.46433E+01
  2.33472E+01  2.17598E-28  1.43423E+06  2.00000E-03 -1.46433E+01
  2.34408E+01  2.17598E-28  1.43424E+06  2.00000E-03 -1.46433E+01
  2.35344E+01  2.17598E-28  1.43424E+06  2.00000E-03 -1.46433E+01
  2.36280E+01  2.17598E-28  1.43424E+06  2.00000E-03 -1.46433E+01
  2.37215E+01  2.17598E-28  1.43423E+06  2.00000E-03 -1.46433E+01
  2.38151E+01  2.17619E-28  1.43432E+06  2.00000E-03 -1.46110E+01
  2.39087E+01  2.17977E-28  1.43588E+06  2.00000E-03 -1.40460E+01
  2.40023E+01  2.18064E-28  1.43626E+06  2.00000E-03 -1.39076E+01
  2.40959E+01  2.18064E-28  1.43626E+06  2.00000E-03 -1.39076E+01
  2.41894E+01  2.18064E-28  1.43626E+06  2.00000E-03 -1.39076E+01
  2.42830E+01  2.18064E-28  1.43626E+06  2.00000E-03 -1.39076E+01
  2.43766E+01  2.18064E-28  1.43626E+06  2.00000E-03 -1.39076E+01
  2.44702E+01  2.18061E-28  1.43624E+06  2.00000E-03 -1.37491E+01
  2.45638E+01  2.18058E-28  1.43623E+06  2.00000E-03 -1.36539E+01
  2.46573E+01  2.18055E-28  1.43621E+06  2.00000E-03 -1.34888E+01
  2.47509E+01  2.17972E-28  1.43584E+06  2.00000E-03 -1.33330E+01
  2.48445E+01  2.17933E-28  1.43567E+06  2.00000E-03 -1.32587E+01
  2.49381E+01  2.17933E-28  1.43567E+06  2.00000E-03 -1.32587E+01
  2.50317E+01  2.17933E-28  1.43567E+06  2.00000E-03 -1.32587E+01
  2.51252E+01  2.17933E-28  1.43567E+06  2.00000E-03 -1.32587E+01
  2.52188E+01  2.17933E-28  1.43567E+06  2.00000E-03 -1.32587E+01
  2.53124E+01  2.17933E-28  1.43567E+06  2.00000E-03 -1.32587E+01
  2.54060E+01  2.17933E-28  1.43567E+06  2.00000E-03 -1.32587E+01
  2.54996E+01  2.17933E-28  1.43567E+06  2.00000E-03 -1.32587E+01
  2.55931E+01  2.17597E-28  1.43418E+06  2.00000E-03 -1.32896E+01
  2.56867E+01  2.17425E-28  1.43342E+06  2.00000E-03 -1.33054E+01
  2.57803E+01  2.17425E-28  1.43342E+06  2.00000E-03 -1.33054E+01
  2.58739E+01  2.17425E-28  1.43342E+06  2.00000E-03 -1.33054E+01
  2.59675E+01  2.17425E-28  1.43342E+06  2.00000E-03 -1.33054E+01
  2.60610E+01  2.17425E-28  1.43342E+06  2.00000E-03 -1.33054E+01
  2.61546E+01  2.17376E-28  1.43320E+06  2.00000E-03 -1.32198E+01
  2.62482E+01  2.17196E-28  1.43241E+06  2.00000E-03 -1.32293E+01
  2.63418E+01  2.17025E-28  1.43166E+06  2.00000E-03 -1.32394E+01
  2.64354E+01  2.16874E-28  1.43098E+06  2.00000E-03 -1.31553E+01
  2.65289E+01  2.16806E-28  1.43068E+06  2.00000E-03 -1.30884E+01
  2.66225E+01  2.16781E-28  1.43057E+06  2.00000E-03 -1.31048E+01
  2.67161E+01  2.16742E-28  1.43040E+06  2.00000E-03 -1.31300E+01
  2.68097E+01  2.16686E-28  1.43015E+06  2.00000E-03 -1.31664E+01
  2.69033E+01  2.16686E-28  1.43015E+06  2.00000E-03 -1.31664E+01
  2.69968E+01  2.16686E-28  1.43015E+06  2.00000E-03 -1.31664E+01
  2.70904E+01  2.16686E-28  1.43015E+06  2.00000E-03 -1.31664E+01
  2.71840E+01  2.16686E-28  1.43015E+06  2.00000E-03 -1.31664E+01
  2.72776E+01  2.16825E-28  1.43076E+06  2.00000E-03 -1.28940E+01
