 -2.70923E+01  2.18126E-28  1.43636E+06  2.00000E-03  9.00051E-01
 -2.69987E+01  2.18136E-28  1.43641E+06  2.00000E-03  8.94980E-01
 -2.69052E+01  2.18128E-28  1.43637E+06  2.00000E-03  8.99158E-01
 -2.68116E+01  2.18093E-28  1.43622E+06  2.00000E-03  9.16978E-01
 -2.67180E+01  2.18089E-28  1.43620E+06  2.00000E-03  9.18787E-01
 -2.66244E+01  2.18049E-28  1.43603E+06  2.00000E-03  9.41341E-01
 -2.65308E+01  2.18052E-28  1.43604E+06  2.00000E-03  9.44596E-01
 -2.64373E+01  2.18076E-28  1.43614E+06  2.00000E-03  9.39094E-01
 -2.63437E+01  2.18046E-28  1.43601E+06  2.00000E-03  9.74484E-01
 -2.62501E+01  2.17995E-28  1.43579E+06  2.00000E-03  1.03198E+00
 -2.61565E+01  2.17995E-28  1.43579E+06  2.00000E-03  1.03198E+00
 -2.60629E+01  2.17995E-28  1.43579E+06  2.00000E-03  1.03198E+00
 -2.59694E+01  2.17995E-28  1.43579E+06  2.00000E-03  1.03198E+00
 -2.58758E+01  2.17995E-28  1.43579E+06  2.00000E-03  1.03198E+00
 -2.57822E+01  2.17995E-28  1.43579E+06  2.00000E-03  1.03198E+00
 -2.56886E+01  2.17995E-28  1.43579E+06  2.00000E-03  1.03198E+00
 -2.55950E+01  2.17995E-28  1.43579E+06  2.00000E-03  1.03198E+00
 -2.55015E+01  2.17928E-28  1.43549E+06  2.00000E-03  1.08127E+00
 -2.54079E+01  2.17743E-28  1.43468E+06  2.00000E-03  1.21630E+00
 -2.53143E+01  2.17743E-28  1.43468E+06  2.00000E-03  1.21630E+00
 -2.52207E+01  2.17743E-28  1.43468E+06  2.00000E-03  1.21630E+00
 -2.51271E+01  2.17743E-28  1.43468E+06  2.00000E-03  1.21630E+00
 -2.50336E+01  2.17743E-28  1.43468E+06  2.00000E-03  1.21630E+00
 -2.49400E+01  2.17709E-28  1.43453E+06  2.00000E-03  1.23890E+00
 -2.48464E+01  2.17642E-28  1.43424E+06  2.00000E-03  1.28340E+00
 -2.47528E+01  2.17592E-28  1.43402E+06  2.00000E-03  1.31608E+00
 -2.46592E+01  2.17430E-28  1.43331E+06  2.00000E-03  1.43320E+00
 -2.45657E+01  2.17018E-28  1.43150E+06  2.00000E-03  1.73359E+00
 -2.44721E+01  2.17018E-28  1.43150E+06  2.00000E-03  1.73359E+00
 -2.43785E+01  2.17018E-28  1.43150E+06  2.00000E-03  1.73359E+00
 -2.42849E+01  2.17018E-28  1.43150E+06  2.00000E-03  1.73359E+00
 -2.41913E+01  2.17018E-28  1.43150E+06  2.00000E-03  1.73359E+00
 -2.40978E+01  2.17018E-28  1.43150E+06  2.00000E-03  1.73359E+00
 -2.40042E+01  2.17018E-28  1.43150E+06  2.00000E-03  1.73359E+00
 -2.39106E+01  2.17018E-28  1.43150E+06  2.00000E-03  1.73359E+00
 -2.38170E+01  2.16998E-28  1.43142E+06  2.00000E-03  1.75454E+00
 -2.37234E+01  2.16586E-28  1.42961E+06  2.00000E-03  2.17558E+00
 -2.36299E+01  2.16572E-28  1.42955E+06  2.00000E-03  2.19017E+00
 -2.35363E+01  2.16572E-28  1.42955E+06  2.00000E-03  2.19017E+00
 -2.34427E+01  2.16572E-28  1.42955E+06  2.00000E-03  2.19017E+00
 -2.33491E+01  2.16568E-28  1.42953E+06  2.00000E-03  2.19706E+00
 -2.32556E+01  2.16538E-28  1.42940E+06  2.00000E-03  2.25401E+00
 -2.31620E+01  2.16507E-28  1.42926E+06  2.00000E-03  2.31091E+00
 -2.30684E+01  2.16498E-28  1.42923E+06  2.00000E-03  2.32718E+00
 -2.29748E+01  2.16520E-28  1.42933E+06  2.00000E-03  2.32595E+00
 -2.28812E+01  2.16972E-28  1.43133E+06  2.00000E-03  2.30124E+00
 -2.27877E+01  2.16987E-28  1.43140E+06  2.00000E-03  2.30042E+00
 -2.26941E+01  2.16987E-28  1.43140E+06  2.00000E-03  2.30042E+00
 -2.26005E+01  2.16987E-28  1.43140E+06  2.00000E-03  2.30042E+00
 -2.25069E+01  2.16987E-28  1.43140E+06  2.00000E-03  2.30042E+00
 -2.24133E+01  2.16987E-28  1.43140E+06  2.00000E-03  2.30042E+00
 -2.23198E+01  2.16987E-28  1.43140E+06  2.00000E-03  2.30042E+00
 -2.22262E+01  2.16987E-28  1.43140E+06  2.00000E-03  2.30042E+00
 -2.21326E+01  2.17048E-28  1.43167E+06  2.00000E-03  2.27362E+00
 -2.20390E+01  2.18018E-28  1.43599E+06  2.00000E-03  1.84837E+00
 -2.19454E+01  2.17744E-28  1.43480E+06  2.00000E-03  2.00241E+00
 -2.18519E+01  2.17359E-28  1.43311E+06  2.00000E-03  2.21382E+00
 -2.17583E+01  2.17478E-28  1.43363E+06  2.00000E-03  2.14852E+00
 -2.16647E+01  2.17405E-28  1.43332E+06  2.00000E-03  2.18557E+00
 -2.15711E+01  2.17455E-28  1.43355E+06  2.00000E-03  2.15042E+00
 -2.14775E+01  2.17491E-28  1.43372E+06  2.00000E-03  2.13137E+00
 -2.13840E+01  2.17408E-28  1.43336E+06  2.00000E-03  2.18566E+00
 -2.12904E+01  2.17133E-28  1.43215E+06  2.00000E-03  2.35038E+00
 -2.11968E+01  2.18500E-28  1.43809E+06  2.00000E-03  1.67019E+00
 -2.11032E+01  2.18914E-28  1.43987E+06  2.00000E-03  1.46594E+00
 -2.10096E+01  2.18914E-28  1.43987E+06  2.00000E-03  1.46594E+00
 -2.09161E+01  2.18914E-28  1.43987E+06  2.00000E-03  1.46594E+00
 -2.08225E+01  2.19169E-28  1.44099E+06  2.00000E-03  1.33042E+00
 -2.07289E+01  2.19511E-28  1.44249E+06  2.00000E-03  1.17194E+00
 -2.06353E+01  2.19546E-28  1.44264E+06  2.00000E-03  1.14836E+00
 -2.05417E+01  2.19558E-28  1.44269E+06  2.00000E-03  1.13797E+00
 -2.04482E+01  2.19560E-28  1.44271E+06  2.00000E-03  1.13718E+00
 -2.03546E+01  2.19754E-28  1.44357E+06  2.00000E-03  1.06936E+00
 -2.02610E+01  2.19814E-28  1.44384E+06  2.00000E-03  1.04817E+00
 -2.01674E+01  2.19814E-28  1.44384E+06  2.00000E-03  1.04817E+00
 -2.00738E+01  2.19814E-28  1.44384E+06  2.00000E-03  1.04817E+00
 -1.99803E+01  2.19817E-28  1.44386E+06  2.00000E-03  1.05490E+00
 -1.98867E+01  2.19831E-28  1.44393E+06  2.00000E-03  1.08693E+00
 -1.97931E+01  2.19816E-28  1.44386E+06  2.00000E-03  1.09360E+00
 -1.96995E+01  2.19816E-28  1.44386E+06  2.00000E-03  1.09360E+00
 -1.96059E+01  2.19815E-28  1.44386E+06  2.00000E-03  1.09426E+00
 -1.95124E+01  2.19736E-28  1.44351E+06  2.00000E-03  1.13957E+00
 -1.94188E+01  2.19693E-28  1.44332E+06  2.00000E-03  1.16453E+00
 -1.93252E+01  2.19700E-28  1.44335E+06  2.00000E-03  1.16309E+00
 -1.92316E+01  2.19803E-28  1.44380E+06  2.00000E-03  1.14399E+00
 -1.91380E+01  2.19696E-28  1.44333E+06  2.00000E-03  1.19464E+00
 -1.90445E+01  2.19346E-28  1.44180E+06  2.00000E-03  1.36080E+00
 -1.89509E+01  2.19325E-28  1.44170E+06  2.00000E-03  1.38214E+00
 -1.88573E+01  2.19341E-28  1.44177E+06  2.00000E-03  1.37648E+00
 -1.87637E+01  2.19370E-28  1.44190E+06  2.00000E-03  1.36658E+00
 -1.86701E+01  2.19083E-28  1.44064E+06  2.00000E-03  1.51633E+00
 -1.85766E+01  2.19003E-28  1.44029E+06  2.00000E-03  1.55607E+00
 -1.84830E+01  2.19114E-28  1.44078E+06  2.00000E-03  1.50974E+00
 -1.83894E+01  2.19114E-28  1.44078E+06  2.00000E-03  1.50974E+00
 -1.82958E+01  2.18845E-28  1.43960E+06  2.00000E-03  1.67019E+00
 -1.82022E+01  2.17923E-28  1.43557E+06  2.00000E-03  2.13307E+00
 -1.81087E+01  2.17723E-28  1.43469E+06  2.00000E-03  2.24454E+00
 -1.80151E+01  2.17723E-28  1.43469E+06  2.00000E-03  2.24454E+00
 -1.79215E+01  2.17723E-28  1.43469E+06  2.00000E-03  2.24454E+00
 -1.78279E+01  2.17209E-28  1.43245E+06  2.00000E-03  2.48349E+00
 -1.77343E+01  2.16673E-28  1.43009E+06  2.00000E-03  2.73420E+00
 -1.76408E+01  2.16673E-28  1.43009E+06  2.00000E-03  2.73420E+00
 -1.75472E+01  2.16588E-28  1.42972E+06  2.00000E-03  2.78415E+00
 -1.74536E+01  2.16374E-28  1.42878E+06  2.00000E-03  2.90020E+00
 -1.73600E+01  2.15535E-28  1.42512E+06  2.00000E-03  3.30630E+00
 -1.72664E+01  2.15382E-28  1.42444E+06  2.00000E-03  3.38453E+00
 -1.71729E+01  2.15382E-28  1.42444E+06  2.00000E-03  3.38453E+00
 -1.70793E+01  2.15382E-28  1.42444E+06  2.00000E-03  3.38453E+00
 -1.69857E+01  2.15200E-28  1.42365E+06  2.00000E-03  3.48434E+00
 -1.68921E+01  2.14701E-28  1.42148E+06  2.00000E-03  3.75744E+00
 -1.67985E+01  2.14701E-28  1.42148E+06  2.00000E-03  3.75744E+00
 -1.67050E+01  2.14705E-28  1.42149E+06  2.00000E-03  3.75192E+00
 -1.66114E+01  2.14854E-28  1.42216E+06  2.00000E-03  3.66549E+00
 -1.65178E+01  2.14747E-28  1.42171E+06  2.00000E-03  3.73711E+00
 -1.64242E+01  2.14654E-28  1.42131E+06  2.00000E-03  3.79060E+00
 -1.63306E+01  2.14667E-28  1.42136E+06  2.00000E-03  3.77927E+00
 -1.62371E+01  2.14667E-28  1.42136E+06  2.00000E-03  3.77926E+00
 -1.61435E+01  2.14724E-28  1.42165E+06  2.00000E-03  3.76547E+00
 -1.60499E+01  2.14717E-28  1.42171E+06  2.00000E-03  3.78510E+00
 -1.59563E+01  2.14749E-28  1.42185E+06  2.00000E-03  3.77710E+00
 -1.58627E+01  2.14707E-28  1.42166E+06  2.00000E-03  3.74461E+00
 -1.57692E+01  2.14878E-28  1.42241E+06  2.00000E-03  3.61937E+00
 -1.56756E+01  2.15320E-28  1.42425E+06  2.00000E-03  3.35548E+00
 -1.55820E+01  2.15403E-28  1.42458E+06  2.00000E-03  3.31045E+00
 -1.54884E+01  2.15892E-28  1.42668E+06  2.00000E-03  3.06316E+00
 -1.53948E+01  2.16393E-28  1.42884E+06  2.00000E-03  2.80605E+00
 -1.53013E+01  2.16552E-28  1.42953E+06  2.00000E-03  2.72510E+00
 -1.52077E+01  2.17017E-28  1.43154E+06  2.00000E-03  2.50822E+00
 -1.51141E+01  2.17150E-28  1.43213E+06  2.00000E-03  2.45712E+00
 -1.50205E+01  2.17639E-28  1.43428E+06  2.00000E-03  2.26804E+00
 -1.49269E+01  2.17669E-28  1.43441E+06  2.00000E-03  2.26406E+00
 -1.48334E+01  2.18028E-28  1.43599E+06  2.00000E-03  2.17532E+00
 -1.47398E+01  2.18216E-28  1.43681E+06  2.00000E-03  2.12251E+00
 -1.46462E+01  2.18193E-28  1.43671E+06  2.00000E-03  2.17771E+00
 -1.45526E+01  2.18368E-28  1.43748E+06  2.00000E-03  2.20338E+00
 -1.44590E+01  2.18417E-28  1.43769E+06  2.00000E-03  2.23482E+00
 -1.43655E+01  2.18477E-28  1.43796E+06  2.00000E-03  2.34638E+00
 -1.42719E+01  2.18479E-28  1.43797E+06  2.00000E-03  2.37432E+00
 -1.41783E+01  2.18363E-28  1.43746E+06  2.00000E-03  2.59076E+00
 -1.40847E+01  2.18328E-28  1.43730E+06  2.00000E-03  2.66852E+00
 -1.39911E+01  2.18208E-28  1.43678E+06  2.00000E-03  2.80250E+00
 -1.38976E+01  2.18048E-28  1.43608E+06  2.00000E-03  2.97284E+00
 -1.38040E+01  2.17977E-28  1.43577E+06  2.00000E-03  3.05301E+00
 -1.37104E+01  2.17848E-28  1.43521E+06  2.00000E-03  3.22221E+00
 -1.36168E+01  2.17827E-28  1.43511E+06  2.00000E-03  3.25352E+00
 -1.35232E+01  2.17682E-28  1.43448E+06  2.00000E-03  3.40295E+00
 -1.34297E+01  2.17668E-28  1.43442E+06  2.00000E-03  3.43267E+00
 -1.33361E+01  2.17563E-28  1.43397E+06  2.00000E-03  3.55260E+00
 -1.32425E+01  2.17535E-28  1.43384E+06  2.00000E-03  3.60010E+00
 -1.31489E+01  2.17467E-28  1.43355E+06  2.00000E-03  3.67677E+00
 -1.30553E+01  2.17289E-28  1.43277E+06  2.00000E-03  3.80768E+00
 -1.29618E+01  2.17136E-28  1.43210E+06  2.00000E-03  3.90758E+00
 -1.28682E+01  2.16777E-28  1.43053E+06  2.00000E-03  4.13537E+00
 -1.27746E+01  2.16655E-28  1.43000E+06  2.00000E-03  4.20791E+00
 -1.26810E+01  2.16153E-28  1.42780E+06  2.00000E-03  4.51271E+00
 -1.25874E+01  2.16194E-28  1.42798E+06  2.00000E-03  4.54211E+00
 -1.24939E+01  2.15626E-28  1.42549E+06  2.00000E-03  4.85474E+00
 -1.24003E+01  2.15440E-28  1.42468E+06  2.00000E-03  4.98895E+00
 -1.23067E+01  2.15197E-28  1.42362E+06  2.00000E-03  5.12897E+00
 -1.22131E+01  2.14833E-28  1.42202E+06  2.00000E-03  5.33113E+00
 -1.21195E+01  2.14642E-28  1.42119E+06  2.00000E-03  5.41833E+00
 -1.20260E+01  2.14301E-28  1.41970E+06  2.00000E-03  5.61993E+00
 -1.19324E+01  2.14301E-28  1.41971E+06  2.00000E-03  5.62244E+00
 -1.18388E+01  2.14033E-28  1.41855E+06  2.00000E-03  5.80384E+00
 -1.17452E+01  2.13926E-28  1.41808E+06  2.00000E-03  5.86677E+00
 -1.16516E+01  2.13835E-28  1.41770E+06  2.00000E-03  5.97702E+00
 -1.15581E+01  2.13722E-28  1.41723E+06  2.00000E-03  6.10536E+00
 -1.14645E+01  2.13789E-28  1.41754E+06  2.00000E-03  6.12155E+00
 -1.13709E+01  2.13921E-28  1.41816E+06  2.00000E-03  6.18035E+00
 -1.12773E+01  2.14018E-28  1.41861E+06  2.00000E-03  6.18477E+00
 -1.11837E+01  2.14437E-28  1.42051E+06  2.00000E-03  6.13901E+00
 -1.10902E+01  2.14367E-28  1.42021E+06  2.00000E-03  6.17559E+00
 -1.09966E+01  2.15163E-28  1.42379E+06  2.00000E-03  5.92469E+00
 -1.09030E+01  2.15632E-28  1.42590E+06  2.00000E-03  5.76613E+00
 -1.08094E+01  2.16435E-28  1.42951E+06  2.00000E-03  5.43490E+00
 -1.07158E+01  2.17013E-28  1.43208E+06  2.00000E-03  5.26198E+00
 -1.06223E+01  2.16854E-28  1.43140E+06  2.00000E-03  5.35114E+00
 -1.05287E+01  2.19011E-28  1.44113E+06  2.00000E-03  4.45229E+00
 -1.04351E+01  2.19277E-28  1.44233E+06  2.00000E-03  4.28528E+00
 -1.03415E+01  2.20881E-28  1.44942E+06  2.00000E-03  3.58244E+00
 -1.02480E+01  2.21449E-28  1.45189E+06  2.00000E-03  3.42438E+00
 -1.01544E+01  2.21864E-28  1.45368E+06  2.00000E-03  3.32523E+00
 -1.00608E+01  2.21989E-28  1.45416E+06  2.00000E-03  3.34830E+00
 -9.96721E+00  2.22046E-28  1.45429E+06  2.00000E-03  3.39815E+00
 -9.87363E+00  2.21936E-28  1.45364E+06  2.00000E-03  3.52866E+00
 -9.78005E+00  2.21813E-28  1.45295E+06  2.00000E-03  3.69656E+00
 -9.68647E+00  2.21522E-28  1.45155E+06  2.00000E-03  3.97525E+00
 -9.59289E+00  2.21293E-28  1.45051E+06  2.00000E-03  4.17306E+00
 -9.49931E+00  2.20780E-28  1.44825E+06  2.00000E-03  4.53939E+00
 -9.40573E+00  2.20546E-28  1.44724E+06  2.00000E-03  4.72636E+00
 -9.31215E+00  2.20262E-28  1.44601E+06  2.00000E-03  4.93300E+00
 -9.21857E+00  2.20028E-28  1.44499E+06  2.00000E-03  5.11348E+00
 -9.12499E+00  2.19954E-28  1.44467E+06  2.00000E-03  5.18939E+00
 -9.03141E+00  2.19584E-28  1.44305E+06  2.00000E-03  5.41168E+00
 -8.93783E+00  2.19365E-28  1.44210E+06  2.00000E-03  5.54790E+00
 -8.84425E+00  2.18876E-28  1.43995E+06  2.00000E-03  5.85977E+00
 -8.75067E+00  2.18565E-28  1.43857E+06  2.00000E-03  6.08167E+00
 -8.65709E+00  2.18227E-28  1.43707E+06  2.00000E-03  6.34686E+00
 -8.56351E+00  2.17708E-28  1.43479E+06  2.00000E-03  6.73190E+00
 -8.46993E+00  2.17321E-28  1.43307E+06  2.00000E-03  7.06044E+00
 -8.37635E+00  2.16780E-28  1.43069E+06  2.00000E-03  7.48576E+00
 -8.28277E+00  2.16193E-28  1.42809E+06  2.00000E-03  7.97389E+00
 -8.18919E+00  2.15745E-28  1.42611E+06  2.00000E-03  8.41946E+00
 -8.09561E+00  2.15336E-28  1.42430E+06  2.00000E-03  8.84958E+00
 -8.00203E+00  2.15007E-28  1.42284E+06  2.00000E-03  9.23637E+00
 -7.90845E+00  2.14683E-28  1.42140E+06  2.00000E-03  9.66577E+00
 -7.81487E+00  2.14639E-28  1.42120E+06  2.00000E-03  9.89186E+00
 -7.72129E+00  2.14618E-28  1.42111E+06  2.00000E-03  1.00858E+01
 -7.62771E+00  2.14747E-28  1.42168E+06  2.00000E-03  1.02448E+01
 -7.53413E+00  2.14799E-28  1.42192E+06  2.00000E-03  1.03862E+01
 -7.44056E+00  2.15051E-28  1.42304E+06  2.00000E-03  1.04879E+01
 -7.34698E+00  2.15358E-28  1.42440E+06  2.00000E-03  1.04572E+01
 -7.25340E+00  2.15903E-28  1.42682E+06  2.00000E-03  1.04099E+01
 -7.15982E+00  2.16543E-28  1.42965E+06  2.00000E-03  1.01676E+01
 -7.06624E+00  2.17240E-28  1.43273E+06  2.00000E-03  9.91039E+00
 -6.97266E+00  2.17856E-28  1.43545E+06  2.00000E-03  9.69200E+00
 -6.87908E+00  2.18248E-28  1.43718E+06  2.00000E-03  9.61182E+00
 -6.78550E+00  2.18284E-28  1.43736E+06  2.00000E-03  9.68333E+00
 -6.69192E+00  2.18213E-28  1.43706E+06  2.00000E-03  9.95559E+00
 -6.59834E+00  2.17858E-28  1.43552E+06  2.00000E-03  1.03517E+01
 -6.50476E+00  2.17644E-28  1.43458E+06  2.00000E-03  1.06374E+01
 -6.41118E+00  2.17159E-28  1.43247E+06  2.00000E-03  1.10134E+01
 -6.31760E+00  2.16947E-28  1.43155E+06  2.00000E-03  1.12689E+01
 -6.22402E+00  2.16778E-28  1.43082E+06  2.00000E-03  1.14237E+01
 -6.13044E+00  2.16789E-28  1.43077E+06  1.99999E-03  1.15210E+01
 -6.03686E+00  2.17248E-28  1.43318E+06  1.99986E-03  1.15842E+01
 -5.94328E+00  2.17533E-28  1.43479E+06  1.99800E-03  1.19987E+01
 -5.84970E+00  2.20875E-28  1.41460E+06  1.97958E-03  1.26220E+01
 -5.75612E+00  2.35500E-28  1.33261E+06  1.89922E-03  1.16783E+01
 -5.66254E+00  2.50088E-28  1.25949E+06  1.82351E-03  9.93087E+00
 -5.56896E+00  2.62620E-28  1.19413E+06  1.76017E-03  7.84384E+00
 -5.47538E+00  2.60542E-28  1.18952E+06  1.76159E-03  8.72455E+00
 -5.38180E+00  2.95688E-28  1.01438E+06  1.60784E-03  1.45470E+01
 -5.28822E+00  4.68558E-28  5.92435E+05  1.23048E-03  2.47585E+01
 -5.19464E+00  9.86956E-28  2.51256E+05  9.22284E-04  2.26513E+01
 -5.10106E+00  1.04318E-27  2.20046E+05  8.90028E-04  2.59289E+01
 -5.00748E+00  8.70083E-28  2.54777E+05  9.13084E-04  2.67880E+01
 -4.91390E+00  6.01885E-28  3.92839E+05  1.01060E-03  2.32631E+01
 -4.82032E+00  5.30441E-28  4.92632E+05  1.07682E-03  1.83527E+01
 -4.72674E+00  4.93262E-28  5.66810E+05  1.17784E-03  2.07162E+01
 -4.63316E+00  4.15439E-28  6.85848E+05  1.30759E-03  2.28768E+01
 -4.53958E+00  3.65141E-28  7.89872E+05  1.40928E-03  2.49563E+01
 -4.44600E+00  3.44218E-28  8.44490E+05  1.45063E-03  3.09355E+01
 -4.35242E+00  3.43300E-28  8.32638E+05  1.39971E-03  3.01301E+01
 -4.25884E+00  4.06643E-28  6.89607E+05  1.29473E-03  2.00623E+01
 -4.16526E+00  6.87846E-28  4.09300E+05  1.06008E-03  1.90857E+01
 -4.07168E+00  9.90101E-28  2.81781E+05  9.35239E-04  1.56101E+01
 -3.97810E+00  1.65145E-27  1.71439E+05  8.41987E-04  1.16810E+01
 -3.88452E+00  3.98561E-27  7.95930E+04  7.68816E-04  1.79237E+01
 -3.79094E+00  1.00976E-26  3.14987E+04  7.43562E-04  2.14451E+01
 -3.69736E+00  1.45095E-26  1.97045E+04  7.20755E-04  1.96629E+01
 -3.60378E+00  1.34016E-26  2.08489E+04  6.79460E-04  1.90529E+01
 -3.51020E+00  1.23389E-26  2.27110E+04  6.67970E-04  1.90816E+01
 -3.41662E+00  1.10682E-26  2.53058E+04  6.81267E-04  1.90827E+01
 -3.32304E+00  9.89460E-27  2.80803E+04  6.97901E-04  2.03446E+01
 -3.22946E+00  9.78467E-27  2.77817E+04  7.21632E-04  2.27214E+01
 -3.13588E+00  9.32409E-27  2.85122E+04  7.32936E-04  2.45131E+01
 -3.04230E+00  9.90403E-27  2.63821E+04  7.04134E-04  2.58096E+01
 -2.94872E+00  1.33103E-26  1.96795E+04  6.73791E-04  2.65268E+01
 -2.85514E+00  1.61801E-26  1.67369E+04  6.64912E-04  2.66418E+01
 -2.76156E+00  1.88327E-26  1.51601E+04  6.52549E-04  2.62840E+01
 -2.66798E+00  2.12363E-26  1.44300E+04  6.33087E-04  2.65255E+01
 -2.57440E+00  2.24995E-26  1.42582E+04  6.36375E-04  2.66525E+01
 -2.48082E+00  2.33235E-26  1.42133E+04  6.38209E-04  2.70409E+01
 -2.38724E+00  2.33963E-26  1.42451E+04  6.12358E-04  2.74247E+01
 -2.29366E+00  2.28944E-26  1.42416E+04  6.00826E-04  2.70050E+01
 -2.20008E+00  2.28262E-26  1.42335E+04  6.00012E-04  2.68415E+01
 -2.10650E+00  2.29774E-26  1.42612E+04  6.00001E-04  2.70102E+01
 -2.01292E+00  2.31887E-26  1.43106E+04  6.00000E-04  2.72274E+01
 -1.91934E+00  2.33344E-26  1.43782E+04  6.00000E-04  2.72944E+01
 -1.82576E+00  2.31224E-26  1.44604E+04  6.00000E-04  2.70022E+01
 -1.73218E+00  2.25752E-26  1.45284E+04  6.00000E-04  2.62646E+01
 -1.63860E+00  2.17829E-26  1.45260E+04  6.00000E-04  2.53410E+01
 -1.54502E+00  2.14221E-26  1.44420E+04  6.00000E-04  2.46722E+01
 -1.45144E+00  2.17041E-26  1.43458E+04  6.00000E-04  2.45229E+01
 -1.35786E+00  2.22967E-26  1.42744E+04  6.00000E-04  2.47552E+01
 -1.26428E+00  2.28654E-26  1.42506E+04  6.00000E-04  2.51373E+01
 -1.17070E+00  2.33006E-26  1.42764E+04  6.00000E-04  2.54038E+01
 -1.07713E+00  2.37906E-26  1.43401E+04  6.00000E-04  2.52098E+01
 -9.83545E-01  2.44196E-26  1.43745E+04  6.00000E-04  2.44510E+01
 -8.89965E-01  2.49372E-26  1.43284E+04  6.00000E-04  2.36602E+01
 -7.96385E-01  2.49852E-26  1.42637E+04  6.00000E-04  2.33778E+01
 -7.02806E-01  2.46289E-26  1.42262E+04  6.00000E-04  2.35640E+01
 -6.09226E-01  2.41589E-26  1.42214E+04  6.00000E-04  2.40220E+01
 -5.15646E-01  2.36092E-26  1.42415E+04  6.00000E-04  2.45727E+01
 -4.22066E-01  2.30185E-26  1.42785E+04  6.00000E-04  2.50908E+01
 -3.28486E-01  2.23791E-26  1.43247E+04  6.00000E-04  2.54845E+01
 -2.34906E-01  2.16360E-26  1.43701E+04  6.00000E-04  2.57280E+01
 -1.41326E-01  2.09996E-26  1.43953E+04  6.00000E-04  2.58097E+01
 -4.77466E-02  2.04970E-26  1.44035E+04  6.00000E-04  2.58475E+01
  4.58332E-02  2.01429E-26  1.43998E+04  6.00000E-04  2.59261E+01
  1.39413E-01  1.98674E-26  1.43957E+04  6.00000E-04  2.60708E+01
  2.32993E-01  1.96495E-26  1.43921E+04  6.00000E-04  2.62877E+01
  3.26573E-01  1.93055E-26  1.43914E+04  6.00000E-04  2.65566E+01
  4.20153E-01  1.88656E-26  1.44006E+04  6.00000E-04  2.68505E+01
  5.13732E-01  1.83260E-26  1.44336E+04  6.00000E-04  2.71604E+01
  6.07312E-01  1.79788E-26  1.45096E+04  6.00000E-04  2.73527E+01
  7.00892E-01  1.81300E-26  1.46024E+04  6.00000E-04  2.72095E+01
  7.94472E-01  1.88036E-26  1.46403E+04  6.00000E-04  2.68307E+01
  8.88052E-01  1.93552E-26  1.45856E+04  6.00030E-04  2.67345E+01
  9.81632E-01  1.96301E-26  1.45562E+04  6.02740E-04  2.69219E+01
  1.07521E+00  2.03800E-26  1.45682E+04  6.28027E-04  2.66693E+01
  1.16879E+00  2.18094E-26  1.44913E+04  6.58423E-04  2.59696E+01
  1.26237E+00  2.33209E-26  1.43274E+04  6.60888E-04  2.59550E+01
  1.35595E+00  2.37321E-26  1.42071E+04  6.66408E-04  2.69893E+01
  1.44953E+00  2.33280E-26  1.41203E+04  6.64261E-04  2.84309E+01
  1.54311E+00  2.25819E-26  1.40862E+04  6.48186E-04  2.85975E+01
  1.63669E+00  2.23248E-26  1.41817E+04  6.45178E-04  2.78085E+01
  1.73027E+00  2.11244E-26  1.51490E+04  6.54891E-04  2.64490E+01
  1.82385E+00  1.00185E-26  2.97397E+04  6.82202E-04  2.34748E+01
  1.91743E+00  2.86358E-27  8.73626E+04  7.68486E-04  1.94929E+01
  2.01101E+00  2.01620E-27  1.03887E+05  8.09619E-04  2.27165E+01
  2.10459E+00  2.77722E-27  6.92344E+04  7.44436E-04  2.24530E+01
  2.19817E+00  4.86465E-27  3.61370E+04  6.99220E-04  1.62246E+01
  2.29175E+00  7.39100E-27  2.46985E+04  7.01857E-04  1.57406E+01
  2.38533E+00  2.91787E-27  7.93090E+04  7.60845E-04  1.73035E+01
  2.47891E+00  4.90964E-28  5.06205E+05  1.13752E-03  2.30641E+01
  2.57249E+00  4.45327E-28  5.75489E+05  1.21474E-03  2.83328E+01
  2.66607E+00  6.41432E-28  4.07277E+05  1.07751E-03  3.54511E+01
  2.75965E+00  8.75670E-28  3.09503E+05  9.89101E-04  3.79554E+01
  2.85323E+00  9.30256E-28  3.14884E+05  9.77223E-04  3.36754E+01
  2.94681E+00  8.34911E-28  3.84726E+05  1.01191E-03  2.25163E+01
  3.04039E+00  6.04730E-28  5.48114E+05  1.12415E-03 -5.92649E-01
  3.13397E+00  4.54866E-28  7.12344E+05  1.27885E-03 -1.51249E+01
  3.22755E+00  2.93279E-28  1.02669E+06  1.56280E-03 -1.86890E+01
  3.32113E+00  2.72452E-28  9.94414E+05  1.56180E-03 -3.07254E+01
  3.41471E+00  2.86633E-28  8.84381E+05  1.47141E-03 -3.22518E+01
  3.50829E+00  2.86093E-28  8.87512E+05  1.48016E-03 -3.10919E+01
  3.60187E+00  2.66615E-28  9.89813E+05  1.57031E-03 -3.27091E+01
  3.69545E+00  2.56589E-28  1.07268E+06  1.63646E-03 -3.52797E+01
  3.78903E+00  2.59066E-28  1.09470E+06  1.64803E-03 -3.52839E+01
  3.88261E+00  2.80217E-28  1.03514E+06  1.56842E-03 -2.82498E+01
  3.97619E+00  3.08689E-28  9.61494E+05  1.48093E-03 -1.21770E+01
  4.06977E+00  3.16663E-28  9.40290E+05  1.48066E-03  1.76263E+00
  4.16335E+00  3.10626E-28  9.37486E+05  1.50077E-03  6.93473E+00
  4.25693E+00  3.11844E-28  9.07234E+05  1.50273E-03  4.43323E+00
  4.35051E+00  3.17725E-28  8.70136E+05  1.48139E-03  2.73661E+00
  4.44409E+00  2.99000E-28  9.15153E+05  1.53073E-03  1.88337E-01
  4.53767E+00  2.58961E-28  1.06115E+06  1.67574E-03 -6.11272E+00
  4.63125E+00  2.40948E-28  1.14700E+06  1.73975E-03 -6.64478E+00
  4.72483E+00  2.34083E-28  1.19243E+06  1.77040E-03 -2.69229E+00
  4.81841E+00  2.34693E-28  1.20516E+06  1.78411E-03  3.44642E+00
  4.91199E+00  2.43168E-28  1.17590E+06  1.75192E-03  8.44021E+00
  5.00557E+00  2.37908E-28  1.21289E+06  1.79258E-03  1.00769E+01
  5.09915E+00  2.15045E-28  1.35192E+06  1.94757E-03  6.88145E+00
  5.19273E+00  2.09445E-28  1.39948E+06  1.99890E-03  1.98687E+00
  5.28630E+00  2.10702E-28  1.40508E+06  1.99998E-03 -1.83631E+00
  5.37988E+00  2.11420E-28  1.40804E+06  1.99998E-03 -3.25019E+00
  5.47346E+00  2.12112E-28  1.41071E+06  2.00000E-03 -4.52027E+00
  5.56704E+00  2.12363E-28  1.41169E+06  2.00000E-03 -5.33378E+00
  5.66062E+00  2.12282E-28  1.41127E+06  2.00000E-03 -5.84914E+00
  5.75420E+00  2.12256E-28  1.41107E+06  2.00000E-03 -6.44144E+00
  5.84778E+00  2.12398E-28  1.41165E+06  2.00000E-03 -6.58405E+00
  5.94136E+00  2.12714E-28  1.41299E+06  2.00000E-03 -6.43284E+00
  6.03494E+00  2.13046E-28  1.41442E+06  2.00000E-03 -6.19183E+00
  6.12852E+00  2.13699E-28  1.41728E+06  2.00000E-03 -5.60945E+00
  6.22210E+00  2.14059E-28  1.41884E+06  2.00000E-03 -5.38470E+00
  6.31568E+00  2.14571E-28  1.42108E+06  2.00000E-03 -5.06432E+00
  6.40926E+00  2.14810E-28  1.42212E+06  2.00000E-03 -4.99757E+00
  6.50284E+00  2.14938E-28  1.42267E+06  2.00000E-03 -5.00576E+00
  6.59642E+00  2.14981E-28  1.42286E+06  2.00000E-03 -5.07630E+00
  6.69000E+00  2.15209E-28  1.42386E+06  2.00000E-03 -4.98070E+00
  6.78358E+00  2.16085E-28  1.42772E+06  2.00000E-03 -4.40984E+00
  6.87716E+00  2.16845E-28  1.43106E+06  2.00000E-03 -3.87123E+00
  6.97074E+00  2.17754E-28  1.43506E+06  2.00000E-03 -3.19855E+00
  7.06432E+00  2.18248E-28  1.43722E+06  2.00000E-03 -2.85955E+00
  7.15790E+00  2.18482E-28  1.43823E+06  2.00000E-03 -2.73415E+00
  7.25148E+00  2.18471E-28  1.43818E+06  2.00000E-03 -2.76842E+00
  7.34506E+00  2.18179E-28  1.43688E+06  2.00000E-03 -2.96969E+00
  7.43864E+00  2.17717E-28  1.43485E+06  2.00000E-03 -3.26005E+00
  7.53222E+00  2.17286E-28  1.43294E+06  2.00000E-03 -3.48442E+00
  7.62580E+00  2.17051E-28  1.43190E+06  2.00000E-03 -3.56919E+00
  7.71938E+00  2.16990E-28  1.43163E+06  2.00000E-03 -3.57344E+00
  7.81296E+00  2.16903E-28  1.43125E+06  2.00000E-03 -3.49730E+00
  7.90654E+00  2.16889E-28  1.43118E+06  2.00000E-03 -3.44450E+00
  8.00012E+00  2.16772E-28  1.43066E+06  2.00000E-03 -3.40273E+00
  8.09370E+00  2.16444E-28  1.42920E+06  2.00000E-03 -3.48812E+00
  8.18728E+00  2.15858E-28  1.42661E+06  2.00000E-03 -3.75913E+00
  8.28086E+00  2.15317E-28  1.42423E+06  2.00000E-03 -4.06987E+00
  8.37444E+00  2.14842E-28  1.42215E+06  2.00000E-03 -4.38011E+00
  8.46802E+00  2.14651E-28  1.42132E+06  2.00000E-03 -4.50050E+00
  8.56160E+00  2.14598E-28  1.42110E+06  2.00000E-03 -4.52845E+00
  8.65518E+00  2.14743E-28  1.42175E+06  2.00000E-03 -4.40598E+00
  8.74876E+00  2.15118E-28  1.42343E+06  2.00000E-03 -4.14389E+00
  8.84234E+00  2.16037E-28  1.42749E+06  2.00000E-03 -3.49192E+00
  8.93592E+00  2.16876E-28  1.43120E+06  2.00000E-03 -2.91512E+00
  9.02950E+00  2.17917E-28  1.43577E+06  2.00000E-03 -2.21880E+00
  9.12308E+00  2.18375E-28  1.43778E+06  2.00000E-03 -1.92529E+00
  9.21666E+00  2.18723E-28  1.43930E+06  2.00000E-03 -1.72220E+00
  9.31024E+00  2.18885E-28  1.44001E+06  2.00000E-03 -1.63293E+00
  9.40382E+00  2.18822E-28  1.43972E+06  2.00000E-03 -1.69109E+00
  9.49740E+00  2.18498E-28  1.43830E+06  2.00000E-03 -1.90067E+00
  9.59098E+00  2.17868E-28  1.43552E+06  2.00000E-03 -2.27838E+00
  9.68456E+00  2.17124E-28  1.43222E+06  2.00000E-03 -2.75052E+00
  9.77814E+00  2.16646E-28  1.43010E+06  2.00000E-03 -3.04597E+00
  9.87172E+00  2.15868E-28  1.42662E+06  2.00000E-03 -3.50571E+00
  9.96530E+00  2.15291E-28  1.42405E+06  2.00000E-03 -3.81852E+00
  1.00589E+01  2.14632E-28  1.42115E+06  2.00000E-03 -4.14936E+00
  1.01525E+01  2.14041E-28  1.41862E+06  2.00000E-03 -4.42790E+00
  1.02460E+01  2.13626E-28  1.41689E+06  2.00000E-03 -4.60644E+00
  1.03396E+01  2.13507E-28  1.41649E+06  2.00000E-03 -4.63054E+00
  1.04332E+01  2.13508E-28  1.41659E+06  2.00000E-03 -4.60125E+00
  1.05268E+01  2.13669E-28  1.41730E+06  2.00000E-03 -4.45366E+00
  1.06204E+01  2.13641E-28  1.41717E+06  2.00000E-03 -4.42935E+00
  1.07139E+01  2.13863E-28  1.41796E+06  2.00000E-03 -4.25434E+00
  1.08075E+01  2.13942E-28  1.41825E+06  2.00000E-03 -4.16998E+00
  1.09011E+01  2.14186E-28  1.41931E+06  2.00000E-03 -3.99769E+00
  1.09947E+01  2.14406E-28  1.42027E+06  2.00000E-03 -3.85007E+00
  1.10883E+01  2.14518E-28  1.42076E+06  2.00000E-03 -3.78200E+00
  1.11818E+01  2.14769E-28  1.42184E+06  2.00000E-03 -3.64224E+00
  1.12754E+01  2.14799E-28  1.42197E+06  2.00000E-03 -3.63653E+00
  1.13690E+01  2.14939E-28  1.42256E+06  2.00000E-03 -3.60996E+00
  1.14626E+01  2.15090E-28  1.42323E+06  2.00000E-03 -3.53912E+00
  1.15562E+01  2.15214E-28  1.42375E+06  2.00000E-03 -3.55122E+00
  1.16497E+01  2.15297E-28  1.42411E+06  2.00000E-03 -3.53618E+00
  1.17433E+01  2.15438E-28  1.42472E+06  2.00000E-03 -3.49283E+00
  1.18369E+01  2.15644E-28  1.42561E+06  2.00000E-03 -3.41580E+00
  1.19305E+01  2.15902E-28  1.42674E+06  2.00000E-03 -3.27194E+00
  1.20241E+01  2.16053E-28  1.42739E+06  2.00000E-03 -3.20262E+00
  1.21176E+01  2.16331E-28  1.42861E+06  2.00000E-03 -3.03303E+00
  1.22112E+01  2.17096E-28  1.43196E+06  2.00000E-03 -2.56716E+00
  1.23048E+01  2.17309E-28  1.43290E+06  2.00000E-03 -2.42469E+00
  1.23984E+01  2.17538E-28  1.43390E+06  2.00000E-03 -2.28160E+00
  1.24920E+01  2.17710E-28  1.43465E+06  2.00000E-03 -2.17392E+00
  1.25855E+01  2.17889E-28  1.43543E+06  2.00000E-03 -2.05833E+00
  1.26791E+01  2.18120E-28  1.43644E+06  2.00000E-03 -1.91338E+00
  1.27727E+01  2.18173E-28  1.43667E+06  2.00000E-03 -1.87950E+00
  1.28663E+01  2.18462E-28  1.43793E+06  2.00000E-03 -1.70080E+00
  1.29599E+01  2.18536E-28  1.43825E+06  2.00000E-03 -1.65589E+00
  1.30534E+01  2.18694E-28  1.43894E+06  2.00000E-03 -1.54797E+00
  1.31470E+01  2.18719E-28  1.43905E+06  2.00000E-03 -1.52731E+00
  1.32406E+01  2.18794E-28  1.43938E+06  2.00000E-03 -1.47941E+00
  1.33342E+01  2.18830E-28  1.43953E+06  2.00000E-03 -1.45627E+00
  1.34278E+01  2.18815E-28  1.43947E+06  2.00000E-03 -1.46724E+00
  1.35213E+01  2.18734E-28  1.43911E+06  2.00000E-03 -1.52777E+00
  1.36149E+01  2.18707E-28  1.43899E+06  2.00000E-03 -1.54667E+00
  1.37085E+01  2.18630E-28  1.43865E+06  2.00000E-03 -1.60485E+00
  1.38021E+01  2.18584E-28  1.43845E+06  2.00000E-03 -1.63298E+00
  1.38957E+01  2.18547E-28  1.43829E+06  2.00000E-03 -1.64430E+00
  1.39892E+01  2.18552E-28  1.43831E+06  2.00000E-03 -1.62843E+00
  1.40828E+01  2.18582E-28  1.43844E+06  2.00000E-03 -1.57642E+00
  1.41764E+01  2.18588E-28  1.43846E+06  2.00000E-03 -1.51229E+00
  1.42700E+01  2.18613E-28  1.43857E+06  2.00000E-03 -1.46365E+00
  1.43636E+01  2.18727E-28  1.43907E+06  2.00000E-03 -1.32977E+00
  1.44571E+01  2.18675E-28  1.43884E+06  2.00000E-03 -1.34428E+00
  1.45507E+01  2.18479E-28  1.43798E+06  2.00000E-03 -1.40929E+00
  1.46443E+01  2.18399E-28  1.43763E+06  2.00000E-03 -1.43259E+00
  1.47379E+01  2.17980E-28  1.43578E+06  2.00000E-03 -1.66629E+00
  1.48315E+01  2.17534E-28  1.43382E+06  2.00000E-03 -1.91901E+00
  1.49250E+01  2.17303E-28  1.43280E+06  2.00000E-03 -2.05982E+00
  1.50186E+01  2.16892E-28  1.43099E+06  2.00000E-03 -2.32029E+00
  1.51122E+01  2.16861E-28  1.43085E+06  2.00000E-03 -2.33713E+00
  1.52058E+01  2.16672E-28  1.43000E+06  2.00000E-03 -2.45582E+00
  1.52993E+01  2.16667E-28  1.42998E+06  2.00000E-03 -2.45883E+00
  1.53929E+01  2.16620E-28  1.42980E+06  2.00000E-03 -2.47684E+00
  1.54865E+01  2.16614E-28  1.42977E+06  2.00000E-03 -2.46691E+00
  1.55801E+01  2.16653E-28  1.43000E+06  2.00000E-03 -2.41414E+00
  1.56737E+01  2.16690E-28  1.43021E+06  2.00000E-03 -2.38017E+00
  1.57672E+01  2.16761E-28  1.43054E+06  2.00000E-03 -2.32943E+00
  1.58608E+01  2.17032E-28  1.43182E+06  2.00000E-03 -2.13401E+00
  1.59544E+01  2.17046E-28  1.43188E+06  2.00000E-03 -2.12337E+00
  1.60480E+01  2.17108E-28  1.43217E+06  2.00000E-03 -2.07533E+00
  1.61416E+01  2.17225E-28  1.43270E+06  2.00000E-03 -1.98483E+00
  1.62351E+01  2.17359E-28  1.43319E+06  2.00000E-03 -1.90685E+00
  1.63287E+01  2.17336E-28  1.43305E+06  2.00000E-03 -1.91951E+00
  1.64223E+01  2.17256E-28  1.43269E+06  2.00000E-03 -1.96529E+00
  1.65159E+01  2.17250E-28  1.43267E+06  2.00000E-03 -1.96862E+00
  1.66095E+01  2.17158E-28  1.43226E+06  2.00000E-03 -2.04653E+00
  1.67030E+01  2.16863E-28  1.43094E+06  2.00000E-03 -2.29618E+00
  1.67966E+01  2.16863E-28  1.43094E+06  2.00000E-03 -2.29618E+00
  1.68902E+01  2.16863E-28  1.43094E+06  2.00000E-03 -2.29618E+00
  1.69838E+01  2.16863E-28  1.43094E+06  2.00000E-03 -2.29618E+00
  1.70774E+01  2.16225E-28  1.42812E+06  2.00000E-03 -2.78721E+00
  1.71709E+01  2.15836E-28  1.42639E+06  2.00000E-03 -3.07130E+00
  1.72645E+01  2.15693E-28  1.42576E+06  2.00000E-03 -3.16760E+00
  1.73581E+01  2.15667E-28  1.42564E+06  2.00000E-03 -3.18546E+00
  1.74517E+01  2.15605E-28  1.42537E+06  2.00000E-03 -3.23244E+00
  1.75453E+01  2.15024E-28  1.42280E+06  2.00000E-03 -3.67502E+00
  1.76388E+01  2.14944E-28  1.42244E+06  2.00000E-03 -3.73674E+00
  1.77324E+01  2.14944E-28  1.42244E+06  2.00000E-03 -3.73674E+00
  1.78260E+01  2.14928E-28  1.42237E+06  2.00000E-03 -3.74775E+00
  1.79196E+01  2.14605E-28  1.42093E+06  2.00000E-03 -3.96387E+00
  1.80132E+01  2.14422E-28  1.42012E+06  2.00000E-03 -4.07048E+00
  1.81067E+01  2.14397E-28  1.42001E+06  2.00000E-03 -4.08273E+00
  1.82003E+01  2.14326E-28  1.41970E+06  2.00000E-03 -4.14609E+00
  1.82939E+01  2.14336E-28  1.41974E+06  2.00000E-03 -4.13196E+00
  1.83875E+01  2.14521E-28  1.42055E+06  2.00000E-03 -3.93740E+00
  1.84811E+01  2.14535E-28  1.42061E+06  2.00000E-03 -3.92026E+00
  1.85746E+01  2.14534E-28  1.42060E+06  2.00000E-03 -3.92248E+00
  1.86682E+01  2.14550E-28  1.42067E+06  2.00000E-03 -3.91008E+00
  1.87618E+01  2.14901E-28  1.42222E+06  2.00000E-03 -3.61227E+00
  1.88554E+01  2.15415E-28  1.42448E+06  2.00000E-03 -3.17300E+00
  1.89490E+01  2.15467E-28  1.42471E+06  2.00000E-03 -3.13132E+00
  1.90425E+01  2.15467E-28  1.42471E+06  2.00000E-03 -3.13132E+00
  1.91361E+01  2.15517E-28  1.42493E+06  2.00000E-03 -3.08630E+00
  1.92297E+01  2.15846E-28  1.42637E+06  2.00000E-03 -2.79189E+00
  1.93233E+01  2.15940E-28  1.42678E+06  2.00000E-03 -2.70769E+00
  1.94169E+01  2.15940E-28  1.42678E+06  2.00000E-03 -2.70769E+00
  1.95104E+01  2.15961E-28  1.42688E+06  2.00000E-03 -2.69124E+00
  1.96040E+01  2.16205E-28  1.42795E+06  2.00000E-03 -2.49192E+00
  1.96976E+01  2.16493E-28  1.42921E+06  2.00000E-03 -2.24099E+00
  1.97912E+01  2.16524E-28  1.42935E+06  2.00000E-03 -2.21764E+00
  1.98848E+01  2.16524E-28  1.42935E+06  2.00000E-03 -2.21764E+00
  1.99783E+01  2.16534E-28  1.42939E+06  2.00000E-03 -2.20840E+00
  2.00719E+01  2.16733E-28  1.43026E+06  2.00000E-03 -2.02786E+00
  2.01655E+01  2.16795E-28  1.43053E+06  2.00000E-03 -1.97192E+00
  2.02591E+01  2.16795E-28  1.43053E+06  2.00000E-03 -1.97182E+00
  2.03527E+01  2.16867E-28  1.43085E+06  2.00000E-03 -1.92310E+00
  2.04462E+01  2.16994E-28  1.43141E+06  2.00000E-03 -1.82975E+00
  2.05398E+01  2.17429E-28  1.43332E+06  2.00000E-03 -1.47089E+00
  2.06334E+01  2.17431E-28  1.43333E+06  2.00000E-03 -1.46877E+00
  2.07270E+01  2.17431E-28  1.43333E+06  2.00000E-03 -1.46877E+00
  2.08206E+01  2.17524E-28  1.43373E+06  2.00000E-03 -1.40113E+00
  2.09141E+01  2.17892E-28  1.43535E+06  2.00000E-03 -1.09469E+00
  2.10077E+01  2.18013E-28  1.43589E+06  2.00000E-03 -9.87710E-01
  2.11013E+01  2.18049E-28  1.43605E+06  2.00000E-03 -9.64990E-01
  2.11949E+01  2.18094E-28  1.43624E+06  2.00000E-03 -9.31879E-01
  2.12885E+01  2.18126E-28  1.43638E+06  2.00000E-03 -9.11555E-01
  2.13820E+01  2.17969E-28  1.43572E+06  2.00000E-03 -1.03770E+00
  2.14756E+01  2.17887E-28  1.43536E+06  2.00000E-03 -1.10473E+00
  2.15692E+01  2.17887E-28  1.43536E+06  2.00000E-03 -1.10473E+00
  2.16628E+01  2.17887E-28  1.43536E+06  2.00000E-03 -1.10473E+00
  2.17564E+01  2.17887E-28  1.43536E+06  2.00000E-03 -1.10473E+00
  2.18499E+01  2.17887E-28  1.43536E+06  2.00000E-03 -1.10473E+00
  2.19435E+01  2.17887E-28  1.43536E+06  2.00000E-03 -1.10473E+00
  2.20371E+01  2.17887E-28  1.43536E+06  2.00000E-03 -1.10473E+00
  2.21307E+01  2.17859E-28  1.43524E+06  2.00000E-03 -1.12597E+00
  2.22243E+01  2.17456E-28  1.43344E+06  2.00000E-03 -1.44294E+00
  2.23178E+01  2.17455E-28  1.43344E+06  2.00000E-03 -1.44396E+00
  2.24114E+01  2.17455E-28  1.43344E+06  2.00000E-03 -1.44396E+00
  2.25050E+01  2.17455E-28  1.43344E+06  2.00000E-03 -1.44396E+00
  2.25986E+01  2.17455E-28  1.43344E+06  2.00000E-03 -1.44396E+00
  2.26922E+01  2.17455E-28  1.43344E+06  2.00000E-03 -1.44396E+00
  2.27857E+01  2.17455E-28  1.43344E+06  2.00000E-03 -1.44396E+00
  2.28793E+01  2.17370E-28  1.43306E+06  2.00000E-03 -1.49714E+00
  2.29729E+01  2.17233E-28  1.43246E+06  2.00000E-03 -1.58110E+00
  2.30665E+01  2.17048E-28  1.43164E+06  2.00000E-03 -1.66039E+00
  2.31601E+01  2.17042E-28  1.43161E+06  2.00000E-03 -1.66240E+00
  2.32536E+01  2.17042E-28  1.43161E+06  2.00000E-03 -1.66240E+00
  2.33472E+01  2.17042E-28  1.43161E+06  2.00000E-03 -1.66240E+00
  2.34408E+01  2.17042E-28  1.43161E+06  2.00000E-03 -1.66240E+00
  2.35344E+01  2.17042E-28  1.43161E+06  2.00000E-03 -1.66240E+00
  2.36280E+01  2.17042E-28  1.43161E+06  2.00000E-03 -1.66240E+00
  2.37215E+01  2.17042E-28  1.43161E+06  2.00000E-03 -1.66240E+00
  2.38151E+01  2.17042E-28  1.43161E+06  2.00000E-03 -1.66030E+00
  2.39087E+01  2.17046E-28  1.43162E+06  2.00000E-03 -1.62365E+00
  2.40023E+01  2.17047E-28  1.43163E+06  2.00000E-03 -1.61465E+00
  2.40959E+01  2.17047E-28  1.43163E+06  2.00000E-03 -1.61465E+00
  2.41894E+01  2.17047E-28  1.43163E+06  2.00000E-03 -1.61465E+00
  2.42830E+01  2.17047E-28  1.43163E+06  2.00000E-03 -1.61465E+00
  2.43766E+01  2.17047E-28  1.43163E+06  2.00000E-03 -1.61465E+00
  2.44702E+01  2.17067E-28  1.43171E+06  2.00000E-03 -1.58348E+00
  2.45638E+01  2.17078E-28  1.43176E+06  2.00000E-03 -1.56476E+00
  2.46573E+01  2.17098E-28  1.43185E+06  2.00000E-03 -1.53233E+00
  2.47509E+01  2.17179E-28  1.43221E+06  2.00000E-03 -1.44841E+00
  2.48445E+01  2.17218E-28  1.43238E+06  2.00000E-03 -1.40842E+00
  2.49381E+01  2.17218E-28  1.43238E+06  2.00000E-03 -1.40842E+00
  2.50317E+01  2.17218E-28  1.43238E+06  2.00000E-03 -1.40842E+00
  2.51252E+01  2.17218E-28  1.43238E+06  2.00000E-03 -1.40842E+00
  2.52188E+01  2.17218E-28  1.43238E+06  2.00000E-03 -1.40842E+00
  2.53124E+01  2.17218E-28  1.43238E+06  2.00000E-03 -1.40842E+00
  2.54060E+01  2.17218E-28  1.43238E+06  2.00000E-03 -1.40842E+00
  2.54996E+01  2.17218E-28  1.43238E+06  2.00000E-03 -1.40842E+00
  2.55931E+01  2.17305E-28  1.43276E+06  2.00000E-03 -1.32048E+00
  2.56867E+01  2.17349E-28  1.43295E+06  2.00000E-03 -1.27549E+00
  2.57803E+01  2.17349E-28  1.43295E+06  2.00000E-03 -1.27549E+00
  2.58739E+01  2.17349E-28  1.43295E+06  2.00000E-03 -1.27549E+00
  2.59675E+01  2.17349E-28  1.43295E+06  2.00000E-03 -1.27548E+00
  2.60610E+01  2.17349E-28  1.43295E+06  2.00000E-03 -1.27549E+00
  2.61546E+01  2.17385E-28  1.43311E+06  2.00000E-03 -1.24517E+00
  2.62482E+01  2.17425E-28  1.43328E+06  2.00000E-03 -1.20686E+00
  2.63418E+01  2.17463E-28  1.43345E+06  2.00000E-03 -1.17058E+00
  2.64354E+01  2.17448E-28  1.43338E+06  2.00000E-03 -1.16579E+00
  2.65289E+01  2.17436E-28  1.43333E+06  2.00000E-03 -1.16510E+00
  2.66225E+01  2.17435E-28  1.43333E+06  2.00000E-03 -1.16417E+00
  2.67161E+01  2.17433E-28  1.43332E+06  2.00000E-03 -1.16275E+00
  2.68097E+01  2.17430E-28  1.43331E+06  2.00000E-03 -1.16069E+00
  2.69033E+01  2.17430E-28  1.43331E+06  2.00000E-03 -1.16069E+00
  2.69968E+01  2.17430E-28  1.43331E+06  2.00000E-03 -1.16069E+00
  2.70904E+01  2.17430E-28  1.43331E+06  2.00000E-03 -1.16069E+00
  2.71840E+01  2.17430E-28  1.43331E+06  2.00000E-03 -1.16069E+00
  2.72776E+01  2.17355E-28  1.43298E+06  2.00000E-03 -1.19972E+00
