 -2.38863E+01  2.16017E-28  1.42726E+06  2.00000E-03  1.14402E+01
 -2.38395E+01  2.16017E-28  1.42726E+06  2.00000E-03  1.14402E+01
 -2.37927E+01  2.16017E-28  1.42726E+06  2.00000E-03  1.14402E+01
 -2.37459E+01  2.16017E-28  1.42726E+06  2.00000E-03  1.14402E+01
 -2.36991E+01  2.16017E-28  1.42726E+06  2.00000E-03  1.14402E+01
 -2.36523E+01  2.16017E-28  1.42726E+06  2.00000E-03  1.14402E+01
 -2.36055E+01  2.16017E-28  1.42726E+06  2.00000E-03  1.14402E+01
 -2.35587E+01  2.16017E-28  1.42726E+06  2.00000E-03  1.14402E+01
 -2.35119E+01  2.16017E-28  1.42726E+06  2.00000E-03  1.14402E+01
 -2.34651E+01  2.16017E-28  1.42726E+06  2.00000E-03  1.14402E+01
 -2.34184E+01  2.16017E-28  1.42726E+06  2.00000E-03  1.14402E+01
 -2.33716E+01  2.16017E-28  1.42726E+06  2.00000E-03  1.14402E+01
 -2.33248E+01  2.16017E-28  1.42726E+06  2.00000E-03  1.14402E+01
 -2.32780E+01  2.16017E-28  1.42726E+06  2.00000E-03  1.14402E+01
 -2.32312E+01  2.16017E-28  1.42726E+06  2.00000E-03  1.14402E+01
 -2.31844E+01  2.15957E-28  1.42700E+06  2.00000E-03  1.16900E+01
 -2.31376E+01  2.15897E-28  1.42674E+06  2.00000E-03  1.19399E+01
 -2.30908E+01  2.15897E-28  1.42674E+06  2.00000E-03  1.19399E+01
 -2.30440E+01  2.15897E-28  1.42674E+06  2.00000E-03  1.19399E+01
 -2.29972E+01  2.15897E-28  1.42674E+06  2.00000E-03  1.19399E+01
 -2.29505E+01  2.15897E-28  1.42674E+06  2.00000E-03  1.19399E+01
 -2.29037E+01  2.15897E-28  1.42674E+06  2.00000E-03  1.19399E+01
 -2.28569E+01  2.15897E-28  1.42674E+06  2.00000E-03  1.19399E+01
 -2.28101E+01  2.15897E-28  1.42674E+06  2.00000E-03  1.19399E+01
 -2.27633E+01  2.15897E-28  1.42674E+06  2.00000E-03  1.19399E+01
 -2.27165E+01  2.15897E-28  1.42674E+06  2.00000E-03  1.19399E+01
 -2.26697E+01  2.15897E-28  1.42674E+06  2.00000E-03  1.19399E+01
 -2.26229E+01  2.15897E-28  1.42674E+06  2.00000E-03  1.19399E+01
 -2.25761E+01  2.15897E-28  1.42674E+06  2.00000E-03  1.19399E+01
 -2.25294E+01  2.15897E-28  1.42674E+06  2.00000E-03  1.19399E+01
 -2.24826E+01  2.15897E-28  1.42674E+06  2.00000E-03  1.19399E+01
 -2.24358E+01  2.15847E-28  1.42653E+06  2.00000E-03  1.21980E+01
 -2.23890E+01  2.15797E-28  1.42632E+06  2.00000E-03  1.24562E+01
 -2.23422E+01  2.15797E-28  1.42632E+06  2.00000E-03  1.24562E+01
 -2.22954E+01  2.15797E-28  1.42632E+06  2.00000E-03  1.24562E+01
 -2.22486E+01  2.15797E-28  1.42632E+06  2.00000E-03  1.24562E+01
 -2.22018E+01  2.15797E-28  1.42632E+06  2.00000E-03  1.24562E+01
 -2.21550E+01  2.15797E-28  1.42632E+06  2.00000E-03  1.24562E+01
 -2.21082E+01  2.15797E-28  1.42632E+06  2.00000E-03  1.24562E+01
 -2.20615E+01  2.15797E-28  1.42632E+06  2.00000E-03  1.24562E+01
 -2.20147E+01  2.15797E-28  1.42632E+06  2.00000E-03  1.24562E+01
 -2.19679E+01  2.15797E-28  1.42632E+06  2.00000E-03  1.24562E+01
 -2.19211E+01  2.15797E-28  1.42632E+06  2.00000E-03  1.24562E+01
 -2.18743E+01  2.15797E-28  1.42632E+06  2.00000E-03  1.24562E+01
 -2.18275E+01  2.15797E-28  1.42632E+06  2.00000E-03  1.24562E+01
 -2.17807E+01  2.15797E-28  1.42632E+06  2.00000E-03  1.24562E+01
 -2.17339E+01  2.15797E-28  1.42632E+06  2.00000E-03  1.24562E+01
 -2.16871E+01  2.15696E-28  1.42588E+06  2.00000E-03  1.27700E+01
 -2.16403E+01  2.15595E-28  1.42544E+06  2.00000E-03  1.30841E+01
 -2.15936E+01  2.15595E-28  1.42544E+06  2.00000E-03  1.30841E+01
 -2.15468E+01  2.15595E-28  1.42544E+06  2.00000E-03  1.30841E+01
 -2.15000E+01  2.15595E-28  1.42544E+06  2.00000E-03  1.30841E+01
 -2.14532E+01  2.15595E-28  1.42544E+06  2.00000E-03  1.30841E+01
 -2.14064E+01  2.15595E-28  1.42544E+06  2.00000E-03  1.30841E+01
 -2.13596E+01  2.15595E-28  1.42544E+06  2.00000E-03  1.30841E+01
 -2.13128E+01  2.15595E-28  1.42544E+06  2.00000E-03  1.30841E+01
 -2.12660E+01  2.15595E-28  1.42544E+06  2.00000E-03  1.30841E+01
 -2.12192E+01  2.15595E-28  1.42544E+06  2.00000E-03  1.30841E+01
 -2.11724E+01  2.15595E-28  1.42544E+06  2.00000E-03  1.30841E+01
 -2.11257E+01  2.15595E-28  1.42544E+06  2.00000E-03  1.30841E+01
 -2.10789E+01  2.15595E-28  1.42544E+06  2.00000E-03  1.30841E+01
 -2.10321E+01  2.15595E-28  1.42544E+06  2.00000E-03  1.30841E+01
 -2.09853E+01  2.15595E-28  1.42544E+06  2.00000E-03  1.30841E+01
 -2.09385E+01  2.15432E-28  1.42473E+06  2.00000E-03  1.34592E+01
 -2.08917E+01  2.15269E-28  1.42402E+06  2.00000E-03  1.38350E+01
 -2.08449E+01  2.15269E-28  1.42402E+06  2.00000E-03  1.38350E+01
 -2.07981E+01  2.15269E-28  1.42402E+06  2.00000E-03  1.38350E+01
 -2.07513E+01  2.15269E-28  1.42402E+06  2.00000E-03  1.38350E+01
 -2.07045E+01  2.15269E-28  1.42402E+06  2.00000E-03  1.38350E+01
 -2.06578E+01  2.15269E-28  1.42402E+06  2.00000E-03  1.38350E+01
 -2.06110E+01  2.15269E-28  1.42402E+06  2.00000E-03  1.38350E+01
 -2.05642E+01  2.15269E-28  1.42402E+06  2.00000E-03  1.38350E+01
 -2.05174E+01  2.15269E-28  1.42402E+06  2.00000E-03  1.38350E+01
 -2.04706E+01  2.15269E-28  1.42402E+06  2.00000E-03  1.38350E+01
 -2.04238E+01  2.15269E-28  1.42402E+06  2.00000E-03  1.38350E+01
 -2.03770E+01  2.15269E-28  1.42402E+06  2.00000E-03  1.38350E+01
 -2.03302E+01  2.15269E-28  1.42402E+06  2.00000E-03  1.38350E+01
 -2.02834E+01  2.15269E-28  1.42402E+06  2.00000E-03  1.38350E+01
 -2.02366E+01  2.15269E-28  1.42402E+06  2.00000E-03  1.38350E+01
 -2.01899E+01  2.15104E-28  1.42330E+06  2.00000E-03  1.42181E+01
 -2.01431E+01  2.14940E-28  1.42259E+06  2.00000E-03  1.46017E+01
 -2.00963E+01  2.14940E-28  1.42259E+06  2.00000E-03  1.46017E+01
 -2.00495E+01  2.14940E-28  1.42259E+06  2.00000E-03  1.46017E+01
 -2.00027E+01  2.14940E-28  1.42259E+06  2.00000E-03  1.46017E+01
 -1.99559E+01  2.14940E-28  1.42259E+06  2.00000E-03  1.46017E+01
 -1.99091E+01  2.14940E-28  1.42259E+06  2.00000E-03  1.46017E+01
 -1.98623E+01  2.14940E-28  1.42259E+06  2.00000E-03  1.46017E+01
 -1.98155E+01  2.14940E-28  1.42259E+06  2.00000E-03  1.46017E+01
 -1.97687E+01  2.14940E-28  1.42259E+06  2.00000E-03  1.46017E+01
 -1.97220E+01  2.14940E-28  1.42259E+06  2.00000E-03  1.46017E+01
 -1.96752E+01  2.14940E-28  1.42259E+06  2.00000E-03  1.46017E+01
 -1.96284E+01  2.14940E-28  1.42259E+06  2.00000E-03  1.46017E+01
 -1.95816E+01  2.14940E-28  1.42259E+06  2.00000E-03  1.46017E+01
 -1.95348E+01  2.14940E-28  1.42259E+06  2.00000E-03  1.46017E+01
 -1.94880E+01  2.14940E-28  1.42259E+06  2.00000E-03  1.46017E+01
 -1.94412E+01  2.14856E-28  1.42224E+06  2.00000E-03  1.49159E+01
 -1.93944E+01  2.14772E-28  1.42189E+06  2.00000E-03  1.52304E+01
 -1.93476E+01  2.14772E-28  1.42189E+06  2.00000E-03  1.52304E+01
 -1.93008E+01  2.14772E-28  1.42189E+06  2.00000E-03  1.52304E+01
 -1.92541E+01  2.14772E-28  1.42189E+06  2.00000E-03  1.52304E+01
 -1.92073E+01  2.14772E-28  1.42189E+06  2.00000E-03  1.52304E+01
 -1.91605E+01  2.14772E-28  1.42189E+06  2.00000E-03  1.52304E+01
 -1.91137E+01  2.14772E-28  1.42189E+06  2.00000E-03  1.52304E+01
 -1.90669E+01  2.14772E-28  1.42189E+06  2.00000E-03  1.52304E+01
 -1.90201E+01  2.14772E-28  1.42189E+06  2.00000E-03  1.52304E+01
 -1.89733E+01  2.14772E-28  1.42189E+06  2.00000E-03  1.52304E+01
 -1.89265E+01  2.14772E-28  1.42189E+06  2.00000E-03  1.52304E+01
 -1.88797E+01  2.14772E-28  1.42189E+06  2.00000E-03  1.52304E+01
 -1.88329E+01  2.14772E-28  1.42189E+06  2.00000E-03  1.52304E+01
 -1.87862E+01  2.14772E-28  1.42189E+06  2.00000E-03  1.52304E+01
 -1.87394E+01  2.14772E-28  1.42189E+06  2.00000E-03  1.52304E+01
 -1.86926E+01  2.14790E-28  1.42197E+06  2.00000E-03  1.53967E+01
 -1.86458E+01  2.14808E-28  1.42205E+06  2.00000E-03  1.55629E+01
 -1.85990E+01  2.14808E-28  1.42205E+06  2.00000E-03  1.55629E+01
 -1.85522E+01  2.14808E-28  1.42205E+06  2.00000E-03  1.55629E+01
 -1.85054E+01  2.14808E-28  1.42205E+06  2.00000E-03  1.55629E+01
 -1.84586E+01  2.14808E-28  1.42205E+06  2.00000E-03  1.55629E+01
 -1.84118E+01  2.14808E-28  1.42205E+06  2.00000E-03  1.55629E+01
 -1.83650E+01  2.14808E-28  1.42205E+06  2.00000E-03  1.55629E+01
 -1.83183E+01  2.14829E-28  1.42215E+06  2.00000E-03  1.56750E+01
 -1.82715E+01  2.14849E-28  1.42225E+06  2.00000E-03  1.57871E+01
 -1.82247E+01  2.14849E-28  1.42225E+06  2.00000E-03  1.57871E+01
 -1.81779E+01  2.14849E-28  1.42225E+06  2.00000E-03  1.57871E+01
 -1.81311E+01  2.14849E-28  1.42225E+06  2.00000E-03  1.57871E+01
 -1.80843E+01  2.14849E-28  1.42225E+06  2.00000E-03  1.57871E+01
 -1.80375E+01  2.14849E-28  1.42225E+06  2.00000E-03  1.57871E+01
 -1.79907E+01  2.14849E-28  1.42225E+06  2.00000E-03  1.57871E+01
 -1.79439E+01  2.14853E-28  1.42227E+06  2.00000E-03  1.59206E+01
 -1.78971E+01  2.14856E-28  1.42229E+06  2.00000E-03  1.60541E+01
 -1.78504E+01  2.14856E-28  1.42229E+06  2.00000E-03  1.60541E+01
 -1.78036E+01  2.14856E-28  1.42229E+06  2.00000E-03  1.60541E+01
 -1.77568E+01  2.14856E-28  1.42229E+06  2.00000E-03  1.60541E+01
 -1.77100E+01  2.14856E-28  1.42229E+06  2.00000E-03  1.60541E+01
 -1.76632E+01  2.14856E-28  1.42229E+06  2.00000E-03  1.60541E+01
 -1.76164E+01  2.14856E-28  1.42229E+06  2.00000E-03  1.60541E+01
 -1.75696E+01  2.14843E-28  1.42224E+06  2.00000E-03  1.62065E+01
 -1.75228E+01  2.14831E-28  1.42219E+06  2.00000E-03  1.63590E+01
 -1.74760E+01  2.14831E-28  1.42219E+06  2.00000E-03  1.63590E+01
 -1.74292E+01  2.14831E-28  1.42219E+06  2.00000E-03  1.63590E+01
 -1.73825E+01  2.14831E-28  1.42219E+06  2.00000E-03  1.63590E+01
 -1.73357E+01  2.14831E-28  1.42219E+06  2.00000E-03  1.63590E+01
 -1.72889E+01  2.14831E-28  1.42219E+06  2.00000E-03  1.63590E+01
 -1.72421E+01  2.14831E-28  1.42219E+06  2.00000E-03  1.63590E+01
 -1.71953E+01  2.14814E-28  1.42212E+06  2.00000E-03  1.65240E+01
 -1.71485E+01  2.14796E-28  1.42205E+06  2.00000E-03  1.66890E+01
 -1.71017E+01  2.14796E-28  1.42205E+06  2.00000E-03  1.66890E+01
 -1.70549E+01  2.14796E-28  1.42205E+06  2.00000E-03  1.66890E+01
 -1.70081E+01  2.14796E-28  1.42205E+06  2.00000E-03  1.66890E+01
 -1.69613E+01  2.14796E-28  1.42205E+06  2.00000E-03  1.66890E+01
 -1.69146E+01  2.14796E-28  1.42205E+06  2.00000E-03  1.66890E+01
 -1.68678E+01  2.14796E-28  1.42205E+06  2.00000E-03  1.66890E+01
 -1.68210E+01  2.14796E-28  1.42205E+06  2.00000E-03  1.68548E+01
 -1.67742E+01  2.14795E-28  1.42205E+06  2.00000E-03  1.70206E+01
 -1.67274E+01  2.14795E-28  1.42205E+06  2.00000E-03  1.70206E+01
 -1.66806E+01  2.14795E-28  1.42205E+06  2.00000E-03  1.70206E+01
 -1.66338E+01  2.14795E-28  1.42205E+06  2.00000E-03  1.70206E+01
 -1.65870E+01  2.14795E-28  1.42205E+06  2.00000E-03  1.70206E+01
 -1.65402E+01  2.14795E-28  1.42205E+06  2.00000E-03  1.70206E+01
 -1.64935E+01  2.14795E-28  1.42205E+06  2.00000E-03  1.70206E+01
 -1.64467E+01  2.14822E-28  1.42217E+06  2.00000E-03  1.71800E+01
 -1.63999E+01  2.14849E-28  1.42229E+06  2.00000E-03  1.73394E+01
 -1.63531E+01  2.14849E-28  1.42229E+06  2.00000E-03  1.73394E+01
 -1.63063E+01  2.14849E-28  1.42229E+06  2.00000E-03  1.73394E+01
 -1.62595E+01  2.14849E-28  1.42229E+06  2.00000E-03  1.73394E+01
 -1.62127E+01  2.14849E-28  1.42229E+06  2.00000E-03  1.73394E+01
 -1.61659E+01  2.14849E-28  1.42229E+06  2.00000E-03  1.73394E+01
 -1.61191E+01  2.14849E-28  1.42229E+06  2.00000E-03  1.73394E+01
 -1.60723E+01  2.14894E-28  1.42249E+06  2.00000E-03  1.74968E+01
 -1.60256E+01  2.14938E-28  1.42268E+06  2.00000E-03  1.76541E+01
 -1.59788E+01  2.14938E-28  1.42268E+06  2.00000E-03  1.76541E+01
 -1.59320E+01  2.14938E-28  1.42268E+06  2.00000E-03  1.76541E+01
 -1.58852E+01  2.14938E-28  1.42268E+06  2.00000E-03  1.76541E+01
 -1.58384E+01  2.14938E-28  1.42268E+06  2.00000E-03  1.76541E+01
 -1.57916E+01  2.14938E-28  1.42268E+06  2.00000E-03  1.76541E+01
 -1.57448E+01  2.14938E-28  1.42268E+06  2.00000E-03  1.76541E+01
 -1.56980E+01  2.14966E-28  1.42280E+06  2.00000E-03  1.78317E+01
 -1.56512E+01  2.14993E-28  1.42293E+06  2.00000E-03  1.80092E+01
 -1.56044E+01  2.14993E-28  1.42293E+06  2.00000E-03  1.80092E+01
 -1.55577E+01  2.14993E-28  1.42293E+06  2.00000E-03  1.80092E+01
 -1.55109E+01  2.14993E-28  1.42293E+06  2.00000E-03  1.80092E+01
 -1.54641E+01  2.14993E-28  1.42293E+06  2.00000E-03  1.80092E+01
 -1.54173E+01  2.14993E-28  1.42293E+06  2.00000E-03  1.80092E+01
 -1.53705E+01  2.14993E-28  1.42293E+06  2.00000E-03  1.80092E+01
 -1.53237E+01  2.14953E-28  1.42275E+06  2.00000E-03  1.82405E+01
 -1.52769E+01  2.14913E-28  1.42257E+06  2.00000E-03  1.84718E+01
 -1.52301E+01  2.14913E-28  1.42257E+06  2.00000E-03  1.84718E+01
 -1.51833E+01  2.14913E-28  1.42257E+06  2.00000E-03  1.84718E+01
 -1.51365E+01  2.14913E-28  1.42257E+06  2.00000E-03  1.84718E+01
 -1.50898E+01  2.14913E-28  1.42257E+06  2.00000E-03  1.84718E+01
 -1.50430E+01  2.14913E-28  1.42257E+06  2.00000E-03  1.84718E+01
 -1.49962E+01  2.14913E-28  1.42257E+06  2.00000E-03  1.84718E+01
 -1.49494E+01  2.14778E-28  1.42198E+06  2.00000E-03  1.88002E+01
 -1.49026E+01  2.14642E-28  1.42138E+06  2.00000E-03  1.91291E+01
 -1.48558E+01  2.14642E-28  1.42138E+06  2.00000E-03  1.91291E+01
 -1.48090E+01  2.14642E-28  1.42138E+06  2.00000E-03  1.91291E+01
 -1.47622E+01  2.14642E-28  1.42138E+06  2.00000E-03  1.91291E+01
 -1.47154E+01  2.14642E-28  1.42138E+06  2.00000E-03  1.91291E+01
 -1.46686E+01  2.14642E-28  1.42138E+06  2.00000E-03  1.91291E+01
 -1.46219E+01  2.14642E-28  1.42138E+06  2.00000E-03  1.91291E+01
 -1.45751E+01  2.14415E-28  1.42039E+06  2.00000E-03  1.95739E+01
 -1.45283E+01  2.14188E-28  1.41940E+06  2.00000E-03  2.00196E+01
 -1.44815E+01  2.14188E-28  1.41940E+06  2.00000E-03  2.00196E+01
 -1.44347E+01  2.14188E-28  1.41940E+06  2.00000E-03  2.00196E+01
 -1.43879E+01  2.14188E-28  1.41940E+06  2.00000E-03  2.00196E+01
 -1.43411E+01  2.14188E-28  1.41940E+06  2.00000E-03  2.00196E+01
 -1.42943E+01  2.14188E-28  1.41940E+06  2.00000E-03  2.00196E+01
 -1.42475E+01  2.14188E-28  1.41940E+06  2.00000E-03  2.00196E+01
 -1.42007E+01  2.13902E-28  1.41813E+06  2.00000E-03  2.04843E+01
 -1.41540E+01  2.13617E-28  1.41687E+06  2.00000E-03  2.09502E+01
 -1.41072E+01  2.13617E-28  1.41687E+06  2.00000E-03  2.09502E+01
 -1.40604E+01  2.13617E-28  1.41687E+06  2.00000E-03  2.09502E+01
 -1.40136E+01  2.13617E-28  1.41687E+06  2.00000E-03  2.09502E+01
 -1.39668E+01  2.13617E-28  1.41687E+06  2.00000E-03  2.09502E+01
 -1.39200E+01  2.13617E-28  1.41687E+06  2.00000E-03  2.09502E+01
 -1.38732E+01  2.13617E-28  1.41687E+06  2.00000E-03  2.09502E+01
 -1.38264E+01  2.13481E-28  1.41627E+06  2.00000E-03  2.11759E+01
 -1.37796E+01  2.13345E-28  1.41566E+06  2.00000E-03  2.14020E+01
 -1.37328E+01  2.13345E-28  1.41566E+06  2.00000E-03  2.14020E+01
 -1.36861E+01  2.13345E-28  1.41566E+06  2.00000E-03  2.14020E+01
 -1.36393E+01  2.13240E-28  1.41521E+06  2.00000E-03  2.15649E+01
 -1.35925E+01  2.13136E-28  1.41475E+06  2.00000E-03  2.17281E+01
 -1.35457E+01  2.13136E-28  1.41475E+06  2.00000E-03  2.17281E+01
 -1.34989E+01  2.13136E-28  1.41475E+06  2.00000E-03  2.17281E+01
 -1.34521E+01  2.13046E-28  1.41436E+06  2.00000E-03  2.18828E+01
 -1.34053E+01  2.12956E-28  1.41397E+06  2.00000E-03  2.20376E+01
 -1.33585E+01  2.12956E-28  1.41397E+06  2.00000E-03  2.20376E+01
 -1.33117E+01  2.12956E-28  1.41397E+06  2.00000E-03  2.20376E+01
 -1.32649E+01  2.12874E-28  1.41363E+06  2.00000E-03  2.21969E+01
 -1.32182E+01  2.12792E-28  1.41328E+06  2.00000E-03  2.23563E+01
 -1.31714E+01  2.12792E-28  1.41328E+06  2.00000E-03  2.23563E+01
 -1.31246E+01  2.12792E-28  1.41328E+06  2.00000E-03  2.23563E+01
 -1.30778E+01  2.12709E-28  1.41295E+06  2.00000E-03  2.25361E+01
 -1.30310E+01  2.12626E-28  1.41261E+06  2.00000E-03  2.27160E+01
 -1.29842E+01  2.12626E-28  1.41261E+06  2.00000E-03  2.27160E+01
 -1.29374E+01  2.12626E-28  1.41261E+06  2.00000E-03  2.27160E+01
 -1.28906E+01  2.12531E-28  1.41222E+06  2.00000E-03  2.29370E+01
 -1.28438E+01  2.12436E-28  1.41183E+06  2.00000E-03  2.31582E+01
 -1.27970E+01  2.12436E-28  1.41183E+06  2.00000E-03  2.31582E+01
 -1.27503E+01  2.12436E-28  1.41183E+06  2.00000E-03  2.31582E+01
 -1.27035E+01  2.12322E-28  1.41135E+06  2.00000E-03  2.34497E+01
 -1.26567E+01  2.12207E-28  1.41087E+06  2.00000E-03  2.37415E+01
 -1.26099E+01  2.12207E-28  1.41087E+06  2.00000E-03  2.37415E+01
 -1.25631E+01  2.12207E-28  1.41087E+06  2.00000E-03  2.37415E+01
 -1.25163E+01  2.12065E-28  1.41026E+06  2.00000E-03  2.41385E+01
 -1.24695E+01  2.11923E-28  1.40966E+06  2.00000E-03  2.45360E+01
 -1.24227E+01  2.11923E-28  1.40966E+06  2.00000E-03  2.45360E+01
 -1.23759E+01  2.11923E-28  1.40966E+06  2.00000E-03  2.45360E+01
 -1.23291E+01  2.11730E-28  1.40882E+06  2.00000E-03  2.50285E+01
 -1.22824E+01  2.11537E-28  1.40799E+06  2.00000E-03  2.55219E+01
 -1.22356E+01  2.11537E-28  1.40799E+06  2.00000E-03  2.55219E+01
 -1.21888E+01  2.11537E-28  1.40799E+06  2.00000E-03  2.55219E+01
 -1.21420E+01  2.11307E-28  1.40698E+06  2.00000E-03  2.60730E+01
 -1.20952E+01  2.11077E-28  1.40597E+06  2.00000E-03  2.66253E+01
 -1.20484E+01  2.11077E-28  1.40597E+06  2.00000E-03  2.66253E+01
 -1.20016E+01  2.11077E-28  1.40597E+06  2.00000E-03  2.66253E+01
 -1.19548E+01  2.10825E-28  1.40487E+06  2.00000E-03  2.72442E+01
 -1.19080E+01  2.10574E-28  1.40377E+06  2.00000E-03  2.78646E+01
 -1.18612E+01  2.10574E-28  1.40377E+06  2.00000E-03  2.78646E+01
 -1.18145E+01  2.10574E-28  1.40377E+06  2.00000E-03  2.78646E+01
 -1.17677E+01  2.10305E-28  1.40260E+06  2.00000E-03  2.85321E+01
 -1.17209E+01  2.10036E-28  1.40143E+06  2.00000E-03  2.92013E+01
 -1.16741E+01  2.10036E-28  1.40143E+06  2.00000E-03  2.92013E+01
 -1.16273E+01  2.10036E-28  1.40143E+06  2.00000E-03  2.92013E+01
 -1.15805E+01  2.09739E-28  1.40012E+06  2.00000E-03  2.97599E+01
 -1.15337E+01  2.09442E-28  1.39881E+06  2.00000E-03  3.03201E+01
 -1.14869E+01  2.09442E-28  1.39881E+06  2.00000E-03  3.03201E+01
 -1.14401E+01  2.09442E-28  1.39881E+06  2.00000E-03  3.03201E+01
 -1.13933E+01  2.09195E-28  1.39771E+06  2.00000E-03  3.06589E+01
 -1.13466E+01  2.08948E-28  1.39661E+06  2.00000E-03  3.09986E+01
 -1.12998E+01  2.08948E-28  1.39661E+06  2.00000E-03  3.09986E+01
 -1.12530E+01  2.08948E-28  1.39661E+06  2.00000E-03  3.09986E+01
 -1.12062E+01  2.08755E-28  1.39571E+06  2.00000E-03  3.12095E+01
 -1.11594E+01  2.08561E-28  1.39481E+06  2.00000E-03  3.14208E+01
 -1.11126E+01  2.08561E-28  1.39481E+06  2.00000E-03  3.14208E+01
 -1.10658E+01  2.08561E-28  1.39481E+06  2.00000E-03  3.14208E+01
 -1.10190E+01  2.08365E-28  1.39382E+06  2.00000E-03  3.15551E+01
 -1.09722E+01  2.08168E-28  1.39282E+06  2.00000E-03  3.16897E+01
 -1.09254E+01  2.08168E-28  1.39282E+06  2.00000E-03  3.16897E+01
 -1.08787E+01  2.08168E-28  1.39282E+06  2.00000E-03  3.16897E+01
 -1.08319E+01  2.07922E-28  1.39156E+06  2.00000E-03  3.16535E+01
 -1.07851E+01  2.07677E-28  1.39030E+06  2.00000E-03  3.16171E+01
 -1.07383E+01  2.07677E-28  1.39030E+06  2.00000E-03  3.16171E+01
 -1.06915E+01  2.07677E-28  1.39030E+06  2.00000E-03  3.16171E+01
 -1.06447E+01  2.07371E-28  1.38878E+06  2.00000E-03  3.13322E+01
 -1.05979E+01  2.07066E-28  1.38726E+06  2.00000E-03  3.10463E+01
 -1.05511E+01  2.07066E-28  1.38726E+06  2.00000E-03  3.10463E+01
 -1.05043E+01  2.07066E-28  1.38726E+06  2.00000E-03  3.10463E+01
 -1.04575E+01  2.06685E-28  1.38550E+06  2.00000E-03  3.05643E+01
 -1.04108E+01  2.06305E-28  1.38373E+06  2.00000E-03  3.00804E+01
 -1.03640E+01  2.06305E-28  1.38373E+06  2.00000E-03  3.00804E+01
 -1.03172E+01  2.06305E-28  1.38373E+06  2.00000E-03  3.00804E+01
 -1.02704E+01  2.05820E-28  1.38171E+06  2.00000E-03  2.94993E+01
 -1.02236E+01  2.05334E-28  1.37969E+06  2.00000E-03  2.89155E+01
 -1.01768E+01  2.05334E-28  1.37969E+06  2.00000E-03  2.89155E+01
 -1.01300E+01  2.05334E-28  1.37969E+06  2.00000E-03  2.89155E+01
 -1.00832E+01  2.04807E-28  1.37661E+06  2.00000E-03  2.82434E+01
 -1.00364E+01  2.04279E-28  1.37352E+06  2.00000E-03  2.75678E+01
 -9.98965E+00  2.04279E-28  1.37352E+06  2.00000E-03  2.75678E+01
 -9.94286E+00  2.04279E-28  1.37352E+06  2.00000E-03  2.75678E+01
 -9.89607E+00  2.02896E-28  1.37436E+06  2.00000E-03  2.66680E+01
 -9.84928E+00  2.01513E-28  1.37522E+06  2.00000E-03  2.57558E+01
 -9.80249E+00  2.01513E-28  1.37522E+06  2.00000E-03  2.57558E+01
 -9.75570E+00  2.01513E-28  1.37522E+06  2.00000E-03  2.57558E+01
 -9.70891E+00  2.04233E-28  1.34594E+06  1.98673E-03  2.43576E+01
 -9.66212E+00  2.06953E-28  1.31743E+06  1.97382E-03  2.29961E+01
 -9.61533E+00  2.06953E-28  1.31743E+06  1.97382E-03  2.29961E+01
 -9.56854E+00  2.06953E-28  1.31743E+06  1.97382E-03  2.29961E+01
 -9.52175E+00  2.71677E-28  9.87340E+05  1.80216E-03  1.91449E+01
 -9.47496E+00  3.36401E-28  7.84267E+05  1.69656E-03  1.67756E+01
 -9.42817E+00  3.36401E-28  7.84267E+05  1.69656E-03  1.67756E+01
 -9.38138E+00  3.36401E-28  7.84267E+05  1.69656E-03  1.67756E+01
 -9.33459E+00  4.26489E-28  6.08722E+05  1.58738E-03  1.40412E+01
 -9.28780E+00  5.16578E-28  4.94406E+05  1.51628E-03  1.22605E+01
 -9.24101E+00  5.16578E-28  4.94406E+05  1.51628E-03  1.22605E+01
 -9.19422E+00  5.16578E-28  4.94406E+05  1.51628E-03  1.22605E+01
 -9.14743E+00  5.53473E-28  4.53481E+05  1.49621E-03  1.33198E+01
 -9.10064E+00  5.90368E-28  4.17671E+05  1.47865E-03  1.42468E+01
 -9.05385E+00  5.83409E-28  4.17793E+05  1.48067E-03  1.52021E+01
 -9.00706E+00  5.76449E-28  4.17919E+05  1.48273E-03  1.61804E+01
 -8.96027E+00  5.60380E-28  4.25188E+05  1.48937E-03  1.75017E+01
 -8.91348E+00  5.44311E-28  4.32886E+05  1.49641E-03  1.89011E+01
 -8.86669E+00  5.33609E-28  4.36494E+05  1.50203E-03  2.05791E+01
 -8.81990E+00  5.22906E-28  4.40249E+05  1.50788E-03  2.23257E+01
 -8.77311E+00  5.20495E-28  4.38116E+05  1.51090E-03  2.41093E+01
 -8.72632E+00  5.18083E-28  4.35963E+05  1.51395E-03  2.59095E+01
 -8.67953E+00  5.13126E-28  4.37856E+05  1.51852E-03  2.75844E+01
 -8.63274E+00  5.08169E-28  4.39785E+05  1.52319E-03  2.92920E+01
 -8.58595E+00  4.84585E-28  4.60975E+05  1.53759E-03  3.08450E+01
 -8.53916E+00  4.61001E-28  4.84333E+05  1.55345E-03  3.25569E+01
 -8.49237E+00  4.21763E-28  5.28868E+05  1.57965E-03  3.41595E+01
 -8.44558E+00  3.82526E-28  5.82539E+05  1.61122E-03  3.60909E+01
 -8.39879E+00  3.53000E-28  6.27754E+05  1.63554E-03  3.75769E+01
 -8.35200E+00  3.23475E-28  6.81224E+05  1.66430E-03  3.93342E+01
 -8.30521E+00  3.06563E-28  7.11987E+05  1.68322E-03  4.03825E+01
 -8.25842E+00  2.89652E-28  7.46343E+05  1.70435E-03  4.15532E+01
 -8.21163E+00  2.75272E-28  7.75848E+05  1.72358E-03  4.22205E+01
 -8.16484E+00  2.60893E-28  8.08605E+05  1.74494E-03  4.29615E+01
 -8.11805E+00  2.54901E-28  8.15931E+05  1.75112E-03  4.33913E+01
 -8.07126E+00  2.48909E-28  8.23610E+05  1.75760E-03  4.38419E+01
 -8.02447E+00  2.64377E-28  7.62477E+05  1.72553E-03  4.40960E+01
 -7.97768E+00  2.79845E-28  7.08103E+05  1.69700E-03  4.43221E+01
 -7.93089E+00  3.10648E-28  6.25257E+05  1.64438E-03  4.45759E+01
 -7.88410E+00  3.41452E-28  5.57359E+05  1.60126E-03  4.47838E+01
 -7.83731E+00  3.71772E-28  4.99873E+05  1.56435E-03  4.48872E+01
 -7.79052E+00  4.02092E-28  4.51057E+05  1.53300E-03  4.49751E+01
 -7.74373E+00  4.16258E-28  4.25999E+05  1.51984E-03  4.45908E+01
 -7.69694E+00  4.30425E-28  4.02591E+05  1.50754E-03  4.42318E+01
 -7.65015E+00  4.27811E-28  3.98009E+05  1.50789E-03  4.37449E+01
 -7.60336E+00  4.25198E-28  3.93372E+05  1.50823E-03  4.32520E+01
 -7.55657E+00  4.13846E-28  4.00472E+05  1.51482E-03  4.29937E+01
 -7.50978E+00  4.02493E-28  4.07973E+05  1.52178E-03  4.27208E+01
 -7.46299E+00  3.85672E-28  4.26772E+05  1.53419E-03  4.26662E+01
 -7.41620E+00  3.68851E-28  4.47284E+05  1.54773E-03  4.26066E+01
 -7.36941E+00  3.41833E-28  4.90282E+05  1.57453E-03  4.24585E+01
 -7.32262E+00  3.14815E-28  5.40660E+05  1.60592E-03  4.22850E+01
 -7.27583E+00  2.81689E-28  6.17245E+05  1.65526E-03  4.21501E+01
 -7.22904E+00  2.48563E-28  7.14244E+05  1.71776E-03  4.19793E+01
 -7.18225E+00  2.23858E-28  8.07999E+05  1.77747E-03  4.20149E+01
 -7.13546E+00  1.99153E-28  9.25016E+05  1.85201E-03  4.20594E+01
 -7.08867E+00  1.87989E-28  9.91738E+05  1.89477E-03  4.28083E+01
 -7.04188E+00  1.76824E-28  1.06689E+06  1.94294E-03  4.36517E+01
 -6.99509E+00  1.69028E-28  1.11732E+06  1.96089E-03  4.54029E+01
 -6.94830E+00  1.61232E-28  1.17264E+06  1.98057E-03  4.73236E+01
 -6.90151E+00  1.58091E-28  1.18586E+06  1.98302E-03  5.01345E+01
 -6.85472E+00  1.54950E-28  1.19962E+06  1.98557E-03  5.30594E+01
 -6.80793E+00  2.00009E-28  8.98387E+05  1.91560E-03  5.47647E+01
 -6.76114E+00  2.45068E-28  7.07925E+05  1.87136E-03  5.58429E+01
 -6.71435E+00  4.76605E-28  3.40082E+05  1.61587E-03  5.03120E+01
 -6.66756E+00  7.08142E-28  2.12781E+05  1.52745E-03  4.83979E+01
 -6.62077E+00  1.13076E-27  1.27869E+05  1.40145E-03  4.25963E+01
 -6.57398E+00  1.55338E-27  8.91592E+04  1.34400E-03  3.99516E+01
 -6.52719E+00  1.91795E-27  7.29073E+04  1.32405E-03  3.76698E+01
 -6.48040E+00  2.28253E-27  6.18469E+04  1.31047E-03  3.61169E+01
 -6.43362E+00  2.38679E-27  6.05844E+04  1.30963E-03  3.66936E+01
 -6.38683E+00  2.49105E-27  5.94276E+04  1.30885E-03  3.72221E+01
 -6.34003E+00  2.25284E-27  6.70792E+04  1.31522E-03  3.97806E+01
 -6.29325E+00  2.01463E-27  7.65402E+04  1.32309E-03  4.29442E+01
 -6.24646E+00  1.65190E-27  9.34051E+04  1.33738E-03  4.68677E+01
 -6.19967E+00  1.28916E-27  1.19761E+05  1.35971E-03  5.29991E+01
 -6.15288E+00  1.03217E-27  1.50807E+05  1.38491E-03  5.60217E+01
 -6.10609E+00  7.75176E-28  2.02439E+05  1.42681E-03  6.10484E+01
 -6.05930E+00  6.46218E-28  2.51969E+05  1.45802E-03  6.05291E+01
 -6.01251E+00  5.17260E-28  3.26195E+05  1.50480E-03  5.97509E+01
 -5.96572E+00  4.64333E-28  3.81583E+05  1.52391E-03  5.50893E+01
 -5.91893E+00  4.11406E-28  4.51223E+05  1.54795E-03  4.92284E+01
 -5.87214E+00  4.02236E-28  4.78874E+05  1.55552E-03  4.34603E+01
 -5.82535E+00  3.93066E-28  5.07815E+05  1.56345E-03  3.74231E+01
 -5.77856E+00  4.25707E-28  4.81078E+05  1.54611E-03  3.21460E+01
 -5.73177E+00  4.58349E-28  4.58149E+05  1.53125E-03  2.76206E+01
 -5.68498E+00  5.75317E-28  3.69870E+05  1.48235E-03  2.30945E+01
 -5.63819E+00  6.92285E-28  3.11422E+05  1.44998E-03  2.00979E+01
 -5.59140E+00  7.58847E-28  2.86342E+05  1.43009E-03  1.87886E+01
 -5.54461E+00  8.25409E-28  2.65306E+05  1.41341E-03  1.76904E+01
 -5.49782E+00  8.83270E-28  2.46581E+05  1.40581E-03  1.96263E+01
 -5.45103E+00  9.41132E-28  2.30158E+05  1.39915E-03  2.13242E+01
 -5.40424E+00  1.06915E-27  1.99513E+05  1.39003E-03  2.23065E+01
 -5.35745E+00  1.19718E-27  1.75421E+05  1.38286E-03  2.30788E+01
 -5.31066E+00  1.24108E-27  1.70992E+05  1.38022E-03  2.07383E+01
 -5.26387E+00  1.28499E-27  1.66866E+05  1.37776E-03  1.85578E+01
 -5.21708E+00  1.14988E-27  1.90612E+05  1.38822E-03  1.52125E+01
 -5.17029E+00  1.01477E-27  2.20683E+05  1.40146E-03  1.09764E+01
 -5.12350E+00  8.98404E-28  2.49445E+05  1.41592E-03  8.14961E+00
 -5.07671E+00  7.82037E-28  2.86768E+05  1.43467E-03  4.48159E+00
 -5.02992E+00  7.38916E-28  2.98815E+05  1.44114E-03  2.26686E+00
 -4.98313E+00  6.95795E-28  3.12356E+05  1.44841E-03 -2.22370E-01
 -4.93634E+00  6.80157E-28  3.12237E+05  1.44935E-03 -1.95150E+00
 -4.88955E+00  6.64518E-28  3.12111E+05  1.45034E-03 -3.76202E+00
 -4.84276E+00  6.50959E-28  3.11571E+05  1.45150E-03 -4.77109E+00
 -4.79597E+00  6.37401E-28  3.11009E+05  1.45270E-03 -5.82310E+00
 -4.74918E+00  6.22156E-28  3.13334E+05  1.45573E-03 -5.99805E+00
 -4.70239E+00  6.06911E-28  3.15777E+05  1.45891E-03 -6.18178E+00
 -4.65560E+00  6.05955E-28  3.13633E+05  1.45932E-03 -5.59601E+00
 -4.60881E+00  6.04999E-28  3.11483E+05  1.45972E-03 -5.00838E+00
 -4.56202E+00  6.58579E-28  2.81966E+05  1.44365E-03 -5.04288E+00
 -4.51523E+00  7.94188E-28  2.29502E+05  1.41512E-03 -4.01480E+00
 -4.46844E+00  9.63101E-28  1.87939E+05  1.39502E-03 -1.53676E+00
 -4.42165E+00  1.15308E-27  1.55983E+05  1.38447E-03  1.48564E+00
 -4.37486E+00  1.36504E-27  1.31453E+05  1.37969E-03  3.99606E+00
 -4.32807E+00  1.53381E-27  1.18584E+05  1.37851E-03  5.16456E+00
 -4.28128E+00  1.58238E-27  1.19749E+05  1.38034E-03  4.92677E+00
 -4.23449E+00  1.49006E-27  1.34598E+05  1.38584E-03  4.17759E+00
 -4.18770E+00  1.27697E-27  1.64526E+05  1.39612E-03  4.22743E+00
 -4.14091E+00  1.01306E-27  2.13029E+05  1.41319E-03  5.84068E+00
 -4.09412E+00  7.80440E-28  2.79724E+05  1.43870E-03  9.00352E+00
 -4.04733E+00  6.17874E-28  3.53016E+05  1.46728E-03  1.30201E+01
 -4.00054E+00  5.25316E-28  4.10467E+05  1.48897E-03  1.67780E+01
 -3.95375E+00  4.79295E-28  4.40174E+05  1.50383E-03  1.94111E+01
 -3.90696E+00  4.58817E-28  4.44813E+05  1.51805E-03  2.11398E+01
 -3.86017E+00  4.75783E-28  4.05270E+05  1.52255E-03  2.29994E+01
 -3.81338E+00  5.93429E-28  2.96717E+05  1.49179E-03  2.61130E+01
 -3.76659E+00  1.11155E-27  1.36229E+05  1.41275E-03  2.95572E+01
 -3.71980E+00  2.07925E-27  5.81551E+04  1.37229E-03  2.95920E+01
 -3.67301E+00  2.83158E-27  3.55175E+04  1.36504E-03  2.73673E+01
 -3.62622E+00  2.80921E-27  3.45785E+04  1.37106E-03  2.37127E+01
 -3.57943E+00  2.27222E-27  4.53121E+04  1.38275E-03  1.86751E+01
 -3.53264E+00  1.77615E-27  6.36552E+04  1.39471E-03  1.26964E+01
 -3.48585E+00  1.52609E-27  8.31004E+04  1.40346E-03  6.75695E+00
 -3.43906E+00  1.41108E-27  1.02899E+05  1.40947E-03  1.83886E+00
 -3.39227E+00  1.29155E-27  1.28130E+05  1.41544E-03 -1.57386E+00
 -3.34548E+00  1.17013E-27  1.54942E+05  1.42233E-03 -3.29142E+00
 -3.29869E+00  1.05982E-27  1.80665E+05  1.43306E-03 -4.17060E+00
 -3.25190E+00  1.06053E-27  1.88325E+05  1.44290E-03 -4.67293E+00
 -3.20511E+00  1.49624E-27  1.41798E+05  1.41397E-03 -2.70177E+00
 -3.15832E+00  2.68694E-27  8.58050E+04  1.37557E-03  1.51178E+00
 -3.11153E+00  4.01546E-27  6.25011E+04  1.36212E-03  4.71499E+00
 -3.06474E+00  3.97235E-27  6.68485E+04  1.37638E-03  5.36877E+00
 -3.01795E+00  4.58398E-27  5.85458E+04  1.38277E-03  4.83522E-01
 -2.97116E+00  1.10402E-26  2.31553E+04  1.34708E-03 -6.27893E+00
 -2.92437E+00  1.48500E-26  1.47422E+04  1.33330E-03 -1.02841E+01
 -2.87758E+00  1.20459E-26  1.46575E+04  1.32879E-03 -1.49899E+01
 -2.83079E+00  1.06272E-26  1.52798E+04  1.33234E-03 -1.69110E+01
 -2.78400E+00  1.05119E-26  1.63316E+04  1.33738E-03 -1.50319E+01
 -2.73721E+00  1.03345E-26  1.75320E+04  1.34234E-03 -1.13297E+01
 -2.69042E+00  1.02951E-26  1.79152E+04  1.34638E-03 -7.78509E+00
 -2.64363E+00  1.15360E-26  1.63668E+04  1.34317E-03 -6.11836E+00
 -2.59684E+00  1.47204E-26  1.42661E+04  1.32100E-03 -6.19501E+00
 -2.55005E+00  1.79982E-26  1.34287E+04  1.29223E-03 -6.78850E+00
 -2.50326E+00  1.99392E-26  1.33907E+04  1.27705E-03 -7.69000E+00
 -2.45647E+00  2.07734E-26  1.35332E+04  1.27572E-03 -8.79585E+00
 -2.40968E+00  2.05181E-26  1.37260E+04  1.27942E-03 -9.83658E+00
 -2.36289E+00  1.98333E-26  1.39217E+04  1.28735E-03 -1.05903E+01
 -2.31610E+00  1.93542E-26  1.41365E+04  1.29581E-03 -1.12795E+01
 -2.26931E+00  1.89871E-26  1.44123E+04  1.30236E-03 -1.24496E+01
 -2.22252E+00  1.88470E-26  1.45689E+04  1.30791E-03 -1.40971E+01
 -2.17573E+00  1.91264E-26  1.44403E+04  1.31220E-03 -1.53459E+01
 -2.12894E+00  1.92633E-26  1.41928E+04  1.31504E-03 -1.57861E+01
 -2.08215E+00  1.89100E-26  1.39920E+04  1.31647E-03 -1.58288E+01
 -2.03536E+00  1.85262E-26  1.38918E+04  1.31740E-03 -1.56484E+01
 -1.98857E+00  1.84810E-26  1.39626E+04  1.32008E-03 -1.51447E+01
 -1.94178E+00  1.84713E-26  1.42394E+04  1.32569E-03 -1.46716E+01
 -1.89499E+00  1.76136E-26  1.45775E+04  1.33170E-03 -1.48922E+01
 -1.84820E+00  1.55579E-26  1.47762E+04  1.33488E-03 -1.56860E+01
 -1.80141E+00  1.33367E-26  1.47915E+04  1.33471E-03 -1.58745E+01
 -1.75462E+00  1.18325E-26  1.46972E+04  1.33123E-03 -1.46501E+01
 -1.70783E+00  1.10026E-26  1.45454E+04  1.32408E-03 -1.24791E+01
 -1.66104E+00  1.07384E-26  1.43920E+04  1.31497E-03 -1.02566E+01
 -1.61425E+00  1.10538E-26  1.42684E+04  1.30723E-03 -8.59076E+00
 -1.56746E+00  1.18659E-26  1.41380E+04  1.30348E-03 -7.36093E+00
 -1.52067E+00  1.27931E-26  1.39788E+04  1.30296E-03 -6.18012E+00
 -1.47388E+00  1.34197E-26  1.38175E+04  1.30415E-03 -4.71483E+00
 -1.42709E+00  1.32677E-26  1.36814E+04  1.30747E-03 -2.94890E+00
 -1.38030E+00  1.17745E-26  1.38054E+04  1.31724E-03 -1.49699E+00
 -1.33351E+00  9.77465E-27  1.44817E+04  1.33377E-03 -6.79547E-01
 -1.28672E+00  9.18465E-27  1.47105E+04  1.34878E-03  1.64469E-02
 -1.23993E+00  8.80633E-27  1.51656E+04  1.35623E-03  1.87644E-01
 -1.19314E+00  7.91345E-27  1.62392E+04  1.35422E-03 -5.99068E-01
 -1.14635E+00  7.53235E-27  1.67056E+04  1.34857E-03 -1.31457E+00
 -1.09956E+00  7.32902E-27  1.70334E+04  1.34776E-03 -1.35449E+00
 -1.05277E+00  7.41575E-27  1.69733E+04  1.34979E-03 -1.97888E+00
 -1.00598E+00  8.09410E-27  1.61155E+04  1.35052E-03 -4.46423E+00
 -9.59194E-01  8.89619E-27  1.48723E+04  1.34696E-03 -7.44628E+00
 -9.12404E-01  8.74644E-27  1.43255E+04  1.34557E-03 -9.84204E+00
 -8.65614E-01  8.03126E-27  1.45648E+04  1.34823E-03 -1.27308E+01
 -8.18824E-01  7.79012E-27  1.51916E+04  1.35141E-03 -1.66633E+01
 -7.72034E-01  7.57680E-27  1.67880E+04  1.35390E-03 -2.02555E+01
 -7.25244E-01  6.10548E-27  2.16798E+04  1.35473E-03 -2.29447E+01
 -6.78454E-01  3.37779E-27  3.70927E+04  1.35574E-03 -2.54736E+01
 -6.31664E-01  1.57164E-27  6.68377E+04  1.35848E-03 -2.93719E+01
 -5.84874E-01  1.83236E-27  4.27197E+04  1.35140E-03 -3.16877E+01
 -5.38084E-01  3.21499E-27  2.07931E+04  1.34496E-03 -2.88716E+01
 -4.91294E-01  4.67115E-27  1.90904E+04  1.34353E-03 -2.53253E+01
 -4.44504E-01  4.94569E-27  2.72002E+04  1.34622E-03 -2.43123E+01
 -3.97714E-01  3.36423E-27  5.53289E+04  1.35852E-03 -2.65152E+01
 -3.50924E-01  1.44137E-27  1.59802E+05  1.39930E-03 -3.21242E+01
 -3.04135E-01  6.98083E-28  3.70972E+05  1.46785E-03 -3.53700E+01
 -2.57345E-01  6.93813E-28  3.91065E+05  1.46753E-03 -3.10131E+01
 -2.10555E-01  7.96044E-28  3.42630E+05  1.45014E-03 -2.75070E+01
 -1.63765E-01  8.36637E-28  3.24219E+05  1.44640E-03 -2.54714E+01
 -1.16975E-01  7.76265E-28  3.46135E+05  1.45491E-03 -2.41449E+01
 -7.01849E-02  6.81531E-28  3.90778E+05  1.46647E-03 -2.36113E+01
 -2.33950E-02  6.09655E-28  4.33825E+05  1.47390E-03 -2.41530E+01
  2.33950E-02  5.80790E-28  4.54767E+05  1.47388E-03 -2.58115E+01
  7.01849E-02  6.45956E-28  4.12369E+05  1.45553E-03 -2.82784E+01
  1.16975E-01  9.35768E-28  2.89896E+05  1.40748E-03 -3.06744E+01
  1.63765E-01  1.35561E-27  2.04094E+05  1.36674E-03 -3.22770E+01
  2.10555E-01  1.57416E-27  1.76219E+05  1.34955E-03 -3.34581E+01
  2.57345E-01  1.44186E-27  1.88619E+05  1.35254E-03 -3.42349E+01
  3.04135E-01  1.01844E-27  2.59330E+05  1.38419E-03 -3.44997E+01
  3.50924E-01  6.11205E-28  4.18807E+05  1.46492E-03 -3.51152E+01
  3.97714E-01  4.63068E-28  5.35266E+05  1.52789E-03 -3.80175E+01
  4.44504E-01  5.28192E-28  4.52452E+05  1.49234E-03 -4.19576E+01
  4.91294E-01  7.04069E-28  3.24936E+05  1.43273E-03 -4.45925E+01
  5.38084E-01  8.84874E-28  2.48976E+05  1.39376E-03 -4.52697E+01
  5.84874E-01  1.05469E-27  2.05189E+05  1.37335E-03 -4.37968E+01
  6.31664E-01  1.32432E-27  1.63301E+05  1.36139E-03 -4.10108E+01
  6.78454E-01  1.86771E-27  1.16081E+05  1.35144E-03 -3.84580E+01
  7.25244E-01  2.78981E-27  7.67868E+04  1.34222E-03 -3.69596E+01
  7.72034E-01  3.91687E-27  5.24484E+04  1.33531E-03 -3.63379E+01
  8.18824E-01  4.78469E-27  4.00264E+04  1.33121E-03 -3.62824E+01
  8.65614E-01  5.15305E-27  3.48271E+04  1.32908E-03 -3.67398E+01
  9.12404E-01  5.22403E-27  3.38565E+04  1.32726E-03 -3.76927E+01
  9.59194E-01  5.18593E-27  3.57796E+04  1.32451E-03 -3.88442E+01
  1.00598E+00  4.87433E-27  4.11046E+04  1.32241E-03 -3.97638E+01
  1.05277E+00  4.18469E-27  5.10107E+04  1.32224E-03 -4.00837E+01
  1.09956E+00  3.69265E-27  5.98206E+04  1.32290E-03 -3.93344E+01
  1.14635E+00  4.02126E-27  5.58389E+04  1.32322E-03 -3.71481E+01
  1.19314E+00  4.96311E-27  4.55551E+04  1.32412E-03 -3.38365E+01
  1.23993E+00  5.75492E-27  3.90022E+04  1.32755E-03 -2.99261E+01
  1.28672E+00  5.83257E-27  3.75168E+04  1.33431E-03 -2.59583E+01
  1.33351E+00  5.24977E-27  4.00518E+04  1.34281E-03 -2.26220E+01
  1.38030E+00  4.51037E-27  4.45690E+04  1.34774E-03 -2.05445E+01
  1.42709E+00  4.16476E-27  4.63962E+04  1.34277E-03 -2.00697E+01
  1.47388E+00  4.41383E-27  4.32186E+04  1.32986E-03 -2.14273E+01
  1.52067E+00  4.70808E-27  4.18993E+04  1.32011E-03 -2.47909E+01
  1.56746E+00  3.91735E-27  5.37154E+04  1.32175E-03 -2.99102E+01
  1.61425E+00  2.09392E-27  1.06992E+05  1.35134E-03 -3.67871E+01
  1.66104E+00  7.42370E-28  3.17872E+05  1.47322E-03 -4.66612E+01
  1.70783E+00  3.40154E-28  7.15144E+05  1.67044E-03 -5.66298E+01
  1.75462E+00  2.86736E-28  8.51667E+05  1.71902E-03 -6.20412E+01
  1.80141E+00  2.90457E-28  8.34154E+05  1.71121E-03 -6.53831E+01
  1.84820E+00  3.00627E-28  7.96813E+05  1.69407E-03 -6.81212E+01
  1.89499E+00  3.12705E-28  7.58051E+05  1.67308E-03 -7.00570E+01
  1.94178E+00  3.24004E-28  7.26326E+05  1.65398E-03 -7.09821E+01
  1.98857E+00  3.33897E-28  7.03697E+05  1.63896E-03 -7.09158E+01
  2.03536E+00  3.44171E-28  6.87003E+05  1.62757E-03 -6.98043E+01
  2.08215E+00  3.56777E-28  6.72335E+05  1.61866E-03 -6.75267E+01
  2.12894E+00  3.72421E-28  6.57081E+05  1.61024E-03 -6.42181E+01
  2.17573E+00  3.91446E-28  6.39590E+05  1.59932E-03 -6.03084E+01
  2.22252E+00  4.15283E-28  6.15045E+05  1.58442E-03 -5.65068E+01
  2.26931E+00  4.39659E-28  5.85786E+05  1.56949E-03 -5.40635E+01
  2.31610E+00  4.56023E-28  5.63846E+05  1.56105E-03 -5.36042E+01
  2.36289E+00  4.64578E-28  5.50969E+05  1.55911E-03 -5.46109E+01
  2.40968E+00  4.72179E-28  5.39261E+05  1.55814E-03 -5.64167E+01
  2.45647E+00  4.81282E-28  5.26877E+05  1.55598E-03 -5.85556E+01
  2.50326E+00  4.88368E-28  5.18369E+05  1.55451E-03 -6.05687E+01
  2.55005E+00  4.89613E-28  5.17613E+05  1.55609E-03 -6.19835E+01
  2.59684E+00  4.85616E-28  5.23570E+05  1.56094E-03 -6.24206E+01
  2.64363E+00  4.80502E-28  5.31336E+05  1.56720E-03 -6.17780E+01
  2.69042E+00  4.79167E-28  5.34360E+05  1.57144E-03 -6.03926E+01
  2.73721E+00  4.86749E-28  5.25835E+05  1.56909E-03 -5.89490E+01
  2.78400E+00  5.06803E-28  5.03743E+05  1.55749E-03 -5.79430E+01
  2.83079E+00  5.32763E-28  4.78177E+05  1.54160E-03 -5.75404E+01
  2.87758E+00  5.46354E-28  4.66830E+05  1.53234E-03 -5.79327E+01
  2.92437E+00  5.28473E-28  4.85753E+05  1.53999E-03 -5.94240E+01
  2.97116E+00  4.69077E-28  5.52965E+05  1.57387E-03 -6.22864E+01
  3.01795E+00  3.81075E-28  6.88043E+05  1.64385E-03 -6.64807E+01
  3.06474E+00  3.03535E-28  8.70729E+05  1.73935E-03 -7.13340E+01
  3.11153E+00  2.62821E-28  1.00990E+06  1.80518E-03 -7.54446E+01
  3.15832E+00  2.53443E-28  1.05017E+06  1.80992E-03 -7.77804E+01
  3.20511E+00  2.61012E-28  1.02293E+06  1.78304E-03 -7.83820E+01
  3.25190E+00  2.73214E-28  9.80658E+05  1.75622E-03 -7.77561E+01
  3.29869E+00  2.83157E-28  9.49570E+05  1.73823E-03 -7.61106E+01
  3.34548E+00  2.90064E-28  9.30238E+05  1.72642E-03 -7.36217E+01
  3.39227E+00  2.95427E-28  9.16801E+05  1.71732E-03 -7.06328E+01
  3.43906E+00  3.00561E-28  9.04247E+05  1.70873E-03 -6.74803E+01
  3.48585E+00  3.06413E-28  8.89508E+05  1.69938E-03 -6.44127E+01
  3.53264E+00  3.13542E-28  8.71320E+05  1.68852E-03 -6.15517E+01
  3.57943E+00  3.22275E-28  8.49372E+05  1.67619E-03 -5.89025E+01
  3.62622E+00  3.33098E-28  8.23120E+05  1.66316E-03 -5.64396E+01
  3.67301E+00  3.46263E-28  7.92885E+05  1.65080E-03 -5.41827E+01
  3.71980E+00  3.61048E-28  7.61200E+05  1.64065E-03 -5.22080E+01
  3.76659E+00  3.75915E-28  7.31651E+05  1.63394E-03 -5.06100E+01
  3.81338E+00  3.89079E-28  7.07303E+05  1.63112E-03 -4.94543E+01
  3.86017E+00  3.98929E-28  6.90074E+05  1.63197E-03 -4.87636E+01
  3.90696E+00  4.04279E-28  6.81007E+05  1.63594E-03 -4.85294E+01
  3.95375E+00  4.04312E-28  6.80985E+05  1.64258E-03 -4.87173E+01
  4.00054E+00  3.98476E-28  6.91168E+05  1.65179E-03 -4.92597E+01
  4.04733E+00  3.86629E-28  7.12888E+05  1.66360E-03 -5.00638E+01
  4.09412E+00  3.69554E-28  7.46729E+05  1.67811E-03 -5.10322E+01
  4.14091E+00  3.49657E-28  7.90435E+05  1.69503E-03 -5.20700E+01
  4.18770E+00  3.30816E-28  8.36814E+05  1.71297E-03 -5.30821E+01
  4.23449E+00  3.16775E-28  8.75150E+05  1.72929E-03 -5.39912E+01
  4.28128E+00  3.09183E-28  8.97527E+05  1.74152E-03 -5.47756E+01
  4.32807E+00  3.07326E-28  9.03252E+05  1.74856E-03 -5.54716E+01
  4.37486E+00  3.09622E-28  8.96250E+05  1.75039E-03 -5.61200E+01
  4.42165E+00  3.14756E-28  8.81030E+05  1.74767E-03 -5.67149E+01
  4.46844E+00  3.21749E-28  8.61395E+05  1.74167E-03 -5.72270E+01
  4.51523E+00  3.29789E-28  8.40441E+05  1.73381E-03 -5.76423E+01
  4.56202E+00  3.37982E-28  8.20720E+05  1.72559E-03 -5.79747E+01
  4.60881E+00  3.52414E-28  7.88679E+05  1.71494E-03 -5.80094E+01
  4.65560E+00  3.62841E-28  7.67122E+05  1.70863E-03 -5.79024E+01
  4.70239E+00  3.66340E-28  7.62877E+05  1.70531E-03 -5.79559E+01
  4.74918E+00  3.69839E-28  7.58712E+05  1.70205E-03 -5.80085E+01
  4.79597E+00  3.66013E-28  7.70982E+05  1.70448E-03 -5.76910E+01
  4.84276E+00  3.62187E-28  7.83510E+05  1.70696E-03 -5.73667E+01
  4.88955E+00  3.48750E-28  8.20782E+05  1.71281E-03 -5.64628E+01
  4.93634E+00  3.35313E-28  8.61041E+05  1.71913E-03 -5.54865E+01
  4.98313E+00  3.21515E-28  9.06440E+05  1.71804E-03 -5.40564E+01
  5.02992E+00  3.07717E-28  9.55910E+05  1.71685E-03 -5.24980E+01
  5.07671E+00  2.98982E-28  9.89748E+05  1.72266E-03 -5.12848E+01
  5.12350E+00  2.90248E-28  1.02562E+06  1.72881E-03 -4.99986E+01
  5.17029E+00  2.79561E-28  1.06841E+06  1.76140E-03 -4.99876E+01
  5.21708E+00  2.68874E-28  1.11459E+06  1.79657E-03 -4.99757E+01
  5.26387E+00  2.59579E-28  1.15733E+06  1.83894E-03 -5.13682E+01
  5.31066E+00  2.50285E-28  1.20323E+06  1.88445E-03 -5.28641E+01
  5.35745E+00  2.45739E-28  1.22805E+06  1.90580E-03 -5.47849E+01
  5.40424E+00  2.41192E-28  1.25380E+06  1.92794E-03 -5.67782E+01
  5.45103E+00  2.40671E-28  1.25996E+06  1.93503E-03 -5.79701E+01
  5.49782E+00  2.40150E-28  1.26615E+06  1.94215E-03 -5.91672E+01
  5.54461E+00  2.43418E-28  1.25114E+06  1.94071E-03 -5.91004E+01
  5.59140E+00  2.46685E-28  1.23653E+06  1.93930E-03 -5.90354E+01
  5.63819E+00  2.53363E-28  1.20440E+06  1.93107E-03 -5.82830E+01
  5.68498E+00  2.60040E-28  1.17392E+06  1.92327E-03 -5.75693E+01
  5.73177E+00  2.69054E-28  1.13160E+06  1.90830E-03 -5.67870E+01
  5.77856E+00  2.78068E-28  1.09203E+06  1.89431E-03 -5.60555E+01
  5.82535E+00  2.88355E-28  1.04727E+06  1.87450E-03 -5.55753E+01
  5.87214E+00  2.98642E-28  1.00559E+06  1.85606E-03 -5.51282E+01
  5.91893E+00  3.14940E-28  9.47160E+05  1.82592E-03 -5.46541E+01
  5.96572E+00  3.31237E-28  8.94477E+05  1.79875E-03 -5.42266E+01
  6.01251E+00  3.58250E-28  8.22098E+05  1.75800E-03 -5.31222E+01
  6.05930E+00  3.85262E-28  7.59869E+05  1.72296E-03 -5.21728E+01
  6.10609E+00  4.21531E-28  6.91791E+05  1.68308E-03 -5.01250E+01
  6.15288E+00  4.57800E-28  6.34500E+05  1.64952E-03 -4.84016E+01
  6.19967E+00  4.93107E-28  5.87566E+05  1.62223E-03 -4.61791E+01
  6.24646E+00  5.28414E-28  5.46903E+05  1.59858E-03 -4.42535E+01
  6.29325E+00  5.42756E-28  5.33933E+05  1.59042E-03 -4.30135E+01
  6.34003E+00  5.57098E-28  5.21630E+05  1.58269E-03 -4.18372E+01
  6.38683E+00  5.24677E-28  5.62651E+05  1.60304E-03 -4.15970E+01
  6.43362E+00  4.92255E-28  6.09076E+05  1.62608E-03 -4.13252E+01
  6.48040E+00  4.27352E-28  7.15688E+05  1.66291E-03 -4.12151E+01
  6.52719E+00  3.62449E-28  8.60481E+05  1.71291E-03 -4.10657E+01
  6.57398E+00  3.82641E-28  8.14461E+05  1.67419E-03 -4.12657E+01
  6.62077E+00  4.02833E-28  7.73054E+05  1.63935E-03 -4.14456E+01
  6.66756E+00  4.78418E-28  6.49480E+05  1.58223E-03 -4.19682E+01
  6.71435E+00  5.54003E-28  5.59625E+05  1.54069E-03 -4.23483E+01
  6.76114E+00  5.89655E-28  5.23393E+05  1.52549E-03 -4.23456E+01
  6.80793E+00  6.25307E-28  4.91292E+05  1.51202E-03 -4.23431E+01
  6.85472E+00  6.39796E-28  4.78008E+05  1.50624E-03 -4.17809E+01
  6.90151E+00  6.54285E-28  4.65311E+05  1.50072E-03 -4.12436E+01
  6.94830E+00  6.50172E-28  4.65933E+05  1.50079E-03 -4.04883E+01
  6.99509E+00  6.46058E-28  4.66564E+05  1.50085E-03 -3.97234E+01
  7.04188E+00  6.29743E-28  4.75630E+05  1.50445E-03 -3.91463E+01
  7.08867E+00  6.13429E-28  4.85178E+05  1.50823E-03 -3.85385E+01
  7.13546E+00  5.90492E-28  4.99819E+05  1.51403E-03 -3.83171E+01
  7.18225E+00  5.67555E-28  5.15643E+05  1.52030E-03 -3.80777E+01
  7.22904E+00  5.43064E-28  5.32972E+05  1.52724E-03 -3.82692E+01
  7.27583E+00  5.18573E-28  5.51938E+05  1.53485E-03 -3.84789E+01
  7.32262E+00  4.95500E-28  5.70095E+05  1.54321E-03 -3.90675E+01
  7.36941E+00  4.72426E-28  5.90026E+05  1.55238E-03 -3.97136E+01
  7.41620E+00  4.49323E-28  6.11785E+05  1.56369E-03 -4.06796E+01
  7.46299E+00  4.26220E-28  6.35904E+05  1.57623E-03 -4.17503E+01
  7.50978E+00  4.03690E-28  6.62861E+05  1.59125E-03 -4.30795E+01
  7.55657E+00  3.81160E-28  6.93004E+05  1.60805E-03 -4.45659E+01
  7.60336E+00  3.65957E-28  7.15115E+05  1.62423E-03 -4.61883E+01
  7.65015E+00  3.50753E-28  7.39142E+05  1.64180E-03 -4.79513E+01
  7.69694E+00  3.46371E-28  7.44663E+05  1.65239E-03 -4.96003E+01
  7.74373E+00  3.41989E-28  7.50326E+05  1.66325E-03 -5.12916E+01
  7.79052E+00  3.50777E-28  7.32006E+05  1.65965E-03 -5.23334E+01
  7.83731E+00  3.59565E-28  7.14582E+05  1.65623E-03 -5.33243E+01
  7.88410E+00  3.85031E-28  6.73395E+05  1.63808E-03 -5.29931E+01
  7.93089E+00  4.10497E-28  6.37318E+05  1.62217E-03 -5.27030E+01
  7.97768E+00  4.43586E-28  6.00651E+05  1.60170E-03 -5.08258E+01
  8.02447E+00  4.76675E-28  5.69075E+05  1.58408E-03 -4.92092E+01
  8.07126E+00  4.97831E-28  5.58087E+05  1.57406E-03 -4.62160E+01
  8.11805E+00  5.18987E-28  5.47994E+05  1.56487E-03 -4.34667E+01
  8.16484E+00  4.96549E-28  5.85533E+05  1.57375E-03 -4.01289E+01
  8.21163E+00  4.74111E-28  6.26625E+05  1.58348E-03 -3.64751E+01
  8.25842E+00  4.26118E-28  7.06824E+05  1.61903E-03 -3.31802E+01
  8.30521E+00  3.78125E-28  8.07382E+05  1.66360E-03 -2.90489E+01
  8.35200E+00  3.43812E-28  8.92675E+05  1.70231E-03 -2.60525E+01
  8.39879E+00  3.09499E-28  9.96882E+05  1.74960E-03 -2.23917E+01
  8.44558E+00  2.94093E-28  1.04963E+06  1.77052E-03 -2.01911E+01
  8.49237E+00  2.78688E-28  1.10820E+06  1.79375E-03 -1.77473E+01
  8.53916E+00  2.70711E-28  1.13934E+06  1.80712E-03 -1.66854E+01
  8.58595E+00  2.62733E-28  1.17238E+06  1.82130E-03 -1.55591E+01
  8.63274E+00  2.56516E-28  1.19904E+06  1.83581E-03 -1.55973E+01
  8.67953E+00  2.50298E-28  1.22703E+06  1.85104E-03 -1.56374E+01
  8.72632E+00  2.49085E-28  1.23144E+06  1.85914E-03 -1.66385E+01
  8.77311E+00  2.47871E-28  1.23590E+06  1.86733E-03 -1.76493E+01
  8.81990E+00  2.60141E-28  1.17629E+06  1.84975E-03 -1.94209E+01
  8.86669E+00  2.72410E-28  1.12205E+06  1.83375E-03 -2.10329E+01
  8.91348E+00  2.96221E-28  1.03122E+06  1.79622E-03 -2.30053E+01
  8.96027E+00  3.20031E-28  9.53905E+05  1.76427E-03 -2.46843E+01
  9.00706E+00  3.35986E-28  9.07743E+05  1.74268E-03 -2.63595E+01
  9.05385E+00  3.51942E-28  8.65767E+05  1.72306E-03 -2.78829E+01
  9.10064E+00  3.51502E-28  8.65978E+05  1.72504E-03 -2.92606E+01
  9.14743E+00  3.51061E-28  8.66190E+05  1.72703E-03 -3.06417E+01
  9.19422E+00  3.41804E-28  8.84777E+05  1.73670E-03 -3.25878E+01
  9.24101E+00  3.32546E-28  9.04400E+05  1.74691E-03 -3.46423E+01
  9.28780E+00  3.32546E-28  9.04400E+05  1.74691E-03 -3.46423E+01
  9.33459E+00  3.32546E-28  9.04400E+05  1.74691E-03 -3.46423E+01
  9.38138E+00  3.14406E-28  9.57763E+05  1.77363E-03 -3.69288E+01
  9.42817E+00  2.96265E-28  1.01766E+06  1.80361E-03 -3.94954E+01
  9.47496E+00  2.96265E-28  1.01766E+06  1.80361E-03 -3.94954E+01
  9.52175E+00  2.96265E-28  1.01766E+06  1.80361E-03 -3.94954E+01
  9.56854E+00  2.95171E-28  1.02328E+06  1.80141E-03 -4.03364E+01
  9.61533E+00  2.94078E-28  1.02893E+06  1.79918E-03 -4.11838E+01
  9.66212E+00  2.94078E-28  1.02893E+06  1.79918E-03 -4.11838E+01
  9.70891E+00  2.94078E-28  1.02893E+06  1.79918E-03 -4.11838E+01
  9.75570E+00  3.00498E-28  1.01218E+06  1.79121E-03 -4.07090E+01
  9.80249E+00  3.06918E-28  9.96138E+05  1.78356E-03 -4.02541E+01
  9.84928E+00  3.06918E-28  9.96138E+05  1.78356E-03 -4.02541E+01
  9.89607E+00  3.06918E-28  9.96138E+05  1.78356E-03 -4.02541E+01
  9.94286E+00  3.02790E-28  1.01586E+06  1.79632E-03 -3.86855E+01
  9.98965E+00  2.98663E-28  1.03613E+06  1.80943E-03 -3.70735E+01
  1.00364E+01  2.98663E-28  1.03613E+06  1.80943E-03 -3.70735E+01
  1.00832E+01  2.98663E-28  1.03613E+06  1.80943E-03 -3.70735E+01
  1.01300E+01  2.88214E-28  1.08026E+06  1.82922E-03 -3.49973E+01
  1.01768E+01  2.77765E-28  1.12771E+06  1.85049E-03 -3.27649E+01
  1.02236E+01  2.77765E-28  1.12771E+06  1.85049E-03 -3.27649E+01
  1.02704E+01  2.77765E-28  1.12771E+06  1.85049E-03 -3.27649E+01
  1.03172E+01  2.70751E-28  1.16476E+06  1.86392E-03 -3.07071E+01
  1.03640E+01  2.63737E-28  1.20377E+06  1.87807E-03 -2.85398E+01
  1.04108E+01  2.63737E-28  1.20377E+06  1.87807E-03 -2.85398E+01
  1.04575E+01  2.63737E-28  1.20377E+06  1.87807E-03 -2.85398E+01
  1.05043E+01  2.60842E-28  1.22459E+06  1.88419E-03 -2.68841E+01
  1.05511E+01  2.57947E-28  1.24587E+06  1.89045E-03 -2.51911E+01
  1.05979E+01  2.57947E-28  1.24587E+06  1.89045E-03 -2.51911E+01
  1.06447E+01  2.57947E-28  1.24587E+06  1.89045E-03 -2.51911E+01
  1.06915E+01  2.59848E-28  1.24369E+06  1.88493E-03 -2.39778E+01
  1.07383E+01  2.61748E-28  1.24154E+06  1.87950E-03 -2.27820E+01
  1.07851E+01  2.61748E-28  1.24154E+06  1.87950E-03 -2.27820E+01
  1.08319E+01  2.61748E-28  1.24154E+06  1.87950E-03 -2.27820E+01
  1.08787E+01  2.69996E-28  1.20736E+06  1.85735E-03 -2.21825E+01
  1.09254E+01  2.78244E-28  1.17520E+06  1.83651E-03 -2.16186E+01
  1.09722E+01  2.78244E-28  1.17520E+06  1.83651E-03 -2.16186E+01
  1.10190E+01  2.78244E-28  1.17520E+06  1.83651E-03 -2.16186E+01
  1.10658E+01  2.89505E-28  1.12957E+06  1.80942E-03 -2.23759E+01
  1.11126E+01  3.00767E-28  1.08736E+06  1.78435E-03 -2.30764E+01
  1.11594E+01  3.00767E-28  1.08736E+06  1.78435E-03 -2.30764E+01
  1.12062E+01  3.00767E-28  1.08736E+06  1.78435E-03 -2.30764E+01
  1.12530E+01  2.98483E-28  1.09109E+06  1.78582E-03 -2.58761E+01
  1.12998E+01  2.96198E-28  1.09489E+06  1.78730E-03 -2.87190E+01
  1.13466E+01  2.96198E-28  1.09489E+06  1.78730E-03 -2.87190E+01
  1.13933E+01  2.96198E-28  1.09489E+06  1.78730E-03 -2.87190E+01
  1.14401E+01  2.80234E-28  1.15058E+06  1.82093E-03 -3.28656E+01
  1.14869E+01  2.64271E-28  1.21300E+06  1.85862E-03 -3.75133E+01
  1.15337E+01  2.64271E-28  1.21300E+06  1.85862E-03 -3.75133E+01
  1.15805E+01  2.64271E-28  1.21300E+06  1.85862E-03 -3.75133E+01
  1.16273E+01  2.56978E-28  1.24722E+06  1.87643E-03 -4.05534E+01
  1.16741E+01  2.49686E-28  1.28343E+06  1.89528E-03 -4.37712E+01
  1.17209E+01  2.49686E-28  1.28343E+06  1.89528E-03 -4.37712E+01
  1.17677E+01  2.49686E-28  1.28343E+06  1.89528E-03 -4.37712E+01
  1.18145E+01  2.57800E-28  1.25034E+06  1.86460E-03 -4.33978E+01
  1.18612E+01  2.65915E-28  1.21927E+06  1.83580E-03 -4.30471E+01
  1.19080E+01  2.65915E-28  1.21927E+06  1.83580E-03 -4.30471E+01
  1.19548E+01  2.65915E-28  1.21927E+06  1.83580E-03 -4.30471E+01
  1.20016E+01  2.88577E-28  1.13332E+06  1.78189E-03 -3.92755E+01
  1.20484E+01  3.11238E-28  1.05990E+06  1.73582E-03 -3.60531E+01
  1.20952E+01  3.11238E-28  1.05990E+06  1.73582E-03 -3.60531E+01
  1.21420E+01  3.11238E-28  1.05990E+06  1.73582E-03 -3.60531E+01
  1.21888E+01  3.23760E-28  1.03167E+06  1.71502E-03 -3.28148E+01
  1.22356E+01  3.36281E-28  1.00554E+06  1.69577E-03 -2.98177E+01
  1.22824E+01  3.36281E-28  1.00554E+06  1.69577E-03 -2.98177E+01
  1.23291E+01  3.36281E-28  1.00554E+06  1.69577E-03 -2.98177E+01
  1.23759E+01  3.36668E-28  1.01822E+06  1.70573E-03 -2.78143E+01
  1.24227E+01  3.37055E-28  1.03088E+06  1.71566E-03 -2.58155E+01
  1.24695E+01  3.37055E-28  1.03088E+06  1.71566E-03 -2.58155E+01
  1.25163E+01  3.37055E-28  1.03088E+06  1.71566E-03 -2.58155E+01
  1.25631E+01  3.14362E-28  1.11478E+06  1.75679E-03 -2.47559E+01
  1.26099E+01  2.91670E-28  1.21173E+06  1.80432E-03 -2.35313E+01
  1.26567E+01  2.91670E-28  1.21173E+06  1.80432E-03 -2.35313E+01
  1.27035E+01  2.91670E-28  1.21173E+06  1.80432E-03 -2.35313E+01
  1.27503E+01  2.69048E-28  1.31204E+06  1.86081E-03 -2.28832E+01
  1.27970E+01  2.46426E-28  1.43078E+06  1.92767E-03 -2.21160E+01
  1.28438E+01  2.46426E-28  1.43078E+06  1.92767E-03 -2.21160E+01
  1.28906E+01  2.46426E-28  1.43078E+06  1.92767E-03 -2.21160E+01
  1.29374E+01  2.38974E-28  1.46073E+06  1.95610E-03 -2.16293E+01
  1.29842E+01  2.31523E-28  1.49260E+06  1.98636E-03 -2.11111E+01
  1.30310E+01  2.31523E-28  1.49260E+06  1.98636E-03 -2.11111E+01
  1.30778E+01  2.31523E-28  1.49260E+06  1.98636E-03 -2.11111E+01
  1.31246E+01  2.28827E-28  1.48295E+06  1.99086E-03 -2.14637E+01
  1.31714E+01  2.26132E-28  1.47307E+06  1.99546E-03 -2.18247E+01
  1.32182E+01  2.26132E-28  1.47307E+06  1.99546E-03 -2.18247E+01
  1.32649E+01  2.26132E-28  1.47307E+06  1.99546E-03 -2.18247E+01
  1.33117E+01  2.24644E-28  1.45233E+06  1.99237E-03 -2.29820E+01
  1.33585E+01  2.23157E-28  1.43131E+06  1.98923E-03 -2.41547E+01
  1.34053E+01  2.23157E-28  1.43131E+06  1.98923E-03 -2.41547E+01
  1.34521E+01  2.23157E-28  1.43131E+06  1.98923E-03 -2.41547E+01
  1.34989E+01  2.25035E-28  1.39455E+06  1.97488E-03 -2.52411E+01
  1.35457E+01  2.26914E-28  1.35840E+06  1.96075E-03 -2.63094E+01
  1.35925E+01  2.26914E-28  1.35840E+06  1.96075E-03 -2.63094E+01
  1.36393E+01  2.26914E-28  1.35840E+06  1.96075E-03 -2.63094E+01
  1.36861E+01  2.41170E-28  1.25827E+06  1.91205E-03 -2.71238E+01
  1.37328E+01  2.55426E-28  1.16932E+06  1.86879E-03 -2.78472E+01
  1.37796E+01  2.55426E-28  1.16932E+06  1.86879E-03 -2.78472E+01
  1.38264E+01  2.55426E-28  1.16932E+06  1.86879E-03 -2.78472E+01
  1.38732E+01  3.26250E-28  9.19268E+05  1.73182E-03 -2.33102E+01
  1.39200E+01  3.97073E-28  7.58418E+05  1.64371E-03 -2.03917E+01
  1.39668E+01  3.97073E-28  7.58418E+05  1.64371E-03 -2.03917E+01
  1.40136E+01  3.97073E-28  7.58418E+05  1.64371E-03 -2.03917E+01
  1.40604E+01  3.97073E-28  7.58418E+05  1.64371E-03 -2.03917E+01
  1.41072E+01  3.97073E-28  7.58418E+05  1.64371E-03 -2.03917E+01
  1.41540E+01  3.97073E-28  7.58418E+05  1.64371E-03 -2.03917E+01
  1.42007E+01  3.97073E-28  7.58418E+05  1.64371E-03 -2.03917E+01
  1.42475E+01  3.88097E-28  8.01489E+05  1.64558E-03 -1.54491E+01
  1.42943E+01  3.79120E-28  8.46600E+05  1.64754E-03 -1.02723E+01
  1.43411E+01  3.79120E-28  8.46600E+05  1.64754E-03 -1.02723E+01
  1.43879E+01  3.79120E-28  8.46600E+05  1.64754E-03 -1.02723E+01
  1.44347E+01  3.79120E-28  8.46600E+05  1.64754E-03 -1.02723E+01
  1.44815E+01  3.79120E-28  8.46600E+05  1.64754E-03 -1.02723E+01
  1.45283E+01  3.79120E-28  8.46600E+05  1.64754E-03 -1.02723E+01
  1.45751E+01  3.79120E-28  8.46600E+05  1.64754E-03 -1.02723E+01
  1.46219E+01  3.93293E-28  8.30159E+05  1.61894E-03 -5.02772E+00
  1.46686E+01  4.07465E-28  8.14862E+05  1.59234E-03 -1.47932E-01
  1.47154E+01  4.07465E-28  8.14862E+05  1.59234E-03 -1.47932E-01
  1.47622E+01  4.07465E-28  8.14862E+05  1.59234E-03 -1.47932E-01
  1.48090E+01  4.07465E-28  8.14862E+05  1.59234E-03 -1.47932E-01
  1.48558E+01  4.07465E-28  8.14862E+05  1.59234E-03 -1.47932E-01
  1.49026E+01  4.07465E-28  8.14862E+05  1.59234E-03 -1.47932E-01
  1.49494E+01  4.07465E-28  8.14862E+05  1.59234E-03 -1.47932E-01
  1.49962E+01  4.24457E-28  7.83205E+05  1.59950E-03  1.50500E+00
  1.50430E+01  4.41449E-28  7.53986E+05  1.60611E-03  3.03068E+00
  1.50898E+01  4.41449E-28  7.53986E+05  1.60611E-03  3.03068E+00
  1.51365E+01  4.41449E-28  7.53986E+05  1.60611E-03  3.03068E+00
  1.51833E+01  4.41449E-28  7.53986E+05  1.60611E-03  3.03068E+00
  1.52301E+01  4.41449E-28  7.53986E+05  1.60611E-03  3.03068E+00
  1.52769E+01  4.41449E-28  7.53986E+05  1.60611E-03  3.03068E+00
  1.53237E+01  4.41449E-28  7.53986E+05  1.60611E-03  3.03068E+00
  1.53705E+01  3.73898E-28  9.01539E+05  1.69130E-03  2.72598E+00
  1.54173E+01  3.06346E-28  1.11416E+06  1.81405E-03  2.28690E+00
  1.54641E+01  3.06346E-28  1.11416E+06  1.81405E-03  2.28690E+00
  1.55109E+01  3.06346E-28  1.11416E+06  1.81405E-03  2.28690E+00
  1.55577E+01  3.06346E-28  1.11416E+06  1.81405E-03  2.28690E+00
  1.56044E+01  3.06346E-28  1.11416E+06  1.81405E-03  2.28690E+00
  1.56512E+01  3.06346E-28  1.11416E+06  1.81405E-03  2.28690E+00
  1.56980E+01  3.06346E-28  1.11416E+06  1.81405E-03  2.28690E+00
  1.57448E+01  2.75889E-28  1.24967E+06  1.87712E-03  2.58433E+00
  1.57916E+01  2.45432E-28  1.41881E+06  1.95585E-03  2.95559E+00
  1.58384E+01  2.45432E-28  1.41881E+06  1.95585E-03  2.95559E+00
  1.58852E+01  2.45432E-28  1.41881E+06  1.95585E-03  2.95559E+00
  1.59320E+01  2.45432E-28  1.41881E+06  1.95585E-03  2.95559E+00
  1.59788E+01  2.45432E-28  1.41881E+06  1.95585E-03  2.95559E+00
  1.60256E+01  2.45432E-28  1.41881E+06  1.95585E-03  2.95559E+00
  1.60723E+01  2.45432E-28  1.41881E+06  1.95585E-03  2.95559E+00
  1.61191E+01  2.41924E-28  1.44752E+06  1.96129E-03  4.85302E+00
  1.61659E+01  2.38416E-28  1.47707E+06  1.96689E-03  6.80628E+00
  1.62127E+01  2.38416E-28  1.47707E+06  1.96689E-03  6.80628E+00
  1.62595E+01  2.38416E-28  1.47707E+06  1.96689E-03  6.80628E+00
  1.63063E+01  2.38416E-28  1.47707E+06  1.96689E-03  6.80628E+00
  1.63531E+01  2.38416E-28  1.47707E+06  1.96689E-03  6.80628E+00
  1.63999E+01  2.38416E-28  1.47707E+06  1.96689E-03  6.80628E+00
  1.64467E+01  2.38416E-28  1.47707E+06  1.96689E-03  6.80628E+00
  1.64935E+01  2.37040E-28  1.47594E+06  1.97373E-03  9.13998E+00
  1.65402E+01  2.35665E-28  1.47481E+06  1.98066E-03  1.15009E+01
  1.65870E+01  2.35665E-28  1.47481E+06  1.98066E-03  1.15009E+01
  1.66338E+01  2.35665E-28  1.47481E+06  1.98066E-03  1.15009E+01
  1.66806E+01  2.35665E-28  1.47481E+06  1.98066E-03  1.15009E+01
  1.67274E+01  2.35665E-28  1.47481E+06  1.98066E-03  1.15009E+01
  1.67742E+01  2.35665E-28  1.47481E+06  1.98066E-03  1.15009E+01
  1.68210E+01  2.35665E-28  1.47481E+06  1.98066E-03  1.15009E+01
  1.68678E+01  2.32713E-28  1.47301E+06  1.98671E-03  1.26798E+01
  1.69146E+01  2.29761E-28  1.47117E+06  1.99293E-03  1.38890E+01
  1.69613E+01  2.29761E-28  1.47117E+06  1.99293E-03  1.38890E+01
  1.70081E+01  2.29761E-28  1.47117E+06  1.99293E-03  1.38890E+01
  1.70549E+01  2.29761E-28  1.47117E+06  1.99293E-03  1.38890E+01
  1.71017E+01  2.29761E-28  1.47117E+06  1.99293E-03  1.38890E+01
  1.71485E+01  2.29761E-28  1.47117E+06  1.99293E-03  1.38890E+01
  1.71953E+01  2.29761E-28  1.47117E+06  1.99293E-03  1.38890E+01
  1.72421E+01  2.27852E-28  1.46854E+06  1.99543E-03  1.42364E+01
  1.72889E+01  2.25942E-28  1.46587E+06  1.99798E-03  1.45897E+01
  1.73357E+01  2.25942E-28  1.46587E+06  1.99798E-03  1.45897E+01
  1.73825E+01  2.25942E-28  1.46587E+06  1.99798E-03  1.45897E+01
  1.74292E+01  2.25942E-28  1.46587E+06  1.99798E-03  1.45897E+01
  1.74760E+01  2.25942E-28  1.46587E+06  1.99798E-03  1.45897E+01
  1.75228E+01  2.25942E-28  1.46587E+06  1.99798E-03  1.45897E+01
  1.75696E+01  2.25942E-28  1.46587E+06  1.99798E-03  1.45897E+01
  1.76164E+01  2.24678E-28  1.46298E+06  1.99883E-03  1.44796E+01
  1.76632E+01  2.23413E-28  1.46006E+06  1.99968E-03  1.43682E+01
  1.77100E+01  2.23413E-28  1.46006E+06  1.99968E-03  1.43682E+01
  1.77568E+01  2.23413E-28  1.46006E+06  1.99968E-03  1.43682E+01
  1.78036E+01  2.23413E-28  1.46006E+06  1.99968E-03  1.43682E+01
  1.78504E+01  2.23413E-28  1.46006E+06  1.99968E-03  1.43682E+01
  1.78971E+01  2.23413E-28  1.46006E+06  1.99968E-03  1.43682E+01
  1.79439E+01  2.23413E-28  1.46006E+06  1.99968E-03  1.43682E+01
  1.79907E+01  2.22818E-28  1.45746E+06  1.99983E-03  1.37756E+01
  1.80375E+01  2.22223E-28  1.45485E+06  1.99997E-03  1.31798E+01
  1.80843E+01  2.22223E-28  1.45485E+06  1.99997E-03  1.31798E+01
  1.81311E+01  2.22223E-28  1.45485E+06  1.99997E-03  1.31798E+01
  1.81779E+01  2.22223E-28  1.45485E+06  1.99997E-03  1.31798E+01
  1.82247E+01  2.22223E-28  1.45485E+06  1.99997E-03  1.31798E+01
  1.82715E+01  2.22223E-28  1.45485E+06  1.99997E-03  1.31798E+01
  1.83183E+01  2.22223E-28  1.45485E+06  1.99997E-03  1.31798E+01
  1.83650E+01  2.21861E-28  1.45312E+06  1.99999E-03  1.24797E+01
  1.84118E+01  2.21499E-28  1.45138E+06  2.00000E-03  1.17772E+01
  1.84586E+01  2.21499E-28  1.45138E+06  2.00000E-03  1.17772E+01
  1.85054E+01  2.21499E-28  1.45138E+06  2.00000E-03  1.17772E+01
  1.85522E+01  2.21499E-28  1.45138E+06  2.00000E-03  1.17772E+01
  1.85990E+01  2.21499E-28  1.45138E+06  2.00000E-03  1.17772E+01
  1.86458E+01  2.21499E-28  1.45138E+06  2.00000E-03  1.17772E+01
  1.86926E+01  2.21499E-28  1.45138E+06  2.00000E-03  1.17772E+01
  1.87394E+01  2.20699E-28  1.44794E+06  2.00000E-03  1.06973E+01
  1.87862E+01  2.19900E-28  1.44448E+06  2.00000E-03  9.60957E+00
  1.88329E+01  2.19900E-28  1.44448E+06  2.00000E-03  9.60957E+00
  1.88797E+01  2.19900E-28  1.44448E+06  2.00000E-03  9.60957E+00
  1.89265E+01  2.19900E-28  1.44448E+06  2.00000E-03  9.60957E+00
  1.89733E+01  2.19900E-28  1.44448E+06  2.00000E-03  9.60957E+00
  1.90201E+01  2.19900E-28  1.44448E+06  2.00000E-03  9.60957E+00
  1.90669E+01  2.19900E-28  1.44448E+06  2.00000E-03  9.60957E+00
  1.91137E+01  2.19900E-28  1.44448E+06  2.00000E-03  9.60957E+00
  1.91605E+01  2.19900E-28  1.44448E+06  2.00000E-03  9.60957E+00
  1.92073E+01  2.19900E-28  1.44448E+06  2.00000E-03  9.60957E+00
  1.92541E+01  2.19900E-28  1.44448E+06  2.00000E-03  9.60957E+00
  1.93008E+01  2.19900E-28  1.44448E+06  2.00000E-03  9.60957E+00
  1.93476E+01  2.19900E-28  1.44448E+06  2.00000E-03  9.60957E+00
  1.93944E+01  2.19900E-28  1.44448E+06  2.00000E-03  9.60957E+00
  1.94412E+01  2.19900E-28  1.44448E+06  2.00000E-03  9.60957E+00
  1.94880E+01  2.19506E-28  1.44269E+06  2.00000E-03  8.17930E+00
  1.95348E+01  2.19112E-28  1.44089E+06  2.00000E-03  6.74388E+00
  1.95816E+01  2.19112E-28  1.44089E+06  2.00000E-03  6.74388E+00
  1.96284E+01  2.19112E-28  1.44089E+06  2.00000E-03  6.74388E+00
  1.96752E+01  2.19112E-28  1.44089E+06  2.00000E-03  6.74388E+00
  1.97220E+01  2.19112E-28  1.44089E+06  2.00000E-03  6.74388E+00
  1.97687E+01  2.19112E-28  1.44089E+06  2.00000E-03  6.74388E+00
  1.98155E+01  2.19112E-28  1.44089E+06  2.00000E-03  6.74388E+00
  1.98623E+01  2.19112E-28  1.44089E+06  2.00000E-03  6.74388E+00
  1.99091E+01  2.19112E-28  1.44089E+06  2.00000E-03  6.74388E+00
  1.99559E+01  2.19112E-28  1.44089E+06  2.00000E-03  6.74388E+00
  2.00027E+01  2.19112E-28  1.44089E+06  2.00000E-03  6.74388E+00
  2.00495E+01  2.19112E-28  1.44089E+06  2.00000E-03  6.74388E+00
  2.00963E+01  2.19112E-28  1.44089E+06  2.00000E-03  6.74388E+00
  2.01431E+01  2.19112E-28  1.44089E+06  2.00000E-03  6.74388E+00
  2.01899E+01  2.19112E-28  1.44089E+06  2.00000E-03  6.74388E+00
  2.02366E+01  2.18763E-28  1.43935E+06  2.00000E-03  5.68631E+00
  2.02834E+01  2.18415E-28  1.43780E+06  2.00000E-03  4.62536E+00
  2.03302E+01  2.18415E-28  1.43780E+06  2.00000E-03  4.62536E+00
  2.03770E+01  2.18415E-28  1.43780E+06  2.00000E-03  4.62536E+00
  2.04238E+01  2.18415E-28  1.43780E+06  2.00000E-03  4.62536E+00
  2.04706E+01  2.18415E-28  1.43780E+06  2.00000E-03  4.62536E+00
  2.05174E+01  2.18415E-28  1.43780E+06  2.00000E-03  4.62536E+00
  2.05642E+01  2.18415E-28  1.43780E+06  2.00000E-03  4.62536E+00
  2.06110E+01  2.18415E-28  1.43780E+06  2.00000E-03  4.62536E+00
  2.06578E+01  2.18415E-28  1.43780E+06  2.00000E-03  4.62536E+00
  2.07045E+01  2.18415E-28  1.43780E+06  2.00000E-03  4.62536E+00
  2.07513E+01  2.18415E-28  1.43780E+06  2.00000E-03  4.62536E+00
  2.07981E+01  2.18415E-28  1.43780E+06  2.00000E-03  4.62536E+00
  2.08449E+01  2.18415E-28  1.43780E+06  2.00000E-03  4.62536E+00
  2.08917E+01  2.18415E-28  1.43780E+06  2.00000E-03  4.62536E+00
  2.09385E+01  2.18415E-28  1.43780E+06  2.00000E-03  4.62536E+00
  2.09853E+01  2.18206E-28  1.43688E+06  2.00000E-03  3.83899E+00
  2.10321E+01  2.17998E-28  1.43595E+06  2.00000E-03  3.05111E+00
  2.10789E+01  2.17998E-28  1.43595E+06  2.00000E-03  3.05111E+00
  2.11257E+01  2.17998E-28  1.43595E+06  2.00000E-03  3.05111E+00
  2.11724E+01  2.17998E-28  1.43595E+06  2.00000E-03  3.05111E+00
  2.12192E+01  2.17998E-28  1.43595E+06  2.00000E-03  3.05111E+00
  2.12660E+01  2.17998E-28  1.43595E+06  2.00000E-03  3.05111E+00
  2.13128E+01  2.17998E-28  1.43595E+06  2.00000E-03  3.05111E+00
  2.13596E+01  2.17998E-28  1.43595E+06  2.00000E-03  3.05111E+00
  2.14064E+01  2.17998E-28  1.43595E+06  2.00000E-03  3.05111E+00
  2.14532E+01  2.17998E-28  1.43595E+06  2.00000E-03  3.05111E+00
  2.15000E+01  2.17998E-28  1.43595E+06  2.00000E-03  3.05111E+00
  2.15468E+01  2.17998E-28  1.43595E+06  2.00000E-03  3.05111E+00
  2.15936E+01  2.17998E-28  1.43595E+06  2.00000E-03  3.05111E+00
  2.16403E+01  2.17998E-28  1.43595E+06  2.00000E-03  3.05111E+00
  2.16871E+01  2.17998E-28  1.43595E+06  2.00000E-03  3.05111E+00
  2.17339E+01  2.17906E-28  1.43554E+06  2.00000E-03  2.47040E+00
  2.17807E+01  2.17815E-28  1.43513E+06  2.00000E-03  1.88921E+00
  2.18275E+01  2.17815E-28  1.43513E+06  2.00000E-03  1.88921E+00
  2.18743E+01  2.17815E-28  1.43513E+06  2.00000E-03  1.88921E+00
  2.19211E+01  2.17815E-28  1.43513E+06  2.00000E-03  1.88921E+00
  2.19679E+01  2.17815E-28  1.43513E+06  2.00000E-03  1.88921E+00
  2.20147E+01  2.17815E-28  1.43513E+06  2.00000E-03  1.88921E+00
  2.20615E+01  2.17815E-28  1.43513E+06  2.00000E-03  1.88921E+00
  2.21082E+01  2.17815E-28  1.43513E+06  2.00000E-03  1.88921E+00
  2.21550E+01  2.17815E-28  1.43513E+06  2.00000E-03  1.88921E+00
  2.22018E+01  2.17815E-28  1.43513E+06  2.00000E-03  1.88921E+00
  2.22486E+01  2.17815E-28  1.43513E+06  2.00000E-03  1.88921E+00
  2.22954E+01  2.17815E-28  1.43513E+06  2.00000E-03  1.88921E+00
  2.23422E+01  2.17815E-28  1.43513E+06  2.00000E-03  1.88921E+00
  2.23890E+01  2.17815E-28  1.43513E+06  2.00000E-03  1.88921E+00
  2.24358E+01  2.17815E-28  1.43513E+06  2.00000E-03  1.88921E+00
  2.24826E+01  2.17770E-28  1.43493E+06  2.00000E-03  1.42733E+00
  2.25294E+01  2.17725E-28  1.43473E+06  2.00000E-03  9.65259E-01
  2.25761E+01  2.17725E-28  1.43473E+06  2.00000E-03  9.65259E-01
  2.26229E+01  2.17725E-28  1.43473E+06  2.00000E-03  9.65259E-01
  2.26697E+01  2.17725E-28  1.43473E+06  2.00000E-03  9.65259E-01
  2.27165E+01  2.17725E-28  1.43473E+06  2.00000E-03  9.65259E-01
  2.27633E+01  2.17725E-28  1.43473E+06  2.00000E-03  9.65259E-01
  2.28101E+01  2.17725E-28  1.43473E+06  2.00000E-03  9.65259E-01
  2.28569E+01  2.17725E-28  1.43473E+06  2.00000E-03  9.65259E-01
  2.29037E+01  2.17725E-28  1.43473E+06  2.00000E-03  9.65259E-01
  2.29505E+01  2.17725E-28  1.43473E+06  2.00000E-03  9.65259E-01
  2.29972E+01  2.17725E-28  1.43473E+06  2.00000E-03  9.65259E-01
  2.30440E+01  2.17725E-28  1.43473E+06  2.00000E-03  9.65259E-01
  2.30908E+01  2.17725E-28  1.43473E+06  2.00000E-03  9.65259E-01
  2.31376E+01  2.17725E-28  1.43473E+06  2.00000E-03  9.65259E-01
  2.31844E+01  2.17725E-28  1.43473E+06  2.00000E-03  9.65259E-01
  2.32312E+01  2.17646E-28  1.43437E+06  2.00000E-03  5.44673E-01
  2.32780E+01  2.17566E-28  1.43402E+06  2.00000E-03  1.23778E-01
  2.33248E+01  2.17566E-28  1.43402E+06  2.00000E-03  1.23778E-01
  2.33716E+01  2.17566E-28  1.43402E+06  2.00000E-03  1.23778E-01
  2.34184E+01  2.17566E-28  1.43402E+06  2.00000E-03  1.23778E-01
  2.34651E+01  2.17566E-28  1.43402E+06  2.00000E-03  1.23778E-01
  2.35119E+01  2.17566E-28  1.43402E+06  2.00000E-03  1.23778E-01
  2.35587E+01  2.17566E-28  1.43402E+06  2.00000E-03  1.23778E-01
  2.36055E+01  2.17566E-28  1.43402E+06  2.00000E-03  1.23778E-01
  2.36523E+01  2.17566E-28  1.43402E+06  2.00000E-03  1.23778E-01
  2.36991E+01  2.17566E-28  1.43402E+06  2.00000E-03  1.23778E-01
  2.37459E+01  2.17566E-28  1.43402E+06  2.00000E-03  1.23778E-01
  2.37927E+01  2.17566E-28  1.43402E+06  2.00000E-03  1.23778E-01
  2.38395E+01  2.17566E-28  1.43402E+06  2.00000E-03  1.23778E-01
  2.38863E+01  2.17566E-28  1.43402E+06  2.00000E-03  1.23778E-01
  2.39330E+01  2.17566E-28  1.43402E+06  2.00000E-03  1.23778E-01
  2.39798E+01  2.17410E-28  1.43332E+06  2.00000E-03 -2.96196E-01
