 -2.38863E+01  2.16291E-28  1.42844E+06  2.00000E-03  9.45429E+00
 -2.38395E+01  2.16291E-28  1.42844E+06  2.00000E-03  9.45429E+00
 -2.37927E+01  2.16291E-28  1.42844E+06  2.00000E-03  9.45429E+00
 -2.37459E+01  2.16291E-28  1.42844E+06  2.00000E-03  9.45429E+00
 -2.36991E+01  2.16291E-28  1.42844E+06  2.00000E-03  9.45429E+00
 -2.36523E+01  2.16291E-28  1.42844E+06  2.00000E-03  9.45429E+00
 -2.36055E+01  2.16291E-28  1.42844E+06  2.00000E-03  9.45429E+00
 -2.35587E+01  2.16291E-28  1.42844E+06  2.00000E-03  9.45429E+00
 -2.35119E+01  2.16291E-28  1.42844E+06  2.00000E-03  9.45429E+00
 -2.34651E+01  2.16291E-28  1.42844E+06  2.00000E-03  9.45429E+00
 -2.34184E+01  2.16291E-28  1.42844E+06  2.00000E-03  9.45429E+00
 -2.33716E+01  2.16291E-28  1.42844E+06  2.00000E-03  9.45429E+00
 -2.33248E+01  2.16291E-28  1.42844E+06  2.00000E-03  9.45429E+00
 -2.32780E+01  2.16291E-28  1.42844E+06  2.00000E-03  9.45429E+00
 -2.32312E+01  2.16291E-28  1.42844E+06  2.00000E-03  9.45429E+00
 -2.31844E+01  2.16175E-28  1.42793E+06  2.00000E-03  9.62003E+00
 -2.31376E+01  2.16058E-28  1.42742E+06  2.00000E-03  9.78594E+00
 -2.30908E+01  2.16058E-28  1.42742E+06  2.00000E-03  9.78594E+00
 -2.30440E+01  2.16058E-28  1.42742E+06  2.00000E-03  9.78594E+00
 -2.29972E+01  2.16058E-28  1.42742E+06  2.00000E-03  9.78594E+00
 -2.29505E+01  2.16058E-28  1.42742E+06  2.00000E-03  9.78594E+00
 -2.29037E+01  2.16058E-28  1.42742E+06  2.00000E-03  9.78594E+00
 -2.28569E+01  2.16058E-28  1.42742E+06  2.00000E-03  9.78594E+00
 -2.28101E+01  2.16058E-28  1.42742E+06  2.00000E-03  9.78594E+00
 -2.27633E+01  2.16058E-28  1.42742E+06  2.00000E-03  9.78594E+00
 -2.27165E+01  2.16058E-28  1.42742E+06  2.00000E-03  9.78594E+00
 -2.26697E+01  2.16058E-28  1.42742E+06  2.00000E-03  9.78594E+00
 -2.26229E+01  2.16058E-28  1.42742E+06  2.00000E-03  9.78594E+00
 -2.25761E+01  2.16058E-28  1.42742E+06  2.00000E-03  9.78594E+00
 -2.25294E+01  2.16058E-28  1.42742E+06  2.00000E-03  9.78594E+00
 -2.24826E+01  2.16058E-28  1.42742E+06  2.00000E-03  9.78594E+00
 -2.24358E+01  2.15956E-28  1.42698E+06  2.00000E-03  9.94036E+00
 -2.23890E+01  2.15854E-28  1.42654E+06  2.00000E-03  1.00949E+01
 -2.23422E+01  2.15854E-28  1.42654E+06  2.00000E-03  1.00949E+01
 -2.22954E+01  2.15854E-28  1.42654E+06  2.00000E-03  1.00949E+01
 -2.22486E+01  2.15854E-28  1.42654E+06  2.00000E-03  1.00949E+01
 -2.22018E+01  2.15854E-28  1.42654E+06  2.00000E-03  1.00949E+01
 -2.21550E+01  2.15854E-28  1.42654E+06  2.00000E-03  1.00949E+01
 -2.21082E+01  2.15854E-28  1.42654E+06  2.00000E-03  1.00949E+01
 -2.20615E+01  2.15854E-28  1.42654E+06  2.00000E-03  1.00949E+01
 -2.20147E+01  2.15854E-28  1.42654E+06  2.00000E-03  1.00949E+01
 -2.19679E+01  2.15854E-28  1.42654E+06  2.00000E-03  1.00949E+01
 -2.19211E+01  2.15854E-28  1.42654E+06  2.00000E-03  1.00949E+01
 -2.18743E+01  2.15854E-28  1.42654E+06  2.00000E-03  1.00949E+01
 -2.18275E+01  2.15854E-28  1.42654E+06  2.00000E-03  1.00949E+01
 -2.17807E+01  2.15854E-28  1.42654E+06  2.00000E-03  1.00949E+01
 -2.17339E+01  2.15854E-28  1.42654E+06  2.00000E-03  1.00949E+01
 -2.16871E+01  2.15712E-28  1.42592E+06  2.00000E-03  1.02775E+01
 -2.16403E+01  2.15571E-28  1.42531E+06  2.00000E-03  1.04604E+01
 -2.15936E+01  2.15571E-28  1.42531E+06  2.00000E-03  1.04604E+01
 -2.15468E+01  2.15571E-28  1.42531E+06  2.00000E-03  1.04604E+01
 -2.15000E+01  2.15571E-28  1.42531E+06  2.00000E-03  1.04604E+01
 -2.14532E+01  2.15571E-28  1.42531E+06  2.00000E-03  1.04604E+01
 -2.14064E+01  2.15571E-28  1.42531E+06  2.00000E-03  1.04604E+01
 -2.13596E+01  2.15571E-28  1.42531E+06  2.00000E-03  1.04604E+01
 -2.13128E+01  2.15571E-28  1.42531E+06  2.00000E-03  1.04604E+01
 -2.12660E+01  2.15571E-28  1.42531E+06  2.00000E-03  1.04604E+01
 -2.12192E+01  2.15571E-28  1.42531E+06  2.00000E-03  1.04604E+01
 -2.11724E+01  2.15571E-28  1.42531E+06  2.00000E-03  1.04604E+01
 -2.11257E+01  2.15571E-28  1.42531E+06  2.00000E-03  1.04604E+01
 -2.10789E+01  2.15571E-28  1.42531E+06  2.00000E-03  1.04604E+01
 -2.10321E+01  2.15571E-28  1.42531E+06  2.00000E-03  1.04604E+01
 -2.09853E+01  2.15571E-28  1.42531E+06  2.00000E-03  1.04604E+01
 -2.09385E+01  2.15358E-28  1.42438E+06  2.00000E-03  1.06965E+01
 -2.08917E+01  2.15145E-28  1.42344E+06  2.00000E-03  1.09331E+01
 -2.08449E+01  2.15145E-28  1.42344E+06  2.00000E-03  1.09331E+01
 -2.07981E+01  2.15145E-28  1.42344E+06  2.00000E-03  1.09331E+01
 -2.07513E+01  2.15145E-28  1.42344E+06  2.00000E-03  1.09331E+01
 -2.07045E+01  2.15145E-28  1.42344E+06  2.00000E-03  1.09331E+01
 -2.06578E+01  2.15145E-28  1.42344E+06  2.00000E-03  1.09331E+01
 -2.06110E+01  2.15145E-28  1.42344E+06  2.00000E-03  1.09331E+01
 -2.05642E+01  2.15145E-28  1.42344E+06  2.00000E-03  1.09331E+01
 -2.05174E+01  2.15145E-28  1.42344E+06  2.00000E-03  1.09331E+01
 -2.04706E+01  2.15145E-28  1.42344E+06  2.00000E-03  1.09331E+01
 -2.04238E+01  2.15145E-28  1.42344E+06  2.00000E-03  1.09331E+01
 -2.03770E+01  2.15145E-28  1.42344E+06  2.00000E-03  1.09331E+01
 -2.03302E+01  2.15145E-28  1.42344E+06  2.00000E-03  1.09331E+01
 -2.02834E+01  2.15145E-28  1.42344E+06  2.00000E-03  1.09331E+01
 -2.02366E+01  2.15145E-28  1.42344E+06  2.00000E-03  1.09331E+01
 -2.01899E+01  2.14878E-28  1.42228E+06  2.00000E-03  1.12117E+01
 -2.01431E+01  2.14611E-28  1.42111E+06  2.00000E-03  1.14910E+01
 -2.00963E+01  2.14611E-28  1.42111E+06  2.00000E-03  1.14910E+01
 -2.00495E+01  2.14611E-28  1.42111E+06  2.00000E-03  1.14910E+01
 -2.00027E+01  2.14611E-28  1.42111E+06  2.00000E-03  1.14910E+01
 -1.99559E+01  2.14611E-28  1.42111E+06  2.00000E-03  1.14910E+01
 -1.99091E+01  2.14611E-28  1.42111E+06  2.00000E-03  1.14910E+01
 -1.98623E+01  2.14611E-28  1.42111E+06  2.00000E-03  1.14910E+01
 -1.98155E+01  2.14611E-28  1.42111E+06  2.00000E-03  1.14910E+01
 -1.97687E+01  2.14611E-28  1.42111E+06  2.00000E-03  1.14910E+01
 -1.97220E+01  2.14611E-28  1.42111E+06  2.00000E-03  1.14910E+01
 -1.96752E+01  2.14611E-28  1.42111E+06  2.00000E-03  1.14910E+01
 -1.96284E+01  2.14611E-28  1.42111E+06  2.00000E-03  1.14910E+01
 -1.95816E+01  2.14611E-28  1.42111E+06  2.00000E-03  1.14910E+01
 -1.95348E+01  2.14611E-28  1.42111E+06  2.00000E-03  1.14910E+01
 -1.94880E+01  2.14611E-28  1.42111E+06  2.00000E-03  1.14910E+01
 -1.94412E+01  2.14361E-28  1.42003E+06  2.00000E-03  1.17462E+01
 -1.93944E+01  2.14111E-28  1.41895E+06  2.00000E-03  1.20020E+01
 -1.93476E+01  2.14111E-28  1.41895E+06  2.00000E-03  1.20020E+01
 -1.93008E+01  2.14111E-28  1.41895E+06  2.00000E-03  1.20020E+01
 -1.92541E+01  2.14111E-28  1.41895E+06  2.00000E-03  1.20020E+01
 -1.92073E+01  2.14111E-28  1.41895E+06  2.00000E-03  1.20020E+01
 -1.91605E+01  2.14111E-28  1.41895E+06  2.00000E-03  1.20020E+01
 -1.91137E+01  2.14111E-28  1.41895E+06  2.00000E-03  1.20020E+01
 -1.90669E+01  2.14111E-28  1.41895E+06  2.00000E-03  1.20020E+01
 -1.90201E+01  2.14111E-28  1.41895E+06  2.00000E-03  1.20020E+01
 -1.89733E+01  2.14111E-28  1.41895E+06  2.00000E-03  1.20020E+01
 -1.89265E+01  2.14111E-28  1.41895E+06  2.00000E-03  1.20020E+01
 -1.88797E+01  2.14111E-28  1.41895E+06  2.00000E-03  1.20020E+01
 -1.88329E+01  2.14111E-28  1.41895E+06  2.00000E-03  1.20020E+01
 -1.87862E+01  2.14111E-28  1.41895E+06  2.00000E-03  1.20020E+01
 -1.87394E+01  2.14111E-28  1.41895E+06  2.00000E-03  1.20020E+01
 -1.86926E+01  2.13953E-28  1.41827E+06  2.00000E-03  1.21208E+01
 -1.86458E+01  2.13795E-28  1.41758E+06  2.00000E-03  1.22398E+01
 -1.85990E+01  2.13795E-28  1.41758E+06  2.00000E-03  1.22398E+01
 -1.85522E+01  2.13795E-28  1.41758E+06  2.00000E-03  1.22398E+01
 -1.85054E+01  2.13795E-28  1.41758E+06  2.00000E-03  1.22398E+01
 -1.84586E+01  2.13795E-28  1.41758E+06  2.00000E-03  1.22398E+01
 -1.84118E+01  2.13795E-28  1.41758E+06  2.00000E-03  1.22398E+01
 -1.83650E+01  2.13795E-28  1.41758E+06  2.00000E-03  1.22398E+01
 -1.83183E+01  2.13805E-28  1.41763E+06  2.00000E-03  1.22595E+01
 -1.82715E+01  2.13814E-28  1.41768E+06  2.00000E-03  1.22792E+01
 -1.82247E+01  2.13814E-28  1.41768E+06  2.00000E-03  1.22792E+01
 -1.81779E+01  2.13814E-28  1.41768E+06  2.00000E-03  1.22792E+01
 -1.81311E+01  2.13814E-28  1.41768E+06  2.00000E-03  1.22792E+01
 -1.80843E+01  2.13814E-28  1.41768E+06  2.00000E-03  1.22792E+01
 -1.80375E+01  2.13814E-28  1.41768E+06  2.00000E-03  1.22792E+01
 -1.79907E+01  2.13814E-28  1.41768E+06  2.00000E-03  1.22792E+01
 -1.79439E+01  2.13901E-28  1.41807E+06  2.00000E-03  1.22397E+01
 -1.78971E+01  2.13988E-28  1.41846E+06  2.00000E-03  1.22002E+01
 -1.78504E+01  2.13988E-28  1.41846E+06  2.00000E-03  1.22002E+01
 -1.78036E+01  2.13988E-28  1.41846E+06  2.00000E-03  1.22002E+01
 -1.77568E+01  2.13988E-28  1.41846E+06  2.00000E-03  1.22002E+01
 -1.77100E+01  2.13988E-28  1.41846E+06  2.00000E-03  1.22002E+01
 -1.76632E+01  2.13988E-28  1.41846E+06  2.00000E-03  1.22002E+01
 -1.76164E+01  2.13988E-28  1.41846E+06  2.00000E-03  1.22002E+01
 -1.75696E+01  2.14158E-28  1.41922E+06  2.00000E-03  1.20992E+01
 -1.75228E+01  2.14328E-28  1.41997E+06  2.00000E-03  1.19984E+01
 -1.74760E+01  2.14328E-28  1.41997E+06  2.00000E-03  1.19984E+01
 -1.74292E+01  2.14328E-28  1.41997E+06  2.00000E-03  1.19984E+01
 -1.73825E+01  2.14328E-28  1.41997E+06  2.00000E-03  1.19984E+01
 -1.73357E+01  2.14328E-28  1.41997E+06  2.00000E-03  1.19984E+01
 -1.72889E+01  2.14328E-28  1.41997E+06  2.00000E-03  1.19984E+01
 -1.72421E+01  2.14328E-28  1.41997E+06  2.00000E-03  1.19984E+01
 -1.71953E+01  2.14537E-28  1.42090E+06  2.00000E-03  1.18670E+01
 -1.71485E+01  2.14747E-28  1.42182E+06  2.00000E-03  1.17358E+01
 -1.71017E+01  2.14747E-28  1.42182E+06  2.00000E-03  1.17358E+01
 -1.70549E+01  2.14747E-28  1.42182E+06  2.00000E-03  1.17358E+01
 -1.70081E+01  2.14747E-28  1.42182E+06  2.00000E-03  1.17358E+01
 -1.69613E+01  2.14747E-28  1.42182E+06  2.00000E-03  1.17358E+01
 -1.69146E+01  2.14747E-28  1.42182E+06  2.00000E-03  1.17358E+01
 -1.68678E+01  2.14747E-28  1.42182E+06  2.00000E-03  1.17358E+01
 -1.68210E+01  2.14926E-28  1.42262E+06  2.00000E-03  1.16219E+01
 -1.67742E+01  2.15105E-28  1.42342E+06  2.00000E-03  1.15081E+01
 -1.67274E+01  2.15105E-28  1.42342E+06  2.00000E-03  1.15081E+01
 -1.66806E+01  2.15105E-28  1.42342E+06  2.00000E-03  1.15081E+01
 -1.66338E+01  2.15105E-28  1.42342E+06  2.00000E-03  1.15081E+01
 -1.65870E+01  2.15105E-28  1.42342E+06  2.00000E-03  1.15081E+01
 -1.65402E+01  2.15105E-28  1.42342E+06  2.00000E-03  1.15081E+01
 -1.64935E+01  2.15105E-28  1.42342E+06  2.00000E-03  1.15081E+01
 -1.64467E+01  2.15189E-28  1.42380E+06  2.00000E-03  1.14576E+01
 -1.63999E+01  2.15274E-28  1.42418E+06  2.00000E-03  1.14071E+01
 -1.63531E+01  2.15274E-28  1.42418E+06  2.00000E-03  1.14071E+01
 -1.63063E+01  2.15274E-28  1.42418E+06  2.00000E-03  1.14071E+01
 -1.62595E+01  2.15274E-28  1.42418E+06  2.00000E-03  1.14071E+01
 -1.62127E+01  2.15274E-28  1.42418E+06  2.00000E-03  1.14071E+01
 -1.61659E+01  2.15274E-28  1.42418E+06  2.00000E-03  1.14071E+01
 -1.61191E+01  2.15274E-28  1.42418E+06  2.00000E-03  1.14071E+01
 -1.60723E+01  2.15235E-28  1.42402E+06  2.00000E-03  1.14372E+01
 -1.60256E+01  2.15197E-28  1.42386E+06  2.00000E-03  1.14673E+01
 -1.59788E+01  2.15197E-28  1.42386E+06  2.00000E-03  1.14673E+01
 -1.59320E+01  2.15197E-28  1.42386E+06  2.00000E-03  1.14673E+01
 -1.58852E+01  2.15197E-28  1.42386E+06  2.00000E-03  1.14673E+01
 -1.58384E+01  2.15197E-28  1.42386E+06  2.00000E-03  1.14673E+01
 -1.57916E+01  2.15197E-28  1.42386E+06  2.00000E-03  1.14673E+01
 -1.57448E+01  2.15197E-28  1.42386E+06  2.00000E-03  1.14673E+01
 -1.56980E+01  2.15044E-28  1.42320E+06  2.00000E-03  1.15783E+01
 -1.56512E+01  2.14891E-28  1.42254E+06  2.00000E-03  1.16894E+01
 -1.56044E+01  2.14891E-28  1.42254E+06  2.00000E-03  1.16894E+01
 -1.55577E+01  2.14891E-28  1.42254E+06  2.00000E-03  1.16894E+01
 -1.55109E+01  2.14891E-28  1.42254E+06  2.00000E-03  1.16894E+01
 -1.54641E+01  2.14891E-28  1.42254E+06  2.00000E-03  1.16894E+01
 -1.54173E+01  2.14891E-28  1.42254E+06  2.00000E-03  1.16894E+01
 -1.53705E+01  2.14891E-28  1.42254E+06  2.00000E-03  1.16894E+01
 -1.53237E+01  2.14679E-28  1.42162E+06  2.00000E-03  1.18496E+01
 -1.52769E+01  2.14468E-28  1.42070E+06  2.00000E-03  1.20100E+01
 -1.52301E+01  2.14468E-28  1.42070E+06  2.00000E-03  1.20100E+01
 -1.51833E+01  2.14468E-28  1.42070E+06  2.00000E-03  1.20100E+01
 -1.51365E+01  2.14468E-28  1.42070E+06  2.00000E-03  1.20100E+01
 -1.50898E+01  2.14468E-28  1.42070E+06  2.00000E-03  1.20100E+01
 -1.50430E+01  2.14468E-28  1.42070E+06  2.00000E-03  1.20100E+01
 -1.49962E+01  2.14468E-28  1.42070E+06  2.00000E-03  1.20100E+01
 -1.49494E+01  2.14263E-28  1.41981E+06  2.00000E-03  1.21725E+01
 -1.49026E+01  2.14059E-28  1.41892E+06  2.00000E-03  1.23353E+01
 -1.48558E+01  2.14059E-28  1.41892E+06  2.00000E-03  1.23353E+01
 -1.48090E+01  2.14059E-28  1.41892E+06  2.00000E-03  1.23353E+01
 -1.47622E+01  2.14059E-28  1.41892E+06  2.00000E-03  1.23353E+01
 -1.47154E+01  2.14059E-28  1.41892E+06  2.00000E-03  1.23353E+01
 -1.46686E+01  2.14059E-28  1.41892E+06  2.00000E-03  1.23353E+01
 -1.46219E+01  2.14059E-28  1.41892E+06  2.00000E-03  1.23353E+01
 -1.45751E+01  2.13915E-28  1.41829E+06  2.00000E-03  1.24687E+01
 -1.45283E+01  2.13770E-28  1.41766E+06  2.00000E-03  1.26023E+01
 -1.44815E+01  2.13770E-28  1.41766E+06  2.00000E-03  1.26023E+01
 -1.44347E+01  2.13770E-28  1.41766E+06  2.00000E-03  1.26023E+01
 -1.43879E+01  2.13770E-28  1.41766E+06  2.00000E-03  1.26023E+01
 -1.43411E+01  2.13770E-28  1.41766E+06  2.00000E-03  1.26023E+01
 -1.42943E+01  2.13770E-28  1.41766E+06  2.00000E-03  1.26023E+01
 -1.42475E+01  2.13770E-28  1.41766E+06  2.00000E-03  1.26023E+01
 -1.42007E+01  2.13693E-28  1.41734E+06  2.00000E-03  1.26932E+01
 -1.41540E+01  2.13616E-28  1.41701E+06  2.00000E-03  1.27842E+01
 -1.41072E+01  2.13616E-28  1.41701E+06  2.00000E-03  1.27842E+01
 -1.40604E+01  2.13616E-28  1.41701E+06  2.00000E-03  1.27842E+01
 -1.40136E+01  2.13616E-28  1.41701E+06  2.00000E-03  1.27842E+01
 -1.39668E+01  2.13616E-28  1.41701E+06  2.00000E-03  1.27842E+01
 -1.39200E+01  2.13616E-28  1.41701E+06  2.00000E-03  1.27842E+01
 -1.38732E+01  2.13616E-28  1.41701E+06  2.00000E-03  1.27842E+01
 -1.38264E+01  2.13651E-28  1.41718E+06  2.00000E-03  1.28045E+01
 -1.37796E+01  2.13686E-28  1.41734E+06  2.00000E-03  1.28248E+01
 -1.37328E+01  2.13686E-28  1.41734E+06  2.00000E-03  1.28248E+01
 -1.36861E+01  2.13686E-28  1.41734E+06  2.00000E-03  1.28248E+01
 -1.36393E+01  2.13703E-28  1.41742E+06  2.00000E-03  1.28467E+01
 -1.35925E+01  2.13719E-28  1.41750E+06  2.00000E-03  1.28686E+01
 -1.35457E+01  2.13719E-28  1.41750E+06  2.00000E-03  1.28686E+01
 -1.34989E+01  2.13719E-28  1.41750E+06  2.00000E-03  1.28686E+01
 -1.34521E+01  2.13743E-28  1.41760E+06  2.00000E-03  1.28913E+01
 -1.34053E+01  2.13766E-28  1.41771E+06  2.00000E-03  1.29139E+01
 -1.33585E+01  2.13766E-28  1.41771E+06  2.00000E-03  1.29139E+01
 -1.33117E+01  2.13766E-28  1.41771E+06  2.00000E-03  1.29139E+01
 -1.32649E+01  2.13798E-28  1.41786E+06  2.00000E-03  1.29358E+01
 -1.32182E+01  2.13829E-28  1.41800E+06  2.00000E-03  1.29578E+01
 -1.31714E+01  2.13829E-28  1.41800E+06  2.00000E-03  1.29578E+01
 -1.31246E+01  2.13829E-28  1.41800E+06  2.00000E-03  1.29578E+01
 -1.30778E+01  2.13862E-28  1.41815E+06  2.00000E-03  1.29817E+01
 -1.30310E+01  2.13896E-28  1.41831E+06  2.00000E-03  1.30057E+01
 -1.29842E+01  2.13896E-28  1.41831E+06  2.00000E-03  1.30057E+01
 -1.29374E+01  2.13896E-28  1.41831E+06  2.00000E-03  1.30057E+01
 -1.28906E+01  2.13925E-28  1.41845E+06  2.00000E-03  1.30341E+01
 -1.28438E+01  2.13955E-28  1.41859E+06  2.00000E-03  1.30625E+01
 -1.27970E+01  2.13955E-28  1.41859E+06  2.00000E-03  1.30625E+01
 -1.27503E+01  2.13955E-28  1.41859E+06  2.00000E-03  1.30625E+01
 -1.27035E+01  2.13977E-28  1.41869E+06  2.00000E-03  1.30967E+01
 -1.26567E+01  2.13999E-28  1.41879E+06  2.00000E-03  1.31309E+01
 -1.26099E+01  2.13999E-28  1.41879E+06  2.00000E-03  1.31309E+01
 -1.25631E+01  2.13999E-28  1.41879E+06  2.00000E-03  1.31309E+01
 -1.25163E+01  2.14011E-28  1.41885E+06  2.00000E-03  1.31695E+01
 -1.24695E+01  2.14024E-28  1.41891E+06  2.00000E-03  1.32082E+01
 -1.24227E+01  2.14024E-28  1.41891E+06  2.00000E-03  1.32082E+01
 -1.23759E+01  2.14024E-28  1.41891E+06  2.00000E-03  1.32082E+01
 -1.23291E+01  2.14030E-28  1.41894E+06  2.00000E-03  1.32473E+01
 -1.22824E+01  2.14036E-28  1.41897E+06  2.00000E-03  1.32864E+01
 -1.22356E+01  2.14036E-28  1.41897E+06  2.00000E-03  1.32864E+01
 -1.21888E+01  2.14036E-28  1.41897E+06  2.00000E-03  1.32864E+01
 -1.21420E+01  2.14042E-28  1.41900E+06  2.00000E-03  1.33194E+01
 -1.20952E+01  2.14048E-28  1.41903E+06  2.00000E-03  1.33523E+01
 -1.20484E+01  2.14048E-28  1.41903E+06  2.00000E-03  1.33523E+01
 -1.20016E+01  2.14048E-28  1.41903E+06  2.00000E-03  1.33523E+01
 -1.19548E+01  2.14062E-28  1.41909E+06  2.00000E-03  1.33720E+01
 -1.19080E+01  2.14075E-28  1.41916E+06  2.00000E-03  1.33916E+01
 -1.18612E+01  2.14075E-28  1.41916E+06  2.00000E-03  1.33916E+01
 -1.18145E+01  2.14075E-28  1.41916E+06  2.00000E-03  1.33916E+01
 -1.17677E+01  2.14103E-28  1.41928E+06  2.00000E-03  1.33944E+01
 -1.17209E+01  2.14130E-28  1.41940E+06  2.00000E-03  1.33971E+01
 -1.16741E+01  2.14130E-28  1.41940E+06  2.00000E-03  1.33971E+01
 -1.16273E+01  2.14130E-28  1.41940E+06  2.00000E-03  1.33971E+01
 -1.15805E+01  2.14171E-28  1.41959E+06  2.00000E-03  1.33853E+01
 -1.15337E+01  2.14212E-28  1.41977E+06  2.00000E-03  1.33736E+01
 -1.14869E+01  2.14212E-28  1.41977E+06  2.00000E-03  1.33736E+01
 -1.14401E+01  2.14212E-28  1.41977E+06  2.00000E-03  1.33736E+01
 -1.13933E+01  2.14259E-28  1.41998E+06  2.00000E-03  1.33548E+01
 -1.13466E+01  2.14306E-28  1.42019E+06  2.00000E-03  1.33361E+01
 -1.12998E+01  2.14306E-28  1.42019E+06  2.00000E-03  1.33361E+01
 -1.12530E+01  2.14306E-28  1.42019E+06  2.00000E-03  1.33361E+01
 -1.12062E+01  2.14348E-28  1.42037E+06  2.00000E-03  1.33195E+01
 -1.11594E+01  2.14390E-28  1.42055E+06  2.00000E-03  1.33029E+01
 -1.11126E+01  2.14390E-28  1.42055E+06  2.00000E-03  1.33029E+01
 -1.10658E+01  2.14390E-28  1.42055E+06  2.00000E-03  1.33029E+01
 -1.10190E+01  2.14417E-28  1.42067E+06  2.00000E-03  1.32941E+01
 -1.09722E+01  2.14444E-28  1.42078E+06  2.00000E-03  1.32853E+01
 -1.09254E+01  2.14444E-28  1.42078E+06  2.00000E-03  1.32853E+01
 -1.08787E+01  2.14444E-28  1.42078E+06  2.00000E-03  1.32853E+01
 -1.08319E+01  2.14454E-28  1.42082E+06  2.00000E-03  1.32838E+01
 -1.07851E+01  2.14463E-28  1.42086E+06  2.00000E-03  1.32824E+01
 -1.07383E+01  2.14463E-28  1.42086E+06  2.00000E-03  1.32824E+01
 -1.06915E+01  2.14463E-28  1.42086E+06  2.00000E-03  1.32824E+01
 -1.06447E+01  2.14458E-28  1.42083E+06  2.00000E-03  1.32834E+01
 -1.05979E+01  2.14453E-28  1.42080E+06  2.00000E-03  1.32843E+01
 -1.05511E+01  2.14453E-28  1.42080E+06  2.00000E-03  1.32843E+01
 -1.05043E+01  2.14453E-28  1.42080E+06  2.00000E-03  1.32843E+01
 -1.04575E+01  2.14438E-28  1.42072E+06  2.00000E-03  1.32827E+01
 -1.04108E+01  2.14423E-28  1.42065E+06  2.00000E-03  1.32810E+01
 -1.03640E+01  2.14423E-28  1.42065E+06  2.00000E-03  1.32810E+01
 -1.03172E+01  2.14423E-28  1.42065E+06  2.00000E-03  1.32810E+01
 -1.02704E+01  2.14398E-28  1.42053E+06  2.00000E-03  1.32768E+01
 -1.02236E+01  2.14373E-28  1.42041E+06  2.00000E-03  1.32726E+01
 -1.01768E+01  2.14373E-28  1.42041E+06  2.00000E-03  1.32726E+01
 -1.01300E+01  2.14373E-28  1.42041E+06  2.00000E-03  1.32726E+01
 -1.00832E+01  2.14332E-28  1.42022E+06  2.00000E-03  1.32728E+01
 -1.00364E+01  2.14290E-28  1.42004E+06  2.00000E-03  1.32730E+01
 -9.98965E+00  2.14290E-28  1.42004E+06  2.00000E-03  1.32730E+01
 -9.94286E+00  2.14290E-28  1.42004E+06  2.00000E-03  1.32730E+01
 -9.89607E+00  2.14221E-28  1.41973E+06  2.00000E-03  1.32887E+01
 -9.84928E+00  2.14153E-28  1.41943E+06  2.00000E-03  1.33043E+01
 -9.80249E+00  2.14153E-28  1.41943E+06  2.00000E-03  1.33043E+01
 -9.75570E+00  2.14153E-28  1.41943E+06  2.00000E-03  1.33043E+01
 -9.70891E+00  2.14047E-28  1.41896E+06  2.00000E-03  1.33445E+01
 -9.66212E+00  2.13942E-28  1.41850E+06  2.00000E-03  1.33848E+01
 -9.61533E+00  2.13942E-28  1.41850E+06  2.00000E-03  1.33848E+01
 -9.56854E+00  2.13942E-28  1.41850E+06  2.00000E-03  1.33848E+01
 -9.52175E+00  2.13799E-28  1.41787E+06  2.00000E-03  1.34516E+01
 -9.47496E+00  2.13657E-28  1.41725E+06  2.00000E-03  1.35184E+01
 -9.42817E+00  2.13657E-28  1.41725E+06  2.00000E-03  1.35184E+01
 -9.38138E+00  2.13657E-28  1.41725E+06  2.00000E-03  1.35184E+01
 -9.33459E+00  2.13487E-28  1.41650E+06  2.00000E-03  1.36062E+01
 -9.28780E+00  2.13318E-28  1.41576E+06  2.00000E-03  1.36942E+01
 -9.24101E+00  2.13318E-28  1.41576E+06  2.00000E-03  1.36942E+01
 -9.19422E+00  2.13318E-28  1.41576E+06  2.00000E-03  1.36942E+01
 -9.14743E+00  2.13142E-28  1.41499E+06  2.00000E-03  1.37921E+01
 -9.10064E+00  2.12966E-28  1.41422E+06  2.00000E-03  1.38902E+01
 -9.05385E+00  2.12966E-28  1.41422E+06  2.00000E-03  1.38902E+01
 -9.00706E+00  2.12966E-28  1.41422E+06  2.00000E-03  1.38902E+01
 -8.96027E+00  2.12809E-28  1.41354E+06  2.00000E-03  1.39833E+01
 -8.91348E+00  2.12652E-28  1.41285E+06  2.00000E-03  1.40766E+01
 -8.86669E+00  2.12652E-28  1.41285E+06  2.00000E-03  1.40766E+01
 -8.81990E+00  2.12652E-28  1.41285E+06  2.00000E-03  1.40766E+01
 -8.77311E+00  2.12537E-28  1.41234E+06  2.00000E-03  1.41462E+01
 -8.72632E+00  2.12423E-28  1.41184E+06  2.00000E-03  1.42160E+01
 -8.67953E+00  2.12423E-28  1.41184E+06  2.00000E-03  1.42160E+01
 -8.63274E+00  2.12423E-28  1.41184E+06  2.00000E-03  1.42160E+01
 -8.58595E+00  2.12370E-28  1.41160E+06  2.00000E-03  1.42489E+01
 -8.53916E+00  2.12317E-28  1.41137E+06  2.00000E-03  1.42817E+01
 -8.49237E+00  2.12317E-28  1.41137E+06  2.00000E-03  1.42817E+01
 -8.44558E+00  2.12317E-28  1.41137E+06  2.00000E-03  1.42817E+01
 -8.39879E+00  2.12331E-28  1.41140E+06  2.00000E-03  1.42726E+01
 -8.35200E+00  2.12346E-28  1.41144E+06  2.00000E-03  1.42634E+01
 -8.30521E+00  2.12346E-28  1.41144E+06  2.00000E-03  1.42634E+01
 -8.25842E+00  2.12346E-28  1.41144E+06  2.00000E-03  1.42634E+01
 -8.21163E+00  2.12424E-28  1.41173E+06  2.00000E-03  1.42119E+01
 -8.16484E+00  2.12503E-28  1.41202E+06  2.00000E-03  1.41604E+01
 -8.11805E+00  2.12503E-28  1.41202E+06  2.00000E-03  1.41604E+01
 -8.07126E+00  2.12503E-28  1.41202E+06  2.00000E-03  1.41604E+01
 -8.02447E+00  2.12631E-28  1.41254E+06  2.00000E-03  1.40821E+01
 -7.97768E+00  2.12760E-28  1.41306E+06  2.00000E-03  1.40038E+01
 -7.93089E+00  2.12760E-28  1.41306E+06  2.00000E-03  1.40038E+01
 -7.88410E+00  2.12760E-28  1.41306E+06  2.00000E-03  1.40038E+01
 -7.83731E+00  2.12899E-28  1.41382E+06  1.99999E-03  1.39271E+01
 -7.79052E+00  2.13038E-28  1.41458E+06  1.99998E-03  1.38504E+01
 -7.74373E+00  2.13038E-28  1.41458E+06  1.99998E-03  1.38504E+01
 -7.69694E+00  2.13038E-28  1.41458E+06  1.99998E-03  1.38504E+01
 -7.65015E+00  2.13128E-28  1.41558E+06  1.99992E-03  1.37664E+01
 -7.60336E+00  2.13217E-28  1.41657E+06  1.99986E-03  1.36825E+01
 -7.55657E+00  2.13217E-28  1.41657E+06  1.99986E-03  1.36825E+01
 -7.50978E+00  2.13217E-28  1.41657E+06  1.99986E-03  1.36825E+01
 -7.46299E+00  2.13405E-28  1.41649E+06  1.99941E-03  1.34917E+01
 -7.41620E+00  2.13593E-28  1.41641E+06  1.99896E-03  1.33013E+01
 -7.36941E+00  2.13593E-28  1.41641E+06  1.99896E-03  1.33013E+01
 -7.32262E+00  2.13593E-28  1.41641E+06  1.99896E-03  1.33013E+01
 -7.27583E+00  2.14406E-28  1.41184E+06  1.99643E-03  1.28912E+01
 -7.22904E+00  2.15219E-28  1.40730E+06  1.99392E-03  1.24841E+01
 -7.18225E+00  2.15219E-28  1.40730E+06  1.99392E-03  1.24841E+01
 -7.13546E+00  2.15219E-28  1.40730E+06  1.99392E-03  1.24841E+01
 -7.08867E+00  2.18696E-28  1.38556E+06  1.98123E-03  1.18498E+01
 -7.04188E+00  2.22173E-28  1.36450E+06  1.96892E-03  1.12353E+01
 -6.99509E+00  2.22173E-28  1.36450E+06  1.96892E-03  1.12353E+01
 -6.94830E+00  2.22173E-28  1.36450E+06  1.96892E-03  1.12353E+01
 -6.90151E+00  2.29279E-28  1.32248E+06  1.94435E-03  1.04550E+01
 -6.85472E+00  2.36385E-28  1.28299E+06  1.92126E-03  9.72162E+00
 -6.80793E+00  2.36385E-28  1.28299E+06  1.92126E-03  9.72162E+00
 -6.76114E+00  2.36385E-28  1.28299E+06  1.92126E-03  9.72162E+00
 -6.71435E+00  2.39627E-28  1.26531E+06  1.91051E-03  8.87437E+00
 -6.66756E+00  2.42869E-28  1.24810E+06  1.90005E-03  8.04974E+00
 -6.62077E+00  2.42869E-28  1.24810E+06  1.90005E-03  8.04974E+00
 -6.57398E+00  2.42869E-28  1.24810E+06  1.90005E-03  8.04974E+00
 -6.52719E+00  2.40878E-28  1.25767E+06  1.90374E-03  7.19792E+00
 -6.48040E+00  2.38886E-28  1.26740E+06  1.90749E-03  6.33190E+00
 -6.43362E+00  2.38886E-28  1.26740E+06  1.90749E-03  6.33190E+00
 -6.38683E+00  2.38886E-28  1.26740E+06  1.90749E-03  6.33190E+00
 -6.34003E+00  2.34623E-28  1.28923E+06  1.91956E-03  5.54670E+00
 -6.29325E+00  2.30359E-28  1.31188E+06  1.93208E-03  4.73244E+00
 -6.24646E+00  2.30359E-28  1.31188E+06  1.93208E-03  4.73244E+00
 -6.19967E+00  2.30359E-28  1.31188E+06  1.93208E-03  4.73244E+00
 -6.15288E+00  2.27292E-28  1.32787E+06  1.94370E-03  4.04130E+00
 -6.10609E+00  2.24225E-28  1.34430E+06  1.95564E-03  3.33125E+00
 -6.05930E+00  2.24225E-28  1.34430E+06  1.95564E-03  3.33125E+00
 -6.01251E+00  2.24225E-28  1.34430E+06  1.95564E-03  3.33125E+00
 -5.96572E+00  2.23618E-28  1.34622E+06  1.96007E-03  2.79221E+00
 -5.91893E+00  2.23011E-28  1.34814E+06  1.96452E-03  2.25024E+00
 -5.87214E+00  2.23011E-28  1.34814E+06  1.96452E-03  2.25024E+00
 -5.82535E+00  2.23011E-28  1.34814E+06  1.96452E-03  2.25024E+00
 -5.77856E+00  2.23578E-28  1.34263E+06  1.96292E-03  1.90395E+00
 -5.73177E+00  2.24145E-28  1.33715E+06  1.96132E-03  1.55940E+00
 -5.68498E+00  2.24145E-28  1.33715E+06  1.96132E-03  1.55940E+00
 -5.63819E+00  2.24145E-28  1.33715E+06  1.96132E-03  1.55940E+00
 -5.59140E+00  2.23775E-28  1.33739E+06  1.96147E-03  1.40058E+00
 -5.54461E+00  2.23406E-28  1.33762E+06  1.96163E-03  1.24123E+00
 -5.49782E+00  2.23406E-28  1.33762E+06  1.96163E-03  1.24123E+00
 -5.45103E+00  2.23406E-28  1.33762E+06  1.96163E-03  1.24123E+00
 -5.40424E+00  2.22650E-28  1.34021E+06  1.96299E-03  1.27207E+00
 -5.35745E+00  2.21894E-28  1.34282E+06  1.96435E-03  1.30313E+00
 -5.31066E+00  2.21894E-28  1.34282E+06  1.96435E-03  1.30313E+00
 -5.26387E+00  2.21894E-28  1.34282E+06  1.96435E-03  1.30313E+00
 -5.21708E+00  2.21434E-28  1.34365E+06  1.96482E-03  1.48488E+00
 -5.17029E+00  2.20974E-28  1.34448E+06  1.96529E-03  1.66739E+00
 -5.12350E+00  2.20974E-28  1.34448E+06  1.96529E-03  1.66739E+00
 -5.07671E+00  2.20974E-28  1.34448E+06  1.96529E-03  1.66739E+00
 -5.02992E+00  2.20579E-28  1.34481E+06  1.96565E-03  1.92192E+00
 -4.98313E+00  2.20184E-28  1.34513E+06  1.96601E-03  2.17736E+00
 -4.93634E+00  2.20184E-28  1.34513E+06  1.96601E-03  2.17736E+00
 -4.88955E+00  2.20184E-28  1.34513E+06  1.96601E-03  2.17736E+00
 -4.84276E+00  2.19480E-28  1.34738E+06  1.96733E-03  2.43434E+00
 -4.79597E+00  2.18776E-28  1.34964E+06  1.96867E-03  2.69296E+00
 -4.74918E+00  2.18776E-28  1.34964E+06  1.96867E-03  2.69296E+00
 -4.70239E+00  2.18776E-28  1.34964E+06  1.96867E-03  2.69296E+00
 -4.65560E+00  2.17207E-28  1.35735E+06  1.97275E-03  2.93808E+00
 -4.60881E+00  2.15639E-28  1.36517E+06  1.97689E-03  3.18676E+00
 -4.56202E+00  2.15639E-28  1.36517E+06  1.97689E-03  3.18676E+00
 -4.51523E+00  2.15639E-28  1.36517E+06  1.97689E-03  3.18676E+00
 -4.46844E+00  2.14225E-28  1.37260E+06  1.98181E-03  3.47092E+00
 -4.42165E+00  2.12811E-28  1.38013E+06  1.98679E-03  3.75886E+00
 -4.37486E+00  2.12811E-28  1.38013E+06  1.98679E-03  3.75886E+00
 -4.32807E+00  2.12811E-28  1.38013E+06  1.98679E-03  3.75886E+00
 -4.28128E+00  2.13476E-28  1.37394E+06  1.98448E-03  3.98070E+00
 -4.23449E+00  2.14142E-28  1.36778E+06  1.98218E-03  4.20116E+00
 -4.18770E+00  2.14142E-28  1.36778E+06  1.98218E-03  4.20116E+00
 -4.14091E+00  2.14142E-28  1.36778E+06  1.98218E-03  4.20116E+00
 -4.09412E+00  2.16521E-28  1.35039E+06  1.97431E-03  4.02036E+00
 -4.04733E+00  2.18900E-28  1.33337E+06  1.96662E-03  3.84349E+00
 -4.00054E+00  2.18900E-28  1.33337E+06  1.96662E-03  3.84349E+00
 -3.95375E+00  2.18900E-28  1.33337E+06  1.96662E-03  3.84349E+00
 -3.90696E+00  2.24841E-28  1.29698E+06  1.94792E-03  3.25505E+00
 -3.86017E+00  2.30781E-28  1.26246E+06  1.93017E-03  2.69691E+00
 -3.81338E+00  2.30781E-28  1.26246E+06  1.93017E-03  2.69691E+00
 -3.76659E+00  2.30781E-28  1.26246E+06  1.93017E-03  2.69691E+00
 -3.71980E+00  2.45534E-28  1.18630E+06  1.88458E-03  2.03111E+00
 -3.67301E+00  2.60288E-28  1.11877E+06  1.84416E-03  1.44078E+00
 -3.62622E+00  2.60288E-28  1.11877E+06  1.84416E-03  1.44078E+00
 -3.57943E+00  2.60288E-28  1.11877E+06  1.84416E-03  1.44078E+00
 -3.53264E+00  2.81010E-28  1.03597E+06  1.79018E-03  9.02535E-01
 -3.48585E+00  3.01733E-28  9.64546E+05  1.74360E-03  4.38222E-01
 -3.43906E+00  3.01733E-28  9.64546E+05  1.74360E-03  4.38222E-01
 -3.39227E+00  3.01733E-28  9.64546E+05  1.74360E-03  4.38222E-01
 -3.34548E+00  3.13792E-28  9.27106E+05  1.71575E-03  1.34139E-01
 -3.29869E+00  3.25851E-28  8.92436E+05  1.68996E-03 -1.47436E-01
 -3.25190E+00  3.25851E-28  8.92436E+05  1.68996E-03 -1.47436E-01
 -3.20511E+00  3.25851E-28  8.92436E+05  1.68996E-03 -1.47436E-01
 -3.15832E+00  3.18786E-28  9.12972E+05  1.70108E-03 -5.84070E-02
 -3.11153E+00  3.11720E-28  9.34439E+05  1.71270E-03  3.46579E-02
 -3.06474E+00  3.11720E-28  9.34439E+05  1.71270E-03  3.46579E-02
 -3.01795E+00  3.11720E-28  9.34439E+05  1.71270E-03  3.46579E-02
 -2.97116E+00  2.90623E-28  1.00156E+06  1.75607E-03  1.63959E-01
 -2.92437E+00  2.69526E-28  1.07919E+06  1.80623E-03  3.13502E-01
 -2.87758E+00  2.69526E-28  1.07919E+06  1.80623E-03  3.13502E-01
 -2.83079E+00  2.69526E-28  1.07919E+06  1.80623E-03  3.13502E-01
 -2.78400E+00  2.66991E-28  1.08824E+06  1.81360E-03  2.30728E-02
 -2.73721E+00  2.64456E-28  1.09746E+06  1.82112E-03 -2.72925E-01
 -2.69042E+00  2.64456E-28  1.09746E+06  1.82112E-03 -2.72925E-01
 -2.64363E+00  2.64456E-28  1.09746E+06  1.82112E-03 -2.72925E-01
 -2.59684E+00  2.60714E-28  1.11223E+06  1.83024E-03 -8.26775E-01
 -2.55005E+00  2.56972E-28  1.12742E+06  1.83962E-03 -1.39676E+00
 -2.50326E+00  2.56972E-28  1.12742E+06  1.83962E-03 -1.39676E+00
 -2.45647E+00  2.56972E-28  1.12742E+06  1.83962E-03 -1.39676E+00
 -2.40968E+00  2.43569E-28  1.18817E+06  1.87645E-03 -1.87832E+00
 -2.36289E+00  2.30165E-28  1.25601E+06  1.91757E-03 -2.41597E+00
 -2.31610E+00  2.30165E-28  1.25601E+06  1.91757E-03 -2.41597E+00
 -2.26931E+00  2.30165E-28  1.25601E+06  1.91757E-03 -2.41597E+00
 -2.22252E+00  2.21435E-28  1.30384E+06  1.94620E-03 -2.76749E+00
 -2.17573E+00  2.12705E-28  1.35560E+06  1.97719E-03 -3.14787E+00
 -2.12894E+00  2.12705E-28  1.35560E+06  1.97719E-03 -3.14787E+00
 -2.08215E+00  2.12705E-28  1.35560E+06  1.97719E-03 -3.14787E+00
 -2.03536E+00  2.10084E-28  1.37064E+06  1.98667E-03 -3.38414E+00
 -1.98857E+00  2.07463E-28  1.38606E+06  1.99639E-03 -3.62638E+00
 -1.94178E+00  2.07463E-28  1.38606E+06  1.99639E-03 -3.62638E+00
 -1.89499E+00  2.07463E-28  1.38606E+06  1.99639E-03 -3.62638E+00
 -1.84820E+00  2.06955E-28  1.38740E+06  1.99782E-03 -3.74909E+00
 -1.80141E+00  2.06447E-28  1.38875E+06  1.99926E-03 -3.87240E+00
 -1.75462E+00  2.06447E-28  1.38875E+06  1.99926E-03 -3.87240E+00
 -1.70783E+00  2.06447E-28  1.38875E+06  1.99926E-03 -3.87240E+00
 -1.66104E+00  2.06317E-28  1.38753E+06  1.99931E-03 -3.87237E+00
 -1.61425E+00  2.06187E-28  1.38631E+06  1.99937E-03 -3.87233E+00
 -1.56746E+00  2.06187E-28  1.38631E+06  1.99937E-03 -3.87233E+00
 -1.52067E+00  2.06187E-28  1.38631E+06  1.99937E-03 -3.87233E+00
 -1.47388E+00  2.05957E-28  1.38544E+06  1.99938E-03 -3.84054E+00
 -1.42709E+00  2.05728E-28  1.38457E+06  1.99939E-03 -3.80868E+00
 -1.38030E+00  2.05728E-28  1.38457E+06  1.99939E-03 -3.80868E+00
 -1.33351E+00  2.05728E-28  1.38457E+06  1.99939E-03 -3.80868E+00
 -1.28672E+00  2.05497E-28  1.38370E+06  1.99937E-03 -3.92378E+00
 -1.23993E+00  2.05266E-28  1.38282E+06  1.99935E-03 -4.03914E+00
 -1.19314E+00  2.05266E-28  1.38282E+06  1.99935E-03 -4.03914E+00
 -1.14635E+00  2.05266E-28  1.38282E+06  1.99935E-03 -4.03914E+00
 -1.09956E+00  2.05074E-28  1.38201E+06  1.99927E-03 -4.36914E+00
 -1.05277E+00  2.04883E-28  1.38120E+06  1.99918E-03 -4.69975E+00
 -1.00598E+00  2.04883E-28  1.38120E+06  1.99918E-03 -4.69975E+00
 -9.59194E-01  2.04883E-28  1.38120E+06  1.99918E-03 -4.69975E+00
 -9.12404E-01  2.04706E-28  1.38050E+06  1.99906E-03 -5.20459E+00
 -8.65614E-01  2.04530E-28  1.37980E+06  1.99893E-03 -5.71030E+00
 -8.18824E-01  2.04530E-28  1.37980E+06  1.99893E-03 -5.71030E+00
 -7.72034E-01  2.04530E-28  1.37980E+06  1.99893E-03 -5.71030E+00
 -7.25244E-01  2.04462E-28  1.37885E+06  1.99876E-03 -6.28978E+00
 -6.78454E-01  2.04395E-28  1.37791E+06  1.99858E-03 -6.86965E+00
 -6.31664E-01  2.04395E-28  1.37791E+06  1.99858E-03 -6.86965E+00
 -5.84874E-01  2.04395E-28  1.37791E+06  1.99858E-03 -6.86965E+00
 -5.38084E-01  2.04391E-28  1.37704E+06  1.99848E-03 -7.40399E+00
 -4.91294E-01  2.04387E-28  1.37617E+06  1.99837E-03 -7.93834E+00
 -4.44504E-01  2.04387E-28  1.37617E+06  1.99837E-03 -7.93834E+00
 -3.97714E-01  2.04387E-28  1.37617E+06  1.99837E-03 -7.93834E+00
 -3.50924E-01  2.04349E-28  1.37596E+06  1.99841E-03 -8.36492E+00
 -3.04135E-01  2.04311E-28  1.37575E+06  1.99846E-03 -8.79166E+00
 -2.57345E-01  2.04311E-28  1.37575E+06  1.99846E-03 -8.79166E+00
 -2.10555E-01  2.04311E-28  1.37575E+06  1.99846E-03 -8.79166E+00
 -1.63765E-01  2.04224E-28  1.37597E+06  1.99859E-03 -9.12117E+00
 -1.16975E-01  2.04138E-28  1.37618E+06  1.99873E-03 -9.45097E+00
 -7.01849E-02  2.04138E-28  1.37618E+06  1.99873E-03 -9.45097E+00
 -2.33950E-02  2.04138E-28  1.37618E+06  1.99873E-03 -9.45097E+00
  2.33950E-02  2.04080E-28  1.37647E+06  1.99896E-03 -9.68930E+00
  7.01849E-02  2.04023E-28  1.37676E+06  1.99918E-03 -9.92778E+00
  1.16975E-01  2.04023E-28  1.37676E+06  1.99918E-03 -9.92778E+00
  1.63765E-01  2.04023E-28  1.37676E+06  1.99918E-03 -9.92778E+00
  2.10555E-01  2.04071E-28  1.37643E+06  1.99943E-03 -1.00804E+01
  2.57345E-01  2.04118E-28  1.37609E+06  1.99969E-03 -1.02330E+01
  3.04135E-01  2.04118E-28  1.37609E+06  1.99969E-03 -1.02330E+01
  3.50924E-01  2.04118E-28  1.37609E+06  1.99969E-03 -1.02330E+01
  3.97714E-01  2.04181E-28  1.37557E+06  1.99982E-03 -1.03539E+01
  4.44504E-01  2.04244E-28  1.37505E+06  1.99995E-03 -1.04747E+01
  4.91294E-01  2.04244E-28  1.37505E+06  1.99995E-03 -1.04747E+01
  5.38084E-01  2.04244E-28  1.37505E+06  1.99995E-03 -1.04747E+01
  5.84874E-01  2.04224E-28  1.37498E+06  1.99997E-03 -1.05922E+01
  6.31664E-01  2.04203E-28  1.37491E+06  1.99999E-03 -1.07097E+01
  6.78454E-01  2.04203E-28  1.37491E+06  1.99999E-03 -1.07097E+01
  7.25244E-01  2.04203E-28  1.37491E+06  1.99999E-03 -1.07097E+01
  7.72034E-01  2.04142E-28  1.37480E+06  1.99999E-03 -1.08366E+01
  8.18824E-01  2.04080E-28  1.37468E+06  1.99999E-03 -1.09636E+01
  8.65614E-01  2.04080E-28  1.37468E+06  1.99999E-03 -1.09636E+01
  9.12404E-01  2.04080E-28  1.37468E+06  1.99999E-03 -1.09636E+01
  9.59194E-01  2.04012E-28  1.37436E+06  1.99998E-03 -1.11242E+01
  1.00598E+00  2.03943E-28  1.37403E+06  1.99998E-03 -1.12849E+01
  1.05277E+00  2.03943E-28  1.37403E+06  1.99998E-03 -1.12849E+01
  1.09956E+00  2.03943E-28  1.37403E+06  1.99998E-03 -1.12849E+01
  1.14635E+00  2.03862E-28  1.37370E+06  1.99998E-03 -1.14947E+01
  1.19314E+00  2.03781E-28  1.37337E+06  1.99997E-03 -1.17047E+01
  1.23993E+00  2.03781E-28  1.37337E+06  1.99997E-03 -1.17047E+01
  1.28672E+00  2.03781E-28  1.37337E+06  1.99997E-03 -1.17047E+01
  1.33351E+00  2.03714E-28  1.37307E+06  1.99997E-03 -1.19687E+01
  1.38030E+00  2.03647E-28  1.37276E+06  1.99997E-03 -1.22329E+01
  1.42709E+00  2.03647E-28  1.37276E+06  1.99997E-03 -1.22329E+01
  1.47388E+00  2.03647E-28  1.37276E+06  1.99997E-03 -1.22329E+01
  1.52067E+00  2.03611E-28  1.37257E+06  1.99998E-03 -1.25465E+01
  1.56746E+00  2.03574E-28  1.37238E+06  1.99998E-03 -1.28603E+01
  1.61425E+00  2.03574E-28  1.37238E+06  1.99998E-03 -1.28603E+01
  1.66104E+00  2.03574E-28  1.37238E+06  1.99998E-03 -1.28603E+01
  1.70783E+00  2.03575E-28  1.37237E+06  1.99998E-03 -1.32107E+01
  1.75462E+00  2.03577E-28  1.37236E+06  1.99999E-03 -1.35611E+01
  1.80141E+00  2.03577E-28  1.37236E+06  1.99999E-03 -1.35611E+01
  1.84820E+00  2.03577E-28  1.37236E+06  1.99999E-03 -1.35611E+01
  1.89499E+00  2.03616E-28  1.37253E+06  1.99999E-03 -1.39323E+01
  1.94178E+00  2.03656E-28  1.37270E+06  1.99999E-03 -1.43034E+01
  1.98857E+00  2.03656E-28  1.37270E+06  1.99999E-03 -1.43034E+01
  2.03536E+00  2.03656E-28  1.37270E+06  1.99999E-03 -1.43034E+01
  2.08215E+00  2.03728E-28  1.37303E+06  2.00000E-03 -1.46847E+01
  2.12894E+00  2.03801E-28  1.37335E+06  2.00000E-03 -1.50657E+01
  2.17573E+00  2.03801E-28  1.37335E+06  2.00000E-03 -1.50657E+01
  2.22252E+00  2.03801E-28  1.37335E+06  2.00000E-03 -1.50657E+01
  2.26931E+00  2.03910E-28  1.37384E+06  2.00000E-03 -1.54454E+01
  2.31610E+00  2.04019E-28  1.37432E+06  2.00000E-03 -1.58247E+01
  2.36289E+00  2.04019E-28  1.37432E+06  2.00000E-03 -1.58247E+01
  2.40968E+00  2.04019E-28  1.37432E+06  2.00000E-03 -1.58247E+01
  2.45647E+00  2.04161E-28  1.37496E+06  2.00000E-03 -1.61914E+01
  2.50326E+00  2.04304E-28  1.37561E+06  2.00000E-03 -1.65577E+01
  2.55005E+00  2.04304E-28  1.37561E+06  2.00000E-03 -1.65577E+01
  2.59684E+00  2.04304E-28  1.37561E+06  2.00000E-03 -1.65577E+01
  2.64363E+00  2.04476E-28  1.37638E+06  2.00000E-03 -1.69056E+01
  2.69042E+00  2.04648E-28  1.37716E+06  2.00000E-03 -1.72529E+01
  2.73721E+00  2.04648E-28  1.37716E+06  2.00000E-03 -1.72529E+01
  2.78400E+00  2.04648E-28  1.37716E+06  2.00000E-03 -1.72529E+01
  2.83079E+00  2.04828E-28  1.37796E+06  2.00000E-03 -1.75759E+01
  2.87758E+00  2.05009E-28  1.37877E+06  2.00000E-03 -1.78984E+01
  2.92437E+00  2.05009E-28  1.37877E+06  2.00000E-03 -1.78984E+01
  2.97116E+00  2.05009E-28  1.37877E+06  2.00000E-03 -1.78984E+01
  3.01795E+00  2.05150E-28  1.37940E+06  2.00000E-03 -1.81975E+01
  3.06474E+00  2.05292E-28  1.38003E+06  2.00000E-03 -1.84961E+01
  3.11153E+00  2.05292E-28  1.38003E+06  2.00000E-03 -1.84961E+01
  3.15832E+00  2.05292E-28  1.38003E+06  2.00000E-03 -1.84961E+01
  3.20511E+00  2.05320E-28  1.38016E+06  2.00000E-03 -1.87844E+01
  3.25190E+00  2.05348E-28  1.38028E+06  2.00000E-03 -1.90727E+01
  3.29869E+00  2.05348E-28  1.38028E+06  2.00000E-03 -1.90727E+01
  3.34548E+00  2.05348E-28  1.38028E+06  2.00000E-03 -1.90727E+01
  3.39227E+00  2.05229E-28  1.37974E+06  2.00000E-03 -1.93462E+01
  3.43906E+00  2.05111E-28  1.37921E+06  2.00000E-03 -1.96200E+01
  3.48585E+00  2.05111E-28  1.37921E+06  2.00000E-03 -1.96200E+01
  3.53264E+00  2.05111E-28  1.37921E+06  2.00000E-03 -1.96200E+01
  3.57943E+00  2.04868E-28  1.37812E+06  2.00000E-03 -1.98707E+01
  3.62622E+00  2.04625E-28  1.37703E+06  2.00000E-03 -2.01221E+01
  3.67301E+00  2.04625E-28  1.37703E+06  2.00000E-03 -2.01221E+01
  3.71980E+00  2.04625E-28  1.37703E+06  2.00000E-03 -2.01221E+01
  3.76659E+00  2.04316E-28  1.37565E+06  2.00000E-03 -2.03019E+01
  3.81338E+00  2.04007E-28  1.37426E+06  2.00000E-03 -2.04822E+01
  3.86017E+00  2.04007E-28  1.37426E+06  2.00000E-03 -2.04822E+01
  3.90696E+00  2.04007E-28  1.37426E+06  2.00000E-03 -2.04822E+01
  3.95375E+00  2.03712E-28  1.37295E+06  2.00000E-03 -2.04886E+01
  4.00054E+00  2.03416E-28  1.37162E+06  2.00000E-03 -2.04950E+01
  4.04733E+00  2.03416E-28  1.37162E+06  2.00000E-03 -2.04950E+01
  4.09412E+00  2.03416E-28  1.37162E+06  2.00000E-03 -2.04950E+01
  4.14091E+00  2.03181E-28  1.37058E+06  2.00000E-03 -2.02697E+01
  4.18770E+00  2.02945E-28  1.36953E+06  2.00000E-03 -2.00437E+01
  4.23449E+00  2.02945E-28  1.36953E+06  2.00000E-03 -2.00437E+01
  4.28128E+00  2.02945E-28  1.36953E+06  2.00000E-03 -2.00437E+01
  4.32807E+00  2.02817E-28  1.36896E+06  2.00000E-03 -1.96485E+01
  4.37486E+00  2.02689E-28  1.36839E+06  2.00000E-03 -1.92528E+01
  4.42165E+00  2.02689E-28  1.36839E+06  2.00000E-03 -1.92528E+01
  4.46844E+00  2.02689E-28  1.36839E+06  2.00000E-03 -1.92528E+01
  4.51523E+00  2.02682E-28  1.36835E+06  2.00000E-03 -1.88360E+01
  4.56202E+00  2.02676E-28  1.36830E+06  2.00000E-03 -1.84192E+01
  4.60881E+00  2.02676E-28  1.36830E+06  2.00000E-03 -1.84192E+01
  4.65560E+00  2.02676E-28  1.36830E+06  2.00000E-03 -1.84192E+01
  4.70239E+00  2.02776E-28  1.36871E+06  2.00000E-03 -1.81204E+01
  4.74918E+00  2.02875E-28  1.36912E+06  2.00000E-03 -1.78220E+01
  4.79597E+00  2.02875E-28  1.36912E+06  2.00000E-03 -1.78220E+01
  4.84276E+00  2.02875E-28  1.36912E+06  2.00000E-03 -1.78220E+01
  4.88955E+00  2.03034E-28  1.36982E+06  2.00000E-03 -1.76898E+01
  4.93634E+00  2.03193E-28  1.37053E+06  2.00000E-03 -1.75579E+01
  4.98313E+00  2.03193E-28  1.37053E+06  2.00000E-03 -1.75579E+01
  5.02992E+00  2.03193E-28  1.37053E+06  2.00000E-03 -1.75579E+01
  5.07671E+00  2.03310E-28  1.37112E+06  2.00000E-03 -1.76185E+01
  5.12350E+00  2.03426E-28  1.37171E+06  2.00000E-03 -1.76790E+01
  5.17029E+00  2.03426E-28  1.37171E+06  2.00000E-03 -1.76790E+01
  5.21708E+00  2.03426E-28  1.37171E+06  2.00000E-03 -1.76790E+01
  5.26387E+00  2.03639E-28  1.37269E+06  2.00000E-03 -1.76914E+01
  5.31066E+00  2.03853E-28  1.37367E+06  2.00000E-03 -1.77036E+01
  5.35745E+00  2.03853E-28  1.37367E+06  2.00000E-03 -1.77036E+01
  5.40424E+00  2.03853E-28  1.37367E+06  2.00000E-03 -1.77036E+01
  5.45103E+00  2.03932E-28  1.37396E+06  2.00000E-03 -1.77364E+01
  5.49782E+00  2.04011E-28  1.37425E+06  2.00000E-03 -1.77692E+01
  5.54461E+00  2.04011E-28  1.37425E+06  2.00000E-03 -1.77692E+01
  5.59140E+00  2.04011E-28  1.37425E+06  2.00000E-03 -1.77692E+01
  5.63819E+00  2.04052E-28  1.37452E+06  2.00000E-03 -1.81727E+01
  5.68498E+00  2.04092E-28  1.37478E+06  2.00000E-03 -1.85761E+01
  5.73177E+00  2.04092E-28  1.37478E+06  2.00000E-03 -1.85761E+01
  5.77856E+00  2.04092E-28  1.37478E+06  2.00000E-03 -1.85761E+01
  5.82535E+00  2.04337E-28  1.37586E+06  2.00000E-03 -1.89635E+01
  5.87214E+00  2.04582E-28  1.37693E+06  2.00000E-03 -1.93500E+01
  5.91893E+00  2.04582E-28  1.37693E+06  2.00000E-03 -1.93500E+01
  5.96572E+00  2.04582E-28  1.37693E+06  2.00000E-03 -1.93500E+01
  6.01251E+00  2.04652E-28  1.37719E+06  2.00000E-03 -1.95993E+01
  6.05930E+00  2.04722E-28  1.37746E+06  2.00000E-03 -1.98484E+01
  6.10609E+00  2.04722E-28  1.37746E+06  2.00000E-03 -1.98484E+01
  6.15288E+00  2.04722E-28  1.37746E+06  2.00000E-03 -1.98484E+01
  6.19967E+00  2.04700E-28  1.37732E+06  1.99999E-03 -2.04066E+01
  6.24646E+00  2.04678E-28  1.37719E+06  1.99998E-03 -2.09649E+01
  6.29325E+00  2.04678E-28  1.37719E+06  1.99998E-03 -2.09649E+01
  6.34003E+00  2.04678E-28  1.37719E+06  1.99998E-03 -2.09649E+01
  6.38683E+00  2.04564E-28  1.37732E+06  1.99988E-03 -2.20516E+01
  6.43362E+00  2.04451E-28  1.37744E+06  1.99978E-03 -2.31396E+01
  6.48040E+00  2.04451E-28  1.37744E+06  1.99978E-03 -2.31396E+01
  6.52719E+00  2.04451E-28  1.37744E+06  1.99978E-03 -2.31396E+01
  6.57398E+00  2.04535E-28  1.37950E+06  1.99863E-03 -2.42349E+01
  6.62077E+00  2.04620E-28  1.38157E+06  1.99749E-03 -2.53293E+01
  6.66756E+00  2.04620E-28  1.38157E+06  1.99749E-03 -2.53293E+01
  6.71435E+00  2.04620E-28  1.38157E+06  1.99749E-03 -2.53293E+01
  6.76114E+00  2.05147E-28  1.38201E+06  1.99043E-03 -2.55803E+01
  6.80793E+00  2.05674E-28  1.38246E+06  1.98341E-03 -2.58299E+01
  6.85472E+00  2.05674E-28  1.38246E+06  1.98341E-03 -2.58299E+01
  6.90151E+00  2.05674E-28  1.38246E+06  1.98341E-03 -2.58299E+01
  6.94830E+00  2.06018E-28  1.38448E+06  1.97738E-03 -2.51893E+01
  6.99509E+00  2.06361E-28  1.38649E+06  1.97136E-03 -2.45508E+01
  7.04188E+00  2.06361E-28  1.38649E+06  1.97136E-03 -2.45508E+01
  7.08867E+00  2.06361E-28  1.38649E+06  1.97136E-03 -2.45508E+01
  7.13546E+00  2.12564E-28  1.35220E+06  1.96581E-03 -2.31858E+01
  7.18225E+00  2.18767E-28  1.31986E+06  1.96057E-03 -2.18982E+01
  7.22904E+00  2.18767E-28  1.31986E+06  1.96057E-03 -2.18982E+01
  7.27583E+00  2.18767E-28  1.31986E+06  1.96057E-03 -2.18982E+01
  7.32262E+00  2.53926E-28  1.14199E+06  1.88046E-03 -1.88144E+01
  7.36941E+00  2.89086E-28  1.00738E+06  1.81985E-03 -1.64807E+01
  7.41620E+00  2.89086E-28  1.00738E+06  1.81985E-03 -1.64807E+01
  7.46299E+00  2.89086E-28  1.00738E+06  1.81985E-03 -1.64807E+01
  7.50978E+00  3.94596E-28  7.41415E+05  1.66808E-03 -1.10709E+01
  7.55657E+00  5.00106E-28  5.87673E+05  1.58036E-03 -7.94386E+00
  7.60336E+00  5.00106E-28  5.87673E+05  1.58036E-03 -7.94386E+00
  7.65015E+00  5.00106E-28  5.87673E+05  1.58036E-03 -7.94386E+00
  7.69694E+00  3.95067E-28  7.43117E+05  1.66253E-03 -5.01023E+00
  7.74373E+00  2.90029E-28  1.01115E+06  1.80422E-03  4.83269E-02
  7.79052E+00  2.90029E-28  1.01115E+06  1.80422E-03  4.83269E-02
  7.83731E+00  2.90029E-28  1.01115E+06  1.80422E-03  4.83269E-02
  7.88410E+00  2.48195E-28  1.16397E+06  1.88450E-03  2.82801E-01
  7.93089E+00  2.06362E-28  1.37875E+06  1.99732E-03  6.12340E-01
  7.97768E+00  2.06362E-28  1.37875E+06  1.99732E-03  6.12340E-01
  8.02447E+00  2.06362E-28  1.37875E+06  1.99732E-03  6.12340E-01
  8.07126E+00  2.06267E-28  1.38151E+06  1.99865E-03 -1.73056E+00
  8.11805E+00  2.06172E-28  1.38428E+06  1.99998E-03 -4.07561E+00
  8.16484E+00  2.06172E-28  1.38428E+06  1.99998E-03 -4.07561E+00
  8.21163E+00  2.06172E-28  1.38428E+06  1.99998E-03 -4.07561E+00
  8.25842E+00  2.06086E-28  1.38373E+06  1.99998E-03 -5.49537E+00
  8.30521E+00  2.05999E-28  1.38317E+06  1.99998E-03 -6.91631E+00
  8.35200E+00  2.05999E-28  1.38317E+06  1.99998E-03 -6.91631E+00
  8.39879E+00  2.05999E-28  1.38317E+06  1.99998E-03 -6.91631E+00
  8.44558E+00  2.05902E-28  1.38272E+06  1.99999E-03 -7.70422E+00
  8.49237E+00  2.05805E-28  1.38227E+06  1.99999E-03 -8.49287E+00
  8.53916E+00  2.05805E-28  1.38227E+06  1.99999E-03 -8.49287E+00
  8.58595E+00  2.05805E-28  1.38227E+06  1.99999E-03 -8.49287E+00
  8.63274E+00  2.05819E-28  1.38233E+06  1.99999E-03 -9.00072E+00
  8.67953E+00  2.05833E-28  1.38240E+06  1.99999E-03 -9.50850E+00
  8.72632E+00  2.05833E-28  1.38240E+06  1.99999E-03 -9.50850E+00
  8.77311E+00  2.05833E-28  1.38240E+06  1.99999E-03 -9.50850E+00
  8.81990E+00  2.05887E-28  1.38265E+06  1.99999E-03 -9.86207E+00
  8.86669E+00  2.05941E-28  1.38290E+06  2.00000E-03 -1.02155E+01
  8.91348E+00  2.05941E-28  1.38290E+06  2.00000E-03 -1.02155E+01
  8.96027E+00  2.05941E-28  1.38290E+06  2.00000E-03 -1.02155E+01
  9.00706E+00  2.06024E-28  1.38329E+06  2.00000E-03 -1.04893E+01
  9.05385E+00  2.06106E-28  1.38367E+06  2.00000E-03 -1.07630E+01
  9.10064E+00  2.06106E-28  1.38367E+06  2.00000E-03 -1.07630E+01
  9.14743E+00  2.06106E-28  1.38367E+06  2.00000E-03 -1.07630E+01
  9.19422E+00  2.06192E-28  1.38406E+06  2.00000E-03 -1.09827E+01
  9.24101E+00  2.06277E-28  1.38445E+06  2.00000E-03 -1.12022E+01
  9.28780E+00  2.06277E-28  1.38445E+06  2.00000E-03 -1.12022E+01
  9.33459E+00  2.06277E-28  1.38445E+06  2.00000E-03 -1.12022E+01
  9.38138E+00  2.06355E-28  1.38480E+06  2.00000E-03 -1.13885E+01
  9.42817E+00  2.06432E-28  1.38515E+06  2.00000E-03 -1.15745E+01
  9.47496E+00  2.06432E-28  1.38515E+06  2.00000E-03 -1.15745E+01
  9.52175E+00  2.06432E-28  1.38515E+06  2.00000E-03 -1.15745E+01
  9.56854E+00  2.06505E-28  1.38548E+06  2.00000E-03 -1.17336E+01
  9.61533E+00  2.06579E-28  1.38581E+06  2.00000E-03 -1.18926E+01
  9.66212E+00  2.06579E-28  1.38581E+06  2.00000E-03 -1.18926E+01
  9.70891E+00  2.06579E-28  1.38581E+06  2.00000E-03 -1.18926E+01
  9.75570E+00  2.06656E-28  1.38616E+06  2.00000E-03 -1.20233E+01
  9.80249E+00  2.06734E-28  1.38651E+06  2.00000E-03 -1.21540E+01
  9.84928E+00  2.06734E-28  1.38651E+06  2.00000E-03 -1.21540E+01
  9.89607E+00  2.06734E-28  1.38651E+06  2.00000E-03 -1.21540E+01
  9.94286E+00  2.06829E-28  1.38693E+06  2.00000E-03 -1.22550E+01
  9.98965E+00  2.06923E-28  1.38735E+06  2.00000E-03 -1.23560E+01
  1.00364E+01  2.06923E-28  1.38735E+06  2.00000E-03 -1.23560E+01
  1.00832E+01  2.06923E-28  1.38735E+06  2.00000E-03 -1.23560E+01
  1.01300E+01  2.07043E-28  1.38788E+06  2.00000E-03 -1.24245E+01
  1.01768E+01  2.07162E-28  1.38841E+06  2.00000E-03 -1.24930E+01
  1.02236E+01  2.07162E-28  1.38841E+06  2.00000E-03 -1.24930E+01
  1.02704E+01  2.07162E-28  1.38841E+06  2.00000E-03 -1.24930E+01
  1.03172E+01  2.07304E-28  1.38904E+06  2.00000E-03 -1.25309E+01
  1.03640E+01  2.07447E-28  1.38967E+06  2.00000E-03 -1.25688E+01
  1.04108E+01  2.07447E-28  1.38967E+06  2.00000E-03 -1.25688E+01
  1.04575E+01  2.07447E-28  1.38967E+06  2.00000E-03 -1.25688E+01
  1.05043E+01  2.07606E-28  1.39038E+06  2.00000E-03 -1.25831E+01
  1.05511E+01  2.07765E-28  1.39108E+06  2.00000E-03 -1.25974E+01
  1.05979E+01  2.07765E-28  1.39108E+06  2.00000E-03 -1.25974E+01
  1.06447E+01  2.07765E-28  1.39108E+06  2.00000E-03 -1.25974E+01
  1.06915E+01  2.07934E-28  1.39182E+06  2.00000E-03 -1.25945E+01
  1.07383E+01  2.08101E-28  1.39257E+06  2.00000E-03 -1.25916E+01
  1.07851E+01  2.08101E-28  1.39257E+06  2.00000E-03 -1.25916E+01
  1.08319E+01  2.08101E-28  1.39257E+06  2.00000E-03 -1.25916E+01
  1.08787E+01  2.08270E-28  1.39331E+06  2.00000E-03 -1.25770E+01
  1.09254E+01  2.08439E-28  1.39406E+06  2.00000E-03 -1.25623E+01
  1.09722E+01  2.08439E-28  1.39406E+06  2.00000E-03 -1.25623E+01
  1.10190E+01  2.08439E-28  1.39406E+06  2.00000E-03 -1.25623E+01
  1.10658E+01  2.08602E-28  1.39478E+06  2.00000E-03 -1.25402E+01
  1.11126E+01  2.08765E-28  1.39550E+06  2.00000E-03 -1.25182E+01
  1.11594E+01  2.08765E-28  1.39550E+06  2.00000E-03 -1.25182E+01
  1.12062E+01  2.08765E-28  1.39550E+06  2.00000E-03 -1.25182E+01
  1.12530E+01  2.08919E-28  1.39618E+06  2.00000E-03 -1.24916E+01
  1.12998E+01  2.09073E-28  1.39686E+06  2.00000E-03 -1.24651E+01
  1.13466E+01  2.09073E-28  1.39686E+06  2.00000E-03 -1.24651E+01
  1.13933E+01  2.09073E-28  1.39686E+06  2.00000E-03 -1.24651E+01
  1.14401E+01  2.09216E-28  1.39749E+06  2.00000E-03 -1.24359E+01
  1.14869E+01  2.09359E-28  1.39812E+06  2.00000E-03 -1.24068E+01
  1.15337E+01  2.09359E-28  1.39812E+06  2.00000E-03 -1.24068E+01
  1.15805E+01  2.09359E-28  1.39812E+06  2.00000E-03 -1.24068E+01
  1.16273E+01  2.09490E-28  1.39870E+06  2.00000E-03 -1.23761E+01
  1.16741E+01  2.09621E-28  1.39928E+06  2.00000E-03 -1.23454E+01
  1.17209E+01  2.09621E-28  1.39928E+06  2.00000E-03 -1.23454E+01
  1.17677E+01  2.09621E-28  1.39928E+06  2.00000E-03 -1.23454E+01
  1.18145E+01  2.09741E-28  1.39981E+06  2.00000E-03 -1.23133E+01
  1.18612E+01  2.09860E-28  1.40033E+06  2.00000E-03 -1.22812E+01
  1.19080E+01  2.09860E-28  1.40033E+06  2.00000E-03 -1.22812E+01
  1.19548E+01  2.09860E-28  1.40033E+06  2.00000E-03 -1.22812E+01
  1.20016E+01  2.09968E-28  1.40081E+06  2.00000E-03 -1.22473E+01
  1.20484E+01  2.10077E-28  1.40129E+06  2.00000E-03 -1.22135E+01
  1.20952E+01  2.10077E-28  1.40129E+06  2.00000E-03 -1.22135E+01
  1.21420E+01  2.10077E-28  1.40129E+06  2.00000E-03 -1.22135E+01
  1.21888E+01  2.10174E-28  1.40172E+06  2.00000E-03 -1.21778E+01
  1.22356E+01  2.10272E-28  1.40215E+06  2.00000E-03 -1.21422E+01
  1.22824E+01  2.10272E-28  1.40215E+06  2.00000E-03 -1.21422E+01
  1.23291E+01  2.10272E-28  1.40215E+06  2.00000E-03 -1.21422E+01
  1.23759E+01  2.10358E-28  1.40253E+06  2.00000E-03 -1.21052E+01
  1.24227E+01  2.10444E-28  1.40291E+06  2.00000E-03 -1.20683E+01
  1.24695E+01  2.10444E-28  1.40291E+06  2.00000E-03 -1.20683E+01
  1.25163E+01  2.10444E-28  1.40291E+06  2.00000E-03 -1.20683E+01
  1.25631E+01  2.10515E-28  1.40322E+06  2.00000E-03 -1.20318E+01
  1.26099E+01  2.10586E-28  1.40354E+06  2.00000E-03 -1.19955E+01
  1.26567E+01  2.10586E-28  1.40354E+06  2.00000E-03 -1.19955E+01
  1.27035E+01  2.10586E-28  1.40354E+06  2.00000E-03 -1.19955E+01
  1.27503E+01  2.10638E-28  1.40377E+06  2.00000E-03 -1.19626E+01
  1.27970E+01  2.10691E-28  1.40400E+06  2.00000E-03 -1.19297E+01
  1.28438E+01  2.10691E-28  1.40400E+06  2.00000E-03 -1.19297E+01
  1.28906E+01  2.10691E-28  1.40400E+06  2.00000E-03 -1.19297E+01
  1.29374E+01  2.10720E-28  1.40413E+06  2.00000E-03 -1.19038E+01
  1.29842E+01  2.10749E-28  1.40426E+06  2.00000E-03 -1.18779E+01
  1.30310E+01  2.10749E-28  1.40426E+06  2.00000E-03 -1.18779E+01
  1.30778E+01  2.10749E-28  1.40426E+06  2.00000E-03 -1.18779E+01
  1.31246E+01  2.10752E-28  1.40427E+06  2.00000E-03 -1.18609E+01
  1.31714E+01  2.10755E-28  1.40429E+06  2.00000E-03 -1.18439E+01
  1.32182E+01  2.10755E-28  1.40429E+06  2.00000E-03 -1.18439E+01
  1.32649E+01  2.10755E-28  1.40429E+06  2.00000E-03 -1.18439E+01
  1.33117E+01  2.10733E-28  1.40419E+06  2.00000E-03 -1.18352E+01
  1.33585E+01  2.10711E-28  1.40409E+06  2.00000E-03 -1.18264E+01
  1.34053E+01  2.10711E-28  1.40409E+06  2.00000E-03 -1.18264E+01
  1.34521E+01  2.10711E-28  1.40409E+06  2.00000E-03 -1.18264E+01
  1.34989E+01  2.10670E-28  1.40390E+06  2.00000E-03 -1.18202E+01
  1.35457E+01  2.10629E-28  1.40372E+06  2.00000E-03 -1.18139E+01
  1.35925E+01  2.10629E-28  1.40372E+06  2.00000E-03 -1.18139E+01
  1.36393E+01  2.10629E-28  1.40372E+06  2.00000E-03 -1.18139E+01
  1.36861E+01  2.10577E-28  1.40348E+06  2.00000E-03 -1.18091E+01
  1.37328E+01  2.10525E-28  1.40324E+06  2.00000E-03 -1.18043E+01
  1.37796E+01  2.10525E-28  1.40324E+06  2.00000E-03 -1.18043E+01
  1.38264E+01  2.10525E-28  1.40324E+06  2.00000E-03 -1.18043E+01
  1.38732E+01  2.10382E-28  1.40261E+06  2.00000E-03 -1.18701E+01
  1.39200E+01  2.10240E-28  1.40198E+06  2.00000E-03 -1.19361E+01
  1.39668E+01  2.10240E-28  1.40198E+06  2.00000E-03 -1.19361E+01
  1.40136E+01  2.10240E-28  1.40198E+06  2.00000E-03 -1.19361E+01
  1.40604E+01  2.10240E-28  1.40198E+06  2.00000E-03 -1.19361E+01
  1.41072E+01  2.10240E-28  1.40198E+06  2.00000E-03 -1.19361E+01
  1.41540E+01  2.10240E-28  1.40198E+06  2.00000E-03 -1.19361E+01
  1.42007E+01  2.10240E-28  1.40198E+06  2.00000E-03 -1.19361E+01
  1.42475E+01  2.10251E-28  1.40201E+06  2.00000E-03 -1.18200E+01
  1.42943E+01  2.10261E-28  1.40204E+06  2.00000E-03 -1.17039E+01
  1.43411E+01  2.10261E-28  1.40204E+06  2.00000E-03 -1.17039E+01
  1.43879E+01  2.10261E-28  1.40204E+06  2.00000E-03 -1.17039E+01
  1.44347E+01  2.10261E-28  1.40204E+06  2.00000E-03 -1.17039E+01
  1.44815E+01  2.10261E-28  1.40204E+06  2.00000E-03 -1.17039E+01
  1.45283E+01  2.10261E-28  1.40204E+06  2.00000E-03 -1.17039E+01
  1.45751E+01  2.10261E-28  1.40204E+06  2.00000E-03 -1.17039E+01
  1.46219E+01  2.10383E-28  1.40258E+06  2.00000E-03 -1.15005E+01
  1.46686E+01  2.10505E-28  1.40312E+06  2.00000E-03 -1.12975E+01
  1.47154E+01  2.10505E-28  1.40312E+06  2.00000E-03 -1.12975E+01
  1.47622E+01  2.10505E-28  1.40312E+06  2.00000E-03 -1.12975E+01
  1.48090E+01  2.10505E-28  1.40312E+06  2.00000E-03 -1.12975E+01
  1.48558E+01  2.10505E-28  1.40312E+06  2.00000E-03 -1.12975E+01
  1.49026E+01  2.10505E-28  1.40312E+06  2.00000E-03 -1.12975E+01
  1.49494E+01  2.10505E-28  1.40312E+06  2.00000E-03 -1.12975E+01
  1.49962E+01  2.10724E-28  1.40408E+06  2.00000E-03 -1.10102E+01
  1.50430E+01  2.10944E-28  1.40504E+06  2.00000E-03 -1.07235E+01
  1.50898E+01  2.10944E-28  1.40504E+06  2.00000E-03 -1.07235E+01
  1.51365E+01  2.10944E-28  1.40504E+06  2.00000E-03 -1.07235E+01
  1.51833E+01  2.10944E-28  1.40504E+06  2.00000E-03 -1.07235E+01
  1.52301E+01  2.10944E-28  1.40504E+06  2.00000E-03 -1.07235E+01
  1.52769E+01  2.10944E-28  1.40504E+06  2.00000E-03 -1.07235E+01
  1.53237E+01  2.10944E-28  1.40504E+06  2.00000E-03 -1.07235E+01
  1.53705E+01  2.11226E-28  1.40629E+06  2.00000E-03 -1.03786E+01
  1.54173E+01  2.11509E-28  1.40753E+06  2.00000E-03 -1.00346E+01
  1.54641E+01  2.11509E-28  1.40753E+06  2.00000E-03 -1.00346E+01
  1.55109E+01  2.11509E-28  1.40753E+06  2.00000E-03 -1.00346E+01
  1.55577E+01  2.11509E-28  1.40753E+06  2.00000E-03 -1.00346E+01
  1.56044E+01  2.11509E-28  1.40753E+06  2.00000E-03 -1.00346E+01
  1.56512E+01  2.11509E-28  1.40753E+06  2.00000E-03 -1.00346E+01
  1.56980E+01  2.11509E-28  1.40753E+06  2.00000E-03 -1.00346E+01
  1.57448E+01  2.11817E-28  1.40889E+06  2.00000E-03 -9.66142E+00
  1.57916E+01  2.12124E-28  1.41024E+06  2.00000E-03 -9.28930E+00
  1.58384E+01  2.12124E-28  1.41024E+06  2.00000E-03 -9.28930E+00
  1.58852E+01  2.12124E-28  1.41024E+06  2.00000E-03 -9.28930E+00
  1.59320E+01  2.12124E-28  1.41024E+06  2.00000E-03 -9.28930E+00
  1.59788E+01  2.12124E-28  1.41024E+06  2.00000E-03 -9.28930E+00
  1.60256E+01  2.12124E-28  1.41024E+06  2.00000E-03 -9.28930E+00
  1.60723E+01  2.12124E-28  1.41024E+06  2.00000E-03 -9.28930E+00
  1.61191E+01  2.12424E-28  1.41156E+06  2.00000E-03 -8.91303E+00
  1.61659E+01  2.12723E-28  1.41287E+06  2.00000E-03 -8.53781E+00
  1.62127E+01  2.12723E-28  1.41287E+06  2.00000E-03 -8.53781E+00
  1.62595E+01  2.12723E-28  1.41287E+06  2.00000E-03 -8.53781E+00
  1.63063E+01  2.12723E-28  1.41287E+06  2.00000E-03 -8.53781E+00
  1.63531E+01  2.12723E-28  1.41287E+06  2.00000E-03 -8.53781E+00
  1.63999E+01  2.12723E-28  1.41287E+06  2.00000E-03 -8.53781E+00
  1.64467E+01  2.12723E-28  1.41287E+06  2.00000E-03 -8.53781E+00
  1.64935E+01  2.12987E-28  1.41403E+06  2.00000E-03 -8.18081E+00
  1.65402E+01  2.13251E-28  1.41519E+06  2.00000E-03 -7.82470E+00
  1.65870E+01  2.13251E-28  1.41519E+06  2.00000E-03 -7.82470E+00
  1.66338E+01  2.13251E-28  1.41519E+06  2.00000E-03 -7.82470E+00
  1.66806E+01  2.13251E-28  1.41519E+06  2.00000E-03 -7.82470E+00
  1.67274E+01  2.13251E-28  1.41519E+06  2.00000E-03 -7.82470E+00
  1.67742E+01  2.13251E-28  1.41519E+06  2.00000E-03 -7.82470E+00
  1.68210E+01  2.13251E-28  1.41519E+06  2.00000E-03 -7.82470E+00
  1.68678E+01  2.13460E-28  1.41610E+06  2.00000E-03 -7.50806E+00
  1.69146E+01  2.13669E-28  1.41702E+06  2.00000E-03 -7.19203E+00
  1.69613E+01  2.13669E-28  1.41702E+06  2.00000E-03 -7.19203E+00
  1.70081E+01  2.13669E-28  1.41702E+06  2.00000E-03 -7.19203E+00
  1.70549E+01  2.13669E-28  1.41702E+06  2.00000E-03 -7.19203E+00
  1.71017E+01  2.13669E-28  1.41702E+06  2.00000E-03 -7.19203E+00
  1.71485E+01  2.13669E-28  1.41702E+06  2.00000E-03 -7.19203E+00
  1.71953E+01  2.13669E-28  1.41702E+06  2.00000E-03 -7.19203E+00
  1.72421E+01  2.13815E-28  1.41766E+06  2.00000E-03 -6.93126E+00
  1.72889E+01  2.13961E-28  1.41830E+06  2.00000E-03 -6.67086E+00
  1.73357E+01  2.13961E-28  1.41830E+06  2.00000E-03 -6.67086E+00
  1.73825E+01  2.13961E-28  1.41830E+06  2.00000E-03 -6.67086E+00
  1.74292E+01  2.13961E-28  1.41830E+06  2.00000E-03 -6.67086E+00
  1.74760E+01  2.13961E-28  1.41830E+06  2.00000E-03 -6.67086E+00
  1.75228E+01  2.13961E-28  1.41830E+06  2.00000E-03 -6.67086E+00
  1.75696E+01  2.13961E-28  1.41830E+06  2.00000E-03 -6.67086E+00
  1.76164E+01  2.14051E-28  1.41869E+06  2.00000E-03 -6.46768E+00
  1.76632E+01  2.14141E-28  1.41908E+06  2.00000E-03 -6.26467E+00
  1.77100E+01  2.14141E-28  1.41908E+06  2.00000E-03 -6.26467E+00
  1.77568E+01  2.14141E-28  1.41908E+06  2.00000E-03 -6.26467E+00
  1.78036E+01  2.14141E-28  1.41908E+06  2.00000E-03 -6.26467E+00
  1.78504E+01  2.14141E-28  1.41908E+06  2.00000E-03 -6.26467E+00
  1.78971E+01  2.14141E-28  1.41908E+06  2.00000E-03 -6.26467E+00
  1.79439E+01  2.14141E-28  1.41908E+06  2.00000E-03 -6.26467E+00
  1.79907E+01  2.14197E-28  1.41933E+06  2.00000E-03 -6.10379E+00
  1.80375E+01  2.14252E-28  1.41958E+06  2.00000E-03 -5.94300E+00
  1.80843E+01  2.14252E-28  1.41958E+06  2.00000E-03 -5.94300E+00
  1.81311E+01  2.14252E-28  1.41958E+06  2.00000E-03 -5.94300E+00
  1.81779E+01  2.14252E-28  1.41958E+06  2.00000E-03 -5.94300E+00
  1.82247E+01  2.14252E-28  1.41958E+06  2.00000E-03 -5.94300E+00
  1.82715E+01  2.14252E-28  1.41958E+06  2.00000E-03 -5.94300E+00
  1.83183E+01  2.14252E-28  1.41958E+06  2.00000E-03 -5.94300E+00
  1.83650E+01  2.14296E-28  1.41977E+06  2.00000E-03 -5.80289E+00
  1.84118E+01  2.14340E-28  1.41997E+06  2.00000E-03 -5.66284E+00
  1.84586E+01  2.14340E-28  1.41997E+06  2.00000E-03 -5.66284E+00
  1.85054E+01  2.14340E-28  1.41997E+06  2.00000E-03 -5.66284E+00
  1.85522E+01  2.14340E-28  1.41997E+06  2.00000E-03 -5.66284E+00
  1.85990E+01  2.14340E-28  1.41997E+06  2.00000E-03 -5.66284E+00
  1.86458E+01  2.14340E-28  1.41997E+06  2.00000E-03 -5.66284E+00
  1.86926E+01  2.14340E-28  1.41997E+06  2.00000E-03 -5.66284E+00
  1.87394E+01  2.14367E-28  1.42008E+06  2.00000E-03 -5.40262E+00
  1.87862E+01  2.14393E-28  1.42019E+06  2.00000E-03 -5.14247E+00
  1.88329E+01  2.14393E-28  1.42019E+06  2.00000E-03 -5.14247E+00
  1.88797E+01  2.14393E-28  1.42019E+06  2.00000E-03 -5.14247E+00
  1.89265E+01  2.14393E-28  1.42019E+06  2.00000E-03 -5.14247E+00
  1.89733E+01  2.14393E-28  1.42019E+06  2.00000E-03 -5.14247E+00
  1.90201E+01  2.14393E-28  1.42019E+06  2.00000E-03 -5.14247E+00
  1.90669E+01  2.14393E-28  1.42019E+06  2.00000E-03 -5.14247E+00
  1.91137E+01  2.14393E-28  1.42019E+06  2.00000E-03 -5.14247E+00
  1.91605E+01  2.14393E-28  1.42019E+06  2.00000E-03 -5.14247E+00
  1.92073E+01  2.14393E-28  1.42019E+06  2.00000E-03 -5.14247E+00
  1.92541E+01  2.14393E-28  1.42019E+06  2.00000E-03 -5.14247E+00
  1.93008E+01  2.14393E-28  1.42019E+06  2.00000E-03 -5.14247E+00
  1.93476E+01  2.14393E-28  1.42019E+06  2.00000E-03 -5.14247E+00
  1.93944E+01  2.14393E-28  1.42019E+06  2.00000E-03 -5.14247E+00
  1.94412E+01  2.14393E-28  1.42019E+06  2.00000E-03 -5.14247E+00
  1.94880E+01  2.14487E-28  1.42057E+06  2.00000E-03 -4.89414E+00
  1.95348E+01  2.14581E-28  1.42095E+06  2.00000E-03 -4.64603E+00
  1.95816E+01  2.14581E-28  1.42095E+06  2.00000E-03 -4.64603E+00
  1.96284E+01  2.14581E-28  1.42095E+06  2.00000E-03 -4.64603E+00
  1.96752E+01  2.14581E-28  1.42095E+06  2.00000E-03 -4.64603E+00
  1.97220E+01  2.14581E-28  1.42095E+06  2.00000E-03 -4.64603E+00
  1.97687E+01  2.14581E-28  1.42095E+06  2.00000E-03 -4.64603E+00
  1.98155E+01  2.14581E-28  1.42095E+06  2.00000E-03 -4.64603E+00
  1.98623E+01  2.14581E-28  1.42095E+06  2.00000E-03 -4.64603E+00
  1.99091E+01  2.14581E-28  1.42095E+06  2.00000E-03 -4.64603E+00
  1.99559E+01  2.14581E-28  1.42095E+06  2.00000E-03 -4.64603E+00
  2.00027E+01  2.14581E-28  1.42095E+06  2.00000E-03 -4.64603E+00
  2.00495E+01  2.14581E-28  1.42095E+06  2.00000E-03 -4.64603E+00
  2.00963E+01  2.14581E-28  1.42095E+06  2.00000E-03 -4.64603E+00
  2.01431E+01  2.14581E-28  1.42095E+06  2.00000E-03 -4.64603E+00
  2.01899E+01  2.14581E-28  1.42095E+06  2.00000E-03 -4.64603E+00
  2.02366E+01  2.14648E-28  1.42124E+06  2.00000E-03 -4.49268E+00
  2.02834E+01  2.14716E-28  1.42152E+06  2.00000E-03 -4.33944E+00
  2.03302E+01  2.14716E-28  1.42152E+06  2.00000E-03 -4.33944E+00
  2.03770E+01  2.14716E-28  1.42152E+06  2.00000E-03 -4.33944E+00
  2.04238E+01  2.14716E-28  1.42152E+06  2.00000E-03 -4.33944E+00
  2.04706E+01  2.14716E-28  1.42152E+06  2.00000E-03 -4.33944E+00
  2.05174E+01  2.14716E-28  1.42152E+06  2.00000E-03 -4.33944E+00
  2.05642E+01  2.14716E-28  1.42152E+06  2.00000E-03 -4.33944E+00
  2.06110E+01  2.14716E-28  1.42152E+06  2.00000E-03 -4.33944E+00
  2.06578E+01  2.14716E-28  1.42152E+06  2.00000E-03 -4.33944E+00
  2.07045E+01  2.14716E-28  1.42152E+06  2.00000E-03 -4.33944E+00
  2.07513E+01  2.14716E-28  1.42152E+06  2.00000E-03 -4.33944E+00
  2.07981E+01  2.14716E-28  1.42152E+06  2.00000E-03 -4.33944E+00
  2.08449E+01  2.14716E-28  1.42152E+06  2.00000E-03 -4.33944E+00
  2.08917E+01  2.14716E-28  1.42152E+06  2.00000E-03 -4.33944E+00
  2.09385E+01  2.14716E-28  1.42152E+06  2.00000E-03 -4.33944E+00
  2.09853E+01  2.14806E-28  1.42191E+06  2.00000E-03 -4.22140E+00
  2.10321E+01  2.14896E-28  1.42230E+06  2.00000E-03 -4.10346E+00
  2.10789E+01  2.14896E-28  1.42230E+06  2.00000E-03 -4.10346E+00
  2.11257E+01  2.14896E-28  1.42230E+06  2.00000E-03 -4.10346E+00
  2.11724E+01  2.14896E-28  1.42230E+06  2.00000E-03 -4.10346E+00
  2.12192E+01  2.14896E-28  1.42230E+06  2.00000E-03 -4.10346E+00
  2.12660E+01  2.14896E-28  1.42230E+06  2.00000E-03 -4.10346E+00
  2.13128E+01  2.14896E-28  1.42230E+06  2.00000E-03 -4.10346E+00
  2.13596E+01  2.14896E-28  1.42230E+06  2.00000E-03 -4.10346E+00
  2.14064E+01  2.14896E-28  1.42230E+06  2.00000E-03 -4.10346E+00
  2.14532E+01  2.14896E-28  1.42230E+06  2.00000E-03 -4.10346E+00
  2.15000E+01  2.14896E-28  1.42230E+06  2.00000E-03 -4.10346E+00
  2.15468E+01  2.14896E-28  1.42230E+06  2.00000E-03 -4.10346E+00
  2.15936E+01  2.14896E-28  1.42230E+06  2.00000E-03 -4.10346E+00
  2.16403E+01  2.14896E-28  1.42230E+06  2.00000E-03 -4.10346E+00
  2.16871E+01  2.14896E-28  1.42230E+06  2.00000E-03 -4.10346E+00
  2.17339E+01  2.15062E-28  1.42302E+06  2.00000E-03 -3.97502E+00
  2.17807E+01  2.15228E-28  1.42374E+06  2.00000E-03 -3.84677E+00
  2.18275E+01  2.15228E-28  1.42374E+06  2.00000E-03 -3.84677E+00
  2.18743E+01  2.15228E-28  1.42374E+06  2.00000E-03 -3.84677E+00
  2.19211E+01  2.15228E-28  1.42374E+06  2.00000E-03 -3.84677E+00
  2.19679E+01  2.15228E-28  1.42374E+06  2.00000E-03 -3.84677E+00
  2.20147E+01  2.15228E-28  1.42374E+06  2.00000E-03 -3.84677E+00
  2.20615E+01  2.15228E-28  1.42374E+06  2.00000E-03 -3.84677E+00
  2.21082E+01  2.15228E-28  1.42374E+06  2.00000E-03 -3.84677E+00
  2.21550E+01  2.15228E-28  1.42374E+06  2.00000E-03 -3.84677E+00
  2.22018E+01  2.15228E-28  1.42374E+06  2.00000E-03 -3.84677E+00
  2.22486E+01  2.15228E-28  1.42374E+06  2.00000E-03 -3.84677E+00
  2.22954E+01  2.15228E-28  1.42374E+06  2.00000E-03 -3.84677E+00
  2.23422E+01  2.15228E-28  1.42374E+06  2.00000E-03 -3.84677E+00
  2.23890E+01  2.15228E-28  1.42374E+06  2.00000E-03 -3.84677E+00
  2.24358E+01  2.15228E-28  1.42374E+06  2.00000E-03 -3.84677E+00
  2.24826E+01  2.15452E-28  1.42473E+06  2.00000E-03 -3.71355E+00
  2.25294E+01  2.15676E-28  1.42571E+06  2.00000E-03 -3.58060E+00
  2.25761E+01  2.15676E-28  1.42571E+06  2.00000E-03 -3.58060E+00
  2.26229E+01  2.15676E-28  1.42571E+06  2.00000E-03 -3.58060E+00
  2.26697E+01  2.15676E-28  1.42571E+06  2.00000E-03 -3.58060E+00
  2.27165E+01  2.15676E-28  1.42571E+06  2.00000E-03 -3.58060E+00
  2.27633E+01  2.15676E-28  1.42571E+06  2.00000E-03 -3.58060E+00
  2.28101E+01  2.15676E-28  1.42571E+06  2.00000E-03 -3.58060E+00
  2.28569E+01  2.15676E-28  1.42571E+06  2.00000E-03 -3.58060E+00
  2.29037E+01  2.15676E-28  1.42571E+06  2.00000E-03 -3.58060E+00
  2.29505E+01  2.15676E-28  1.42571E+06  2.00000E-03 -3.58060E+00
  2.29972E+01  2.15676E-28  1.42571E+06  2.00000E-03 -3.58060E+00
  2.30440E+01  2.15676E-28  1.42571E+06  2.00000E-03 -3.58060E+00
  2.30908E+01  2.15676E-28  1.42571E+06  2.00000E-03 -3.58060E+00
  2.31376E+01  2.15676E-28  1.42571E+06  2.00000E-03 -3.58060E+00
  2.31844E+01  2.15676E-28  1.42571E+06  2.00000E-03 -3.58060E+00
  2.32312E+01  2.15883E-28  1.42662E+06  2.00000E-03 -3.48664E+00
  2.32780E+01  2.16091E-28  1.42753E+06  2.00000E-03 -3.39286E+00
  2.33248E+01  2.16091E-28  1.42753E+06  2.00000E-03 -3.39286E+00
  2.33716E+01  2.16091E-28  1.42753E+06  2.00000E-03 -3.39286E+00
  2.34184E+01  2.16091E-28  1.42753E+06  2.00000E-03 -3.39286E+00
  2.34651E+01  2.16091E-28  1.42753E+06  2.00000E-03 -3.39286E+00
  2.35119E+01  2.16091E-28  1.42753E+06  2.00000E-03 -3.39286E+00
  2.35587E+01  2.16091E-28  1.42753E+06  2.00000E-03 -3.39286E+00
  2.36055E+01  2.16091E-28  1.42753E+06  2.00000E-03 -3.39286E+00
  2.36523E+01  2.16091E-28  1.42753E+06  2.00000E-03 -3.39286E+00
  2.36991E+01  2.16091E-28  1.42753E+06  2.00000E-03 -3.39286E+00
  2.37459E+01  2.16091E-28  1.42753E+06  2.00000E-03 -3.39286E+00
  2.37927E+01  2.16091E-28  1.42753E+06  2.00000E-03 -3.39286E+00
  2.38395E+01  2.16091E-28  1.42753E+06  2.00000E-03 -3.39286E+00
  2.38863E+01  2.16091E-28  1.42753E+06  2.00000E-03 -3.39286E+00
  2.39330E+01  2.16091E-28  1.42753E+06  2.00000E-03 -3.39286E+00
  2.39798E+01  2.16213E-28  1.42806E+06  2.00000E-03 -3.37549E+00
