 -2.38863E+01  2.16081E-28  1.42753E+06  2.00000E-03  1.02528E+01
 -2.38395E+01  2.16081E-28  1.42753E+06  2.00000E-03  1.02528E+01
 -2.37927E+01  2.16081E-28  1.42753E+06  2.00000E-03  1.02528E+01
 -2.37459E+01  2.16081E-28  1.42753E+06  2.00000E-03  1.02528E+01
 -2.36991E+01  2.16081E-28  1.42753E+06  2.00000E-03  1.02528E+01
 -2.36523E+01  2.16081E-28  1.42753E+06  2.00000E-03  1.02528E+01
 -2.36055E+01  2.16081E-28  1.42753E+06  2.00000E-03  1.02528E+01
 -2.35587E+01  2.16081E-28  1.42753E+06  2.00000E-03  1.02528E+01
 -2.35119E+01  2.16081E-28  1.42753E+06  2.00000E-03  1.02528E+01
 -2.34651E+01  2.16081E-28  1.42753E+06  2.00000E-03  1.02528E+01
 -2.34184E+01  2.16081E-28  1.42753E+06  2.00000E-03  1.02528E+01
 -2.33716E+01  2.16081E-28  1.42753E+06  2.00000E-03  1.02528E+01
 -2.33248E+01  2.16081E-28  1.42753E+06  2.00000E-03  1.02528E+01
 -2.32780E+01  2.16081E-28  1.42753E+06  2.00000E-03  1.02528E+01
 -2.32312E+01  2.16081E-28  1.42753E+06  2.00000E-03  1.02528E+01
 -2.31844E+01  2.16022E-28  1.42728E+06  2.00000E-03  1.02937E+01
 -2.31376E+01  2.15964E-28  1.42703E+06  2.00000E-03  1.03346E+01
 -2.30908E+01  2.15964E-28  1.42703E+06  2.00000E-03  1.03346E+01
 -2.30440E+01  2.15964E-28  1.42703E+06  2.00000E-03  1.03346E+01
 -2.29972E+01  2.15964E-28  1.42703E+06  2.00000E-03  1.03346E+01
 -2.29505E+01  2.15964E-28  1.42703E+06  2.00000E-03  1.03346E+01
 -2.29037E+01  2.15964E-28  1.42703E+06  2.00000E-03  1.03346E+01
 -2.28569E+01  2.15964E-28  1.42703E+06  2.00000E-03  1.03346E+01
 -2.28101E+01  2.15964E-28  1.42703E+06  2.00000E-03  1.03346E+01
 -2.27633E+01  2.15964E-28  1.42703E+06  2.00000E-03  1.03346E+01
 -2.27165E+01  2.15964E-28  1.42703E+06  2.00000E-03  1.03346E+01
 -2.26697E+01  2.15964E-28  1.42703E+06  2.00000E-03  1.03346E+01
 -2.26229E+01  2.15964E-28  1.42703E+06  2.00000E-03  1.03346E+01
 -2.25761E+01  2.15964E-28  1.42703E+06  2.00000E-03  1.03346E+01
 -2.25294E+01  2.15964E-28  1.42703E+06  2.00000E-03  1.03346E+01
 -2.24826E+01  2.15964E-28  1.42703E+06  2.00000E-03  1.03346E+01
 -2.24358E+01  2.15872E-28  1.42663E+06  2.00000E-03  1.03756E+01
 -2.23890E+01  2.15781E-28  1.42624E+06  2.00000E-03  1.04166E+01
 -2.23422E+01  2.15781E-28  1.42624E+06  2.00000E-03  1.04166E+01
 -2.22954E+01  2.15781E-28  1.42624E+06  2.00000E-03  1.04166E+01
 -2.22486E+01  2.15781E-28  1.42624E+06  2.00000E-03  1.04166E+01
 -2.22018E+01  2.15781E-28  1.42624E+06  2.00000E-03  1.04166E+01
 -2.21550E+01  2.15781E-28  1.42624E+06  2.00000E-03  1.04166E+01
 -2.21082E+01  2.15781E-28  1.42624E+06  2.00000E-03  1.04166E+01
 -2.20615E+01  2.15781E-28  1.42624E+06  2.00000E-03  1.04166E+01
 -2.20147E+01  2.15781E-28  1.42624E+06  2.00000E-03  1.04166E+01
 -2.19679E+01  2.15781E-28  1.42624E+06  2.00000E-03  1.04166E+01
 -2.19211E+01  2.15781E-28  1.42624E+06  2.00000E-03  1.04166E+01
 -2.18743E+01  2.15781E-28  1.42624E+06  2.00000E-03  1.04166E+01
 -2.18275E+01  2.15781E-28  1.42624E+06  2.00000E-03  1.04166E+01
 -2.17807E+01  2.15781E-28  1.42624E+06  2.00000E-03  1.04166E+01
 -2.17339E+01  2.15781E-28  1.42624E+06  2.00000E-03  1.04166E+01
 -2.16871E+01  2.15596E-28  1.42543E+06  2.00000E-03  1.04947E+01
 -2.16403E+01  2.15411E-28  1.42463E+06  2.00000E-03  1.05729E+01
 -2.15936E+01  2.15411E-28  1.42463E+06  2.00000E-03  1.05729E+01
 -2.15468E+01  2.15411E-28  1.42463E+06  2.00000E-03  1.05729E+01
 -2.15000E+01  2.15411E-28  1.42463E+06  2.00000E-03  1.05729E+01
 -2.14532E+01  2.15411E-28  1.42463E+06  2.00000E-03  1.05729E+01
 -2.14064E+01  2.15411E-28  1.42463E+06  2.00000E-03  1.05729E+01
 -2.13596E+01  2.15411E-28  1.42463E+06  2.00000E-03  1.05729E+01
 -2.13128E+01  2.15411E-28  1.42463E+06  2.00000E-03  1.05729E+01
 -2.12660E+01  2.15411E-28  1.42463E+06  2.00000E-03  1.05729E+01
 -2.12192E+01  2.15411E-28  1.42463E+06  2.00000E-03  1.05729E+01
 -2.11724E+01  2.15411E-28  1.42463E+06  2.00000E-03  1.05729E+01
 -2.11257E+01  2.15411E-28  1.42463E+06  2.00000E-03  1.05729E+01
 -2.10789E+01  2.15411E-28  1.42463E+06  2.00000E-03  1.05729E+01
 -2.10321E+01  2.15411E-28  1.42463E+06  2.00000E-03  1.05729E+01
 -2.09853E+01  2.15411E-28  1.42463E+06  2.00000E-03  1.05729E+01
 -2.09385E+01  2.15119E-28  1.42335E+06  2.00000E-03  1.06837E+01
 -2.08917E+01  2.14827E-28  1.42207E+06  2.00000E-03  1.07949E+01
 -2.08449E+01  2.14827E-28  1.42207E+06  2.00000E-03  1.07949E+01
 -2.07981E+01  2.14827E-28  1.42207E+06  2.00000E-03  1.07949E+01
 -2.07513E+01  2.14827E-28  1.42207E+06  2.00000E-03  1.07949E+01
 -2.07045E+01  2.14827E-28  1.42207E+06  2.00000E-03  1.07949E+01
 -2.06578E+01  2.14827E-28  1.42207E+06  2.00000E-03  1.07949E+01
 -2.06110E+01  2.14827E-28  1.42207E+06  2.00000E-03  1.07949E+01
 -2.05642E+01  2.14827E-28  1.42207E+06  2.00000E-03  1.07949E+01
 -2.05174E+01  2.14827E-28  1.42207E+06  2.00000E-03  1.07949E+01
 -2.04706E+01  2.14827E-28  1.42207E+06  2.00000E-03  1.07949E+01
 -2.04238E+01  2.14827E-28  1.42207E+06  2.00000E-03  1.07949E+01
 -2.03770E+01  2.14827E-28  1.42207E+06  2.00000E-03  1.07949E+01
 -2.03302E+01  2.14827E-28  1.42207E+06  2.00000E-03  1.07949E+01
 -2.02834E+01  2.14827E-28  1.42207E+06  2.00000E-03  1.07949E+01
 -2.02366E+01  2.14827E-28  1.42207E+06  2.00000E-03  1.07949E+01
 -2.01899E+01  2.14445E-28  1.42040E+06  2.00000E-03  1.09203E+01
 -2.01431E+01  2.14063E-28  1.41872E+06  2.00000E-03  1.10462E+01
 -2.00963E+01  2.14063E-28  1.41872E+06  2.00000E-03  1.10462E+01
 -2.00495E+01  2.14063E-28  1.41872E+06  2.00000E-03  1.10462E+01
 -2.00027E+01  2.14063E-28  1.41872E+06  2.00000E-03  1.10462E+01
 -1.99559E+01  2.14063E-28  1.41872E+06  2.00000E-03  1.10462E+01
 -1.99091E+01  2.14063E-28  1.41872E+06  2.00000E-03  1.10462E+01
 -1.98623E+01  2.14063E-28  1.41872E+06  2.00000E-03  1.10462E+01
 -1.98155E+01  2.14063E-28  1.41872E+06  2.00000E-03  1.10462E+01
 -1.97687E+01  2.14063E-28  1.41872E+06  2.00000E-03  1.10462E+01
 -1.97220E+01  2.14063E-28  1.41872E+06  2.00000E-03  1.10462E+01
 -1.96752E+01  2.14063E-28  1.41872E+06  2.00000E-03  1.10462E+01
 -1.96284E+01  2.14063E-28  1.41872E+06  2.00000E-03  1.10462E+01
 -1.95816E+01  2.14063E-28  1.41872E+06  2.00000E-03  1.10462E+01
 -1.95348E+01  2.14063E-28  1.41872E+06  2.00000E-03  1.10462E+01
 -1.94880E+01  2.14063E-28  1.41872E+06  2.00000E-03  1.10462E+01
 -1.94412E+01  2.13575E-28  1.41659E+06  2.00000E-03  1.11654E+01
 -1.93944E+01  2.13087E-28  1.41445E+06  2.00000E-03  1.12851E+01
 -1.93476E+01  2.13087E-28  1.41445E+06  2.00000E-03  1.12851E+01
 -1.93008E+01  2.13087E-28  1.41445E+06  2.00000E-03  1.12851E+01
 -1.92541E+01  2.13087E-28  1.41445E+06  2.00000E-03  1.12851E+01
 -1.92073E+01  2.13087E-28  1.41445E+06  2.00000E-03  1.12851E+01
 -1.91605E+01  2.13087E-28  1.41445E+06  2.00000E-03  1.12851E+01
 -1.91137E+01  2.13087E-28  1.41445E+06  2.00000E-03  1.12851E+01
 -1.90669E+01  2.13087E-28  1.41445E+06  2.00000E-03  1.12851E+01
 -1.90201E+01  2.13087E-28  1.41445E+06  2.00000E-03  1.12851E+01
 -1.89733E+01  2.13087E-28  1.41445E+06  2.00000E-03  1.12851E+01
 -1.89265E+01  2.13087E-28  1.41445E+06  2.00000E-03  1.12851E+01
 -1.88797E+01  2.13087E-28  1.41445E+06  2.00000E-03  1.12851E+01
 -1.88329E+01  2.13087E-28  1.41445E+06  2.00000E-03  1.12851E+01
 -1.87862E+01  2.13087E-28  1.41445E+06  2.00000E-03  1.12851E+01
 -1.87394E+01  2.13087E-28  1.41445E+06  2.00000E-03  1.12851E+01
 -1.86926E+01  2.12503E-28  1.41188E+06  2.00000E-03  1.15281E+01
 -1.86458E+01  2.11920E-28  1.40930E+06  2.00000E-03  1.17725E+01
 -1.85990E+01  2.11920E-28  1.40930E+06  2.00000E-03  1.17725E+01
 -1.85522E+01  2.11920E-28  1.40930E+06  2.00000E-03  1.17725E+01
 -1.85054E+01  2.11920E-28  1.40930E+06  2.00000E-03  1.17725E+01
 -1.84586E+01  2.11920E-28  1.40930E+06  2.00000E-03  1.17725E+01
 -1.84118E+01  2.11920E-28  1.40930E+06  2.00000E-03  1.17725E+01
 -1.83650E+01  2.11920E-28  1.40930E+06  2.00000E-03  1.17725E+01
 -1.83183E+01  2.11633E-28  1.40804E+06  2.00000E-03  1.18112E+01
 -1.82715E+01  2.11346E-28  1.40678E+06  2.00000E-03  1.18500E+01
 -1.82247E+01  2.11346E-28  1.40678E+06  2.00000E-03  1.18500E+01
 -1.81779E+01  2.11346E-28  1.40678E+06  2.00000E-03  1.18500E+01
 -1.81311E+01  2.11346E-28  1.40678E+06  2.00000E-03  1.18500E+01
 -1.80843E+01  2.11346E-28  1.40678E+06  2.00000E-03  1.18500E+01
 -1.80375E+01  2.11346E-28  1.40678E+06  2.00000E-03  1.18500E+01
 -1.79907E+01  2.11346E-28  1.40678E+06  2.00000E-03  1.18500E+01
 -1.79439E+01  2.11095E-28  1.40568E+06  2.00000E-03  1.18233E+01
 -1.78971E+01  2.10844E-28  1.40457E+06  2.00000E-03  1.17965E+01
 -1.78504E+01  2.10844E-28  1.40457E+06  2.00000E-03  1.17965E+01
 -1.78036E+01  2.10844E-28  1.40457E+06  2.00000E-03  1.17965E+01
 -1.77568E+01  2.10844E-28  1.40457E+06  2.00000E-03  1.17965E+01
 -1.77100E+01  2.10844E-28  1.40457E+06  2.00000E-03  1.17965E+01
 -1.76632E+01  2.10844E-28  1.40457E+06  2.00000E-03  1.17965E+01
 -1.76164E+01  2.10844E-28  1.40457E+06  2.00000E-03  1.17965E+01
 -1.75696E+01  2.10653E-28  1.40373E+06  2.00000E-03  1.16828E+01
 -1.75228E+01  2.10461E-28  1.40288E+06  2.00000E-03  1.15690E+01
 -1.74760E+01  2.10461E-28  1.40288E+06  2.00000E-03  1.15690E+01
 -1.74292E+01  2.10461E-28  1.40288E+06  2.00000E-03  1.15690E+01
 -1.73825E+01  2.10461E-28  1.40288E+06  2.00000E-03  1.15690E+01
 -1.73357E+01  2.10461E-28  1.40288E+06  2.00000E-03  1.15690E+01
 -1.72889E+01  2.10461E-28  1.40288E+06  2.00000E-03  1.15690E+01
 -1.72421E+01  2.10461E-28  1.40288E+06  2.00000E-03  1.15690E+01
 -1.71953E+01  2.10323E-28  1.40227E+06  2.00000E-03  1.13662E+01
 -1.71485E+01  2.10185E-28  1.40165E+06  2.00000E-03  1.11632E+01
 -1.71017E+01  2.10185E-28  1.40165E+06  2.00000E-03  1.11632E+01
 -1.70549E+01  2.10185E-28  1.40165E+06  2.00000E-03  1.11632E+01
 -1.70081E+01  2.10185E-28  1.40165E+06  2.00000E-03  1.11632E+01
 -1.69613E+01  2.10185E-28  1.40165E+06  2.00000E-03  1.11632E+01
 -1.69146E+01  2.10185E-28  1.40165E+06  2.00000E-03  1.11632E+01
 -1.68678E+01  2.10185E-28  1.40165E+06  2.00000E-03  1.11632E+01
 -1.68210E+01  2.10071E-28  1.40115E+06  2.00000E-03  1.08837E+01
 -1.67742E+01  2.09958E-28  1.40064E+06  2.00000E-03  1.06040E+01
 -1.67274E+01  2.09958E-28  1.40064E+06  2.00000E-03  1.06040E+01
 -1.66806E+01  2.09958E-28  1.40064E+06  2.00000E-03  1.06040E+01
 -1.66338E+01  2.09958E-28  1.40064E+06  2.00000E-03  1.06040E+01
 -1.65870E+01  2.09958E-28  1.40064E+06  2.00000E-03  1.06040E+01
 -1.65402E+01  2.09958E-28  1.40064E+06  2.00000E-03  1.06040E+01
 -1.64935E+01  2.09958E-28  1.40064E+06  2.00000E-03  1.06040E+01
 -1.64467E+01  2.09831E-28  1.40009E+06  2.00000E-03  1.02694E+01
 -1.63999E+01  2.09704E-28  1.39953E+06  2.00000E-03  9.93444E+00
 -1.63531E+01  2.09704E-28  1.39953E+06  2.00000E-03  9.93444E+00
 -1.63063E+01  2.09704E-28  1.39953E+06  2.00000E-03  9.93444E+00
 -1.62595E+01  2.09704E-28  1.39953E+06  2.00000E-03  9.93444E+00
 -1.62127E+01  2.09704E-28  1.39953E+06  2.00000E-03  9.93444E+00
 -1.61659E+01  2.09704E-28  1.39953E+06  2.00000E-03  9.93444E+00
 -1.61191E+01  2.09704E-28  1.39953E+06  2.00000E-03  9.93444E+00
 -1.60723E+01  2.09532E-28  1.39877E+06  2.00000E-03  9.56298E+00
 -1.60256E+01  2.09359E-28  1.39801E+06  2.00000E-03  9.19090E+00
 -1.59788E+01  2.09359E-28  1.39801E+06  2.00000E-03  9.19090E+00
 -1.59320E+01  2.09359E-28  1.39801E+06  2.00000E-03  9.19090E+00
 -1.58852E+01  2.09359E-28  1.39801E+06  2.00000E-03  9.19090E+00
 -1.58384E+01  2.09359E-28  1.39801E+06  2.00000E-03  9.19090E+00
 -1.57916E+01  2.09359E-28  1.39801E+06  2.00000E-03  9.19090E+00
 -1.57448E+01  2.09359E-28  1.39801E+06  2.00000E-03  9.19090E+00
 -1.56980E+01  2.09119E-28  1.39696E+06  2.00000E-03  8.78761E+00
 -1.56512E+01  2.08880E-28  1.39590E+06  2.00000E-03  8.38340E+00
 -1.56044E+01  2.08880E-28  1.39590E+06  2.00000E-03  8.38340E+00
 -1.55577E+01  2.08880E-28  1.39590E+06  2.00000E-03  8.38340E+00
 -1.55109E+01  2.08880E-28  1.39590E+06  2.00000E-03  8.38340E+00
 -1.54641E+01  2.08880E-28  1.39590E+06  2.00000E-03  8.38340E+00
 -1.54173E+01  2.08880E-28  1.39590E+06  2.00000E-03  8.38340E+00
 -1.53705E+01  2.08880E-28  1.39590E+06  2.00000E-03  8.38340E+00
 -1.53237E+01  2.08566E-28  1.39452E+06  2.00000E-03  7.94018E+00
 -1.52769E+01  2.08252E-28  1.39312E+06  2.00000E-03  7.49561E+00
 -1.52301E+01  2.08252E-28  1.39312E+06  2.00000E-03  7.49561E+00
 -1.51833E+01  2.08252E-28  1.39312E+06  2.00000E-03  7.49561E+00
 -1.51365E+01  2.08252E-28  1.39312E+06  2.00000E-03  7.49561E+00
 -1.50898E+01  2.08252E-28  1.39312E+06  2.00000E-03  7.49561E+00
 -1.50430E+01  2.08252E-28  1.39312E+06  2.00000E-03  7.49561E+00
 -1.49962E+01  2.08252E-28  1.39312E+06  2.00000E-03  7.49561E+00
 -1.49494E+01  2.07839E-28  1.39130E+06  2.00000E-03  6.97936E+00
 -1.49026E+01  2.07427E-28  1.38947E+06  2.00000E-03  6.46104E+00
 -1.48558E+01  2.07427E-28  1.38947E+06  2.00000E-03  6.46104E+00
 -1.48090E+01  2.07427E-28  1.38947E+06  2.00000E-03  6.46104E+00
 -1.47622E+01  2.07427E-28  1.38947E+06  2.00000E-03  6.46104E+00
 -1.47154E+01  2.07427E-28  1.38947E+06  2.00000E-03  6.46104E+00
 -1.46686E+01  2.07427E-28  1.38947E+06  2.00000E-03  6.46104E+00
 -1.46219E+01  2.07427E-28  1.38947E+06  2.00000E-03  6.46104E+00
 -1.45751E+01  2.06903E-28  1.38714E+06  2.00000E-03  5.86546E+00
 -1.45283E+01  2.06380E-28  1.38480E+06  2.00000E-03  5.26685E+00
 -1.44815E+01  2.06380E-28  1.38480E+06  2.00000E-03  5.26685E+00
 -1.44347E+01  2.06380E-28  1.38480E+06  2.00000E-03  5.26685E+00
 -1.43879E+01  2.06380E-28  1.38480E+06  2.00000E-03  5.26685E+00
 -1.43411E+01  2.06380E-28  1.38480E+06  2.00000E-03  5.26685E+00
 -1.42943E+01  2.06380E-28  1.38480E+06  2.00000E-03  5.26685E+00
 -1.42475E+01  2.06380E-28  1.38480E+06  2.00000E-03  5.26685E+00
 -1.42007E+01  2.05521E-28  1.38107E+06  2.00000E-03  4.44756E+00
 -1.41540E+01  2.04663E-28  1.37731E+06  2.00000E-03  3.62140E+00
 -1.41072E+01  2.04663E-28  1.37731E+06  2.00000E-03  3.62140E+00
 -1.40604E+01  2.04663E-28  1.37731E+06  2.00000E-03  3.62140E+00
 -1.40136E+01  2.04663E-28  1.37731E+06  2.00000E-03  3.62140E+00
 -1.39668E+01  2.04663E-28  1.37731E+06  2.00000E-03  3.62140E+00
 -1.39200E+01  2.04663E-28  1.37731E+06  2.00000E-03  3.62140E+00
 -1.38732E+01  2.04663E-28  1.37731E+06  2.00000E-03  3.62140E+00
 -1.38264E+01  2.03573E-28  1.37235E+06  2.00000E-03  3.31336E+00
 -1.37796E+01  2.02483E-28  1.36734E+06  2.00000E-03  3.00199E+00
 -1.37328E+01  2.02483E-28  1.36734E+06  2.00000E-03  3.00199E+00
 -1.36861E+01  2.02483E-28  1.36734E+06  2.00000E-03  3.00199E+00
 -1.36393E+01  2.01723E-28  1.36395E+06  2.00000E-03  2.42131E+00
 -1.35925E+01  2.00963E-28  1.36053E+06  2.00000E-03  1.83623E+00
 -1.35457E+01  2.00963E-28  1.36053E+06  2.00000E-03  1.83623E+00
 -1.34989E+01  2.00963E-28  1.36053E+06  2.00000E-03  1.83623E+00
 -1.34521E+01  2.00044E-28  1.35633E+06  2.00000E-03  1.00925E+00
 -1.34053E+01  1.99125E-28  1.35209E+06  2.00000E-03  1.74630E-01
 -1.33585E+01  1.99125E-28  1.35209E+06  2.00000E-03  1.74630E-01
 -1.33117E+01  1.99125E-28  1.35209E+06  2.00000E-03  1.74630E-01
 -1.32649E+01  1.97981E-28  1.34737E+06  1.99999E-03 -1.16367E+00
 -1.32182E+01  1.96838E-28  1.34259E+06  1.99999E-03 -2.51751E+00
 -1.31714E+01  1.96838E-28  1.34259E+06  1.99999E-03 -2.51751E+00
 -1.31246E+01  1.96838E-28  1.34259E+06  1.99999E-03 -2.51751E+00
 -1.30778E+01  1.95134E-28  1.33821E+06  1.99970E-03 -4.79254E+00
 -1.30310E+01  1.93430E-28  1.33375E+06  1.99940E-03 -7.10766E+00
 -1.29842E+01  1.93430E-28  1.33375E+06  1.99940E-03 -7.10766E+00
 -1.29374E+01  1.93430E-28  1.33375E+06  1.99940E-03 -7.10766E+00
 -1.28906E+01  1.92822E-28  1.31725E+06  1.99358E-03 -1.03543E+01
 -1.28438E+01  1.92214E-28  1.30065E+06  1.98771E-03 -1.36215E+01
 -1.27970E+01  1.92214E-28  1.30065E+06  1.98771E-03 -1.36215E+01
 -1.27503E+01  1.92214E-28  1.30065E+06  1.98771E-03 -1.36215E+01
 -1.27035E+01  2.08237E-28  1.18490E+06  1.93247E-03 -1.56943E+01
 -1.26567E+01  2.24261E-28  1.08569E+06  1.88513E-03 -1.74710E+01
 -1.26099E+01  2.24261E-28  1.08569E+06  1.88513E-03 -1.74710E+01
 -1.25631E+01  2.24261E-28  1.08569E+06  1.88513E-03 -1.74710E+01
 -1.25163E+01  3.65964E-28  6.68018E+05  1.65101E-03 -1.31537E+01
 -1.24695E+01  5.07667E-28  4.83511E+05  1.54759E-03 -1.12465E+01
 -1.24227E+01  5.07667E-28  4.83511E+05  1.54759E-03 -1.12465E+01
 -1.23759E+01  5.07667E-28  4.83511E+05  1.54759E-03 -1.12465E+01
 -1.23291E+01  1.54909E-27  1.55800E+05  1.34938E-03 -6.27330E+00
 -1.22824E+01  2.59051E-27  9.15773E+04  1.31054E-03 -5.29869E+00
 -1.22356E+01  2.59051E-27  9.15773E+04  1.31054E-03 -5.29869E+00
 -1.21888E+01  2.59051E-27  9.15773E+04  1.31054E-03 -5.29869E+00
 -1.21420E+01  4.01740E-27  5.61001E+04  1.28530E-03 -6.78434E+00
 -1.20952E+01  5.44429E-27  3.92193E+04  1.27329E-03 -7.49124E+00
 -1.20484E+01  5.44429E-27  3.92193E+04  1.27329E-03 -7.49124E+00
 -1.20016E+01  5.44429E-27  3.92193E+04  1.27329E-03 -7.49124E+00
 -1.19548E+01  6.36842E-27  3.34932E+04  1.26931E-03 -8.48647E+00
 -1.19080E+01  7.29256E-27  2.92184E+04  1.26634E-03 -9.22947E+00
 -1.18612E+01  7.29256E-27  2.92184E+04  1.26634E-03 -9.22947E+00
 -1.18145E+01  7.29256E-27  2.92184E+04  1.26634E-03 -9.22947E+00
 -1.17677E+01  6.79290E-27  3.22840E+04  1.26789E-03 -9.78945E+00
 -1.17209E+01  6.29325E-27  3.58365E+04  1.26969E-03 -1.04384E+01
 -1.16741E+01  6.29325E-27  3.58365E+04  1.26969E-03 -1.04384E+01
 -1.16273E+01  6.29325E-27  3.58365E+04  1.26969E-03 -1.04384E+01
 -1.15805E+01  4.91175E-27  4.60861E+04  1.27855E-03 -1.09068E+01
 -1.15337E+01  3.53025E-27  6.43578E+04  1.29435E-03 -1.17418E+01
 -1.14869E+01  3.53025E-27  6.43578E+04  1.29435E-03 -1.17418E+01
 -1.14401E+01  3.53025E-27  6.43578E+04  1.29435E-03 -1.17418E+01
 -1.13933E+01  3.14196E-27  7.33470E+04  1.30405E-03 -1.01189E+01
 -1.13466E+01  2.75367E-27  8.48713E+04  1.31648E-03 -8.03835E+00
 -1.12998E+01  2.75367E-27  8.48713E+04  1.31648E-03 -8.03835E+00
 -1.12530E+01  2.75367E-27  8.48713E+04  1.31648E-03 -8.03835E+00
 -1.12062E+01  2.52153E-27  8.97401E+04  1.32128E-03 -6.63361E+00
 -1.11594E+01  2.28939E-27  9.55961E+04  1.32706E-03 -4.94399E+00
 -1.11126E+01  2.28939E-27  9.55961E+04  1.32706E-03 -4.94399E+00
 -1.10658E+01  2.28939E-27  9.55961E+04  1.32706E-03 -4.94399E+00
 -1.10190E+01  3.72357E-27  5.31594E+04  1.28305E-03 -8.21780E+00
 -1.09722E+01  5.15774E-27  3.43229E+04  1.26352E-03 -9.67096E+00
 -1.09254E+01  5.15774E-27  3.43229E+04  1.26352E-03 -9.67096E+00
 -1.08787E+01  5.15774E-27  3.43229E+04  1.26352E-03 -9.67096E+00
 -1.08319E+01  7.74600E-27  2.11698E+04  1.25670E-03 -1.41664E+01
 -1.07851E+01  1.03343E-26  1.46052E+04  1.25330E-03 -1.64100E+01
 -1.07383E+01  1.03343E-26  1.46052E+04  1.25330E-03 -1.64100E+01
 -1.06915E+01  1.03343E-26  1.46052E+04  1.25330E-03 -1.64100E+01
 -1.06447E+01  7.92825E-27  1.72568E+04  1.26497E-03 -1.88820E+01
 -1.05979E+01  5.52225E-27  2.22190E+04  1.28681E-03 -2.35083E+01
 -1.05511E+01  5.52225E-27  2.22190E+04  1.28681E-03 -2.35083E+01
 -1.05043E+01  5.52225E-27  2.22190E+04  1.28681E-03 -2.35083E+01
 -1.04575E+01  3.71642E-27  3.26936E+04  1.30079E-03 -2.60040E+01
 -1.04108E+01  1.91059E-27  6.29686E+04  1.34119E-03 -3.32175E+01
 -1.03640E+01  1.91059E-27  6.29686E+04  1.34119E-03 -3.32175E+01
 -1.03172E+01  1.91059E-27  6.29686E+04  1.34119E-03 -3.32175E+01
 -1.02704E+01  1.57623E-27  7.66750E+04  1.34915E-03 -3.60312E+01
 -1.02236E+01  1.24187E-27  9.77618E+04  1.36139E-03 -4.03598E+01
 -1.01768E+01  1.24187E-27  9.77618E+04  1.36139E-03 -4.03598E+01
 -1.01300E+01  1.24187E-27  9.77618E+04  1.36139E-03 -4.03598E+01
 -1.00832E+01  1.21697E-27  1.08711E+05  1.36559E-03 -4.10970E+01
 -1.00364E+01  1.19206E-27  1.20119E+05  1.36997E-03 -4.18650E+01
 -9.98965E+00  1.19206E-27  1.20119E+05  1.36997E-03 -4.18650E+01
 -9.94286E+00  1.19206E-27  1.20119E+05  1.36997E-03 -4.18650E+01
 -9.89607E+00  1.25237E-27  1.23788E+05  1.36668E-03 -4.02455E+01
 -9.84928E+00  1.31267E-27  1.27121E+05  1.36369E-03 -3.87749E+01
 -9.80249E+00  1.31267E-27  1.27121E+05  1.36369E-03 -3.87749E+01
 -9.75570E+00  1.31267E-27  1.27121E+05  1.36369E-03 -3.87749E+01
 -9.70891E+00  1.48477E-27  1.17741E+05  1.35026E-03 -3.56097E+01
 -9.66212E+00  1.65686E-27  1.10310E+05  1.33962E-03 -3.31021E+01
 -9.61533E+00  1.65686E-27  1.10310E+05  1.33962E-03 -3.31021E+01
 -9.56854E+00  1.65686E-27  1.10310E+05  1.33962E-03 -3.31021E+01
 -9.52175E+00  1.86766E-27  1.03662E+05  1.32940E-03 -2.98813E+01
 -9.47496E+00  2.07845E-27  9.83627E+04  1.32125E-03 -2.73138E+01
 -9.42817E+00  2.07845E-27  9.83627E+04  1.32125E-03 -2.73138E+01
 -9.38138E+00  2.07845E-27  9.83627E+04  1.32125E-03 -2.73138E+01
 -9.33459E+00  2.19104E-27  1.01328E+05  1.31562E-03 -2.40982E+01
 -9.28780E+00  2.30363E-27  1.04003E+05  1.31055E-03 -2.11970E+01
 -9.24101E+00  2.30363E-27  1.04003E+05  1.31055E-03 -2.11970E+01
 -9.19422E+00  2.30363E-27  1.04003E+05  1.31055E-03 -2.11970E+01
 -9.14743E+00  2.17922E-27  1.13474E+05  1.30856E-03 -2.24079E+01
 -9.10064E+00  2.05480E-27  1.24093E+05  1.30632E-03 -2.37655E+01
 -9.05385E+00  2.52526E-27  1.02687E+05  1.29592E-03 -2.13234E+01
 -9.00706E+00  2.99572E-27  8.80046E+04  1.28878E-03 -1.96484E+01
 -8.96027E+00  3.91167E-27  6.96538E+04  1.28124E-03 -1.47875E+01
 -8.91348E+00  4.82763E-27  5.82664E+04  1.27656E-03 -1.17711E+01
 -8.86669E+00  6.23237E-27  4.55905E+04  1.26779E-03 -8.15448E+00
 -8.81990E+00  7.63710E-27  3.75776E+04  1.26224E-03 -5.86828E+00
 -8.77311E+00  8.40052E-27  3.30613E+04  1.25831E-03 -4.32879E+00
 -8.72632E+00  9.16393E-27  2.92974E+04  1.25504E-03 -3.04581E+00
 -8.67953E+00  9.79157E-27  2.55812E+04  1.25323E-03 -2.40286E+00
 -8.63274E+00  1.04192E-26  2.23128E+04  1.25164E-03 -1.83738E+00
 -8.58595E+00  1.13331E-26  1.85200E+04  1.25062E-03 -1.75376E+00
 -8.53916E+00  1.22470E-26  1.52933E+04  1.24975E-03 -1.68263E+00
 -8.49237E+00  1.18186E-26  1.48460E+04  1.24972E-03 -2.08632E+00
 -8.44558E+00  1.13903E-26  1.43651E+04  1.24968E-03 -2.52037E+00
 -8.39879E+00  1.06113E-26  1.42825E+04  1.25179E-03 -2.70782E+00
 -8.35200E+00  9.83239E-27  1.41869E+04  1.25425E-03 -2.92496E+00
 -8.30521E+00  9.58313E-27  1.41457E+04  1.25419E-03 -2.97640E+00
 -8.25842E+00  9.33386E-27  1.41023E+04  1.25414E-03 -3.03059E+00
 -8.21163E+00  9.48405E-27  1.40869E+04  1.25216E-03 -3.17194E+00
 -8.16484E+00  9.63424E-27  1.40721E+04  1.25023E-03 -3.30888E+00
 -8.11805E+00  1.03155E-26  1.41190E+04  1.24784E-03 -4.02986E+00
 -8.07126E+00  1.09967E-26  1.41601E+04  1.24575E-03 -4.66151E+00
 -8.02447E+00  1.18138E-26  1.42644E+04  1.24136E-03 -5.47234E+00
 -7.97768E+00  1.26310E-26  1.43551E+04  1.23755E-03 -6.17826E+00
 -7.93089E+00  1.26168E-26  1.43786E+04  1.22859E-03 -6.77910E+00
 -7.88410E+00  1.26026E-26  1.44020E+04  1.21961E-03 -7.38130E+00
 -7.83731E+00  1.18430E-26  1.43522E+04  1.21442E-03 -7.82927E+00
 -7.79052E+00  1.10834E-26  1.42955E+04  1.20853E-03 -8.33864E+00
 -7.74373E+00  1.07064E-26  1.42152E+04  1.21102E-03 -8.54194E+00
 -7.69694E+00  1.03294E-26  1.41291E+04  1.21368E-03 -8.76009E+00
 -7.65015E+00  1.05687E-26  1.40649E+04  1.21304E-03 -8.04260E+00
 -7.60336E+00  1.08080E-26  1.40035E+04  1.21242E-03 -7.35689E+00
 -7.55657E+00  1.10327E-26  1.40185E+04  1.20689E-03 -6.27411E+00
 -7.50978E+00  1.12573E-26  1.40329E+04  1.20159E-03 -5.23455E+00
 -7.46299E+00  1.14687E-26  1.41042E+04  1.19769E-03 -4.50524E+00
 -7.41620E+00  1.16801E-26  1.41728E+04  1.19393E-03 -3.80233E+00
 -7.36941E+00  1.18669E-26  1.42965E+04  1.19183E-03 -3.89420E+00
 -7.32262E+00  1.20537E-26  1.44164E+04  1.18979E-03 -3.98323E+00
 -7.27583E+00  1.22991E-26  1.44700E+04  1.19113E-03 -5.13771E+00
 -7.22904E+00  1.25444E-26  1.45215E+04  1.19241E-03 -6.24704E+00
 -7.18225E+00  1.25728E-26  1.44089E+04  1.19436E-03 -8.27356E+00
 -7.13546E+00  1.26011E-26  1.42969E+04  1.19630E-03 -1.02910E+01
 -7.08867E+00  1.25202E-26  1.41223E+04  1.19462E-03 -1.23076E+01
 -7.04188E+00  1.24392E-26  1.39454E+04  1.19292E-03 -1.43506E+01
 -6.99509E+00  1.25401E-26  1.38110E+04  1.19127E-03 -1.54670E+01
 -6.94830E+00  1.26411E-26  1.36787E+04  1.18966E-03 -1.65656E+01
 -6.90151E+00  1.31088E-26  1.36536E+04  1.18923E-03 -1.69473E+01
 -6.85472E+00  1.35766E-26  1.36302E+04  1.18883E-03 -1.73028E+01
 -6.80793E+00  1.42265E-26  1.36407E+04  1.18915E-03 -1.71289E+01
 -6.76114E+00  1.48764E-26  1.36503E+04  1.18944E-03 -1.69703E+01
 -6.71435E+00  1.53009E-26  1.36407E+04  1.18992E-03 -1.60687E+01
 -6.66756E+00  1.57253E-26  1.36316E+04  1.19039E-03 -1.52158E+01
 -6.62077E+00  1.60589E-26  1.36327E+04  1.19062E-03 -1.38934E+01
 -6.57398E+00  1.63924E-26  1.36337E+04  1.19084E-03 -1.26248E+01
 -6.52719E+00  1.65036E-26  1.36331E+04  1.19101E-03 -1.12510E+01
 -6.48040E+00  1.66148E-26  1.36325E+04  1.19117E-03 -9.89557E+00
 -6.43362E+00  1.64579E-26  1.36576E+04  1.19298E-03 -8.74511E+00
 -6.38683E+00  1.63010E-26  1.36832E+04  1.19482E-03 -7.57249E+00
 -6.34003E+00  1.58500E-26  1.37398E+04  1.20021E-03 -6.72754E+00
 -6.29325E+00  1.53990E-26  1.37998E+04  1.20591E-03 -5.83309E+00
 -6.24646E+00  1.46908E-26  1.38449E+04  1.21411E-03 -5.02746E+00
 -6.19967E+00  1.39825E-26  1.38945E+04  1.22314E-03 -4.14020E+00
 -6.15288E+00  1.30722E-26  1.38861E+04  1.22968E-03 -3.06253E+00
 -6.10609E+00  1.21619E-26  1.38763E+04  1.23720E-03 -1.82353E+00
 -6.05930E+00  1.13935E-26  1.40471E+04  1.23631E-03 -1.09585E+00
 -6.01251E+00  1.06251E-26  1.42425E+04  1.23529E-03 -2.62921E-01
 -5.96572E+00  1.06540E-26  1.42931E+04  1.23137E-03 -6.79878E-01
 -5.91893E+00  1.06830E-26  1.43434E+04  1.22747E-03 -1.09458E+00
 -5.87214E+00  1.09207E-26  1.41643E+04  1.22298E-03 -1.76094E+00
 -5.82535E+00  1.11584E-26  1.39929E+04  1.21867E-03 -2.39891E+00
 -5.77856E+00  1.11215E-26  1.38425E+04  1.21672E-03 -2.05437E+00
 -5.73177E+00  1.10845E-26  1.36912E+04  1.21475E-03 -1.70753E+00
 -5.68498E+00  1.03234E-26  1.36220E+04  1.21669E-03  5.62281E-02
 -5.63819E+00  9.56240E-27  1.35419E+04  1.21895E-03  2.10074E+00
 -5.59140E+00  8.48319E-27  1.37487E+04  1.22084E-03  4.53414E+00
 -5.54461E+00  7.40398E-27  1.40157E+04  1.22329E-03  7.67695E+00
 -5.49782E+00  6.49863E-27  1.44901E+04  1.22483E-03  1.03769E+01
 -5.45103E+00  5.59328E-27  1.51181E+04  1.22686E-03  1.39509E+01
 -5.40424E+00  5.02473E-27  1.58247E+04  1.22788E-03  1.63779E+01
 -5.35745E+00  4.45619E-27  1.67115E+04  1.22917E-03  1.94242E+01
 -5.31066E+00  4.14728E-27  1.78182E+04  1.23017E-03  2.13441E+01
 -5.26387E+00  3.83838E-27  1.91029E+04  1.23134E-03  2.35731E+01
 -5.21708E+00  3.64221E-27  2.05986E+04  1.23269E-03  2.51574E+01
 -5.17029E+00  3.44605E-27  2.22647E+04  1.23421E-03  2.69220E+01
 -5.12350E+00  3.37527E-27  2.39288E+04  1.23635E-03  2.79542E+01
 -5.07671E+00  3.30449E-27  2.56643E+04  1.23859E-03  2.90306E+01
 -5.02992E+00  3.37539E-27  2.73512E+04  1.24236E-03  2.92440E+01
 -4.98313E+00  3.44629E-27  2.89686E+04  1.24596E-03  2.94487E+01
 -4.93634E+00  3.89432E-27  2.83021E+04  1.24861E-03  2.86542E+01
 -4.88955E+00  4.34234E-27  2.77731E+04  1.25072E-03  2.80236E+01
 -4.84276E+00  6.13197E-27  2.21515E+04  1.24125E-03  2.45577E+01
 -4.79597E+00  7.92161E-27  1.90699E+04  1.23607E-03  2.26578E+01
 -4.74918E+00  1.03346E-26  1.66543E+04  1.22275E-03  1.79102E+01
 -4.70239E+00  1.27477E-26  1.51532E+04  1.21448E-03  1.49600E+01
 -4.65560E+00  1.24343E-26  1.53293E+04  1.21169E-03  1.16100E+01
 -4.60881E+00  1.21209E-26  1.55145E+04  1.20876E-03  8.08670E+00
 -4.56202E+00  8.79271E-27  2.02758E+04  1.21296E-03  6.68131E+00
 -4.51523E+00  3.37368E-27  4.91619E+04  1.23835E-03  3.48869E+00
 -4.46844E+00  1.01984E-27  1.60805E+05  1.33031E-03  3.64252E+00
 -4.42165E+00  7.88268E-28  2.09671E+05  1.34655E-03  5.95725E+00
 -4.37486E+00  7.05110E-28  2.34136E+05  1.35086E-03  7.72849E+00
 -4.32807E+00  5.10710E-28  3.23559E+05  1.42464E-03  6.87477E+00
 -4.28128E+00  4.44531E-28  3.74094E+05  1.46565E-03  1.11531E+00
 -4.23449E+00  4.94623E-28  3.38732E+05  1.44882E-03 -7.14024E+00
 -4.18770E+00  5.16096E-28  3.27033E+05  1.45353E-03 -1.42431E+01
 -4.14091E+00  4.82369E-28  3.49738E+05  1.47220E-03 -1.93262E+01
 -4.09412E+00  4.61049E-28  3.65396E+05  1.48197E-03 -2.18921E+01
 -4.04733E+00  4.63459E-28  3.64542E+05  1.48161E-03 -2.24753E+01
 -4.00054E+00  4.76367E-28  3.56601E+05  1.47321E-03 -2.19464E+01
 -3.95375E+00  4.98634E-28  3.42475E+05  1.45538E-03 -2.07181E+01
 -3.90696E+00  5.38288E-28  3.18819E+05  1.42614E-03 -1.87058E+01
 -3.86017E+00  6.03500E-28  2.85804E+05  1.38936E-03 -1.56677E+01
 -3.81338E+00  6.93795E-28  2.49940E+05  1.35562E-03 -1.17640E+01
 -3.76659E+00  7.87042E-28  2.22017E+05  1.33410E-03 -7.81742E+00
 -3.71980E+00  8.42089E-28  2.09734E+05  1.32626E-03 -5.05092E+00
 -3.67301E+00  8.42476E-28  2.11998E+05  1.33024E-03 -4.41944E+00
 -3.62622E+00  8.46346E-28  2.15661E+05  1.34068E-03 -5.42538E+00
 -3.57943E+00  9.20614E-28  2.04766E+05  1.34494E-03 -5.88459E+00
 -3.53264E+00  9.90522E-28  1.93982E+05  1.34375E-03 -5.28839E+00
 -3.48585E+00  9.46277E-28  2.03910E+05  1.35141E-03 -4.83093E+00
 -3.43906E+00  8.76496E-28  2.20250E+05  1.36417E-03 -4.81674E+00
 -3.39227E+00  8.59048E-28  2.23974E+05  1.36906E-03 -4.79780E+00
 -3.34548E+00  8.52222E-28  2.24073E+05  1.37073E-03 -4.50794E+00
 -3.29869E+00  8.41779E-28  2.24510E+05  1.37289E-03 -3.86106E+00
 -3.25190E+00  8.26220E-28  2.26255E+05  1.37480E-03 -2.97263E+00
 -3.20511E+00  8.35199E-28  2.22179E+05  1.37296E-03 -2.15482E+00
 -3.15832E+00  8.77169E-28  2.11158E+05  1.36837E-03 -1.53992E+00
 -3.11153E+00  9.10656E-28  2.03700E+05  1.36607E-03 -7.76626E-01
 -3.06474E+00  8.99177E-28  2.07148E+05  1.36970E-03  4.84069E-01
 -3.01795E+00  8.16291E-28  2.29162E+05  1.38302E-03  2.34078E+00
 -2.97116E+00  6.79473E-28  2.75450E+05  1.40992E-03  4.72259E+00
 -2.92437E+00  5.81954E-28  3.20078E+05  1.43977E-03  7.51793E+00
 -2.87758E+00  5.63100E-28  3.26458E+05  1.44977E-03  9.92384E+00
 -2.83079E+00  5.59626E-28  3.22513E+05  1.44952E-03  1.11647E+01
 -2.78400E+00  5.42522E-28  3.27219E+05  1.44987E-03  1.14422E+01
 -2.73721E+00  5.40286E-28  3.24217E+05  1.44314E-03  1.15323E+01
 -2.69042E+00  5.62684E-28  3.07916E+05  1.42891E-03  1.23212E+01
 -2.64363E+00  5.78096E-28  2.95915E+05  1.41867E-03  1.44807E+01
 -2.59684E+00  5.61936E-28  2.98123E+05  1.41876E-03  1.82673E+01
 -2.55005E+00  5.24444E-28  3.08962E+05  1.42695E-03  2.32072E+01
 -2.50326E+00  4.89415E-28  3.19230E+05  1.43856E-03  2.79040E+01
 -2.45647E+00  4.67517E-28  3.25297E+05  1.44817E-03  3.03983E+01
 -2.40968E+00  4.52102E-28  3.33955E+05  1.45284E-03  3.04157E+01
 -2.36289E+00  4.31504E-28  3.52558E+05  1.45911E-03  2.99545E+01
 -2.31610E+00  4.34140E-28  3.52322E+05  1.45659E-03  2.95945E+01
 -2.26931E+00  5.05857E-28  3.06174E+05  1.41823E-03  2.73770E+01
 -2.22252E+00  6.15217E-28  2.61171E+05  1.37940E-03  2.32606E+01
 -2.17573E+00  6.66247E-28  2.54794E+05  1.37504E-03  1.92007E+01
 -2.12894E+00  6.10293E-28  2.93209E+05  1.40849E-03  1.65433E+01
 -2.08215E+00  4.93692E-28  3.75999E+05  1.47499E-03  1.49594E+01
 -2.03536E+00  3.89133E-28  4.88430E+05  1.54916E-03  1.24164E+01
 -1.98857E+00  3.28302E-28  5.90996E+05  1.59869E-03  7.65194E+00
 -1.94178E+00  3.04560E-28  6.52037E+05  1.61823E-03  1.56019E+00
 -1.89499E+00  3.06405E-28  6.65670E+05  1.61536E-03 -4.20815E+00
 -1.84820E+00  3.21229E-28  6.53763E+05  1.60191E-03 -8.46599E+00
 -1.80141E+00  3.33790E-28  6.48558E+05  1.59496E-03 -1.09076E+01
 -1.75462E+00  3.41430E-28  6.51664E+05  1.60013E-03 -1.18740E+01
 -1.70783E+00  3.68421E-28  6.16042E+05  1.59587E-03 -1.16628E+01
 -1.66104E+00  5.04610E-28  4.53179E+05  1.51701E-03 -9.63998E+00
 -1.61425E+00  1.01386E-27  2.24284E+05  1.35358E-03 -5.15272E+00
 -1.56746E+00  2.40024E-27  9.31994E+04  1.24060E-03 -7.70679E-01
 -1.52067E+00  4.50523E-27  4.86727E+04  1.19907E-03  1.90156E+00
 -1.47388E+00  6.67157E-27  3.10331E+04  1.18320E-03  2.89513E+00
 -1.42709E+00  9.40019E-27  2.06408E+04  1.17515E-03  1.25384E+00
 -1.38030E+00  1.23132E-26  1.56179E+04  1.17205E-03 -1.30354E+00
 -1.33351E+00  1.36605E-26  1.40261E+04  1.17159E-03 -3.06126E+00
 -1.28672E+00  1.31061E-26  1.40002E+04  1.16902E-03 -3.96289E+00
 -1.23993E+00  1.18203E-26  1.44763E+04  1.16387E-03 -4.75603E+00
 -1.19314E+00  1.08123E-26  1.48476E+04  1.16074E-03 -5.92388E+00
 -1.14635E+00  1.03807E-26  1.48514E+04  1.15982E-03 -7.00165E+00
 -1.09956E+00  1.05276E-26  1.45614E+04  1.15834E-03 -7.45027E+00
 -1.05277E+00  1.11208E-26  1.41777E+04  1.15554E-03 -7.13810E+00
 -1.00598E+00  1.20342E-26  1.38619E+04  1.15271E-03 -6.37592E+00
 -9.59194E-01  1.30135E-26  1.37793E+04  1.15128E-03 -5.52886E+00
 -9.12404E-01  1.38045E-26  1.39229E+04  1.15165E-03 -4.60566E+00
 -8.65614E-01  1.42304E-26  1.41504E+04  1.15387E-03 -3.58598E+00
 -8.18824E-01  1.40920E-26  1.43621E+04  1.15866E-03 -2.68196E+00
 -7.72034E-01  1.33967E-26  1.45171E+04  1.16438E-03 -1.98771E+00
 -7.25244E-01  1.24384E-26  1.45613E+04  1.16866E-03 -1.29801E+00
 -6.78454E-01  1.14522E-26  1.44858E+04  1.17092E-03 -3.95981E-01
 -6.31664E-01  1.05749E-26  1.43677E+04  1.17111E-03  6.94423E-01
 -5.84874E-01  9.86015E-27  1.42974E+04  1.17022E-03  1.76974E+00
 -5.38084E-01  9.36998E-27  1.42881E+04  1.16884E-03  2.62744E+00
 -4.91294E-01  9.16257E-27  1.42896E+04  1.16696E-03  3.21881E+00
 -4.44504E-01  9.16094E-27  1.42685E+04  1.16457E-03  3.57168E+00
 -3.97714E-01  9.26793E-27  1.42453E+04  1.16130E-03  3.74975E+00
 -3.50924E-01  9.44190E-27  1.42354E+04  1.15634E-03  3.86983E+00
 -3.04135E-01  9.62167E-27  1.42233E+04  1.14985E-03  3.97318E+00
 -2.57345E-01  9.70897E-27  1.41968E+04  1.14421E-03  4.02988E+00
 -2.10555E-01  9.66925E-27  1.41663E+04  1.14112E-03  3.91190E+00
 -1.63765E-01  9.53998E-27  1.41390E+04  1.13950E-03  3.51488E+00
 -1.16975E-01  9.38481E-27  1.41130E+04  1.13824E-03  2.90089E+00
 -7.01849E-02  9.25695E-27  1.40845E+04  1.13752E-03  2.21882E+00
 -2.33950E-02  9.20443E-27  1.40487E+04  1.13825E-03  1.70350E+00
  2.33950E-02  9.27468E-27  1.40261E+04  1.14134E-03  1.52401E+00
  7.01849E-02  9.45144E-27  1.40346E+04  1.14643E-03  1.69906E+00
  1.16975E-01  9.66704E-27  1.40615E+04  1.15164E-03  2.26358E+00
  1.63765E-01  9.85597E-27  1.40934E+04  1.15531E-03  3.22296E+00
  2.10555E-01  9.97117E-27  1.41239E+04  1.15694E-03  4.34575E+00
  2.57345E-01  1.00036E-26  1.41521E+04  1.15619E-03  5.23470E+00
  3.04135E-01  9.98082E-27  1.41903E+04  1.15296E-03  5.60466E+00
  3.50924E-01  9.93572E-27  1.42456E+04  1.14850E-03  5.41963E+00
  3.97714E-01  9.89556E-27  1.43149E+04  1.14531E-03  4.85096E+00
  4.44504E-01  9.88995E-27  1.43953E+04  1.14445E-03  4.13333E+00
  4.91294E-01  9.93431E-27  1.44776E+04  1.14491E-03  3.43910E+00
  5.38084E-01  1.00031E-26  1.45451E+04  1.14608E-03  2.80493E+00
  5.84874E-01  1.00529E-26  1.45857E+04  1.14760E-03  2.17853E+00
  6.31664E-01  1.00606E-26  1.45915E+04  1.14869E-03  1.54390E+00
  6.78454E-01  1.00334E-26  1.45652E+04  1.14757E-03  1.02402E+00
  7.25244E-01  9.98800E-27  1.45294E+04  1.14222E-03  7.69684E-01
  7.72034E-01  9.89993E-27  1.44795E+04  1.13633E-03  8.32950E-01
  8.18824E-01  9.79219E-27  1.43941E+04  1.13480E-03  1.07080E+00
  8.65614E-01  9.76794E-27  1.42871E+04  1.13552E-03  1.12106E+00
  9.12404E-01  9.91308E-27  1.41862E+04  1.13521E-03  7.96809E-01
  9.59194E-01  1.02264E-26  1.41153E+04  1.12881E-03  4.28440E-01
  1.00598E+00  1.04875E-26  1.40905E+04  1.12076E-03  4.11390E-01
  1.05277E+00  1.05522E-26  1.41065E+04  1.11912E-03  6.45017E-01
  1.09956E+00  1.05396E-26  1.41459E+04  1.12364E-03  8.70952E-01
  1.14635E+00  1.05026E-26  1.41979E+04  1.13267E-03  1.09484E+00
  1.19314E+00  1.03538E-26  1.42634E+04  1.14366E-03  1.37464E+00
  1.23993E+00  1.00114E-26  1.43536E+04  1.15345E-03  1.56968E+00
  1.28672E+00  9.50608E-27  1.44626E+04  1.15773E-03  1.53883E+00
  1.33351E+00  8.95702E-27  1.45516E+04  1.15391E-03  1.50360E+00
  1.38030E+00  8.34194E-27  1.45983E+04  1.14489E-03  1.85161E+00
  1.42709E+00  7.53390E-27  1.48048E+04  1.13976E-03  2.58411E+00
  1.47388E+00  6.43941E-27  1.58721E+04  1.14608E-03  3.28140E+00
  1.52067E+00  5.24419E-27  1.86086E+04  1.16558E-03  3.38960E+00
  1.56746E+00  4.68721E-27  2.10057E+04  1.19250E-03  2.47180E+00
  1.61425E+00  5.39821E-27  1.86405E+04  1.20695E-03  8.92647E-01
  1.66104E+00  6.50116E-27  1.58694E+04  1.19590E-03 -3.19445E-02
  1.70783E+00  7.17262E-27  1.48013E+04  1.17073E-03  1.83224E-01
  1.75462E+00  7.56130E-27  1.42532E+04  1.14991E-03  1.34630E+00
  1.80141E+00  7.70285E-27  1.40409E+04  1.13951E-03  2.84872E+00
  1.84820E+00  7.73543E-27  1.39659E+04  1.13764E-03  4.15941E+00
  1.89499E+00  7.76601E-27  1.39531E+04  1.14051E-03  5.04257E+00
  1.94178E+00  7.83822E-27  1.39677E+04  1.14472E-03  5.52920E+00
  1.98857E+00  7.95831E-27  1.39850E+04  1.14745E-03  5.76602E+00
  2.03536E+00  8.13576E-27  1.39830E+04  1.14787E-03  5.92196E+00
  2.08215E+00  8.37630E-27  1.39610E+04  1.14628E-03  6.14226E+00
  2.12894E+00  8.67731E-27  1.39423E+04  1.14259E-03  6.49503E+00
  2.17573E+00  9.01618E-27  1.39482E+04  1.13690E-03  6.95288E+00
  2.22252E+00  9.34292E-27  1.39753E+04  1.13011E-03  7.41955E+00
  2.26931E+00  9.62508E-27  1.40064E+04  1.12398E-03  7.81110E+00
  2.31610E+00  9.87035E-27  1.40548E+04  1.11989E-03  8.19873E+00
  2.36289E+00  1.00473E-26  1.41396E+04  1.11676E-03  8.74435E+00
  2.40968E+00  1.00534E-26  1.42410E+04  1.11181E-03  9.35511E+00
  2.45647E+00  9.82004E-27  1.43449E+04  1.10450E-03  9.60513E+00
  2.50326E+00  9.43719E-27  1.44307E+04  1.09729E-03  9.22053E+00
  2.55005E+00  9.05963E-27  1.44480E+04  1.09169E-03  8.41316E+00
  2.59684E+00  8.78410E-27  1.43954E+04  1.08633E-03  7.59253E+00
  2.64363E+00  8.65250E-27  1.43270E+04  1.08010E-03  7.02368E+00
  2.69042E+00  8.64235E-27  1.42879E+04  1.07401E-03  6.77559E+00
  2.73721E+00  8.69982E-27  1.42910E+04  1.06951E-03  6.80349E+00
  2.78400E+00  8.77557E-27  1.43271E+04  1.06697E-03  7.00988E+00
  2.83079E+00  8.84313E-27  1.43815E+04  1.06592E-03  7.28209E+00
  2.87758E+00  8.90217E-27  1.44432E+04  1.06577E-03  7.52550E+00
  2.92437E+00  8.97361E-27  1.45056E+04  1.06609E-03  7.68893E+00
  2.97116E+00  9.08462E-27  1.45686E+04  1.06659E-03  7.76714E+00
  3.01795E+00  9.25652E-27  1.46324E+04  1.06715E-03  7.77356E+00
  3.06474E+00  9.50339E-27  1.46836E+04  1.06790E-03  7.72592E+00
  3.11153E+00  9.82423E-27  1.47012E+04  1.06912E-03  7.65734E+00
  3.15832E+00  1.01949E-26  1.46765E+04  1.07072E-03  7.61656E+00
  3.20511E+00  1.05723E-26  1.46167E+04  1.07180E-03  7.64771E+00
  3.25190E+00  1.09090E-26  1.45405E+04  1.07095E-03  7.76281E+00
  3.29869E+00  1.11658E-26  1.44688E+04  1.06740E-03  7.93758E+00
  3.34548E+00  1.13117E-26  1.44149E+04  1.06308E-03  8.14649E+00
  3.39227E+00  1.13117E-26  1.43830E+04  1.06091E-03  8.39594E+00
  3.43906E+00  1.11411E-26  1.43664E+04  1.06141E-03  8.72909E+00
  3.48585E+00  1.08192E-26  1.43584E+04  1.06389E-03  9.21343E+00
  3.53264E+00  1.04450E-26  1.43634E+04  1.06636E-03  9.83941E+00
  3.57943E+00  1.02585E-26  1.43738E+04  1.06678E-03  1.04452E+01
  3.62622E+00  1.04133E-26  1.43991E+04  1.06633E-03  1.07626E+01
  3.67301E+00  1.08506E-26  1.44225E+04  1.06722E-03  1.07122E+01
  3.71980E+00  1.14008E-26  1.44212E+04  1.07005E-03  1.04116E+01
  3.76659E+00  1.18918E-26  1.44155E+04  1.07377E-03  9.83130E+00
  3.81338E+00  1.23173E-26  1.43926E+04  1.07606E-03  8.86121E+00
  3.86017E+00  1.27333E-26  1.43209E+04  1.07395E-03  7.67022E+00
  3.90696E+00  1.30137E-26  1.42176E+04  1.06697E-03  6.46268E+00
  3.95375E+00  1.30589E-26  1.41705E+04  1.05969E-03  5.17501E+00
  4.00054E+00  1.29097E-26  1.41874E+04  1.05637E-03  3.83449E+00
  4.04733E+00  1.26663E-26  1.42087E+04  1.05585E-03  2.58083E+00
  4.09412E+00  1.24656E-26  1.42249E+04  1.05573E-03  1.54876E+00
  4.14091E+00  1.23320E-26  1.42308E+04  1.05539E-03  8.16229E-01
  4.18770E+00  1.22415E-26  1.42295E+04  1.05502E-03  3.41160E-01
  4.23449E+00  1.21847E-26  1.42326E+04  1.05467E-03  3.77408E-02
  4.28128E+00  1.21645E-26  1.42443E+04  1.05425E-03 -1.66868E-01
  4.32807E+00  1.21935E-26  1.42617E+04  1.05375E-03 -3.15041E-01
  4.37486E+00  1.22905E-26  1.42793E+04  1.05349E-03 -4.07993E-01
  4.42165E+00  1.24712E-26  1.42894E+04  1.05386E-03 -4.10195E-01
  4.46844E+00  1.27372E-26  1.42839E+04  1.05487E-03 -2.58741E-01
  4.51523E+00  1.30769E-26  1.42617E+04  1.05649E-03  1.28604E-01
  4.56202E+00  1.34502E-26  1.42453E+04  1.05896E-03  8.10904E-01
  4.60881E+00  1.41759E-26  1.42183E+04  1.06315E-03  1.98609E+00
  4.65560E+00  1.47152E-26  1.41950E+04  1.06569E-03  2.69330E+00
  4.70239E+00  1.54356E-26  1.41826E+04  1.06845E-03  3.59493E+00
  4.74918E+00  1.61560E-26  1.41713E+04  1.07097E-03  4.41616E+00
  4.79597E+00  1.66588E-26  1.41505E+04  1.07159E-03  5.38006E+00
  4.84276E+00  1.71616E-26  1.41310E+04  1.07218E-03  6.28748E+00
  4.88955E+00  1.73567E-26  1.41094E+04  1.07148E-03  7.19862E+00
  4.93634E+00  1.75519E-26  1.40883E+04  1.07081E-03  8.08949E+00
  4.98313E+00  1.73937E-26  1.40663E+04  1.06953E-03  8.86799E+00
  5.02992E+00  1.72355E-26  1.40439E+04  1.06823E-03  9.66078E+00
  5.07671E+00  1.68104E-26  1.40241E+04  1.06676E-03  1.03081E+01
  5.12350E+00  1.63853E-26  1.40033E+04  1.06521E-03  1.09889E+01
  5.17029E+00  1.58275E-26  1.39832E+04  1.06406E-03  1.15802E+01
  5.21708E+00  1.52696E-26  1.39616E+04  1.06283E-03  1.22147E+01
  5.26387E+00  1.46907E-26  1.39432E+04  1.06206E-03  1.28071E+01
  5.31066E+00  1.41118E-26  1.39233E+04  1.06123E-03  1.34482E+01
  5.35745E+00  1.36989E-26  1.39536E+04  1.06065E-03  1.39720E+01
  5.40424E+00  1.32861E-26  1.39858E+04  1.06003E-03  1.45283E+01
  5.45103E+00  1.34546E-26  1.40982E+04  1.05938E-03  1.44866E+01
  5.49782E+00  1.36230E-26  1.42078E+04  1.05875E-03  1.44459E+01
  5.54461E+00  1.50322E-26  1.43586E+04  1.05780E-03  1.29950E+01
  5.59140E+00  1.64414E-26  1.44834E+04  1.05701E-03  1.17929E+01
  5.63819E+00  1.89147E-26  1.42974E+04  1.05735E-03  9.52535E+00
  5.68498E+00  2.13880E-26  1.41544E+04  1.05761E-03  7.78224E+00
  5.73177E+00  2.25950E-26  1.39979E+04  1.06335E-03  6.30523E+00
  5.77856E+00  2.38020E-26  1.38572E+04  1.06851E-03  4.97803E+00
  5.82535E+00  2.31456E-26  1.38383E+04  1.07625E-03  3.71914E+00
  5.87214E+00  2.24891E-26  1.38183E+04  1.08445E-03  2.38675E+00
  5.91893E+00  2.17023E-26  1.38356E+04  1.08476E-03  8.71631E-01
  5.96572E+00  2.09155E-26  1.38543E+04  1.08508E-03 -7.57486E-01
  6.01251E+00  2.04126E-26  1.38513E+04  1.08592E-03 -1.86008E+00
  6.05930E+00  1.99097E-26  1.38482E+04  1.08680E-03 -3.01838E+00
  6.10609E+00  1.98929E-26  1.38411E+04  1.08820E-03 -3.46985E+00
  6.15288E+00  1.98761E-26  1.38339E+04  1.08961E-03 -3.92207E+00
  6.19967E+00  2.01885E-26  1.38340E+04  1.09022E-03 -3.88386E+00
  6.24646E+00  2.05009E-26  1.38342E+04  1.09081E-03 -3.84682E+00
  6.29325E+00  2.08519E-26  1.38419E+04  1.09040E-03 -3.57941E+00
  6.34003E+00  2.12030E-26  1.38493E+04  1.09000E-03 -3.32085E+00
  6.38683E+00  2.14404E-26  1.38554E+04  1.08914E-03 -3.03799E+00
  6.43362E+00  2.16778E-26  1.38614E+04  1.08829E-03 -2.76133E+00
  6.48040E+00  2.17757E-26  1.38630E+04  1.08721E-03 -2.61895E+00
  6.52719E+00  2.18736E-26  1.38645E+04  1.08615E-03 -2.47785E+00
  6.57398E+00  2.19554E-26  1.38563E+04  1.08481E-03 -2.53054E+00
  6.62077E+00  2.20372E-26  1.38481E+04  1.08348E-03 -2.58283E+00
  6.66756E+00  2.24566E-26  1.38156E+04  1.08283E-03 -2.66794E+00
  6.71435E+00  2.28760E-26  1.37843E+04  1.08221E-03 -2.74994E+00
  6.76114E+00  2.39281E-26  1.37406E+04  1.08366E-03 -2.69361E+00
  6.80793E+00  2.49802E-26  1.37006E+04  1.08499E-03 -2.64203E+00
  6.85472E+00  2.53153E-26  1.38438E+04  1.09726E-03 -2.97416E+00
  6.90151E+00  2.56505E-26  1.39832E+04  1.10922E-03 -3.29762E+00
  6.94830E+00  2.15790E-26  1.73959E+04  1.14096E-03 -3.55171E+00
  6.99509E+00  1.75075E-26  2.23960E+04  1.18746E-03 -3.92399E+00
  7.04188E+00  9.55099E-27  4.24921E+04  1.20888E-03 -3.71309E+00
  7.08867E+00  1.59449E-27  2.63147E+05  1.44404E-03 -1.39734E+00
  7.13546E+00  1.07088E-27  3.82094E+05  1.51920E-03 -1.00837E+00
  7.18225E+00  5.47275E-28  7.28648E+05  1.73818E-03  1.24890E-01
  7.22904E+00  4.46784E-28  8.85312E+05  1.78265E-03 -2.77026E+00
  7.27583E+00  3.46292E-28  1.13290E+06  1.85294E-03 -7.34572E+00
  7.32262E+00  3.41190E-28  1.13498E+06  1.83117E-03 -1.31288E+01
  7.36941E+00  3.36087E-28  1.13713E+06  1.80874E-03 -1.90876E+01
  7.41620E+00  3.57680E-28  1.05393E+06  1.77584E-03 -2.65025E+01
  7.46299E+00  3.79272E-28  9.80194E+05  1.74668E-03 -3.30731E+01
  7.50978E+00  3.97973E-28  9.19360E+05  1.72879E-03 -3.94000E+01
  7.55657E+00  4.16673E-28  8.63987E+05  1.71251E-03 -4.51590E+01
  7.60336E+00  4.31730E-28  8.20199E+05  1.70446E-03 -4.96862E+01
  7.65015E+00  4.46788E-28  7.79364E+05  1.69696E-03 -5.39083E+01
  7.69694E+00  4.51227E-28  7.59890E+05  1.69711E-03 -5.68397E+01
  7.74373E+00  4.55666E-28  7.40796E+05  1.69726E-03 -5.97139E+01
  7.79052E+00  4.44472E-28  7.49522E+05  1.70358E-03 -6.15298E+01
  7.83731E+00  4.33277E-28  7.58700E+05  1.71024E-03 -6.34394E+01
  7.88410E+00  4.08110E-28  7.97616E+05  1.72150E-03 -6.45059E+01
  7.93089E+00  3.82942E-28  8.41647E+05  1.73424E-03 -6.57125E+01
  7.97768E+00  3.51065E-28  9.12521E+05  1.75064E-03 -6.62379E+01
  8.02447E+00  3.19188E-28  9.97552E+05  1.77032E-03 -6.68683E+01
  8.07126E+00  2.91130E-28  1.09031E+06  1.79226E-03 -6.70680E+01
  8.11805E+00  2.63073E-28  1.20286E+06  1.81889E-03 -6.73103E+01
  8.16484E+00  2.47338E-28  1.27745E+06  1.84289E-03 -6.72936E+01
  8.21163E+00  2.31603E-28  1.36217E+06  1.87016E-03 -6.72747E+01
  8.25842E+00  2.25086E-28  1.39959E+06  1.88815E-03 -6.72075E+01
  8.30521E+00  2.18569E-28  1.43925E+06  1.90721E-03 -6.71363E+01
  8.35200E+00  2.16783E-28  1.44842E+06  1.91284E-03 -6.71141E+01
  8.39879E+00  2.14998E-28  1.45775E+06  1.91856E-03 -6.70916E+01
  8.44558E+00  2.14821E-28  1.45501E+06  1.91533E-03 -6.70845E+01
  8.49237E+00  2.14644E-28  1.45226E+06  1.91210E-03 -6.70774E+01
  8.53916E+00  2.15170E-28  1.44314E+06  1.90552E-03 -6.70885E+01
  8.58595E+00  2.15696E-28  1.43406E+06  1.89897E-03 -6.70995E+01
  8.63274E+00  2.17039E-28  1.41800E+06  1.89161E-03 -6.72184E+01
  8.67953E+00  2.18382E-28  1.40214E+06  1.88434E-03 -6.73358E+01
  8.72632E+00  2.20746E-28  1.37873E+06  1.87605E-03 -6.76363E+01
  8.77311E+00  2.23110E-28  1.35582E+06  1.86793E-03 -6.79305E+01
  8.81990E+00  2.27095E-28  1.32312E+06  1.85809E-03 -6.83833E+01
  8.86669E+00  2.31079E-28  1.29156E+06  1.84860E-03 -6.88205E+01
  8.91348E+00  2.37031E-28  1.25009E+06  1.83744E-03 -6.93243E+01
  8.96027E+00  2.42982E-28  1.21065E+06  1.82683E-03 -6.98033E+01
  9.00706E+00  2.51087E-28  1.16285E+06  1.81534E-03 -7.02181E+01
  9.05385E+00  2.59193E-28  1.11804E+06  1.80457E-03 -7.06069E+01
  9.10064E+00  2.70003E-28  1.06425E+06  1.79225E-03 -7.08910E+01
  9.14743E+00  2.80813E-28  1.01460E+06  1.78088E-03 -7.11532E+01
  9.19422E+00  3.03489E-28  9.35321E+05  1.76214E-03 -6.99500E+01
  9.24101E+00  3.26166E-28  8.67066E+05  1.74600E-03 -6.89140E+01
  9.28780E+00  3.26166E-28  8.67066E+05  1.74600E-03 -6.89140E+01
  9.33459E+00  3.26166E-28  8.67066E+05  1.74600E-03 -6.89140E+01
  9.38138E+00  3.31700E-28  8.52890E+05  1.75630E-03 -6.80209E+01
  9.42817E+00  3.37234E-28  8.39179E+05  1.76626E-03 -6.71571E+01
  9.47496E+00  3.37234E-28  8.39179E+05  1.76626E-03 -6.71571E+01
  9.52175E+00  3.37234E-28  8.39179E+05  1.76626E-03 -6.71571E+01
  9.56854E+00  3.37789E-28  8.34070E+05  1.77005E-03 -6.61710E+01
  9.61533E+00  3.38344E-28  8.28978E+05  1.77382E-03 -6.51883E+01
  9.66212E+00  3.38344E-28  8.28978E+05  1.77382E-03 -6.51883E+01
  9.70891E+00  3.38344E-28  8.28978E+05  1.77382E-03 -6.51883E+01
  9.75570E+00  3.42446E-28  8.11897E+05  1.76612E-03 -6.47355E+01
  9.80249E+00  3.46548E-28  7.95220E+05  1.75859E-03 -6.42935E+01
  9.84928E+00  3.46548E-28  7.95220E+05  1.75859E-03 -6.42935E+01
  9.89607E+00  3.46548E-28  7.95220E+05  1.75859E-03 -6.42935E+01
  9.94286E+00  3.52477E-28  7.74922E+05  1.74528E-03 -6.35808E+01
  9.98965E+00  3.58407E-28  7.55294E+05  1.73240E-03 -6.28916E+01
  1.00364E+01  3.58407E-28  7.55294E+05  1.73240E-03 -6.28916E+01
  1.00832E+01  3.58407E-28  7.55294E+05  1.73240E-03 -6.28916E+01
  1.01300E+01  3.67258E-28  7.30828E+05  1.71175E-03 -6.13909E+01
  1.01768E+01  3.76108E-28  7.07512E+05  1.69208E-03 -5.99609E+01
  1.02236E+01  3.76108E-28  7.07512E+05  1.69208E-03 -5.99609E+01
  1.02704E+01  3.76108E-28  7.07512E+05  1.69208E-03 -5.99609E+01
  1.03172E+01  3.94299E-28  6.69053E+05  1.66176E-03 -5.84474E+01
  1.03640E+01  4.12490E-28  6.33985E+05  1.63411E-03 -5.70675E+01
  1.04108E+01  4.12490E-28  6.33985E+05  1.63411E-03 -5.70675E+01
  1.04575E+01  4.12490E-28  6.33985E+05  1.63411E-03 -5.70675E+01
  1.05043E+01  4.33180E-28  6.03596E+05  1.61290E-03 -5.60428E+01
  1.05511E+01  4.53870E-28  5.75977E+05  1.59362E-03 -5.51115E+01
  1.05979E+01  4.53870E-28  5.75977E+05  1.59362E-03 -5.51115E+01
  1.06447E+01  4.53870E-28  5.75977E+05  1.59362E-03 -5.51115E+01
  1.06915E+01  4.69953E-28  5.61828E+05  1.58466E-03 -5.42436E+01
  1.07383E+01  4.86036E-28  5.48614E+05  1.57629E-03 -5.34332E+01
  1.07851E+01  4.86036E-28  5.48614E+05  1.57629E-03 -5.34332E+01
  1.08319E+01  4.86036E-28  5.48614E+05  1.57629E-03 -5.34332E+01
  1.08787E+01  4.97729E-28  5.43516E+05  1.57232E-03 -5.19072E+01
  1.09254E+01  5.09422E-28  5.38652E+05  1.56853E-03 -5.04513E+01
  1.09722E+01  5.09422E-28  5.38652E+05  1.56853E-03 -5.04513E+01
  1.10190E+01  5.09422E-28  5.38652E+05  1.56853E-03 -5.04513E+01
  1.10658E+01  5.19960E-28  5.35775E+05  1.56737E-03 -4.82509E+01
  1.11126E+01  5.30497E-28  5.33013E+05  1.56625E-03 -4.61380E+01
  1.11594E+01  5.30497E-28  5.33013E+05  1.56625E-03 -4.61380E+01
  1.12062E+01  5.30497E-28  5.33013E+05  1.56625E-03 -4.61380E+01
  1.12530E+01  5.37192E-28  5.33727E+05  1.56771E-03 -4.38037E+01
  1.12998E+01  5.43887E-28  5.34423E+05  1.56914E-03 -4.15268E+01
  1.13466E+01  5.43887E-28  5.34423E+05  1.56914E-03 -4.15268E+01
  1.13933E+01  5.43887E-28  5.34423E+05  1.56914E-03 -4.15268E+01
  1.14401E+01  5.37693E-28  5.46460E+05  1.57569E-03 -3.98542E+01
  1.14869E+01  5.31499E-28  5.58777E+05  1.58240E-03 -3.81426E+01
  1.15337E+01  5.31499E-28  5.58777E+05  1.58240E-03 -3.81426E+01
  1.15805E+01  5.31499E-28  5.58777E+05  1.58240E-03 -3.81426E+01
  1.16273E+01  5.08543E-28  5.88954E+05  1.59879E-03 -3.75189E+01
  1.16741E+01  4.85588E-28  6.21985E+05  1.61673E-03 -3.68363E+01
  1.17209E+01  4.85588E-28  6.21985E+05  1.61673E-03 -3.68363E+01
  1.17677E+01  4.85588E-28  6.21985E+05  1.61673E-03 -3.68363E+01
  1.18145E+01  4.60428E-28  6.60666E+05  1.63694E-03 -3.70383E+01
  1.18612E+01  4.35268E-28  7.03819E+05  1.65948E-03 -3.72638E+01
  1.19080E+01  4.35268E-28  7.03819E+05  1.65948E-03 -3.72638E+01
  1.19548E+01  4.35268E-28  7.03819E+05  1.65948E-03 -3.72638E+01
  1.20016E+01  4.17146E-28  7.38554E+05  1.67733E-03 -3.80989E+01
  1.20484E+01  3.99024E-28  7.76444E+05  1.69680E-03 -3.90099E+01
  1.20952E+01  3.99024E-28  7.76444E+05  1.69680E-03 -3.90099E+01
  1.21420E+01  3.99024E-28  7.76444E+05  1.69680E-03 -3.90099E+01
  1.21888E+01  3.68510E-28  8.44434E+05  1.73799E-03 -4.02045E+01
  1.22356E+01  3.37996E-28  9.24701E+05  1.78662E-03 -4.16146E+01
  1.22824E+01  3.37996E-28  9.24701E+05  1.78662E-03 -4.16146E+01
  1.23291E+01  3.37996E-28  9.24701E+05  1.78662E-03 -4.16146E+01
  1.23759E+01  3.00913E-28  1.04400E+06  1.83983E-03 -4.23930E+01
  1.24227E+01  2.63830E-28  1.19684E+06  1.90800E-03 -4.33901E+01
  1.24695E+01  2.63830E-28  1.19684E+06  1.90800E-03 -4.33901E+01
  1.25163E+01  2.63830E-28  1.19684E+06  1.90800E-03 -4.33901E+01
  1.25631E+01  2.47643E-28  1.27758E+06  1.93093E-03 -4.34034E+01
  1.26099E+01  2.31456E-28  1.36961E+06  1.95706E-03 -4.34185E+01
  1.26567E+01  2.31456E-28  1.36961E+06  1.95706E-03 -4.34185E+01
  1.27035E+01  2.31456E-28  1.36961E+06  1.95706E-03 -4.34185E+01
  1.27503E+01  2.34392E-28  1.35327E+06  1.94529E-03 -4.27974E+01
  1.27970E+01  2.37329E-28  1.33733E+06  1.93380E-03 -4.21916E+01
  1.28438E+01  2.37329E-28  1.33733E+06  1.93380E-03 -4.21916E+01
  1.28906E+01  2.37329E-28  1.33733E+06  1.93380E-03 -4.21916E+01
  1.29374E+01  2.45519E-28  1.29295E+06  1.91533E-03 -4.11624E+01
  1.29842E+01  2.53709E-28  1.25145E+06  1.89805E-03 -4.01997E+01
  1.30310E+01  2.53709E-28  1.25145E+06  1.89805E-03 -4.01997E+01
  1.30778E+01  2.53709E-28  1.25145E+06  1.89805E-03 -4.01997E+01
  1.31246E+01  2.61833E-28  1.21265E+06  1.88083E-03 -3.89076E+01
  1.31714E+01  2.69957E-28  1.17619E+06  1.86464E-03 -3.76933E+01
  1.32182E+01  2.69957E-28  1.17619E+06  1.86464E-03 -3.76933E+01
  1.32649E+01  2.69957E-28  1.17619E+06  1.86464E-03 -3.76933E+01
  1.33117E+01  2.79416E-28  1.13598E+06  1.84612E-03 -3.62272E+01
  1.33585E+01  2.88875E-28  1.09840E+06  1.82881E-03 -3.48572E+01
  1.34053E+01  2.88875E-28  1.09840E+06  1.82881E-03 -3.48572E+01
  1.34521E+01  2.88875E-28  1.09840E+06  1.82881E-03 -3.48572E+01
  1.34989E+01  2.99525E-28  1.05881E+06  1.81060E-03 -3.32625E+01
  1.35457E+01  3.10174E-28  1.02194E+06  1.79364E-03 -3.17774E+01
  1.35925E+01  3.10174E-28  1.02194E+06  1.79364E-03 -3.17774E+01
  1.36393E+01  3.10174E-28  1.02194E+06  1.79364E-03 -3.17774E+01
  1.36861E+01  3.20632E-28  9.87478E+05  1.77798E-03 -3.01657E+01
  1.37328E+01  3.31091E-28  9.55197E+05  1.76332E-03 -2.86557E+01
  1.37796E+01  3.31091E-28  9.55197E+05  1.76332E-03 -2.86557E+01
  1.38264E+01  3.31091E-28  9.55197E+05  1.76332E-03 -2.86557E+01
  1.38732E+01  3.42893E-28  9.23028E+05  1.74780E-03 -2.71055E+01
  1.39200E+01  3.54695E-28  8.93001E+05  1.73331E-03 -2.56584E+01
  1.39668E+01  3.54695E-28  8.93001E+05  1.73331E-03 -2.56584E+01
  1.40136E+01  3.54695E-28  8.93001E+05  1.73331E-03 -2.56584E+01
  1.40604E+01  3.54695E-28  8.93001E+05  1.73331E-03 -2.56584E+01
  1.41072E+01  3.54695E-28  8.93001E+05  1.73331E-03 -2.56584E+01
  1.41540E+01  3.54695E-28  8.93001E+05  1.73331E-03 -2.56584E+01
  1.42007E+01  3.54695E-28  8.93001E+05  1.73331E-03 -2.56584E+01
  1.42475E+01  4.33882E-28  7.26295E+05  1.66896E-03 -2.04368E+01
  1.42943E+01  5.13070E-28  6.11048E+05  1.62448E-03 -1.68270E+01
  1.43411E+01  5.13070E-28  6.11048E+05  1.62448E-03 -1.68270E+01
  1.43879E+01  5.13070E-28  6.11048E+05  1.62448E-03 -1.68270E+01
  1.44347E+01  5.13070E-28  6.11048E+05  1.62448E-03 -1.68270E+01
  1.44815E+01  5.13070E-28  6.11048E+05  1.62448E-03 -1.68270E+01
  1.45283E+01  5.13070E-28  6.11048E+05  1.62448E-03 -1.68270E+01
  1.45751E+01  5.13070E-28  6.11048E+05  1.62448E-03 -1.68270E+01
  1.46219E+01  6.35492E-28  4.90744E+05  1.58193E-03 -1.26707E+01
  1.46686E+01  7.57914E-28  4.09305E+05  1.55313E-03 -9.85712E+00
  1.47154E+01  7.57914E-28  4.09305E+05  1.55313E-03 -9.85712E+00
  1.47622E+01  7.57914E-28  4.09305E+05  1.55313E-03 -9.85712E+00
  1.48090E+01  7.57914E-28  4.09305E+05  1.55313E-03 -9.85712E+00
  1.48558E+01  7.57914E-28  4.09305E+05  1.55313E-03 -9.85712E+00
  1.49026E+01  7.57914E-28  4.09305E+05  1.55313E-03 -9.85712E+00
  1.49494E+01  7.57914E-28  4.09305E+05  1.55313E-03 -9.85712E+00
  1.49962E+01  1.03880E-27  2.97688E+05  1.52428E-03 -6.51798E+00
  1.50430E+01  1.31968E-27  2.33585E+05  1.50771E-03 -4.60025E+00
  1.50898E+01  1.31968E-27  2.33585E+05  1.50771E-03 -4.60025E+00
  1.51365E+01  1.31968E-27  2.33585E+05  1.50771E-03 -4.60025E+00
  1.51833E+01  1.31968E-27  2.33585E+05  1.50771E-03 -4.60025E+00
  1.52301E+01  1.31968E-27  2.33585E+05  1.50771E-03 -4.60025E+00
  1.52769E+01  1.31968E-27  2.33585E+05  1.50771E-03 -4.60025E+00
  1.53237E+01  1.31968E-27  2.33585E+05  1.50771E-03 -4.60025E+00
  1.53705E+01  1.77980E-27  1.69942E+05  1.49418E-03 -3.43181E+00
  1.54173E+01  2.23993E-27  1.32447E+05  1.48621E-03 -2.74342E+00
  1.54641E+01  2.23993E-27  1.32447E+05  1.48621E-03 -2.74342E+00
  1.55109E+01  2.23993E-27  1.32447E+05  1.48621E-03 -2.74342E+00
  1.55577E+01  2.23993E-27  1.32447E+05  1.48621E-03 -2.74342E+00
  1.56044E+01  2.23993E-27  1.32447E+05  1.48621E-03 -2.74342E+00
  1.56512E+01  2.23993E-27  1.32447E+05  1.48621E-03 -2.74342E+00
  1.56980E+01  2.23993E-27  1.32447E+05  1.48621E-03 -2.74342E+00
  1.57448E+01  3.53418E-27  8.05053E+04  1.47326E-03 -2.87780E+00
  1.57916E+01  4.82844E-27  5.64094E+04  1.46725E-03 -2.94013E+00
  1.58384E+01  4.82844E-27  5.64094E+04  1.46725E-03 -2.94013E+00
  1.58852E+01  4.82844E-27  5.64094E+04  1.46725E-03 -2.94013E+00
  1.59320E+01  4.82844E-27  5.64094E+04  1.46725E-03 -2.94013E+00
  1.59788E+01  4.82844E-27  5.64094E+04  1.46725E-03 -2.94013E+00
  1.60256E+01  4.82844E-27  5.64094E+04  1.46725E-03 -2.94013E+00
  1.60723E+01  4.82844E-27  5.64094E+04  1.46725E-03 -2.94013E+00
  1.61191E+01  5.87322E-27  4.56237E+04  1.46728E-03 -7.22927E+00
  1.61659E+01  6.91801E-27  3.80957E+04  1.46731E-03 -1.02229E+01
  1.62127E+01  6.91801E-27  3.80957E+04  1.46731E-03 -1.02229E+01
  1.62595E+01  6.91801E-27  3.80957E+04  1.46731E-03 -1.02229E+01
  1.63063E+01  6.91801E-27  3.80957E+04  1.46731E-03 -1.02229E+01
  1.63531E+01  6.91801E-27  3.80957E+04  1.46731E-03 -1.02229E+01
  1.63999E+01  6.91801E-27  3.80957E+04  1.46731E-03 -1.02229E+01
  1.64467E+01  6.91801E-27  3.80957E+04  1.46731E-03 -1.02229E+01
  1.64935E+01  3.56692E-27  8.13627E+04  1.48340E-03 -1.06317E+01
  1.65402E+01  2.15824E-28  1.46824E+06  1.99918E-03 -2.37353E+01
  1.65870E+01  2.15824E-28  1.46824E+06  1.99918E-03 -2.37353E+01
  1.66338E+01  2.15824E-28  1.46824E+06  1.99918E-03 -2.37353E+01
  1.66806E+01  2.15824E-28  1.46824E+06  1.99918E-03 -2.37353E+01
  1.67274E+01  2.15824E-28  1.46824E+06  1.99918E-03 -2.37353E+01
  1.67742E+01  2.15824E-28  1.46824E+06  1.99918E-03 -2.37353E+01
  1.68210E+01  2.15824E-28  1.46824E+06  1.99918E-03 -2.37353E+01
  1.68678E+01  2.16899E-28  1.45440E+06  1.99897E-03 -2.62547E+01
  1.69146E+01  2.17973E-28  1.44071E+06  1.99876E-03 -2.87493E+01
  1.69613E+01  2.17973E-28  1.44071E+06  1.99876E-03 -2.87493E+01
  1.70081E+01  2.17973E-28  1.44071E+06  1.99876E-03 -2.87493E+01
  1.70549E+01  2.17973E-28  1.44071E+06  1.99876E-03 -2.87493E+01
  1.71017E+01  2.17973E-28  1.44071E+06  1.99876E-03 -2.87493E+01
  1.71485E+01  2.17973E-28  1.44071E+06  1.99876E-03 -2.87493E+01
  1.71953E+01  2.17973E-28  1.44071E+06  1.99876E-03 -2.87493E+01
  1.72421E+01  2.17510E-28  1.44060E+06  1.99878E-03 -3.11277E+01
  1.72889E+01  2.17047E-28  1.44050E+06  1.99880E-03 -3.35162E+01
  1.73357E+01  2.17047E-28  1.44050E+06  1.99880E-03 -3.35162E+01
  1.73825E+01  2.17047E-28  1.44050E+06  1.99880E-03 -3.35162E+01
  1.74292E+01  2.17047E-28  1.44050E+06  1.99880E-03 -3.35162E+01
  1.74760E+01  2.17047E-28  1.44050E+06  1.99880E-03 -3.35162E+01
  1.75228E+01  2.17047E-28  1.44050E+06  1.99880E-03 -3.35162E+01
  1.75696E+01  2.17047E-28  1.44050E+06  1.99880E-03 -3.35162E+01
  1.76164E+01  2.16723E-28  1.43858E+06  1.99880E-03 -3.48026E+01
  1.76632E+01  2.16399E-28  1.43666E+06  1.99881E-03 -3.60928E+01
  1.77100E+01  2.16399E-28  1.43666E+06  1.99881E-03 -3.60928E+01
  1.77568E+01  2.16399E-28  1.43666E+06  1.99881E-03 -3.60928E+01
  1.78036E+01  2.16399E-28  1.43666E+06  1.99881E-03 -3.60928E+01
  1.78504E+01  2.16399E-28  1.43666E+06  1.99881E-03 -3.60928E+01
  1.78971E+01  2.16399E-28  1.43666E+06  1.99881E-03 -3.60928E+01
  1.79439E+01  2.16399E-28  1.43666E+06  1.99881E-03 -3.60928E+01
  1.79907E+01  2.16123E-28  1.43571E+06  1.99883E-03 -3.66113E+01
  1.80375E+01  2.15847E-28  1.43475E+06  1.99885E-03 -3.71312E+01
  1.80843E+01  2.15847E-28  1.43475E+06  1.99885E-03 -3.71312E+01
  1.81311E+01  2.15847E-28  1.43475E+06  1.99885E-03 -3.71312E+01
  1.81779E+01  2.15847E-28  1.43475E+06  1.99885E-03 -3.71312E+01
  1.82247E+01  2.15847E-28  1.43475E+06  1.99885E-03 -3.71312E+01
  1.82715E+01  2.15847E-28  1.43475E+06  1.99885E-03 -3.71312E+01
  1.83183E+01  2.15847E-28  1.43475E+06  1.99885E-03 -3.71312E+01
  1.83650E+01  2.15623E-28  1.43413E+06  1.99888E-03 -3.71251E+01
  1.84118E+01  2.15399E-28  1.43350E+06  1.99891E-03 -3.71190E+01
  1.84586E+01  2.15399E-28  1.43350E+06  1.99891E-03 -3.71190E+01
  1.85054E+01  2.15399E-28  1.43350E+06  1.99891E-03 -3.71190E+01
  1.85522E+01  2.15399E-28  1.43350E+06  1.99891E-03 -3.71190E+01
  1.85990E+01  2.15399E-28  1.43350E+06  1.99891E-03 -3.71190E+01
  1.86458E+01  2.15399E-28  1.43350E+06  1.99891E-03 -3.71190E+01
  1.86926E+01  2.15399E-28  1.43350E+06  1.99891E-03 -3.71190E+01
  1.87394E+01  2.15411E-28  1.43188E+06  1.99866E-03 -3.71414E+01
  1.87862E+01  2.15423E-28  1.43026E+06  1.99840E-03 -3.71638E+01
  1.88329E+01  2.15423E-28  1.43026E+06  1.99840E-03 -3.71638E+01
  1.88797E+01  2.15423E-28  1.43026E+06  1.99840E-03 -3.71638E+01
  1.89265E+01  2.15423E-28  1.43026E+06  1.99840E-03 -3.71638E+01
  1.89733E+01  2.15423E-28  1.43026E+06  1.99840E-03 -3.71638E+01
  1.90201E+01  2.15423E-28  1.43026E+06  1.99840E-03 -3.71638E+01
  1.90669E+01  2.15423E-28  1.43026E+06  1.99840E-03 -3.71638E+01
  1.91137E+01  2.15423E-28  1.43026E+06  1.99840E-03 -3.71638E+01
  1.91605E+01  2.15423E-28  1.43026E+06  1.99840E-03 -3.71638E+01
  1.92073E+01  2.15423E-28  1.43026E+06  1.99840E-03 -3.71638E+01
  1.92541E+01  2.15423E-28  1.43026E+06  1.99840E-03 -3.71638E+01
  1.93008E+01  2.15423E-28  1.43026E+06  1.99840E-03 -3.71638E+01
  1.93476E+01  2.15423E-28  1.43026E+06  1.99840E-03 -3.71638E+01
  1.93944E+01  2.15423E-28  1.43026E+06  1.99840E-03 -3.71638E+01
  1.94412E+01  2.15423E-28  1.43026E+06  1.99840E-03 -3.71638E+01
  1.94880E+01  2.15365E-28  1.42784E+06  1.99866E-03 -3.49342E+01
  1.95348E+01  2.15306E-28  1.42542E+06  1.99893E-03 -3.27034E+01
  1.95816E+01  2.15306E-28  1.42542E+06  1.99893E-03 -3.27034E+01
  1.96284E+01  2.15306E-28  1.42542E+06  1.99893E-03 -3.27034E+01
  1.96752E+01  2.15306E-28  1.42542E+06  1.99893E-03 -3.27034E+01
  1.97220E+01  2.15306E-28  1.42542E+06  1.99893E-03 -3.27034E+01
  1.97687E+01  2.15306E-28  1.42542E+06  1.99893E-03 -3.27034E+01
  1.98155E+01  2.15306E-28  1.42542E+06  1.99893E-03 -3.27034E+01
  1.98623E+01  2.15306E-28  1.42542E+06  1.99893E-03 -3.27034E+01
  1.99091E+01  2.15306E-28  1.42542E+06  1.99893E-03 -3.27034E+01
  1.99559E+01  2.15306E-28  1.42542E+06  1.99893E-03 -3.27034E+01
  2.00027E+01  2.15306E-28  1.42542E+06  1.99893E-03 -3.27034E+01
  2.00495E+01  2.15306E-28  1.42542E+06  1.99893E-03 -3.27034E+01
  2.00963E+01  2.15306E-28  1.42542E+06  1.99893E-03 -3.27034E+01
  2.01431E+01  2.15306E-28  1.42542E+06  1.99893E-03 -3.27034E+01
  2.01899E+01  2.15306E-28  1.42542E+06  1.99893E-03 -3.27034E+01
  2.02366E+01  2.15177E-28  1.42403E+06  1.99944E-03 -3.07653E+01
  2.02834E+01  2.15048E-28  1.42265E+06  1.99995E-03 -2.88249E+01
  2.03302E+01  2.15048E-28  1.42265E+06  1.99995E-03 -2.88249E+01
  2.03770E+01  2.15048E-28  1.42265E+06  1.99995E-03 -2.88249E+01
  2.04238E+01  2.15048E-28  1.42265E+06  1.99995E-03 -2.88249E+01
  2.04706E+01  2.15048E-28  1.42265E+06  1.99995E-03 -2.88249E+01
  2.05174E+01  2.15048E-28  1.42265E+06  1.99995E-03 -2.88249E+01
  2.05642E+01  2.15048E-28  1.42265E+06  1.99995E-03 -2.88249E+01
  2.06110E+01  2.15048E-28  1.42265E+06  1.99995E-03 -2.88249E+01
  2.06578E+01  2.15048E-28  1.42265E+06  1.99995E-03 -2.88249E+01
  2.07045E+01  2.15048E-28  1.42265E+06  1.99995E-03 -2.88249E+01
  2.07513E+01  2.15048E-28  1.42265E+06  1.99995E-03 -2.88249E+01
  2.07981E+01  2.15048E-28  1.42265E+06  1.99995E-03 -2.88249E+01
  2.08449E+01  2.15048E-28  1.42265E+06  1.99995E-03 -2.88249E+01
  2.08917E+01  2.15048E-28  1.42265E+06  1.99995E-03 -2.88249E+01
  2.09385E+01  2.15048E-28  1.42265E+06  1.99995E-03 -2.88249E+01
  2.09853E+01  2.15152E-28  1.42291E+06  1.99998E-03 -2.72903E+01
  2.10321E+01  2.15256E-28  1.42317E+06  2.00000E-03 -2.57572E+01
  2.10789E+01  2.15256E-28  1.42317E+06  2.00000E-03 -2.57572E+01
  2.11257E+01  2.15256E-28  1.42317E+06  2.00000E-03 -2.57572E+01
  2.11724E+01  2.15256E-28  1.42317E+06  2.00000E-03 -2.57572E+01
  2.12192E+01  2.15256E-28  1.42317E+06  2.00000E-03 -2.57572E+01
  2.12660E+01  2.15256E-28  1.42317E+06  2.00000E-03 -2.57572E+01
  2.13128E+01  2.15256E-28  1.42317E+06  2.00000E-03 -2.57572E+01
  2.13596E+01  2.15256E-28  1.42317E+06  2.00000E-03 -2.57572E+01
  2.14064E+01  2.15256E-28  1.42317E+06  2.00000E-03 -2.57572E+01
  2.14532E+01  2.15256E-28  1.42317E+06  2.00000E-03 -2.57572E+01
  2.15000E+01  2.15256E-28  1.42317E+06  2.00000E-03 -2.57572E+01
  2.15468E+01  2.15256E-28  1.42317E+06  2.00000E-03 -2.57572E+01
  2.15936E+01  2.15256E-28  1.42317E+06  2.00000E-03 -2.57572E+01
  2.16403E+01  2.15256E-28  1.42317E+06  2.00000E-03 -2.57572E+01
  2.16871E+01  2.15256E-28  1.42317E+06  2.00000E-03 -2.57572E+01
  2.17339E+01  2.15360E-28  1.42407E+06  2.00000E-03 -2.44742E+01
  2.17807E+01  2.15464E-28  1.42496E+06  2.00000E-03 -2.31924E+01
  2.18275E+01  2.15464E-28  1.42496E+06  2.00000E-03 -2.31924E+01
  2.18743E+01  2.15464E-28  1.42496E+06  2.00000E-03 -2.31924E+01
  2.19211E+01  2.15464E-28  1.42496E+06  2.00000E-03 -2.31924E+01
  2.19679E+01  2.15464E-28  1.42496E+06  2.00000E-03 -2.31924E+01
  2.20147E+01  2.15464E-28  1.42496E+06  2.00000E-03 -2.31924E+01
  2.20615E+01  2.15464E-28  1.42496E+06  2.00000E-03 -2.31924E+01
  2.21082E+01  2.15464E-28  1.42496E+06  2.00000E-03 -2.31924E+01
  2.21550E+01  2.15464E-28  1.42496E+06  2.00000E-03 -2.31924E+01
  2.22018E+01  2.15464E-28  1.42496E+06  2.00000E-03 -2.31924E+01
  2.22486E+01  2.15464E-28  1.42496E+06  2.00000E-03 -2.31924E+01
  2.22954E+01  2.15464E-28  1.42496E+06  2.00000E-03 -2.31924E+01
  2.23422E+01  2.15464E-28  1.42496E+06  2.00000E-03 -2.31924E+01
  2.23890E+01  2.15464E-28  1.42496E+06  2.00000E-03 -2.31924E+01
  2.24358E+01  2.15464E-28  1.42496E+06  2.00000E-03 -2.31924E+01
  2.24826E+01  2.15626E-28  1.42556E+06  2.00000E-03 -2.21931E+01
  2.25294E+01  2.15789E-28  1.42615E+06  2.00000E-03 -2.11953E+01
  2.25761E+01  2.15789E-28  1.42615E+06  2.00000E-03 -2.11953E+01
  2.26229E+01  2.15789E-28  1.42615E+06  2.00000E-03 -2.11953E+01
  2.26697E+01  2.15789E-28  1.42615E+06  2.00000E-03 -2.11953E+01
  2.27165E+01  2.15789E-28  1.42615E+06  2.00000E-03 -2.11953E+01
  2.27633E+01  2.15789E-28  1.42615E+06  2.00000E-03 -2.11953E+01
  2.28101E+01  2.15789E-28  1.42615E+06  2.00000E-03 -2.11953E+01
  2.28569E+01  2.15789E-28  1.42615E+06  2.00000E-03 -2.11953E+01
  2.29037E+01  2.15789E-28  1.42615E+06  2.00000E-03 -2.11953E+01
  2.29505E+01  2.15789E-28  1.42615E+06  2.00000E-03 -2.11953E+01
  2.29972E+01  2.15789E-28  1.42615E+06  2.00000E-03 -2.11953E+01
  2.30440E+01  2.15789E-28  1.42615E+06  2.00000E-03 -2.11953E+01
  2.30908E+01  2.15789E-28  1.42615E+06  2.00000E-03 -2.11953E+01
  2.31376E+01  2.15789E-28  1.42615E+06  2.00000E-03 -2.11953E+01
  2.31844E+01  2.15789E-28  1.42615E+06  2.00000E-03 -2.11953E+01
  2.32312E+01  2.15845E-28  1.42641E+06  2.00000E-03 -2.04331E+01
  2.32780E+01  2.15902E-28  1.42668E+06  2.00000E-03 -1.96712E+01
  2.33248E+01  2.15902E-28  1.42668E+06  2.00000E-03 -1.96712E+01
  2.33716E+01  2.15902E-28  1.42668E+06  2.00000E-03 -1.96712E+01
  2.34184E+01  2.15902E-28  1.42668E+06  2.00000E-03 -1.96712E+01
  2.34651E+01  2.15902E-28  1.42668E+06  2.00000E-03 -1.96712E+01
  2.35119E+01  2.15902E-28  1.42668E+06  2.00000E-03 -1.96712E+01
  2.35587E+01  2.15902E-28  1.42668E+06  2.00000E-03 -1.96712E+01
  2.36055E+01  2.15902E-28  1.42668E+06  2.00000E-03 -1.96712E+01
  2.36523E+01  2.15902E-28  1.42668E+06  2.00000E-03 -1.96712E+01
  2.36991E+01  2.15902E-28  1.42668E+06  2.00000E-03 -1.96712E+01
  2.37459E+01  2.15902E-28  1.42668E+06  2.00000E-03 -1.96712E+01
  2.37927E+01  2.15902E-28  1.42668E+06  2.00000E-03 -1.96712E+01
  2.38395E+01  2.15902E-28  1.42668E+06  2.00000E-03 -1.96712E+01
  2.38863E+01  2.15902E-28  1.42668E+06  2.00000E-03 -1.96712E+01
  2.39330E+01  2.15902E-28  1.42668E+06  2.00000E-03 -1.96712E+01
  2.39798E+01  2.15884E-28  1.42661E+06  2.00000E-03 -1.90823E+01
