 -2.40757E+01  2.17067E-28  1.43172E+06  2.00000E-03  1.68386E+00
 -2.39821E+01  2.17068E-28  1.43172E+06  2.00000E-03  1.68386E+00
 -2.38886E+01  2.17067E-28  1.43172E+06  2.00000E-03  1.68386E+00
 -2.37950E+01  2.17068E-28  1.43172E+06  2.00000E-03  1.68386E+00
 -2.37014E+01  2.17057E-28  1.43167E+06  2.00000E-03  1.70150E+00
 -2.36078E+01  2.17034E-28  1.43158E+06  2.00000E-03  1.73694E+00
 -2.35142E+01  2.17034E-28  1.43158E+06  2.00000E-03  1.73694E+00
 -2.34207E+01  2.17249E-28  1.43252E+06  2.00000E-03  1.58509E+00
 -2.33271E+01  2.17476E-28  1.43352E+06  2.00000E-03  1.44091E+00
 -2.32335E+01  2.17476E-28  1.43352E+06  2.00000E-03  1.45349E+00
 -2.31399E+01  2.17476E-28  1.43352E+06  2.00000E-03  1.45349E+00
 -2.30463E+01  2.17476E-28  1.43352E+06  2.00000E-03  1.47423E+00
 -2.29528E+01  2.17476E-28  1.43352E+06  2.00000E-03  1.49788E+00
 -2.28592E+01  2.17476E-28  1.43352E+06  2.00000E-03  1.49788E+00
 -2.27656E+01  2.17476E-28  1.43352E+06  2.00000E-03  1.49788E+00
 -2.26720E+01  2.17677E-28  1.43441E+06  2.00000E-03  1.33758E+00
 -2.25784E+01  2.18057E-28  1.43608E+06  2.00000E-03  1.03492E+00
 -2.24849E+01  2.18057E-28  1.43608E+06  2.00000E-03  1.03492E+00
 -2.23913E+01  2.18057E-28  1.43608E+06  2.00000E-03  1.03492E+00
 -2.22977E+01  2.18057E-28  1.43608E+06  2.00000E-03  1.03492E+00
 -2.22041E+01  2.18057E-28  1.43608E+06  2.00000E-03  1.03492E+00
 -2.21105E+01  2.18057E-28  1.43608E+06  2.00000E-03  1.03492E+00
 -2.20170E+01  2.18057E-28  1.43608E+06  2.00000E-03  1.03492E+00
 -2.19234E+01  2.18138E-28  1.43644E+06  2.00000E-03  9.51070E-01
 -2.18298E+01  2.18372E-28  1.43748E+06  2.00000E-03  7.09206E-01
 -2.17362E+01  2.18372E-28  1.43748E+06  2.00000E-03  7.09206E-01
 -2.16426E+01  2.18372E-28  1.43748E+06  2.00000E-03  7.09206E-01
 -2.15491E+01  2.18372E-28  1.43748E+06  2.00000E-03  7.09206E-01
 -2.14555E+01  2.18372E-28  1.43748E+06  2.00000E-03  7.09206E-01
 -2.13619E+01  2.18372E-28  1.43748E+06  2.00000E-03  7.09206E-01
 -2.12683E+01  2.18372E-28  1.43748E+06  2.00000E-03  7.09206E-01
 -2.11747E+01  2.18337E-28  1.43733E+06  2.00000E-03  7.19140E-01
 -2.10812E+01  2.18067E-28  1.43616E+06  2.00000E-03  7.96384E-01
 -2.09876E+01  2.18067E-28  1.43616E+06  2.00000E-03  7.96384E-01
 -2.08940E+01  2.18067E-28  1.43616E+06  2.00000E-03  7.96384E-01
 -2.08004E+01  2.18067E-28  1.43616E+06  2.00000E-03  7.96384E-01
 -2.07068E+01  2.18067E-28  1.43616E+06  2.00000E-03  7.96384E-01
 -2.06133E+01  2.18067E-28  1.43616E+06  2.00000E-03  7.96384E-01
 -2.05197E+01  2.18067E-28  1.43616E+06  2.00000E-03  7.96384E-01
 -2.04261E+01  2.17976E-28  1.43577E+06  2.00000E-03  8.49493E-01
 -2.03325E+01  2.17058E-28  1.43176E+06  2.00000E-03  1.39273E+00
 -2.02389E+01  2.17058E-28  1.43176E+06  2.00000E-03  1.39273E+00
 -2.01454E+01  2.17058E-28  1.43176E+06  2.00000E-03  1.39273E+00
 -2.00518E+01  2.17058E-28  1.43176E+06  2.00000E-03  1.39273E+00
 -1.99582E+01  2.17058E-28  1.43176E+06  2.00000E-03  1.39273E+00
 -1.98646E+01  2.17058E-28  1.43176E+06  2.00000E-03  1.39273E+00
 -1.97710E+01  2.17058E-28  1.43176E+06  2.00000E-03  1.39273E+00
 -1.96775E+01  2.17038E-28  1.43168E+06  2.00000E-03  1.40571E+00
 -1.95839E+01  2.15932E-28  1.42690E+06  2.00000E-03  2.12953E+00
 -1.94903E+01  2.15858E-28  1.42658E+06  2.00000E-03  2.17804E+00
 -1.93967E+01  2.15858E-28  1.42658E+06  2.00000E-03  2.17804E+00
 -1.93031E+01  2.15858E-28  1.42658E+06  2.00000E-03  2.17804E+00
 -1.92096E+01  2.15858E-28  1.42658E+06  2.00000E-03  2.17804E+00
 -1.91160E+01  2.15858E-28  1.42658E+06  2.00000E-03  2.17804E+00
 -1.90224E+01  2.15858E-28  1.42658E+06  2.00000E-03  2.17804E+00
 -1.89288E+01  2.15858E-28  1.42658E+06  2.00000E-03  2.17804E+00
 -1.88352E+01  2.15280E-28  1.42393E+06  2.00000E-03  2.61640E+00
 -1.87417E+01  2.15211E-28  1.42362E+06  2.00000E-03  2.66621E+00
 -1.86481E+01  2.15211E-28  1.42362E+06  2.00000E-03  2.66611E+00
 -1.85545E+01  2.15209E-28  1.42361E+06  2.00000E-03  2.67033E+00
 -1.84609E+01  2.15127E-28  1.42321E+06  2.00000E-03  2.78338E+00
 -1.83673E+01  2.15112E-28  1.42314E+06  2.00000E-03  2.80344E+00
 -1.82738E+01  2.15112E-28  1.42314E+06  2.00000E-03  2.80344E+00
 -1.81802E+01  2.15072E-28  1.42296E+06  2.00000E-03  2.85551E+00
 -1.80866E+01  2.15141E-28  1.42327E+06  2.00000E-03  2.83606E+00
 -1.79930E+01  2.15155E-28  1.42333E+06  2.00000E-03  2.83160E+00
 -1.78994E+01  2.15081E-28  1.42301E+06  2.00000E-03  2.90618E+00
 -1.78059E+01  2.15072E-28  1.42297E+06  2.00000E-03  2.91432E+00
 -1.77123E+01  2.15411E-28  1.42447E+06  2.00000E-03  2.69153E+00
 -1.76187E+01  2.15507E-28  1.42489E+06  2.00000E-03  2.62919E+00
 -1.75251E+01  2.15502E-28  1.42487E+06  2.00000E-03  2.63251E+00
 -1.74315E+01  2.15502E-28  1.42487E+06  2.00000E-03  2.63251E+00
 -1.73380E+01  2.16043E-28  1.42727E+06  2.00000E-03  2.24629E+00
 -1.72444E+01  2.16159E-28  1.42778E+06  2.00000E-03  2.16382E+00
 -1.71508E+01  2.16159E-28  1.42778E+06  2.00000E-03  2.16382E+00
 -1.70572E+01  2.16159E-28  1.42778E+06  2.00000E-03  2.16382E+00
 -1.69636E+01  2.16352E-28  1.42863E+06  2.00000E-03  1.99537E+00
 -1.68701E+01  2.16491E-28  1.42925E+06  2.00000E-03  1.87403E+00
 -1.67765E+01  2.16491E-28  1.42925E+06  2.00000E-03  1.87403E+00
 -1.66829E+01  2.16491E-28  1.42925E+06  2.00000E-03  1.87403E+00
 -1.65893E+01  2.16332E-28  1.42855E+06  2.00000E-03  1.94392E+00
 -1.64958E+01  2.16242E-28  1.42816E+06  2.00000E-03  1.98304E+00
 -1.64022E+01  2.16242E-28  1.42816E+06  2.00000E-03  1.98304E+00
 -1.63086E+01  2.16242E-28  1.42816E+06  2.00000E-03  1.98304E+00
 -1.62150E+01  2.15817E-28  1.42630E+06  2.00000E-03  2.26194E+00
 -1.61214E+01  2.15528E-28  1.42504E+06  2.00000E-03  2.45195E+00
 -1.60279E+01  2.15528E-28  1.42504E+06  2.00000E-03  2.45195E+00
 -1.59343E+01  2.15625E-28  1.42547E+06  2.00000E-03  2.40113E+00
 -1.58407E+01  2.15265E-28  1.42391E+06  2.00000E-03  2.68695E+00
 -1.57471E+01  2.14845E-28  1.42206E+06  2.00000E-03  2.99351E+00
 -1.56535E+01  2.14873E-28  1.42219E+06  2.00000E-03  2.97613E+00
 -1.55600E+01  2.14873E-28  1.42219E+06  2.00000E-03  2.97613E+00
 -1.54664E+01  2.14554E-28  1.42080E+06  2.00000E-03  3.24180E+00
 -1.53728E+01  2.14149E-28  1.41904E+06  2.00000E-03  3.57307E+00
 -1.52792E+01  2.14155E-28  1.41907E+06  2.00000E-03  3.56885E+00
 -1.51856E+01  2.14155E-28  1.41907E+06  2.00000E-03  3.56885E+00
 -1.50921E+01  2.14006E-28  1.41843E+06  2.00000E-03  3.71143E+00
 -1.49985E+01  2.13813E-28  1.41761E+06  2.00000E-03  3.89593E+00
 -1.49049E+01  2.13813E-28  1.41761E+06  2.00000E-03  3.89593E+00
 -1.48113E+01  2.13813E-28  1.41761E+06  2.00000E-03  3.89593E+00
 -1.47177E+01  2.13859E-28  1.41784E+06  2.00000E-03  3.90307E+00
 -1.46242E+01  2.13977E-28  1.41840E+06  2.00000E-03  3.92134E+00
 -1.45306E+01  2.13977E-28  1.41840E+06  2.00000E-03  3.92134E+00
 -1.44370E+01  2.13977E-28  1.41840E+06  2.00000E-03  3.92134E+00
 -1.43434E+01  2.14159E-28  1.41929E+06  2.00000E-03  3.80371E+00
 -1.42498E+01  2.14460E-28  1.42074E+06  2.00000E-03  3.61048E+00
 -1.41563E+01  2.14460E-28  1.42074E+06  2.00000E-03  3.61048E+00
 -1.40627E+01  2.14460E-28  1.42074E+06  2.00000E-03  3.61048E+00
 -1.39691E+01  2.14614E-28  1.42135E+06  2.00000E-03  3.49339E+00
 -1.38755E+01  2.14839E-28  1.42224E+06  2.00000E-03  3.32295E+00
 -1.37819E+01  2.14799E-28  1.42201E+06  2.00000E-03  3.34926E+00
 -1.36884E+01  2.14705E-28  1.42147E+06  2.00000E-03  3.41121E+00
 -1.35948E+01  2.14635E-28  1.42115E+06  2.00000E-03  3.45202E+00
 -1.35012E+01  2.14420E-28  1.42014E+06  2.00000E-03  3.57879E+00
 -1.34076E+01  2.14335E-28  1.41977E+06  2.00000E-03  3.63155E+00
 -1.33140E+01  2.14121E-28  1.41882E+06  2.00000E-03  3.76980E+00
 -1.32205E+01  2.14011E-28  1.41834E+06  2.00000E-03  3.84060E+00
 -1.31269E+01  2.13662E-28  1.41682E+06  2.00000E-03  4.06360E+00
 -1.30333E+01  2.13569E-28  1.41641E+06  2.00000E-03  4.13244E+00
 -1.29397E+01  2.13249E-28  1.41501E+06  2.00000E-03  4.34989E+00
 -1.28461E+01  2.13152E-28  1.41458E+06  2.00000E-03  4.42315E+00
 -1.27526E+01  2.12816E-28  1.41311E+06  2.00000E-03  4.66833E+00
 -1.26590E+01  2.12765E-28  1.41289E+06  2.00000E-03  4.70617E+00
 -1.25654E+01  2.12460E-28  1.41155E+06  2.00000E-03  4.95678E+00
 -1.24718E+01  2.12436E-28  1.41145E+06  2.00000E-03  4.98559E+00
 -1.23782E+01  2.12305E-28  1.41089E+06  2.00000E-03  5.14790E+00
 -1.22847E+01  2.12321E-28  1.41096E+06  2.00000E-03  5.16197E+00
 -1.21911E+01  2.12358E-28  1.41115E+06  2.00000E-03  5.22750E+00
 -1.20975E+01  2.12381E-28  1.41125E+06  2.00000E-03  5.22276E+00
 -1.20039E+01  2.12582E-28  1.41215E+06  2.00000E-03  5.20450E+00
 -1.19103E+01  2.12639E-28  1.41240E+06  2.00000E-03  5.17925E+00
 -1.18168E+01  2.13202E-28  1.41490E+06  2.00000E-03  4.92640E+00
 -1.17232E+01  2.13081E-28  1.41437E+06  2.00000E-03  4.99391E+00
 -1.16296E+01  2.13769E-28  1.41741E+06  2.00000E-03  4.65213E+00
 -1.15360E+01  2.13813E-28  1.41761E+06  2.00000E-03  4.63108E+00
 -1.14424E+01  2.14364E-28  1.42004E+06  2.00000E-03  4.35285E+00
 -1.13489E+01  2.14331E-28  1.41990E+06  2.00000E-03  4.35884E+00
 -1.12553E+01  2.14743E-28  1.42172E+06  2.00000E-03  4.16782E+00
 -1.11617E+01  2.14734E-28  1.42169E+06  2.00000E-03  4.17180E+00
 -1.10681E+01  2.14931E-28  1.42257E+06  2.00000E-03  4.11609E+00
 -1.09745E+01  2.14944E-28  1.42263E+06  2.00000E-03  4.11412E+00
 -1.08810E+01  2.15067E-28  1.42319E+06  2.00000E-03  4.12868E+00
 -1.07874E+01  2.15057E-28  1.42314E+06  2.00000E-03  4.12787E+00
 -1.06938E+01  2.15202E-28  1.42380E+06  2.00000E-03  4.16880E+00
 -1.06002E+01  2.15135E-28  1.42350E+06  2.00000E-03  4.20072E+00
 -1.05066E+01  2.15627E-28  1.42569E+06  2.00000E-03  4.05060E+00
 -1.04131E+01  2.15668E-28  1.42588E+06  2.00000E-03  4.04145E+00
 -1.03195E+01  2.17250E-28  1.43291E+06  2.00000E-03  3.29879E+00
 -1.02259E+01  2.16966E-28  1.43165E+06  2.00000E-03  3.48256E+00
 -1.01323E+01  2.18516E-28  1.43851E+06  2.00000E-03  2.75051E+00
 -1.00387E+01  2.18825E-28  1.43986E+06  2.00000E-03  2.59682E+00
 -9.94516E+00  2.21154E-28  1.45015E+06  2.00000E-03  1.40156E+00
 -9.85158E+00  2.21620E-28  1.45218E+06  2.00000E-03  1.16557E+00
 -9.75800E+00  2.22806E-28  1.45746E+06  2.00000E-03  5.97403E-01
 -9.66442E+00  2.23008E-28  1.45836E+06  2.00000E-03  5.01017E-01
 -9.57084E+00  2.23279E-28  1.45964E+06  2.00000E-03  4.26096E-01
 -9.47726E+00  2.23330E-28  1.45988E+06  2.00000E-03  4.16595E-01
 -9.38368E+00  2.22859E-28  1.45815E+06  2.00000E-03  8.05888E-01
 -9.29010E+00  2.22899E-28  1.45834E+06  2.00000E-03  8.28494E-01
 -9.19652E+00  2.21771E-28  1.45343E+06  2.00000E-03  1.57249E+00
 -9.10294E+00  2.20604E-28  1.44832E+06  2.00000E-03  2.31305E+00
 -9.00936E+00  2.19837E-28  1.44485E+06  2.00000E-03  2.84883E+00
 -8.91578E+00  2.19072E-28  1.44129E+06  2.00000E-03  3.39781E+00
 -8.82220E+00  2.18781E-28  1.43982E+06  2.00000E-03  3.75845E+00
 -8.72862E+00  2.18454E-28  1.43825E+06  2.00000E-03  4.05465E+00
 -8.63504E+00  2.18170E-28  1.43692E+06  2.00000E-03  4.31176E+00
 -8.54146E+00  2.18004E-28  1.43617E+06  2.00000E-03  4.44766E+00
 -8.44788E+00  2.17945E-28  1.43591E+06  2.00000E-03  4.48954E+00
 -8.35430E+00  2.17905E-28  1.43574E+06  2.00000E-03  4.46931E+00
 -8.26072E+00  2.17921E-28  1.43582E+06  2.00000E-03  4.39108E+00
 -8.16714E+00  2.18123E-28  1.43671E+06  2.00000E-03  4.27594E+00
 -8.07356E+00  2.18353E-28  1.43772E+06  2.00000E-03  4.12511E+00
 -7.97998E+00  2.18597E-28  1.43880E+06  2.00000E-03  3.94138E+00
 -7.88640E+00  2.18923E-28  1.44025E+06  2.00000E-03  3.74021E+00
 -7.79282E+00  2.19250E-28  1.44169E+06  2.00000E-03  3.56190E+00
 -7.69924E+00  2.19365E-28  1.44220E+06  2.00000E-03  3.50342E+00
 -7.60567E+00  2.19351E-28  1.44214E+06  2.00000E-03  3.53047E+00
 -7.51208E+00  2.19475E-28  1.44269E+06  2.00000E-03  3.58087E+00
 -7.41851E+00  2.19391E-28  1.44234E+06  2.00000E-03  3.77931E+00
 -7.32493E+00  2.18885E-28  1.44015E+06  2.00000E-03  4.17298E+00
 -7.23135E+00  2.18262E-28  1.43745E+06  2.00000E-03  4.66560E+00
 -7.13777E+00  2.17561E-28  1.43441E+06  2.00000E-03  5.25044E+00
 -7.04419E+00  2.16947E-28  1.43176E+06  2.00000E-03  5.77999E+00
 -6.95061E+00  2.16225E-28  1.42865E+06  2.00000E-03  6.45566E+00
 -6.85703E+00  2.15763E-28  1.42667E+06  2.00000E-03  6.97889E+00
 -6.76345E+00  2.15102E-28  1.42378E+06  2.00000E-03  7.69107E+00
 -6.66987E+00  2.14513E-28  1.42120E+06  2.00000E-03  8.41269E+00
 -6.57629E+00  2.14115E-28  1.41943E+06  2.00000E-03  9.03626E+00
 -6.48271E+00  2.13815E-28  1.41810E+06  2.00000E-03  9.68474E+00
 -6.38913E+00  2.13634E-28  1.41729E+06  2.00000E-03  1.04547E+01
 -6.29555E+00  2.13534E-28  1.41685E+06  2.00000E-03  1.11957E+01
 -6.20197E+00  2.13534E-28  1.41685E+06  2.00000E-03  1.20447E+01
 -6.10839E+00  2.13739E-28  1.41777E+06  2.00000E-03  1.32086E+01
 -6.01481E+00  2.14057E-28  1.41896E+06  2.00000E-03  1.45576E+01
 -5.92123E+00  2.14517E-28  1.42166E+06  1.99976E-03  1.66011E+01
 -5.82765E+00  2.15344E-28  1.42316E+06  1.99645E-03  1.92372E+01
 -5.73407E+00  2.17795E-28  1.41270E+06  1.98360E-03  2.21788E+01
 -5.64049E+00  2.22822E-28  1.38401E+06  1.95644E-03  2.50652E+01
 -5.54691E+00  2.37053E-28  1.30232E+06  1.87796E-03  2.62878E+01
 -5.45333E+00  2.51346E-28  1.22644E+06  1.80420E-03  2.57591E+01
 -5.35975E+00  2.48823E-28  1.24472E+06  1.82248E-03  2.82568E+01
 -5.26617E+00  2.45241E-28  1.26626E+06  1.84360E-03  3.09193E+01
 -5.17259E+00  2.42143E-28  1.28341E+06  1.86073E-03  3.31975E+01
 -5.07901E+00  2.43632E-28  1.27133E+06  1.85256E-03  3.43879E+01
 -4.98543E+00  2.48755E-28  1.23631E+06  1.82581E-03  3.48870E+01
 -4.89185E+00  2.44609E-28  1.25721E+06  1.84328E-03  3.42332E+01
 -4.79827E+00  2.46610E-28  1.23896E+06  1.82433E-03  3.24416E+01
 -4.70469E+00  2.39845E-28  1.28914E+06  1.86452E-03  3.00560E+01
 -4.61111E+00  2.37166E-28  1.31707E+06  1.88176E-03  2.69081E+01
 -4.51753E+00  2.38073E-28  1.32434E+06  1.87864E-03  2.16225E+01
 -4.42395E+00  2.36546E-28  1.33753E+06  1.88632E-03  1.34431E+01
 -4.33037E+00  2.52977E-28  1.25574E+06  1.77975E-03  4.34184E+00
 -4.23679E+00  2.72684E-28  1.17112E+06  1.68391E-03  9.23300E-01
 -4.14321E+00  2.83580E-28  1.14499E+06  1.64451E-03  4.53611E+00
 -4.04963E+00  2.98254E-28  1.10270E+06  1.59790E-03  9.85079E+00
 -3.95605E+00  2.97625E-28  1.11901E+06  1.61184E-03  1.14992E+01
 -3.86247E+00  2.83320E-28  1.19008E+06  1.67107E-03  1.42003E+01
 -3.76889E+00  2.72805E-28  1.23527E+06  1.71693E-03  1.89862E+01
 -3.67531E+00  2.72134E-28  1.21084E+06  1.70977E-03  2.33346E+01
 -3.58173E+00  2.78213E-28  1.14623E+06  1.66578E-03  2.48932E+01
 -3.48815E+00  2.84811E-28  1.09832E+06  1.63037E-03  2.45351E+01
 -3.39457E+00  2.75441E-28  1.15620E+06  1.68648E-03  2.70038E+01
 -3.30099E+00  2.61591E-28  1.25317E+06  1.76794E-03  2.83059E+01
 -3.20741E+00  2.56979E-28  1.31081E+06  1.81056E-03  2.71354E+01
 -3.11383E+00  2.63577E-28  1.31298E+06  1.80580E-03  2.68595E+01
 -3.02025E+00  2.92886E-28  1.22300E+06  1.70624E-03  2.56348E+01
 -2.92667E+00  3.36784E-28  1.09625E+06  1.57252E-03  2.67777E+01
 -2.83309E+00  3.54889E-28  1.06699E+06  1.53310E-03  3.13759E+01
 -2.73951E+00  3.53625E-28  1.09946E+06  1.54511E-03  3.88455E+01
 -2.64593E+00  3.94375E-28  1.00105E+06  1.44086E-03  4.20112E+01
 -2.55235E+00  7.74702E-28  5.10248E+05  1.06969E-03  3.63511E+01
 -2.45877E+00  5.80219E-27  6.70023E+04  7.13893E-04  3.13963E+01
 -2.36519E+00  2.12178E-26  1.78407E+04  6.39074E-04  2.81750E+01
 -2.27161E+00  2.54462E-26  1.46185E+04  6.14903E-04  2.56860E+01
 -2.17803E+00  2.38658E-26  1.44033E+04  6.05535E-04  2.43843E+01
 -2.08445E+00  2.30344E-26  1.42724E+04  6.01226E-04  2.38496E+01
 -1.99087E+00  2.38761E-26  1.41558E+04  6.00498E-04  2.40510E+01
 -1.89729E+00  2.54137E-26  1.41088E+04  6.03493E-04  2.45333E+01
 -1.80371E+00  2.67899E-26  1.41131E+04  6.09238E-04  2.50451E+01
 -1.71013E+00  2.73359E-26  1.41641E+04  6.07554E-04  2.53232E+01
 -1.61655E+00  2.66927E-26  1.42280E+04  6.05556E-04  2.52897E+01
 -1.52297E+00  2.55395E-26  1.42526E+04  6.05319E-04  2.52308E+01
 -1.42939E+00  2.45788E-26  1.42743E+04  6.04139E-04  2.53543E+01
 -1.33581E+00  2.38324E-26  1.43015E+04  6.01647E-04  2.54614E+01
 -1.24223E+00  2.33772E-26  1.43141E+04  6.00563E-04  2.54009E+01
 -1.14866E+00  2.33410E-26  1.43032E+04  6.00250E-04  2.53046E+01
 -1.05508E+00  2.35191E-26  1.42856E+04  6.00148E-04  2.52898E+01
 -9.61495E-01  2.37590E-26  1.42702E+04  6.00085E-04  2.54215E+01
 -8.67915E-01  2.37815E-26  1.42685E+04  6.00043E-04  2.56358E+01
 -7.74336E-01  2.35631E-26  1.42772E+04  6.00013E-04  2.57966E+01
 -6.80756E-01  2.34163E-26  1.42859E+04  6.00003E-04  2.59028E+01
 -5.87176E-01  2.35604E-26  1.42825E+04  6.00000E-04  2.59336E+01
 -4.93596E-01  2.41247E-26  1.42507E+04  6.00000E-04  2.59517E+01
 -4.00016E-01  2.51601E-26  1.42041E+04  6.00000E-04  2.60587E+01
 -3.06436E-01  2.65298E-26  1.41752E+04  6.00000E-04  2.61983E+01
 -2.12856E-01  2.80674E-26  1.41706E+04  6.00001E-04  2.61922E+01
 -1.19277E-01  2.92639E-26  1.41789E+04  6.00001E-04  2.59155E+01
 -2.56968E-02  2.91559E-26  1.41921E+04  6.00008E-04  2.53780E+01
  6.78831E-02  2.80050E-26  1.41830E+04  6.00090E-04  2.48761E+01
  1.61463E-01  2.69479E-26  1.41587E+04  6.00310E-04  2.46227E+01
  2.55043E-01  2.62578E-26  1.41294E+04  6.00714E-04  2.46510E+01
  3.48623E-01  2.56324E-26  1.41138E+04  6.01307E-04  2.48343E+01
  4.42203E-01  2.48804E-26  1.41329E+04  6.03126E-04  2.49967E+01
  5.35782E-01  2.42535E-26  1.42736E+04  6.07564E-04  2.50194E+01
  6.29362E-01  2.25555E-26  1.50384E+04  6.16865E-04  2.51250E+01
  7.22942E-01  1.82931E-26  1.79786E+04  6.30114E-04  2.57230E+01
  8.16522E-01  1.41678E-26  2.26808E+04  6.40188E-04  2.66669E+01
  9.10102E-01  1.10144E-26  2.87626E+04  6.59192E-04  2.78335E+01
  1.00368E+00  8.64460E-27  3.67385E+04  6.97725E-04  2.92002E+01
  1.09726E+00  1.18096E-26  2.72144E+04  7.17914E-04  2.93501E+01
  1.19084E+00  1.95339E-26  1.67710E+04  7.39109E-04  2.80771E+01
  1.28442E+00  2.01558E-26  1.60983E+04  6.91413E-04  2.67273E+01
  1.37800E+00  2.05676E-26  1.54368E+04  6.35132E-04  2.67493E+01
  1.47158E+00  2.05258E-26  1.54740E+04  6.17306E-04  2.71138E+01
  1.56516E+00  2.05357E-26  1.58175E+04  6.14029E-04  2.74924E+01
  1.65874E+00  2.10576E-26  1.60571E+04  6.13443E-04  2.77944E+01
  1.75232E+00  2.08677E-26  1.66119E+04  6.18776E-04  2.80433E+01
  1.84590E+00  1.95666E-26  1.72866E+04  6.31090E-04  2.87971E+01
  1.93948E+00  1.62741E-26  2.05318E+04  6.61084E-04  2.85543E+01
  2.03306E+00  1.24773E-26  2.60172E+04  7.27658E-04  2.25212E+01
  2.12664E+00  4.58069E-27  6.30091E+04  7.96616E-04  7.17054E+00
  2.22022E+00  2.16503E-27  1.23426E+05  8.38427E-04 -1.19350E+01
  2.31380E+00  9.84535E-28  2.69164E+05  9.79816E-04 -2.49942E+01
  2.40738E+00  6.19413E-28  4.30084E+05  1.16457E-03 -3.51491E+01
  2.50096E+00  4.30081E-28  6.20948E+05  1.39197E-03 -4.64596E+01
  2.59454E+00  3.46606E-28  7.82074E+05  1.55653E-03 -5.32967E+01
  2.68812E+00  3.20403E-28  8.90451E+05  1.60498E-03 -5.05988E+01
  2.78170E+00  3.03517E-28  1.01110E+06  1.62987E-03 -4.10577E+01
  2.87528E+00  2.81524E-28  1.15004E+06  1.70157E-03 -3.33209E+01
  2.96886E+00  2.86318E-28  1.13331E+06  1.66094E-03 -3.44760E+01
  3.06244E+00  3.13895E-28  1.02482E+06  1.55403E-03 -3.56574E+01
  3.15602E+00  3.26740E-28  9.80157E+05  1.52131E-03 -3.10656E+01
  3.24960E+00  3.35188E-28  9.32325E+05  1.49561E-03 -2.40529E+01
  3.34318E+00  3.04068E-28  9.80283E+05  1.54347E-03 -2.36130E+01
  3.43676E+00  2.56576E-28  1.11956E+06  1.67085E-03 -2.42676E+01
  3.53034E+00  2.54303E-28  1.07826E+06  1.64819E-03 -2.82628E+01
  3.62392E+00  2.69931E-28  9.45700E+05  1.54147E-03 -3.37964E+01
  3.71750E+00  3.02343E-28  7.91219E+05  1.43486E-03 -2.96705E+01
  3.81108E+00  3.52014E-28  6.54437E+05  1.32727E-03 -2.04184E+01
  3.90466E+00  3.80343E-28  6.05402E+05  1.27578E-03 -8.95041E+00
  3.99824E+00  3.87626E-28  6.24776E+05  1.26457E-03  5.07768E+00
  4.09182E+00  4.00563E-28  6.32275E+05  1.24693E-03  1.72769E+01
  4.18540E+00  4.06332E-28  6.31651E+05  1.24025E-03  2.80952E+01
  4.27898E+00  4.05657E-28  6.31979E+05  1.24095E-03  4.00780E+01
  4.37256E+00  4.01890E-28  6.47988E+05  1.25493E-03  4.95135E+01
  4.46614E+00  4.20016E-28  6.43579E+05  1.25956E-03  4.94520E+01
  4.55972E+00  5.18205E-28  5.52281E+05  1.20076E-03  3.82658E+01
  4.65330E+00  5.66830E-28  5.26863E+05  1.19169E-03  2.77521E+01
  4.74688E+00  4.26964E-28  7.15288E+05  1.34225E-03  1.44630E+01
  4.84046E+00  3.06158E-28  1.01898E+06  1.60953E-03 -2.98421E+00
  4.93404E+00  2.68343E-28  1.15957E+06  1.74708E-03 -7.82168E+00
  5.02762E+00  2.30432E-28  1.34573E+06  1.91881E-03 -1.14746E+01
  5.12120E+00  2.17586E-28  1.42584E+06  1.99036E-03 -1.37817E+01
  5.21478E+00  2.16583E-28  1.43417E+06  1.99808E-03 -1.50058E+01
  5.30835E+00  2.16531E-28  1.43384E+06  1.99929E-03 -1.54375E+01
  5.40193E+00  2.16267E-28  1.43068E+06  1.99987E-03 -1.55076E+01
  5.49551E+00  2.15455E-28  1.42613E+06  1.99996E-03 -1.54085E+01
  5.58909E+00  2.14857E-28  1.42271E+06  1.99999E-03 -1.48440E+01
  5.68267E+00  2.14412E-28  1.42057E+06  2.00000E-03 -1.42752E+01
  5.77625E+00  2.14084E-28  1.41911E+06  2.00000E-03 -1.36679E+01
  5.86983E+00  2.13931E-28  1.41850E+06  2.00000E-03 -1.29292E+01
  5.96341E+00  2.14128E-28  1.41940E+06  2.00000E-03 -1.21556E+01
  6.05699E+00  2.14575E-28  1.42136E+06  2.00000E-03 -1.09911E+01
  6.15057E+00  2.15200E-28  1.42413E+06  2.00000E-03 -1.00724E+01
  6.24415E+00  2.15878E-28  1.42710E+06  2.00000E-03 -9.13506E+00
  6.33773E+00  2.16608E-28  1.43031E+06  2.00000E-03 -8.26692E+00
  6.43131E+00  2.17494E-28  1.43419E+06  2.00000E-03 -7.26712E+00
  6.52489E+00  2.18385E-28  1.43808E+06  2.00000E-03 -6.37947E+00
  6.61847E+00  2.19310E-28  1.44212E+06  2.00000E-03 -5.51088E+00
  6.71205E+00  2.20561E-28  1.44759E+06  2.00000E-03 -4.36860E+00
  6.80563E+00  2.21400E-28  1.45124E+06  2.00000E-03 -3.66246E+00
  6.89921E+00  2.21972E-28  1.45373E+06  2.00000E-03 -3.19032E+00
  6.99279E+00  2.22214E-28  1.45477E+06  2.00000E-03 -2.97361E+00
  7.08637E+00  2.21719E-28  1.45262E+06  2.00000E-03 -3.36608E+00
  7.17995E+00  2.20747E-28  1.44839E+06  2.00000E-03 -4.10417E+00
  7.27353E+00  2.19495E-28  1.44291E+06  2.00000E-03 -5.03687E+00
  7.36711E+00  2.18051E-28  1.43656E+06  2.00000E-03 -6.02605E+00
  7.46069E+00  2.17038E-28  1.43207E+06  2.00000E-03 -6.64451E+00
  7.55427E+00  2.16453E-28  1.42948E+06  2.00000E-03 -6.92901E+00
  7.64785E+00  2.16201E-28  1.42834E+06  2.00000E-03 -6.95733E+00
  7.74143E+00  2.15982E-28  1.42734E+06  2.00000E-03 -6.92360E+00
  7.83501E+00  2.15975E-28  1.42728E+06  2.00000E-03 -6.78282E+00
  7.92859E+00  2.16057E-28  1.42762E+06  2.00000E-03 -6.58126E+00
  8.02217E+00  2.16170E-28  1.42810E+06  2.00000E-03 -6.36681E+00
  8.11575E+00  2.16455E-28  1.42933E+06  2.00000E-03 -6.07557E+00
  8.20933E+00  2.16882E-28  1.43120E+06  2.00000E-03 -5.69521E+00
  8.30291E+00  2.17554E-28  1.43415E+06  2.00000E-03 -5.19337E+00
  8.39649E+00  2.18229E-28  1.43711E+06  2.00000E-03 -4.68249E+00
  8.49007E+00  2.18906E-28  1.44007E+06  2.00000E-03 -4.16490E+00
  8.58365E+00  2.19792E-28  1.44394E+06  2.00000E-03 -3.56721E+00
  8.67723E+00  2.20691E-28  1.44786E+06  2.00000E-03 -2.95422E+00
  8.77081E+00  2.21268E-28  1.45039E+06  2.00000E-03 -2.54850E+00
  8.86439E+00  2.21822E-28  1.45286E+06  2.00000E-03 -2.16975E+00
  8.95797E+00  2.22106E-28  1.45417E+06  2.00000E-03 -1.98128E+00
  9.05155E+00  2.22203E-28  1.45469E+06  2.00000E-03 -1.92144E+00
  9.14513E+00  2.22248E-28  1.45495E+06  2.00000E-03 -1.89886E+00
  9.23871E+00  2.22216E-28  1.45485E+06  2.00000E-03 -1.94630E+00
  9.33229E+00  2.22374E-28  1.45565E+06  2.00000E-03 -1.79241E+00
  9.42587E+00  2.22411E-28  1.45584E+06  2.00000E-03 -1.74695E+00
  9.51945E+00  2.22265E-28  1.45502E+06  2.00000E-03 -1.73704E+00
  9.61303E+00  2.22193E-28  1.45459E+06  2.00000E-03 -1.72094E+00
  9.70661E+00  2.21748E-28  1.45261E+06  2.00000E-03 -1.95618E+00
  9.80019E+00  2.21503E-28  1.45151E+06  2.00000E-03 -2.08645E+00
  9.89377E+00  2.20822E-28  1.44851E+06  2.00000E-03 -2.48113E+00
  9.98735E+00  2.19605E-28  1.44317E+06  2.00000E-03 -3.21068E+00
  1.00809E+01  2.18278E-28  1.43733E+06  2.00000E-03 -3.95210E+00
  1.01745E+01  2.17535E-28  1.43403E+06  2.00000E-03 -4.34380E+00
  1.02681E+01  2.16821E-28  1.43087E+06  2.00000E-03 -4.67911E+00
  1.03617E+01  2.16325E-28  1.42866E+06  2.00000E-03 -4.90075E+00
  1.04552E+01  2.15872E-28  1.42665E+06  2.00000E-03 -5.06854E+00
  1.05488E+01  2.15382E-28  1.42446E+06  2.00000E-03 -5.21046E+00
  1.06424E+01  2.15512E-28  1.42503E+06  2.00000E-03 -5.03958E+00
  1.07360E+01  2.15647E-28  1.42561E+06  2.00000E-03 -4.87570E+00
  1.08296E+01  2.15801E-28  1.42629E+06  2.00000E-03 -4.71988E+00
  1.09231E+01  2.15972E-28  1.42703E+06  2.00000E-03 -4.54342E+00
  1.10167E+01  2.16059E-28  1.42741E+06  2.00000E-03 -4.44312E+00
  1.11103E+01  2.16177E-28  1.42792E+06  2.00000E-03 -4.30931E+00
  1.12039E+01  2.16231E-28  1.42816E+06  2.00000E-03 -4.25166E+00
  1.12975E+01  2.16333E-28  1.42860E+06  2.00000E-03 -4.15249E+00
  1.13910E+01  2.16249E-28  1.42823E+06  2.00000E-03 -4.20293E+00
  1.14846E+01  2.16159E-28  1.42783E+06  2.00000E-03 -4.26112E+00
  1.15782E+01  2.16035E-28  1.42728E+06  2.00000E-03 -4.34041E+00
  1.16718E+01  2.15767E-28  1.42609E+06  2.00000E-03 -4.51307E+00
  1.17654E+01  2.15581E-28  1.42527E+06  2.00000E-03 -4.62540E+00
  1.18589E+01  2.15272E-28  1.42390E+06  2.00000E-03 -4.81665E+00
  1.19525E+01  2.15080E-28  1.42305E+06  2.00000E-03 -4.91843E+00
  1.20461E+01  2.14796E-28  1.42179E+06  2.00000E-03 -5.05717E+00
  1.21397E+01  2.14703E-28  1.42138E+06  2.00000E-03 -5.07567E+00
  1.22333E+01  2.14510E-28  1.42052E+06  2.00000E-03 -5.13524E+00
  1.23268E+01  2.14456E-28  1.42028E+06  2.00000E-03 -5.12773E+00
  1.24204E+01  2.14324E-28  1.41970E+06  2.00000E-03 -5.13330E+00
  1.25140E+01  2.14199E-28  1.41914E+06  2.00000E-03 -5.17016E+00
  1.26076E+01  2.14175E-28  1.41903E+06  2.00000E-03 -5.09379E+00
  1.27012E+01  2.14171E-28  1.41901E+06  2.00000E-03 -5.07321E+00
  1.27947E+01  2.14157E-28  1.41895E+06  2.00000E-03 -4.98314E+00
  1.28883E+01  2.14153E-28  1.41893E+06  2.00000E-03 -4.95229E+00
  1.29819E+01  2.14298E-28  1.41956E+06  2.00000E-03 -4.78883E+00
  1.30755E+01  2.14328E-28  1.41970E+06  2.00000E-03 -4.74402E+00
  1.31691E+01  2.14518E-28  1.42053E+06  2.00000E-03 -4.53146E+00
  1.32626E+01  2.14602E-28  1.42090E+06  2.00000E-03 -4.45953E+00
  1.33562E+01  2.14943E-28  1.42240E+06  2.00000E-03 -4.16770E+00
  1.34498E+01  2.15026E-28  1.42277E+06  2.00000E-03 -4.09844E+00
  1.35434E+01  2.15373E-28  1.42430E+06  2.00000E-03 -3.80693E+00
  1.36370E+01  2.15435E-28  1.42458E+06  2.00000E-03 -3.75302E+00
  1.37305E+01  2.15694E-28  1.42574E+06  2.00000E-03 -3.52689E+00
  1.38241E+01  2.15677E-28  1.42568E+06  2.00000E-03 -3.52191E+00
  1.39177E+01  2.15805E-28  1.42631E+06  2.00000E-03 -3.39596E+00
  1.40113E+01  2.15777E-28  1.42620E+06  2.00000E-03 -3.41185E+00
  1.41049E+01  2.15692E-28  1.42589E+06  2.00000E-03 -3.48250E+00
  1.41984E+01  2.15692E-28  1.42590E+06  2.00000E-03 -3.48250E+00
  1.42920E+01  2.15692E-28  1.42589E+06  2.00000E-03 -3.48250E+00
  1.43856E+01  2.15684E-28  1.42585E+06  2.00000E-03 -3.48709E+00
  1.44792E+01  2.15601E-28  1.42539E+06  2.00000E-03 -3.53799E+00
  1.45728E+01  2.15601E-28  1.42539E+06  2.00000E-03 -3.53799E+00
  1.46663E+01  2.15601E-28  1.42539E+06  2.00000E-03 -3.53799E+00
  1.47599E+01  2.15600E-28  1.42539E+06  2.00000E-03 -3.53565E+00
  1.48535E+01  2.15580E-28  1.42527E+06  2.00000E-03 -3.50123E+00
  1.49471E+01  2.15580E-28  1.42526E+06  2.00000E-03 -3.50070E+00
  1.50407E+01  2.15580E-28  1.42526E+06  2.00000E-03 -3.50070E+00
  1.51342E+01  2.15769E-28  1.42610E+06  2.00000E-03 -3.41573E+00
  1.52278E+01  2.15948E-28  1.42687E+06  2.00000E-03 -3.25251E+00
  1.53214E+01  2.15960E-28  1.42692E+06  2.00000E-03 -3.24419E+00
  1.54150E+01  2.15960E-28  1.42692E+06  2.00000E-03 -3.24418E+00
  1.55086E+01  2.15969E-28  1.42696E+06  2.00000E-03 -3.23862E+00
  1.56021E+01  2.16144E-28  1.42771E+06  2.00000E-03 -3.04094E+00
  1.56957E+01  2.16310E-28  1.42844E+06  2.00000E-03 -2.96360E+00
  1.57893E+01  2.16310E-28  1.42844E+06  2.00000E-03 -2.96360E+00
  1.58829E+01  2.16310E-28  1.42844E+06  2.00000E-03 -2.96360E+00
  1.59765E+01  2.16450E-28  1.42905E+06  2.00000E-03 -2.72463E+00
  1.60700E+01  2.16468E-28  1.42913E+06  2.00000E-03 -2.69320E+00
  1.61636E+01  2.16468E-28  1.42913E+06  2.00000E-03 -2.69320E+00
  1.62572E+01  2.16468E-28  1.42913E+06  2.00000E-03 -2.69320E+00
  1.63508E+01  2.16772E-28  1.43046E+06  2.00000E-03 -2.35178E+00
  1.64444E+01  2.16811E-28  1.43062E+06  2.00000E-03 -2.30901E+00
  1.65379E+01  2.16811E-28  1.43062E+06  2.00000E-03 -2.30901E+00
  1.66315E+01  2.16811E-28  1.43062E+06  2.00000E-03 -2.30901E+00
  1.67251E+01  2.17112E-28  1.43194E+06  2.00000E-03 -2.01473E+00
  1.68187E+01  2.17170E-28  1.43220E+06  2.00000E-03 -1.95807E+00
  1.69123E+01  2.17170E-28  1.43220E+06  2.00000E-03 -1.95807E+00
  1.70058E+01  2.17170E-28  1.43220E+06  2.00000E-03 -1.95807E+00
  1.70994E+01  2.17299E-28  1.43276E+06  2.00000E-03 -1.83853E+00
  1.71930E+01  2.17343E-28  1.43296E+06  2.00000E-03 -1.79769E+00
  1.72866E+01  2.17343E-28  1.43296E+06  2.00000E-03 -1.79769E+00
  1.73802E+01  2.17343E-28  1.43296E+06  2.00000E-03 -1.79769E+00
  1.74737E+01  2.17274E-28  1.43265E+06  2.00000E-03 -1.84626E+00
  1.75673E+01  2.17216E-28  1.43240E+06  2.00000E-03 -1.88592E+00
  1.76609E+01  2.17151E-28  1.43211E+06  2.00000E-03 -1.93217E+00
  1.77545E+01  2.17125E-28  1.43199E+06  2.00000E-03 -1.95011E+00
  1.78481E+01  2.16870E-28  1.43087E+06  2.00000E-03 -2.14329E+00
  1.79416E+01  2.16765E-28  1.43041E+06  2.00000E-03 -2.22386E+00
  1.80352E+01  2.16706E-28  1.43014E+06  2.00000E-03 -2.26277E+00
  1.81288E+01  2.16673E-28  1.43000E+06  2.00000E-03 -2.28415E+00
  1.82224E+01  2.16385E-28  1.42873E+06  2.00000E-03 -2.50265E+00
  1.83160E+01  2.16221E-28  1.42801E+06  2.00000E-03 -2.62439E+00
  1.84095E+01  2.16219E-28  1.42800E+06  2.00000E-03 -2.62615E+00
  1.85031E+01  2.16204E-28  1.42793E+06  2.00000E-03 -2.63503E+00
  1.85967E+01  2.16006E-28  1.42707E+06  2.00000E-03 -2.79646E+00
  1.86903E+01  2.15876E-28  1.42650E+06  2.00000E-03 -2.90418E+00
  1.87839E+01  2.15885E-28  1.42654E+06  2.00000E-03 -2.89986E+00
  1.88774E+01  2.15881E-28  1.42652E+06  2.00000E-03 -2.90141E+00
  1.89710E+01  2.16111E-28  1.42758E+06  2.00000E-03 -2.74393E+00
  1.90646E+01  2.16246E-28  1.42820E+06  2.00000E-03 -2.65252E+00
  1.91582E+01  2.16246E-28  1.42820E+06  2.00000E-03 -2.65252E+00
  1.92518E+01  2.16246E-28  1.42820E+06  2.00000E-03 -2.65252E+00
  1.93453E+01  2.16246E-28  1.42820E+06  2.00000E-03 -2.65252E+00
  1.94389E+01  2.16246E-28  1.42820E+06  2.00000E-03 -2.65252E+00
  1.95325E+01  2.16246E-28  1.42820E+06  2.00000E-03 -2.65252E+00
  1.96261E+01  2.16246E-28  1.42820E+06  2.00000E-03 -2.65252E+00
  1.97197E+01  2.16538E-28  1.42946E+06  2.00000E-03 -2.44304E+00
  1.98132E+01  2.16815E-28  1.43065E+06  2.00000E-03 -2.24488E+00
  1.99068E+01  2.16815E-28  1.43065E+06  2.00000E-03 -2.24488E+00
  2.00004E+01  2.16815E-28  1.43065E+06  2.00000E-03 -2.24488E+00
  2.00940E+01  2.16815E-28  1.43065E+06  2.00000E-03 -2.24488E+00
  2.01876E+01  2.16815E-28  1.43065E+06  2.00000E-03 -2.24488E+00
  2.02811E+01  2.16815E-28  1.43065E+06  2.00000E-03 -2.24488E+00
  2.03747E+01  2.16815E-28  1.43065E+06  2.00000E-03 -2.24488E+00
  2.04683E+01  2.16997E-28  1.43145E+06  2.00000E-03 -2.09184E+00
  2.05619E+01  2.17305E-28  1.43280E+06  2.00000E-03 -1.83321E+00
  2.06555E+01  2.17305E-28  1.43280E+06  2.00000E-03 -1.83321E+00
  2.07490E+01  2.17305E-28  1.43280E+06  2.00000E-03 -1.83321E+00
  2.08426E+01  2.17305E-28  1.43280E+06  2.00000E-03 -1.83321E+00
  2.09362E+01  2.17305E-28  1.43280E+06  2.00000E-03 -1.83321E+00
  2.10298E+01  2.17305E-28  1.43280E+06  2.00000E-03 -1.83321E+00
  2.11234E+01  2.17305E-28  1.43280E+06  2.00000E-03 -1.83321E+00
  2.12169E+01  2.17353E-28  1.43301E+06  2.00000E-03 -1.77292E+00
  2.13105E+01  2.17459E-28  1.43346E+06  2.00000E-03 -1.64055E+00
  2.14041E+01  2.17459E-28  1.43346E+06  2.00000E-03 -1.64055E+00
  2.14977E+01  2.17459E-28  1.43346E+06  2.00000E-03 -1.64055E+00
  2.15912E+01  2.17459E-28  1.43346E+06  2.00000E-03 -1.64055E+00
  2.16848E+01  2.17459E-28  1.43346E+06  2.00000E-03 -1.64055E+00
  2.17784E+01  2.17459E-28  1.43346E+06  2.00000E-03 -1.64055E+00
  2.18720E+01  2.17459E-28  1.43346E+06  2.00000E-03 -1.64055E+00
  2.19656E+01  2.17423E-28  1.43330E+06  2.00000E-03 -1.64288E+00
  2.20591E+01  2.17300E-28  1.43276E+06  2.00000E-03 -1.65079E+00
  2.21527E+01  2.17301E-28  1.43276E+06  2.00000E-03 -1.65079E+00
  2.22463E+01  2.17301E-28  1.43276E+06  2.00000E-03 -1.65079E+00
  2.23399E+01  2.17300E-28  1.43276E+06  2.00000E-03 -1.65079E+00
  2.24335E+01  2.17300E-28  1.43276E+06  2.00000E-03 -1.65079E+00
  2.25270E+01  2.17300E-28  1.43276E+06  2.00000E-03 -1.65079E+00
  2.26206E+01  2.17300E-28  1.43276E+06  2.00000E-03 -1.65079E+00
  2.27142E+01  2.17255E-28  1.43256E+06  2.00000E-03 -1.66190E+00
  2.28078E+01  2.17013E-28  1.43149E+06  2.00000E-03 -1.72187E+00
  2.29014E+01  2.16906E-28  1.43102E+06  2.00000E-03 -1.74552E+00
  2.29949E+01  2.16904E-28  1.43101E+06  2.00000E-03 -1.74604E+00
  2.30885E+01  2.16899E-28  1.43098E+06  2.00000E-03 -1.74727E+00
  2.31821E+01  2.16796E-28  1.43053E+06  2.00000E-03 -1.77005E+00
  2.32757E+01  2.16796E-28  1.43053E+06  2.00000E-03 -1.77015E+00
  2.33693E+01  2.16782E-28  1.43047E+06  2.00000E-03 -1.77337E+00
  2.34628E+01  2.16701E-28  1.43011E+06  2.00000E-03 -1.78066E+00
  2.35564E+01  2.16975E-28  1.43131E+06  2.00000E-03 -1.50657E+00
  2.36500E+01  2.16975E-28  1.43131E+06  2.00000E-03 -1.50657E+00
  2.37436E+01  2.16975E-28  1.43131E+06  2.00000E-03 -1.50657E+00
  2.38372E+01  2.16975E-28  1.43131E+06  2.00000E-03 -1.50657E+00
  2.39307E+01  2.16975E-28  1.43131E+06  2.00000E-03 -1.50657E+00
  2.40243E+01  2.16975E-28  1.43131E+06  2.00000E-03 -1.50657E+00
  2.41179E+01  2.16975E-28  1.43131E+06  2.00000E-03 -1.50657E+00
  2.42115E+01  2.16975E-28  1.43131E+06  2.00000E-03 -1.50657E+00
