 -2.40757E+01  2.15479E-28  1.42488E+06  2.00000E-03  1.12310E+01
 -2.39821E+01  2.15479E-28  1.42488E+06  2.00000E-03  1.12310E+01
 -2.38886E+01  2.15479E-28  1.42488E+06  2.00000E-03  1.12310E+01
 -2.37950E+01  2.15479E-28  1.42488E+06  2.00000E-03  1.12310E+01
 -2.37014E+01  2.15471E-28  1.42485E+06  2.00000E-03  1.12243E+01
 -2.36078E+01  2.15457E-28  1.42479E+06  2.00000E-03  1.12108E+01
 -2.35142E+01  2.15457E-28  1.42479E+06  2.00000E-03  1.12108E+01
 -2.34207E+01  2.15297E-28  1.42409E+06  2.00000E-03  1.15032E+01
 -2.33271E+01  2.15102E-28  1.42323E+06  2.00000E-03  1.18071E+01
 -2.32335E+01  2.15082E-28  1.42314E+06  2.00000E-03  1.18068E+01
 -2.31399E+01  2.15082E-28  1.42314E+06  2.00000E-03  1.18068E+01
 -2.30463E+01  2.15049E-28  1.42300E+06  2.00000E-03  1.18063E+01
 -2.29528E+01  2.15012E-28  1.42283E+06  2.00000E-03  1.18057E+01
 -2.28592E+01  2.15012E-28  1.42283E+06  2.00000E-03  1.18057E+01
 -2.27656E+01  2.15012E-28  1.42283E+06  2.00000E-03  1.18057E+01
 -2.26720E+01  2.14931E-28  1.42248E+06  2.00000E-03  1.20030E+01
 -2.25784E+01  2.14778E-28  1.42181E+06  2.00000E-03  1.23769E+01
 -2.24849E+01  2.14778E-28  1.42181E+06  2.00000E-03  1.23769E+01
 -2.23913E+01  2.14778E-28  1.42181E+06  2.00000E-03  1.23769E+01
 -2.22977E+01  2.14778E-28  1.42181E+06  2.00000E-03  1.23769E+01
 -2.22041E+01  2.14778E-28  1.42181E+06  2.00000E-03  1.23769E+01
 -2.21105E+01  2.14778E-28  1.42181E+06  2.00000E-03  1.23769E+01
 -2.20170E+01  2.14778E-28  1.42181E+06  2.00000E-03  1.23769E+01
 -2.19234E+01  2.14743E-28  1.42167E+06  2.00000E-03  1.25222E+01
 -2.18298E+01  2.14644E-28  1.42124E+06  2.00000E-03  1.29422E+01
 -2.17362E+01  2.14644E-28  1.42124E+06  2.00000E-03  1.29422E+01
 -2.16426E+01  2.14644E-28  1.42124E+06  2.00000E-03  1.29422E+01
 -2.15491E+01  2.14644E-28  1.42124E+06  2.00000E-03  1.29422E+01
 -2.14555E+01  2.14644E-28  1.42124E+06  2.00000E-03  1.29422E+01
 -2.13619E+01  2.14644E-28  1.42124E+06  2.00000E-03  1.29422E+01
 -2.12683E+01  2.14644E-28  1.42124E+06  2.00000E-03  1.29422E+01
 -2.11747E+01  2.14632E-28  1.42119E+06  2.00000E-03  1.30103E+01
 -2.10812E+01  2.14533E-28  1.42077E+06  2.00000E-03  1.35392E+01
 -2.09876E+01  2.14533E-28  1.42077E+06  2.00000E-03  1.35392E+01
 -2.08940E+01  2.14533E-28  1.42077E+06  2.00000E-03  1.35392E+01
 -2.08004E+01  2.14533E-28  1.42077E+06  2.00000E-03  1.35392E+01
 -2.07068E+01  2.14533E-28  1.42077E+06  2.00000E-03  1.35392E+01
 -2.06133E+01  2.14533E-28  1.42077E+06  2.00000E-03  1.35392E+01
 -2.05197E+01  2.14533E-28  1.42077E+06  2.00000E-03  1.35392E+01
 -2.04261E+01  2.14523E-28  1.42073E+06  2.00000E-03  1.35919E+01
 -2.03325E+01  2.14429E-28  1.42032E+06  2.00000E-03  1.41282E+01
 -2.02389E+01  2.14429E-28  1.42032E+06  2.00000E-03  1.41282E+01
 -2.01454E+01  2.14429E-28  1.42032E+06  2.00000E-03  1.41282E+01
 -2.00518E+01  2.14429E-28  1.42032E+06  2.00000E-03  1.41282E+01
 -1.99582E+01  2.14429E-28  1.42032E+06  2.00000E-03  1.41282E+01
 -1.98646E+01  2.14429E-28  1.42032E+06  2.00000E-03  1.41282E+01
 -1.97710E+01  2.14429E-28  1.42032E+06  2.00000E-03  1.41282E+01
 -1.96775E+01  2.14429E-28  1.42033E+06  2.00000E-03  1.41371E+01
 -1.95839E+01  2.14429E-28  1.42037E+06  2.00000E-03  1.46314E+01
 -1.94903E+01  2.14429E-28  1.42037E+06  2.00000E-03  1.46644E+01
 -1.93967E+01  2.14429E-28  1.42037E+06  2.00000E-03  1.46643E+01
 -1.93031E+01  2.14429E-28  1.42037E+06  2.00000E-03  1.46644E+01
 -1.92096E+01  2.14429E-28  1.42037E+06  2.00000E-03  1.46644E+01
 -1.91160E+01  2.14429E-28  1.42037E+06  2.00000E-03  1.46644E+01
 -1.90224E+01  2.14429E-28  1.42037E+06  2.00000E-03  1.46644E+01
 -1.89288E+01  2.14429E-28  1.42037E+06  2.00000E-03  1.46644E+01
 -1.88352E+01  2.14380E-28  1.42015E+06  2.00000E-03  1.49568E+01
 -1.87417E+01  2.14387E-28  1.42018E+06  2.00000E-03  1.49635E+01
 -1.86481E+01  2.14387E-28  1.42018E+06  2.00000E-03  1.49628E+01
 -1.85545E+01  2.14375E-28  1.42012E+06  2.00000E-03  1.49913E+01
 -1.84609E+01  2.14345E-28  1.42002E+06  2.00000E-03  1.51881E+01
 -1.83673E+01  2.14337E-28  1.41999E+06  2.00000E-03  1.52066E+01
 -1.82738E+01  2.14337E-28  1.41999E+06  2.00000E-03  1.52066E+01
 -1.81802E+01  2.14294E-28  1.41980E+06  2.00000E-03  1.51986E+01
 -1.80866E+01  2.14228E-28  1.41952E+06  2.00000E-03  1.54520E+01
 -1.79930E+01  2.14213E-28  1.41946E+06  2.00000E-03  1.55126E+01
 -1.78994E+01  2.14162E-28  1.41923E+06  2.00000E-03  1.55145E+01
 -1.78059E+01  2.14156E-28  1.41920E+06  2.00000E-03  1.55096E+01
 -1.77123E+01  2.14075E-28  1.41885E+06  2.00000E-03  1.57640E+01
 -1.76187E+01  2.14028E-28  1.41865E+06  2.00000E-03  1.58236E+01
 -1.75251E+01  2.14022E-28  1.41862E+06  2.00000E-03  1.58154E+01
 -1.74315E+01  2.14022E-28  1.41862E+06  2.00000E-03  1.58154E+01
 -1.73380E+01  2.13939E-28  1.41827E+06  2.00000E-03  1.60768E+01
 -1.72444E+01  2.13922E-28  1.41819E+06  2.00000E-03  1.61328E+01
 -1.71508E+01  2.13922E-28  1.41819E+06  2.00000E-03  1.61328E+01
 -1.70572E+01  2.13922E-28  1.41819E+06  2.00000E-03  1.61328E+01
 -1.69636E+01  2.13891E-28  1.41806E+06  2.00000E-03  1.62547E+01
 -1.68701E+01  2.13869E-28  1.41797E+06  2.00000E-03  1.63427E+01
 -1.67765E+01  2.13869E-28  1.41797E+06  2.00000E-03  1.63427E+01
 -1.66829E+01  2.13869E-28  1.41797E+06  2.00000E-03  1.63427E+01
 -1.65893E+01  2.13859E-28  1.41793E+06  2.00000E-03  1.63578E+01
 -1.64958E+01  2.13854E-28  1.41791E+06  2.00000E-03  1.63662E+01
 -1.64022E+01  2.13854E-28  1.41791E+06  2.00000E-03  1.63662E+01
 -1.63086E+01  2.13854E-28  1.41791E+06  2.00000E-03  1.63662E+01
 -1.62150E+01  2.13833E-28  1.41782E+06  2.00000E-03  1.62156E+01
 -1.61214E+01  2.13819E-28  1.41776E+06  2.00000E-03  1.61133E+01
 -1.60279E+01  2.13819E-28  1.41776E+06  2.00000E-03  1.61133E+01
 -1.59343E+01  2.13806E-28  1.41770E+06  2.00000E-03  1.61357E+01
 -1.58407E+01  2.13736E-28  1.41748E+06  2.00000E-03  1.58633E+01
 -1.57471E+01  2.13693E-28  1.41736E+06  2.00000E-03  1.56242E+01
 -1.56535E+01  2.13693E-28  1.41736E+06  2.00000E-03  1.56496E+01
 -1.55600E+01  2.13693E-28  1.41736E+06  2.00000E-03  1.56496E+01
 -1.54664E+01  2.13637E-28  1.41684E+06  2.00000E-03  1.52429E+01
 -1.53728E+01  2.13598E-28  1.41636E+06  2.00000E-03  1.48793E+01
 -1.52792E+01  2.13616E-28  1.41644E+06  2.00000E-03  1.49767E+01
 -1.51856E+01  2.13616E-28  1.41644E+06  2.00000E-03  1.49767E+01
 -1.50921E+01  2.13249E-28  1.41712E+06  2.00000E-03  1.43322E+01
 -1.49985E+01  2.12776E-28  1.41800E+06  2.00000E-03  1.34962E+01
 -1.49049E+01  2.12776E-28  1.41800E+06  2.00000E-03  1.34962E+01
 -1.48113E+01  2.12776E-28  1.41800E+06  2.00000E-03  1.34962E+01
 -1.47177E+01  2.23293E-28  1.35183E+06  1.97448E-03  1.33315E+01
 -1.46242E+01  2.50227E-28  1.20772E+06  1.91891E-03  1.29728E+01
 -1.45306E+01  2.50227E-28  1.20772E+06  1.91891E-03  1.29728E+01
 -1.44370E+01  2.50227E-28  1.20772E+06  1.91891E-03  1.29728E+01
 -1.43434E+01  3.08831E-28  9.72760E+05  1.79566E-03  1.34966E+01
 -1.42498E+01  4.05318E-28  7.33936E+05  1.67039E-03  1.40291E+01
 -1.41563E+01  4.05318E-28  7.33936E+05  1.67039E-03  1.40291E+01
 -1.40627E+01  4.05318E-28  7.33936E+05  1.67039E-03  1.40291E+01
 -1.39691E+01  4.11425E-28  7.27174E+05  1.65417E-03  1.33053E+01
 -1.38755E+01  4.20330E-28  7.17666E+05  1.63138E-03  1.22875E+01
 -1.37819E+01  3.92208E-28  7.68757E+05  1.65879E-03  1.21170E+01
 -1.36884E+01  3.26030E-28  9.23759E+05  1.74196E-03  1.15998E+01
 -1.35948E+01  3.09596E-28  9.73076E+05  1.76910E-03  1.15069E+01
 -1.35012E+01  2.58607E-28  1.16599E+06  1.87526E-03  1.11435E+01
 -1.34076E+01  2.52789E-28  1.19334E+06  1.89069E-03  1.12806E+01
 -1.33140E+01  2.35122E-28  1.28479E+06  1.94297E-03  1.18176E+01
 -1.32205E+01  2.33819E-28  1.29252E+06  1.94555E-03  1.20948E+01
 -1.31269E+01  2.30130E-28  1.31501E+06  1.95204E-03  1.29839E+01
 -1.30333E+01  2.31598E-28  1.30721E+06  1.94587E-03  1.34039E+01
 -1.29397E+01  2.33699E-28  1.29674E+06  1.93518E-03  1.43084E+01
 -1.28461E+01  2.33609E-28  1.29756E+06  1.93414E-03  1.46196E+01
 -1.27526E+01  2.33585E-28  1.29872E+06  1.92931E-03  1.56101E+01
 -1.26590E+01  2.33879E-28  1.29716E+06  1.92681E-03  1.57967E+01
 -1.25654E+01  2.28441E-28  1.32863E+06  1.93921E-03  1.70459E+01
 -1.24718E+01  2.27409E-28  1.33467E+06  1.94301E-03  1.73034E+01
 -1.23782E+01  2.21601E-28  1.36969E+06  1.96505E-03  1.87978E+01
 -1.22847E+01  2.20690E-28  1.37504E+06  1.96925E-03  1.92738E+01
 -1.21911E+01  2.16838E-28  1.39759E+06  1.98742E-03  2.15082E+01
 -1.20975E+01  2.16616E-28  1.39876E+06  1.98826E-03  2.17055E+01
 -1.20039E+01  2.14791E-28  1.40914E+06  1.99465E-03  2.30838E+01
 -1.19103E+01  2.14711E-28  1.40949E+06  1.99488E-03  2.32039E+01
 -1.18168E+01  2.13877E-28  1.41322E+06  1.99743E-03  2.45228E+01
 -1.17232E+01  2.13738E-28  1.41336E+06  1.99769E-03  2.45997E+01
 -1.16296E+01  2.13142E-28  1.41442E+06  1.99892E-03  2.58255E+01
 -1.15360E+01  2.13099E-28  1.41442E+06  1.99899E-03  2.59403E+01
 -1.14424E+01  2.12654E-28  1.41378E+06  1.99961E-03  2.69814E+01
 -1.13489E+01  2.12570E-28  1.41353E+06  1.99968E-03  2.68992E+01
 -1.12553E+01  2.12283E-28  1.41219E+06  1.99990E-03  2.77611E+01
 -1.11617E+01  2.12185E-28  1.41156E+06  1.99993E-03  2.77645E+01
 -1.10681E+01  2.11959E-28  1.41014E+06  1.99998E-03  2.84477E+01
 -1.09745E+01  2.11951E-28  1.41008E+06  1.99998E-03  2.85016E+01
 -1.08810E+01  2.11843E-28  1.40933E+06  2.00000E-03  2.92429E+01
 -1.07874E+01  2.11728E-28  1.40877E+06  2.00000E-03  2.91980E+01
 -1.06938E+01  2.11425E-28  1.40737E+06  2.00000E-03  2.97843E+01
 -1.06002E+01  2.11223E-28  1.40655E+06  2.00000E-03  2.95617E+01
 -1.05066E+01  2.10819E-28  1.40347E+06  1.99998E-03  3.08821E+01
 -1.04131E+01  2.10778E-28  1.40309E+06  1.99998E-03  3.10392E+01
 -1.03195E+01  2.09768E-28  1.40600E+06  1.99991E-03  3.30654E+01
 -1.02259E+01  2.09373E-28  1.40667E+06  1.99988E-03  3.30549E+01
 -1.01323E+01  2.08847E-28  1.38331E+06  1.98922E-03  3.34699E+01
 -1.00387E+01  2.08905E-28  1.38027E+06  1.98781E-03  3.35432E+01
 -9.94516E+00  2.45374E-28  1.17361E+06  1.90593E-03  2.83236E+01
 -9.85158E+00  2.52724E-28  1.13917E+06  1.89232E-03  2.74669E+01
 -9.75800E+00  4.59183E-28  6.34361E+05  1.61869E-03  1.68895E+01
 -9.66442E+00  4.94484E-28  5.90207E+05  1.59469E-03  1.59922E+01
 -9.57084E+00  1.60039E-27  1.77291E+05  1.36493E-03  3.41488E+00
 -9.47726E+00  1.84664E-27  1.54241E+05  1.35330E-03  1.59560E+00
 -9.38368E+00  1.74530E-27  1.65588E+05  1.39067E-03 -7.26580E+00
 -9.29010E+00  1.61501E-27  1.79419E+05  1.40079E-03 -9.71274E+00
 -9.19652E+00  6.75589E-28  4.36605E+05  1.51183E-03 -1.57057E+01
 -9.10294E+00  4.31233E-28  6.78789E+05  1.61080E-03 -1.96196E+01
 -9.00936E+00  7.49845E-28  3.81134E+05  1.47609E-03 -1.41447E+01
 -8.91578E+00  1.70837E-27  1.59669E+05  1.37695E-03 -9.39309E+00
 -8.82220E+00  2.29328E-27  1.23682E+05  1.35967E-03 -9.82940E+00
 -8.72862E+00  2.42272E-27  1.21029E+05  1.35734E-03 -7.32807E+00
 -8.63504E+00  2.19637E-27  1.36468E+05  1.36989E-03 -4.36869E+00
 -8.54146E+00  2.14912E-27  1.40744E+05  1.37921E-03 -2.19682E+00
 -8.44788E+00  2.10854E-27  1.43968E+05  1.38548E-03  2.17397E-01
 -8.35430E+00  1.99963E-27  1.49406E+05  1.39072E-03  2.70812E+00
 -8.26072E+00  1.45186E-27  2.02426E+05  1.40769E-03  4.63331E+00
 -8.16714E+00  6.94283E-28  4.25405E+05  1.49546E-03  1.20750E+01
 -8.07356E+00  3.40562E-28  8.75660E+05  1.69388E-03  2.16109E+01
 -7.97998E+00  2.53401E-28  1.18608E+06  1.85664E-03  2.74154E+01
 -7.88640E+00  2.34515E-28  1.28808E+06  1.91700E-03  3.10056E+01
 -7.79282E+00  2.28924E-28  1.31637E+06  1.93815E-03  3.66195E+01
 -7.69924E+00  2.32191E-28  1.28942E+06  1.92633E-03  3.99830E+01
 -7.60567E+00  2.44263E-28  1.21348E+06  1.89389E-03  4.24528E+01
 -7.51208E+00  2.47084E-28  1.19316E+06  1.90568E-03  4.68588E+01
 -7.41851E+00  2.97003E-28  9.85336E+05  1.82782E-03  5.17175E+01
 -7.32493E+00  4.15922E-28  6.93493E+05  1.66712E-03  5.55013E+01
 -7.23135E+00  5.26249E-28  5.34997E+05  1.55866E-03  5.92716E+01
 -7.13777E+00  5.35014E-28  5.10515E+05  1.53136E-03  6.30191E+01
 -7.04419E+00  4.80571E-28  5.48406E+05  1.55083E-03  6.46797E+01
 -6.95061E+00  4.37042E-28  5.74352E+05  1.56756E-03  6.35014E+01
 -6.85703E+00  4.20862E-28  5.81669E+05  1.56334E-03  6.21974E+01
 -6.76345E+00  3.79605E-28  6.11012E+05  1.56943E-03  5.77157E+01
 -6.66987E+00  3.73467E-28  5.82893E+05  1.56836E-03  5.12957E+01
 -6.57629E+00  3.87730E-28  5.34455E+05  1.55493E-03  4.54472E+01
 -6.48271E+00  4.22121E-28  4.69743E+05  1.51532E-03  3.95093E+01
 -6.38913E+00  5.04247E-28  3.98470E+05  1.47034E-03  3.25068E+01
 -6.29555E+00  5.83786E-28  3.65269E+05  1.44527E-03  3.15681E+01
 -6.20197E+00  6.84352E-28  3.33734E+05  1.41669E-03  3.66442E+01
 -6.10839E+00  7.88375E-28  3.05389E+05  1.39806E-03  4.32653E+01
 -6.01481E+00  7.71797E-28  3.12416E+05  1.40244E-03  5.11083E+01
 -5.92123E+00  7.19481E-28  3.25800E+05  1.42007E-03  6.19339E+01
 -5.82765E+00  6.34353E-28  3.52639E+05  1.45300E-03  7.33818E+01
 -5.73407E+00  5.76285E-28  3.71347E+05  1.48815E-03  8.33083E+01
 -5.64049E+00  5.59278E-28  3.57352E+05  1.51166E-03  9.16153E+01
 -5.54691E+00  6.27707E-28  2.83419E+05  1.49843E-03  9.58909E+01
 -5.45333E+00  7.03774E-28  2.33738E+05  1.47537E-03  9.43890E+01
 -5.35975E+00  7.09476E-28  2.34843E+05  1.46956E-03  9.19933E+01
 -5.26617E+00  6.88336E-28  2.57399E+05  1.47327E-03  8.67793E+01
 -5.17259E+00  7.15002E-28  2.56037E+05  1.45842E-03  7.93246E+01
 -5.07901E+00  8.32365E-28  2.15829E+05  1.41998E-03  7.01500E+01
 -4.98543E+00  1.12067E-27  1.44025E+05  1.36780E-03  5.75598E+01
 -4.89185E+00  1.39061E-27  1.06479E+05  1.34728E-03  5.25152E+01
 -4.79827E+00  1.59360E-27  9.53998E+04  1.34212E-03  5.08301E+01
 -4.70469E+00  1.66805E-27  9.43689E+04  1.34289E-03  5.48660E+01
 -4.61111E+00  1.67123E-27  9.74334E+04  1.34471E-03  5.89055E+01
 -4.51753E+00  1.73421E-27  1.00690E+05  1.34470E-03  6.20438E+01
 -4.42395E+00  2.14455E-27  1.02338E+05  1.33792E-03  6.02219E+01
 -4.33037E+00  2.27019E-27  1.02361E+05  1.33383E-03  6.04789E+01
 -4.23679E+00  2.03323E-27  1.01249E+05  1.33186E-03  6.32918E+01
 -4.14321E+00  1.54689E-27  1.26911E+05  1.33530E-03  6.22586E+01
 -4.04963E+00  1.47433E-27  1.29145E+05  1.34150E-03  5.65481E+01
 -3.95605E+00  1.65389E-27  1.04847E+05  1.34584E-03  4.90432E+01
 -3.86247E+00  1.35485E-27  1.09599E+05  1.34838E-03  4.44338E+01
 -3.76889E+00  1.96347E-27  6.67924E+04  1.31460E-03  4.47788E+01
 -3.67531E+00  2.48048E-27  5.24247E+04  1.31016E-03  4.37282E+01
 -3.58173E+00  2.02128E-27  6.74676E+04  1.32559E-03  4.16463E+01
 -3.48815E+00  1.24006E-27  1.16111E+05  1.35120E-03  3.86346E+01
 -3.39457E+00  1.19046E-27  1.26053E+05  1.35056E-03  3.96972E+01
 -3.30099E+00  1.20671E-27  1.27471E+05  1.35527E-03  4.12181E+01
 -3.20741E+00  8.31790E-28  1.97779E+05  1.40171E-03  4.26091E+01
 -3.11383E+00  8.65651E-28  2.02940E+05  1.40123E-03  4.84276E+01
 -3.02025E+00  1.25570E-27  1.29102E+05  1.36337E-03  5.78298E+01
 -2.92667E+00  1.29424E-27  1.11345E+05  1.35783E-03  6.04377E+01
 -2.83309E+00  9.91659E-28  1.59453E+05  1.37989E-03  4.99722E+01
 -2.73951E+00  1.81399E-27  8.78705E+04  1.30665E-03  2.50662E+01
 -2.64593E+00  5.30625E-27  2.61662E+04  1.26986E-03  1.36236E+01
 -2.55235E+00  7.07628E-27  1.80849E+04  1.26880E-03  1.05750E+01
 -2.45877E+00  6.98978E-27  1.77742E+04  1.27287E-03  9.69576E+00
 -2.36519E+00  4.07914E-27  2.66637E+04  1.28131E-03  7.84572E+00
 -2.27161E+00  2.23982E-27  4.34234E+04  1.28940E-03  8.65773E+00
 -2.17803E+00  2.10357E-27  5.00069E+04  1.29237E-03  1.19785E+01
 -2.08445E+00  2.25649E-27  5.14282E+04  1.29519E-03  1.10521E+01
 -1.99087E+00  3.16577E-27  3.99924E+04  1.29041E-03  1.35885E+01
 -1.89729E+00  5.29064E-27  2.50570E+04  1.27987E-03  1.85357E+01
 -1.80371E+00  5.92289E-27  2.03314E+04  1.27798E-03  2.21225E+01
 -1.71013E+00  6.09535E-27  1.85226E+04  1.28066E-03  2.58226E+01
 -1.61655E+00  8.06291E-27  1.46417E+04  1.27266E-03  2.86134E+01
 -1.52297E+00  9.52956E-27  1.36207E+04  1.26378E-03  2.79058E+01
 -1.42939E+00  1.07878E-26  1.38538E+04  1.26129E-03  2.54056E+01
 -1.33581E+00  1.39845E-26  1.39763E+04  1.25260E-03  2.49072E+01
 -1.24223E+00  1.83113E-26  1.39986E+04  1.24193E-03  2.79585E+01
 -1.14866E+00  1.91963E-26  1.40261E+04  1.23867E-03  3.04222E+01
 -1.05508E+00  1.71045E-26  1.39689E+04  1.23722E-03  3.27253E+01
 -9.61495E-01  1.45536E-26  1.39808E+04  1.23566E-03  3.50282E+01
 -8.67915E-01  1.40183E-26  1.41103E+04  1.23740E-03  3.50321E+01
 -7.74336E-01  1.52416E-26  1.39970E+04  1.24315E-03  3.28689E+01
 -6.80756E-01  1.56855E-26  1.37741E+04  1.25023E-03  3.06805E+01
 -5.87176E-01  1.52654E-26  1.36784E+04  1.25500E-03  2.96514E+01
 -4.93596E-01  1.63678E-26  1.37896E+04  1.26334E-03  2.76665E+01
 -4.00016E-01  1.78284E-26  1.38386E+04  1.27083E-03  2.36299E+01
 -3.06436E-01  1.66908E-26  1.38543E+04  1.26827E-03  2.00639E+01
 -2.12856E-01  1.63219E-26  1.36712E+04  1.26808E-03  2.07834E+01
 -1.19277E-01  1.49521E-26  1.35643E+04  1.27554E-03  2.40911E+01
 -2.56968E-02  1.36174E-26  1.35804E+04  1.27808E-03  2.45920E+01
  6.78831E-02  1.45344E-26  1.36999E+04  1.27745E-03  2.17925E+01
  1.61463E-01  1.73985E-26  1.36672E+04  1.27661E-03  2.14747E+01
  2.55043E-01  1.73761E-26  1.50265E+04  1.28009E-03  2.64349E+01
  3.48623E-01  9.06747E-27  2.38146E+04  1.29595E-03  3.23389E+01
  4.42203E-01  2.94677E-27  6.24611E+04  1.33412E-03  3.69385E+01
  5.35782E-01  1.81215E-27  9.77830E+04  1.36017E-03  3.53015E+01
  6.29362E-01  4.97765E-27  3.45448E+04  1.29625E-03  3.12285E+01
  7.22942E-01  1.00338E-26  1.50784E+04  1.26355E-03  2.75797E+01
  8.16522E-01  1.07720E-26  1.37383E+04  1.25592E-03  2.45891E+01
  9.10102E-01  1.00864E-26  1.48033E+04  1.24484E-03  1.93826E+01
  1.00368E+00  9.59338E-27  1.49362E+04  1.25402E-03  1.54147E+01
  1.09726E+00  1.03318E-26  1.41693E+04  1.26110E-03  1.99709E+01
  1.19084E+00  7.79688E-27  1.32370E+04  1.26004E-03  2.57288E+01
  1.28442E+00  7.17345E-27  1.41013E+04  1.26878E-03  2.41665E+01
  1.37800E+00  4.99513E-27  2.56641E+04  1.29744E-03  1.43009E+01
  1.47158E+00  5.47088E-27  2.47132E+04  1.29409E-03  5.20615E+00
  1.56516E+00  7.70541E-27  1.86122E+04  1.27646E-03  7.48416E+00
  1.65874E+00  8.55785E-27  1.51334E+04  1.26565E-03  1.10065E+01
  1.75232E+00  8.09801E-27  1.37945E+04  1.26081E-03  1.30587E+01
  1.84590E+00  7.83440E-27  1.36054E+04  1.26105E-03  1.37965E+01
  1.93948E+00  7.66189E-27  1.36178E+04  1.26061E-03  1.49937E+01
  2.03306E+00  7.56860E-27  1.36373E+04  1.25615E-03  1.67275E+01
  2.12664E+00  8.00044E-27  1.37658E+04  1.25366E-03  1.86381E+01
  2.22022E+00  9.25079E-27  1.39805E+04  1.25676E-03  1.91238E+01
  2.31380E+00  1.16501E-26  1.40953E+04  1.26491E-03  1.96243E+01
  2.40738E+00  1.44395E-26  1.42957E+04  1.26414E-03  2.13789E+01
  2.50096E+00  1.67960E-26  1.45532E+04  1.25528E-03  2.29199E+01
  2.59454E+00  1.80005E-26  1.47238E+04  1.24962E-03  2.33760E+01
  2.68812E+00  1.66363E-26  1.59469E+04  1.24706E-03  2.24993E+01
  2.78170E+00  8.37724E-27  2.48255E+04  1.25226E-03  1.91627E+01
  2.87528E+00  6.28030E-27  2.32915E+04  1.23924E-03  1.36133E+01
  2.96886E+00  8.60740E-27  1.55805E+04  1.22628E-03  1.58446E+01
  3.06244E+00  9.68335E-27  1.42001E+04  1.22122E-03  1.88995E+01
  3.15602E+00  9.67461E-27  1.43143E+04  1.21975E-03  2.02869E+01
  3.24960E+00  1.03229E-26  1.44081E+04  1.21969E-03  1.90105E+01
  3.34318E+00  1.21467E-26  1.47774E+04  1.22622E-03  1.64462E+01
  3.43676E+00  1.09084E-26  1.76613E+04  1.24544E-03  1.44884E+01
  3.53034E+00  1.17145E-26  1.58064E+04  1.24808E-03  1.18532E+01
  3.62392E+00  6.09743E-27  2.99260E+04  1.26748E-03  1.17933E+01
  3.71750E+00  2.57288E-27  7.39407E+04  1.31409E-03  1.76545E+01
  3.81108E+00  1.92631E-27  1.12293E+05  1.34152E-03  1.52550E+01
  3.90466E+00  1.20838E-27  2.00177E+05  1.38314E-03  9.19302E+00
  3.99824E+00  1.35170E-27  1.88791E+05  1.37731E-03  4.79991E+00
  4.09182E+00  1.82437E-27  1.37750E+05  1.36147E-03  2.42986E+00
  4.18540E+00  1.86712E-27  1.26220E+05  1.36470E-03  4.36831E+00
  4.27898E+00  1.65499E-27  1.30112E+05  1.37029E-03  7.95330E+00
  4.37256E+00  4.88224E-27  4.31275E+04  1.31923E-03  2.79229E+00
  4.46614E+00  1.41365E-26  1.63385E+04  1.27094E-03 -3.35215E+00
  4.55972E+00  1.35905E-26  1.45137E+04  1.24884E-03 -7.36490E+00
  4.65330E+00  9.82602E-27  1.43893E+04  1.24247E-03 -9.57465E+00
  4.74688E+00  8.39923E-27  1.40691E+04  1.24243E-03 -6.91114E+00
  4.84046E+00  7.42030E-27  1.38720E+04  1.24267E-03 -3.75832E+00
  4.93404E+00  6.36200E-27  1.45900E+04  1.24783E-03  1.53364E+00
  5.02762E+00  5.03795E-27  1.75889E+04  1.26063E-03  8.01837E+00
  5.12120E+00  3.68570E-27  2.38931E+04  1.28199E-03  1.48908E+01
  5.21478E+00  2.66120E-27  3.48875E+04  1.30906E-03  2.04579E+01
  5.30835E+00  1.91993E-27  5.42283E+04  1.33984E-03  2.44848E+01
  5.40193E+00  1.73395E-27  6.69218E+04  1.36303E-03  2.53855E+01
  5.49551E+00  1.99895E-27  6.57478E+04  1.36968E-03  2.71902E+01
  5.58909E+00  3.22728E-27  4.36842E+04  1.34239E-03  2.66390E+01
  5.68267E+00  4.18252E-27  3.76806E+04  1.32491E-03  2.59428E+01
  5.77625E+00  3.23591E-27  5.21120E+04  1.33025E-03  2.64211E+01
  5.86983E+00  1.88685E-27  9.29061E+04  1.35565E-03  3.09314E+01
  5.96341E+00  1.13254E-27  1.57703E+05  1.38150E-03  3.81384E+01
  6.05699E+00  9.79499E-28  1.81737E+05  1.38718E-03  3.96612E+01
  6.15057E+00  8.91354E-28  2.00789E+05  1.39195E-03  3.75865E+01
  6.24415E+00  8.45496E-28  2.15800E+05  1.39467E-03  3.21650E+01
  6.33773E+00  8.00146E-28  2.35786E+05  1.40164E-03  2.75627E+01
  6.43131E+00  8.45796E-28  2.28175E+05  1.40062E-03  2.45975E+01
  6.52489E+00  8.62442E-28  2.26618E+05  1.39681E-03  2.42579E+01
  6.61847E+00  9.23190E-28  2.14171E+05  1.39378E-03  2.39116E+01
  6.71205E+00  2.28373E-27  8.51230E+04  1.32506E-03  2.10712E+01
  6.80563E+00  6.28621E-27  3.02662E+04  1.29527E-03  1.84891E+01
  6.89921E+00  6.77795E-27  2.83885E+04  1.29126E-03  1.57550E+01
  6.99279E+00  7.35784E-27  2.88013E+04  1.29376E-03  1.12755E+01
  7.08637E+00  2.60048E-27  9.49092E+04  1.32601E-03 -6.57043E-01
  7.17995E+00  9.19815E-28  2.84675E+05  1.42333E-03 -1.37016E+01
  7.27353E+00  6.35095E-28  4.03912E+05  1.51677E-03 -2.02925E+01
  7.36711E+00  7.30446E-28  3.17089E+05  1.46487E-03 -1.61383E+01
  7.46069E+00  1.06616E-27  2.03778E+05  1.37785E-03 -9.35271E+00
  7.55427E+00  1.31362E-27  1.55147E+05  1.34760E-03 -3.45978E+00
  7.64785E+00  1.52882E-27  1.24988E+05  1.32884E-03  3.99255E-01
  7.74143E+00  1.83949E-27  9.07842E+04  1.30611E-03  2.89379E+00
  7.83501E+00  2.57520E-27  5.73270E+04  1.28610E-03  1.00262E+00
  7.92859E+00  3.60566E-27  3.82186E+04  1.27134E-03  2.97007E-01
  8.02217E+00  5.69123E-27  2.59181E+04  1.25512E-03  7.13605E+00
  8.11575E+00  4.70374E-27  3.89427E+04  1.25837E-03  1.02238E+01
  8.20933E+00  2.89084E-27  7.65754E+04  1.26835E-03  1.20035E+01
  8.30291E+00  1.58688E-27  1.54890E+05  1.30047E-03  1.37979E+01
  8.39649E+00  1.05484E-27  2.44072E+05  1.35236E-03  1.65206E+01
  8.49007E+00  6.89404E-28  3.80970E+05  1.43264E-03  2.09761E+01
  8.58365E+00  5.51513E-28  4.76619E+05  1.49228E-03  2.80294E+01
  8.67723E+00  3.93552E-28  6.58324E+05  1.61746E-03  3.33951E+01
  8.77081E+00  3.38581E-28  7.53112E+05  1.67046E-03  3.42563E+01
  8.86439E+00  3.37287E-28  7.49627E+05  1.65088E-03  3.29004E+01
  8.95797E+00  3.81268E-28  6.63629E+05  1.58737E-03  2.98990E+01
  9.05155E+00  4.82679E-28  5.25039E+05  1.52205E-03  2.47652E+01
  9.14513E+00  1.07004E-27  2.42510E+05  1.34568E-03  2.25797E+01
  9.23871E+00  2.86609E-27  9.25624E+04  1.24949E-03  2.13645E+01
  9.33229E+00  2.96389E-27  9.36098E+04  1.25841E-03  1.75690E+01
  9.42587E+00  2.42655E-27  1.16751E+05  1.27691E-03  1.58143E+01
  9.51945E+00  1.04173E-27  2.78711E+05  1.38116E-03  1.26809E+01
  9.61303E+00  3.70179E-28  7.93028E+05  1.71064E-03  2.26986E+00
  9.70661E+00  2.90413E-28  1.00839E+06  1.81431E-03 -4.43603E+00
  9.80019E+00  2.47800E-28  1.18037E+06  1.89690E-03 -9.84505E+00
  9.89377E+00  2.31927E-28  1.26843E+06  1.93550E-03 -1.45871E+01
  9.98735E+00  2.27411E-28  1.29418E+06  1.94480E-03 -1.77730E+01
  1.00809E+01  2.20993E-28  1.34037E+06  1.96588E-03 -1.78780E+01
  1.01745E+01  2.11960E-28  1.40721E+06  1.99735E-03 -1.81175E+01
  1.02681E+01  2.12443E-28  1.41132E+06  1.99869E-03 -1.69774E+01
  1.03617E+01  2.12807E-28  1.41471E+06  1.99976E-03 -1.61195E+01
  1.04552E+01  2.13099E-28  1.41564E+06  1.99984E-03 -1.50711E+01
  1.05488E+01  2.13646E-28  1.41741E+06  1.99997E-03 -1.37473E+01
  1.06424E+01  2.13871E-28  1.41823E+06  1.99998E-03 -1.34592E+01
  1.07360E+01  2.14098E-28  1.41909E+06  2.00000E-03 -1.30927E+01
  1.08296E+01  2.14190E-28  1.41957E+06  2.00000E-03 -1.30110E+01
  1.09231E+01  2.14261E-28  1.41997E+06  2.00000E-03 -1.29399E+01
  1.10167E+01  2.14246E-28  1.41989E+06  2.00000E-03 -1.29398E+01
  1.11103E+01  2.14239E-28  1.41984E+06  2.00000E-03 -1.29477E+01
  1.12039E+01  2.14285E-28  1.42004E+06  2.00000E-03 -1.28974E+01
  1.12975E+01  2.14323E-28  1.42020E+06  2.00000E-03 -1.27457E+01
  1.13910E+01  2.14415E-28  1.42061E+06  2.00000E-03 -1.27231E+01
  1.14846E+01  2.14525E-28  1.42110E+06  2.00000E-03 -1.26925E+01
  1.15782E+01  2.14603E-28  1.42144E+06  2.00000E-03 -1.25712E+01
  1.16718E+01  2.14758E-28  1.42212E+06  2.00000E-03 -1.23984E+01
  1.17654E+01  2.14893E-28  1.42271E+06  2.00000E-03 -1.23286E+01
  1.18589E+01  2.15108E-28  1.42366E+06  2.00000E-03 -1.21564E+01
  1.19525E+01  2.15256E-28  1.42431E+06  2.00000E-03 -1.19578E+01
  1.20461E+01  2.15471E-28  1.42526E+06  2.00000E-03 -1.17741E+01
  1.21397E+01  2.15571E-28  1.42570E+06  2.00000E-03 -1.15850E+01
  1.22333E+01  2.15816E-28  1.42677E+06  2.00000E-03 -1.14368E+01
  1.23268E+01  2.15953E-28  1.42737E+06  2.00000E-03 -1.13449E+01
  1.24204E+01  2.16195E-28  1.42844E+06  2.00000E-03 -1.11503E+01
  1.25140E+01  2.16288E-28  1.42885E+06  2.00000E-03 -1.09792E+01
  1.26076E+01  2.16555E-28  1.43002E+06  2.00000E-03 -1.07886E+01
  1.27012E+01  2.16618E-28  1.43029E+06  2.00000E-03 -1.07240E+01
  1.27947E+01  2.16869E-28  1.43139E+06  2.00000E-03 -1.04629E+01
  1.28883E+01  2.16923E-28  1.43163E+06  2.00000E-03 -1.03671E+01
  1.29819E+01  2.17123E-28  1.43250E+06  2.00000E-03 -1.01935E+01
  1.30755E+01  2.17138E-28  1.43257E+06  2.00000E-03 -1.01349E+01
  1.31691E+01  2.17238E-28  1.43300E+06  2.00000E-03 -9.93467E+00
  1.32626E+01  2.17258E-28  1.43309E+06  2.00000E-03 -9.90414E+00
  1.33562E+01  2.17342E-28  1.43345E+06  2.00000E-03 -9.78009E+00
  1.34498E+01  2.17352E-28  1.43349E+06  2.00000E-03 -9.75393E+00
  1.35434E+01  2.17392E-28  1.43366E+06  2.00000E-03 -9.64364E+00
  1.36370E+01  2.17397E-28  1.43369E+06  2.00000E-03 -9.61617E+00
  1.37305E+01  2.17418E-28  1.43377E+06  2.00000E-03 -9.49998E+00
  1.38241E+01  2.17349E-28  1.43347E+06  2.00000E-03 -9.44398E+00
  1.39177E+01  2.17399E-28  1.43367E+06  2.00000E-03 -9.29428E+00
  1.40113E+01  2.17387E-28  1.43362E+06  2.00000E-03 -9.24084E+00
  1.41049E+01  2.17555E-28  1.43435E+06  2.00000E-03 -9.00098E+00
  1.41984E+01  2.17555E-28  1.43435E+06  2.00000E-03 -9.00099E+00
  1.42920E+01  2.17555E-28  1.43435E+06  2.00000E-03 -9.00098E+00
  1.43856E+01  2.17574E-28  1.43443E+06  2.00000E-03 -8.96225E+00
  1.44792E+01  2.17781E-28  1.43531E+06  2.00000E-03 -8.53357E+00
  1.45728E+01  2.17781E-28  1.43531E+06  2.00000E-03 -8.53357E+00
  1.46663E+01  2.17781E-28  1.43531E+06  2.00000E-03 -8.53357E+00
  1.47599E+01  2.17793E-28  1.43537E+06  2.00000E-03 -8.50580E+00
  1.48535E+01  2.17975E-28  1.43615E+06  2.00000E-03 -8.09684E+00
  1.49471E+01  2.17978E-28  1.43616E+06  2.00000E-03 -8.09049E+00
  1.50407E+01  2.17978E-28  1.43616E+06  2.00000E-03 -8.09049E+00
  1.51342E+01  2.17957E-28  1.43607E+06  2.00000E-03 -8.01338E+00
  1.52278E+01  2.18098E-28  1.43666E+06  2.00000E-03 -7.60668E+00
  1.53214E+01  2.18103E-28  1.43668E+06  2.00000E-03 -7.59191E+00
  1.54150E+01  2.18103E-28  1.43668E+06  2.00000E-03 -7.59191E+00
  1.55086E+01  2.18104E-28  1.43669E+06  2.00000E-03 -7.58472E+00
  1.56021E+01  2.18214E-28  1.43715E+06  2.00000E-03 -7.24813E+00
  1.56957E+01  2.18184E-28  1.43702E+06  2.00000E-03 -7.20295E+00
  1.57893E+01  2.18184E-28  1.43702E+06  2.00000E-03 -7.20295E+00
  1.58829E+01  2.18184E-28  1.43702E+06  2.00000E-03 -7.20295E+00
  1.59765E+01  2.18244E-28  1.43726E+06  2.00000E-03 -6.99247E+00
  1.60700E+01  2.18252E-28  1.43729E+06  2.00000E-03 -6.96478E+00
  1.61636E+01  2.18252E-28  1.43729E+06  2.00000E-03 -6.96478E+00
  1.62572E+01  2.18252E-28  1.43729E+06  2.00000E-03 -6.96478E+00
  1.63508E+01  2.18242E-28  1.43723E+06  2.00000E-03 -6.82775E+00
  1.64444E+01  2.18240E-28  1.43722E+06  2.00000E-03 -6.81055E+00
  1.65379E+01  2.18240E-28  1.43722E+06  2.00000E-03 -6.81055E+00
  1.66315E+01  2.18240E-28  1.43722E+06  2.00000E-03 -6.81055E+00
  1.67251E+01  2.18179E-28  1.43694E+06  2.00000E-03 -6.72734E+00
  1.68187E+01  2.18167E-28  1.43688E+06  2.00000E-03 -6.71129E+00
  1.69123E+01  2.18167E-28  1.43688E+06  2.00000E-03 -6.71129E+00
  1.70058E+01  2.18167E-28  1.43688E+06  2.00000E-03 -6.71129E+00
  1.70994E+01  2.18096E-28  1.43657E+06  2.00000E-03 -6.64098E+00
  1.71930E+01  2.18072E-28  1.43646E+06  2.00000E-03 -6.61693E+00
  1.72866E+01  2.18072E-28  1.43646E+06  2.00000E-03 -6.61693E+00
  1.73802E+01  2.18072E-28  1.43646E+06  2.00000E-03 -6.61693E+00
  1.74737E+01  2.18017E-28  1.43621E+06  2.00000E-03 -6.52636E+00
  1.75673E+01  2.17990E-28  1.43609E+06  2.00000E-03 -6.49973E+00
  1.76609E+01  2.17956E-28  1.43594E+06  2.00000E-03 -6.53093E+00
  1.77545E+01  2.17940E-28  1.43587E+06  2.00000E-03 -6.54880E+00
  1.78481E+01  2.17931E-28  1.43583E+06  2.00000E-03 -6.45323E+00
  1.79416E+01  2.17931E-28  1.43582E+06  2.00000E-03 -6.41241E+00
  1.80352E+01  2.17904E-28  1.43570E+06  2.00000E-03 -6.43986E+00
  1.81288E+01  2.17891E-28  1.43565E+06  2.00000E-03 -6.45089E+00
  1.82224E+01  2.17921E-28  1.43577E+06  2.00000E-03 -6.34844E+00
  1.83160E+01  2.17925E-28  1.43578E+06  2.00000E-03 -6.32580E+00
  1.84095E+01  2.17926E-28  1.43579E+06  2.00000E-03 -6.33127E+00
  1.85031E+01  2.17915E-28  1.43574E+06  2.00000E-03 -6.33844E+00
  1.85967E+01  2.17952E-28  1.43589E+06  2.00000E-03 -6.25534E+00
  1.86903E+01  2.17983E-28  1.43602E+06  2.00000E-03 -6.19372E+00
  1.87839E+01  2.17998E-28  1.43609E+06  2.00000E-03 -6.18420E+00
  1.88774E+01  2.17993E-28  1.43606E+06  2.00000E-03 -6.18760E+00
  1.89710E+01  2.18073E-28  1.43641E+06  2.00000E-03 -6.06982E+00
  1.90646E+01  2.18125E-28  1.43663E+06  2.00000E-03 -5.99869E+00
  1.91582E+01  2.18125E-28  1.43663E+06  2.00000E-03 -5.99869E+00
  1.92518E+01  2.18125E-28  1.43663E+06  2.00000E-03 -5.99869E+00
  1.93453E+01  2.18125E-28  1.43663E+06  2.00000E-03 -5.99869E+00
  1.94389E+01  2.18125E-28  1.43663E+06  2.00000E-03 -5.99870E+00
  1.95325E+01  2.18125E-28  1.43663E+06  2.00000E-03 -5.99869E+00
  1.96261E+01  2.18125E-28  1.43663E+06  2.00000E-03 -5.99870E+00
  1.97197E+01  2.18116E-28  1.43657E+06  2.00000E-03 -5.90746E+00
  1.98132E+01  2.18107E-28  1.43651E+06  2.00000E-03 -5.82093E+00
  1.99068E+01  2.18107E-28  1.43651E+06  2.00000E-03 -5.82093E+00
  2.00004E+01  2.18107E-28  1.43651E+06  2.00000E-03 -5.82093E+00
  2.00940E+01  2.18107E-28  1.43651E+06  2.00000E-03 -5.82093E+00
  2.01876E+01  2.18107E-28  1.43651E+06  2.00000E-03 -5.82093E+00
  2.02811E+01  2.18107E-28  1.43651E+06  2.00000E-03 -5.82093E+00
  2.03747E+01  2.18107E-28  1.43651E+06  2.00000E-03 -5.82093E+00
  2.04683E+01  2.18025E-28  1.43614E+06  2.00000E-03 -5.82760E+00
  2.05619E+01  2.17888E-28  1.43553E+06  2.00000E-03 -5.83891E+00
  2.06555E+01  2.17888E-28  1.43553E+06  2.00000E-03 -5.83891E+00
  2.07490E+01  2.17888E-28  1.43553E+06  2.00000E-03 -5.83891E+00
  2.08426E+01  2.17888E-28  1.43553E+06  2.00000E-03 -5.83891E+00
  2.09362E+01  2.17888E-28  1.43553E+06  2.00000E-03 -5.83891E+00
  2.10298E+01  2.17888E-28  1.43553E+06  2.00000E-03 -5.83891E+00
  2.11234E+01  2.17887E-28  1.43553E+06  2.00000E-03 -5.83891E+00
  2.12169E+01  2.17806E-28  1.43516E+06  2.00000E-03 -5.84784E+00
  2.13105E+01  2.17628E-28  1.43437E+06  2.00000E-03 -5.86748E+00
  2.14041E+01  2.17628E-28  1.43437E+06  2.00000E-03 -5.86748E+00
  2.14977E+01  2.17628E-28  1.43437E+06  2.00000E-03 -5.86748E+00
  2.15912E+01  2.17628E-28  1.43437E+06  2.00000E-03 -5.86748E+00
  2.16848E+01  2.17628E-28  1.43437E+06  2.00000E-03 -5.86748E+00
  2.17784E+01  2.17628E-28  1.43437E+06  2.00000E-03 -5.86748E+00
  2.18720E+01  2.17628E-28  1.43437E+06  2.00000E-03 -5.86748E+00
  2.19656E+01  2.17608E-28  1.43428E+06  2.00000E-03 -5.84221E+00
  2.20591E+01  2.17538E-28  1.43396E+06  2.00000E-03 -5.75633E+00
  2.21527E+01  2.17538E-28  1.43396E+06  2.00000E-03 -5.75633E+00
  2.22463E+01  2.17538E-28  1.43396E+06  2.00000E-03 -5.75633E+00
  2.23399E+01  2.17538E-28  1.43396E+06  2.00000E-03 -5.75633E+00
  2.24335E+01  2.17538E-28  1.43396E+06  2.00000E-03 -5.75633E+00
  2.25270E+01  2.17538E-28  1.43396E+06  2.00000E-03 -5.75633E+00
  2.26206E+01  2.17538E-28  1.43396E+06  2.00000E-03 -5.75633E+00
  2.27142E+01  2.17549E-28  1.43400E+06  2.00000E-03 -5.72065E+00
  2.28078E+01  2.17604E-28  1.43424E+06  2.00000E-03 -5.52850E+00
  2.29014E+01  2.17624E-28  1.43432E+06  2.00000E-03 -5.58702E+00
  2.29949E+01  2.17625E-28  1.43433E+06  2.00000E-03 -5.58830E+00
  2.30885E+01  2.17626E-28  1.43433E+06  2.00000E-03 -5.59134E+00
  2.31821E+01  2.17645E-28  1.43442E+06  2.00000E-03 -5.64763E+00
  2.32757E+01  2.17645E-28  1.43442E+06  2.00000E-03 -5.64789E+00
  2.33693E+01  2.17648E-28  1.43443E+06  2.00000E-03 -5.65584E+00
  2.34628E+01  2.17667E-28  1.43451E+06  2.00000E-03 -5.69911E+00
  2.35564E+01  2.17707E-28  1.43468E+06  2.00000E-03 -5.53127E+00
  2.36500E+01  2.17707E-28  1.43468E+06  2.00000E-03 -5.53127E+00
  2.37436E+01  2.17707E-28  1.43468E+06  2.00000E-03 -5.53127E+00
  2.38372E+01  2.17707E-28  1.43468E+06  2.00000E-03 -5.53127E+00
  2.39307E+01  2.17707E-28  1.43468E+06  2.00000E-03 -5.53127E+00
  2.40243E+01  2.17707E-28  1.43468E+06  2.00000E-03 -5.53127E+00
  2.41179E+01  2.17707E-28  1.43468E+06  2.00000E-03 -5.53127E+00
  2.42115E+01  2.17707E-28  1.43468E+06  2.00000E-03 -5.53127E+00
