 -2.48437E+01  2.17124E-28  1.43197E+06  2.00000E-03  1.42543E+00
 -2.47501E+01  2.17124E-28  1.43197E+06  2.00000E-03  1.42543E+00
 -2.46565E+01  2.17124E-28  1.43197E+06  2.00000E-03  1.42543E+00
 -2.45629E+01  2.17124E-28  1.43197E+06  2.00000E-03  1.42543E+00
 -2.44693E+01  2.17124E-28  1.43197E+06  2.00000E-03  1.42543E+00
 -2.43758E+01  2.17124E-28  1.43197E+06  2.00000E-03  1.42543E+00
 -2.42822E+01  2.17124E-28  1.43197E+06  2.00000E-03  1.42543E+00
 -2.41886E+01  2.17136E-28  1.43202E+06  2.00000E-03  1.41822E+00
 -2.40950E+01  2.17279E-28  1.43265E+06  2.00000E-03  1.33284E+00
 -2.40014E+01  2.17279E-28  1.43265E+06  2.00000E-03  1.33284E+00
 -2.39079E+01  2.17279E-28  1.43265E+06  2.00000E-03  1.33284E+00
 -2.38143E+01  2.17279E-28  1.43265E+06  2.00000E-03  1.33284E+00
 -2.37207E+01  2.17279E-28  1.43265E+06  2.00000E-03  1.33284E+00
 -2.36271E+01  2.17279E-28  1.43265E+06  2.00000E-03  1.33284E+00
 -2.35335E+01  2.17279E-28  1.43265E+06  2.00000E-03  1.33284E+00
 -2.34400E+01  2.17279E-28  1.43265E+06  2.00000E-03  1.33284E+00
 -2.33464E+01  2.17269E-28  1.43261E+06  2.00000E-03  1.36372E+00
 -2.32528E+01  2.17267E-28  1.43260E+06  2.00000E-03  1.37017E+00
 -2.31592E+01  2.17267E-28  1.43260E+06  2.00000E-03  1.37017E+00
 -2.30656E+01  2.17267E-28  1.43260E+06  2.00000E-03  1.37017E+00
 -2.29721E+01  2.17288E-28  1.43269E+06  2.00000E-03  1.35658E+00
 -2.28785E+01  2.17329E-28  1.43288E+06  2.00000E-03  1.33052E+00
 -2.27849E+01  2.17341E-28  1.43293E+06  2.00000E-03  1.32763E+00
 -2.26913E+01  2.17350E-28  1.43296E+06  2.00000E-03  1.32869E+00
 -2.25977E+01  2.17363E-28  1.43303E+06  2.00000E-03  1.35678E+00
 -2.25042E+01  2.17359E-28  1.43301E+06  2.00000E-03  1.39050E+00
 -2.24106E+01  2.17360E-28  1.43302E+06  2.00000E-03  1.39412E+00
 -2.23170E+01  2.17361E-28  1.43302E+06  2.00000E-03  1.40183E+00
 -2.22234E+01  2.17363E-28  1.43303E+06  2.00000E-03  1.40971E+00
 -2.21298E+01  2.17363E-28  1.43303E+06  2.00000E-03  1.40971E+00
 -2.20363E+01  2.17363E-28  1.43303E+06  2.00000E-03  1.40971E+00
 -2.19427E+01  2.17363E-28  1.43303E+06  2.00000E-03  1.40971E+00
 -2.18491E+01  2.17392E-28  1.43316E+06  2.00000E-03  1.40714E+00
 -2.17555E+01  2.17510E-28  1.43369E+06  2.00000E-03  1.39638E+00
 -2.16619E+01  2.17510E-28  1.43369E+06  2.00000E-03  1.39638E+00
 -2.15684E+01  2.17510E-28  1.43369E+06  2.00000E-03  1.39638E+00
 -2.14748E+01  2.17510E-28  1.43369E+06  2.00000E-03  1.39638E+00
 -2.13812E+01  2.17510E-28  1.43369E+06  2.00000E-03  1.39638E+00
 -2.12876E+01  2.17510E-28  1.43369E+06  2.00000E-03  1.39638E+00
 -2.11940E+01  2.17510E-28  1.43369E+06  2.00000E-03  1.39638E+00
 -2.11005E+01  2.17510E-28  1.43369E+06  2.00000E-03  1.39638E+00
 -2.10069E+01  2.17828E-28  1.43510E+06  2.00000E-03  1.23575E+00
 -2.09133E+01  2.17871E-28  1.43529E+06  2.00000E-03  1.21366E+00
 -2.08197E+01  2.17871E-28  1.43529E+06  2.00000E-03  1.21366E+00
 -2.07261E+01  2.17871E-28  1.43529E+06  2.00000E-03  1.21366E+00
 -2.06326E+01  2.17871E-28  1.43529E+06  2.00000E-03  1.21366E+00
 -2.05390E+01  2.17871E-28  1.43529E+06  2.00000E-03  1.21366E+00
 -2.04454E+01  2.17871E-28  1.43529E+06  2.00000E-03  1.21366E+00
 -2.03518E+01  2.17871E-28  1.43529E+06  2.00000E-03  1.21366E+00
 -2.02582E+01  2.18083E-28  1.43624E+06  2.00000E-03  1.06699E+00
 -2.01647E+01  2.18323E-28  1.43731E+06  2.00000E-03  9.00404E-01
 -2.00711E+01  2.18323E-28  1.43731E+06  2.00000E-03  9.00404E-01
 -1.99775E+01  2.18323E-28  1.43731E+06  2.00000E-03  9.00404E-01
 -1.98839E+01  2.18318E-28  1.43729E+06  2.00000E-03  9.01184E-01
 -1.97903E+01  2.18233E-28  1.43692E+06  2.00000E-03  9.14794E-01
 -1.96968E+01  2.18197E-28  1.43677E+06  2.00000E-03  9.20528E-01
 -1.96032E+01  2.18134E-28  1.43650E+06  2.00000E-03  9.30478E-01
 -1.95096E+01  2.18060E-28  1.43617E+06  2.00000E-03  9.49355E-01
 -1.94160E+01  2.17945E-28  1.43561E+06  2.00000E-03  1.01317E+00
 -1.93224E+01  2.17945E-28  1.43561E+06  2.00000E-03  1.01317E+00
 -1.92289E+01  2.17945E-28  1.43561E+06  2.00000E-03  1.01317E+00
 -1.91353E+01  2.17945E-28  1.43561E+06  2.00000E-03  1.01317E+00
 -1.90417E+01  2.17361E-28  1.43303E+06  2.00000E-03  1.46527E+00
 -1.89481E+01  2.17305E-28  1.43278E+06  2.00000E-03  1.50925E+00
 -1.88545E+01  2.17305E-28  1.43278E+06  2.00000E-03  1.50925E+00
 -1.87610E+01  2.17305E-28  1.43278E+06  2.00000E-03  1.50925E+00
 -1.86674E+01  2.16837E-28  1.43073E+06  2.00000E-03  1.90585E+00
 -1.85738E+01  2.16744E-28  1.43032E+06  2.00000E-03  1.98567E+00
 -1.84802E+01  2.16744E-28  1.43032E+06  2.00000E-03  1.98567E+00
 -1.83866E+01  2.16744E-28  1.43032E+06  2.00000E-03  1.98567E+00
 -1.82931E+01  2.16499E-28  1.42925E+06  2.00000E-03  2.21044E+00
 -1.81995E+01  2.16364E-28  1.42865E+06  2.00000E-03  2.32987E+00
 -1.81059E+01  2.16350E-28  1.42860E+06  2.00000E-03  2.33759E+00
 -1.80123E+01  2.16344E-28  1.42857E+06  2.00000E-03  2.34122E+00
 -1.79187E+01  2.16373E-28  1.42870E+06  2.00000E-03  2.36097E+00
 -1.78252E+01  2.16434E-28  1.42897E+06  2.00000E-03  2.37659E+00
 -1.77316E+01  2.16462E-28  1.42909E+06  2.00000E-03  2.36435E+00
 -1.76380E+01  2.16467E-28  1.42911E+06  2.00000E-03  2.36231E+00
 -1.75444E+01  2.16552E-28  1.42949E+06  2.00000E-03  2.32494E+00
 -1.74508E+01  2.16818E-28  1.43066E+06  2.00000E-03  2.19976E+00
 -1.73573E+01  2.16849E-28  1.43080E+06  2.00000E-03  2.18215E+00
 -1.72637E+01  2.16905E-28  1.43105E+06  2.00000E-03  2.15035E+00
 -1.71701E+01  2.16916E-28  1.43110E+06  2.00000E-03  2.14747E+00
 -1.70765E+01  2.17083E-28  1.43184E+06  2.00000E-03  2.10316E+00
 -1.69829E+01  2.17084E-28  1.43185E+06  2.00000E-03  2.10273E+00
 -1.68894E+01  2.17084E-28  1.43185E+06  2.00000E-03  2.10273E+00
 -1.67958E+01  2.17084E-28  1.43185E+06  2.00000E-03  2.10273E+00
 -1.67022E+01  2.16985E-28  1.43142E+06  2.00000E-03  2.22281E+00
 -1.66086E+01  2.16979E-28  1.43139E+06  2.00000E-03  2.23039E+00
 -1.65150E+01  2.16978E-28  1.43139E+06  2.00000E-03  2.23133E+00
 -1.64215E+01  2.16972E-28  1.43136E+06  2.00000E-03  2.23744E+00
 -1.63279E+01  2.16503E-28  1.42931E+06  2.00000E-03  2.61359E+00
 -1.62343E+01  2.16383E-28  1.42878E+06  2.00000E-03  2.71067E+00
 -1.61407E+01  2.16383E-28  1.42878E+06  2.00000E-03  2.71067E+00
 -1.60471E+01  2.16383E-28  1.42878E+06  2.00000E-03  2.71067E+00
 -1.59536E+01  2.15986E-28  1.42705E+06  2.00000E-03  3.01031E+00
 -1.58600E+01  2.15681E-28  1.42571E+06  2.00000E-03  3.24138E+00
 -1.57664E+01  2.15681E-28  1.42571E+06  2.00000E-03  3.24138E+00
 -1.56728E+01  2.15681E-28  1.42571E+06  2.00000E-03  3.24138E+00
 -1.55792E+01  2.15548E-28  1.42514E+06  2.00000E-03  3.32942E+00
 -1.54857E+01  2.15368E-28  1.42436E+06  2.00000E-03  3.44995E+00
 -1.53921E+01  2.15364E-28  1.42434E+06  2.00000E-03  3.45360E+00
 -1.52985E+01  2.15334E-28  1.42421E+06  2.00000E-03  3.48441E+00
 -1.52049E+01  2.15374E-28  1.42440E+06  2.00000E-03  3.46151E+00
 -1.51114E+01  2.15594E-28  1.42538E+06  2.00000E-03  3.32771E+00
 -1.50178E+01  2.15614E-28  1.42547E+06  2.00000E-03  3.31877E+00
 -1.49242E+01  2.15650E-28  1.42563E+06  2.00000E-03  3.30394E+00
 -1.48306E+01  2.15768E-28  1.42616E+06  2.00000E-03  3.23380E+00
 -1.47370E+01  2.16934E-28  1.43139E+06  2.00000E-03  2.38280E+00
 -1.46435E+01  2.16972E-28  1.43156E+06  2.00000E-03  2.35489E+00
 -1.45499E+01  2.16972E-28  1.43156E+06  2.00000E-03  2.35489E+00
 -1.44563E+01  2.16982E-28  1.43160E+06  2.00000E-03  2.34770E+00
 -1.43627E+01  2.17855E-28  1.43532E+06  2.00000E-03  1.70027E+00
 -1.42691E+01  2.18002E-28  1.43596E+06  2.00000E-03  1.58386E+00
 -1.41756E+01  2.18697E-28  1.43894E+06  2.00000E-03  1.11492E+00
 -1.40820E+01  2.18855E-28  1.43962E+06  2.00000E-03  1.00971E+00
 -1.39884E+01  2.19379E-28  1.44190E+06  2.00000E-03  6.66096E-01
 -1.38948E+01  2.19489E-28  1.44238E+06  2.00000E-03  5.97590E-01
 -1.38012E+01  2.19695E-28  1.44328E+06  2.00000E-03  4.75770E-01
 -1.37077E+01  2.19849E-28  1.44396E+06  2.00000E-03  3.84788E-01
 -1.36141E+01  2.19937E-28  1.44435E+06  2.00000E-03  3.45694E-01
 -1.35205E+01  2.20009E-28  1.44467E+06  2.00000E-03  3.19514E-01
 -1.34269E+01  2.19974E-28  1.44452E+06  2.00000E-03  3.56968E-01
 -1.33333E+01  2.19929E-28  1.44432E+06  2.00000E-03  4.10862E-01
 -1.32398E+01  2.19811E-28  1.44381E+06  2.00000E-03  5.17572E-01
 -1.31462E+01  2.19623E-28  1.44298E+06  2.00000E-03  6.70481E-01
 -1.30526E+01  2.19492E-28  1.44241E+06  2.00000E-03  7.73741E-01
 -1.29590E+01  2.18992E-28  1.44023E+06  2.00000E-03  1.17283E+00
 -1.28654E+01  2.18877E-28  1.43973E+06  2.00000E-03  1.26491E+00
 -1.27719E+01  2.18333E-28  1.43735E+06  2.00000E-03  1.72314E+00
 -1.26783E+01  2.18241E-28  1.43694E+06  2.00000E-03  1.80057E+00
 -1.25847E+01  2.17817E-28  1.43509E+06  2.00000E-03  2.15623E+00
 -1.24911E+01  2.17759E-28  1.43484E+06  2.00000E-03  2.21631E+00
 -1.23975E+01  2.17537E-28  1.43388E+06  2.00000E-03  2.44224E+00
 -1.23040E+01  2.17541E-28  1.43390E+06  2.00000E-03  2.45679E+00
 -1.22104E+01  2.17586E-28  1.43412E+06  2.00000E-03  2.45900E+00
 -1.21168E+01  2.17596E-28  1.43416E+06  2.00000E-03  2.45949E+00
 -1.20232E+01  2.17971E-28  1.43583E+06  2.00000E-03  2.20639E+00
 -1.19296E+01  2.18029E-28  1.43609E+06  2.00000E-03  2.16492E+00
 -1.18361E+01  2.18408E-28  1.43778E+06  2.00000E-03  1.88902E+00
 -1.17425E+01  2.18574E-28  1.43852E+06  2.00000E-03  1.77635E+00
 -1.16489E+01  2.18912E-28  1.44003E+06  2.00000E-03  1.51872E+00
 -1.15553E+01  2.18997E-28  1.44041E+06  2.00000E-03  1.45082E+00
 -1.14617E+01  2.19065E-28  1.44074E+06  2.00000E-03  1.40028E+00
 -1.13682E+01  2.19105E-28  1.44094E+06  2.00000E-03  1.37236E+00
 -1.12746E+01  2.19014E-28  1.44056E+06  2.00000E-03  1.42574E+00
 -1.11810E+01  2.18869E-28  1.43994E+06  2.00000E-03  1.50769E+00
 -1.10874E+01  2.18710E-28  1.43927E+06  2.00000E-03  1.60634E+00
 -1.09938E+01  2.18506E-28  1.43839E+06  2.00000E-03  1.71840E+00
 -1.09003E+01  2.18382E-28  1.43787E+06  2.00000E-03  1.78212E+00
 -1.08067E+01  2.18265E-28  1.43738E+06  2.00000E-03  1.84801E+00
 -1.07131E+01  2.18251E-28  1.43732E+06  2.00000E-03  1.85268E+00
 -1.06195E+01  2.18195E-28  1.43711E+06  2.00000E-03  1.87019E+00
 -1.05259E+01  2.18169E-28  1.43700E+06  2.00000E-03  1.86219E+00
 -1.04324E+01  2.18312E-28  1.43765E+06  2.00000E-03  1.73266E+00
 -1.03388E+01  2.18390E-28  1.43800E+06  2.00000E-03  1.66950E+00
 -1.02452E+01  2.18798E-28  1.43981E+06  2.00000E-03  1.38397E+00
 -1.01516E+01  2.18927E-28  1.44039E+06  2.00000E-03  1.27916E+00
 -1.00580E+01  2.19791E-28  1.44419E+06  2.00000E-03  7.08964E-01
 -9.96446E+00  2.20040E-28  1.44528E+06  2.00000E-03  5.41301E-01
 -9.87088E+00  2.20702E-28  1.44817E+06  2.00000E-03  1.09737E-01
 -9.77730E+00  2.20761E-28  1.44842E+06  2.00000E-03  7.15437E-02
 -9.68372E+00  2.21105E-28  1.45012E+06  2.00000E-03 -1.83104E-01
 -9.59014E+00  2.21165E-28  1.45042E+06  2.00000E-03 -2.28818E-01
 -9.49656E+00  2.21157E-28  1.45030E+06  2.00000E-03 -2.19932E-01
 -9.40298E+00  2.20845E-28  1.44875E+06  2.00000E-03  3.96156E-02
 -9.30940E+00  2.20320E-28  1.44631E+06  2.00000E-03  4.24337E-01
 -9.21582E+00  2.19739E-28  1.44362E+06  2.00000E-03  8.60856E-01
 -9.12224E+00  2.19265E-28  1.44148E+06  2.00000E-03  1.21659E+00
 -9.02866E+00  2.18831E-28  1.43956E+06  2.00000E-03  1.52990E+00
 -8.93508E+00  2.18267E-28  1.43709E+06  2.00000E-03  1.93771E+00
 -8.84150E+00  2.17811E-28  1.43509E+06  2.00000E-03  2.25881E+00
 -8.74792E+00  2.17516E-28  1.43380E+06  2.00000E-03  2.47108E+00
 -8.65434E+00  2.17147E-28  1.43219E+06  2.00000E-03  2.73502E+00
 -8.56076E+00  2.16856E-28  1.43091E+06  2.00000E-03  2.92656E+00
 -8.46718E+00  2.16609E-28  1.42982E+06  2.00000E-03  3.06778E+00
 -8.37360E+00  2.16632E-28  1.42993E+06  2.00000E-03  3.02751E+00
 -8.28002E+00  2.16712E-28  1.43028E+06  2.00000E-03  2.93077E+00
 -8.18644E+00  2.16832E-28  1.43081E+06  2.00000E-03  2.78536E+00
 -8.09286E+00  2.16903E-28  1.43113E+06  2.00000E-03  2.64662E+00
 -7.99928E+00  2.16809E-28  1.43073E+06  2.00000E-03  2.61847E+00
 -7.90570E+00  2.16685E-28  1.43019E+06  2.00000E-03  2.64260E+00
 -7.81212E+00  2.16382E-28  1.42887E+06  2.00000E-03  2.78939E+00
 -7.71854E+00  2.16040E-28  1.42737E+06  2.00000E-03  2.99179E+00
 -7.62496E+00  2.15774E-28  1.42621E+06  2.00000E-03  3.16347E+00
 -7.53138E+00  2.15472E-28  1.42488E+06  2.00000E-03  3.38451E+00
 -7.43780E+00  2.15277E-28  1.42403E+06  2.00000E-03  3.59120E+00
 -7.34422E+00  2.15312E-28  1.42419E+06  2.00000E-03  3.66229E+00
 -7.25064E+00  2.15334E-28  1.42429E+06  2.00000E-03  3.74044E+00
 -7.15706E+00  2.15362E-28  1.42441E+06  2.00000E-03  3.80891E+00
 -7.06348E+00  2.15529E-28  1.42515E+06  2.00000E-03  3.82442E+00
 -6.96990E+00  2.15478E-28  1.42491E+06  2.00000E-03  3.99396E+00
 -6.87632E+00  2.15386E-28  1.42451E+06  2.00000E-03  4.18639E+00
 -6.78274E+00  2.15029E-28  1.42291E+06  2.00000E-03  4.54861E+00
 -6.68916E+00  2.14709E-28  1.42149E+06  2.00000E-03  4.86099E+00
 -6.59558E+00  2.14369E-28  1.41998E+06  2.00000E-03  5.18001E+00
 -6.50200E+00  2.14125E-28  1.41890E+06  2.00000E-03  5.40840E+00
 -6.40842E+00  2.14002E-28  1.41835E+06  2.00000E-03  5.53834E+00
 -6.31484E+00  2.13995E-28  1.41831E+06  2.00000E-03  5.58708E+00
 -6.22126E+00  2.14089E-28  1.41873E+06  2.00000E-03  5.51032E+00
 -6.12768E+00  2.14190E-28  1.41918E+06  2.00000E-03  5.46411E+00
 -6.03410E+00  2.14309E-28  1.41971E+06  2.00000E-03  5.38930E+00
 -5.94052E+00  2.14393E-28  1.42009E+06  2.00000E-03  5.34077E+00
 -5.84694E+00  2.14458E-28  1.42040E+06  2.00000E-03  5.28855E+00
 -5.75336E+00  2.14522E-28  1.42070E+06  2.00000E-03  5.28775E+00
 -5.65978E+00  2.14575E-28  1.42095E+06  2.00000E-03  5.31286E+00
 -5.56621E+00  2.14980E-28  1.42276E+06  2.00000E-03  5.20252E+00
 -5.47263E+00  2.15315E-28  1.42425E+06  2.00000E-03  5.09676E+00
 -5.37905E+00  2.16463E-28  1.42933E+06  2.00000E-03  4.56269E+00
 -5.28547E+00  2.17183E-28  1.43250E+06  2.00000E-03  4.24918E+00
 -5.19189E+00  2.17942E-28  1.43583E+06  2.00000E-03  3.92462E+00
 -5.09831E+00  2.19257E-28  1.44159E+06  2.00000E-03  3.30748E+00
 -5.00473E+00  2.20377E-28  1.44649E+06  2.00000E-03  2.75075E+00
 -4.91115E+00  2.20897E-28  1.44876E+06  2.00000E-03  2.58936E+00
 -4.81757E+00  2.21094E-28  1.44962E+06  2.00000E-03  2.56344E+00
 -4.72399E+00  2.21197E-28  1.45007E+06  2.00000E-03  2.56052E+00
 -4.63041E+00  2.21198E-28  1.45010E+06  2.00000E-03  2.64384E+00
 -4.53683E+00  2.21175E-28  1.45002E+06  2.00000E-03  2.72224E+00
 -4.44325E+00  2.21210E-28  1.45021E+06  2.00000E-03  2.80208E+00
 -4.34967E+00  2.21447E-28  1.45128E+06  2.00000E-03  2.79169E+00
 -4.25609E+00  2.21945E-28  1.45349E+06  2.00000E-03  2.52707E+00
 -4.16251E+00  2.22625E-28  1.45649E+06  2.00000E-03  2.19323E+00
 -4.06893E+00  2.23357E-28  1.45972E+06  2.00000E-03  1.79553E+00
 -3.97535E+00  2.23953E-28  1.46233E+06  2.00000E-03  1.45600E+00
 -3.88177E+00  2.24654E-28  1.46539E+06  2.00000E-03  1.04885E+00
 -3.78819E+00  2.25087E-28  1.46728E+06  2.00000E-03  7.81614E-01
 -3.69461E+00  2.25355E-28  1.46845E+06  2.00000E-03  7.70497E-01
 -3.60103E+00  2.25486E-28  1.46902E+06  2.00000E-03  8.01716E-01
 -3.50745E+00  2.25459E-28  1.46890E+06  2.00000E-03  9.86641E-01
 -3.41387E+00  2.25306E-28  1.46823E+06  2.00000E-03  1.21039E+00
 -3.32029E+00  2.25057E-28  1.46715E+06  2.00000E-03  1.57026E+00
 -3.22671E+00  2.24652E-28  1.46539E+06  2.00000E-03  2.07085E+00
 -3.13313E+00  2.23950E-28  1.46234E+06  2.00000E-03  2.77608E+00
 -3.03955E+00  2.23365E-28  1.45979E+06  2.00000E-03  3.28300E+00
 -2.94597E+00  2.22770E-28  1.45719E+06  2.00000E-03  3.92610E+00
 -2.85239E+00  2.22345E-28  1.45533E+06  2.00000E-03  4.43165E+00
 -2.75881E+00  2.21933E-28  1.45354E+06  2.00000E-03  4.82384E+00
 -2.66523E+00  2.21726E-28  1.45263E+06  2.00000E-03  5.21215E+00
 -2.57165E+00  2.21683E-28  1.45245E+06  2.00000E-03  5.47433E+00
 -2.47807E+00  2.21944E-28  1.45361E+06  2.00000E-03  5.70580E+00
 -2.38449E+00  2.22296E-28  1.45516E+06  2.00000E-03  5.81280E+00
 -2.29091E+00  2.22891E-28  1.45777E+06  2.00000E-03  5.71533E+00
 -2.19733E+00  2.23428E-28  1.46012E+06  2.00000E-03  5.59767E+00
 -2.10375E+00  2.24124E-28  1.46317E+06  2.00000E-03  5.46550E+00
 -2.01017E+00  2.24952E-28  1.46678E+06  2.00000E-03  5.25007E+00
 -1.91659E+00  2.25694E-28  1.47000E+06  2.00000E-03  4.91296E+00
 -1.82301E+00  2.26692E-28  1.47432E+06  2.00000E-03  4.69394E+00
 -1.72943E+00  2.27251E-28  1.47672E+06  2.00000E-03  4.57316E+00
 -1.63585E+00  2.27631E-28  1.47836E+06  2.00000E-03  4.47471E+00
 -1.54227E+00  2.28087E-28  1.48036E+06  2.00000E-03  4.24746E+00
 -1.44869E+00  2.28522E-28  1.48228E+06  2.00000E-03  4.00142E+00
 -1.35511E+00  2.29066E-28  1.48466E+06  2.00000E-03  3.75696E+00
 -1.26153E+00  2.29613E-28  1.48706E+06  2.00000E-03  3.53184E+00
 -1.16795E+00  2.29663E-28  1.48728E+06  2.00000E-03  3.21989E+00
 -1.07437E+00  2.29417E-28  1.48621E+06  2.00000E-03  3.10108E+00
 -9.80792E-01  2.29206E-28  1.48525E+06  2.00000E-03  3.00157E+00
 -8.87212E-01  2.28734E-28  1.48316E+06  2.00000E-03  2.93573E+00
 -7.93632E-01  2.27614E-28  1.47826E+06  1.99999E-03  2.95094E+00
 -7.00053E-01  2.26750E-28  1.47466E+06  1.99998E-03  2.70087E+00
 -6.06473E-01  2.25813E-28  1.47167E+06  1.99984E-03  3.06968E+00
 -5.12893E-01  2.25110E-28  1.46896E+06  1.99978E-03  3.35653E+00
 -4.19313E-01  2.24402E-28  1.46656E+06  1.99972E-03  3.49621E+00
 -3.25733E-01  2.23797E-28  1.46444E+06  1.99961E-03  2.99888E+00
 -2.32153E-01  2.23532E-28  1.46319E+06  1.99960E-03  2.51478E+00
 -1.38573E-01  2.23401E-28  1.46202E+06  1.99976E-03  1.90371E+00
 -4.49936E-02  2.23612E-28  1.46275E+06  1.99969E-03  1.20859E+00
  4.85862E-02  2.24027E-28  1.46521E+06  1.99958E-03  1.10314E+00
  1.42166E-01  2.24971E-28  1.46698E+06  1.99987E-03  9.59352E-01
  2.35746E-01  2.25879E-28  1.47066E+06  1.99992E-03  1.16037E+00
  3.29326E-01  2.26665E-28  1.47462E+06  1.99997E-03  1.53912E+00
  4.22906E-01  2.27556E-28  1.48123E+06  1.99993E-03  1.79095E+00
  5.16486E-01  2.28059E-28  1.48719E+06  1.99985E-03  1.73826E+00
  6.10065E-01  2.28636E-28  1.49085E+06  1.99962E-03  8.97943E-01
  7.03645E-01  2.29576E-28  1.49028E+06  1.99677E-03 -9.52125E-02
  7.97225E-01  2.29747E-28  1.49119E+06  1.99944E-03 -1.70388E+00
  8.90805E-01  2.29934E-28  1.48922E+06  1.99990E-03 -3.07856E+00
  9.84385E-01  2.29720E-28  1.48734E+06  1.99982E-03 -3.99206E+00
  1.07796E+00  2.29137E-28  1.48602E+06  1.99885E-03 -4.79300E+00
  1.17154E+00  2.28540E-28  1.48388E+06  1.99741E-03 -5.14422E+00
  1.26512E+00  2.28765E-28  1.47830E+06  1.99259E-03 -5.82654E+00
  1.35870E+00  2.28115E-28  1.47319E+06  1.99174E-03 -6.07564E+00
  1.45228E+00  2.27010E-28  1.47124E+06  1.99449E-03 -6.47781E+00
  1.54586E+00  2.25579E-28  1.46961E+06  1.99842E-03 -6.84555E+00
  1.63944E+00  2.24589E-28  1.46518E+06  1.99970E-03 -7.33912E+00
  1.73302E+00  2.23970E-28  1.46213E+06  1.99992E-03 -7.75975E+00
  1.82660E+00  2.23240E-28  1.45907E+06  1.99998E-03 -8.25462E+00
  1.92018E+00  2.22811E-28  1.45735E+06  1.99999E-03 -8.50282E+00
  2.01376E+00  2.22380E-28  1.45556E+06  2.00000E-03 -8.41932E+00
  2.10734E+00  2.22197E-28  1.45480E+06  2.00000E-03 -7.97440E+00
  2.20092E+00  2.21992E-28  1.45394E+06  2.00000E-03 -7.35405E+00
  2.29450E+00  2.21831E-28  1.45324E+06  2.00000E-03 -6.74436E+00
  2.38808E+00  2.21711E-28  1.45269E+06  2.00000E-03 -6.63330E+00
  2.48166E+00  2.21774E-28  1.45293E+06  2.00000E-03 -6.03416E+00
  2.57524E+00  2.21736E-28  1.45282E+06  2.00000E-03 -4.88947E+00
  2.66882E+00  2.21562E-28  1.45201E+06  2.00000E-03 -3.48893E+00
  2.76240E+00  2.20936E-28  1.44922E+06  2.00000E-03 -1.99795E+00
  2.85598E+00  2.20623E-28  1.44786E+06  2.00000E-03 -1.50729E+00
  2.94956E+00  2.20615E-28  1.44783E+06  2.00000E-03 -1.31505E+00
  3.04314E+00  2.20887E-28  1.44903E+06  2.00000E-03 -1.03396E+00
  3.13672E+00  2.20836E-28  1.44881E+06  2.00000E-03 -7.82825E-01
  3.23030E+00  2.20780E-28  1.44857E+06  2.00000E-03 -6.86207E-01
  3.32388E+00  2.20766E-28  1.44851E+06  2.00000E-03 -7.37840E-01
  3.41746E+00  2.20705E-28  1.44825E+06  2.00000E-03 -7.80641E-01
  3.51104E+00  2.20285E-28  1.44640E+06  2.00000E-03 -6.35532E-01
  3.60462E+00  2.20233E-28  1.44617E+06  2.00000E-03 -7.15606E-01
  3.69820E+00  2.20255E-28  1.44626E+06  2.00000E-03 -8.06342E-01
  3.79178E+00  2.20278E-28  1.44636E+06  2.00000E-03 -9.70599E-01
  3.88536E+00  2.20214E-28  1.44607E+06  2.00000E-03 -1.11576E+00
  3.97894E+00  2.19998E-28  1.44511E+06  2.00000E-03 -1.39776E+00
  4.07252E+00  2.19948E-28  1.44487E+06  2.00000E-03 -1.64699E+00
  4.16610E+00  2.19980E-28  1.44498E+06  2.00000E-03 -1.93524E+00
  4.25968E+00  2.20099E-28  1.44549E+06  2.00000E-03 -2.25722E+00
  4.35326E+00  2.19924E-28  1.44473E+06  2.00000E-03 -2.43338E+00
  4.44684E+00  2.19876E-28  1.44452E+06  2.00000E-03 -2.71463E+00
  4.54042E+00  2.19846E-28  1.44439E+06  2.00000E-03 -2.90936E+00
  4.63400E+00  2.19745E-28  1.44394E+06  2.00000E-03 -3.01800E+00
  4.72758E+00  2.19685E-28  1.44366E+06  2.00000E-03 -3.09865E+00
  4.82116E+00  2.19685E-28  1.44366E+06  2.00000E-03 -3.12808E+00
  4.91474E+00  2.19864E-28  1.44443E+06  2.00000E-03 -3.10543E+00
  5.00832E+00  2.19888E-28  1.44453E+06  2.00000E-03 -3.05819E+00
  5.10190E+00  2.19995E-28  1.44497E+06  2.00000E-03 -2.94889E+00
  5.19548E+00  2.19941E-28  1.44471E+06  2.00000E-03 -2.85865E+00
  5.28906E+00  2.19999E-28  1.44495E+06  2.00000E-03 -2.80090E+00
  5.38264E+00  2.19982E-28  1.44485E+06  2.00000E-03 -2.76970E+00
  5.47622E+00  2.19819E-28  1.44413E+06  2.00000E-03 -2.75507E+00
  5.56980E+00  2.19755E-28  1.44383E+06  2.00000E-03 -2.75217E+00
  5.66338E+00  2.19580E-28  1.44305E+06  2.00000E-03 -2.82476E+00
  5.75696E+00  2.19425E-28  1.44236E+06  2.00000E-03 -2.90220E+00
  5.85054E+00  2.19122E-28  1.44101E+06  2.00000E-03 -2.98728E+00
  5.94412E+00  2.18988E-28  1.44040E+06  2.00000E-03 -3.01917E+00
  6.03770E+00  2.18940E-28  1.44018E+06  2.00000E-03 -3.02984E+00
  6.13128E+00  2.18896E-28  1.43997E+06  2.00000E-03 -3.02229E+00
  6.22486E+00  2.18755E-28  1.43934E+06  2.00000E-03 -3.01740E+00
  6.31844E+00  2.18558E-28  1.43846E+06  2.00000E-03 -2.98504E+00
  6.41202E+00  2.18447E-28  1.43795E+06  2.00000E-03 -2.99690E+00
  6.50560E+00  2.18299E-28  1.43729E+06  2.00000E-03 -3.03185E+00
  6.59918E+00  2.18046E-28  1.43617E+06  2.00000E-03 -3.00920E+00
  6.69276E+00  2.17837E-28  1.43525E+06  2.00000E-03 -3.01865E+00
  6.78634E+00  2.17608E-28  1.43424E+06  2.00000E-03 -3.13681E+00
  6.87992E+00  2.17428E-28  1.43344E+06  2.00000E-03 -3.20693E+00
  6.97350E+00  2.17148E-28  1.43221E+06  2.00000E-03 -3.28962E+00
  7.06708E+00  2.16896E-28  1.43111E+06  2.00000E-03 -3.36698E+00
  7.16066E+00  2.16755E-28  1.43049E+06  2.00000E-03 -3.38569E+00
  7.25424E+00  2.16730E-28  1.43039E+06  2.00000E-03 -3.39322E+00
  7.34782E+00  2.16757E-28  1.43051E+06  2.00000E-03 -3.38691E+00
  7.44139E+00  2.16629E-28  1.42995E+06  2.00000E-03 -3.37684E+00
  7.53497E+00  2.16667E-28  1.43012E+06  2.00000E-03 -3.33546E+00
  7.62855E+00  2.16662E-28  1.43010E+06  2.00000E-03 -3.32743E+00
  7.72213E+00  2.16642E-28  1.43001E+06  2.00000E-03 -3.33918E+00
  7.81571E+00  2.16393E-28  1.42891E+06  2.00000E-03 -3.37837E+00
  7.90929E+00  2.16355E-28  1.42875E+06  2.00000E-03 -3.41779E+00
  8.00287E+00  2.16352E-28  1.42873E+06  2.00000E-03 -3.43595E+00
  8.09645E+00  2.16358E-28  1.42875E+06  2.00000E-03 -3.42666E+00
  8.19003E+00  2.16363E-28  1.42877E+06  2.00000E-03 -3.38846E+00
  8.28361E+00  2.16353E-28  1.42872E+06  2.00000E-03 -3.32997E+00
  8.37719E+00  2.16430E-28  1.42906E+06  2.00000E-03 -3.26847E+00
  8.47077E+00  2.16498E-28  1.42936E+06  2.00000E-03 -3.20472E+00
  8.56435E+00  2.16500E-28  1.42936E+06  2.00000E-03 -3.15857E+00
  8.65793E+00  2.16430E-28  1.42905E+06  2.00000E-03 -3.11944E+00
  8.75151E+00  2.16403E-28  1.42892E+06  2.00000E-03 -3.10430E+00
  8.84509E+00  2.16361E-28  1.42871E+06  2.00000E-03 -3.09167E+00
  8.93867E+00  2.16239E-28  1.42817E+06  2.00000E-03 -3.05834E+00
  9.03225E+00  2.16132E-28  1.42771E+06  2.00000E-03 -3.01172E+00
  9.12583E+00  2.16091E-28  1.42758E+06  2.00000E-03 -2.95949E+00
  9.21941E+00  2.16073E-28  1.42762E+06  2.00000E-03 -2.92017E+00
  9.31299E+00  2.15951E-28  1.42720E+06  2.00000E-03 -2.88707E+00
  9.40657E+00  2.15701E-28  1.42624E+06  2.00000E-03 -2.92348E+00
  9.50015E+00  2.15525E-28  1.42556E+06  2.00000E-03 -3.01362E+00
  9.59373E+00  2.15277E-28  1.42449E+06  2.00000E-03 -3.20062E+00
  9.68731E+00  2.15017E-28  1.42332E+06  2.00000E-03 -3.44293E+00
  9.78089E+00  2.14827E-28  1.42246E+06  2.00000E-03 -3.47556E+00
  9.87447E+00  2.14385E-28  1.42033E+06  2.00000E-03 -3.84593E+00
  9.96805E+00  2.14302E-28  1.41996E+06  2.00000E-03 -3.85795E+00
  1.00616E+01  2.14123E-28  1.41913E+06  2.00000E-03 -3.99828E+00
  1.01552E+01  2.13953E-28  1.41837E+06  2.00000E-03 -3.96284E+00
  1.02488E+01  2.14159E-28  1.41923E+06  2.00000E-03 -3.89228E+00
  1.03424E+01  2.14179E-28  1.41931E+06  2.00000E-03 -3.88262E+00
  1.04360E+01  2.14592E-28  1.42109E+06  2.00000E-03 -3.68719E+00
  1.05295E+01  2.14520E-28  1.42077E+06  2.00000E-03 -3.67198E+00
  1.06231E+01  2.14856E-28  1.42221E+06  2.00000E-03 -3.42224E+00
  1.07167E+01  2.14907E-28  1.42243E+06  2.00000E-03 -3.37593E+00
  1.08103E+01  2.15260E-28  1.42396E+06  2.00000E-03 -3.20255E+00
  1.09038E+01  2.15102E-28  1.42326E+06  2.00000E-03 -3.13276E+00
  1.09974E+01  2.15253E-28  1.42390E+06  2.00000E-03 -3.08076E+00
  1.10910E+01  2.15288E-28  1.42405E+06  2.00000E-03 -3.06790E+00
  1.11846E+01  2.15406E-28  1.42456E+06  2.00000E-03 -3.05996E+00
  1.12782E+01  2.15489E-28  1.42492E+06  2.00000E-03 -3.05340E+00
  1.13717E+01  2.15540E-28  1.42514E+06  2.00000E-03 -3.01173E+00
  1.14653E+01  2.15474E-28  1.42484E+06  2.00000E-03 -2.99800E+00
  1.15589E+01  2.15611E-28  1.42545E+06  2.00000E-03 -2.92551E+00
  1.16525E+01  2.15831E-28  1.42641E+06  2.00000E-03 -2.84145E+00
  1.17461E+01  2.15747E-28  1.42603E+06  2.00000E-03 -2.81384E+00
  1.18396E+01  2.16134E-28  1.42773E+06  2.00000E-03 -2.62861E+00
  1.19332E+01  2.16341E-28  1.42864E+06  2.00000E-03 -2.53897E+00
  1.20268E+01  2.16858E-28  1.43091E+06  2.00000E-03 -2.31473E+00
  1.21204E+01  2.16645E-28  1.42998E+06  2.00000E-03 -2.33264E+00
  1.22140E+01  2.17059E-28  1.43179E+06  2.00000E-03 -2.14405E+00
  1.23075E+01  2.16978E-28  1.43143E+06  2.00000E-03 -2.15838E+00
  1.24011E+01  2.17151E-28  1.43218E+06  2.00000E-03 -2.06383E+00
  1.24947E+01  2.16920E-28  1.43116E+06  2.00000E-03 -2.09783E+00
  1.25883E+01  2.17164E-28  1.43223E+06  2.00000E-03 -2.08096E+00
  1.26819E+01  2.17169E-28  1.43225E+06  2.00000E-03 -2.08230E+00
  1.27754E+01  2.17253E-28  1.43261E+06  2.00000E-03 -2.15331E+00
  1.28690E+01  2.17103E-28  1.43195E+06  2.00000E-03 -2.17977E+00
  1.29626E+01  2.16959E-28  1.43132E+06  2.00000E-03 -2.28300E+00
  1.30562E+01  2.16896E-28  1.43104E+06  2.00000E-03 -2.30980E+00
  1.31498E+01  2.16920E-28  1.43114E+06  2.00000E-03 -2.35946E+00
  1.32433E+01  2.16622E-28  1.42982E+06  2.00000E-03 -2.41684E+00
  1.33369E+01  2.16739E-28  1.43033E+06  2.00000E-03 -2.42234E+00
  1.34305E+01  2.16779E-28  1.43051E+06  2.00000E-03 -2.41908E+00
  1.35241E+01  2.16969E-28  1.43134E+06  2.00000E-03 -2.38746E+00
  1.36177E+01  2.16971E-28  1.43135E+06  2.00000E-03 -2.38280E+00
  1.37112E+01  2.16953E-28  1.43127E+06  2.00000E-03 -2.36928E+00
  1.38048E+01  2.17025E-28  1.43158E+06  2.00000E-03 -2.34480E+00
  1.38984E+01  2.17065E-28  1.43176E+06  2.00000E-03 -2.32923E+00
  1.39920E+01  2.17100E-28  1.43191E+06  2.00000E-03 -2.30716E+00
  1.40856E+01  2.17051E-28  1.43171E+06  2.00000E-03 -2.30805E+00
  1.41791E+01  2.17228E-28  1.43252E+06  2.00000E-03 -2.27839E+00
  1.42727E+01  2.17237E-28  1.43257E+06  2.00000E-03 -2.28550E+00
  1.43663E+01  2.17375E-28  1.43325E+06  2.00000E-03 -2.27159E+00
  1.44599E+01  2.17507E-28  1.43386E+06  2.00000E-03 -2.22812E+00
  1.45535E+01  2.17444E-28  1.43368E+06  2.00000E-03 -2.16853E+00
  1.46470E+01  2.17336E-28  1.43321E+06  2.00000E-03 -2.19216E+00
  1.47406E+01  2.17087E-28  1.43212E+06  2.00000E-03 -2.24254E+00
  1.48342E+01  2.16682E-28  1.43033E+06  2.00000E-03 -2.32488E+00
  1.49278E+01  2.17379E-28  1.43328E+06  2.00000E-03 -2.15336E+00
  1.50214E+01  2.17440E-28  1.43354E+06  2.00000E-03 -2.13840E+00
  1.51149E+01  2.17440E-28  1.43354E+06  2.00000E-03 -2.13840E+00
  1.52085E+01  2.17445E-28  1.43356E+06  2.00000E-03 -2.13639E+00
  1.53021E+01  2.18283E-28  1.43721E+06  2.00000E-03 -1.80463E+00
  1.53957E+01  2.18497E-28  1.43814E+06  2.00000E-03 -1.72014E+00
  1.54893E+01  2.18497E-28  1.43814E+06  2.00000E-03 -1.72014E+00
  1.55828E+01  2.18497E-28  1.43814E+06  2.00000E-03 -1.72014E+00
  1.56764E+01  2.19344E-28  1.44183E+06  2.00000E-03 -1.37385E+00
  1.57700E+01  2.19582E-28  1.44286E+06  2.00000E-03 -1.27711E+00
  1.58636E+01  2.19582E-28  1.44286E+06  2.00000E-03 -1.27711E+00
  1.59572E+01  2.19452E-28  1.44230E+06  2.00000E-03 -1.29684E+00
  1.60507E+01  2.19493E-28  1.44247E+06  2.00000E-03 -1.22557E+00
  1.61443E+01  2.19904E-28  1.44425E+06  2.00000E-03 -1.05694E+00
  1.62379E+01  2.19828E-28  1.44392E+06  2.00000E-03 -1.05516E+00
  1.63315E+01  2.19700E-28  1.44336E+06  2.00000E-03 -1.05217E+00
  1.64251E+01  2.19665E-28  1.44320E+06  2.00000E-03 -1.00718E+00
  1.65186E+01  2.20011E-28  1.44470E+06  2.00000E-03 -9.07468E-01
  1.66122E+01  2.20010E-28  1.44470E+06  2.00000E-03 -9.07627E-01
  1.67058E+01  2.19963E-28  1.44449E+06  2.00000E-03 -9.13340E-01
  1.67994E+01  2.19990E-28  1.44460E+06  2.00000E-03 -9.08998E-01
  1.68930E+01  2.20139E-28  1.44525E+06  2.00000E-03 -8.78530E-01
  1.69865E+01  2.20139E-28  1.44524E+06  2.00000E-03 -8.76953E-01
  1.70801E+01  2.20137E-28  1.44524E+06  2.00000E-03 -8.74929E-01
  1.71737E+01  2.20137E-28  1.44523E+06  2.00000E-03 -8.74395E-01
  1.72673E+01  2.20129E-28  1.44519E+06  2.00000E-03 -8.90204E-01
  1.73609E+01  2.20128E-28  1.44519E+06  2.00000E-03 -8.92431E-01
  1.74544E+01  2.20128E-28  1.44519E+06  2.00000E-03 -8.92431E-01
  1.75480E+01  2.20128E-28  1.44519E+06  2.00000E-03 -8.92431E-01
  1.76416E+01  2.19887E-28  1.44412E+06  2.00000E-03 -9.67676E-01
  1.77352E+01  2.19812E-28  1.44380E+06  2.00000E-03 -9.48194E-01
  1.78288E+01  2.19782E-28  1.44366E+06  2.00000E-03 -9.25461E-01
  1.79223E+01  2.19722E-28  1.44340E+06  2.00000E-03 -8.80870E-01
  1.80159E+01  2.19531E-28  1.44256E+06  2.00000E-03 -9.63007E-01
  1.81095E+01  2.19417E-28  1.44205E+06  2.00000E-03 -1.01849E+00
  1.82031E+01  2.19417E-28  1.44205E+06  2.00000E-03 -1.01849E+00
  1.82967E+01  2.19417E-28  1.44205E+06  2.00000E-03 -1.01849E+00
  1.83902E+01  2.19271E-28  1.44141E+06  2.00000E-03 -1.07589E+00
  1.84838E+01  2.19094E-28  1.44063E+06  2.00000E-03 -1.14570E+00
  1.85774E+01  2.19094E-28  1.44063E+06  2.00000E-03 -1.14570E+00
  1.86710E+01  2.19094E-28  1.44063E+06  2.00000E-03 -1.14570E+00
  1.87646E+01  2.18996E-28  1.44020E+06  2.00000E-03 -1.17737E+00
  1.88581E+01  2.18847E-28  1.43954E+06  2.00000E-03 -1.22548E+00
  1.89517E+01  2.18847E-28  1.43954E+06  2.00000E-03 -1.22548E+00
  1.90453E+01  2.18847E-28  1.43955E+06  2.00000E-03 -1.22541E+00
  1.91389E+01  2.18824E-28  1.43945E+06  2.00000E-03 -1.18565E+00
  1.92325E+01  2.18664E-28  1.43876E+06  2.00000E-03 -1.24244E+00
  1.93260E+01  2.18658E-28  1.43873E+06  2.00000E-03 -1.24390E+00
  1.94196E+01  2.18649E-28  1.43869E+06  2.00000E-03 -1.24293E+00
  1.95132E+01  2.18579E-28  1.43838E+06  2.00000E-03 -1.23958E+00
  1.96068E+01  2.18500E-28  1.43808E+06  2.00000E-03 -1.34037E+00
  1.97004E+01  2.18481E-28  1.43800E+06  2.00000E-03 -1.35879E+00
  1.97939E+01  2.18481E-28  1.43800E+06  2.00000E-03 -1.35879E+00
  1.98875E+01  2.18481E-28  1.43800E+06  2.00000E-03 -1.35879E+00
  1.99811E+01  2.18481E-28  1.43800E+06  2.00000E-03 -1.35879E+00
  2.00747E+01  2.18481E-28  1.43800E+06  2.00000E-03 -1.35879E+00
  2.01683E+01  2.18481E-28  1.43800E+06  2.00000E-03 -1.35879E+00
  2.02618E+01  2.18481E-28  1.43800E+06  2.00000E-03 -1.35879E+00
  2.03554E+01  2.18284E-28  1.43712E+06  2.00000E-03 -1.46257E+00
  2.04490E+01  2.18136E-28  1.43645E+06  2.00000E-03 -1.54059E+00
  2.05426E+01  2.18136E-28  1.43645E+06  2.00000E-03 -1.54059E+00
  2.06362E+01  2.18128E-28  1.43642E+06  2.00000E-03 -1.53599E+00
  2.07297E+01  2.18090E-28  1.43625E+06  2.00000E-03 -1.51271E+00
  2.08233E+01  2.18079E-28  1.43620E+06  2.00000E-03 -1.50562E+00
  2.09169E+01  2.18063E-28  1.43613E+06  2.00000E-03 -1.49629E+00
  2.10105E+01  2.18024E-28  1.43596E+06  2.00000E-03 -1.47203E+00
  2.11041E+01  2.18007E-28  1.43589E+06  2.00000E-03 -1.44831E+00
  2.11976E+01  2.18034E-28  1.43599E+06  2.00000E-03 -1.41868E+00
  2.12912E+01  2.18034E-28  1.43599E+06  2.00000E-03 -1.41868E+00
  2.13848E+01  2.18034E-28  1.43599E+06  2.00000E-03 -1.41868E+00
  2.14784E+01  2.18034E-28  1.43599E+06  2.00000E-03 -1.41868E+00
  2.15720E+01  2.18017E-28  1.43592E+06  2.00000E-03 -1.43947E+00
  2.16655E+01  2.18010E-28  1.43589E+06  2.00000E-03 -1.44790E+00
  2.17591E+01  2.18015E-28  1.43591E+06  2.00000E-03 -1.44161E+00
  2.18527E+01  2.18003E-28  1.43586E+06  2.00000E-03 -1.44996E+00
  2.19463E+01  2.17837E-28  1.43512E+06  2.00000E-03 -1.44736E+00
  2.20399E+01  2.17827E-28  1.43507E+06  2.00000E-03 -1.45034E+00
  2.21334E+01  2.17790E-28  1.43491E+06  2.00000E-03 -1.48102E+00
  2.22270E+01  2.17784E-28  1.43489E+06  2.00000E-03 -1.48550E+00
  2.23206E+01  2.17784E-28  1.43489E+06  2.00000E-03 -1.48550E+00
  2.24142E+01  2.17784E-28  1.43489E+06  2.00000E-03 -1.48550E+00
  2.25078E+01  2.17784E-28  1.43489E+06  2.00000E-03 -1.48550E+00
  2.26013E+01  2.17784E-28  1.43489E+06  2.00000E-03 -1.48550E+00
  2.26949E+01  2.17610E-28  1.43412E+06  2.00000E-03 -1.49227E+00
  2.27885E+01  2.17470E-28  1.43350E+06  2.00000E-03 -1.49767E+00
  2.28821E+01  2.17470E-28  1.43350E+06  2.00000E-03 -1.49767E+00
  2.29757E+01  2.17470E-28  1.43350E+06  2.00000E-03 -1.49767E+00
  2.30692E+01  2.17470E-28  1.43350E+06  2.00000E-03 -1.49767E+00
  2.31628E+01  2.17470E-28  1.43350E+06  2.00000E-03 -1.49767E+00
  2.32564E+01  2.17470E-28  1.43350E+06  2.00000E-03 -1.49767E+00
  2.33500E+01  2.17470E-28  1.43350E+06  2.00000E-03 -1.49767E+00
  2.34436E+01  2.17422E-28  1.43328E+06  2.00000E-03 -1.49657E+00
  2.35371E+01  2.17180E-28  1.43222E+06  2.00000E-03 -1.49113E+00
  2.36307E+01  2.17180E-28  1.43222E+06  2.00000E-03 -1.49113E+00
  2.37243E+01  2.17180E-28  1.43222E+06  2.00000E-03 -1.49113E+00
  2.38179E+01  2.17292E-28  1.43271E+06  2.00000E-03 -1.44502E+00
  2.39114E+01  2.17328E-28  1.43287E+06  2.00000E-03 -1.43030E+00
  2.40050E+01  2.17383E-28  1.43311E+06  2.00000E-03 -1.40785E+00
  2.40986E+01  2.17458E-28  1.43344E+06  2.00000E-03 -1.37734E+00
  2.41922E+01  2.17586E-28  1.43400E+06  2.00000E-03 -1.32485E+00
  2.42858E+01  2.17274E-28  1.43263E+06  2.00000E-03 -1.41458E+00
  2.43793E+01  2.17226E-28  1.43242E+06  2.00000E-03 -1.42848E+00
  2.44729E+01  2.17226E-28  1.43242E+06  2.00000E-03 -1.42848E+00
  2.45665E+01  2.17226E-28  1.43242E+06  2.00000E-03 -1.42848E+00
  2.46601E+01  2.17226E-28  1.43242E+06  2.00000E-03 -1.42848E+00
  2.47537E+01  2.17226E-28  1.43242E+06  2.00000E-03 -1.42848E+00
  2.48472E+01  2.17226E-28  1.43242E+06  2.00000E-03 -1.42848E+00
  2.49408E+01  2.17226E-28  1.43242E+06  2.00000E-03 -1.42848E+00
