 -2.48437E+01  2.15892E-28  1.42670E+06  2.00000E-03  9.84081E+00
 -2.47501E+01  2.15892E-28  1.42670E+06  2.00000E-03  9.84081E+00
 -2.46565E+01  2.15892E-28  1.42670E+06  2.00000E-03  9.84081E+00
 -2.45629E+01  2.15892E-28  1.42670E+06  2.00000E-03  9.84081E+00
 -2.44693E+01  2.15892E-28  1.42670E+06  2.00000E-03  9.84081E+00
 -2.43758E+01  2.15892E-28  1.42670E+06  2.00000E-03  9.84081E+00
 -2.42822E+01  2.15892E-28  1.42670E+06  2.00000E-03  9.84081E+00
 -2.41886E+01  2.15877E-28  1.42663E+06  2.00000E-03  9.86662E+00
 -2.40950E+01  2.15703E-28  1.42588E+06  2.00000E-03  1.01727E+01
 -2.40014E+01  2.15703E-28  1.42588E+06  2.00000E-03  1.01727E+01
 -2.39079E+01  2.15703E-28  1.42588E+06  2.00000E-03  1.01727E+01
 -2.38143E+01  2.15703E-28  1.42588E+06  2.00000E-03  1.01727E+01
 -2.37207E+01  2.15703E-28  1.42588E+06  2.00000E-03  1.01727E+01
 -2.36271E+01  2.15703E-28  1.42588E+06  2.00000E-03  1.01727E+01
 -2.35335E+01  2.15703E-28  1.42588E+06  2.00000E-03  1.01727E+01
 -2.34400E+01  2.15703E-28  1.42588E+06  2.00000E-03  1.01727E+01
 -2.33464E+01  2.15490E-28  1.42495E+06  2.00000E-03  1.05013E+01
 -2.32528E+01  2.15446E-28  1.42475E+06  2.00000E-03  1.05701E+01
 -2.31592E+01  2.15446E-28  1.42475E+06  2.00000E-03  1.05701E+01
 -2.30656E+01  2.15446E-28  1.42475E+06  2.00000E-03  1.05701E+01
 -2.29721E+01  2.15454E-28  1.42479E+06  2.00000E-03  1.05631E+01
 -2.28785E+01  2.15471E-28  1.42487E+06  2.00000E-03  1.05495E+01
 -2.27849E+01  2.15460E-28  1.42482E+06  2.00000E-03  1.05855E+01
 -2.26913E+01  2.15443E-28  1.42475E+06  2.00000E-03  1.06366E+01
 -2.25977E+01  2.15224E-28  1.42379E+06  2.00000E-03  1.09420E+01
 -2.25042E+01  2.15027E-28  1.42293E+06  2.00000E-03  1.12086E+01
 -2.24106E+01  2.15010E-28  1.42286E+06  2.00000E-03  1.12426E+01
 -2.23170E+01  2.14974E-28  1.42270E+06  2.00000E-03  1.13148E+01
 -2.22234E+01  2.14937E-28  1.42253E+06  2.00000E-03  1.13887E+01
 -2.21298E+01  2.14937E-28  1.42253E+06  2.00000E-03  1.13887E+01
 -2.20363E+01  2.14937E-28  1.42253E+06  2.00000E-03  1.13887E+01
 -2.19427E+01  2.14937E-28  1.42254E+06  2.00000E-03  1.13887E+01
 -2.18491E+01  2.14887E-28  1.42232E+06  2.00000E-03  1.14760E+01
 -2.17555E+01  2.14678E-28  1.42141E+06  2.00000E-03  1.18417E+01
 -2.16619E+01  2.14677E-28  1.42141E+06  2.00000E-03  1.18417E+01
 -2.15684E+01  2.14677E-28  1.42141E+06  2.00000E-03  1.18417E+01
 -2.14748E+01  2.14677E-28  1.42141E+06  2.00000E-03  1.18417E+01
 -2.13812E+01  2.14677E-28  1.42141E+06  2.00000E-03  1.18417E+01
 -2.12876E+01  2.14677E-28  1.42141E+06  2.00000E-03  1.18417E+01
 -2.11940E+01  2.14678E-28  1.42141E+06  2.00000E-03  1.18417E+01
 -2.11005E+01  2.14678E-28  1.42141E+06  2.00000E-03  1.18417E+01
 -2.10069E+01  2.14778E-28  1.42187E+06  2.00000E-03  1.19949E+01
 -2.09133E+01  2.14792E-28  1.42193E+06  2.00000E-03  1.20160E+01
 -2.08197E+01  2.14792E-28  1.42193E+06  2.00000E-03  1.20160E+01
 -2.07261E+01  2.14792E-28  1.42193E+06  2.00000E-03  1.20160E+01
 -2.06326E+01  2.14792E-28  1.42193E+06  2.00000E-03  1.20160E+01
 -2.05390E+01  2.14792E-28  1.42193E+06  2.00000E-03  1.20160E+01
 -2.04454E+01  2.14792E-28  1.42193E+06  2.00000E-03  1.20160E+01
 -2.03518E+01  2.14792E-28  1.42193E+06  2.00000E-03  1.20160E+01
 -2.02582E+01  2.15009E-28  1.42291E+06  2.00000E-03  1.19814E+01
 -2.01647E+01  2.15255E-28  1.42402E+06  2.00000E-03  1.19422E+01
 -2.00711E+01  2.15255E-28  1.42402E+06  2.00000E-03  1.19422E+01
 -1.99775E+01  2.15255E-28  1.42402E+06  2.00000E-03  1.19422E+01
 -1.98839E+01  2.15255E-28  1.42402E+06  2.00000E-03  1.19393E+01
 -1.97903E+01  2.15256E-28  1.42403E+06  2.00000E-03  1.18883E+01
 -1.96968E+01  2.15257E-28  1.42404E+06  2.00000E-03  1.18668E+01
 -1.96032E+01  2.15257E-28  1.42405E+06  2.00000E-03  1.18295E+01
 -1.95096E+01  2.15286E-28  1.42418E+06  2.00000E-03  1.18118E+01
 -1.94160E+01  2.15471E-28  1.42500E+06  2.00000E-03  1.19127E+01
 -1.93224E+01  2.15471E-28  1.42500E+06  2.00000E-03  1.19127E+01
 -1.92289E+01  2.15471E-28  1.42500E+06  2.00000E-03  1.19127E+01
 -1.91353E+01  2.15471E-28  1.42500E+06  2.00000E-03  1.19127E+01
 -1.90417E+01  2.15489E-28  1.42509E+06  2.00000E-03  1.20422E+01
 -1.89481E+01  2.15490E-28  1.42510E+06  2.00000E-03  1.20547E+01
 -1.88545E+01  2.15490E-28  1.42510E+06  2.00000E-03  1.20547E+01
 -1.87610E+01  2.15490E-28  1.42510E+06  2.00000E-03  1.20547E+01
 -1.86674E+01  2.15449E-28  1.42493E+06  2.00000E-03  1.21996E+01
 -1.85738E+01  2.15441E-28  1.42490E+06  2.00000E-03  1.22287E+01
 -1.84802E+01  2.15441E-28  1.42490E+06  2.00000E-03  1.22287E+01
 -1.83866E+01  2.15441E-28  1.42490E+06  2.00000E-03  1.22287E+01
 -1.82931E+01  2.15312E-28  1.42433E+06  2.00000E-03  1.24021E+01
 -1.81995E+01  2.15225E-28  1.42395E+06  2.00000E-03  1.24975E+01
 -1.81059E+01  2.15203E-28  1.42386E+06  2.00000E-03  1.25065E+01
 -1.80123E+01  2.15193E-28  1.42381E+06  2.00000E-03  1.25107E+01
 -1.79187E+01  2.15149E-28  1.42362E+06  2.00000E-03  1.26416E+01
 -1.78252E+01  2.15121E-28  1.42350E+06  2.00000E-03  1.28142E+01
 -1.77316E+01  2.15155E-28  1.42365E+06  2.00000E-03  1.28241E+01
 -1.76380E+01  2.15161E-28  1.42368E+06  2.00000E-03  1.28258E+01
 -1.75444E+01  2.15138E-28  1.42358E+06  2.00000E-03  1.28984E+01
 -1.74508E+01  2.15161E-28  1.42367E+06  2.00000E-03  1.30708E+01
 -1.73573E+01  2.15199E-28  1.42384E+06  2.00000E-03  1.30730E+01
 -1.72637E+01  2.15268E-28  1.42414E+06  2.00000E-03  1.30769E+01
 -1.71701E+01  2.15269E-28  1.42415E+06  2.00000E-03  1.30896E+01
 -1.70765E+01  2.15287E-28  1.42423E+06  2.00000E-03  1.32847E+01
 -1.69829E+01  2.15287E-28  1.42423E+06  2.00000E-03  1.32866E+01
 -1.68894E+01  2.15287E-28  1.42423E+06  2.00000E-03  1.32866E+01
 -1.67958E+01  2.15287E-28  1.42423E+06  2.00000E-03  1.32866E+01
 -1.67022E+01  2.15339E-28  1.42447E+06  2.00000E-03  1.34500E+01
 -1.66086E+01  2.15347E-28  1.42451E+06  2.00000E-03  1.34495E+01
 -1.65150E+01  2.15349E-28  1.42452E+06  2.00000E-03  1.34460E+01
 -1.64215E+01  2.15364E-28  1.42459E+06  2.00000E-03  1.34228E+01
 -1.63279E+01  2.15469E-28  1.42506E+06  2.00000E-03  1.35160E+01
 -1.62343E+01  2.15495E-28  1.42518E+06  2.00000E-03  1.35408E+01
 -1.61407E+01  2.15495E-28  1.42518E+06  2.00000E-03  1.35408E+01
 -1.60471E+01  2.15495E-28  1.42518E+06  2.00000E-03  1.35408E+01
 -1.59536E+01  2.15606E-28  1.42568E+06  2.00000E-03  1.35710E+01
 -1.58600E+01  2.15692E-28  1.42606E+06  2.00000E-03  1.35941E+01
 -1.57664E+01  2.15692E-28  1.42606E+06  2.00000E-03  1.35941E+01
 -1.56728E+01  2.15692E-28  1.42606E+06  2.00000E-03  1.35941E+01
 -1.55792E+01  2.15809E-28  1.42658E+06  2.00000E-03  1.35845E+01
 -1.54857E+01  2.15969E-28  1.42730E+06  2.00000E-03  1.35715E+01
 -1.53921E+01  2.15979E-28  1.42734E+06  2.00000E-03  1.35719E+01
 -1.52985E+01  2.16072E-28  1.42775E+06  2.00000E-03  1.35753E+01
 -1.52049E+01  2.16173E-28  1.42820E+06  2.00000E-03  1.35593E+01
 -1.51114E+01  2.16367E-28  1.42907E+06  2.00000E-03  1.35221E+01
 -1.50178E+01  2.16375E-28  1.42910E+06  2.00000E-03  1.35269E+01
 -1.49242E+01  2.16393E-28  1.42918E+06  2.00000E-03  1.35400E+01
 -1.48306E+01  2.16402E-28  1.42923E+06  2.00000E-03  1.35806E+01
 -1.47370E+01  2.16406E-28  1.42926E+06  2.00000E-03  1.37018E+01
 -1.46435E+01  2.16407E-28  1.42927E+06  2.00000E-03  1.37060E+01
 -1.45499E+01  2.16407E-28  1.42927E+06  2.00000E-03  1.37060E+01
 -1.44563E+01  2.16408E-28  1.42927E+06  2.00000E-03  1.37057E+01
 -1.43627E+01  2.16457E-28  1.42950E+06  2.00000E-03  1.37120E+01
 -1.42691E+01  2.16417E-28  1.42932E+06  2.00000E-03  1.37474E+01
 -1.41756E+01  2.16309E-28  1.42886E+06  2.00000E-03  1.38801E+01
 -1.40820E+01  2.16271E-28  1.42869E+06  2.00000E-03  1.39211E+01
 -1.39884E+01  2.16151E-28  1.42817E+06  2.00000E-03  1.40547E+01
 -1.38948E+01  2.16136E-28  1.42811E+06  2.00000E-03  1.40758E+01
 -1.38012E+01  2.16109E-28  1.42798E+06  2.00000E-03  1.41500E+01
 -1.37077E+01  2.16088E-28  1.42788E+06  2.00000E-03  1.42067E+01
 -1.36141E+01  2.16058E-28  1.42779E+06  2.00000E-03  1.42898E+01
 -1.35205E+01  2.16066E-28  1.42787E+06  2.00000E-03  1.43522E+01
 -1.34269E+01  2.16108E-28  1.42802E+06  2.00000E-03  1.44512E+01
 -1.33333E+01  2.16175E-28  1.42834E+06  2.00000E-03  1.45329E+01
 -1.32398E+01  2.16272E-28  1.42866E+06  2.00000E-03  1.46760E+01
 -1.31462E+01  2.16383E-28  1.42895E+06  2.00000E-03  1.49261E+01
 -1.30526E+01  2.16412E-28  1.42918E+06  1.99999E-03  1.50503E+01
 -1.29590E+01  2.16512E-28  1.43016E+06  1.99995E-03  1.52829E+01
 -1.28654E+01  2.16523E-28  1.43043E+06  1.99989E-03  1.52723E+01
 -1.27719E+01  2.16736E-28  1.43190E+06  1.99963E-03  1.53005E+01
 -1.26783E+01  2.16826E-28  1.43147E+06  1.99943E-03  1.52390E+01
 -1.25847E+01  2.17222E-28  1.42983E+06  1.99851E-03  1.49269E+01
 -1.24911E+01  2.17310E-28  1.43022E+06  1.99854E-03  1.48718E+01
 -1.23975E+01  2.18443E-28  1.42464E+06  1.99666E-03  1.46509E+01
 -1.23040E+01  2.19190E-28  1.41981E+06  1.99505E-03  1.42766E+01
 -1.22104E+01  2.25335E-28  1.38222E+06  1.98250E-03  1.34271E+01
 -1.21168E+01  2.26722E-28  1.37402E+06  1.97977E-03  1.32417E+01
 -1.20232E+01  2.32830E-28  1.34046E+06  1.96734E-03  1.30318E+01
 -1.19296E+01  2.31606E-28  1.34798E+06  1.96981E-03  1.31890E+01
 -1.18361E+01  2.28557E-28  1.36656E+06  1.97579E-03  1.35678E+01
 -1.17425E+01  2.35982E-28  1.32372E+06  1.96057E-03  1.24288E+01
 -1.16489E+01  2.32332E-28  1.34486E+06  1.96746E-03  1.21705E+01
 -1.15553E+01  2.30682E-28  1.35423E+06  1.97095E-03  1.21310E+01
 -1.14617E+01  2.33724E-28  1.33542E+06  1.96368E-03  1.11738E+01
 -1.13682E+01  2.37931E-28  1.31117E+06  1.95457E-03  1.01156E+01
 -1.12746E+01  2.57186E-28  1.21209E+06  1.90707E-03  9.30993E+00
 -1.11810E+01  2.83289E-28  1.10107E+06  1.85529E-03  7.95348E+00
 -1.10874E+01  3.91712E-28  7.95334E+05  1.69140E-03  5.78350E+00
 -1.09938E+01  4.29588E-28  7.24348E+05  1.64599E-03  6.16550E+00
 -1.09003E+01  4.46267E-28  6.95651E+05  1.62290E-03  6.67649E+00
 -1.08067E+01  5.14736E-28  6.00884E+05  1.56783E-03  6.26580E+00
 -1.07131E+01  5.11153E-28  6.04486E+05  1.56950E-03  6.50098E+00
 -1.06195E+01  4.97914E-28  6.18215E+05  1.57601E-03  7.38349E+00
 -1.05259E+01  4.68381E-28  6.57416E+05  1.59966E-03  6.86926E+00
 -1.04324E+01  3.49097E-28  8.80049E+05  1.70430E-03  1.02884E+01
 -1.03388E+01  3.35834E-28  9.15087E+05  1.72067E-03  1.01889E+01
 -1.02452E+01  2.62363E-28  1.17107E+06  1.84696E-03  1.37981E+01
 -1.01516E+01  2.62094E-28  1.17298E+06  1.85040E-03  1.44971E+01
 -1.00580E+01  2.24632E-28  1.36928E+06  1.95689E-03  1.72072E+01
 -9.96446E+00  2.23033E-28  1.37993E+06  1.95974E-03  1.62580E+01
 -9.87088E+00  2.16561E-28  1.42191E+06  1.99294E-03  1.92406E+01
 -9.77730E+00  2.15986E-28  1.42576E+06  1.99598E-03  1.95140E+01
 -9.68372E+00  2.15305E-28  1.43022E+06  1.99877E-03  2.19846E+01
 -9.59014E+00  2.15229E-28  1.43078E+06  1.99912E-03  2.24390E+01
 -9.49656E+00  2.15141E-28  1.43000E+06  1.99921E-03  2.33302E+01
 -9.40298E+00  2.15299E-28  1.42830E+06  1.99884E-03  2.41936E+01
 -9.30940E+00  2.16081E-28  1.42267E+06  1.99631E-03  2.48981E+01
 -9.21582E+00  2.17006E-28  1.41515E+06  1.99299E-03  2.53706E+01
 -9.12224E+00  2.17740E-28  1.40890E+06  1.99023E-03  2.56218E+01
 -9.02866E+00  2.18426E-28  1.40326E+06  1.98764E-03  2.57430E+01
 -8.93508E+00  2.19764E-28  1.39310E+06  1.98249E-03  2.55699E+01
 -8.84150E+00  2.21412E-28  1.38151E+06  1.97613E-03  2.52769E+01
 -8.74792E+00  2.23066E-28  1.37027E+06  1.96970E-03  2.48540E+01
 -8.65434E+00  2.27551E-28  1.34125E+06  1.95243E-03  2.39345E+01
 -8.56076E+00  2.31769E-28  1.31536E+06  1.93627E-03  2.28963E+01
 -8.46718E+00  2.31832E-28  1.31382E+06  1.93465E-03  2.22208E+01
 -8.37360E+00  2.30663E-28  1.31936E+06  1.93739E-03  2.17450E+01
 -8.28002E+00  2.30814E-28  1.31812E+06  1.93676E-03  2.07856E+01
 -8.18644E+00  2.33150E-28  1.30579E+06  1.92989E-03  1.93766E+01
 -8.09286E+00  2.40392E-28  1.26937E+06  1.90850E-03  1.68615E+01
 -7.99928E+00  2.49409E-28  1.22604E+06  1.88245E-03  1.22445E+01
 -7.90570E+00  2.51884E-28  1.21664E+06  1.87685E-03  9.60919E+00
 -7.81212E+00  2.65368E-28  1.15881E+06  1.84003E-03  6.05979E+00
 -7.71854E+00  3.02752E-28  1.01973E+06  1.75633E-03  3.61230E+00
 -7.62496E+00  3.20425E-28  9.65697E+05  1.72480E-03  2.08407E+00
 -7.53138E+00  3.17903E-28  9.75320E+05  1.72840E-03  3.92619E-01
 -7.43780E+00  3.04764E-28  1.01729E+06  1.74938E-03 -4.33648E-01
 -7.34422E+00  3.02624E-28  1.02389E+06  1.75171E-03 -8.61835E-01
 -7.25064E+00  2.99433E-28  1.03502E+06  1.75948E-03 -2.33476E+00
 -7.15706E+00  2.93118E-28  1.05740E+06  1.78032E-03 -4.72395E+00
 -7.06348E+00  2.95895E-28  1.04765E+06  1.79488E-03 -7.36217E+00
 -6.96990E+00  3.18925E-28  9.74251E+05  1.77367E-03 -1.03581E+01
 -6.87632E+00  3.40137E-28  9.17749E+05  1.74537E-03 -1.09435E+01
 -6.78274E+00  3.51669E-28  8.96533E+05  1.70801E-03 -9.70441E+00
 -6.68916E+00  3.69961E-28  8.57946E+05  1.67641E-03 -7.16679E+00
 -6.59558E+00  3.66605E-28  8.68613E+05  1.66176E-03 -5.03997E+00
 -6.50200E+00  3.66162E-28  8.69369E+05  1.65896E-03 -3.24118E+00
 -6.40842E+00  3.65740E-28  8.64574E+05  1.65720E-03 -3.07950E+00
 -6.31484E+00  3.67922E-28  8.52329E+05  1.65411E-03 -3.47056E+00
 -6.22126E+00  3.84475E-28  8.11901E+05  1.63770E-03 -1.64461E+00
 -6.12768E+00  4.03681E-28  7.65822E+05  1.61642E-03 -3.43838E-01
 -6.03410E+00  4.10635E-28  7.43815E+05  1.60662E-03  1.14490E+00
 -5.94052E+00  4.09834E-28  7.37724E+05  1.60303E-03  2.14630E+00
 -5.84694E+00  3.98683E-28  7.50583E+05  1.60527E-03  4.92494E+00
 -5.75336E+00  3.81594E-28  7.79765E+05  1.61858E-03  8.85821E+00
 -5.65978E+00  3.63368E-28  8.18185E+05  1.63905E-03  1.15317E+01
 -5.56621E+00  3.29955E-28  9.02331E+05  1.69351E-03  1.71125E+01
 -5.47263E+00  3.05318E-28  9.78541E+05  1.74244E-03  1.92508E+01
 -5.37905E+00  2.71301E-28  1.10651E+06  1.82231E-03  2.23904E+01
 -5.28547E+00  2.60190E-28  1.15778E+06  1.85464E-03  2.32652E+01
 -5.19189E+00  2.57443E-28  1.17402E+06  1.86754E-03  2.37456E+01
 -5.09831E+00  2.57126E-28  1.17950E+06  1.87457E-03  2.41387E+01
 -5.00473E+00  2.59715E-28  1.17135E+06  1.87103E-03  2.41410E+01
 -4.91115E+00  2.67352E-28  1.14148E+06  1.85235E-03  2.32262E+01
 -4.81757E+00  2.70051E-28  1.13269E+06  1.84511E-03  2.21319E+01
 -4.72399E+00  2.69125E-28  1.14001E+06  1.84459E-03  2.05778E+01
 -4.63041E+00  2.78511E-28  1.10674E+06  1.81784E-03  1.71859E+01
 -4.53683E+00  2.99030E-28  1.03377E+06  1.77948E-03  1.43819E+01
 -4.44325E+00  3.24609E-28  9.54730E+05  1.74556E-03  1.12083E+01
 -4.34967E+00  3.38005E-28  9.18974E+05  1.73103E-03  8.07540E+00
 -4.25609E+00  3.46954E-28  8.97428E+05  1.71933E-03  6.91923E+00
 -4.16251E+00  4.10959E-28  7.60737E+05  1.66871E-03  6.74622E+00
 -4.06893E+00  5.15737E-28  6.08239E+05  1.62516E-03  3.79952E+00
 -3.97535E+00  7.22764E-28  4.34170E+05  1.55449E-03 -2.63831E+00
 -3.88177E+00  2.15414E-27  1.41865E+05  1.39036E-03 -1.08712E+01
 -3.78819E+00  5.25725E-27  5.23621E+04  1.32866E-03 -1.44705E+01
 -3.69461E+00  5.60114E-27  4.55224E+04  1.32667E-03 -1.43434E+01
 -3.60103E+00  2.24081E-27  1.20055E+05  1.37721E-03 -8.77480E+00
 -3.50745E+00  9.76765E-28  2.91871E+05  1.45470E-03 -6.37782E+00
 -3.41387E+00  5.45314E-28  5.33735E+05  1.53570E-03 -6.38877E+00
 -3.32029E+00  3.96592E-28  7.37188E+05  1.60590E-03 -4.65014E+00
 -3.22671E+00  4.76019E-28  6.07648E+05  1.57364E-03 -2.93037E+00
 -3.13313E+00  6.73091E-28  4.30571E+05  1.50089E-03  1.44044E+00
 -3.03955E+00  1.71647E-27  1.66199E+05  1.42324E-03 -2.60239E+00
 -2.94597E+00  1.91732E-27  1.51235E+05  1.44304E-03 -7.32510E+00
 -2.85239E+00  1.76464E-27  1.69585E+05  1.44668E-03 -1.15988E+01
 -2.75881E+00  1.55386E-27  1.98765E+05  1.44389E-03 -1.25321E+01
 -2.66523E+00  1.51110E-27  2.07258E+05  1.44633E-03 -1.02415E+01
 -2.57165E+00  1.46367E-27  2.15566E+05  1.45232E-03 -8.01602E+00
 -2.47807E+00  1.28536E-27  2.47634E+05  1.47191E-03 -3.18228E+00
 -2.38449E+00  1.04737E-27  3.04561E+05  1.49878E-03  1.29221E+00
 -2.29091E+00  6.81996E-28  4.69046E+05  1.57686E-03  7.20115E+00
 -2.19733E+00  4.46081E-28  7.18706E+05  1.69446E-03  1.40839E+01
 -2.10375E+00  3.41671E-28  9.38867E+05  1.79148E-03  1.98580E+01
 -2.01017E+00  2.78231E-28  1.15209E+06  1.86773E-03  2.52891E+01
 -1.91659E+00  2.57760E-28  1.24298E+06  1.89580E-03  2.75815E+01
 -1.82301E+00  2.51709E-28  1.26943E+06  1.90153E-03  2.87692E+01
 -1.72943E+00  2.49563E-28  1.27685E+06  1.90322E-03  2.95900E+01
 -1.63585E+00  2.50008E-28  1.27131E+06  1.90039E-03  2.98651E+01
 -1.54227E+00  2.48912E-28  1.27220E+06  1.90240E-03  3.01253E+01
 -1.44869E+00  2.44492E-28  1.28995E+06  1.91397E-03  3.07278E+01
 -1.35511E+00  2.37621E-28  1.32117E+06  1.93330E-03  3.16697E+01
 -1.26153E+00  2.30317E-28  1.35456E+06  1.95507E-03  3.29043E+01
 -1.16795E+00  2.23448E-28  1.38896E+06  1.97672E-03  3.38305E+01
 -1.07437E+00  2.18037E-28  1.41402E+06  1.99115E-03  3.48470E+01
 -9.80792E-01  2.16656E-28  1.41236E+06  1.99302E-03  3.58746E+01
 -8.87212E-01  2.15624E-28  1.40767E+06  1.99358E-03  3.68210E+01
 -7.93632E-01  2.13667E-28  1.41009E+06  1.99628E-03  3.73380E+01
 -7.00053E-01  2.12203E-28  1.41363E+06  1.99867E-03  3.73164E+01
 -6.06473E-01  2.11226E-28  1.40942E+06  1.99930E-03  3.79511E+01
 -5.12893E-01  2.10516E-28  1.40604E+06  1.99958E-03  3.83580E+01
 -4.19313E-01  2.10268E-28  1.40458E+06  1.99988E-03  3.79424E+01
 -3.25733E-01  2.10259E-28  1.40363E+06  1.99995E-03  3.70435E+01
 -2.32153E-01  2.10309E-28  1.40323E+06  1.99997E-03  3.62492E+01
 -1.38573E-01  2.10358E-28  1.40299E+06  1.99998E-03  3.52225E+01
 -4.49936E-02  2.10384E-28  1.40279E+06  1.99999E-03  3.38925E+01
  4.85862E-02  2.10965E-28  1.40519E+06  2.00000E-03  3.20271E+01
  1.42166E-01  2.11191E-28  1.40619E+06  2.00000E-03  2.99079E+01
  2.35746E-01  2.11340E-28  1.40686E+06  2.00000E-03  2.79633E+01
  3.29326E-01  2.11553E-28  1.40777E+06  2.00000E-03  2.61513E+01
  4.22906E-01  2.11771E-28  1.40859E+06  2.00000E-03  2.35403E+01
  5.16486E-01  2.11718E-28  1.40822E+06  2.00000E-03  2.25995E+01
  6.10065E-01  2.11193E-28  1.40661E+06  1.99998E-03  2.14440E+01
  7.03645E-01  2.10530E-28  1.40575E+06  1.99981E-03  2.23131E+01
  7.97225E-01  2.14147E-28  1.37042E+06  1.98454E-03  2.42594E+01
  8.90805E-01  2.49364E-28  1.16274E+06  1.88729E-03  2.64841E+01
  9.84385E-01  3.54079E-28  8.00131E+05  1.70504E-03  2.57780E+01
  1.07796E+00  5.50178E-28  5.00975E+05  1.54262E-03  2.21414E+01
  1.17154E+00  6.07543E-28  4.50992E+05  1.51845E-03  1.89107E+01
  1.26512E+00  4.27919E-28  6.58792E+05  1.61948E-03  2.07108E+01
  1.35870E+00  3.76363E-28  7.60173E+05  1.67908E-03  1.41573E+01
  1.45228E+00  3.11174E-28  9.28801E+05  1.76650E-03  8.27483E+00
  1.54586E+00  3.44785E-28  8.37718E+05  1.70116E-03  6.21295E+00
  1.63944E+00  6.53732E-28  4.32795E+05  1.49578E-03  9.69567E-01
  1.73302E+00  7.22232E-28  3.83394E+05  1.45985E-03  1.67411E+00
  1.82660E+00  8.29101E-28  3.22699E+05  1.42489E-03 -1.73426E+00
  1.92018E+00  8.37224E-28  3.10576E+05  1.41631E-03 -5.10254E+00
  2.01376E+00  8.05365E-28  3.14730E+05  1.41490E-03 -3.36142E+00
  2.10734E+00  7.43481E-28  3.37032E+05  1.42389E-03 -4.69925E+00
  2.20092E+00  6.57958E-28  3.80747E+05  1.45337E-03 -7.67657E+00
  2.29450E+00  5.46703E-28  4.65238E+05  1.51329E-03 -1.01171E+01
  2.38808E+00  4.44199E-28  5.84979E+05  1.58749E-03 -8.09659E+00
  2.48166E+00  4.17929E-28  6.34654E+05  1.61874E-03 -6.29372E+00
  2.57524E+00  4.58163E-28  5.84144E+05  1.59127E-03 -4.15870E+00
  2.66882E+00  5.04871E-28  5.34436E+05  1.56055E-03 -2.82536E+00
  2.76240E+00  5.37932E-28  5.08781E+05  1.52712E-03 -1.79066E+00
  2.85598E+00  4.65743E-28  5.95389E+05  1.55850E-03 -2.64405E+00
  2.94956E+00  3.53920E-28  7.88716E+05  1.65504E-03 -5.22184E+00
  3.04314E+00  3.78243E-28  7.42330E+05  1.63346E-03 -1.09823E+01
  3.13672E+00  6.03464E-28  4.74480E+05  1.50708E-03 -1.14633E+01
  3.23030E+00  7.14788E-28  4.09047E+05  1.47248E-03 -1.22739E+01
  3.32388E+00  6.19129E-28  4.73358E+05  1.49352E-03 -1.42153E+01
  3.41746E+00  5.88376E-28  4.97186E+05  1.49178E-03 -1.54075E+01
  3.51104E+00  7.53119E-28  3.86793E+05  1.44420E-03 -1.64620E+01
  3.60462E+00  8.88510E-28  3.23902E+05  1.42869E-03 -1.71536E+01
  3.69820E+00  7.84602E-28  3.61771E+05  1.43874E-03 -1.72688E+01
  3.79178E+00  6.75549E-28  4.13463E+05  1.45308E-03 -1.51590E+01
  3.88536E+00  6.32113E-28  4.35824E+05  1.46156E-03 -1.28394E+01
  3.97894E+00  6.10404E-28  4.42559E+05  1.46544E-03 -7.55101E+00
  4.07252E+00  6.08321E-28  4.38847E+05  1.46660E-03 -2.15076E+00
  4.16610E+00  6.08335E-28  4.35958E+05  1.47009E-03  3.44821E+00
  4.25968E+00  5.95743E-28  4.46796E+05  1.48103E-03  8.52875E+00
  4.35326E+00  5.83976E-28  4.57585E+05  1.48673E-03  9.52038E+00
  4.44684E+00  5.71401E-28  4.71668E+05  1.49250E-03  9.64960E+00
  4.54042E+00  5.83308E-28  4.66772E+05  1.48873E-03  7.01446E+00
  4.63400E+00  5.81533E-28  4.72221E+05  1.48884E-03  3.19709E+00
  4.72758E+00  4.89800E-28  5.64680E+05  1.52995E-03 -7.65003E+00
  4.82116E+00  4.15695E-28  6.66951E+05  1.58332E-03 -1.59110E+01
  4.91474E+00  2.92526E-28  9.47606E+05  1.74822E-03 -2.90028E+01
  5.00832E+00  2.40578E-28  1.15372E+06  1.87033E-03 -3.49333E+01
  5.10190E+00  2.14710E-28  1.28808E+06  1.95213E-03 -4.32820E+01
  5.19548E+00  2.13180E-28  1.29662E+06  1.95704E-03 -4.66241E+01
  5.28906E+00  2.12732E-28  1.29587E+06  1.95857E-03 -4.87888E+01
  5.38264E+00  2.15773E-28  1.27379E+06  1.94854E-03 -4.67612E+01
  5.47622E+00  2.16823E-28  1.27021E+06  1.94586E-03 -4.45381E+01
  5.56980E+00  2.14778E-28  1.28114E+06  1.95265E-03 -4.15857E+01
  5.66338E+00  2.16245E-28  1.26340E+06  1.94542E-03 -3.86334E+01
  5.75696E+00  2.14974E-28  1.25931E+06  1.94603E-03 -3.70199E+01
  5.85054E+00  2.04809E-28  1.30915E+06  1.97504E-03 -3.74220E+01
  5.94412E+00  2.00655E-28  1.30730E+06  1.97909E-03 -3.53714E+01
  6.03770E+00  2.01660E-28  1.26092E+06  1.94812E-03 -3.36977E+01
  6.13128E+00  2.43032E-28  1.01090E+06  1.74586E-03 -2.72205E+01
  6.22486E+00  4.85261E-28  4.92493E+05  1.45293E-03 -2.32783E+01
  6.31844E+00  2.77966E-27  8.43196E+04  1.25310E-03 -2.24584E+01
  6.41202E+00  7.86575E-27  2.99028E+04  1.23424E-03 -2.68652E+01
  6.50560E+00  4.48874E-27  5.56647E+04  1.24637E-03 -3.04140E+01
  6.59918E+00  1.54389E-27  1.62730E+05  1.29989E-03 -3.85939E+01
  6.69276E+00  6.72110E-28  3.67188E+05  1.41168E-03 -5.07592E+01
  6.78634E+00  3.61251E-28  6.91731E+05  1.60168E-03 -6.87731E+01
  6.87992E+00  3.11340E-28  8.32583E+05  1.71345E-03 -7.35307E+01
  6.97350E+00  3.57533E-28  7.77445E+05  1.71671E-03 -6.98826E+01
  7.06708E+00  6.78833E-28  4.47393E+05  1.51462E-03 -4.64275E+01
  7.16066E+00  1.36256E-27  2.32738E+05  1.36814E-03 -3.20430E+01
  7.25424E+00  2.41597E-27  1.35756E+05  1.29593E-03 -2.27841E+01
  7.34782E+00  4.87040E-27  6.67181E+04  1.23221E-03 -1.71981E+01
  7.44139E+00  1.18134E-26  2.40176E+04  1.17441E-03 -1.50406E+01
  7.53497E+00  1.51263E-26  1.77045E+04  1.16503E-03 -1.45883E+01
  7.62855E+00  1.67069E-26  1.60201E+04  1.15343E-03 -1.50441E+01
  7.72213E+00  1.66377E-26  1.62123E+04  1.15224E-03 -1.54809E+01
  7.81571E+00  1.54530E-26  1.77890E+04  1.15372E-03 -1.48393E+01
  7.90929E+00  1.36479E-26  2.15516E+04  1.16959E-03 -1.31716E+01
  8.00287E+00  1.66586E-26  1.72100E+04  1.16431E-03 -1.05980E+01
  8.09645E+00  1.79081E-26  1.50288E+04  1.15013E-03 -1.02007E+01
  8.19003E+00  1.80465E-26  1.40804E+04  1.14041E-03 -1.06613E+01
  8.28361E+00  1.79402E-26  1.40415E+04  1.13975E-03 -1.12272E+01
  8.37719E+00  1.77140E-26  1.46336E+04  1.14527E-03 -1.19354E+01
  8.47077E+00  1.37403E-26  1.98819E+04  1.15906E-03 -1.28120E+01
  8.56435E+00  6.92053E-27  4.42976E+04  1.18460E-03 -1.22456E+01
  8.65793E+00  5.43692E-27  5.78846E+04  1.20014E-03 -1.13078E+01
  8.75151E+00  1.78484E-27  1.83717E+05  1.30263E-03 -6.48826E+00
  8.84509E+00  1.03519E-27  3.12045E+05  1.39953E-03 -2.01582E+00
  8.93867E+00  6.79861E-28  4.65663E+05  1.50309E-03  1.97931E+00
  9.03225E+00  4.27527E-28  7.26325E+05  1.64193E-03  4.72194E+00
  9.12583E+00  3.13015E-28  9.84912E+05  1.77139E-03  5.65398E+00
  9.21941E+00  2.61397E-28  1.17579E+06  1.86744E-03  6.82760E+00
  9.31299E+00  3.62472E-28  8.40705E+05  1.71221E-03  5.94866E+00
  9.40657E+00  4.84973E-28  6.17338E+05  1.60558E-03  5.59139E+00
  9.50015E+00  4.30516E-28  6.84111E+05  1.63392E-03  8.33581E+00
  9.59373E+00  2.96141E-28  9.84448E+05  1.78010E-03  1.16133E+01
  9.68731E+00  2.21848E-28  1.31354E+06  1.95540E-03  1.34724E+01
  9.78089E+00  2.25359E-28  1.28029E+06  1.94426E-03  1.23984E+01
  9.87447E+00  2.36715E-28  1.21298E+06  1.92113E-03  1.20123E+01
  9.96805E+00  2.54921E-28  1.12088E+06  1.86948E-03  1.13420E+01
  1.00616E+01  3.66976E-28  7.71205E+05  1.66688E-03  9.13317E+00
  1.01552E+01  4.54826E-28  6.13450E+05  1.58473E-03  8.23421E+00
  1.02488E+01  7.25553E-28  3.81416E+05  1.45875E-03  3.47136E+00
  1.03424E+01  7.33980E-28  3.76933E+05  1.45695E-03  3.27597E+00
  1.04360E+01  9.18392E-28  2.96986E+05  1.42278E-03 -3.48552E-01
  1.05295E+01  9.02746E-28  2.99599E+05  1.42127E-03 -8.97745E-01
  1.06231E+01  1.05651E-27  2.50728E+05  1.42222E-03 -2.12129E+00
  1.07167E+01  1.07677E-27  2.45559E+05  1.42289E-03 -2.52766E+00
  1.08103E+01  8.91021E-28  2.96902E+05  1.44822E-03 -6.18972E-01
  1.09038E+01  8.14516E-28  3.26455E+05  1.45825E-03 -4.20913E+00
  1.09974E+01  5.84117E-28  4.63983E+05  1.51929E-03 -4.07960E+00
  1.10910E+01  4.77309E-28  5.71814E+05  1.56912E-03 -4.07679E+00
  1.11846E+01  4.01021E-28  6.81007E+05  1.59777E-03 -3.02283E+00
  1.12782E+01  3.51631E-28  7.77009E+05  1.62253E-03 -2.05212E+00
  1.13717E+01  3.79331E-28  7.20393E+05  1.59611E-03 -3.83650E+00
  1.14653E+01  3.96501E-28  6.88785E+05  1.58249E-03 -5.42865E+00
  1.15589E+01  4.05064E-28  6.75231E+05  1.59093E-03 -7.05087E+00
  1.16525E+01  4.04634E-28  6.77437E+05  1.61006E-03 -8.50624E+00
  1.17461E+01  3.53839E-28  7.74139E+05  1.66977E-03 -1.11387E+01
  1.18396E+01  2.62215E-28  1.04749E+06  1.83868E-03 -1.45187E+01
  1.19332E+01  2.49261E-28  1.10255E+06  1.86699E-03 -1.53112E+01
  1.20268E+01  2.24036E-28  1.22842E+06  1.93239E-03 -1.73087E+01
  1.21204E+01  2.19806E-28  1.25019E+06  1.94162E-03 -1.87277E+01
  1.22140E+01  2.13883E-28  1.28633E+06  1.95458E-03 -1.94963E+01
  1.23075E+01  2.12891E-28  1.29268E+06  1.95790E-03 -1.92970E+01
  1.24011E+01  2.06462E-28  1.33526E+06  1.98138E-03 -2.00831E+01
  1.24947E+01  2.04732E-28  1.34697E+06  1.98812E-03 -2.05526E+01
  1.25883E+01  2.03197E-28  1.36449E+06  1.99548E-03 -2.00300E+01
  1.26819E+01  2.03177E-28  1.36495E+06  1.99565E-03 -1.99941E+01
  1.27754E+01  2.03158E-28  1.37523E+06  1.99870E-03 -1.86747E+01
  1.28690E+01  2.03188E-28  1.37618E+06  1.99909E-03 -1.84192E+01
  1.29626E+01  2.04211E-28  1.37717E+06  1.99987E-03 -1.69120E+01
  1.30562E+01  2.04386E-28  1.37746E+06  1.99996E-03 -1.66093E+01
  1.31498E+01  2.04756E-28  1.37920E+06  1.99975E-03 -1.63049E+01
  1.32433E+01  2.04776E-28  1.38047E+06  1.99963E-03 -1.58556E+01
  1.33369E+01  2.06347E-28  1.37262E+06  1.99353E-03 -1.66650E+01
  1.34305E+01  2.06793E-28  1.37075E+06  1.99197E-03 -1.68747E+01
  1.35241E+01  2.15576E-28  1.31586E+06  1.95592E-03 -1.89274E+01
  1.36177E+01  2.20950E-28  1.28377E+06  1.93355E-03 -1.94570E+01
  1.37112E+01  2.52185E-28  1.12433E+06  1.83585E-03 -2.12282E+01
  1.38048E+01  2.85354E-28  9.93423E+05  1.75934E-03 -2.29024E+01
  1.38984E+01  3.21158E-28  8.84315E+05  1.70569E-03 -2.39530E+01
  1.39920E+01  3.86570E-28  7.37074E+05  1.63652E-03 -2.52090E+01
  1.40856E+01  4.11001E-28  6.94519E+05  1.62334E-03 -2.48015E+01
  1.41791E+01  4.60254E-28  6.25588E+05  1.60896E-03 -2.42273E+01
  1.42727E+01  4.37339E-28  6.60370E+05  1.62475E-03 -2.35242E+01
  1.43663E+01  4.08642E-28  7.12076E+05  1.65901E-03 -2.12154E+01
  1.44599E+01  3.64360E-28  7.96066E+05  1.69600E-03 -2.10253E+01
  1.45535E+01  2.64753E-28  1.08959E+06  1.82184E-03 -1.95903E+01
  1.46470E+01  2.64028E-28  1.09369E+06  1.82240E-03 -1.95341E+01
  1.47406E+01  2.63015E-28  1.10047E+06  1.82220E-03 -1.94123E+01
  1.48342E+01  2.48290E-28  1.17327E+06  1.85234E-03 -2.03953E+01
  1.49278E+01  2.18651E-28  1.33606E+06  1.95618E-03 -2.19585E+01
  1.50214E+01  2.16058E-28  1.35243E+06  1.96662E-03 -2.21156E+01
  1.51149E+01  2.16058E-28  1.35243E+06  1.96662E-03 -2.21156E+01
  1.52085E+01  2.16074E-28  1.35227E+06  1.96661E-03 -2.21429E+01
  1.53021E+01  2.18683E-28  1.32591E+06  1.96558E-03 -2.66077E+01
  1.53957E+01  2.19351E-28  1.31927E+06  1.96532E-03 -2.77333E+01
  1.54893E+01  2.19351E-28  1.31927E+06  1.96532E-03 -2.77333E+01
  1.55828E+01  2.19351E-28  1.31927E+06  1.96532E-03 -2.77333E+01
  1.56764E+01  2.32532E-28  1.22405E+06  1.93792E-03 -3.18639E+01
  1.57700E+01  2.36232E-28  1.19923E+06  1.93078E-03 -3.29407E+01
  1.58636E+01  2.36232E-28  1.19923E+06  1.93078E-03 -3.29407E+01
  1.59572E+01  2.34373E-28  1.21264E+06  1.93460E-03 -3.27198E+01
  1.60507E+01  2.32036E-28  1.21818E+06  1.93640E-03 -3.46180E+01
  1.61443E+01  2.32220E-28  1.20012E+06  1.93181E-03 -3.76629E+01
  1.62379E+01  2.29636E-28  1.21909E+06  1.93747E-03 -3.73070E+01
  1.63315E+01  2.25288E-28  1.25199E+06  1.94727E-03 -3.66898E+01
  1.64251E+01  2.16972E-28  1.30339E+06  1.96326E-03 -3.74430E+01
  1.65186E+01  2.11282E-28  1.31342E+06  1.96794E-03 -4.16147E+01
  1.66122E+01  2.11393E-28  1.31261E+06  1.96762E-03 -4.15999E+01
  1.67058E+01  2.15374E-28  1.28413E+06  1.95631E-03 -4.10795E+01
  1.67994E+01  2.13941E-28  1.28731E+06  1.95725E-03 -4.18564E+01
  1.68930E+01  2.09324E-28  1.26596E+06  1.94521E-03 -4.66063E+01
  1.69865E+01  2.10108E-28  1.25856E+06  1.94188E-03 -4.64543E+01
  1.70801E+01  2.11263E-28  1.24836E+06  1.93729E-03 -4.61907E+01
  1.71737E+01  2.11876E-28  1.24255E+06  1.93453E-03 -4.61457E+01
  1.72673E+01  2.28396E-28  1.07525E+06  1.84793E-03 -4.98937E+01
  1.73609E+01  2.29646E-28  1.06281E+06  1.84128E-03 -5.03205E+01
  1.74544E+01  2.29646E-28  1.06281E+06  1.84128E-03 -5.03206E+01
  1.75480E+01  2.29646E-28  1.06281E+06  1.84128E-03 -5.03205E+01
  1.76416E+01  2.61264E-28  8.88172E+05  1.73641E-03 -5.45090E+01
  1.77352E+01  2.57085E-28  9.16141E+05  1.75555E-03 -5.55940E+01
  1.78288E+01  2.50566E-28  9.55564E+05  1.78109E-03 -5.60544E+01
  1.79223E+01  2.37785E-28  1.03914E+06  1.83525E-03 -5.70304E+01
  1.80159E+01  2.59767E-28  9.23373E+05  1.75998E-03 -5.96790E+01
  1.81095E+01  2.74668E-28  8.54380E+05  1.71513E-03 -6.10355E+01
  1.82031E+01  2.74668E-28  8.54380E+05  1.71513E-03 -6.10355E+01
  1.82967E+01  2.74668E-28  8.54380E+05  1.71513E-03 -6.10355E+01
  1.83902E+01  2.97716E-28  7.87031E+05  1.66275E-03 -6.04929E+01
  1.84838E+01  3.25711E-28  7.18048E+05  1.60909E-03 -5.99371E+01
  1.85774E+01  3.25711E-28  7.18049E+05  1.60909E-03 -5.99371E+01
  1.86710E+01  3.25711E-28  7.18048E+05  1.60909E-03 -5.99371E+01
  1.87646E+01  3.29776E-28  7.27355E+05  1.61527E-03 -5.71974E+01
  1.88581E+01  3.35944E-28  7.41044E+05  1.62437E-03 -5.31675E+01
  1.89517E+01  3.35944E-28  7.41044E+05  1.62437E-03 -5.31675E+01
  1.90453E+01  3.36456E-28  7.39832E+05  1.62371E-03 -5.31099E+01
  1.91389E+01  3.98612E-28  6.19955E+05  1.56683E-03 -4.44362E+01
  1.92325E+01  2.98216E-28  8.82468E+05  1.71581E-03 -4.28903E+01
  1.93260E+01  2.96573E-28  8.86308E+05  1.71856E-03 -4.30401E+01
  1.94196E+01  2.95157E-28  8.88980E+05  1.72104E-03 -4.33526E+01
  1.95132E+01  2.62727E-28  9.84586E+05  1.78518E-03 -4.80200E+01
  1.96068E+01  2.36045E-28  1.15800E+06  1.86416E-03 -4.19642E+01
  1.97004E+01  2.28951E-28  1.20579E+06  1.88761E-03 -4.10920E+01
  1.97939E+01  2.28951E-28  1.20579E+06  1.88761E-03 -4.10920E+01
  1.98875E+01  2.28951E-28  1.20579E+06  1.88761E-03 -4.10920E+01
  1.99811E+01  2.28951E-28  1.20579E+06  1.88761E-03 -4.10920E+01
  2.00747E+01  2.28951E-28  1.20579E+06  1.88761E-03 -4.10920E+01
  2.01683E+01  2.28951E-28  1.20579E+06  1.88761E-03 -4.10920E+01
  2.02618E+01  2.28951E-28  1.20579E+06  1.88761E-03 -4.10920E+01
  2.03554E+01  2.14097E-28  1.32655E+06  1.94736E-03 -3.78734E+01
  2.04490E+01  2.02948E-28  1.42880E+06  1.99795E-03 -3.51482E+01
  2.05426E+01  2.02948E-28  1.42880E+06  1.99795E-03 -3.51482E+01
  2.06362E+01  2.03038E-28  1.42832E+06  1.99803E-03 -3.54475E+01
  2.07297E+01  2.03494E-28  1.42589E+06  1.99840E-03 -3.69557E+01
  2.08233E+01  2.03633E-28  1.42515E+06  1.99851E-03 -3.74138E+01
  2.09169E+01  2.03815E-28  1.42419E+06  1.99866E-03 -3.80154E+01
  2.10105E+01  2.04290E-28  1.42168E+06  1.99904E-03 -3.95743E+01
  2.11041E+01  2.05928E-28  1.41410E+06  1.99944E-03 -3.83356E+01
  2.11976E+01  2.10548E-28  1.39397E+06  2.00000E-03 -3.09610E+01
  2.12912E+01  2.10548E-28  1.39397E+06  2.00000E-03 -3.09610E+01
  2.13848E+01  2.10548E-28  1.39397E+06  2.00000E-03 -3.09610E+01
  2.14784E+01  2.10548E-28  1.39397E+06  2.00000E-03 -3.09610E+01
  2.15720E+01  2.10445E-28  1.39436E+06  1.99999E-03 -3.01056E+01
  2.16655E+01  2.10403E-28  1.39452E+06  1.99998E-03 -2.97589E+01
  2.17591E+01  2.10434E-28  1.39440E+06  1.99999E-03 -3.00176E+01
  2.18527E+01  2.10385E-28  1.39485E+06  1.99998E-03 -2.95035E+01
  2.19463E+01  2.10434E-28  1.40342E+06  2.00000E-03 -2.50623E+01
  2.20399E+01  2.10461E-28  1.40377E+06  2.00000E-03 -2.48689E+01
  2.21334E+01  2.10602E-28  1.40401E+06  2.00000E-03 -2.43741E+01
  2.22270E+01  2.10622E-28  1.40404E+06  2.00000E-03 -2.43019E+01
  2.23206E+01  2.10622E-28  1.40404E+06  2.00000E-03 -2.43019E+01
  2.24142E+01  2.10622E-28  1.40404E+06  2.00000E-03 -2.43019E+01
  2.25078E+01  2.10622E-28  1.40404E+06  2.00000E-03 -2.43019E+01
  2.26013E+01  2.10622E-28  1.40404E+06  2.00000E-03 -2.43019E+01
  2.26949E+01  2.10954E-28  1.40515E+06  2.00000E-03 -2.27731E+01
  2.27885E+01  2.11219E-28  1.40603E+06  2.00000E-03 -2.15562E+01
  2.28821E+01  2.11219E-28  1.40603E+06  2.00000E-03 -2.15562E+01
  2.29757E+01  2.11219E-28  1.40603E+06  2.00000E-03 -2.15562E+01
  2.30692E+01  2.11219E-28  1.40603E+06  2.00000E-03 -2.15562E+01
  2.31628E+01  2.11219E-28  1.40603E+06  2.00000E-03 -2.15562E+01
  2.32564E+01  2.11219E-28  1.40603E+06  2.00000E-03 -2.15562E+01
  2.33500E+01  2.11219E-28  1.40603E+06  2.00000E-03 -2.15563E+01
  2.34436E+01  2.11262E-28  1.40622E+06  2.00000E-03 -2.11966E+01
  2.35371E+01  2.11471E-28  1.40715E+06  2.00000E-03 -1.94231E+01
  2.36307E+01  2.11471E-28  1.40715E+06  2.00000E-03 -1.94231E+01
  2.37243E+01  2.11471E-28  1.40715E+06  2.00000E-03 -1.94231E+01
  2.38179E+01  2.11753E-28  1.40839E+06  2.00000E-03 -1.95761E+01
  2.39114E+01  2.11843E-28  1.40878E+06  2.00000E-03 -1.96249E+01
  2.40050E+01  2.11980E-28  1.40939E+06  2.00000E-03 -1.96994E+01
  2.40986E+01  2.12167E-28  1.41021E+06  2.00000E-03 -1.98004E+01
  2.41922E+01  2.12489E-28  1.41162E+06  2.00000E-03 -1.99721E+01
  2.42858E+01  2.12752E-28  1.41279E+06  2.00000E-03 -1.84145E+01
  2.43793E+01  2.12793E-28  1.41296E+06  2.00000E-03 -1.81739E+01
  2.44729E+01  2.12793E-28  1.41296E+06  2.00000E-03 -1.81739E+01
  2.45665E+01  2.12793E-28  1.41296E+06  2.00000E-03 -1.81739E+01
  2.46601E+01  2.12793E-28  1.41296E+06  2.00000E-03 -1.81739E+01
  2.47537E+01  2.12793E-28  1.41296E+06  2.00000E-03 -1.81739E+01
  2.48472E+01  2.12793E-28  1.41296E+06  2.00000E-03 -1.81739E+01
  2.49408E+01  2.12793E-28  1.41296E+06  2.00000E-03 -1.81739E+01
