 -2.86406E+01  2.17882E-28  1.43530E+06  2.00000E-03  1.20904E+00
 -2.85470E+01  2.17875E-28  1.43527E+06  2.00000E-03  1.21084E+00
 -2.84534E+01  2.17869E-28  1.43524E+06  2.00000E-03  1.21242E+00
 -2.83599E+01  2.17866E-28  1.43523E+06  2.00000E-03  1.21321E+00
 -2.82663E+01  2.17866E-28  1.43523E+06  2.00000E-03  1.21321E+00
 -2.81727E+01  2.17866E-28  1.43523E+06  2.00000E-03  1.21321E+00
 -2.80791E+01  2.17866E-28  1.43523E+06  2.00000E-03  1.21321E+00
 -2.79855E+01  2.17866E-28  1.43523E+06  2.00000E-03  1.21321E+00
 -2.78920E+01  2.17862E-28  1.43521E+06  2.00000E-03  1.21089E+00
 -2.77984E+01  2.17927E-28  1.43550E+06  2.00000E-03  1.17124E+00
 -2.77048E+01  2.17970E-28  1.43569E+06  2.00000E-03  1.15991E+00
 -2.76112E+01  2.18078E-28  1.43616E+06  2.00000E-03  1.14055E+00
 -2.75176E+01  2.18078E-28  1.43616E+06  2.00000E-03  1.14055E+00
 -2.74241E+01  2.18078E-28  1.43616E+06  2.00000E-03  1.14055E+00
 -2.73305E+01  2.18078E-28  1.43616E+06  2.00000E-03  1.14055E+00
 -2.72369E+01  2.18078E-28  1.43616E+06  2.00000E-03  1.14055E+00
 -2.71433E+01  2.18078E-28  1.43616E+06  2.00000E-03  1.14055E+00
 -2.70497E+01  2.18078E-28  1.43616E+06  2.00000E-03  1.14055E+00
 -2.69562E+01  2.18079E-28  1.43617E+06  2.00000E-03  1.13368E+00
 -2.68626E+01  2.18084E-28  1.43619E+06  2.00000E-03  1.11301E+00
 -2.67690E+01  2.18084E-28  1.43619E+06  2.00000E-03  1.11301E+00
 -2.66754E+01  2.18087E-28  1.43620E+06  2.00000E-03  1.10060E+00
 -2.65818E+01  2.18089E-28  1.43622E+06  2.00000E-03  1.09058E+00
 -2.64883E+01  2.18092E-28  1.43623E+06  2.00000E-03  1.07657E+00
 -2.63947E+01  2.18094E-28  1.43624E+06  2.00000E-03  1.07087E+00
 -2.63011E+01  2.18094E-28  1.43624E+06  2.00000E-03  1.07087E+00
 -2.62075E+01  2.18094E-28  1.43624E+06  2.00000E-03  1.07087E+00
 -2.61139E+01  2.18093E-28  1.43623E+06  2.00000E-03  1.07089E+00
 -2.60204E+01  2.18035E-28  1.43598E+06  2.00000E-03  1.07766E+00
 -2.59268E+01  2.18064E-28  1.43611E+06  2.00000E-03  1.08391E+00
 -2.58332E+01  2.18158E-28  1.43652E+06  2.00000E-03  1.09035E+00
 -2.57396E+01  2.18216E-28  1.43677E+06  2.00000E-03  1.09427E+00
 -2.56460E+01  2.18216E-28  1.43677E+06  2.00000E-03  1.09427E+00
 -2.55525E+01  2.18216E-28  1.43677E+06  2.00000E-03  1.09427E+00
 -2.54589E+01  2.18216E-28  1.43677E+06  2.00000E-03  1.09427E+00
 -2.53653E+01  2.18216E-28  1.43677E+06  2.00000E-03  1.09427E+00
 -2.52717E+01  2.18216E-28  1.43677E+06  2.00000E-03  1.09427E+00
 -2.51781E+01  2.18212E-28  1.43676E+06  2.00000E-03  1.09800E+00
 -2.50846E+01  2.18162E-28  1.43655E+06  2.00000E-03  1.14507E+00
 -2.49910E+01  2.18154E-28  1.43651E+06  2.00000E-03  1.15324E+00
 -2.48974E+01  2.18154E-28  1.43651E+06  2.00000E-03  1.15324E+00
 -2.48038E+01  2.18154E-28  1.43651E+06  2.00000E-03  1.15324E+00
 -2.47102E+01  2.18149E-28  1.43649E+06  2.00000E-03  1.15353E+00
 -2.46167E+01  2.18143E-28  1.43646E+06  2.00000E-03  1.15390E+00
 -2.45231E+01  2.18137E-28  1.43644E+06  2.00000E-03  1.15422E+00
 -2.44295E+01  2.18134E-28  1.43642E+06  2.00000E-03  1.15444E+00
 -2.43359E+01  2.18134E-28  1.43642E+06  2.00000E-03  1.15444E+00
 -2.42423E+01  2.18236E-28  1.43688E+06  2.00000E-03  1.09504E+00
 -2.41488E+01  2.18320E-28  1.43725E+06  2.00000E-03  1.06478E+00
 -2.40552E+01  2.18305E-28  1.43719E+06  2.00000E-03  1.18592E+00
 -2.39616E+01  2.18297E-28  1.43716E+06  2.00000E-03  1.25455E+00
 -2.38680E+01  2.18289E-28  1.43712E+06  2.00000E-03  1.32260E+00
 -2.37744E+01  2.18289E-28  1.43712E+06  2.00000E-03  1.32260E+00
 -2.36809E+01  2.18289E-28  1.43712E+06  2.00000E-03  1.32260E+00
 -2.35873E+01  2.18289E-28  1.43712E+06  2.00000E-03  1.32260E+00
 -2.34937E+01  2.18289E-28  1.43712E+06  2.00000E-03  1.32260E+00
 -2.34001E+01  2.18296E-28  1.43715E+06  2.00000E-03  1.31960E+00
 -2.33066E+01  2.18652E-28  1.43874E+06  2.00000E-03  1.15872E+00
 -2.32130E+01  2.18757E-28  1.43922E+06  2.00000E-03  1.11115E+00
 -2.31194E+01  2.18757E-28  1.43922E+06  2.00000E-03  1.11115E+00
 -2.30258E+01  2.18757E-28  1.43922E+06  2.00000E-03  1.11115E+00
 -2.29322E+01  2.18757E-28  1.43922E+06  2.00000E-03  1.11115E+00
 -2.28387E+01  2.18757E-28  1.43922E+06  2.00000E-03  1.11115E+00
 -2.27451E+01  2.18771E-28  1.43928E+06  2.00000E-03  1.08435E+00
 -2.26515E+01  2.18783E-28  1.43933E+06  2.00000E-03  1.05996E+00
 -2.25579E+01  2.18798E-28  1.43941E+06  2.00000E-03  1.02894E+00
 -2.24643E+01  2.18923E-28  1.43994E+06  2.00000E-03  9.65296E-01
 -2.23708E+01  2.19211E-28  1.44116E+06  2.00000E-03  8.49606E-01
 -2.22772E+01  2.19294E-28  1.44152E+06  2.00000E-03  8.41143E-01
 -2.21836E+01  2.19347E-28  1.44176E+06  2.00000E-03  8.52194E-01
 -2.20900E+01  2.19453E-28  1.44222E+06  2.00000E-03  8.73939E-01
 -2.19964E+01  2.19569E-28  1.44272E+06  2.00000E-03  8.37557E-01
 -2.19029E+01  2.19726E-28  1.44340E+06  2.00000E-03  7.76038E-01
 -2.18093E+01  2.19726E-28  1.44340E+06  2.00000E-03  7.76038E-01
 -2.17157E+01  2.19678E-28  1.44319E+06  2.00000E-03  7.77953E-01
 -2.16221E+01  2.19658E-28  1.44310E+06  2.00000E-03  7.78713E-01
 -2.15285E+01  2.19576E-28  1.44275E+06  2.00000E-03  7.90581E-01
 -2.14350E+01  2.19555E-28  1.44266E+06  2.00000E-03  7.96730E-01
 -2.13414E+01  2.19679E-28  1.44320E+06  2.00000E-03  7.96918E-01
 -2.12478E+01  2.19726E-28  1.44340E+06  2.00000E-03  7.96990E-01
 -2.11542E+01  2.19862E-28  1.44399E+06  2.00000E-03  7.97197E-01
 -2.10606E+01  2.19809E-28  1.44377E+06  2.00000E-03  8.67513E-01
 -2.09671E+01  2.19754E-28  1.44352E+06  2.00000E-03  9.03297E-01
 -2.08735E+01  2.19754E-28  1.44352E+06  2.00000E-03  9.03297E-01
 -2.07799E+01  2.19673E-28  1.44317E+06  2.00000E-03  9.41763E-01
 -2.06863E+01  2.19514E-28  1.44247E+06  2.00000E-03  1.02420E+00
 -2.05927E+01  2.18970E-28  1.44009E+06  2.00000E-03  1.31498E+00
 -2.04992E+01  2.18825E-28  1.43945E+06  2.00000E-03  1.38577E+00
 -2.04056E+01  2.18861E-28  1.43961E+06  2.00000E-03  1.38338E+00
 -2.03120E+01  2.19065E-28  1.44051E+06  2.00000E-03  1.36970E+00
 -2.02184E+01  2.19129E-28  1.44079E+06  2.00000E-03  1.43862E+00
 -2.01248E+01  2.18848E-28  1.43955E+06  2.00000E-03  1.63110E+00
 -2.00313E+01  2.18844E-28  1.43954E+06  2.00000E-03  1.63341E+00
 -1.99377E+01  2.18844E-28  1.43954E+06  2.00000E-03  1.63341E+00
 -1.98441E+01  2.18835E-28  1.43950E+06  2.00000E-03  1.63656E+00
 -1.97505E+01  2.18495E-28  1.43801E+06  2.00000E-03  1.77067E+00
 -1.96569E+01  2.18183E-28  1.43664E+06  2.00000E-03  1.88326E+00
 -1.95634E+01  2.18135E-28  1.43643E+06  2.00000E-03  1.88724E+00
 -1.94698E+01  2.18343E-28  1.43734E+06  2.00000E-03  1.82780E+00
 -1.93762E+01  2.18553E-28  1.43826E+06  2.00000E-03  1.77460E+00
 -1.92826E+01  2.18623E-28  1.43857E+06  2.00000E-03  1.72915E+00
 -1.91890E+01  2.18503E-28  1.43804E+06  2.00000E-03  1.73267E+00
 -1.90955E+01  2.18503E-28  1.43804E+06  2.00000E-03  1.73267E+00
 -1.90019E+01  2.18503E-28  1.43804E+06  2.00000E-03  1.73267E+00
 -1.89083E+01  2.18503E-28  1.43804E+06  2.00000E-03  1.73267E+00
 -1.88147E+01  2.18289E-28  1.43711E+06  2.00000E-03  1.68343E+00
 -1.87211E+01  2.18250E-28  1.43694E+06  2.00000E-03  1.65578E+00
 -1.86276E+01  2.18253E-28  1.43695E+06  2.00000E-03  1.63107E+00
 -1.85340E+01  2.18399E-28  1.43759E+06  2.00000E-03  1.59923E+00
 -1.84404E+01  2.18491E-28  1.43799E+06  2.00000E-03  1.59216E+00
 -1.83468E+01  2.18398E-28  1.43759E+06  2.00000E-03  1.61915E+00
 -1.82532E+01  2.18373E-28  1.43748E+06  2.00000E-03  1.62327E+00
 -1.81597E+01  2.18373E-28  1.43748E+06  2.00000E-03  1.62327E+00
 -1.80661E+01  2.18373E-28  1.43748E+06  2.00000E-03  1.62327E+00
 -1.79725E+01  2.18328E-28  1.43728E+06  2.00000E-03  1.63477E+00
 -1.78789E+01  2.18078E-28  1.43619E+06  2.00000E-03  1.69849E+00
 -1.77853E+01  2.18012E-28  1.43590E+06  2.00000E-03  1.71812E+00
 -1.76918E+01  2.18012E-28  1.43590E+06  2.00000E-03  1.72513E+00
 -1.75982E+01  2.18079E-28  1.43620E+06  2.00000E-03  1.74157E+00
 -1.75046E+01  2.18131E-28  1.43644E+06  2.00000E-03  1.75234E+00
 -1.74110E+01  2.18048E-28  1.43610E+06  2.00000E-03  1.79156E+00
 -1.73174E+01  2.18046E-28  1.43609E+06  2.00000E-03  1.79209E+00
 -1.72239E+01  2.18046E-28  1.43609E+06  2.00000E-03  1.79209E+00
 -1.71303E+01  2.18044E-28  1.43608E+06  2.00000E-03  1.79300E+00
 -1.70367E+01  2.17912E-28  1.43554E+06  2.00000E-03  1.84481E+00
 -1.69431E+01  2.17796E-28  1.43506E+06  2.00000E-03  1.89068E+00
 -1.68495E+01  2.17796E-28  1.43506E+06  2.00000E-03  1.89068E+00
 -1.67560E+01  2.17670E-28  1.43452E+06  2.00000E-03  1.96572E+00
 -1.66624E+01  2.17612E-28  1.43427E+06  2.00000E-03  2.00940E+00
 -1.65688E+01  2.17442E-28  1.43347E+06  2.00000E-03  2.11826E+00
 -1.64752E+01  2.17411E-28  1.43331E+06  2.00000E-03  2.12452E+00
 -1.63816E+01  2.17277E-28  1.43271E+06  2.00000E-03  2.22183E+00
 -1.62881E+01  2.16999E-28  1.43145E+06  2.00000E-03  2.44101E+00
 -1.61945E+01  2.16958E-28  1.43127E+06  2.00000E-03  2.46301E+00
 -1.61009E+01  2.16608E-28  1.42972E+06  2.00000E-03  2.75421E+00
 -1.60073E+01  2.16490E-28  1.42920E+06  2.00000E-03  2.81848E+00
 -1.59137E+01  2.16419E-28  1.42889E+06  2.00000E-03  2.90919E+00
 -1.58202E+01  2.16308E-28  1.42840E+06  2.00000E-03  3.07259E+00
 -1.57266E+01  2.16137E-28  1.42765E+06  2.00000E-03  3.17765E+00
 -1.56330E+01  2.16069E-28  1.42735E+06  2.00000E-03  3.31299E+00
 -1.55394E+01  2.16022E-28  1.42714E+06  2.00000E-03  3.36527E+00
 -1.54458E+01  2.16194E-28  1.42790E+06  2.00000E-03  3.33804E+00
 -1.53523E+01  2.16240E-28  1.42811E+06  2.00000E-03  3.34201E+00
 -1.52587E+01  2.16296E-28  1.42836E+06  2.00000E-03  3.33896E+00
 -1.51651E+01  2.16469E-28  1.42912E+06  2.00000E-03  3.28701E+00
 -1.50715E+01  2.16516E-28  1.42933E+06  2.00000E-03  3.27332E+00
 -1.49779E+01  2.16755E-28  1.43038E+06  2.00000E-03  3.18073E+00
 -1.48844E+01  2.16799E-28  1.43058E+06  2.00000E-03  3.15403E+00
 -1.47908E+01  2.16861E-28  1.43085E+06  2.00000E-03  3.10653E+00
 -1.46972E+01  2.16971E-28  1.43134E+06  2.00000E-03  3.04203E+00
 -1.46036E+01  2.17004E-28  1.43148E+06  2.00000E-03  3.00918E+00
 -1.45100E+01  2.17048E-28  1.43168E+06  2.00000E-03  2.96682E+00
 -1.44165E+01  2.17025E-28  1.43158E+06  2.00000E-03  2.95759E+00
 -1.43229E+01  2.16913E-28  1.43110E+06  2.00000E-03  2.96856E+00
 -1.42293E+01  2.16867E-28  1.43090E+06  2.00000E-03  2.95311E+00
 -1.41357E+01  2.16801E-28  1.43062E+06  2.00000E-03  2.95668E+00
 -1.40421E+01  2.16597E-28  1.42973E+06  2.00000E-03  3.04342E+00
 -1.39486E+01  2.16625E-28  1.42985E+06  2.00000E-03  3.01331E+00
 -1.38550E+01  2.16267E-28  1.42829E+06  2.00000E-03  3.13297E+00
 -1.37614E+01  2.16236E-28  1.42816E+06  2.00000E-03  3.11649E+00
 -1.36678E+01  2.16165E-28  1.42786E+06  2.00000E-03  3.10471E+00
 -1.35742E+01  2.15988E-28  1.42708E+06  2.00000E-03  3.16550E+00
 -1.34807E+01  2.16069E-28  1.42745E+06  2.00000E-03  3.11569E+00
 -1.33871E+01  2.16022E-28  1.42726E+06  2.00000E-03  3.04257E+00
 -1.32935E+01  2.16123E-28  1.42770E+06  2.00000E-03  2.98323E+00
 -1.31999E+01  2.16219E-28  1.42814E+06  2.00000E-03  2.85611E+00
 -1.31063E+01  2.16254E-28  1.42830E+06  2.00000E-03  2.77744E+00
 -1.30128E+01  2.16364E-28  1.42879E+06  2.00000E-03  2.68672E+00
 -1.29192E+01  2.16580E-28  1.42975E+06  2.00000E-03  2.54063E+00
 -1.28256E+01  2.16687E-28  1.43022E+06  2.00000E-03  2.45865E+00
 -1.27320E+01  2.16913E-28  1.43123E+06  2.00000E-03  2.26502E+00
 -1.26384E+01  2.16942E-28  1.43136E+06  2.00000E-03  2.22909E+00
 -1.25449E+01  2.17104E-28  1.43208E+06  2.00000E-03  2.14987E+00
 -1.24513E+01  2.17196E-28  1.43249E+06  2.00000E-03  2.07243E+00
 -1.23577E+01  2.17139E-28  1.43225E+06  2.00000E-03  2.08010E+00
 -1.22641E+01  2.17201E-28  1.43253E+06  2.00000E-03  2.07609E+00
 -1.21705E+01  2.17158E-28  1.43234E+06  2.00000E-03  2.11814E+00
 -1.20770E+01  2.17203E-28  1.43254E+06  2.00000E-03  2.13201E+00
 -1.19834E+01  2.17143E-28  1.43228E+06  2.00000E-03  2.12912E+00
 -1.18898E+01  2.16996E-28  1.43163E+06  2.00000E-03  2.20685E+00
 -1.17962E+01  2.16973E-28  1.43154E+06  2.00000E-03  2.30223E+00
 -1.17026E+01  2.16927E-28  1.43134E+06  2.00000E-03  2.35070E+00
 -1.16091E+01  2.16710E-28  1.43042E+06  2.00000E-03  2.54580E+00
 -1.15155E+01  2.16571E-28  1.42982E+06  2.00000E-03  2.58833E+00
 -1.14219E+01  2.16328E-28  1.42877E+06  2.00000E-03  2.74468E+00
 -1.13283E+01  2.16120E-28  1.42789E+06  2.00000E-03  2.96358E+00
 -1.12347E+01  2.16029E-28  1.42751E+06  2.00000E-03  3.03730E+00
 -1.11412E+01  2.15616E-28  1.42594E+06  2.00000E-03  3.28967E+00
 -1.10476E+01  2.15566E-28  1.42572E+06  2.00000E-03  3.28899E+00
 -1.09540E+01  2.15511E-28  1.42544E+06  2.00000E-03  3.33140E+00
 -1.08604E+01  2.15517E-28  1.42535E+06  2.00000E-03  3.36015E+00
 -1.07668E+01  2.15531E-28  1.42526E+06  2.00000E-03  3.34954E+00
 -1.06733E+01  2.15530E-28  1.42515E+06  2.00000E-03  3.32069E+00
 -1.05797E+01  2.15549E-28  1.42516E+06  2.00000E-03  3.27276E+00
 -1.04861E+01  2.15542E-28  1.42510E+06  2.00000E-03  3.22360E+00
 -1.03925E+01  2.15512E-28  1.42495E+06  2.00000E-03  3.18074E+00
 -1.02990E+01  2.15440E-28  1.42464E+06  2.00000E-03  3.15607E+00
 -1.02054E+01  2.15404E-28  1.42449E+06  2.00000E-03  3.11912E+00
 -1.01118E+01  2.15303E-28  1.42405E+06  2.00000E-03  3.12293E+00
 -1.00182E+01  2.15209E-28  1.42363E+06  2.00000E-03  3.13384E+00
 -9.92463E+00  2.15091E-28  1.42311E+06  2.00000E-03  3.16612E+00
 -9.83105E+00  2.14893E-28  1.42223E+06  2.00000E-03  3.24569E+00
 -9.73747E+00  2.14799E-28  1.42182E+06  2.00000E-03  3.30901E+00
 -9.64389E+00  2.14408E-28  1.42010E+06  2.00000E-03  3.49234E+00
 -9.55031E+00  2.14271E-28  1.41950E+06  2.00000E-03  3.57767E+00
 -9.45673E+00  2.13988E-28  1.41826E+06  2.00000E-03  3.72543E+00
 -9.36315E+00  2.13828E-28  1.41755E+06  2.00000E-03  3.78989E+00
 -9.26957E+00  2.13622E-28  1.41665E+06  2.00000E-03  3.84987E+00
 -9.17599E+00  2.13560E-28  1.41637E+06  2.00000E-03  3.84263E+00
 -9.08241E+00  2.13478E-28  1.41600E+06  2.00000E-03  3.83015E+00
 -8.98883E+00  2.13411E-28  1.41571E+06  2.00000E-03  3.80146E+00
 -8.89525E+00  2.13350E-28  1.41543E+06  2.00000E-03  3.78817E+00
 -8.80167E+00  2.13258E-28  1.41502E+06  2.00000E-03  3.79865E+00
 -8.70809E+00  2.13104E-28  1.41433E+06  2.00000E-03  3.83628E+00
 -8.61451E+00  2.13000E-28  1.41387E+06  2.00000E-03  3.87649E+00
 -8.52093E+00  2.12858E-28  1.41324E+06  2.00000E-03  3.90610E+00
 -8.42735E+00  2.12735E-28  1.41270E+06  2.00000E-03  3.90983E+00
 -8.33377E+00  2.12737E-28  1.41272E+06  2.00000E-03  3.86689E+00
 -8.24019E+00  2.12478E-28  1.41158E+06  2.00000E-03  3.85662E+00
 -8.14661E+00  2.12450E-28  1.41147E+06  2.00000E-03  3.76553E+00
 -8.05303E+00  2.12303E-28  1.41083E+06  2.00000E-03  3.73485E+00
 -7.95945E+00  2.11824E-28  1.40872E+06  2.00000E-03  3.79707E+00
 -7.86587E+00  2.11615E-28  1.40782E+06  2.00000E-03  3.81978E+00
 -7.77229E+00  2.11145E-28  1.40574E+06  2.00000E-03  3.95637E+00
 -7.67871E+00  2.10542E-28  1.40308E+06  2.00000E-03  4.11538E+00
 -7.58513E+00  2.10125E-28  1.40125E+06  2.00000E-03  4.24379E+00
 -7.49155E+00  2.09629E-28  1.39905E+06  2.00000E-03  4.36480E+00
 -7.39797E+00  2.09097E-28  1.39670E+06  2.00000E-03  4.47464E+00
 -7.30439E+00  2.08720E-28  1.39504E+06  2.00000E-03  4.55710E+00
 -7.21081E+00  2.08115E-28  1.39236E+06  2.00000E-03  4.63190E+00
 -7.11724E+00  2.07777E-28  1.39088E+06  2.00000E-03  4.67999E+00
 -7.02366E+00  2.07088E-28  1.38783E+06  2.00000E-03  4.80080E+00
 -6.93008E+00  2.06934E-28  1.38716E+06  2.00000E-03  4.69838E+00
 -6.83650E+00  2.06556E-28  1.38550E+06  2.00000E-03  4.67282E+00
 -6.74292E+00  2.06318E-28  1.38446E+06  2.00000E-03  4.55757E+00
 -6.64934E+00  2.06069E-28  1.38337E+06  2.00000E-03  4.43076E+00
 -6.55576E+00  2.05852E-28  1.38242E+06  2.00000E-03  4.28371E+00
 -6.46218E+00  2.05725E-28  1.38187E+06  2.00000E-03  4.08254E+00
 -6.36860E+00  2.05541E-28  1.38106E+06  2.00000E-03  3.94977E+00
 -6.27502E+00  2.05502E-28  1.38090E+06  2.00000E-03  3.73792E+00
 -6.18144E+00  2.05154E-28  1.37934E+06  2.00000E-03  3.63254E+00
 -6.08786E+00  2.05012E-28  1.37870E+06  2.00000E-03  3.49684E+00
 -5.99428E+00  2.04727E-28  1.37743E+06  2.00000E-03  3.30788E+00
 -5.90070E+00  2.04582E-28  1.37680E+06  2.00000E-03  3.20882E+00
 -5.80712E+00  2.04244E-28  1.37531E+06  2.00000E-03  2.87577E+00
 -5.71354E+00  2.04039E-28  1.37444E+06  2.00000E-03  2.62526E+00
 -5.61996E+00  2.03910E-28  1.37389E+06  2.00000E-03  2.27687E+00
 -5.52638E+00  2.03637E-28  1.37269E+06  2.00000E-03  1.84102E+00
 -5.43280E+00  2.03372E-28  1.37156E+06  2.00000E-03  1.50524E+00
 -5.33922E+00  2.03101E-28  1.37035E+06  2.00000E-03  1.11614E+00
 -5.24564E+00  2.02762E-28  1.36887E+06  2.00000E-03  6.32678E-01
 -5.15206E+00  2.02581E-28  1.36797E+06  2.00000E-03  2.46930E-01
 -5.05848E+00  2.02495E-28  1.36747E+06  2.00000E-03 -2.42385E-01
 -4.96490E+00  2.02551E-28  1.36767E+06  2.00000E-03 -9.24023E-01
 -4.87132E+00  2.02671E-28  1.36819E+06  2.00000E-03 -1.87297E+00
 -4.77774E+00  2.02762E-28  1.36852E+06  1.99968E-03 -3.30897E+00
 -4.68416E+00  2.05350E-28  1.35202E+06  1.98302E-03 -4.35085E+00
 -4.59058E+00  2.24891E-28  1.23636E+06  1.86819E-03 -1.19478E+00
 -4.49700E+00  2.57070E-28  1.08035E+06  1.71082E-03  5.74742E+00
 -4.40342E+00  2.67457E-28  1.03641E+06  1.66680E-03  9.02264E+00
 -4.30984E+00  2.44360E-28  1.13856E+06  1.76634E-03  2.74834E+00
 -4.21626E+00  2.51742E-28  1.11271E+06  1.73183E-03 -6.53563E+00
 -4.12268E+00  2.95887E-28  9.45956E+05  1.56099E-03 -3.89188E+00
 -4.02910E+00  3.38055E-28  8.19887E+05  1.44004E-03  3.12807E+00
 -3.93552E+00  3.65176E-28  7.45627E+05  1.37435E-03  1.08535E+01
 -3.84194E+00  3.52515E-28  7.58626E+05  1.38766E-03  1.83911E+01
 -3.74836E+00  3.06358E-28  8.60805E+05  1.49734E-03  2.54089E+01
 -3.65478E+00  2.27262E-28  1.15151E+06  1.80184E-03  2.88453E+01
 -3.56120E+00  1.97246E-28  1.31817E+06  1.97924E-03  2.70501E+01
 -3.46762E+00  1.96834E-28  1.30534E+06  1.97474E-03  2.60061E+01
 -3.37404E+00  2.13265E-28  1.18533E+06  1.85617E-03  2.51187E+01
 -3.28046E+00  3.01587E-28  8.18699E+05  1.46444E-03  2.44828E+01
 -3.18688E+00  3.26828E-28  7.40641E+05  1.37215E-03  2.91695E+01
 -3.09330E+00  2.74770E-28  8.88146E+05  1.52515E-03  3.56586E+01
 -2.99972E+00  2.63676E-28  9.52269E+05  1.59941E-03  3.47031E+01
 -2.90614E+00  3.11943E-28  8.34204E+05  1.48092E-03  2.81837E+01
 -2.81256E+00  7.89271E-28  3.38964E+05  9.93777E-04  3.65510E+01
 -2.71898E+00  4.89893E-27  5.37643E+04  6.97385E-04  5.28568E+01
 -2.62540E+00  1.20533E-26  1.95866E+04  6.55361E-04  5.65563E+01
 -2.53182E+00  1.29778E-26  1.48702E+04  6.44498E-04  5.74460E+01
 -2.43824E+00  1.13276E-26  1.48708E+04  6.40492E-04  5.75582E+01
 -2.34466E+00  1.18403E-26  1.48725E+04  6.46325E-04  5.93242E+01
 -2.25108E+00  1.24851E-26  1.56785E+04  6.66671E-04  6.20916E+01
 -2.15750E+00  1.24087E-26  1.80785E+04  6.91193E-04  6.42868E+01
 -2.06392E+00  1.32545E-26  1.93909E+04  7.03753E-04  6.60479E+01
 -1.97034E+00  1.10463E-26  2.23159E+04  7.14167E-04  6.83559E+01
 -1.87676E+00  1.11076E-26  2.13848E+04  7.00741E-04  6.94138E+01
 -1.78318E+00  1.48244E-26  1.66409E+04  6.71367E-04  6.95902E+01
 -1.68960E+00  1.69082E-26  1.47353E+04  6.53205E-04  7.03612E+01
 -1.59602E+00  1.67677E-26  1.41621E+04  6.35162E-04  7.13211E+01
 -1.50244E+00  1.54477E-26  1.42410E+04  6.18389E-04  7.18589E+01
 -1.40886E+00  1.37761E-26  1.45773E+04  6.13899E-04  7.12737E+01
 -1.31528E+00  1.24699E-26  1.47555E+04  6.18761E-04  6.91163E+01
 -1.22170E+00  1.23221E-26  1.49396E+04  6.25882E-04  6.64276E+01
 -1.12812E+00  1.28419E-26  1.53647E+04  6.30884E-04  6.36544E+01
 -1.03454E+00  1.33413E-26  1.56264E+04  6.38448E-04  6.04266E+01
 -9.40965E-01  1.40972E-26  1.53390E+04  6.40463E-04  5.78885E+01
 -8.47385E-01  1.50564E-26  1.47745E+04  6.47614E-04  5.61760E+01
 -7.53805E-01  1.62277E-26  1.43364E+04  6.40180E-04  5.52011E+01
 -6.60225E-01  1.84834E-26  1.41075E+04  6.29576E-04  5.65264E+01
 -5.66645E-01  2.08432E-26  1.40591E+04  6.23178E-04  5.92457E+01
 -4.73065E-01  2.25990E-26  1.40343E+04  6.19837E-04  6.18744E+01
 -3.79486E-01  2.37077E-26  1.40434E+04  6.17575E-04  6.37904E+01
 -2.85906E-01  2.40128E-26  1.40535E+04  6.10192E-04  6.49060E+01
 -1.92326E-01  2.40185E-26  1.40353E+04  6.03257E-04  6.59418E+01
 -9.87461E-02  2.38247E-26  1.39889E+04  6.00924E-04  6.71622E+01
 -5.16620E-03  2.38372E-26  1.39480E+04  6.00740E-04  6.85949E+01
  8.84137E-02  2.38002E-26  1.39504E+04  6.00851E-04  7.00263E+01
  1.81994E-01  2.35845E-26  1.39990E+04  6.00820E-04  7.12114E+01
  2.75573E-01  2.32161E-26  1.40971E+04  6.00619E-04  7.20117E+01
  3.69153E-01  2.25332E-26  1.42292E+04  6.00366E-04  7.22503E+01
  4.62733E-01  2.13254E-26  1.43497E+04  6.00194E-04  7.18605E+01
  5.56313E-01  2.03208E-26  1.44002E+04  6.00084E-04  7.11901E+01
  6.49893E-01  1.99698E-26  1.43870E+04  6.00059E-04  7.06628E+01
  7.43473E-01  2.02967E-26  1.43499E+04  6.00043E-04  7.05515E+01
  8.37053E-01  2.09301E-26  1.43115E+04  6.00025E-04  7.06778E+01
  9.30632E-01  2.17117E-26  1.42863E+04  6.00020E-04  7.08674E+01
  1.02421E+00  2.26777E-26  1.42706E+04  6.00054E-04  7.10054E+01
  1.11779E+00  2.37137E-26  1.42562E+04  6.00212E-04  7.10646E+01
  1.21137E+00  2.44084E-26  1.42414E+04  6.00533E-04  7.11861E+01
  1.30495E+00  2.45532E-26  1.42361E+04  6.00889E-04  7.15545E+01
  1.39853E+00  2.43628E-26  1.42420E+04  6.00770E-04  7.22457E+01
  1.49211E+00  2.41805E-26  1.42461E+04  6.00311E-04  7.31016E+01
  1.58569E+00  2.39583E-26  1.42473E+04  6.00144E-04  7.38656E+01
  1.67927E+00  2.33446E-26  1.42574E+04  6.00419E-04  7.43741E+01
  1.77285E+00  2.25314E-26  1.42850E+04  6.01443E-04  7.45081E+01
  1.86643E+00  2.18810E-26  1.43156E+04  6.04578E-04  7.43212E+01
  1.96001E+00  2.16208E-26  1.43203E+04  6.13715E-04  7.44274E+01
  2.05359E+00  2.13025E-26  1.44894E+04  6.36791E-04  7.53812E+01
  2.14717E+00  1.74830E-26  1.66607E+04  6.62481E-04  7.60732E+01
  2.24075E+00  1.40473E-26  1.95721E+04  6.67144E-04  7.67624E+01
  2.33433E+00  1.70315E-26  1.58786E+04  6.58033E-04  7.79948E+01
  2.42791E+00  1.78566E-26  1.47063E+04  6.45241E-04  7.80348E+01
  2.52149E+00  1.75785E-26  1.47310E+04  6.39252E-04  7.56701E+01
  2.61507E+00  1.84796E-26  1.46910E+04  6.54589E-04  7.15303E+01
  2.70865E+00  1.92331E-26  1.47112E+04  6.94872E-04  7.06097E+01
  2.80223E+00  1.87299E-26  1.46916E+04  7.05832E-04  7.24074E+01
  2.89581E+00  1.63901E-26  1.70763E+04  6.92824E-04  7.39197E+01
  2.98939E+00  1.05404E-26  2.98319E+04  7.11213E-04  7.57848E+01
  3.08297E+00  6.15147E-27  5.35015E+04  7.47436E-04  7.93303E+01
  3.17655E+00  3.71960E-27  8.54627E+04  7.88015E-04  8.32219E+01
  3.27013E+00  3.84714E-27  7.92733E+04  7.86377E-04  8.44704E+01
  3.36371E+00  9.08780E-27  3.16494E+04  7.19923E-04  8.38230E+01
  3.45729E+00  1.09498E-26  2.37084E+04  7.03086E-04  8.05877E+01
  3.55087E+00  5.00908E-27  5.13197E+04  7.48403E-04  7.25592E+01
  3.64445E+00  3.51883E-27  7.62153E+04  7.95067E-04  6.74634E+01
  3.73803E+00  1.48324E-27  1.80279E+05  8.98146E-04  5.93281E+01
  3.83161E+00  6.64149E-28  3.72923E+05  1.10355E-03  4.39908E+01
  3.92519E+00  1.39336E-27  1.56846E+05  8.69551E-04  4.23469E+01
  4.01877E+00  3.60138E-27  5.71076E+04  7.93767E-04  4.26578E+01
  4.11235E+00  4.68327E-27  4.45949E+04  7.86124E-04  4.29929E+01
  4.20593E+00  4.14631E-27  5.27362E+04  7.97489E-04  4.28229E+01
  4.29951E+00  3.52247E-27  6.67248E+04  8.13716E-04  4.41070E+01
  4.39309E+00  3.70136E-27  6.60892E+04  8.16065E-04  4.84540E+01
  4.48667E+00  4.75963E-27  5.52016E+04  8.05413E-04  5.50634E+01
  4.58025E+00  4.59453E-27  6.11085E+04  7.97627E-04  5.87630E+01
  4.67383E+00  2.00759E-27  1.44797E+05  8.39380E-04  5.37341E+01
  4.76741E+00  7.62110E-28  3.86139E+05  1.01632E-03  4.45576E+01
  4.86099E+00  3.82374E-28  7.83884E+05  1.32664E-03  3.90178E+01
  4.95457E+00  3.75397E-28  8.23450E+05  1.34052E-03  4.09673E+01
  5.04815E+00  2.80027E-28  1.10162E+06  1.63171E-03  4.43072E+01
  5.14173E+00  2.67466E-28  1.13480E+06  1.67571E-03  4.73571E+01
  5.23531E+00  2.66367E-28  1.12724E+06  1.68280E-03  4.70768E+01
  5.32889E+00  2.67954E-28  1.12079E+06  1.67928E-03  4.83100E+01
  5.42247E+00  2.72279E-28  1.10427E+06  1.66384E-03  5.01104E+01
  5.51605E+00  2.78316E-28  1.08660E+06  1.65148E-03  4.67351E+01
  5.60962E+00  4.49418E-28  6.81983E+05  1.29739E-03  4.10032E+01
  5.70321E+00  7.34077E-28  4.20541E+05  1.06796E-03  4.46950E+01
  5.79678E+00  1.12137E-27  2.79813E+05  9.63777E-04  4.75259E+01
  5.89036E+00  8.37066E-28  3.78347E+05  1.05188E-03  4.60537E+01
  5.98394E+00  3.22252E-28  9.83796E+05  1.56510E-03  2.73408E+01
  6.07752E+00  2.36870E-28  1.28574E+06  1.83552E-03  6.53372E+00
  6.17110E+00  2.20018E-28  1.35719E+06  1.92241E-03 -5.79000E+00
  6.26468E+00  2.07605E-28  1.39825E+06  1.98299E-03 -1.54581E+01
  6.35826E+00  2.04925E-28  1.39486E+06  1.99684E-03 -1.75691E+01
  6.45184E+00  2.04627E-28  1.38634E+06  1.99902E-03 -1.86214E+01
  6.54542E+00  2.04901E-28  1.37890E+06  1.99980E-03 -1.88517E+01
  6.63900E+00  2.05266E-28  1.37899E+06  1.99995E-03 -1.83900E+01
  6.73258E+00  2.05156E-28  1.37879E+06  1.99999E-03 -1.78147E+01
  6.82616E+00  2.05106E-28  1.37883E+06  2.00000E-03 -1.71046E+01
  6.91974E+00  2.05175E-28  1.37922E+06  2.00000E-03 -1.63660E+01
  7.01332E+00  2.05221E-28  1.37948E+06  2.00000E-03 -1.55730E+01
  7.10690E+00  2.05610E-28  1.38117E+06  2.00000E-03 -1.45243E+01
  7.20048E+00  2.06256E-28  1.38403E+06  2.00000E-03 -1.33004E+01
  7.29406E+00  2.06899E-28  1.38688E+06  2.00000E-03 -1.21036E+01
  7.38764E+00  2.07723E-28  1.39054E+06  2.00000E-03 -1.07751E+01
  7.48122E+00  2.08391E-28  1.39351E+06  2.00000E-03 -9.92075E+00
  7.57480E+00  2.09116E-28  1.39672E+06  2.00000E-03 -8.74585E+00
  7.66838E+00  2.09825E-28  1.39987E+06  2.00000E-03 -7.90235E+00
  7.76196E+00  2.10387E-28  1.40236E+06  2.00000E-03 -7.33879E+00
  7.85554E+00  2.11145E-28  1.40571E+06  2.00000E-03 -6.43725E+00
  7.94912E+00  2.11620E-28  1.40782E+06  2.00000E-03 -5.92884E+00
  8.04270E+00  2.12432E-28  1.41141E+06  2.00000E-03 -5.27043E+00
  8.13628E+00  2.13111E-28  1.41441E+06  2.00000E-03 -4.60539E+00
  8.22986E+00  2.13756E-28  1.41727E+06  2.00000E-03 -4.15803E+00
  8.32344E+00  2.14709E-28  1.42148E+06  2.00000E-03 -3.46524E+00
  8.41702E+00  2.15421E-28  1.42462E+06  2.00000E-03 -2.99249E+00
  8.51060E+00  2.16255E-28  1.42830E+06  2.00000E-03 -2.46864E+00
  8.60418E+00  2.16933E-28  1.43128E+06  2.00000E-03 -2.06855E+00
  8.69776E+00  2.17453E-28  1.43357E+06  2.00000E-03 -1.80127E+00
  8.79134E+00  2.18031E-28  1.43612E+06  2.00000E-03 -1.52625E+00
  8.88492E+00  2.18354E-28  1.43753E+06  2.00000E-03 -1.42328E+00
  8.97850E+00  2.18613E-28  1.43868E+06  2.00000E-03 -1.37721E+00
  9.07208E+00  2.18795E-28  1.43948E+06  2.00000E-03 -1.39084E+00
  9.16566E+00  2.18740E-28  1.43923E+06  2.00000E-03 -1.54676E+00
  9.25924E+00  2.18795E-28  1.43947E+06  2.00000E-03 -1.70974E+00
  9.35282E+00  2.18456E-28  1.43798E+06  2.00000E-03 -2.02890E+00
  9.44640E+00  2.18323E-28  1.43739E+06  2.00000E-03 -2.20739E+00
  9.53998E+00  2.18386E-28  1.43767E+06  2.00000E-03 -2.36177E+00
  9.63356E+00  2.18488E-28  1.43811E+06  2.00000E-03 -2.33833E+00
  9.72714E+00  2.19051E-28  1.44058E+06  2.00000E-03 -2.06078E+00
  9.82072E+00  2.19566E-28  1.44283E+06  2.00000E-03 -1.75829E+00
  9.91430E+00  2.20136E-28  1.44532E+06  2.00000E-03 -1.37898E+00
  1.00079E+01  2.20958E-28  1.44891E+06  2.00000E-03 -8.82602E-01
  1.01015E+01  2.21429E-28  1.45096E+06  2.00000E-03 -5.63299E-01
  1.01950E+01  2.22098E-28  1.45389E+06  2.00000E-03 -1.53787E-01
  1.02886E+01  2.22520E-28  1.45575E+06  2.00000E-03  1.42931E-01
  1.03822E+01  2.22860E-28  1.45727E+06  2.00000E-03  3.42357E-01
  1.04758E+01  2.23232E-28  1.45896E+06  2.00000E-03  5.67372E-01
  1.05694E+01  2.23352E-28  1.45957E+06  2.00000E-03  6.93303E-01
  1.06629E+01  2.23531E-28  1.46045E+06  2.00000E-03  7.81509E-01
  1.07565E+01  2.23490E-28  1.46035E+06  2.00000E-03  7.62061E-01
  1.08501E+01  2.23337E-28  1.45973E+06  2.00000E-03  6.52614E-01
  1.09437E+01  2.23077E-28  1.45861E+06  2.00000E-03  4.53682E-01
  1.10373E+01  2.22580E-28  1.45643E+06  2.00000E-03  1.30662E-01
  1.11308E+01  2.21721E-28  1.45263E+06  2.00000E-03 -4.39711E-01
  1.12244E+01  2.21482E-28  1.45159E+06  2.00000E-03 -7.54494E-01
  1.13180E+01  2.20546E-28  1.44741E+06  2.00000E-03 -1.46665E+00
  1.14116E+01  2.20128E-28  1.44553E+06  2.00000E-03 -1.73806E+00
  1.15052E+01  2.19908E-28  1.44456E+06  2.00000E-03 -1.89903E+00
  1.15987E+01  2.19477E-28  1.44265E+06  2.00000E-03 -2.29005E+00
  1.16923E+01  2.19455E-28  1.44255E+06  2.00000E-03 -2.33612E+00
  1.17859E+01  2.19456E-28  1.44252E+06  2.00000E-03 -2.34812E+00
  1.18795E+01  2.19388E-28  1.44222E+06  2.00000E-03 -2.44023E+00
  1.19731E+01  2.19325E-28  1.44193E+06  2.00000E-03 -2.43264E+00
  1.20666E+01  2.19490E-28  1.44265E+06  2.00000E-03 -2.34678E+00
  1.21602E+01  2.19573E-28  1.44301E+06  2.00000E-03 -2.32044E+00
  1.22538E+01  2.19296E-28  1.44177E+06  2.00000E-03 -2.50516E+00
  1.23474E+01  2.19250E-28  1.44157E+06  2.00000E-03 -2.56626E+00
  1.24410E+01  2.18715E-28  1.43922E+06  2.00000E-03 -2.88100E+00
  1.25345E+01  2.18564E-28  1.43855E+06  2.00000E-03 -3.01595E+00
  1.26281E+01  2.18398E-28  1.43781E+06  2.00000E-03 -3.13300E+00
  1.27217E+01  2.18272E-28  1.43724E+06  2.00000E-03 -3.18039E+00
  1.28153E+01  2.18311E-28  1.43741E+06  2.00000E-03 -3.14532E+00
  1.29089E+01  2.18457E-28  1.43804E+06  2.00000E-03 -2.92019E+00
  1.30024E+01  2.18574E-28  1.43855E+06  2.00000E-03 -2.84665E+00
  1.30960E+01  2.18759E-28  1.43935E+06  2.00000E-03 -2.63571E+00
  1.31896E+01  2.18914E-28  1.44003E+06  2.00000E-03 -2.51860E+00
  1.32832E+01  2.18937E-28  1.44013E+06  2.00000E-03 -2.47338E+00
  1.33768E+01  2.18948E-28  1.44017E+06  2.00000E-03 -2.38349E+00
  1.34703E+01  2.18869E-28  1.43982E+06  2.00000E-03 -2.46338E+00
  1.35639E+01  2.18761E-28  1.43934E+06  2.00000E-03 -2.48796E+00
  1.36575E+01  2.18663E-28  1.43891E+06  2.00000E-03 -2.55449E+00
  1.37511E+01  2.18598E-28  1.43863E+06  2.00000E-03 -2.54186E+00
  1.38447E+01  2.18575E-28  1.43852E+06  2.00000E-03 -2.46379E+00
  1.39382E+01  2.18642E-28  1.43881E+06  2.00000E-03 -2.40339E+00
  1.40318E+01  2.18818E-28  1.43958E+06  2.00000E-03 -2.16109E+00
  1.41254E+01  2.19010E-28  1.44042E+06  2.00000E-03 -2.03025E+00
  1.42190E+01  2.19325E-28  1.44180E+06  2.00000E-03 -1.68745E+00
  1.43126E+01  2.19520E-28  1.44265E+06  2.00000E-03 -1.48858E+00
  1.44061E+01  2.20009E-28  1.44479E+06  2.00000E-03 -1.11706E+00
  1.44997E+01  2.20611E-28  1.44742E+06  2.00000E-03 -5.87790E-01
  1.45933E+01  2.20889E-28  1.44863E+06  2.00000E-03 -3.98481E-01
  1.46869E+01  2.21283E-28  1.45034E+06  2.00000E-03 -3.43724E-02
  1.47805E+01  2.21482E-28  1.45121E+06  2.00000E-03  1.45770E-01
  1.48740E+01  2.21659E-28  1.45198E+06  2.00000E-03  2.77455E-01
  1.49676E+01  2.21781E-28  1.45251E+06  2.00000E-03  4.13259E-01
  1.50612E+01  2.21747E-28  1.45236E+06  2.00000E-03  3.86189E-01
  1.51548E+01  2.21649E-28  1.45192E+06  2.00000E-03  3.37622E-01
  1.52484E+01  2.21561E-28  1.45154E+06  2.00000E-03  2.80411E-01
  1.53419E+01  2.20943E-28  1.44884E+06  2.00000E-03 -1.68062E-01
  1.54355E+01  2.20144E-28  1.44534E+06  2.00000E-03 -7.51832E-01
  1.55291E+01  2.19454E-28  1.44232E+06  2.00000E-03 -1.26589E+00
  1.56227E+01  2.18494E-28  1.43810E+06  2.00000E-03 -1.96054E+00
  1.57162E+01  2.18030E-28  1.43606E+06  2.00000E-03 -2.31179E+00
  1.58098E+01  2.17035E-28  1.43168E+06  2.00000E-03 -3.03754E+00
  1.59034E+01  2.16584E-28  1.42969E+06  2.00000E-03 -3.36140E+00
  1.59970E+01  2.16174E-28  1.42789E+06  2.00000E-03 -3.64594E+00
  1.60906E+01  2.15783E-28  1.42616E+06  2.00000E-03 -3.88766E+00
  1.61841E+01  2.15761E-28  1.42607E+06  2.00000E-03 -3.90781E+00
  1.62777E+01  2.15566E-28  1.42526E+06  2.00000E-03 -3.97511E+00
  1.63713E+01  2.15588E-28  1.42537E+06  2.00000E-03 -3.94619E+00
  1.64649E+01  2.15684E-28  1.42586E+06  2.00000E-03 -3.81147E+00
  1.65585E+01  2.15696E-28  1.42600E+06  2.00000E-03 -3.72021E+00
  1.66520E+01  2.15804E-28  1.42649E+06  2.00000E-03 -3.63348E+00
  1.67456E+01  2.15985E-28  1.42740E+06  2.00000E-03 -3.39711E+00
  1.68392E+01  2.16122E-28  1.42800E+06  2.00000E-03 -3.29730E+00
  1.69328E+01  2.16261E-28  1.42860E+06  2.00000E-03 -3.21503E+00
  1.70264E+01  2.16261E-28  1.42860E+06  2.00000E-03 -3.21503E+00
  1.71199E+01  2.16066E-28  1.42769E+06  2.00000E-03 -3.32023E+00
  1.72135E+01  2.15628E-28  1.42566E+06  2.00000E-03 -3.55624E+00
  1.73071E+01  2.15628E-28  1.42566E+06  2.00000E-03 -3.55624E+00
  1.74007E+01  2.15628E-28  1.42566E+06  2.00000E-03 -3.55624E+00
  1.74943E+01  2.15628E-28  1.42566E+06  2.00000E-03 -3.55624E+00
  1.75878E+01  2.15043E-28  1.42304E+06  2.00000E-03 -3.97265E+00
  1.76814E+01  2.14363E-28  1.42000E+06  2.00000E-03 -4.49963E+00
  1.77750E+01  2.14159E-28  1.41908E+06  2.00000E-03 -4.66286E+00
  1.78686E+01  2.13943E-28  1.41811E+06  2.00000E-03 -4.83019E+00
  1.79622E+01  2.13878E-28  1.41782E+06  2.00000E-03 -4.87982E+00
  1.80557E+01  2.13877E-28  1.41780E+06  2.00000E-03 -4.79344E+00
  1.81493E+01  2.13876E-28  1.41779E+06  2.00000E-03 -4.75995E+00
  1.82429E+01  2.13876E-28  1.41779E+06  2.00000E-03 -4.75995E+00
  1.83365E+01  2.13876E-28  1.41779E+06  2.00000E-03 -4.75995E+00
  1.84301E+01  2.13901E-28  1.41790E+06  2.00000E-03 -4.73774E+00
  1.85236E+01  2.14449E-28  1.42030E+06  2.00000E-03 -4.25819E+00
  1.86172E+01  2.14782E-28  1.42175E+06  2.00000E-03 -3.97501E+00
  1.87108E+01  2.15150E-28  1.42336E+06  2.00000E-03 -3.67466E+00
  1.88044E+01  2.15273E-28  1.42390E+06  2.00000E-03 -3.58163E+00
  1.88980E+01  2.15353E-28  1.42425E+06  2.00000E-03 -3.51919E+00
  1.89915E+01  2.15715E-28  1.42583E+06  2.00000E-03 -3.23037E+00
  1.90851E+01  2.15761E-28  1.42604E+06  2.00000E-03 -3.19310E+00
  1.91787E+01  2.15761E-28  1.42604E+06  2.00000E-03 -3.19310E+00
  1.92723E+01  2.15761E-28  1.42604E+06  2.00000E-03 -3.19310E+00
  1.93659E+01  2.15779E-28  1.42611E+06  2.00000E-03 -3.17598E+00
  1.94594E+01  2.15771E-28  1.42607E+06  2.00000E-03 -3.17694E+00
  1.95530E+01  2.15729E-28  1.42588E+06  2.00000E-03 -3.20782E+00
  1.96466E+01  2.15711E-28  1.42580E+06  2.00000E-03 -3.22285E+00
  1.97402E+01  2.15679E-28  1.42565E+06  2.00000E-03 -3.24780E+00
  1.98338E+01  2.15533E-28  1.42500E+06  2.00000E-03 -3.34402E+00
  1.99273E+01  2.15396E-28  1.42440E+06  2.00000E-03 -3.43214E+00
  2.00209E+01  2.15396E-28  1.42440E+06  2.00000E-03 -3.43214E+00
  2.01145E+01  2.15396E-28  1.42440E+06  2.00000E-03 -3.43214E+00
  2.02081E+01  2.15396E-28  1.42440E+06  2.00000E-03 -3.43214E+00
  2.03017E+01  2.15392E-28  1.42438E+06  2.00000E-03 -3.38778E+00
  2.03952E+01  2.15416E-28  1.42448E+06  2.00000E-03 -3.34547E+00
  2.04888E+01  2.15523E-28  1.42495E+06  2.00000E-03 -3.24237E+00
  2.05824E+01  2.15621E-28  1.42538E+06  2.00000E-03 -3.15316E+00
  2.06760E+01  2.15803E-28  1.42618E+06  2.00000E-03 -2.99191E+00
  2.07696E+01  2.16318E-28  1.42845E+06  2.00000E-03 -2.54477E+00
  2.08631E+01  2.16566E-28  1.42953E+06  2.00000E-03 -2.33599E+00
  2.09567E+01  2.16566E-28  1.42953E+06  2.00000E-03 -2.33599E+00
  2.10503E+01  2.16566E-28  1.42953E+06  2.00000E-03 -2.33599E+00
  2.11439E+01  2.16784E-28  1.43050E+06  2.00000E-03 -2.15253E+00
  2.12375E+01  2.17447E-28  1.43341E+06  2.00000E-03 -1.59896E+00
  2.13310E+01  2.17654E-28  1.43431E+06  2.00000E-03 -1.41870E+00
  2.14246E+01  2.17729E-28  1.43464E+06  2.00000E-03 -1.34917E+00
  2.15182E+01  2.17848E-28  1.43516E+06  2.00000E-03 -1.23990E+00
  2.16118E+01  2.18056E-28  1.43607E+06  2.00000E-03 -1.06921E+00
  2.17054E+01  2.18353E-28  1.43737E+06  2.00000E-03 -8.32385E-01
  2.17989E+01  2.18367E-28  1.43743E+06  2.00000E-03 -8.23941E-01
  2.18925E+01  2.18380E-28  1.43749E+06  2.00000E-03 -8.16166E-01
  2.19861E+01  2.18380E-28  1.43749E+06  2.00000E-03 -8.16166E-01
  2.20797E+01  2.18423E-28  1.43769E+06  2.00000E-03 -7.91834E-01
  2.21733E+01  2.18457E-28  1.43785E+06  2.00000E-03 -7.71938E-01
  2.22668E+01  2.18327E-28  1.43727E+06  2.00000E-03 -8.50571E-01
  2.23604E+01  2.18237E-28  1.43688E+06  2.00000E-03 -9.04850E-01
  2.24540E+01  2.18047E-28  1.43604E+06  2.00000E-03 -1.01962E+00
  2.25476E+01  2.17583E-28  1.43402E+06  2.00000E-03 -1.33080E+00
  2.26412E+01  2.17241E-28  1.43254E+06  2.00000E-03 -1.55901E+00
  2.27347E+01  2.17223E-28  1.43246E+06  2.00000E-03 -1.56947E+00
  2.28283E+01  2.17216E-28  1.43242E+06  2.00000E-03 -1.57376E+00
  2.29219E+01  2.17216E-28  1.43242E+06  2.00000E-03 -1.57376E+00
  2.30155E+01  2.17216E-28  1.43242E+06  2.00000E-03 -1.57376E+00
  2.31091E+01  2.17216E-28  1.43242E+06  2.00000E-03 -1.57376E+00
  2.32026E+01  2.17216E-28  1.43242E+06  2.00000E-03 -1.57376E+00
  2.32962E+01  2.17216E-28  1.43242E+06  2.00000E-03 -1.57376E+00
  2.33898E+01  2.17047E-28  1.43168E+06  2.00000E-03 -1.68546E+00
  2.34834E+01  2.16506E-28  1.42928E+06  2.00000E-03 -2.04417E+00
  2.35770E+01  2.16487E-28  1.42920E+06  2.00000E-03 -2.05728E+00
  2.36705E+01  2.16487E-28  1.42920E+06  2.00000E-03 -2.05728E+00
  2.37641E+01  2.16487E-28  1.42920E+06  2.00000E-03 -2.05728E+00
  2.38577E+01  2.16487E-28  1.42920E+06  2.00000E-03 -2.05728E+00
  2.39513E+01  2.16487E-28  1.42920E+06  2.00000E-03 -2.05728E+00
  2.40449E+01  2.16487E-28  1.42920E+06  2.00000E-03 -2.05728E+00
  2.41384E+01  2.16296E-28  1.42836E+06  2.00000E-03 -2.18280E+00
  2.42320E+01  2.16094E-28  1.42746E+06  2.00000E-03 -2.31638E+00
  2.43256E+01  2.15827E-28  1.42628E+06  2.00000E-03 -2.47611E+00
  2.44192E+01  2.15670E-28  1.42559E+06  2.00000E-03 -2.55698E+00
  2.45128E+01  2.15622E-28  1.42538E+06  2.00000E-03 -2.59273E+00
  2.46063E+01  2.15572E-28  1.42515E+06  2.00000E-03 -2.63084E+00
  2.46999E+01  2.15546E-28  1.42504E+06  2.00000E-03 -2.65052E+00
  2.47935E+01  2.15453E-28  1.42463E+06  2.00000E-03 -2.72038E+00
  2.48871E+01  2.15451E-28  1.42462E+06  2.00000E-03 -2.72224E+00
  2.49807E+01  2.15451E-28  1.42462E+06  2.00000E-03 -2.72224E+00
  2.50742E+01  2.15451E-28  1.42462E+06  2.00000E-03 -2.72224E+00
  2.51678E+01  2.15451E-28  1.42462E+06  2.00000E-03 -2.72224E+00
  2.52614E+01  2.15486E-28  1.42477E+06  2.00000E-03 -2.64361E+00
  2.53550E+01  2.15491E-28  1.42480E+06  2.00000E-03 -2.63159E+00
  2.54486E+01  2.15491E-28  1.42480E+06  2.00000E-03 -2.63159E+00
  2.55421E+01  2.15491E-28  1.42480E+06  2.00000E-03 -2.63159E+00
  2.56357E+01  2.15491E-28  1.42480E+06  2.00000E-03 -2.63158E+00
  2.57293E+01  2.15491E-28  1.42480E+06  2.00000E-03 -2.63159E+00
  2.58229E+01  2.15491E-28  1.42480E+06  2.00000E-03 -2.63159E+00
  2.59165E+01  2.15503E-28  1.42485E+06  2.00000E-03 -2.62191E+00
  2.60100E+01  2.15605E-28  1.42530E+06  2.00000E-03 -2.54030E+00
  2.61036E+01  2.15722E-28  1.42581E+06  2.00000E-03 -2.44289E+00
  2.61972E+01  2.16035E-28  1.42718E+06  2.00000E-03 -2.17891E+00
  2.62908E+01  2.16045E-28  1.42723E+06  2.00000E-03 -2.16986E+00
  2.63844E+01  2.16045E-28  1.42723E+06  2.00000E-03 -2.16986E+00
  2.64779E+01  2.16046E-28  1.42723E+06  2.00000E-03 -2.16951E+00
  2.65715E+01  2.16074E-28  1.42736E+06  2.00000E-03 -2.14109E+00
  2.66651E+01  2.16085E-28  1.42740E+06  2.00000E-03 -2.13078E+00
  2.67587E+01  2.16103E-28  1.42749E+06  2.00000E-03 -2.11250E+00
  2.68523E+01  2.16108E-28  1.42751E+06  2.00000E-03 -2.10732E+00
  2.69458E+01  2.16119E-28  1.42756E+06  2.00000E-03 -2.09803E+00
  2.70394E+01  2.16408E-28  1.42883E+06  2.00000E-03 -1.85929E+00
  2.71330E+01  2.16646E-28  1.42987E+06  2.00000E-03 -1.66372E+00
  2.72266E+01  2.16646E-28  1.42987E+06  2.00000E-03 -1.66372E+00
  2.73202E+01  2.16646E-28  1.42987E+06  2.00000E-03 -1.66372E+00
  2.74137E+01  2.16646E-28  1.42987E+06  2.00000E-03 -1.66372E+00
  2.75073E+01  2.16646E-28  1.42987E+06  2.00000E-03 -1.66372E+00
  2.76009E+01  2.16646E-28  1.42987E+06  2.00000E-03 -1.66372E+00
  2.76945E+01  2.16646E-28  1.42987E+06  2.00000E-03 -1.66372E+00
  2.77881E+01  2.16670E-28  1.42998E+06  2.00000E-03 -1.64655E+00
  2.78816E+01  2.17066E-28  1.43172E+06  2.00000E-03 -1.35995E+00
  2.79752E+01  2.17696E-28  1.43448E+06  2.00000E-03 -8.61585E-01
  2.80688E+01  2.17910E-28  1.43542E+06  2.00000E-03 -7.02082E-01
  2.81624E+01  2.17910E-28  1.43542E+06  2.00000E-03 -7.02082E-01
  2.82559E+01  2.17910E-28  1.43542E+06  2.00000E-03 -7.02082E-01
  2.83495E+01  2.17910E-28  1.43542E+06  2.00000E-03 -7.02082E-01
  2.84431E+01  2.17910E-28  1.43542E+06  2.00000E-03 -7.02082E-01
  2.85367E+01  2.17977E-28  1.43572E+06  2.00000E-03 -6.47074E-01
  2.86303E+01  2.18012E-28  1.43587E+06  2.00000E-03 -6.18718E-01
  2.87238E+01  2.18084E-28  1.43619E+06  2.00000E-03 -5.59665E-01
  2.88174E+01  2.18172E-28  1.43657E+06  2.00000E-03 -5.07068E-01
