 -2.86406E+01  2.14865E-28  1.42214E+06  2.00000E-03  7.59785E+00
 -2.85470E+01  2.14785E-28  1.42178E+06  2.00000E-03  7.68901E+00
 -2.84534E+01  2.14714E-28  1.42147E+06  2.00000E-03  7.76873E+00
 -2.83599E+01  2.14679E-28  1.42132E+06  2.00000E-03  7.80880E+00
 -2.82663E+01  2.14679E-28  1.42132E+06  2.00000E-03  7.80880E+00
 -2.81727E+01  2.14679E-28  1.42132E+06  2.00000E-03  7.80880E+00
 -2.80791E+01  2.14679E-28  1.42132E+06  2.00000E-03  7.80880E+00
 -2.79855E+01  2.14679E-28  1.42132E+06  2.00000E-03  7.80880E+00
 -2.78920E+01  2.14688E-28  1.42136E+06  2.00000E-03  7.83892E+00
 -2.77984E+01  2.14615E-28  1.42104E+06  2.00000E-03  8.09965E+00
 -2.77048E+01  2.14550E-28  1.42076E+06  2.00000E-03  8.12486E+00
 -2.76112E+01  2.14377E-28  1.42000E+06  2.00000E-03  8.09918E+00
 -2.75176E+01  2.14377E-28  1.42000E+06  2.00000E-03  8.09918E+00
 -2.74241E+01  2.14377E-28  1.42000E+06  2.00000E-03  8.09918E+00
 -2.73305E+01  2.14377E-28  1.42000E+06  2.00000E-03  8.09918E+00
 -2.72369E+01  2.14377E-28  1.42000E+06  2.00000E-03  8.09918E+00
 -2.71433E+01  2.14377E-28  1.42000E+06  2.00000E-03  8.09918E+00
 -2.70497E+01  2.14377E-28  1.42000E+06  2.00000E-03  8.09918E+00
 -2.69562E+01  2.14410E-28  1.42015E+06  2.00000E-03  8.18028E+00
 -2.68626E+01  2.14508E-28  1.42059E+06  2.00000E-03  8.42386E+00
 -2.67690E+01  2.14508E-28  1.42059E+06  2.00000E-03  8.42386E+00
 -2.66754E+01  2.14468E-28  1.42042E+06  2.00000E-03  8.50986E+00
 -2.65818E+01  2.14436E-28  1.42028E+06  2.00000E-03  8.57931E+00
 -2.64883E+01  2.14391E-28  1.42008E+06  2.00000E-03  8.67646E+00
 -2.63947E+01  2.14373E-28  1.42000E+06  2.00000E-03  8.71598E+00
 -2.63011E+01  2.14373E-28  1.42000E+06  2.00000E-03  8.71598E+00
 -2.62075E+01  2.14373E-28  1.42000E+06  2.00000E-03  8.71598E+00
 -2.61139E+01  2.14375E-28  1.42001E+06  2.00000E-03  8.71632E+00
 -2.60204E+01  2.14740E-28  1.42164E+06  2.00000E-03  8.80482E+00
 -2.59268E+01  2.14714E-28  1.42153E+06  2.00000E-03  8.83465E+00
 -2.58332E+01  2.14404E-28  1.42016E+06  2.00000E-03  8.82505E+00
 -2.57396E+01  2.14215E-28  1.41932E+06  2.00000E-03  8.81918E+00
 -2.56460E+01  2.14215E-28  1.41932E+06  2.00000E-03  8.81918E+00
 -2.55525E+01  2.14215E-28  1.41932E+06  2.00000E-03  8.81918E+00
 -2.54589E+01  2.14215E-28  1.41932E+06  2.00000E-03  8.81918E+00
 -2.53653E+01  2.14215E-28  1.41932E+06  2.00000E-03  8.81918E+00
 -2.52717E+01  2.14215E-28  1.41932E+06  2.00000E-03  8.81918E+00
 -2.51781E+01  2.14248E-28  1.41947E+06  2.00000E-03  8.83035E+00
 -2.50846E+01  2.14660E-28  1.42132E+06  2.00000E-03  8.97116E+00
 -2.49910E+01  2.14732E-28  1.42164E+06  2.00000E-03  8.99552E+00
 -2.48974E+01  2.14732E-28  1.42164E+06  2.00000E-03  8.99552E+00
 -2.48038E+01  2.14732E-28  1.42164E+06  2.00000E-03  8.99552E+00
 -2.47102E+01  2.14753E-28  1.42173E+06  2.00000E-03  9.05219E+00
 -2.46167E+01  2.14780E-28  1.42184E+06  2.00000E-03  9.12556E+00
 -2.45231E+01  2.14803E-28  1.42194E+06  2.00000E-03  9.18796E+00
 -2.44295E+01  2.14818E-28  1.42201E+06  2.00000E-03  9.22908E+00
 -2.43359E+01  2.14818E-28  1.42201E+06  2.00000E-03  9.22908E+00
 -2.42423E+01  2.14972E-28  1.42270E+06  2.00000E-03  9.48411E+00
 -2.41488E+01  2.15035E-28  1.42299E+06  2.00000E-03  9.69063E+00
 -2.40552E+01  2.14622E-28  1.42117E+06  2.00000E-03  9.65057E+00
 -2.39616E+01  2.14387E-28  1.42013E+06  2.00000E-03  9.62781E+00
 -2.38680E+01  2.14155E-28  1.41910E+06  2.00000E-03  9.60519E+00
 -2.37744E+01  2.14155E-28  1.41910E+06  2.00000E-03  9.60519E+00
 -2.36809E+01  2.14155E-28  1.41910E+06  2.00000E-03  9.60519E+00
 -2.35873E+01  2.14155E-28  1.41910E+06  2.00000E-03  9.60519E+00
 -2.34937E+01  2.14155E-28  1.41910E+06  2.00000E-03  9.60519E+00
 -2.34001E+01  2.14158E-28  1.41911E+06  2.00000E-03  9.61510E+00
 -2.33066E+01  2.14302E-28  1.41981E+06  2.00000E-03  1.01470E+01
 -2.32130E+01  2.14344E-28  1.42002E+06  2.00000E-03  1.03045E+01
 -2.31194E+01  2.14344E-28  1.42002E+06  2.00000E-03  1.03045E+01
 -2.30258E+01  2.14344E-28  1.42002E+06  2.00000E-03  1.03045E+01
 -2.29322E+01  2.14344E-28  1.42002E+06  2.00000E-03  1.03045E+01
 -2.28387E+01  2.14344E-28  1.42002E+06  2.00000E-03  1.03045E+01
 -2.27451E+01  2.14345E-28  1.42001E+06  2.00000E-03  1.03997E+01
 -2.26515E+01  2.14345E-28  1.42001E+06  2.00000E-03  1.04865E+01
 -2.25579E+01  2.14345E-28  1.42001E+06  2.00000E-03  1.05967E+01
 -2.24643E+01  2.14365E-28  1.42009E+06  2.00000E-03  1.07589E+01
 -2.23708E+01  2.14416E-28  1.42029E+06  2.00000E-03  1.10112E+01
 -2.22772E+01  2.14305E-28  1.41980E+06  2.00000E-03  1.10099E+01
 -2.21836E+01  2.14149E-28  1.41912E+06  2.00000E-03  1.09598E+01
 -2.20900E+01  2.13843E-28  1.41777E+06  2.00000E-03  1.08609E+01
 -2.19964E+01  2.13947E-28  1.41824E+06  2.00000E-03  1.09559E+01
 -2.19029E+01  2.14178E-28  1.41927E+06  2.00000E-03  1.11262E+01
 -2.18093E+01  2.14178E-28  1.41927E+06  2.00000E-03  1.11262E+01
 -2.17157E+01  2.14178E-28  1.41926E+06  2.00000E-03  1.12056E+01
 -2.16221E+01  2.14178E-28  1.41926E+06  2.00000E-03  1.12370E+01
 -2.15285E+01  2.14295E-28  1.41978E+06  2.00000E-03  1.15682E+01
 -2.14350E+01  2.14367E-28  1.42010E+06  2.00000E-03  1.17238E+01
 -2.13414E+01  2.14204E-28  1.41938E+06  2.00000E-03  1.16348E+01
 -2.12478E+01  2.14142E-28  1.41911E+06  2.00000E-03  1.16010E+01
 -2.11542E+01  2.13963E-28  1.41832E+06  2.00000E-03  1.15030E+01
 -2.10606E+01  2.14002E-28  1.41850E+06  2.00000E-03  1.17222E+01
 -2.09671E+01  2.14061E-28  1.41876E+06  2.00000E-03  1.18549E+01
 -2.08735E+01  2.14061E-28  1.41876E+06  2.00000E-03  1.18548E+01
 -2.07799E+01  2.14035E-28  1.41865E+06  2.00000E-03  1.19119E+01
 -2.06863E+01  2.13990E-28  1.41845E+06  2.00000E-03  1.20700E+01
 -2.05927E+01  2.13805E-28  1.41764E+06  2.00000E-03  1.26584E+01
 -2.04992E+01  2.13745E-28  1.41737E+06  2.00000E-03  1.27696E+01
 -2.04056E+01  2.13717E-28  1.41725E+06  2.00000E-03  1.27227E+01
 -2.03120E+01  2.13557E-28  1.41654E+06  2.00000E-03  1.24541E+01
 -2.02184E+01  2.13331E-28  1.41555E+06  2.00000E-03  1.23892E+01
 -2.01248E+01  2.13135E-28  1.41469E+06  2.00000E-03  1.28057E+01
 -2.00313E+01  2.13134E-28  1.41468E+06  2.00000E-03  1.28113E+01
 -1.99377E+01  2.13134E-28  1.41468E+06  2.00000E-03  1.28113E+01
 -1.98441E+01  2.13127E-28  1.41465E+06  2.00000E-03  1.28201E+01
 -1.97505E+01  2.12858E-28  1.41347E+06  2.00000E-03  1.33073E+01
 -1.96569E+01  2.12555E-28  1.41214E+06  2.00000E-03  1.39377E+01
 -1.95634E+01  2.12486E-28  1.41183E+06  2.00000E-03  1.40526E+01
 -1.94698E+01  2.12295E-28  1.41099E+06  2.00000E-03  1.35582E+01
 -1.93762E+01  2.12181E-28  1.41048E+06  2.00000E-03  1.30578E+01
 -1.92826E+01  2.11854E-28  1.40914E+06  2.00000E-03  1.29656E+01
 -1.91890E+01  2.11640E-28  1.40830E+06  2.00000E-03  1.33255E+01
 -1.90955E+01  2.11640E-28  1.40830E+06  2.00000E-03  1.33255E+01
 -1.90019E+01  2.11640E-28  1.40830E+06  2.00000E-03  1.33255E+01
 -1.89083E+01  2.11640E-28  1.40830E+06  2.00000E-03  1.33255E+01
 -1.88147E+01  2.11130E-28  1.40741E+06  1.99999E-03  1.35942E+01
 -1.87211E+01  2.10890E-28  1.40879E+06  1.99997E-03  1.31322E+01
 -1.86276E+01  2.10696E-28  1.41090E+06  1.99996E-03  1.24351E+01
 -1.85340E+01  2.10569E-28  1.41201E+06  1.99988E-03  1.00423E+01
 -1.84404E+01  2.12223E-28  1.40058E+06  1.99341E-03  8.03303E+00
 -1.83468E+01  2.26193E-28  1.31255E+06  1.94267E-03  2.88038E+00
 -1.82532E+01  2.27484E-28  1.30498E+06  1.93829E-03  2.63301E+00
 -1.81597E+01  2.27484E-28  1.30498E+06  1.93829E-03  2.63301E+00
 -1.80661E+01  2.27484E-28  1.30498E+06  1.93829E-03  2.63301E+00
 -1.79725E+01  2.57390E-28  1.15209E+06  1.85151E-03  1.99890E+00
 -1.78789E+01  4.22805E-28  6.97096E+05  1.59325E-03  1.11853E-01
 -1.77853E+01  7.01050E-28  4.13536E+05  1.43349E-03 -1.53324E+00
 -1.76918E+01  8.41254E-28  3.41915E+05  1.39309E-03 -3.33548E+00
 -1.75982E+01  1.22392E-27  2.30334E+05  1.33003E-03 -8.43195E+00
 -1.75046E+01  1.23642E-27  2.26032E+05  1.32330E-03 -1.09742E+01
 -1.74110E+01  1.04007E-27  2.61904E+05  1.32446E-03 -1.02466E+01
 -1.73174E+01  1.03647E-27  2.62727E+05  1.32460E-03 -1.01810E+01
 -1.72239E+01  1.03647E-27  2.62727E+05  1.32460E-03 -1.01810E+01
 -1.71303E+01  1.03252E-27  2.63753E+05  1.32510E-03 -1.01470E+01
 -1.70367E+01  8.06978E-28  3.39011E+05  1.36156E-03 -7.64869E+00
 -1.69431E+01  6.07518E-28  4.52127E+05  1.41637E-03 -3.89362E+00
 -1.68495E+01  6.07518E-28  4.52127E+05  1.41637E-03 -3.89362E+00
 -1.67560E+01  6.16451E-28  4.40508E+05  1.41728E-03  2.63013E+00
 -1.66624E+01  5.83884E-28  4.62150E+05  1.44142E-03  7.47248E+00
 -1.65688E+01  4.36251E-28  6.32291E+05  1.54856E-03  9.99185E+00
 -1.64752E+01  3.89968E-28  7.09168E+05  1.59353E-03  8.59070E+00
 -1.63816E+01  3.45348E-28  8.07396E+05  1.64491E-03  9.07449E+00
 -1.62881E+01  2.81436E-28  9.95116E+05  1.74994E-03  1.41063E+01
 -1.61945E+01  2.76915E-28  1.00615E+06  1.76119E-03  1.43163E+01
 -1.61009E+01  2.51558E-28  1.10343E+06  1.82608E-03  2.01965E+01
 -1.60073E+01  2.57743E-28  1.07310E+06  1.81068E-03  1.89753E+01
 -1.59137E+01  2.81004E-28  9.82177E+05  1.75509E-03  1.81540E+01
 -1.58202E+01  2.84700E-28  9.66793E+05  1.74823E-03  2.11162E+01
 -1.57266E+01  3.13261E-28  8.78401E+05  1.69202E-03  1.64955E+01
 -1.56330E+01  3.43652E-28  8.01498E+05  1.65269E-03  1.30246E+01
 -1.55394E+01  3.43310E-28  8.04859E+05  1.66138E-03  1.28625E+01
 -1.54458E+01  3.63885E-28  7.60812E+05  1.63159E-03  7.15568E+00
 -1.53523E+01  3.60556E-28  7.69081E+05  1.63743E-03  4.68225E+00
 -1.52587E+01  3.27119E-28  8.54459E+05  1.68952E-03  1.57767E+00
 -1.51651E+01  2.94481E-28  9.60194E+05  1.74913E-03 -1.60089E+00
 -1.50715E+01  2.79793E-28  1.01548E+06  1.77928E-03 -3.27269E+00
 -1.49779E+01  2.35334E-28  1.20744E+06  1.88094E-03  2.31971E+00
 -1.48844E+01  2.22304E-28  1.27482E+06  1.91849E-03  5.60043E+00
 -1.47908E+01  2.15805E-28  1.29087E+06  1.93331E-03  1.27556E+01
 -1.46972E+01  2.12036E-28  1.28467E+06  1.93634E-03  1.87666E+01
 -1.46036E+01  2.13975E-28  1.26887E+06  1.93157E-03  2.47047E+01
 -1.45100E+01  2.30592E-28  1.12272E+06  1.86563E-03  3.68540E+01
 -1.44165E+01  2.51384E-28  1.02632E+06  1.80715E-03  3.55966E+01
 -1.43229E+01  3.05346E-28  8.07333E+05  1.69037E-03  4.05775E+01
 -1.42293E+01  3.37038E-28  7.11728E+05  1.63925E-03  4.41696E+01
 -1.41357E+01  2.90559E-28  8.13263E+05  1.69405E-03  5.41788E+01
 -1.40421E+01  2.83388E-28  8.04511E+05  1.68642E-03  6.05047E+01
 -1.39486E+01  2.94803E-28  7.63023E+05  1.66654E-03  5.64620E+01
 -1.38550E+01  3.12858E-28  7.31466E+05  1.64119E-03  5.46622E+01
 -1.37614E+01  3.00581E-28  7.70360E+05  1.65990E-03  5.68490E+01
 -1.36678E+01  2.96387E-28  7.90943E+05  1.66404E-03  5.81550E+01
 -1.35742E+01  3.05583E-28  7.85418E+05  1.64701E-03  5.60544E+01
 -1.34807E+01  3.13764E-28  7.67238E+05  1.63368E-03  5.10314E+01
 -1.33871E+01  3.36658E-28  7.30023E+05  1.61120E-03  4.69002E+01
 -1.32935E+01  3.51992E-28  7.01842E+05  1.60078E-03  4.52192E+01
 -1.31999E+01  3.55196E-28  7.01275E+05  1.60904E-03  4.42476E+01
 -1.31063E+01  3.38427E-28  7.39631E+05  1.63592E-03  4.35264E+01
 -1.30128E+01  3.40638E-28  7.37504E+05  1.63349E-03  4.15453E+01
 -1.29192E+01  4.02631E-28  6.32204E+05  1.58780E-03  3.88471E+01
 -1.28256E+01  4.37727E-28  5.85863E+05  1.56002E-03  3.82951E+01
 -1.27320E+01  4.36996E-28  5.91446E+05  1.54697E-03  3.90024E+01
 -1.26384E+01  4.08444E-28  6.32109E+05  1.55497E-03  3.80418E+01
 -1.25449E+01  3.89873E-28  6.63282E+05  1.58133E-03  4.14795E+01
 -1.24513E+01  4.87922E-28  5.38275E+05  1.52879E-03  4.61462E+01
 -1.23577E+01  4.85725E-28  5.42034E+05  1.54451E-03  4.83634E+01
 -1.22641E+01  4.49903E-28  5.78091E+05  1.57757E-03  5.37460E+01
 -1.21705E+01  3.54164E-28  7.29408E+05  1.68268E-03  5.57755E+01
 -1.20770E+01  3.83731E-28  6.63013E+05  1.63866E-03  5.72550E+01
 -1.19834E+01  4.46110E-28  5.68706E+05  1.57258E-03  5.73679E+01
 -1.18898E+01  4.02429E-28  6.23332E+05  1.62141E-03  5.83861E+01
 -1.17962E+01  3.63601E-28  6.77469E+05  1.67375E-03  5.80513E+01
 -1.17026E+01  3.36992E-28  7.29194E+05  1.70920E-03  5.85846E+01
 -1.16091E+01  3.10156E-28  7.72092E+05  1.74196E-03  5.62338E+01
 -1.15155E+01  3.14092E-28  7.57616E+05  1.73793E-03  5.53938E+01
 -1.14219E+01  3.28457E-28  7.10846E+05  1.69375E-03  5.25630E+01
 -1.13283E+01  3.38362E-28  6.77044E+05  1.64951E-03  4.96652E+01
 -1.12347E+01  3.41780E-28  6.68707E+05  1.63859E-03  4.90748E+01
 -1.11412E+01  4.34819E-28  5.01707E+05  1.50330E-03  4.37806E+01
 -1.10476E+01  4.53790E-28  4.79187E+05  1.49230E-03  4.35077E+01
 -1.09540E+01  4.98498E-28  4.31529E+05  1.46665E-03  4.27109E+01
 -1.08604E+01  4.66110E-28  4.58679E+05  1.48893E-03  4.44963E+01
 -1.07668E+01  4.20301E-28  5.08636E+05  1.52680E-03  4.89926E+01
 -1.06733E+01  3.88942E-28  5.52766E+05  1.55368E-03  5.38107E+01
 -1.05797E+01  3.86662E-28  5.56730E+05  1.54462E-03  6.03134E+01
 -1.04861E+01  4.25864E-28  5.03915E+05  1.49651E-03  6.44370E+01
 -1.03925E+01  4.54313E-28  4.69570E+05  1.46735E-03  6.63092E+01
 -1.02990E+01  4.56723E-28  4.59553E+05  1.45734E-03  6.94101E+01
 -1.02054E+01  4.67124E-28  4.41502E+05  1.44320E-03  7.13073E+01
 -1.01118E+01  4.42930E-28  4.50272E+05  1.45311E-03  7.70550E+01
 -1.00182E+01  4.13435E-28  4.65091E+05  1.46127E-03  8.33854E+01
 -9.92463E+00  3.91132E-28  4.70675E+05  1.46992E-03  9.14619E+01
 -9.83105E+00  3.86531E-28  4.46654E+05  1.47436E-03  9.85308E+01
 -9.73747E+00  4.10093E-28  4.04737E+05  1.45476E-03  1.00930E+02
 -9.64389E+00  4.73526E-28  3.26809E+05  1.42279E-03  9.94824E+01
 -9.55031E+00  5.28373E-28  2.88281E+05  1.39477E-03  9.69775E+01
 -9.45673E+00  6.51694E-28  2.27511E+05  1.35050E-03  9.00733E+01
 -9.36315E+00  6.67740E-28  2.09837E+05  1.33992E-03  8.97130E+01
 -9.26957E+00  7.39244E-28  1.74129E+05  1.31897E-03  8.88129E+01
 -9.17599E+00  1.12443E-27  1.09634E+05  1.29393E-03  8.22398E+01
 -9.08241E+00  1.29117E-27  9.54025E+04  1.29017E-03  8.03542E+01
 -8.98883E+00  1.48958E-27  9.01287E+04  1.28930E-03  7.58162E+01
 -8.89525E+00  1.91723E-27  7.92389E+04  1.27932E-03  6.79001E+01
 -8.80167E+00  4.34116E-27  3.74863E+04  1.23137E-03  5.62526E+01
 -8.70809E+00  4.67175E-27  3.56316E+04  1.22395E-03  5.04658E+01
 -8.61451E+00  2.32259E-27  7.39652E+04  1.27121E-03  4.73813E+01
 -8.52093E+00  3.64575E-27  4.87338E+04  1.27135E-03  4.54502E+01
 -8.42735E+00  8.50594E-27  2.09720E+04  1.22384E-03  4.32388E+01
 -8.33377E+00  1.24785E-26  1.48566E+04  1.20561E-03  4.37725E+01
 -8.24019E+00  1.46270E-26  1.36802E+04  1.18766E-03  4.42564E+01
 -8.14661E+00  1.38761E-26  1.36958E+04  1.17322E-03  4.47804E+01
 -8.05303E+00  1.20276E-26  1.39203E+04  1.16769E-03  4.43263E+01
 -7.95945E+00  9.46042E-27  1.41150E+04  1.16640E-03  4.31731E+01
 -7.86587E+00  7.94884E-27  1.43795E+04  1.16813E-03  4.31423E+01
 -7.77229E+00  6.95431E-27  1.44440E+04  1.16987E-03  4.24368E+01
 -7.67871E+00  5.91711E-27  1.42856E+04  1.16727E-03  3.74935E+01
 -7.58513E+00  5.83611E-27  1.42636E+04  1.16492E-03  3.73864E+01
 -7.49155E+00  5.78555E-27  1.42206E+04  1.16030E-03  3.42763E+01
 -7.39797E+00  6.28931E-27  1.39892E+04  1.15571E-03  3.17800E+01
 -7.30439E+00  6.80113E-27  1.38499E+04  1.15507E-03  3.17029E+01
 -7.21081E+00  8.67187E-27  1.37443E+04  1.14164E-03  3.17679E+01
 -7.11724E+00  9.76663E-27  1.37792E+04  1.13507E-03  3.36370E+01
 -7.02366E+00  1.11145E-26  1.41197E+04  1.12965E-03  3.68332E+01
 -6.93008E+00  1.17405E-26  1.47766E+04  1.13076E-03  3.87460E+01
 -6.83650E+00  1.12863E-26  1.51317E+04  1.13467E-03  4.02865E+01
 -6.74292E+00  1.14303E-26  1.43700E+04  1.14345E-03  4.00390E+01
 -6.64934E+00  1.17413E-26  1.38491E+04  1.15341E-03  3.97834E+01
 -6.55576E+00  1.17963E-26  1.38420E+04  1.15898E-03  3.93669E+01
 -6.46218E+00  1.19935E-26  1.38708E+04  1.16092E-03  3.79443E+01
 -6.36860E+00  1.26656E-26  1.38732E+04  1.16059E-03  3.57663E+01
 -6.27502E+00  1.35166E-26  1.38470E+04  1.15673E-03  3.42977E+01
 -6.18144E+00  1.60109E-26  1.37342E+04  1.14920E-03  3.21450E+01
 -6.08786E+00  1.72649E-26  1.36932E+04  1.14615E-03  3.19027E+01
 -5.99428E+00  1.86314E-26  1.37195E+04  1.15127E-03  3.25429E+01
 -5.90070E+00  1.90251E-26  1.37788E+04  1.15663E-03  3.29206E+01
 -5.80712E+00  1.87396E-26  1.38051E+04  1.15922E-03  3.41927E+01
 -5.71354E+00  1.84240E-26  1.38747E+04  1.16242E-03  3.48333E+01
 -5.61996E+00  1.79376E-26  1.38841E+04  1.16243E-03  3.61768E+01
 -5.52638E+00  1.72152E-26  1.39265E+04  1.16047E-03  3.83133E+01
 -5.43280E+00  1.66258E-26  1.40012E+04  1.15765E-03  3.90839E+01
 -5.33922E+00  1.56086E-26  1.40396E+04  1.16162E-03  4.08429E+01
 -5.24564E+00  1.59827E-26  1.40063E+04  1.16341E-03  3.97557E+01
 -5.15206E+00  1.83830E-26  1.39356E+04  1.15717E-03  3.78132E+01
 -5.05848E+00  2.18667E-26  1.37368E+04  1.14564E-03  3.52448E+01
 -4.96490E+00  2.20873E-26  1.36098E+04  1.14823E-03  3.59105E+01
 -4.87132E+00  1.88037E-26  1.39533E+04  1.13709E-03  4.04617E+01
 -4.77774E+00  1.00715E-26  1.86545E+04  1.14999E-03  3.95632E+01
 -4.68416E+00  2.50732E-27  4.59579E+04  1.23037E-03  2.76748E+01
 -4.59058E+00  2.21759E-27  4.24799E+04  1.19703E-03  2.36898E+01
 -4.49700E+00  3.88739E-27  2.26077E+04  1.15721E-03  2.40433E+01
 -4.40342E+00  4.40536E-27  2.02684E+04  1.15890E-03  2.31543E+01
 -4.30984E+00  3.62154E-27  2.48626E+04  1.17748E-03  2.30309E+01
 -4.21626E+00  3.29125E-27  2.45463E+04  1.18796E-03  2.44314E+01
 -4.12268E+00  3.73748E-27  2.01294E+04  1.17773E-03  2.64335E+01
 -4.02910E+00  3.94952E-27  1.86987E+04  1.17237E-03  2.70984E+01
 -3.93552E+00  3.67314E-27  1.99237E+04  1.17686E-03  2.67102E+01
 -3.84194E+00  3.42127E-27  2.14433E+04  1.17552E-03  2.74582E+01
 -3.74836E+00  3.53886E-27  1.98401E+04  1.15922E-03  2.90120E+01
 -3.65478E+00  3.67295E-27  1.71211E+04  1.13871E-03  3.03105E+01
 -3.56120E+00  3.57446E-27  1.54434E+04  1.12667E-03  3.15073E+01
 -3.46762E+00  3.39300E-27  1.49532E+04  1.12320E-03  3.30235E+01
 -3.37404E+00  3.22524E-27  1.55543E+04  1.13184E-03  3.44518E+01
 -3.28046E+00  3.05785E-27  1.73493E+04  1.14750E-03  3.50823E+01
 -3.18688E+00  3.17854E-27  1.76388E+04  1.15295E-03  3.28001E+01
 -3.09330E+00  3.30435E-27  1.72937E+04  1.14893E-03  2.81570E+01
 -2.99972E+00  3.36297E-27  1.72700E+04  1.14799E-03  2.46157E+01
 -2.90614E+00  3.65500E-27  1.68571E+04  1.14838E-03  2.25949E+01
 -2.81256E+00  4.21092E-27  1.66108E+04  1.14860E-03  2.28870E+01
 -2.71898E+00  4.99869E-27  1.67547E+04  1.14648E-03  2.51282E+01
 -2.62540E+00  6.08096E-27  1.65808E+04  1.14023E-03  2.84570E+01
 -2.53182E+00  7.30430E-27  1.55810E+04  1.12492E-03  3.17453E+01
 -2.43824E+00  7.48029E-27  1.50084E+04  1.11252E-03  3.48857E+01
 -2.34466E+00  6.76698E-27  1.47904E+04  1.11030E-03  3.88639E+01
 -2.25108E+00  6.08569E-27  1.46820E+04  1.10509E-03  4.07522E+01
 -2.15750E+00  5.95874E-27  1.46483E+04  1.08898E-03  3.85330E+01
 -2.06392E+00  6.48196E-27  1.46575E+04  1.08238E-03  3.42533E+01
 -1.97034E+00  7.09601E-27  1.45176E+04  1.08332E-03  3.17784E+01
 -1.87676E+00  7.46181E-27  1.44420E+04  1.08408E-03  3.20581E+01
 -1.78318E+00  8.06162E-27  1.44726E+04  1.08553E-03  3.29163E+01
 -1.68960E+00  9.13768E-27  1.45268E+04  1.08870E-03  3.34553E+01
 -1.59602E+00  1.06521E-26  1.44784E+04  1.09304E-03  3.36775E+01
 -1.50244E+00  1.23190E-26  1.43807E+04  1.09320E-03  3.41656E+01
 -1.40886E+00  1.34005E-26  1.42807E+04  1.09019E-03  3.59397E+01
 -1.31528E+00  1.32319E-26  1.41413E+04  1.08332E-03  3.94658E+01
 -1.22170E+00  1.15527E-26  1.39983E+04  1.07503E-03  4.35693E+01
 -1.12812E+00  9.94004E-27  1.40208E+04  1.06776E-03  4.52058E+01
 -1.03454E+00  8.89727E-27  1.41918E+04  1.06550E-03  4.50271E+01
 -9.40965E-01  8.14510E-27  1.44257E+04  1.06319E-03  4.45346E+01
 -8.47385E-01  7.49243E-27  1.44007E+04  1.06975E-03  4.35559E+01
 -7.53805E-01  6.79212E-27  1.40977E+04  1.07341E-03  4.32887E+01
 -6.60225E-01  6.24414E-27  1.38342E+04  1.07647E-03  4.33932E+01
 -5.66645E-01  6.00964E-27  1.38551E+04  1.09201E-03  4.34518E+01
 -4.73065E-01  5.90652E-27  1.41823E+04  1.11384E-03  4.34471E+01
 -3.79486E-01  6.21707E-27  1.46460E+04  1.12821E-03  4.19591E+01
 -2.85906E-01  7.33905E-27  1.44893E+04  1.12015E-03  3.82929E+01
 -1.92326E-01  7.81126E-27  1.42197E+04  1.09908E-03  3.42938E+01
 -9.87461E-02  3.91476E-27  2.73238E+04  1.13151E-03  2.99690E+01
 -5.16620E-03  1.28133E-27  8.08673E+04  1.22788E-03  1.88300E+01
  8.84137E-02  2.25531E-27  3.92017E+04  1.20431E-03  1.67563E+01
  1.81994E-01  3.58010E-27  2.02687E+04  1.18476E-03  1.83863E+01
  2.75573E-01  3.37271E-27  1.91151E+04  1.18123E-03  1.97335E+01
  3.69153E-01  3.22641E-27  2.09197E+04  1.18202E-03  2.27747E+01
  4.62733E-01  3.85589E-27  1.95331E+04  1.18004E-03  2.48590E+01
  5.56313E-01  5.65492E-27  1.60973E+04  1.17152E-03  2.64861E+01
  6.49893E-01  7.50233E-27  1.52897E+04  1.17446E-03  2.81923E+01
  7.43473E-01  9.78027E-27  1.50362E+04  1.15365E-03  3.10994E+01
  8.37053E-01  1.24069E-26  1.43288E+04  1.09101E-03  3.53153E+01
  9.30632E-01  1.41197E-26  1.40097E+04  1.07909E-03  3.85539E+01
  1.02421E+00  1.49222E-26  1.39576E+04  1.08923E-03  4.10894E+01
  1.11779E+00  1.40135E-26  1.56148E+04  1.09949E-03  4.20881E+01
  1.21137E+00  8.27684E-27  2.74973E+04  1.13156E-03  4.13250E+01
  1.30495E+00  3.35016E-27  6.92712E+04  1.22028E-03  4.27391E+01
  1.39853E+00  6.26379E-27  3.43503E+04  1.21811E-03  4.18829E+01
  1.49211E+00  6.78963E-27  2.97508E+04  1.21775E-03  3.89329E+01
  1.58569E+00  3.31467E-27  5.19169E+04  1.24319E-03  3.78216E+01
  1.67927E+00  4.80697E-27  2.83301E+04  1.20741E-03  4.70909E+01
  1.77285E+00  8.94748E-27  1.45936E+04  1.09913E-03  5.14018E+01
  1.86643E+00  1.09118E-26  1.35670E+04  1.01341E-03  5.32489E+01
  1.96001E+00  1.19551E-26  1.36647E+04  9.84600E-04  5.43978E+01
  2.05359E+00  1.27054E-26  1.37539E+04  9.82642E-04  5.45127E+01
  2.14717E+00  1.24004E-26  1.41014E+04  1.02600E-03  5.42628E+01
  2.24075E+00  8.56879E-27  1.82285E+04  1.10384E-03  5.46107E+01
  2.33433E+00  4.13532E-27  3.35746E+04  1.17529E-03  5.50603E+01
  2.42791E+00  4.29826E-27  2.90368E+04  1.19719E-03  5.30403E+01
  2.52149E+00  5.67903E-27  1.90879E+04  1.16343E-03  5.26398E+01
  2.61507E+00  7.23548E-27  1.58857E+04  1.13162E-03  5.17664E+01
  2.70865E+00  9.87822E-27  1.41848E+04  1.12331E-03  4.94631E+01
  2.80223E+00  1.24400E-26  1.35790E+04  1.15222E-03  4.70831E+01
  2.89581E+00  1.50382E-26  1.42745E+04  1.19443E-03  4.57237E+01
  2.98939E+00  1.29336E-26  1.98369E+04  1.21443E-03  4.67982E+01
  3.08297E+00  8.86916E-27  2.98958E+04  1.22445E-03  4.89759E+01
  3.17655E+00  4.75714E-27  5.35170E+04  1.25154E-03  4.66434E+01
  3.27013E+00  2.79380E-27  8.92744E+04  1.27793E-03  4.58188E+01
  3.36371E+00  2.21480E-27  1.08361E+05  1.29375E-03  4.92470E+01
  3.45729E+00  2.11721E-27  1.05463E+05  1.29513E-03  4.90078E+01
  3.55087E+00  2.32894E-27  9.23423E+04  1.28534E-03  4.27476E+01
  3.64445E+00  1.70627E-27  1.30089E+05  1.30065E-03  3.87904E+01
  3.73803E+00  8.24031E-28  3.06322E+05  1.38403E-03  4.33519E+01
  3.83161E+00  6.41978E-28  4.15820E+05  1.44316E-03  5.20536E+01
  3.92519E+00  6.94768E-28  3.87231E+05  1.44098E-03  5.45696E+01
  4.01877E+00  5.76160E-28  4.67159E+05  1.49477E-03  5.90102E+01
  4.11235E+00  6.93180E-28  3.88222E+05  1.44815E-03  5.67571E+01
  4.20593E+00  1.02244E-27  2.66338E+05  1.36967E-03  4.75596E+01
  4.29951E+00  1.19917E-27  2.31998E+05  1.35399E-03  4.33650E+01
  4.39309E+00  1.41102E-27  1.99582E+05  1.34024E-03  4.34101E+01
  4.48667E+00  2.02785E-27  1.37949E+05  1.29409E-03  4.56995E+01
  4.58025E+00  2.52454E-27  1.09484E+05  1.27758E-03  4.57560E+01
  4.67383E+00  2.34302E-27  1.19577E+05  1.28778E-03  4.38893E+01
  4.76741E+00  1.80608E-27  1.58082E+05  1.31197E-03  4.24406E+01
  4.86099E+00  7.89818E-28  3.67161E+05  1.41642E-03  4.04140E+01
  4.95457E+00  3.81206E-28  7.65571E+05  1.65513E-03  3.74101E+01
  5.04815E+00  3.55586E-28  8.24412E+05  1.69370E-03  3.81807E+01
  5.14173E+00  3.54188E-28  8.34786E+05  1.69628E-03  3.98050E+01
  5.23531E+00  3.54980E-28  8.41294E+05  1.69732E-03  4.05115E+01
  5.32889E+00  3.61299E-28  8.35339E+05  1.69326E-03  4.00216E+01
  5.42247E+00  3.71071E-28  8.22568E+05  1.68592E-03  3.82975E+01
  5.51605E+00  3.80942E-28  8.10408E+05  1.67761E-03  3.58778E+01
  5.60962E+00  4.23361E-28  7.35239E+05  1.63096E-03  3.06574E+01
  5.70321E+00  4.25549E-28  7.37086E+05  1.62342E-03  2.58442E+01
  5.79678E+00  4.42293E-28  7.20136E+05  1.61884E-03  1.59815E+01
  5.89036E+00  4.92518E-28  6.48811E+05  1.59261E-03  1.13712E+01
  5.98394E+00  4.97844E-28  6.41584E+05  1.58908E-03  8.93664E+00
  6.07752E+00  4.02964E-28  7.94448E+05  1.65600E-03  6.21132E+00
  6.17110E+00  3.34350E-28  9.57807E+05  1.74497E-03  4.15917E+00
  6.26468E+00  2.56198E-28  1.25002E+06  1.90311E-03  1.68425E+00
  6.35826E+00  2.26542E-28  1.41124E+06  1.97893E-03 -6.00440E-01
  6.45184E+00  2.25682E-28  1.41583E+06  1.97636E-03 -1.35107E+00
  6.54542E+00  2.42561E-28  1.31531E+06  1.91640E-03 -1.53267E+00
  6.63900E+00  2.83633E-28  1.12300E+06  1.82127E-03 -1.06881E+00
  6.73258E+00  3.16947E-28  1.00464E+06  1.77114E-03 -2.99751E+00
  6.82616E+00  3.42375E-28  9.30346E+05  1.73751E-03 -5.21684E+00
  6.91974E+00  3.52255E-28  9.02682E+05  1.72489E-03 -6.42530E+00
  7.01332E+00  3.68940E-28  8.56275E+05  1.70468E-03 -6.88693E+00
  7.10690E+00  3.91011E-28  8.04102E+05  1.67896E-03 -6.04071E+00
  7.20048E+00  3.92745E-28  8.00031E+05  1.67527E-03 -5.51883E+00
  7.29406E+00  3.63518E-28  8.67449E+05  1.70433E-03 -6.20717E+00
  7.38764E+00  2.99280E-28  1.05672E+06  1.79938E-03 -6.16354E+00
  7.48122E+00  2.56017E-28  1.23577E+06  1.89101E-03 -8.00425E+00
  7.57480E+00  2.26559E-28  1.39498E+06  1.97020E-03 -1.37602E+01
  7.66838E+00  2.29036E-28  1.36804E+06  1.96212E-03 -1.52582E+01
  7.76196E+00  2.32092E-28  1.33944E+06  1.95345E-03 -1.82508E+01
  7.85554E+00  2.43906E-28  1.25653E+06  1.92063E-03 -2.28219E+01
  7.94912E+00  2.83513E-28  1.06846E+06  1.84349E-03 -2.27309E+01
  8.04270E+00  3.18325E-28  9.50160E+05  1.80229E-03 -2.26673E+01
  8.13628E+00  3.81491E-28  7.95343E+05  1.72785E-03 -1.72349E+01
  8.22986E+00  3.48537E-28  8.74946E+05  1.73734E-03 -1.62296E+01
  8.32344E+00  2.61065E-28  1.18629E+06  1.84190E-03 -1.71124E+01
  8.41702E+00  2.54016E-28  1.23317E+06  1.87574E-03 -1.47541E+01
  8.51060E+00  2.23267E-28  1.42936E+06  1.98226E-03 -1.49452E+01
  8.60418E+00  2.23342E-28  1.44511E+06  1.99334E-03 -1.14478E+01
  8.69776E+00  2.22981E-28  1.45650E+06  1.99654E-03 -9.54872E+00
  8.79134E+00  2.24074E-28  1.45543E+06  1.99550E-03 -8.58331E+00
  8.88492E+00  2.25191E-28  1.45165E+06  1.99340E-03 -7.90175E+00
  8.97850E+00  2.27082E-28  1.44044E+06  1.98801E-03 -7.63648E+00
  9.07208E+00  2.29684E-28  1.42404E+06  1.98014E-03 -7.52592E+00
  9.16566E+00  2.32256E-28  1.40771E+06  1.97236E-03 -7.32973E+00
  9.25924E+00  2.35426E-28  1.38797E+06  1.96322E-03 -7.19546E+00
  9.35282E+00  2.38284E-28  1.36934E+06  1.95485E-03 -7.02412E+00
  9.44640E+00  2.39721E-28  1.36000E+06  1.95089E-03 -6.95660E+00
  9.53998E+00  2.40890E-28  1.35072E+06  1.94822E-03 -6.99837E+00
  9.63356E+00  2.40903E-28  1.34949E+06  1.94841E-03 -7.01549E+00
  9.72714E+00  2.39442E-28  1.35563E+06  1.95327E-03 -7.24343E+00
  9.82072E+00  2.38320E-28  1.36063E+06  1.95708E-03 -7.44723E+00
  9.91430E+00  2.38572E-28  1.35827E+06  1.95689E-03 -7.49561E+00
  1.00079E+01  2.38726E-28  1.35608E+06  1.95759E-03 -7.98039E+00
  1.01015E+01  2.40346E-28  1.34640E+06  1.95362E-03 -8.05788E+00
  1.01950E+01  2.43529E-28  1.32861E+06  1.94537E-03 -8.21974E+00
  1.02886E+01  2.50007E-28  1.29383E+06  1.92749E-03 -8.25087E+00
  1.03822E+01  2.55352E-28  1.26671E+06  1.91341E-03 -8.38611E+00
  1.04758E+01  2.61879E-28  1.23534E+06  1.89706E-03 -8.59661E+00
  1.05694E+01  2.66210E-28  1.21511E+06  1.88659E-03 -8.67188E+00
  1.06629E+01  2.69975E-28  1.19850E+06  1.87897E-03 -9.18663E+00
  1.07565E+01  2.72150E-28  1.18877E+06  1.87447E-03 -9.81379E+00
  1.08501E+01  2.72807E-28  1.18551E+06  1.87267E-03 -1.08458E+01
  1.09437E+01  2.71365E-28  1.19112E+06  1.87478E-03 -1.19927E+01
  1.10373E+01  2.70457E-28  1.19305E+06  1.87714E-03 -1.29054E+01
  1.11308E+01  2.69734E-28  1.19468E+06  1.87994E-03 -1.31133E+01
  1.12244E+01  2.72784E-28  1.18185E+06  1.86850E-03 -1.46740E+01
  1.13180E+01  2.77540E-28  1.15932E+06  1.85408E-03 -1.60894E+01
  1.14116E+01  2.79466E-28  1.14978E+06  1.84782E-03 -1.64238E+01
  1.15052E+01  2.80879E-28  1.14261E+06  1.84112E-03 -1.69541E+01
  1.15987E+01  2.75812E-28  1.16247E+06  1.85316E-03 -1.70436E+01
  1.16923E+01  2.74275E-28  1.16876E+06  1.85659E-03 -1.70956E+01
  1.17859E+01  2.75789E-28  1.15831E+06  1.84955E-03 -1.75012E+01
  1.18795E+01  2.79670E-28  1.14062E+06  1.83382E-03 -1.87680E+01
  1.19731E+01  2.78039E-28  1.14300E+06  1.83022E-03 -1.89112E+01
  1.20666E+01  2.67783E-28  1.18550E+06  1.85208E-03 -1.90178E+01
  1.21602E+01  2.58633E-28  1.22686E+06  1.87516E-03 -1.88350E+01
  1.22538E+01  2.49958E-28  1.26638E+06  1.89560E-03 -1.77064E+01
  1.23474E+01  2.46319E-28  1.28378E+06  1.90082E-03 -1.82275E+01
  1.24410E+01  2.37201E-28  1.33053E+06  1.92760E-03 -1.69807E+01
  1.25345E+01  2.31945E-28  1.36117E+06  1.94692E-03 -1.67747E+01
  1.26281E+01  2.27312E-28  1.38954E+06  1.96694E-03 -1.61504E+01
  1.27217E+01  2.26201E-28  1.39663E+06  1.97322E-03 -1.47153E+01
  1.28153E+01  2.27123E-28  1.39101E+06  1.96905E-03 -1.42016E+01
  1.29089E+01  2.24746E-28  1.40616E+06  1.97922E-03 -1.26059E+01
  1.30024E+01  2.21318E-28  1.42890E+06  1.98997E-03 -1.23944E+01
  1.30960E+01  2.20629E-28  1.43400E+06  1.99310E-03 -1.19251E+01
  1.31896E+01  2.20092E-28  1.43851E+06  1.99579E-03 -1.15225E+01
  1.32832E+01  2.20567E-28  1.43636E+06  1.99477E-03 -1.07293E+01
  1.33768E+01  2.20306E-28  1.43882E+06  1.99594E-03 -1.04072E+01
  1.34703E+01  2.19668E-28  1.44401E+06  1.99835E-03 -1.00731E+01
  1.35639E+01  2.19326E-28  1.44565E+06  1.99914E-03 -1.00881E+01
  1.36575E+01  2.19342E-28  1.44523E+06  1.99921E-03 -9.87493E+00
  1.37511E+01  2.19743E-28  1.44248E+06  1.99841E-03 -9.69557E+00
  1.38447E+01  2.19574E-28  1.44425E+06  1.99891E-03 -1.04255E+01
  1.39382E+01  2.19570E-28  1.44364E+06  1.99881E-03 -1.05449E+01
  1.40318E+01  2.19005E-28  1.44179E+06  1.99911E-03 -1.21420E+01
  1.41254E+01  2.18909E-28  1.44208E+06  1.99930E-03 -1.27318E+01
  1.42190E+01  2.19232E-28  1.43604E+06  1.99786E-03 -1.35208E+01
  1.43126E+01  2.20058E-28  1.42741E+06  1.99539E-03 -1.35400E+01
  1.44061E+01  2.20006E-28  1.42480E+06  1.99498E-03 -1.43678E+01
  1.44997E+01  2.19312E-28  1.42873E+06  1.99603E-03 -1.63078E+01
  1.45933E+01  2.19064E-28  1.42940E+06  1.99651E-03 -1.69365E+01
  1.46869E+01  2.18215E-28  1.43821E+06  1.99899E-03 -1.64781E+01
  1.47805E+01  2.17712E-28  1.44135E+06  1.99992E-03 -1.65108E+01
  1.48740E+01  2.17648E-28  1.43888E+06  1.99993E-03 -1.62100E+01
  1.49676E+01  2.18153E-28  1.43626E+06  2.00000E-03 -1.46750E+01
  1.50612E+01  2.18143E-28  1.43628E+06  2.00000E-03 -1.46055E+01
  1.51548E+01  2.18388E-28  1.43792E+06  2.00000E-03 -1.28197E+01
  1.52484E+01  2.18498E-28  1.43852E+06  2.00000E-03 -1.17948E+01
  1.53419E+01  2.18693E-28  1.43932E+06  2.00000E-03 -1.08338E+01
  1.54355E+01  2.18883E-28  1.44015E+06  2.00000E-03 -1.02050E+01
  1.55291E+01  2.18949E-28  1.44044E+06  2.00000E-03 -1.00920E+01
  1.56227E+01  2.19074E-28  1.44099E+06  2.00000E-03 -9.92348E+00
  1.57162E+01  2.19093E-28  1.44107E+06  2.00000E-03 -9.79751E+00
  1.58098E+01  2.19140E-28  1.44127E+06  2.00000E-03 -9.69164E+00
  1.59034E+01  2.19137E-28  1.44125E+06  2.00000E-03 -9.65219E+00
  1.59970E+01  2.19138E-28  1.44125E+06  2.00000E-03 -9.71961E+00
  1.60906E+01  2.19179E-28  1.44143E+06  2.00000E-03 -9.76621E+00
  1.61841E+01  2.19151E-28  1.44131E+06  2.00000E-03 -9.77635E+00
  1.62777E+01  2.19171E-28  1.44140E+06  2.00000E-03 -9.81673E+00
  1.63713E+01  2.19139E-28  1.44125E+06  2.00000E-03 -9.86137E+00
  1.64649E+01  2.19131E-28  1.44121E+06  2.00000E-03 -9.89110E+00
  1.65585E+01  2.19185E-28  1.44144E+06  2.00000E-03 -9.87754E+00
  1.66520E+01  2.19170E-28  1.44138E+06  2.00000E-03 -9.89256E+00
  1.67456E+01  2.19269E-28  1.44180E+06  2.00000E-03 -9.80154E+00
  1.68392E+01  2.19236E-28  1.44166E+06  2.00000E-03 -9.86310E+00
  1.69328E+01  2.19160E-28  1.44133E+06  2.00000E-03 -9.96993E+00
  1.70264E+01  2.19160E-28  1.44133E+06  2.00000E-03 -9.96993E+00
  1.71199E+01  2.19191E-28  1.44146E+06  2.00000E-03 -9.91054E+00
  1.72135E+01  2.19261E-28  1.44173E+06  2.00000E-03 -9.77773E+00
  1.73071E+01  2.19261E-28  1.44173E+06  2.00000E-03 -9.77773E+00
  1.74007E+01  2.19261E-28  1.44173E+06  2.00000E-03 -9.77773E+00
  1.74943E+01  2.19261E-28  1.44173E+06  2.00000E-03 -9.77773E+00
  1.75878E+01  2.19166E-28  1.44130E+06  2.00000E-03 -9.75853E+00
  1.76814E+01  2.18988E-28  1.44052E+06  2.00000E-03 -9.91540E+00
  1.77750E+01  2.18904E-28  1.44015E+06  2.00000E-03 -1.00349E+01
  1.78686E+01  2.18819E-28  1.43979E+06  2.00000E-03 -1.01511E+01
  1.79622E+01  2.18806E-28  1.43973E+06  2.00000E-03 -1.01559E+01
  1.80557E+01  2.18666E-28  1.43910E+06  2.00000E-03 -1.01105E+01
  1.81493E+01  2.18612E-28  1.43886E+06  2.00000E-03 -1.00928E+01
  1.82429E+01  2.18612E-28  1.43886E+06  2.00000E-03 -1.00928E+01
  1.83365E+01  2.18612E-28  1.43886E+06  2.00000E-03 -1.00928E+01
  1.84301E+01  2.18604E-28  1.43882E+06  2.00000E-03 -1.00879E+01
  1.85236E+01  2.18452E-28  1.43814E+06  2.00000E-03 -1.00316E+01
  1.86172E+01  2.18393E-28  1.43788E+06  2.00000E-03 -1.00888E+01
  1.87108E+01  2.18410E-28  1.43796E+06  2.00000E-03 -1.01317E+01
  1.88044E+01  2.18464E-28  1.43820E+06  2.00000E-03 -1.00843E+01
  1.88980E+01  2.18488E-28  1.43830E+06  2.00000E-03 -1.00355E+01
  1.89915E+01  2.18538E-28  1.43851E+06  2.00000E-03 -9.78603E+00
  1.90851E+01  2.18544E-28  1.43853E+06  2.00000E-03 -9.75379E+00
  1.91787E+01  2.18544E-28  1.43853E+06  2.00000E-03 -9.75379E+00
  1.92723E+01  2.18544E-28  1.43853E+06  2.00000E-03 -9.75379E+00
  1.93659E+01  2.18587E-28  1.43871E+06  2.00000E-03 -9.59124E+00
  1.94594E+01  2.18680E-28  1.43911E+06  2.00000E-03 -9.40053E+00
  1.95530E+01  2.18749E-28  1.43942E+06  2.00000E-03 -9.38351E+00
  1.96466E+01  2.18805E-28  1.43967E+06  2.00000E-03 -9.35273E+00
  1.97402E+01  2.18887E-28  1.44002E+06  2.00000E-03 -9.31300E+00
  1.98338E+01  2.18970E-28  1.44038E+06  2.00000E-03 -9.10461E+00
  1.99273E+01  2.19021E-28  1.44060E+06  2.00000E-03 -8.94291E+00
  2.00209E+01  2.19021E-28  1.44060E+06  2.00000E-03 -8.94291E+00
  2.01145E+01  2.19021E-28  1.44060E+06  2.00000E-03 -8.94291E+00
  2.02081E+01  2.19021E-28  1.44060E+06  2.00000E-03 -8.94291E+00
  2.03017E+01  2.19034E-28  1.44064E+06  2.00000E-03 -8.76140E+00
  2.03952E+01  2.19060E-28  1.44076E+06  2.00000E-03 -8.68796E+00
  2.04888E+01  2.19148E-28  1.44115E+06  2.00000E-03 -8.67185E+00
  2.05824E+01  2.19160E-28  1.44120E+06  2.00000E-03 -8.67934E+00
  2.06760E+01  2.19150E-28  1.44115E+06  2.00000E-03 -8.66642E+00
  2.07696E+01  2.19052E-28  1.44072E+06  2.00000E-03 -8.60235E+00
  2.08631E+01  2.18955E-28  1.44029E+06  2.00000E-03 -8.63049E+00
  2.09567E+01  2.18955E-28  1.44029E+06  2.00000E-03 -8.63049E+00
  2.10503E+01  2.18955E-28  1.44029E+06  2.00000E-03 -8.63049E+00
  2.11439E+01  2.18908E-28  1.44008E+06  2.00000E-03 -8.62718E+00
  2.12375E+01  2.18763E-28  1.43943E+06  2.00000E-03 -8.61716E+00
  2.13310E+01  2.18747E-28  1.43936E+06  2.00000E-03 -8.63376E+00
  2.14246E+01  2.18757E-28  1.43941E+06  2.00000E-03 -8.65061E+00
  2.15182E+01  2.18762E-28  1.43943E+06  2.00000E-03 -8.68386E+00
  2.16118E+01  2.18584E-28  1.43865E+06  2.00000E-03 -8.77093E+00
  2.17054E+01  2.18329E-28  1.43753E+06  2.00000E-03 -8.85993E+00
  2.17989E+01  2.18266E-28  1.43725E+06  2.00000E-03 -8.90497E+00
  2.18925E+01  2.18208E-28  1.43700E+06  2.00000E-03 -8.94648E+00
  2.19861E+01  2.18208E-28  1.43700E+06  2.00000E-03 -8.94648E+00
  2.20797E+01  2.18040E-28  1.43626E+06  2.00000E-03 -8.98621E+00
  2.21733E+01  2.17902E-28  1.43566E+06  2.00000E-03 -9.01876E+00
  2.22668E+01  2.17855E-28  1.43545E+06  2.00000E-03 -9.07377E+00
  2.23604E+01  2.17822E-28  1.43530E+06  2.00000E-03 -9.11171E+00
  2.24540E+01  2.17753E-28  1.43500E+06  2.00000E-03 -9.19189E+00
  2.25476E+01  2.17384E-28  1.43337E+06  2.00000E-03 -9.33181E+00
  2.26412E+01  2.17053E-28  1.43191E+06  2.00000E-03 -9.45140E+00
  2.27347E+01  2.16989E-28  1.43163E+06  2.00000E-03 -9.47252E+00
  2.28283E+01  2.16962E-28  1.43151E+06  2.00000E-03 -9.48120E+00
  2.29219E+01  2.16962E-28  1.43151E+06  2.00000E-03 -9.48120E+00
  2.30155E+01  2.16962E-28  1.43151E+06  2.00000E-03 -9.48120E+00
  2.31091E+01  2.16962E-28  1.43151E+06  2.00000E-03 -9.48120E+00
  2.32026E+01  2.16962E-28  1.43151E+06  2.00000E-03 -9.48120E+00
  2.32962E+01  2.16962E-28  1.43151E+06  2.00000E-03 -9.48120E+00
  2.33898E+01  2.16852E-28  1.43101E+06  2.00000E-03 -9.46612E+00
  2.34834E+01  2.16499E-28  1.42942E+06  2.00000E-03 -9.41774E+00
  2.35770E+01  2.16486E-28  1.42937E+06  2.00000E-03 -9.41597E+00
  2.36705E+01  2.16486E-28  1.42937E+06  2.00000E-03 -9.41597E+00
  2.37641E+01  2.16486E-28  1.42937E+06  2.00000E-03 -9.41597E+00
  2.38577E+01  2.16486E-28  1.42937E+06  2.00000E-03 -9.41597E+00
  2.39513E+01  2.16486E-28  1.42937E+06  2.00000E-03 -9.41597E+00
  2.40449E+01  2.16486E-28  1.42937E+06  2.00000E-03 -9.41597E+00
  2.41384E+01  2.16414E-28  1.42905E+06  2.00000E-03 -9.49331E+00
  2.42320E+01  2.16339E-28  1.42872E+06  2.00000E-03 -9.57552E+00
  2.43256E+01  2.16310E-28  1.42859E+06  2.00000E-03 -9.45903E+00
  2.44192E+01  2.16348E-28  1.42874E+06  2.00000E-03 -9.22019E+00
  2.45128E+01  2.16387E-28  1.42892E+06  2.00000E-03 -9.18270E+00
  2.46063E+01  2.16429E-28  1.42910E+06  2.00000E-03 -9.14278E+00
  2.46999E+01  2.16451E-28  1.42919E+06  2.00000E-03 -9.12217E+00
  2.47935E+01  2.16527E-28  1.42953E+06  2.00000E-03 -9.04910E+00
  2.48871E+01  2.16529E-28  1.42954E+06  2.00000E-03 -9.04716E+00
  2.49807E+01  2.16529E-28  1.42954E+06  2.00000E-03 -9.04716E+00
  2.50742E+01  2.16529E-28  1.42954E+06  2.00000E-03 -9.04716E+00
  2.51678E+01  2.16529E-28  1.42954E+06  2.00000E-03 -9.04716E+00
  2.52614E+01  2.16840E-28  1.43089E+06  2.00000E-03 -8.54845E+00
  2.53550E+01  2.16888E-28  1.43110E+06  2.00000E-03 -8.47233E+00
  2.54486E+01  2.16888E-28  1.43110E+06  2.00000E-03 -8.47233E+00
  2.55421E+01  2.16888E-28  1.43110E+06  2.00000E-03 -8.47233E+00
  2.56357E+01  2.16888E-28  1.43110E+06  2.00000E-03 -8.47233E+00
  2.57293E+01  2.16888E-28  1.43110E+06  2.00000E-03 -8.47233E+00
  2.58229E+01  2.16888E-28  1.43110E+06  2.00000E-03 -8.47233E+00
  2.59165E+01  2.16910E-28  1.43120E+06  2.00000E-03 -8.45766E+00
  2.60100E+01  2.17103E-28  1.43204E+06  2.00000E-03 -8.33401E+00
  2.61036E+01  2.17328E-28  1.43303E+06  2.00000E-03 -8.13230E+00
  2.61972E+01  2.17930E-28  1.43566E+06  2.00000E-03 -7.48029E+00
  2.62908E+01  2.17951E-28  1.43575E+06  2.00000E-03 -7.45497E+00
  2.63844E+01  2.17951E-28  1.43575E+06  2.00000E-03 -7.45497E+00
  2.64779E+01  2.17952E-28  1.43576E+06  2.00000E-03 -7.45367E+00
  2.65715E+01  2.18072E-28  1.43629E+06  2.00000E-03 -7.34735E+00
  2.66651E+01  2.18116E-28  1.43648E+06  2.00000E-03 -7.30877E+00
  2.67587E+01  2.18194E-28  1.43682E+06  2.00000E-03 -7.24044E+00
  2.68523E+01  2.18216E-28  1.43691E+06  2.00000E-03 -7.22111E+00
  2.69458E+01  2.18222E-28  1.43694E+06  2.00000E-03 -7.21116E+00
  2.70394E+01  2.18389E-28  1.43767E+06  2.00000E-03 -6.95533E+00
  2.71330E+01  2.18526E-28  1.43826E+06  2.00000E-03 -6.74555E+00
  2.72266E+01  2.18526E-28  1.43826E+06  2.00000E-03 -6.74555E+00
  2.73202E+01  2.18526E-28  1.43826E+06  2.00000E-03 -6.74555E+00
  2.74137E+01  2.18526E-28  1.43826E+06  2.00000E-03 -6.74555E+00
  2.75073E+01  2.18526E-28  1.43826E+06  2.00000E-03 -6.74555E+00
  2.76009E+01  2.18526E-28  1.43826E+06  2.00000E-03 -6.74555E+00
  2.76945E+01  2.18526E-28  1.43826E+06  2.00000E-03 -6.74555E+00
  2.77881E+01  2.18536E-28  1.43830E+06  2.00000E-03 -6.74214E+00
  2.78816E+01  2.18672E-28  1.43890E+06  2.00000E-03 -6.67098E+00
  2.79752E+01  2.18697E-28  1.43900E+06  2.00000E-03 -6.49681E+00
  2.80688E+01  2.18710E-28  1.43906E+06  2.00000E-03 -6.48991E+00
  2.81624E+01  2.18710E-28  1.43906E+06  2.00000E-03 -6.48991E+00
  2.82559E+01  2.18710E-28  1.43906E+06  2.00000E-03 -6.48991E+00
  2.83495E+01  2.18710E-28  1.43906E+06  2.00000E-03 -6.48991E+00
  2.84431E+01  2.18710E-28  1.43906E+06  2.00000E-03 -6.48991E+00
  2.85367E+01  2.18743E-28  1.43920E+06  2.00000E-03 -6.45617E+00
  2.86303E+01  2.18760E-28  1.43928E+06  2.00000E-03 -6.43877E+00
  2.87238E+01  2.18796E-28  1.43943E+06  2.00000E-03 -6.40252E+00
  2.88174E+01  2.18758E-28  1.43926E+06  2.00000E-03 -6.34493E+00
