 -2.38863E+01  2.17438E-28  1.43348E+06  2.00000E-03  8.83505E+00
 -2.38395E+01  2.17438E-28  1.43348E+06  2.00000E-03  8.83505E+00
 -2.37927E+01  2.17438E-28  1.43348E+06  2.00000E-03  8.83505E+00
 -2.37459E+01  2.17438E-28  1.43348E+06  2.00000E-03  8.83505E+00
 -2.36991E+01  2.17438E-28  1.43348E+06  2.00000E-03  8.83505E+00
 -2.36523E+01  2.17438E-28  1.43348E+06  2.00000E-03  8.83505E+00
 -2.36055E+01  2.17438E-28  1.43348E+06  2.00000E-03  8.83505E+00
 -2.35587E+01  2.17438E-28  1.43348E+06  2.00000E-03  8.83505E+00
 -2.35119E+01  2.17438E-28  1.43348E+06  2.00000E-03  8.83505E+00
 -2.34651E+01  2.17438E-28  1.43348E+06  2.00000E-03  8.83505E+00
 -2.34184E+01  2.17438E-28  1.43348E+06  2.00000E-03  8.83505E+00
 -2.33716E+01  2.17438E-28  1.43348E+06  2.00000E-03  8.83505E+00
 -2.33248E+01  2.17438E-28  1.43348E+06  2.00000E-03  8.83505E+00
 -2.32780E+01  2.17438E-28  1.43348E+06  2.00000E-03  8.83505E+00
 -2.32312E+01  2.17438E-28  1.43348E+06  2.00000E-03  8.83505E+00
 -2.31844E+01  2.17059E-28  1.43182E+06  2.00000E-03  9.13761E+00
 -2.31376E+01  2.16679E-28  1.43016E+06  2.00000E-03  9.44122E+00
 -2.30908E+01  2.16679E-28  1.43016E+06  2.00000E-03  9.44122E+00
 -2.30440E+01  2.16679E-28  1.43016E+06  2.00000E-03  9.44122E+00
 -2.29972E+01  2.16679E-28  1.43016E+06  2.00000E-03  9.44122E+00
 -2.29505E+01  2.16679E-28  1.43016E+06  2.00000E-03  9.44122E+00
 -2.29037E+01  2.16679E-28  1.43016E+06  2.00000E-03  9.44122E+00
 -2.28569E+01  2.16679E-28  1.43016E+06  2.00000E-03  9.44122E+00
 -2.28101E+01  2.16679E-28  1.43016E+06  2.00000E-03  9.44122E+00
 -2.27633E+01  2.16679E-28  1.43016E+06  2.00000E-03  9.44122E+00
 -2.27165E+01  2.16679E-28  1.43016E+06  2.00000E-03  9.44122E+00
 -2.26697E+01  2.16679E-28  1.43016E+06  2.00000E-03  9.44122E+00
 -2.26229E+01  2.16679E-28  1.43016E+06  2.00000E-03  9.44122E+00
 -2.25761E+01  2.16679E-28  1.43016E+06  2.00000E-03  9.44122E+00
 -2.25294E+01  2.16679E-28  1.43016E+06  2.00000E-03  9.44122E+00
 -2.24826E+01  2.16679E-28  1.43016E+06  2.00000E-03  9.44122E+00
 -2.24358E+01  2.16316E-28  1.42857E+06  2.00000E-03  9.75522E+00
 -2.23890E+01  2.15953E-28  1.42698E+06  2.00000E-03  1.00703E+01
 -2.23422E+01  2.15953E-28  1.42698E+06  2.00000E-03  1.00703E+01
 -2.22954E+01  2.15953E-28  1.42698E+06  2.00000E-03  1.00703E+01
 -2.22486E+01  2.15953E-28  1.42698E+06  2.00000E-03  1.00703E+01
 -2.22018E+01  2.15953E-28  1.42698E+06  2.00000E-03  1.00703E+01
 -2.21550E+01  2.15953E-28  1.42698E+06  2.00000E-03  1.00703E+01
 -2.21082E+01  2.15953E-28  1.42698E+06  2.00000E-03  1.00703E+01
 -2.20615E+01  2.15953E-28  1.42698E+06  2.00000E-03  1.00703E+01
 -2.20147E+01  2.15953E-28  1.42698E+06  2.00000E-03  1.00703E+01
 -2.19679E+01  2.15953E-28  1.42698E+06  2.00000E-03  1.00703E+01
 -2.19211E+01  2.15953E-28  1.42698E+06  2.00000E-03  1.00703E+01
 -2.18743E+01  2.15953E-28  1.42698E+06  2.00000E-03  1.00703E+01
 -2.18275E+01  2.15953E-28  1.42698E+06  2.00000E-03  1.00703E+01
 -2.17807E+01  2.15953E-28  1.42698E+06  2.00000E-03  1.00703E+01
 -2.17339E+01  2.15953E-28  1.42698E+06  2.00000E-03  1.00703E+01
 -2.16871E+01  2.15774E-28  1.42620E+06  2.00000E-03  1.02636E+01
 -2.16403E+01  2.15594E-28  1.42542E+06  2.00000E-03  1.04573E+01
 -2.15936E+01  2.15594E-28  1.42542E+06  2.00000E-03  1.04573E+01
 -2.15468E+01  2.15594E-28  1.42542E+06  2.00000E-03  1.04573E+01
 -2.15000E+01  2.15594E-28  1.42542E+06  2.00000E-03  1.04573E+01
 -2.14532E+01  2.15594E-28  1.42542E+06  2.00000E-03  1.04573E+01
 -2.14064E+01  2.15594E-28  1.42542E+06  2.00000E-03  1.04573E+01
 -2.13596E+01  2.15594E-28  1.42542E+06  2.00000E-03  1.04573E+01
 -2.13128E+01  2.15594E-28  1.42542E+06  2.00000E-03  1.04573E+01
 -2.12660E+01  2.15594E-28  1.42542E+06  2.00000E-03  1.04573E+01
 -2.12192E+01  2.15594E-28  1.42542E+06  2.00000E-03  1.04573E+01
 -2.11724E+01  2.15594E-28  1.42542E+06  2.00000E-03  1.04573E+01
 -2.11257E+01  2.15594E-28  1.42542E+06  2.00000E-03  1.04573E+01
 -2.10789E+01  2.15594E-28  1.42542E+06  2.00000E-03  1.04573E+01
 -2.10321E+01  2.15594E-28  1.42542E+06  2.00000E-03  1.04573E+01
 -2.09853E+01  2.15594E-28  1.42542E+06  2.00000E-03  1.04573E+01
 -2.09385E+01  2.15601E-28  1.42546E+06  2.00000E-03  1.05183E+01
 -2.08917E+01  2.15608E-28  1.42551E+06  2.00000E-03  1.05794E+01
 -2.08449E+01  2.15608E-28  1.42551E+06  2.00000E-03  1.05794E+01
 -2.07981E+01  2.15608E-28  1.42551E+06  2.00000E-03  1.05794E+01
 -2.07513E+01  2.15608E-28  1.42551E+06  2.00000E-03  1.05794E+01
 -2.07045E+01  2.15608E-28  1.42551E+06  2.00000E-03  1.05794E+01
 -2.06578E+01  2.15608E-28  1.42551E+06  2.00000E-03  1.05794E+01
 -2.06110E+01  2.15608E-28  1.42551E+06  2.00000E-03  1.05794E+01
 -2.05642E+01  2.15608E-28  1.42551E+06  2.00000E-03  1.05794E+01
 -2.05174E+01  2.15608E-28  1.42551E+06  2.00000E-03  1.05794E+01
 -2.04706E+01  2.15608E-28  1.42551E+06  2.00000E-03  1.05794E+01
 -2.04238E+01  2.15608E-28  1.42551E+06  2.00000E-03  1.05794E+01
 -2.03770E+01  2.15608E-28  1.42551E+06  2.00000E-03  1.05794E+01
 -2.03302E+01  2.15608E-28  1.42551E+06  2.00000E-03  1.05794E+01
 -2.02834E+01  2.15608E-28  1.42551E+06  2.00000E-03  1.05794E+01
 -2.02366E+01  2.15608E-28  1.42551E+06  2.00000E-03  1.05794E+01
 -2.01899E+01  2.15670E-28  1.42579E+06  2.00000E-03  1.05886E+01
 -2.01431E+01  2.15731E-28  1.42607E+06  2.00000E-03  1.05978E+01
 -2.00963E+01  2.15731E-28  1.42607E+06  2.00000E-03  1.05978E+01
 -2.00495E+01  2.15731E-28  1.42607E+06  2.00000E-03  1.05978E+01
 -2.00027E+01  2.15731E-28  1.42607E+06  2.00000E-03  1.05978E+01
 -1.99559E+01  2.15731E-28  1.42607E+06  2.00000E-03  1.05978E+01
 -1.99091E+01  2.15731E-28  1.42607E+06  2.00000E-03  1.05978E+01
 -1.98623E+01  2.15731E-28  1.42607E+06  2.00000E-03  1.05978E+01
 -1.98155E+01  2.15731E-28  1.42607E+06  2.00000E-03  1.05978E+01
 -1.97687E+01  2.15731E-28  1.42607E+06  2.00000E-03  1.05978E+01
 -1.97220E+01  2.15731E-28  1.42607E+06  2.00000E-03  1.05978E+01
 -1.96752E+01  2.15731E-28  1.42607E+06  2.00000E-03  1.05978E+01
 -1.96284E+01  2.15731E-28  1.42607E+06  2.00000E-03  1.05978E+01
 -1.95816E+01  2.15731E-28  1.42607E+06  2.00000E-03  1.05978E+01
 -1.95348E+01  2.15731E-28  1.42607E+06  2.00000E-03  1.05978E+01
 -1.94880E+01  2.15731E-28  1.42607E+06  2.00000E-03  1.05978E+01
 -1.94412E+01  2.15686E-28  1.42590E+06  2.00000E-03  1.06790E+01
 -1.93944E+01  2.15641E-28  1.42572E+06  2.00000E-03  1.07602E+01
 -1.93476E+01  2.15641E-28  1.42572E+06  2.00000E-03  1.07602E+01
 -1.93008E+01  2.15641E-28  1.42572E+06  2.00000E-03  1.07602E+01
 -1.92541E+01  2.15641E-28  1.42572E+06  2.00000E-03  1.07602E+01
 -1.92073E+01  2.15641E-28  1.42572E+06  2.00000E-03  1.07602E+01
 -1.91605E+01  2.15641E-28  1.42572E+06  2.00000E-03  1.07602E+01
 -1.91137E+01  2.15641E-28  1.42572E+06  2.00000E-03  1.07602E+01
 -1.90669E+01  2.15641E-28  1.42572E+06  2.00000E-03  1.07602E+01
 -1.90201E+01  2.15641E-28  1.42572E+06  2.00000E-03  1.07602E+01
 -1.89733E+01  2.15641E-28  1.42572E+06  2.00000E-03  1.07602E+01
 -1.89265E+01  2.15641E-28  1.42572E+06  2.00000E-03  1.07602E+01
 -1.88797E+01  2.15641E-28  1.42572E+06  2.00000E-03  1.07602E+01
 -1.88329E+01  2.15641E-28  1.42572E+06  2.00000E-03  1.07602E+01
 -1.87862E+01  2.15641E-28  1.42572E+06  2.00000E-03  1.07602E+01
 -1.87394E+01  2.15641E-28  1.42572E+06  2.00000E-03  1.07602E+01
 -1.86926E+01  2.15452E-28  1.42489E+06  2.00000E-03  1.09096E+01
 -1.86458E+01  2.15263E-28  1.42406E+06  2.00000E-03  1.10592E+01
 -1.85990E+01  2.15263E-28  1.42406E+06  2.00000E-03  1.10592E+01
 -1.85522E+01  2.15263E-28  1.42406E+06  2.00000E-03  1.10592E+01
 -1.85054E+01  2.15263E-28  1.42406E+06  2.00000E-03  1.10592E+01
 -1.84586E+01  2.15263E-28  1.42406E+06  2.00000E-03  1.10592E+01
 -1.84118E+01  2.15263E-28  1.42406E+06  2.00000E-03  1.10592E+01
 -1.83650E+01  2.15263E-28  1.42406E+06  2.00000E-03  1.10592E+01
 -1.83183E+01  2.15136E-28  1.42351E+06  2.00000E-03  1.11647E+01
 -1.82715E+01  2.15009E-28  1.42295E+06  2.00000E-03  1.12704E+01
 -1.82247E+01  2.15009E-28  1.42295E+06  2.00000E-03  1.12704E+01
 -1.81779E+01  2.15009E-28  1.42295E+06  2.00000E-03  1.12704E+01
 -1.81311E+01  2.15009E-28  1.42295E+06  2.00000E-03  1.12704E+01
 -1.80843E+01  2.15009E-28  1.42295E+06  2.00000E-03  1.12704E+01
 -1.80375E+01  2.15009E-28  1.42295E+06  2.00000E-03  1.12704E+01
 -1.79907E+01  2.15009E-28  1.42295E+06  2.00000E-03  1.12704E+01
 -1.79439E+01  2.14919E-28  1.42257E+06  2.00000E-03  1.13521E+01
 -1.78971E+01  2.14829E-28  1.42218E+06  2.00000E-03  1.14339E+01
 -1.78504E+01  2.14829E-28  1.42218E+06  2.00000E-03  1.14339E+01
 -1.78036E+01  2.14829E-28  1.42218E+06  2.00000E-03  1.14339E+01
 -1.77568E+01  2.14829E-28  1.42218E+06  2.00000E-03  1.14339E+01
 -1.77100E+01  2.14829E-28  1.42218E+06  2.00000E-03  1.14339E+01
 -1.76632E+01  2.14829E-28  1.42218E+06  2.00000E-03  1.14339E+01
 -1.76164E+01  2.14829E-28  1.42218E+06  2.00000E-03  1.14339E+01
 -1.75696E+01  2.14808E-28  1.42210E+06  2.00000E-03  1.14697E+01
 -1.75228E+01  2.14787E-28  1.42202E+06  2.00000E-03  1.15055E+01
 -1.74760E+01  2.14787E-28  1.42202E+06  2.00000E-03  1.15055E+01
 -1.74292E+01  2.14787E-28  1.42202E+06  2.00000E-03  1.15055E+01
 -1.73825E+01  2.14787E-28  1.42202E+06  2.00000E-03  1.15055E+01
 -1.73357E+01  2.14787E-28  1.42202E+06  2.00000E-03  1.15055E+01
 -1.72889E+01  2.14787E-28  1.42202E+06  2.00000E-03  1.15055E+01
 -1.72421E+01  2.14787E-28  1.42202E+06  2.00000E-03  1.15055E+01
 -1.71953E+01  2.14850E-28  1.42230E+06  2.00000E-03  1.14840E+01
 -1.71485E+01  2.14912E-28  1.42259E+06  2.00000E-03  1.14624E+01
 -1.71017E+01  2.14912E-28  1.42259E+06  2.00000E-03  1.14624E+01
 -1.70549E+01  2.14912E-28  1.42259E+06  2.00000E-03  1.14624E+01
 -1.70081E+01  2.14912E-28  1.42259E+06  2.00000E-03  1.14624E+01
 -1.69613E+01  2.14912E-28  1.42259E+06  2.00000E-03  1.14624E+01
 -1.69146E+01  2.14912E-28  1.42259E+06  2.00000E-03  1.14624E+01
 -1.68678E+01  2.14912E-28  1.42259E+06  2.00000E-03  1.14624E+01
 -1.68210E+01  2.15043E-28  1.42317E+06  2.00000E-03  1.13982E+01
 -1.67742E+01  2.15174E-28  1.42376E+06  2.00000E-03  1.13341E+01
 -1.67274E+01  2.15174E-28  1.42376E+06  2.00000E-03  1.13341E+01
 -1.66806E+01  2.15174E-28  1.42376E+06  2.00000E-03  1.13341E+01
 -1.66338E+01  2.15174E-28  1.42376E+06  2.00000E-03  1.13341E+01
 -1.65870E+01  2.15174E-28  1.42376E+06  2.00000E-03  1.13341E+01
 -1.65402E+01  2.15174E-28  1.42376E+06  2.00000E-03  1.13341E+01
 -1.64935E+01  2.15174E-28  1.42376E+06  2.00000E-03  1.13341E+01
 -1.64467E+01  2.15328E-28  1.42444E+06  2.00000E-03  1.12647E+01
 -1.63999E+01  2.15482E-28  1.42513E+06  2.00000E-03  1.11954E+01
 -1.63531E+01  2.15482E-28  1.42513E+06  2.00000E-03  1.11954E+01
 -1.63063E+01  2.15482E-28  1.42513E+06  2.00000E-03  1.11954E+01
 -1.62595E+01  2.15482E-28  1.42513E+06  2.00000E-03  1.11954E+01
 -1.62127E+01  2.15482E-28  1.42513E+06  2.00000E-03  1.11954E+01
 -1.61659E+01  2.15482E-28  1.42513E+06  2.00000E-03  1.11954E+01
 -1.61191E+01  2.15482E-28  1.42513E+06  2.00000E-03  1.11954E+01
 -1.60723E+01  2.15596E-28  1.42564E+06  2.00000E-03  1.11673E+01
 -1.60256E+01  2.15710E-28  1.42615E+06  2.00000E-03  1.11392E+01
 -1.59788E+01  2.15710E-28  1.42615E+06  2.00000E-03  1.11392E+01
 -1.59320E+01  2.15710E-28  1.42615E+06  2.00000E-03  1.11392E+01
 -1.58852E+01  2.15710E-28  1.42615E+06  2.00000E-03  1.11392E+01
 -1.58384E+01  2.15710E-28  1.42615E+06  2.00000E-03  1.11392E+01
 -1.57916E+01  2.15710E-28  1.42615E+06  2.00000E-03  1.11392E+01
 -1.57448E+01  2.15710E-28  1.42615E+06  2.00000E-03  1.11392E+01
 -1.56980E+01  2.15736E-28  1.42627E+06  2.00000E-03  1.11868E+01
 -1.56512E+01  2.15762E-28  1.42639E+06  2.00000E-03  1.12345E+01
 -1.56044E+01  2.15762E-28  1.42639E+06  2.00000E-03  1.12345E+01
 -1.55577E+01  2.15762E-28  1.42639E+06  2.00000E-03  1.12345E+01
 -1.55109E+01  2.15762E-28  1.42639E+06  2.00000E-03  1.12345E+01
 -1.54641E+01  2.15762E-28  1.42639E+06  2.00000E-03  1.12345E+01
 -1.54173E+01  2.15762E-28  1.42639E+06  2.00000E-03  1.12345E+01
 -1.53705E+01  2.15762E-28  1.42639E+06  2.00000E-03  1.12345E+01
 -1.53237E+01  2.15693E-28  1.42610E+06  2.00000E-03  1.13616E+01
 -1.52769E+01  2.15625E-28  1.42580E+06  2.00000E-03  1.14888E+01
 -1.52301E+01  2.15625E-28  1.42580E+06  2.00000E-03  1.14888E+01
 -1.51833E+01  2.15625E-28  1.42580E+06  2.00000E-03  1.14888E+01
 -1.51365E+01  2.15625E-28  1.42580E+06  2.00000E-03  1.14888E+01
 -1.50898E+01  2.15625E-28  1.42580E+06  2.00000E-03  1.14888E+01
 -1.50430E+01  2.15625E-28  1.42580E+06  2.00000E-03  1.14888E+01
 -1.49962E+01  2.15625E-28  1.42580E+06  2.00000E-03  1.14888E+01
 -1.49494E+01  2.15509E-28  1.42530E+06  2.00000E-03  1.16615E+01
 -1.49026E+01  2.15393E-28  1.42480E+06  2.00000E-03  1.18344E+01
 -1.48558E+01  2.15393E-28  1.42480E+06  2.00000E-03  1.18344E+01
 -1.48090E+01  2.15393E-28  1.42480E+06  2.00000E-03  1.18344E+01
 -1.47622E+01  2.15393E-28  1.42480E+06  2.00000E-03  1.18344E+01
 -1.47154E+01  2.15393E-28  1.42480E+06  2.00000E-03  1.18344E+01
 -1.46686E+01  2.15393E-28  1.42480E+06  2.00000E-03  1.18344E+01
 -1.46219E+01  2.15393E-28  1.42480E+06  2.00000E-03  1.18344E+01
 -1.45751E+01  2.15304E-28  1.42442E+06  2.00000E-03  1.19960E+01
 -1.45283E+01  2.15216E-28  1.42404E+06  2.00000E-03  1.21577E+01
 -1.44815E+01  2.15216E-28  1.42404E+06  2.00000E-03  1.21577E+01
 -1.44347E+01  2.15216E-28  1.42404E+06  2.00000E-03  1.21577E+01
 -1.43879E+01  2.15216E-28  1.42404E+06  2.00000E-03  1.21577E+01
 -1.43411E+01  2.15216E-28  1.42404E+06  2.00000E-03  1.21577E+01
 -1.42943E+01  2.15216E-28  1.42404E+06  2.00000E-03  1.21577E+01
 -1.42475E+01  2.15216E-28  1.42404E+06  2.00000E-03  1.21577E+01
 -1.42007E+01  2.15222E-28  1.42409E+06  2.00000E-03  1.22685E+01
 -1.41540E+01  2.15228E-28  1.42413E+06  2.00000E-03  1.23793E+01
 -1.41072E+01  2.15228E-28  1.42413E+06  2.00000E-03  1.23793E+01
 -1.40604E+01  2.15228E-28  1.42413E+06  2.00000E-03  1.23793E+01
 -1.40136E+01  2.15228E-28  1.42413E+06  2.00000E-03  1.23793E+01
 -1.39668E+01  2.15228E-28  1.42413E+06  2.00000E-03  1.23793E+01
 -1.39200E+01  2.15228E-28  1.42413E+06  2.00000E-03  1.23793E+01
 -1.38732E+01  2.15228E-28  1.42413E+06  2.00000E-03  1.23793E+01
 -1.38264E+01  2.15280E-28  1.42437E+06  2.00000E-03  1.23909E+01
 -1.37796E+01  2.15333E-28  1.42460E+06  2.00000E-03  1.24024E+01
 -1.37328E+01  2.15333E-28  1.42460E+06  2.00000E-03  1.24024E+01
 -1.36861E+01  2.15333E-28  1.42460E+06  2.00000E-03  1.24024E+01
 -1.36393E+01  2.15403E-28  1.42492E+06  2.00000E-03  1.24174E+01
 -1.35925E+01  2.15473E-28  1.42524E+06  2.00000E-03  1.24323E+01
 -1.35457E+01  2.15473E-28  1.42524E+06  2.00000E-03  1.24323E+01
 -1.34989E+01  2.15473E-28  1.42524E+06  2.00000E-03  1.24323E+01
 -1.34521E+01  2.15528E-28  1.42549E+06  2.00000E-03  1.24543E+01
 -1.34053E+01  2.15583E-28  1.42574E+06  2.00000E-03  1.24764E+01
 -1.33585E+01  2.15583E-28  1.42574E+06  2.00000E-03  1.24764E+01
 -1.33117E+01  2.15583E-28  1.42574E+06  2.00000E-03  1.24764E+01
 -1.32649E+01  2.15619E-28  1.42591E+06  2.00000E-03  1.25050E+01
 -1.32182E+01  2.15655E-28  1.42607E+06  2.00000E-03  1.25335E+01
 -1.31714E+01  2.15655E-28  1.42607E+06  2.00000E-03  1.25335E+01
 -1.31246E+01  2.15655E-28  1.42607E+06  2.00000E-03  1.25335E+01
 -1.30778E+01  2.15672E-28  1.42615E+06  2.00000E-03  1.25702E+01
 -1.30310E+01  2.15689E-28  1.42623E+06  2.00000E-03  1.26068E+01
 -1.29842E+01  2.15689E-28  1.42623E+06  2.00000E-03  1.26068E+01
 -1.29374E+01  2.15689E-28  1.42623E+06  2.00000E-03  1.26068E+01
 -1.28906E+01  2.15698E-28  1.42628E+06  2.00000E-03  1.26463E+01
 -1.28438E+01  2.15706E-28  1.42632E+06  2.00000E-03  1.26859E+01
 -1.27970E+01  2.15706E-28  1.42632E+06  2.00000E-03  1.26859E+01
 -1.27503E+01  2.15706E-28  1.42632E+06  2.00000E-03  1.26859E+01
 -1.27035E+01  2.15716E-28  1.42637E+06  2.00000E-03  1.27219E+01
 -1.26567E+01  2.15727E-28  1.42642E+06  2.00000E-03  1.27580E+01
 -1.26099E+01  2.15727E-28  1.42642E+06  2.00000E-03  1.27580E+01
 -1.25631E+01  2.15727E-28  1.42642E+06  2.00000E-03  1.27580E+01
 -1.25163E+01  2.15746E-28  1.42651E+06  2.00000E-03  1.27863E+01
 -1.24695E+01  2.15765E-28  1.42660E+06  2.00000E-03  1.28147E+01
 -1.24227E+01  2.15765E-28  1.42660E+06  2.00000E-03  1.28147E+01
 -1.23759E+01  2.15765E-28  1.42660E+06  2.00000E-03  1.28147E+01
 -1.23291E+01  2.15790E-28  1.42672E+06  2.00000E-03  1.28369E+01
 -1.22824E+01  2.15816E-28  1.42684E+06  2.00000E-03  1.28591E+01
 -1.22356E+01  2.15816E-28  1.42684E+06  2.00000E-03  1.28591E+01
 -1.21888E+01  2.15816E-28  1.42684E+06  2.00000E-03  1.28591E+01
 -1.21420E+01  2.15836E-28  1.42693E+06  2.00000E-03  1.28828E+01
 -1.20952E+01  2.15857E-28  1.42703E+06  2.00000E-03  1.29066E+01
 -1.20484E+01  2.15857E-28  1.42703E+06  2.00000E-03  1.29066E+01
 -1.20016E+01  2.15857E-28  1.42703E+06  2.00000E-03  1.29066E+01
 -1.19548E+01  2.15858E-28  1.42704E+06  2.00000E-03  1.29420E+01
 -1.19080E+01  2.15860E-28  1.42705E+06  2.00000E-03  1.29775E+01
 -1.18612E+01  2.15860E-28  1.42705E+06  2.00000E-03  1.29775E+01
 -1.18145E+01  2.15860E-28  1.42705E+06  2.00000E-03  1.29775E+01
 -1.17677E+01  2.15833E-28  1.42694E+06  2.00000E-03  1.30322E+01
 -1.17209E+01  2.15807E-28  1.42683E+06  2.00000E-03  1.30869E+01
 -1.16741E+01  2.15807E-28  1.42683E+06  2.00000E-03  1.30869E+01
 -1.16273E+01  2.15807E-28  1.42683E+06  2.00000E-03  1.30869E+01
 -1.15805E+01  2.15751E-28  1.42658E+06  2.00000E-03  1.31633E+01
 -1.15337E+01  2.15695E-28  1.42633E+06  2.00000E-03  1.32397E+01
 -1.14869E+01  2.15695E-28  1.42633E+06  2.00000E-03  1.32397E+01
 -1.14401E+01  2.15695E-28  1.42633E+06  2.00000E-03  1.32397E+01
 -1.13933E+01  2.15613E-28  1.42598E+06  2.00000E-03  1.33346E+01
 -1.13466E+01  2.15532E-28  1.42562E+06  2.00000E-03  1.34295E+01
 -1.12998E+01  2.15532E-28  1.42562E+06  2.00000E-03  1.34295E+01
 -1.12530E+01  2.15532E-28  1.42562E+06  2.00000E-03  1.34295E+01
 -1.12062E+01  2.15436E-28  1.42519E+06  2.00000E-03  1.35348E+01
 -1.11594E+01  2.15339E-28  1.42476E+06  2.00000E-03  1.36402E+01
 -1.11126E+01  2.15339E-28  1.42476E+06  2.00000E-03  1.36402E+01
 -1.10658E+01  2.15339E-28  1.42476E+06  2.00000E-03  1.36402E+01
 -1.10190E+01  2.15242E-28  1.42433E+06  2.00000E-03  1.37448E+01
 -1.09722E+01  2.15145E-28  1.42390E+06  2.00000E-03  1.38495E+01
 -1.09254E+01  2.15145E-28  1.42390E+06  2.00000E-03  1.38495E+01
 -1.08787E+01  2.15145E-28  1.42390E+06  2.00000E-03  1.38495E+01
 -1.08319E+01  2.15060E-28  1.42352E+06  2.00000E-03  1.39422E+01
 -1.07851E+01  2.14976E-28  1.42314E+06  2.00000E-03  1.40349E+01
 -1.07383E+01  2.14976E-28  1.42314E+06  2.00000E-03  1.40349E+01
 -1.06915E+01  2.14976E-28  1.42314E+06  2.00000E-03  1.40349E+01
 -1.06447E+01  2.14916E-28  1.42287E+06  2.00000E-03  1.41070E+01
 -1.05979E+01  2.14856E-28  1.42259E+06  2.00000E-03  1.41791E+01
 -1.05511E+01  2.14856E-28  1.42259E+06  2.00000E-03  1.41791E+01
 -1.05043E+01  2.14856E-28  1.42259E+06  2.00000E-03  1.41791E+01
 -1.04575E+01  2.14823E-28  1.42243E+06  2.00000E-03  1.42262E+01
 -1.04108E+01  2.14790E-28  1.42228E+06  2.00000E-03  1.42733E+01
 -1.03640E+01  2.14790E-28  1.42228E+06  2.00000E-03  1.42733E+01
 -1.03172E+01  2.14790E-28  1.42228E+06  2.00000E-03  1.42733E+01
 -1.02704E+01  2.14783E-28  1.42223E+06  2.00000E-03  1.42947E+01
 -1.02236E+01  2.14776E-28  1.42219E+06  2.00000E-03  1.43162E+01
 -1.01768E+01  2.14776E-28  1.42219E+06  2.00000E-03  1.43162E+01
 -1.01300E+01  2.14776E-28  1.42219E+06  2.00000E-03  1.43162E+01
 -1.00832E+01  2.14790E-28  1.42224E+06  2.00000E-03  1.43135E+01
 -1.00364E+01  2.14804E-28  1.42229E+06  2.00000E-03  1.43108E+01
 -9.98965E+00  2.14804E-28  1.42229E+06  2.00000E-03  1.43108E+01
 -9.94286E+00  2.14804E-28  1.42229E+06  2.00000E-03  1.43108E+01
 -9.89607E+00  2.14832E-28  1.42240E+06  2.00000E-03  1.42868E+01
 -9.84928E+00  2.14861E-28  1.42251E+06  2.00000E-03  1.42628E+01
 -9.80249E+00  2.14861E-28  1.42251E+06  2.00000E-03  1.42628E+01
 -9.75570E+00  2.14861E-28  1.42251E+06  2.00000E-03  1.42628E+01
 -9.70891E+00  2.14896E-28  1.42265E+06  2.00000E-03  1.42222E+01
 -9.66212E+00  2.14932E-28  1.42280E+06  2.00000E-03  1.41817E+01
 -9.61533E+00  2.14932E-28  1.42280E+06  2.00000E-03  1.41817E+01
 -9.56854E+00  2.14932E-28  1.42280E+06  2.00000E-03  1.41817E+01
 -9.52175E+00  2.14965E-28  1.42294E+06  2.00000E-03  1.41319E+01
 -9.47496E+00  2.14999E-28  1.42307E+06  2.00000E-03  1.40821E+01
 -9.42817E+00  2.14999E-28  1.42307E+06  2.00000E-03  1.40821E+01
 -9.38138E+00  2.14999E-28  1.42307E+06  2.00000E-03  1.40821E+01
 -9.33459E+00  2.15021E-28  1.42316E+06  2.00000E-03  1.40327E+01
 -9.28780E+00  2.15042E-28  1.42325E+06  2.00000E-03  1.39833E+01
 -9.24101E+00  2.15042E-28  1.42325E+06  2.00000E-03  1.39833E+01
 -9.19422E+00  2.15042E-28  1.42325E+06  2.00000E-03  1.39833E+01
 -9.14743E+00  2.15042E-28  1.42324E+06  2.00000E-03  1.39448E+01
 -9.10064E+00  2.15041E-28  1.42323E+06  2.00000E-03  1.39062E+01
 -9.05385E+00  2.15041E-28  1.42323E+06  2.00000E-03  1.39062E+01
 -9.00706E+00  2.15041E-28  1.42323E+06  2.00000E-03  1.39062E+01
 -8.96027E+00  2.15010E-28  1.42310E+06  2.00000E-03  1.38871E+01
 -8.91348E+00  2.14979E-28  1.42296E+06  2.00000E-03  1.38679E+01
 -8.86669E+00  2.14979E-28  1.42296E+06  2.00000E-03  1.38679E+01
 -8.81990E+00  2.14979E-28  1.42296E+06  2.00000E-03  1.38679E+01
 -8.77311E+00  2.14913E-28  1.42267E+06  2.00000E-03  1.38740E+01
 -8.72632E+00  2.14846E-28  1.42239E+06  2.00000E-03  1.38801E+01
 -8.67953E+00  2.14846E-28  1.42239E+06  2.00000E-03  1.38801E+01
 -8.63274E+00  2.14846E-28  1.42239E+06  2.00000E-03  1.38801E+01
 -8.58595E+00  2.14744E-28  1.42194E+06  2.00000E-03  1.39130E+01
 -8.53916E+00  2.14642E-28  1.42150E+06  2.00000E-03  1.39459E+01
 -8.49237E+00  2.14642E-28  1.42150E+06  2.00000E-03  1.39459E+01
 -8.44558E+00  2.14642E-28  1.42150E+06  2.00000E-03  1.39459E+01
 -8.39879E+00  2.14509E-28  1.42092E+06  2.00000E-03  1.40023E+01
 -8.35200E+00  2.14376E-28  1.42034E+06  2.00000E-03  1.40588E+01
 -8.30521E+00  2.14376E-28  1.42034E+06  2.00000E-03  1.40588E+01
 -8.25842E+00  2.14376E-28  1.42034E+06  2.00000E-03  1.40588E+01
 -8.21163E+00  2.14223E-28  1.41968E+06  2.00000E-03  1.41323E+01
 -8.16484E+00  2.14070E-28  1.41901E+06  2.00000E-03  1.42059E+01
 -8.11805E+00  2.14070E-28  1.41901E+06  2.00000E-03  1.42059E+01
 -8.07126E+00  2.14070E-28  1.41901E+06  2.00000E-03  1.42059E+01
 -8.02447E+00  2.13908E-28  1.41830E+06  2.00000E-03  1.42886E+01
 -7.97768E+00  2.13746E-28  1.41759E+06  2.00000E-03  1.43714E+01
 -7.93089E+00  2.13746E-28  1.41759E+06  2.00000E-03  1.43714E+01
 -7.88410E+00  2.13746E-28  1.41759E+06  2.00000E-03  1.43714E+01
 -7.83731E+00  2.13583E-28  1.41688E+06  2.00000E-03  1.44555E+01
 -7.79052E+00  2.13421E-28  1.41617E+06  2.00000E-03  1.45397E+01
 -7.74373E+00  2.13421E-28  1.41617E+06  2.00000E-03  1.45397E+01
 -7.69694E+00  2.13421E-28  1.41617E+06  2.00000E-03  1.45397E+01
 -7.65015E+00  2.13263E-28  1.41547E+06  2.00000E-03  1.46215E+01
 -7.60336E+00  2.13104E-28  1.41477E+06  2.00000E-03  1.47035E+01
 -7.55657E+00  2.13104E-28  1.41477E+06  2.00000E-03  1.47035E+01
 -7.50978E+00  2.13104E-28  1.41477E+06  2.00000E-03  1.47035E+01
 -7.46299E+00  2.12949E-28  1.41408E+06  2.00000E-03  1.47829E+01
 -7.41620E+00  2.12794E-28  1.41340E+06  2.00000E-03  1.48624E+01
 -7.36941E+00  2.12794E-28  1.41340E+06  2.00000E-03  1.48624E+01
 -7.32262E+00  2.12794E-28  1.41340E+06  2.00000E-03  1.48624E+01
 -7.27583E+00  2.12646E-28  1.41274E+06  2.00000E-03  1.49383E+01
 -7.22904E+00  2.12497E-28  1.41208E+06  2.00000E-03  1.50144E+01
 -7.18225E+00  2.12497E-28  1.41208E+06  2.00000E-03  1.50144E+01
 -7.13546E+00  2.12497E-28  1.41208E+06  2.00000E-03  1.50144E+01
 -7.08867E+00  2.12361E-28  1.41148E+06  2.00000E-03  1.50822E+01
 -7.04188E+00  2.12225E-28  1.41088E+06  2.00000E-03  1.51500E+01
 -6.99509E+00  2.12225E-28  1.41088E+06  2.00000E-03  1.51500E+01
 -6.94830E+00  2.12225E-28  1.41088E+06  2.00000E-03  1.51500E+01
 -6.90151E+00  2.12114E-28  1.41039E+06  2.00000E-03  1.52017E+01
 -6.85472E+00  2.12003E-28  1.40989E+06  2.00000E-03  1.52534E+01
 -6.80793E+00  2.12003E-28  1.40989E+06  2.00000E-03  1.52534E+01
 -6.76114E+00  2.12003E-28  1.40989E+06  2.00000E-03  1.52534E+01
 -6.71435E+00  2.11930E-28  1.40957E+06  2.00000E-03  1.52808E+01
 -6.66756E+00  2.11857E-28  1.40924E+06  2.00000E-03  1.53083E+01
 -6.62077E+00  2.11857E-28  1.40924E+06  2.00000E-03  1.53083E+01
 -6.57398E+00  2.11857E-28  1.40924E+06  2.00000E-03  1.53083E+01
 -6.52719E+00  2.11832E-28  1.40912E+06  2.00000E-03  1.53049E+01
 -6.48040E+00  2.11806E-28  1.40901E+06  2.00000E-03  1.53015E+01
 -6.43362E+00  2.11806E-28  1.40901E+06  2.00000E-03  1.53015E+01
 -6.38683E+00  2.11806E-28  1.40901E+06  2.00000E-03  1.53015E+01
 -6.34003E+00  2.11830E-28  1.40911E+06  2.00000E-03  1.52633E+01
 -6.29325E+00  2.11854E-28  1.40921E+06  2.00000E-03  1.52250E+01
 -6.24646E+00  2.11854E-28  1.40921E+06  2.00000E-03  1.52250E+01
 -6.19967E+00  2.11854E-28  1.40921E+06  2.00000E-03  1.52250E+01
 -6.15288E+00  2.11922E-28  1.40950E+06  2.00000E-03  1.51512E+01
 -6.10609E+00  2.11991E-28  1.40980E+06  2.00000E-03  1.50775E+01
 -6.05930E+00  2.11991E-28  1.40980E+06  2.00000E-03  1.50775E+01
 -6.01251E+00  2.11991E-28  1.40980E+06  2.00000E-03  1.50775E+01
 -5.96572E+00  2.12095E-28  1.41023E+06  2.00000E-03  1.49702E+01
 -5.91893E+00  2.12199E-28  1.41066E+06  2.00000E-03  1.48631E+01
 -5.87214E+00  2.12199E-28  1.41066E+06  2.00000E-03  1.48631E+01
 -5.82535E+00  2.12199E-28  1.41066E+06  2.00000E-03  1.48631E+01
 -5.77856E+00  2.12330E-28  1.41118E+06  2.00000E-03  1.47272E+01
 -5.73177E+00  2.12460E-28  1.41169E+06  1.99999E-03  1.45915E+01
 -5.68498E+00  2.12460E-28  1.41169E+06  1.99999E-03  1.45915E+01
 -5.63819E+00  2.12460E-28  1.41169E+06  1.99999E-03  1.45915E+01
 -5.59140E+00  2.12597E-28  1.41234E+06  1.99999E-03  1.44373E+01
 -5.54461E+00  2.12733E-28  1.41299E+06  1.99999E-03  1.42832E+01
 -5.49782E+00  2.12733E-28  1.41299E+06  1.99999E-03  1.42832E+01
 -5.45103E+00  2.12733E-28  1.41299E+06  1.99999E-03  1.42832E+01
 -5.40424E+00  2.12859E-28  1.41380E+06  1.99996E-03  1.41295E+01
 -5.35745E+00  2.12985E-28  1.41462E+06  1.99994E-03  1.39759E+01
 -5.31066E+00  2.12985E-28  1.41462E+06  1.99994E-03  1.39759E+01
 -5.26387E+00  2.12985E-28  1.41462E+06  1.99994E-03  1.39759E+01
 -5.21708E+00  2.13121E-28  1.41543E+06  1.99985E-03  1.38524E+01
 -5.17029E+00  2.13257E-28  1.41625E+06  1.99975E-03  1.37291E+01
 -5.12350E+00  2.13257E-28  1.41625E+06  1.99975E-03  1.37291E+01
 -5.07671E+00  2.13257E-28  1.41625E+06  1.99975E-03  1.37291E+01
 -5.02992E+00  2.13439E-28  1.41662E+06  1.99946E-03  1.36516E+01
 -4.98313E+00  2.13621E-28  1.41700E+06  1.99917E-03  1.35743E+01
 -4.93634E+00  2.13621E-28  1.41700E+06  1.99917E-03  1.35743E+01
 -4.88955E+00  2.13621E-28  1.41700E+06  1.99917E-03  1.35743E+01
 -4.84276E+00  2.13990E-28  1.41596E+06  1.99830E-03  1.35452E+01
 -4.79597E+00  2.14359E-28  1.41492E+06  1.99742E-03  1.35162E+01
 -4.74918E+00  2.14359E-28  1.41492E+06  1.99742E-03  1.35162E+01
 -4.70239E+00  2.14359E-28  1.41492E+06  1.99742E-03  1.35162E+01
 -4.65560E+00  2.15410E-28  1.40919E+06  1.99461E-03  1.35514E+01
 -4.60881E+00  2.16462E-28  1.40350E+06  1.99182E-03  1.35862E+01
 -4.56202E+00  2.16462E-28  1.40350E+06  1.99182E-03  1.35862E+01
 -4.51523E+00  2.16462E-28  1.40350E+06  1.99182E-03  1.35862E+01
 -4.46844E+00  2.18651E-28  1.39024E+06  1.98415E-03  1.36646E+01
 -4.42165E+00  2.20840E-28  1.37724E+06  1.97663E-03  1.37414E+01
 -4.37486E+00  2.20840E-28  1.37724E+06  1.97663E-03  1.37414E+01
 -4.32807E+00  2.20840E-28  1.37724E+06  1.97663E-03  1.37414E+01
 -4.28128E+00  2.26517E-28  1.34310E+06  1.95680E-03  1.37733E+01
 -4.23449E+00  2.32195E-28  1.31062E+06  1.93794E-03  1.38037E+01
 -4.18770E+00  2.32195E-28  1.31062E+06  1.93794E-03  1.38037E+01
 -4.14091E+00  2.32195E-28  1.31062E+06  1.93794E-03  1.38037E+01
 -4.09412E+00  2.44574E-28  1.24513E+06  1.90042E-03  1.38124E+01
 -4.04733E+00  2.56954E-28  1.18595E+06  1.86651E-03  1.38202E+01
 -4.00054E+00  2.56954E-28  1.18595E+06  1.86651E-03  1.38202E+01
 -3.95375E+00  2.56954E-28  1.18595E+06  1.86651E-03  1.38202E+01
 -3.90696E+00  2.74535E-28  1.11102E+06  1.82455E-03  1.38884E+01
 -3.86017E+00  2.92116E-28  1.04510E+06  1.78764E-03  1.39484E+01
 -3.81338E+00  2.92116E-28  1.04510E+06  1.78764E-03  1.39484E+01
 -3.76659E+00  2.92116E-28  1.04510E+06  1.78764E-03  1.39484E+01
 -3.71980E+00  3.06556E-28  9.96124E+05  1.75967E-03  1.38925E+01
 -3.67301E+00  3.20997E-28  9.51554E+05  1.73421E-03  1.38416E+01
 -3.62622E+00  3.20997E-28  9.51554E+05  1.73421E-03  1.38416E+01
 -3.57943E+00  3.20997E-28  9.51554E+05  1.73421E-03  1.38416E+01
 -3.53264E+00  3.27354E-28  9.32601E+05  1.72468E-03  1.34417E+01
 -3.48585E+00  3.33710E-28  9.14369E+05  1.71552E-03  1.30571E+01
 -3.43906E+00  3.33710E-28  9.14369E+05  1.71552E-03  1.30571E+01
 -3.39227E+00  3.33710E-28  9.14369E+05  1.71552E-03  1.30571E+01
 -3.34548E+00  3.33989E-28  9.12869E+05  1.71500E-03  1.23866E+01
 -3.29869E+00  3.34268E-28  9.11371E+05  1.71449E-03  1.17172E+01
 -3.25190E+00  3.34268E-28  9.11371E+05  1.71449E-03  1.17172E+01
 -3.20511E+00  3.34268E-28  9.11371E+05  1.71449E-03  1.17172E+01
 -3.15832E+00  3.24077E-28  9.39223E+05  1.72895E-03  1.10749E+01
 -3.11153E+00  3.13885E-28  9.68884E+05  1.74436E-03  1.03909E+01
 -3.06474E+00  3.13885E-28  9.68884E+05  1.74436E-03  1.03909E+01
 -3.01795E+00  3.13885E-28  9.68884E+05  1.74436E-03  1.03909E+01
 -2.97116E+00  2.91316E-28  1.04301E+06  1.78427E-03  1.00044E+01
 -2.92437E+00  2.68748E-28  1.12958E+06  1.83088E-03  9.55311E+00
 -2.87758E+00  2.68748E-28  1.12958E+06  1.83088E-03  9.55311E+00
 -2.83079E+00  2.68748E-28  1.12958E+06  1.83088E-03  9.55311E+00
 -2.78400E+00  2.49062E-28  1.21773E+06  1.87971E-03  9.41168E+00
 -2.73721E+00  2.29376E-28  1.32102E+06  1.93691E-03  9.24598E+00
 -2.69042E+00  2.29376E-28  1.32102E+06  1.93691E-03  9.24598E+00
 -2.64363E+00  2.29376E-28  1.32102E+06  1.93691E-03  9.24598E+00
 -2.59684E+00  2.22806E-28  1.35879E+06  1.96138E-03  9.22986E+00
 -2.55005E+00  2.16235E-28  1.39887E+06  1.98733E-03  9.21277E+00
 -2.50326E+00  2.16235E-28  1.39887E+06  1.98733E-03  9.21277E+00
 -2.45647E+00  2.16235E-28  1.39887E+06  1.98733E-03  9.21277E+00
 -2.40968E+00  2.14816E-28  1.40718E+06  1.99264E-03  9.22023E+00
 -2.36289E+00  2.13396E-28  1.41561E+06  1.99802E-03  9.22778E+00
 -2.31610E+00  2.13396E-28  1.41561E+06  1.99802E-03  9.22778E+00
 -2.26931E+00  2.13396E-28  1.41561E+06  1.99802E-03  9.22778E+00
 -2.22252E+00  2.13131E-28  1.41671E+06  1.99885E-03  9.20898E+00
 -2.17573E+00  2.12865E-28  1.41781E+06  1.99969E-03  9.19014E+00
 -2.12894E+00  2.12865E-28  1.41781E+06  1.99969E-03  9.19014E+00
 -2.08215E+00  2.12865E-28  1.41781E+06  1.99969E-03  9.19014E+00
 -2.03536E+00  2.12880E-28  1.41722E+06  1.99982E-03  9.13009E+00
 -1.98857E+00  2.12895E-28  1.41662E+06  1.99995E-03  9.07006E+00
 -1.94178E+00  2.12895E-28  1.41662E+06  1.99995E-03  9.07006E+00
 -1.89499E+00  2.12895E-28  1.41662E+06  1.99995E-03  9.07006E+00
 -1.84820E+00  2.12935E-28  1.41589E+06  1.99997E-03  8.98921E+00
 -1.80141E+00  2.12974E-28  1.41516E+06  1.99999E-03  8.90840E+00
 -1.75462E+00  2.12974E-28  1.41516E+06  1.99999E-03  8.90840E+00
 -1.70783E+00  2.12974E-28  1.41516E+06  1.99999E-03  8.90840E+00
 -1.66104E+00  2.12964E-28  1.41464E+06  1.99999E-03  8.84300E+00
 -1.61425E+00  2.12954E-28  1.41412E+06  2.00000E-03  8.77759E+00
 -1.56746E+00  2.12954E-28  1.41412E+06  2.00000E-03  8.77759E+00
 -1.52067E+00  2.12954E-28  1.41412E+06  2.00000E-03  8.77759E+00
 -1.47388E+00  2.12868E-28  1.41365E+06  2.00000E-03  8.75373E+00
 -1.42709E+00  2.12782E-28  1.41318E+06  2.00000E-03  8.72985E+00
 -1.38030E+00  2.12782E-28  1.41318E+06  2.00000E-03  8.72985E+00
 -1.33351E+00  2.12782E-28  1.41318E+06  2.00000E-03  8.72985E+00
 -1.28672E+00  2.12641E-28  1.41260E+06  2.00000E-03  8.76030E+00
 -1.23993E+00  2.12500E-28  1.41202E+06  2.00000E-03  8.79079E+00
 -1.19314E+00  2.12500E-28  1.41202E+06  2.00000E-03  8.79079E+00
 -1.14635E+00  2.12500E-28  1.41202E+06  2.00000E-03  8.79079E+00
 -1.09956E+00  2.12336E-28  1.41134E+06  2.00000E-03  8.86912E+00
 -1.05277E+00  2.12171E-28  1.41065E+06  2.00000E-03  8.94758E+00
 -1.00598E+00  2.12171E-28  1.41065E+06  2.00000E-03  8.94758E+00
 -9.59194E-01  2.12171E-28  1.41065E+06  2.00000E-03  8.94758E+00
 -9.12404E-01  2.12007E-28  1.40994E+06  2.00000E-03  9.06116E+00
 -8.65614E-01  2.11844E-28  1.40923E+06  2.00000E-03  9.17491E+00
 -8.18824E-01  2.11844E-28  1.40923E+06  2.00000E-03  9.17491E+00
 -7.72034E-01  2.11844E-28  1.40923E+06  2.00000E-03  9.17491E+00
 -7.25244E-01  2.11690E-28  1.40854E+06  2.00000E-03  9.31036E+00
 -6.78454E-01  2.11537E-28  1.40786E+06  2.00000E-03  9.44601E+00
 -6.31664E-01  2.11537E-28  1.40786E+06  2.00000E-03  9.44601E+00
 -5.84874E-01  2.11537E-28  1.40786E+06  2.00000E-03  9.44601E+00
 -5.38084E-01  2.11395E-28  1.40721E+06  2.00000E-03  9.59332E+00
 -4.91294E-01  2.11253E-28  1.40657E+06  2.00000E-03  9.74083E+00
 -4.44504E-01  2.11253E-28  1.40657E+06  2.00000E-03  9.74083E+00
 -3.97714E-01  2.11253E-28  1.40657E+06  2.00000E-03  9.74083E+00
 -3.50924E-01  2.11123E-28  1.40599E+06  2.00000E-03  9.88897E+00
 -3.04135E-01  2.10993E-28  1.40540E+06  2.00000E-03  1.00373E+01
 -2.57345E-01  2.10993E-28  1.40540E+06  2.00000E-03  1.00373E+01
 -2.10555E-01  2.10993E-28  1.40540E+06  2.00000E-03  1.00373E+01
 -1.63765E-01  2.10875E-28  1.40488E+06  2.00000E-03  1.01715E+01
 -1.16975E-01  2.10757E-28  1.40436E+06  2.00000E-03  1.03058E+01
 -7.01849E-02  2.10757E-28  1.40436E+06  2.00000E-03  1.03058E+01
 -2.33950E-02  2.10757E-28  1.40436E+06  2.00000E-03  1.03058E+01
  2.33950E-02  2.10657E-28  1.40392E+06  2.00000E-03  1.04110E+01
  7.01849E-02  2.10556E-28  1.40348E+06  2.00000E-03  1.05163E+01
  1.16975E-01  2.10556E-28  1.40348E+06  2.00000E-03  1.05163E+01
  1.63765E-01  2.10556E-28  1.40348E+06  2.00000E-03  1.05163E+01
  2.10555E-01  2.10478E-28  1.40313E+06  2.00000E-03  1.05833E+01
  2.57345E-01  2.10400E-28  1.40279E+06  2.00000E-03  1.06503E+01
  3.04135E-01  2.10400E-28  1.40279E+06  2.00000E-03  1.06503E+01
  3.50924E-01  2.10400E-28  1.40279E+06  2.00000E-03  1.06503E+01
  3.97714E-01  2.10347E-28  1.40255E+06  2.00000E-03  1.06753E+01
  4.44504E-01  2.10293E-28  1.40232E+06  2.00000E-03  1.07003E+01
  4.91294E-01  2.10293E-28  1.40232E+06  2.00000E-03  1.07003E+01
  5.38084E-01  2.10293E-28  1.40232E+06  2.00000E-03  1.07003E+01
  5.84874E-01  2.10264E-28  1.40219E+06  2.00000E-03  1.06792E+01
  6.31664E-01  2.10234E-28  1.40206E+06  2.00000E-03  1.06581E+01
  6.78454E-01  2.10234E-28  1.40206E+06  2.00000E-03  1.06581E+01
  7.25244E-01  2.10234E-28  1.40206E+06  2.00000E-03  1.06581E+01
  7.72034E-01  2.10229E-28  1.40205E+06  2.00000E-03  1.05822E+01
  8.18824E-01  2.10225E-28  1.40203E+06  2.00000E-03  1.05064E+01
  8.65614E-01  2.10225E-28  1.40203E+06  2.00000E-03  1.05064E+01
  9.12404E-01  2.10225E-28  1.40203E+06  2.00000E-03  1.05064E+01
  9.59194E-01  2.10245E-28  1.40212E+06  2.00000E-03  1.03651E+01
  1.00598E+00  2.10265E-28  1.40222E+06  2.00000E-03  1.02239E+01
  1.05277E+00  2.10265E-28  1.40222E+06  2.00000E-03  1.02239E+01
  1.09956E+00  2.10265E-28  1.40222E+06  2.00000E-03  1.02239E+01
  1.14635E+00  2.10310E-28  1.40242E+06  2.00000E-03  1.00116E+01
  1.19314E+00  2.10355E-28  1.40263E+06  2.00000E-03  9.79947E+00
  1.23993E+00  2.10355E-28  1.40263E+06  2.00000E-03  9.79947E+00
  1.28672E+00  2.10355E-28  1.40263E+06  2.00000E-03  9.79947E+00
  1.33351E+00  2.10420E-28  1.40293E+06  2.00000E-03  9.52655E+00
  1.38030E+00  2.10485E-28  1.40324E+06  1.99999E-03  9.25381E+00
  1.42709E+00  2.10485E-28  1.40324E+06  1.99999E-03  9.25381E+00
  1.47388E+00  2.10485E-28  1.40324E+06  1.99999E-03  9.25381E+00
  1.52067E+00  2.10556E-28  1.40359E+06  1.99999E-03  8.95805E+00
  1.56746E+00  2.10627E-28  1.40394E+06  1.99998E-03  8.66250E+00
  1.61425E+00  2.10627E-28  1.40394E+06  1.99998E-03  8.66250E+00
  1.66104E+00  2.10627E-28  1.40394E+06  1.99998E-03  8.66250E+00
  1.70783E+00  2.10672E-28  1.40425E+06  1.99995E-03  8.41577E+00
  1.75462E+00  2.10718E-28  1.40457E+06  1.99992E-03  8.16915E+00
  1.80141E+00  2.10718E-28  1.40457E+06  1.99992E-03  8.16915E+00
  1.84820E+00  2.10718E-28  1.40457E+06  1.99992E-03  8.16915E+00
  1.89499E+00  2.10712E-28  1.40463E+06  1.99981E-03  8.07714E+00
  1.94178E+00  2.10707E-28  1.40469E+06  1.99970E-03  7.98513E+00
  1.98857E+00  2.10707E-28  1.40469E+06  1.99970E-03  7.98513E+00
  2.03536E+00  2.10707E-28  1.40469E+06  1.99970E-03  7.98513E+00
  2.08215E+00  2.10697E-28  1.40397E+06  1.99938E-03  8.20295E+00
  2.12894E+00  2.10687E-28  1.40326E+06  1.99906E-03  8.42079E+00
  2.17573E+00  2.10687E-28  1.40326E+06  1.99906E-03  8.42079E+00
  2.22252E+00  2.10687E-28  1.40326E+06  1.99906E-03  8.42079E+00
  2.26931E+00  2.12192E-28  1.39108E+06  1.99153E-03  9.06054E+00
  2.31610E+00  2.13698E-28  1.37908E+06  1.98412E-03  9.69127E+00
  2.36289E+00  2.13698E-28  1.37908E+06  1.98412E-03  9.69127E+00
  2.40968E+00  2.13698E-28  1.37908E+06  1.98412E-03  9.69127E+00
  2.45647E+00  2.35135E-28  1.24917E+06  1.91093E-03  1.07332E+01
  2.50326E+00  2.56573E-28  1.14096E+06  1.84997E-03  1.16011E+01
  2.55005E+00  2.56573E-28  1.14096E+06  1.84997E-03  1.16011E+01
  2.59684E+00  2.56573E-28  1.14096E+06  1.84997E-03  1.16011E+01
  2.64363E+00  3.29888E-28  8.81681E+05  1.72050E-03  1.28264E+01
  2.69042E+00  4.03202E-28  7.16690E+05  1.63812E-03  1.36062E+01
  2.73721E+00  4.03202E-28  7.16690E+05  1.63812E-03  1.36062E+01
  2.78400E+00  4.03202E-28  7.16690E+05  1.63812E-03  1.36062E+01
  2.83079E+00  4.37903E-28  6.56500E+05  1.60346E-03  1.47243E+01
  2.87758E+00  4.72603E-28  6.05148E+05  1.57389E-03  1.56782E+01
  2.92437E+00  4.72603E-28  6.05148E+05  1.57389E-03  1.56782E+01
  2.97116E+00  4.72603E-28  6.05148E+05  1.57389E-03  1.56782E+01
  3.01795E+00  4.19292E-28  6.81689E+05  1.60990E-03  1.60264E+01
  3.06474E+00  3.65980E-28  7.80528E+05  1.65640E-03  1.64761E+01
  3.11153E+00  3.65980E-28  7.80528E+05  1.65640E-03  1.64761E+01
  3.15832E+00  3.65980E-28  7.80528E+05  1.65640E-03  1.64761E+01
  3.20511E+00  3.18362E-28  9.00783E+05  1.72735E-03  1.62581E+01
  3.25190E+00  2.70744E-28  1.06334E+06  1.82327E-03  1.59634E+01
  3.29869E+00  2.70744E-28  1.06334E+06  1.82327E-03  1.59634E+01
  3.34548E+00  2.70744E-28  1.06334E+06  1.82327E-03  1.59634E+01
  3.39227E+00  2.49571E-28  1.15721E+06  1.87619E-03  1.55592E+01
  3.43906E+00  2.28397E-28  1.26850E+06  1.93892E-03  1.50800E+01
  3.48585E+00  2.28397E-28  1.26850E+06  1.93892E-03  1.50800E+01
  3.53264E+00  2.28397E-28  1.26850E+06  1.93892E-03  1.50800E+01
  3.57943E+00  2.21078E-28  1.31341E+06  1.95975E-03  1.49344E+01
  3.62622E+00  2.13758E-28  1.36141E+06  1.98202E-03  1.47787E+01
  3.67301E+00  2.13758E-28  1.36141E+06  1.98202E-03  1.47787E+01
  3.71980E+00  2.13758E-28  1.36141E+06  1.98202E-03  1.47787E+01
  3.76659E+00  2.12873E-28  1.36589E+06  1.98484E-03  1.49329E+01
  3.81338E+00  2.11989E-28  1.37042E+06  1.98769E-03  1.50883E+01
  3.86017E+00  2.11989E-28  1.37042E+06  1.98769E-03  1.50883E+01
  3.90696E+00  2.11989E-28  1.37042E+06  1.98769E-03  1.50883E+01
  3.95375E+00  2.21325E-28  1.30997E+06  1.95529E-03  1.51412E+01
  4.00054E+00  2.30662E-28  1.25442E+06  1.92552E-03  1.51899E+01
  4.04733E+00  2.30662E-28  1.25442E+06  1.92552E-03  1.51899E+01
  4.09412E+00  2.30662E-28  1.25442E+06  1.92552E-03  1.51899E+01
  4.14091E+00  2.55167E-28  1.13158E+06  1.85443E-03  1.49277E+01
  4.18770E+00  2.79673E-28  1.03026E+06  1.79580E-03  1.47115E+01
  4.23449E+00  2.79673E-28  1.03026E+06  1.79580E-03  1.47115E+01
  4.28128E+00  2.79673E-28  1.03026E+06  1.79580E-03  1.47115E+01
  4.32807E+00  2.93817E-28  9.79381E+05  1.76864E-03  1.38240E+01
  4.37486E+00  3.07961E-28  9.33177E+05  1.74397E-03  1.30180E+01
  4.42165E+00  3.07961E-28  9.33177E+05  1.74397E-03  1.30180E+01
  4.46844E+00  3.07961E-28  9.33177E+05  1.74397E-03  1.30180E+01
  4.51523E+00  2.98428E-28  9.64415E+05  1.76722E-03  1.10582E+01
  4.56202E+00  2.88895E-28  9.97715E+05  1.79199E-03  8.96910E+00
  4.60881E+00  2.88895E-28  9.97715E+05  1.79199E-03  8.96910E+00
  4.65560E+00  2.88895E-28  9.97715E+05  1.79199E-03  8.96910E+00
  4.70239E+00  2.76191E-28  1.04652E+06  1.81587E-03  5.94529E+00
  4.74918E+00  2.63487E-28  1.10002E+06  1.84205E-03  2.62990E+00
  4.79597E+00  2.63487E-28  1.10002E+06  1.84205E-03  2.62990E+00
  4.84276E+00  2.63487E-28  1.10002E+06  1.84205E-03  2.62990E+00
  4.88955E+00  2.69550E-28  1.07417E+06  1.82500E-03 -1.23991E+00
  4.93634E+00  2.75612E-28  1.04946E+06  1.80871E-03 -4.93948E+00
  4.98313E+00  2.75612E-28  1.04946E+06  1.80871E-03 -4.93948E+00
  5.02992E+00  2.75612E-28  1.04946E+06  1.80871E-03 -4.93948E+00
  5.07671E+00  2.89152E-28  9.98883E+05  1.79028E-03 -8.60649E+00
  5.12350E+00  3.02693E-28  9.52827E+05  1.77349E-03 -1.19454E+01
  5.17029E+00  3.02693E-28  9.52827E+05  1.77349E-03 -1.19454E+01
  5.21708E+00  3.02693E-28  9.52827E+05  1.77349E-03 -1.19454E+01
  5.26387E+00  3.13057E-28  9.18803E+05  1.74931E-03 -1.43523E+01
  5.31066E+00  3.23422E-28  8.86959E+05  1.72668E-03 -1.66049E+01
  5.35745E+00  3.23422E-28  8.86959E+05  1.72668E-03 -1.66049E+01
  5.40424E+00  3.23422E-28  8.86959E+05  1.72668E-03 -1.66049E+01
  5.45103E+00  3.43900E-28  8.34105E+05  1.68937E-03 -1.74093E+01
  5.49782E+00  3.64377E-28  7.87192E+05  1.65624E-03 -1.81232E+01
  5.54461E+00  3.64377E-28  7.87192E+05  1.65624E-03 -1.81232E+01
  5.59140E+00  3.64377E-28  7.87192E+05  1.65624E-03 -1.81232E+01
  5.63819E+00  3.78188E-28  7.61658E+05  1.64004E-03 -1.72295E+01
  5.68498E+00  3.91998E-28  7.37924E+05  1.62499E-03 -1.63988E+01
  5.73177E+00  3.91998E-28  7.37924E+05  1.62499E-03 -1.63988E+01
  5.77856E+00  3.91998E-28  7.37924E+05  1.62499E-03 -1.63988E+01
  5.82535E+00  3.98447E-28  7.29770E+05  1.61799E-03 -1.42896E+01
  5.87214E+00  4.04896E-28  7.21876E+05  1.61122E-03 -1.22476E+01
  5.91893E+00  4.04896E-28  7.21876E+05  1.61122E-03 -1.22476E+01
  5.96572E+00  4.04896E-28  7.21876E+05  1.61122E-03 -1.22476E+01
  6.01251E+00  4.08498E-28  7.17679E+05  1.60763E-03 -1.01998E+01
  6.05930E+00  4.12101E-28  7.13556E+05  1.60411E-03 -8.18771E+00
  6.10609E+00  4.12101E-28  7.13556E+05  1.60411E-03 -8.18771E+00
  6.15288E+00  4.12101E-28  7.13556E+05  1.60411E-03 -8.18771E+00
  6.19967E+00  4.09515E-28  7.20127E+05  1.60533E-03 -6.92182E+00
  6.24646E+00  4.06929E-28  7.26782E+05  1.60655E-03 -5.63985E+00
  6.29325E+00  4.06929E-28  7.26782E+05  1.60655E-03 -5.63985E+00
  6.34003E+00  4.06929E-28  7.26782E+05  1.60655E-03 -5.63985E+00
  6.38683E+00  3.90068E-28  7.60046E+05  1.62186E-03 -4.59678E+00
  6.43362E+00  3.73207E-28  7.96317E+05  1.63855E-03 -3.45946E+00
  6.48040E+00  3.73207E-28  7.96317E+05  1.63855E-03 -3.45946E+00
  6.52719E+00  3.73207E-28  7.96317E+05  1.63855E-03 -3.45946E+00
  6.57398E+00  3.43198E-28  8.67948E+05  1.68239E-03 -1.69955E+00
  6.62077E+00  3.13190E-28  9.53306E+05  1.73463E-03  3.97619E-01
  6.66756E+00  3.13190E-28  9.53306E+05  1.73463E-03  3.97619E-01
  6.71435E+00  3.13190E-28  9.53306E+05  1.73463E-03  3.97619E-01
  6.76114E+00  3.00921E-28  9.92447E+05  1.75526E-03  3.83463E+00
  6.80793E+00  2.88652E-28  1.03492E+06  1.77764E-03  7.56381E+00
  6.85472E+00  2.88652E-28  1.03492E+06  1.77764E-03  7.56381E+00
  6.90151E+00  2.88652E-28  1.03492E+06  1.77764E-03  7.56381E+00
  6.94830E+00  2.99325E-28  9.92209E+05  1.75462E-03  1.20379E+01
  6.99509E+00  3.09998E-28  9.52442E+05  1.73319E-03  1.62040E+01
  7.04188E+00  3.09998E-28  9.52442E+05  1.73319E-03  1.62040E+01
  7.08867E+00  3.09998E-28  9.52442E+05  1.73319E-03  1.62040E+01
  7.13546E+00  3.07364E-28  9.51308E+05  1.74275E-03  1.82949E+01
  7.18225E+00  3.04730E-28  9.50154E+05  1.75248E-03  2.04219E+01
  7.22904E+00  3.04730E-28  9.50154E+05  1.75248E-03  2.04219E+01
  7.27583E+00  3.04730E-28  9.50154E+05  1.75248E-03  2.04219E+01
  7.32262E+00  3.12067E-28  9.25198E+05  1.74301E-03  1.88937E+01
  7.36941E+00  3.19405E-28  9.01388E+05  1.73397E-03  1.74358E+01
  7.41620E+00  3.19405E-28  9.01388E+05  1.73397E-03  1.74358E+01
  7.46299E+00  3.19405E-28  9.01388E+05  1.73397E-03  1.74358E+01
  7.50978E+00  3.21360E-28  8.95471E+05  1.72623E-03  1.39375E+01
  7.55657E+00  3.23316E-28  8.89627E+05  1.71857E-03  1.04816E+01
  7.60336E+00  3.23316E-28  8.89627E+05  1.71857E-03  1.04816E+01
  7.65015E+00  3.23316E-28  8.89627E+05  1.71857E-03  1.04816E+01
  7.69694E+00  3.19121E-28  9.01106E+05  1.72470E-03  6.37107E+00
  7.74373E+00  3.14925E-28  9.12892E+05  1.73099E-03  2.15103E+00
  7.79052E+00  3.14925E-28  9.12892E+05  1.73099E-03  2.15103E+00
  7.83731E+00  3.14925E-28  9.12892E+05  1.73099E-03  2.15103E+00
  7.88410E+00  3.32399E-28  8.66440E+05  1.70053E-03 -1.45601E+00
  7.93089E+00  3.49873E-28  8.24628E+05  1.67311E-03 -4.70277E+00
  7.97768E+00  3.49873E-28  8.24628E+05  1.67311E-03 -4.70277E+00
  8.02447E+00  3.49873E-28  8.24628E+05  1.67311E-03 -4.70277E+00
  8.07126E+00  3.60616E-28  8.02944E+05  1.65823E-03 -6.52372E+00
  8.11805E+00  3.71360E-28  7.82514E+05  1.64421E-03 -8.23931E+00
  8.16484E+00  3.71360E-28  7.82514E+05  1.64421E-03 -8.23931E+00
  8.21163E+00  3.71360E-28  7.82514E+05  1.64421E-03 -8.23931E+00
  8.25842E+00  3.86011E-28  7.52792E+05  1.62805E-03 -9.44776E+00
  8.30521E+00  4.00662E-28  7.25244E+05  1.61307E-03 -1.05678E+01
  8.35200E+00  4.00662E-28  7.25244E+05  1.61307E-03 -1.05678E+01
  8.39879E+00  4.00662E-28  7.25244E+05  1.61307E-03 -1.05678E+01
  8.44558E+00  3.83402E-28  7.58480E+05  1.63239E-03 -1.14635E+01
  8.49237E+00  3.66142E-28  7.94849E+05  1.65353E-03 -1.24435E+01
  8.53916E+00  3.66142E-28  7.94849E+05  1.65353E-03 -1.24435E+01
  8.58595E+00  3.66142E-28  7.94849E+05  1.65353E-03 -1.24435E+01
  8.63274E+00  3.19998E-28  9.10658E+05  1.72411E-03 -1.27515E+01
  8.67953E+00  2.73854E-28  1.06549E+06  1.81846E-03 -1.31632E+01
  8.72632E+00  2.73854E-28  1.06549E+06  1.81846E-03 -1.31632E+01
  8.77311E+00  2.73854E-28  1.06549E+06  1.81846E-03 -1.31632E+01
  8.81990E+00  2.57463E-28  1.13286E+06  1.85419E-03 -1.31949E+01
  8.86669E+00  2.41072E-28  1.20938E+06  1.89479E-03 -1.32309E+01
  8.91348E+00  2.41072E-28  1.20938E+06  1.89479E-03 -1.32309E+01
  8.96027E+00  2.41072E-28  1.20938E+06  1.89479E-03 -1.32309E+01
  9.00706E+00  2.37930E-28  1.22243E+06  1.89572E-03 -1.35359E+01
  9.05385E+00  2.34788E-28  1.23583E+06  1.89668E-03 -1.38490E+01
  9.10064E+00  2.34788E-28  1.23583E+06  1.89668E-03 -1.38490E+01
  9.14743E+00  2.34788E-28  1.23583E+06  1.89668E-03 -1.38490E+01
  9.19422E+00  2.44314E-28  1.18361E+06  1.86888E-03 -1.43977E+01
  9.24101E+00  2.53841E-28  1.13531E+06  1.84316E-03 -1.49052E+01
  9.28780E+00  2.53841E-28  1.13531E+06  1.84316E-03 -1.49052E+01
  9.33459E+00  2.53841E-28  1.13531E+06  1.84316E-03 -1.49052E+01
  9.38138E+00  2.67350E-28  1.07385E+06  1.81325E-03 -1.51072E+01
  9.42817E+00  2.80859E-28  1.01830E+06  1.78622E-03 -1.52897E+01
  9.47496E+00  2.80859E-28  1.01830E+06  1.78622E-03 -1.52897E+01
  9.52175E+00  2.80859E-28  1.01830E+06  1.78622E-03 -1.52897E+01
  9.56854E+00  2.76239E-28  1.03197E+06  1.79409E-03 -1.48409E+01
  9.61533E+00  2.71618E-28  1.04610E+06  1.80224E-03 -1.43769E+01
  9.66212E+00  2.71618E-28  1.04610E+06  1.80224E-03 -1.43769E+01
  9.70891E+00  2.71618E-28  1.04610E+06  1.80224E-03 -1.43769E+01
  9.75570E+00  2.57557E-28  1.10111E+06  1.82881E-03 -1.35928E+01
  9.80249E+00  2.43496E-28  1.16247E+06  1.85845E-03 -1.27182E+01
  9.84928E+00  2.43496E-28  1.16247E+06  1.85845E-03 -1.27182E+01
  9.89607E+00  2.43496E-28  1.16247E+06  1.85845E-03 -1.27182E+01
  9.94286E+00  2.48614E-28  1.13871E+06  1.84833E-03 -1.21658E+01
  9.98965E+00  2.53731E-28  1.11591E+06  1.83862E-03 -1.16358E+01
  1.00364E+01  2.53731E-28  1.11591E+06  1.83862E-03 -1.16358E+01
  1.00832E+01  2.53731E-28  1.11591E+06  1.83862E-03 -1.16358E+01
  1.01300E+01  2.99398E-28  9.47240E+05  1.75464E-03 -1.22572E+01
  1.01768E+01  3.45065E-28  8.23212E+05  1.69288E-03 -1.27141E+01
  1.02236E+01  3.45065E-28  8.23212E+05  1.69288E-03 -1.27141E+01
  1.02704E+01  3.45065E-28  8.23212E+05  1.69288E-03 -1.27141E+01
  1.03172E+01  3.81664E-28  7.44361E+05  1.65646E-03 -1.49662E+01
  1.03640E+01  4.18263E-28  6.79309E+05  1.62642E-03 -1.68242E+01
  1.04108E+01  4.18263E-28  6.79309E+05  1.62642E-03 -1.68242E+01
  1.04575E+01  4.18263E-28  6.79309E+05  1.62642E-03 -1.68242E+01
  1.05043E+01  3.96742E-28  7.16400E+05  1.64802E-03 -1.93125E+01
  1.05511E+01  3.75221E-28  7.57746E+05  1.67210E-03 -2.20862E+01
  1.05979E+01  3.75221E-28  7.57746E+05  1.67210E-03 -2.20862E+01
  1.06447E+01  3.75221E-28  7.57746E+05  1.67210E-03 -2.20862E+01
  1.06915E+01  3.47106E-28  8.19812E+05  1.70186E-03 -2.36036E+01
  1.07383E+01  3.18990E-28  8.92819E+05  1.73687E-03 -2.53886E+01
  1.07851E+01  3.18990E-28  8.92819E+05  1.73687E-03 -2.53886E+01
  1.08319E+01  3.18990E-28  8.92819E+05  1.73687E-03 -2.53886E+01
  1.08787E+01  3.01091E-28  9.48458E+05  1.76265E-03 -2.52574E+01
  1.09254E+01  2.83192E-28  1.01113E+06  1.79168E-03 -2.51097E+01
  1.09722E+01  2.83192E-28  1.01113E+06  1.79168E-03 -2.51097E+01
  1.10190E+01  2.83192E-28  1.01113E+06  1.79168E-03 -2.51097E+01
  1.10658E+01  2.71312E-28  1.05710E+06  1.81174E-03 -2.37157E+01
  1.11126E+01  2.59432E-28  1.10728E+06  1.83364E-03 -2.21941E+01
  1.11594E+01  2.59432E-28  1.10728E+06  1.83364E-03 -2.21941E+01
  1.12062E+01  2.59432E-28  1.10728E+06  1.83364E-03 -2.21941E+01
  1.12530E+01  2.58437E-28  1.11299E+06  1.83545E-03 -2.07910E+01
  1.12998E+01  2.57442E-28  1.11875E+06  1.83728E-03 -1.93770E+01
  1.13466E+01  2.57442E-28  1.11875E+06  1.83728E-03 -1.93770E+01
  1.13933E+01  2.57442E-28  1.11875E+06  1.83728E-03 -1.93770E+01
  1.14401E+01  2.56709E-28  1.12251E+06  1.84251E-03 -1.92559E+01
  1.14869E+01  2.55976E-28  1.12630E+06  1.84778E-03 -1.91341E+01
  1.15337E+01  2.55976E-28  1.12630E+06  1.84778E-03 -1.91341E+01
  1.15805E+01  2.55976E-28  1.12630E+06  1.84778E-03 -1.91341E+01
  1.16273E+01  2.41291E-28  1.19784E+06  1.88986E-03 -1.99469E+01
  1.16741E+01  2.26606E-28  1.27865E+06  1.93741E-03 -2.08651E+01
  1.17209E+01  2.26606E-28  1.27865E+06  1.93741E-03 -2.08651E+01
  1.17677E+01  2.26606E-28  1.27865E+06  1.93741E-03 -2.08651E+01
  1.18145E+01  2.19518E-28  1.32397E+06  1.96190E-03 -2.14580E+01
  1.18612E+01  2.12430E-28  1.37232E+06  1.98803E-03 -2.20905E+01
  1.19080E+01  2.12430E-28  1.37232E+06  1.98803E-03 -2.20905E+01
  1.19548E+01  2.12430E-28  1.37232E+06  1.98803E-03 -2.20905E+01
  1.20016E+01  2.11089E-28  1.38365E+06  1.99263E-03 -2.21267E+01
  1.20484E+01  2.09747E-28  1.39513E+06  1.99729E-03 -2.21634E+01
  1.20952E+01  2.09747E-28  1.39513E+06  1.99729E-03 -2.21634E+01
  1.21420E+01  2.09747E-28  1.39513E+06  1.99729E-03 -2.21634E+01
  1.21888E+01  2.09567E-28  1.39848E+06  1.99836E-03 -2.19312E+01
  1.22356E+01  2.09386E-28  1.40184E+06  1.99943E-03 -2.16987E+01
  1.22824E+01  2.09386E-28  1.40184E+06  1.99943E-03 -2.16987E+01
  1.23291E+01  2.09386E-28  1.40184E+06  1.99943E-03 -2.16987E+01
  1.23759E+01  2.09580E-28  1.40279E+06  1.99961E-03 -2.13941E+01
  1.24227E+01  2.09774E-28  1.40375E+06  1.99979E-03 -2.10900E+01
  1.24695E+01  2.09774E-28  1.40375E+06  1.99979E-03 -2.10900E+01
  1.25163E+01  2.09774E-28  1.40375E+06  1.99979E-03 -2.10900E+01
  1.25631E+01  2.09916E-28  1.40476E+06  1.99972E-03 -2.08416E+01
  1.26099E+01  2.10058E-28  1.40577E+06  1.99964E-03 -2.05935E+01
  1.26567E+01  2.10058E-28  1.40577E+06  1.99964E-03 -2.05935E+01
  1.27035E+01  2.10058E-28  1.40577E+06  1.99964E-03 -2.05935E+01
  1.27503E+01  2.10213E-28  1.40678E+06  1.99955E-03 -2.04286E+01
  1.27970E+01  2.10368E-28  1.40780E+06  1.99946E-03 -2.02640E+01
  1.28438E+01  2.10368E-28  1.40780E+06  1.99946E-03 -2.02640E+01
  1.28906E+01  2.10368E-28  1.40780E+06  1.99946E-03 -2.02640E+01
  1.29374E+01  2.10598E-28  1.40825E+06  1.99939E-03 -2.01241E+01
  1.29842E+01  2.10829E-28  1.40871E+06  1.99932E-03 -1.99845E+01
  1.30310E+01  2.10829E-28  1.40871E+06  1.99932E-03 -1.99845E+01
  1.30778E+01  2.10829E-28  1.40871E+06  1.99932E-03 -1.99845E+01
  1.31246E+01  2.11061E-28  1.40897E+06  1.99933E-03 -1.98525E+01
  1.31714E+01  2.11293E-28  1.40924E+06  1.99934E-03 -1.97207E+01
  1.32182E+01  2.11293E-28  1.40924E+06  1.99934E-03 -1.97207E+01
  1.32649E+01  2.11293E-28  1.40924E+06  1.99934E-03 -1.97207E+01
  1.33117E+01  2.11497E-28  1.40954E+06  1.99940E-03 -1.96023E+01
  1.33585E+01  2.11700E-28  1.40983E+06  1.99947E-03 -1.94840E+01
  1.34053E+01  2.11700E-28  1.40983E+06  1.99947E-03 -1.94840E+01
  1.34521E+01  2.11700E-28  1.40983E+06  1.99947E-03 -1.94840E+01
  1.34989E+01  2.11862E-28  1.41020E+06  1.99955E-03 -1.93865E+01
  1.35457E+01  2.12023E-28  1.41057E+06  1.99963E-03 -1.92891E+01
  1.35925E+01  2.12023E-28  1.41057E+06  1.99963E-03 -1.92891E+01
  1.36393E+01  2.12023E-28  1.41057E+06  1.99963E-03 -1.92891E+01
  1.36861E+01  2.12148E-28  1.41094E+06  1.99970E-03 -1.92250E+01
  1.37328E+01  2.12274E-28  1.41131E+06  1.99976E-03 -1.91610E+01
  1.37796E+01  2.12274E-28  1.41131E+06  1.99976E-03 -1.91610E+01
  1.38264E+01  2.12274E-28  1.41131E+06  1.99976E-03 -1.91610E+01
  1.38732E+01  2.12387E-28  1.41174E+06  1.99980E-03 -1.92536E+01
  1.39200E+01  2.12500E-28  1.41217E+06  1.99985E-03 -1.93461E+01
  1.39668E+01  2.12500E-28  1.41217E+06  1.99985E-03 -1.93461E+01
  1.40136E+01  2.12500E-28  1.41217E+06  1.99985E-03 -1.93461E+01
  1.40604E+01  2.12500E-28  1.41217E+06  1.99985E-03 -1.93461E+01
  1.41072E+01  2.12500E-28  1.41217E+06  1.99985E-03 -1.93461E+01
  1.41540E+01  2.12500E-28  1.41217E+06  1.99985E-03 -1.93461E+01
  1.42007E+01  2.12500E-28  1.41217E+06  1.99985E-03 -1.93461E+01
  1.42475E+01  2.12764E-28  1.41318E+06  1.99991E-03 -1.92934E+01
  1.42943E+01  2.13028E-28  1.41419E+06  1.99997E-03 -1.92408E+01
  1.43411E+01  2.13028E-28  1.41419E+06  1.99997E-03 -1.92408E+01
  1.43879E+01  2.13028E-28  1.41419E+06  1.99997E-03 -1.92408E+01
  1.44347E+01  2.13028E-28  1.41419E+06  1.99997E-03 -1.92408E+01
  1.44815E+01  2.13028E-28  1.41419E+06  1.99997E-03 -1.92408E+01
  1.45283E+01  2.13028E-28  1.41419E+06  1.99997E-03 -1.92408E+01
  1.45751E+01  2.13028E-28  1.41419E+06  1.99997E-03 -1.92408E+01
  1.46219E+01  2.13266E-28  1.41524E+06  1.99998E-03 -1.92258E+01
  1.46686E+01  2.13504E-28  1.41628E+06  2.00000E-03 -1.92109E+01
  1.47154E+01  2.13504E-28  1.41628E+06  2.00000E-03 -1.92109E+01
  1.47622E+01  2.13504E-28  1.41628E+06  2.00000E-03 -1.92109E+01
  1.48090E+01  2.13504E-28  1.41628E+06  2.00000E-03 -1.92109E+01
  1.48558E+01  2.13504E-28  1.41628E+06  2.00000E-03 -1.92109E+01
  1.49026E+01  2.13504E-28  1.41628E+06  2.00000E-03 -1.92109E+01
  1.49494E+01  2.13504E-28  1.41628E+06  2.00000E-03 -1.92109E+01
  1.49962E+01  2.13672E-28  1.41715E+06  2.00000E-03 -1.92432E+01
  1.50430E+01  2.13841E-28  1.41802E+06  2.00000E-03 -1.92755E+01
  1.50898E+01  2.13841E-28  1.41802E+06  2.00000E-03 -1.92755E+01
  1.51365E+01  2.13841E-28  1.41802E+06  2.00000E-03 -1.92755E+01
  1.51833E+01  2.13841E-28  1.41802E+06  2.00000E-03 -1.92755E+01
  1.52301E+01  2.13841E-28  1.41802E+06  2.00000E-03 -1.92755E+01
  1.52769E+01  2.13841E-28  1.41802E+06  2.00000E-03 -1.92755E+01
  1.53237E+01  2.13841E-28  1.41802E+06  2.00000E-03 -1.92755E+01
  1.53705E+01  2.13925E-28  1.41834E+06  2.00000E-03 -1.93527E+01
  1.54173E+01  2.14010E-28  1.41866E+06  2.00000E-03 -1.94299E+01
  1.54641E+01  2.14010E-28  1.41866E+06  2.00000E-03 -1.94299E+01
  1.55109E+01  2.14010E-28  1.41866E+06  2.00000E-03 -1.94299E+01
  1.55577E+01  2.14010E-28  1.41866E+06  2.00000E-03 -1.94299E+01
  1.56044E+01  2.14010E-28  1.41866E+06  2.00000E-03 -1.94299E+01
  1.56512E+01  2.14010E-28  1.41866E+06  2.00000E-03 -1.94299E+01
  1.56980E+01  2.14010E-28  1.41866E+06  2.00000E-03 -1.94299E+01
  1.57448E+01  2.14006E-28  1.41861E+06  2.00000E-03 -1.95231E+01
  1.57916E+01  2.14003E-28  1.41857E+06  2.00000E-03 -1.96164E+01
  1.58384E+01  2.14003E-28  1.41857E+06  2.00000E-03 -1.96164E+01
  1.58852E+01  2.14003E-28  1.41857E+06  2.00000E-03 -1.96164E+01
  1.59320E+01  2.14003E-28  1.41857E+06  2.00000E-03 -1.96164E+01
  1.59788E+01  2.14003E-28  1.41857E+06  2.00000E-03 -1.96164E+01
  1.60256E+01  2.14003E-28  1.41857E+06  2.00000E-03 -1.96164E+01
  1.60723E+01  2.14003E-28  1.41857E+06  2.00000E-03 -1.96164E+01
  1.61191E+01  2.13975E-28  1.41845E+06  2.00000E-03 -1.96756E+01
  1.61659E+01  2.13946E-28  1.41833E+06  2.00000E-03 -1.97349E+01
  1.62127E+01  2.13946E-28  1.41833E+06  2.00000E-03 -1.97349E+01
  1.62595E+01  2.13946E-28  1.41833E+06  2.00000E-03 -1.97349E+01
  1.63063E+01  2.13946E-28  1.41833E+06  2.00000E-03 -1.97349E+01
  1.63531E+01  2.13946E-28  1.41833E+06  2.00000E-03 -1.97349E+01
  1.63999E+01  2.13946E-28  1.41833E+06  2.00000E-03 -1.97349E+01
  1.64467E+01  2.13946E-28  1.41833E+06  2.00000E-03 -1.97349E+01
  1.64935E+01  2.13965E-28  1.41840E+06  2.00000E-03 -1.97177E+01
  1.65402E+01  2.13984E-28  1.41847E+06  2.00000E-03 -1.97006E+01
  1.65870E+01  2.13984E-28  1.41847E+06  2.00000E-03 -1.97006E+01
  1.66338E+01  2.13984E-28  1.41847E+06  2.00000E-03 -1.97006E+01
  1.66806E+01  2.13984E-28  1.41847E+06  2.00000E-03 -1.97006E+01
  1.67274E+01  2.13984E-28  1.41847E+06  2.00000E-03 -1.97006E+01
  1.67742E+01  2.13984E-28  1.41847E+06  2.00000E-03 -1.97006E+01
  1.68210E+01  2.13984E-28  1.41847E+06  2.00000E-03 -1.97006E+01
  1.68678E+01  2.14090E-28  1.41894E+06  2.00000E-03 -1.95922E+01
  1.69146E+01  2.14196E-28  1.41940E+06  2.00000E-03 -1.94840E+01
  1.69613E+01  2.14196E-28  1.41940E+06  2.00000E-03 -1.94840E+01
  1.70081E+01  2.14196E-28  1.41940E+06  2.00000E-03 -1.94840E+01
  1.70549E+01  2.14196E-28  1.41940E+06  2.00000E-03 -1.94840E+01
  1.71017E+01  2.14196E-28  1.41940E+06  2.00000E-03 -1.94840E+01
  1.71485E+01  2.14196E-28  1.41940E+06  2.00000E-03 -1.94840E+01
  1.71953E+01  2.14196E-28  1.41940E+06  2.00000E-03 -1.94840E+01
  1.72421E+01  2.14394E-28  1.42027E+06  2.00000E-03 -1.92965E+01
  1.72889E+01  2.14592E-28  1.42114E+06  2.00000E-03 -1.91094E+01
  1.73357E+01  2.14592E-28  1.42114E+06  2.00000E-03 -1.91094E+01
  1.73825E+01  2.14592E-28  1.42114E+06  2.00000E-03 -1.91094E+01
  1.74292E+01  2.14592E-28  1.42114E+06  2.00000E-03 -1.91094E+01
  1.74760E+01  2.14592E-28  1.42114E+06  2.00000E-03 -1.91094E+01
  1.75228E+01  2.14592E-28  1.42114E+06  2.00000E-03 -1.91094E+01
  1.75696E+01  2.14592E-28  1.42114E+06  2.00000E-03 -1.91094E+01
  1.76164E+01  2.14858E-28  1.42232E+06  2.00000E-03 -1.88654E+01
  1.76632E+01  2.15125E-28  1.42350E+06  2.00000E-03 -1.86221E+01
  1.77100E+01  2.15125E-28  1.42350E+06  2.00000E-03 -1.86221E+01
  1.77568E+01  2.15125E-28  1.42350E+06  2.00000E-03 -1.86221E+01
  1.78036E+01  2.15125E-28  1.42350E+06  2.00000E-03 -1.86221E+01
  1.78504E+01  2.15125E-28  1.42350E+06  2.00000E-03 -1.86221E+01
  1.78971E+01  2.15125E-28  1.42350E+06  2.00000E-03 -1.86221E+01
  1.79439E+01  2.15125E-28  1.42350E+06  2.00000E-03 -1.86221E+01
  1.79907E+01  2.15419E-28  1.42480E+06  2.00000E-03 -1.83410E+01
  1.80375E+01  2.15714E-28  1.42610E+06  2.00000E-03 -1.80606E+01
  1.80843E+01  2.15714E-28  1.42610E+06  2.00000E-03 -1.80606E+01
  1.81311E+01  2.15714E-28  1.42610E+06  2.00000E-03 -1.80606E+01
  1.81779E+01  2.15714E-28  1.42610E+06  2.00000E-03 -1.80606E+01
  1.82247E+01  2.15714E-28  1.42610E+06  2.00000E-03 -1.80606E+01
  1.82715E+01  2.15714E-28  1.42610E+06  2.00000E-03 -1.80606E+01
  1.83183E+01  2.15714E-28  1.42610E+06  2.00000E-03 -1.80606E+01
  1.83650E+01  2.15998E-28  1.42734E+06  2.00000E-03 -1.77571E+01
  1.84118E+01  2.16282E-28  1.42858E+06  2.00000E-03 -1.74543E+01
  1.84586E+01  2.16282E-28  1.42858E+06  2.00000E-03 -1.74543E+01
  1.85054E+01  2.16282E-28  1.42858E+06  2.00000E-03 -1.74543E+01
  1.85522E+01  2.16282E-28  1.42858E+06  2.00000E-03 -1.74543E+01
  1.85990E+01  2.16282E-28  1.42858E+06  2.00000E-03 -1.74543E+01
  1.86458E+01  2.16282E-28  1.42858E+06  2.00000E-03 -1.74543E+01
  1.86926E+01  2.16282E-28  1.42858E+06  2.00000E-03 -1.74543E+01
  1.87394E+01  2.16554E-28  1.42979E+06  2.00000E-03 -1.72236E+01
  1.87862E+01  2.16827E-28  1.43099E+06  2.00000E-03 -1.69934E+01
  1.88329E+01  2.16827E-28  1.43099E+06  2.00000E-03 -1.69934E+01
  1.88797E+01  2.16827E-28  1.43099E+06  2.00000E-03 -1.69934E+01
  1.89265E+01  2.16827E-28  1.43099E+06  2.00000E-03 -1.69934E+01
  1.89733E+01  2.16827E-28  1.43099E+06  2.00000E-03 -1.69934E+01
  1.90201E+01  2.16827E-28  1.43099E+06  2.00000E-03 -1.69934E+01
  1.90669E+01  2.16827E-28  1.43099E+06  2.00000E-03 -1.69934E+01
  1.91137E+01  2.16827E-28  1.43099E+06  2.00000E-03 -1.69934E+01
  1.91605E+01  2.16827E-28  1.43099E+06  2.00000E-03 -1.69934E+01
  1.92073E+01  2.16827E-28  1.43099E+06  2.00000E-03 -1.69934E+01
  1.92541E+01  2.16827E-28  1.43099E+06  2.00000E-03 -1.69934E+01
  1.93008E+01  2.16827E-28  1.43099E+06  2.00000E-03 -1.69934E+01
  1.93476E+01  2.16827E-28  1.43099E+06  2.00000E-03 -1.69934E+01
  1.93944E+01  2.16827E-28  1.43099E+06  2.00000E-03 -1.69934E+01
  1.94412E+01  2.16827E-28  1.43099E+06  2.00000E-03 -1.69934E+01
  1.94880E+01  2.17090E-28  1.43208E+06  2.00000E-03 -1.65841E+01
  1.95348E+01  2.17354E-28  1.43317E+06  2.00000E-03 -1.61758E+01
  1.95816E+01  2.17354E-28  1.43317E+06  2.00000E-03 -1.61758E+01
  1.96284E+01  2.17354E-28  1.43317E+06  2.00000E-03 -1.61758E+01
  1.96752E+01  2.17354E-28  1.43317E+06  2.00000E-03 -1.61758E+01
  1.97220E+01  2.17354E-28  1.43317E+06  2.00000E-03 -1.61758E+01
  1.97687E+01  2.17354E-28  1.43317E+06  2.00000E-03 -1.61758E+01
  1.98155E+01  2.17354E-28  1.43317E+06  2.00000E-03 -1.61758E+01
  1.98623E+01  2.17354E-28  1.43317E+06  2.00000E-03 -1.61758E+01
  1.99091E+01  2.17354E-28  1.43317E+06  2.00000E-03 -1.61758E+01
  1.99559E+01  2.17354E-28  1.43317E+06  2.00000E-03 -1.61758E+01
  2.00027E+01  2.17354E-28  1.43317E+06  2.00000E-03 -1.61758E+01
  2.00495E+01  2.17354E-28  1.43317E+06  2.00000E-03 -1.61758E+01
  2.00963E+01  2.17354E-28  1.43317E+06  2.00000E-03 -1.61758E+01
  2.01431E+01  2.17354E-28  1.43317E+06  2.00000E-03 -1.61758E+01
  2.01899E+01  2.17354E-28  1.43317E+06  2.00000E-03 -1.61758E+01
  2.02366E+01  2.17309E-28  1.43298E+06  2.00000E-03 -1.59827E+01
  2.02834E+01  2.17265E-28  1.43278E+06  2.00000E-03 -1.57894E+01
  2.03302E+01  2.17265E-28  1.43278E+06  2.00000E-03 -1.57894E+01
  2.03770E+01  2.17265E-28  1.43278E+06  2.00000E-03 -1.57894E+01
  2.04238E+01  2.17265E-28  1.43278E+06  2.00000E-03 -1.57894E+01
  2.04706E+01  2.17265E-28  1.43278E+06  2.00000E-03 -1.57894E+01
  2.05174E+01  2.17265E-28  1.43278E+06  2.00000E-03 -1.57894E+01
  2.05642E+01  2.17265E-28  1.43278E+06  2.00000E-03 -1.57894E+01
  2.06110E+01  2.17265E-28  1.43278E+06  2.00000E-03 -1.57894E+01
  2.06578E+01  2.17265E-28  1.43278E+06  2.00000E-03 -1.57894E+01
  2.07045E+01  2.17265E-28  1.43278E+06  2.00000E-03 -1.57894E+01
  2.07513E+01  2.17265E-28  1.43278E+06  2.00000E-03 -1.57894E+01
  2.07981E+01  2.17265E-28  1.43278E+06  2.00000E-03 -1.57894E+01
  2.08449E+01  2.17265E-28  1.43278E+06  2.00000E-03 -1.57894E+01
  2.08917E+01  2.17265E-28  1.43278E+06  2.00000E-03 -1.57894E+01
  2.09385E+01  2.17265E-28  1.43278E+06  2.00000E-03 -1.57894E+01
  2.09853E+01  2.16973E-28  1.43148E+06  2.00000E-03 -1.57495E+01
  2.10321E+01  2.16680E-28  1.43017E+06  2.00000E-03 -1.57095E+01
  2.10789E+01  2.16680E-28  1.43017E+06  2.00000E-03 -1.57095E+01
  2.11257E+01  2.16680E-28  1.43017E+06  2.00000E-03 -1.57095E+01
  2.11724E+01  2.16680E-28  1.43017E+06  2.00000E-03 -1.57095E+01
  2.12192E+01  2.16680E-28  1.43017E+06  2.00000E-03 -1.57095E+01
  2.12660E+01  2.16680E-28  1.43017E+06  2.00000E-03 -1.57095E+01
  2.13128E+01  2.16680E-28  1.43017E+06  2.00000E-03 -1.57095E+01
  2.13596E+01  2.16680E-28  1.43017E+06  2.00000E-03 -1.57095E+01
  2.14064E+01  2.16680E-28  1.43017E+06  2.00000E-03 -1.57095E+01
  2.14532E+01  2.16680E-28  1.43017E+06  2.00000E-03 -1.57095E+01
  2.15000E+01  2.16680E-28  1.43017E+06  2.00000E-03 -1.57095E+01
  2.15468E+01  2.16680E-28  1.43017E+06  2.00000E-03 -1.57095E+01
  2.15936E+01  2.16680E-28  1.43017E+06  2.00000E-03 -1.57095E+01
  2.16403E+01  2.16680E-28  1.43017E+06  2.00000E-03 -1.57095E+01
  2.16871E+01  2.16680E-28  1.43017E+06  2.00000E-03 -1.57095E+01
  2.17339E+01  2.16335E-28  1.42865E+06  2.00000E-03 -1.57045E+01
  2.17807E+01  2.15990E-28  1.42712E+06  2.00000E-03 -1.56995E+01
  2.18275E+01  2.15990E-28  1.42712E+06  2.00000E-03 -1.56995E+01
  2.18743E+01  2.15990E-28  1.42712E+06  2.00000E-03 -1.56995E+01
  2.19211E+01  2.15990E-28  1.42712E+06  2.00000E-03 -1.56995E+01
  2.19679E+01  2.15990E-28  1.42712E+06  2.00000E-03 -1.56995E+01
  2.20147E+01  2.15990E-28  1.42712E+06  2.00000E-03 -1.56995E+01
  2.20615E+01  2.15990E-28  1.42712E+06  2.00000E-03 -1.56995E+01
  2.21082E+01  2.15990E-28  1.42712E+06  2.00000E-03 -1.56995E+01
  2.21550E+01  2.15990E-28  1.42712E+06  2.00000E-03 -1.56995E+01
  2.22018E+01  2.15990E-28  1.42712E+06  2.00000E-03 -1.56995E+01
  2.22486E+01  2.15990E-28  1.42712E+06  2.00000E-03 -1.56995E+01
  2.22954E+01  2.15990E-28  1.42712E+06  2.00000E-03 -1.56995E+01
  2.23422E+01  2.15990E-28  1.42712E+06  2.00000E-03 -1.56995E+01
  2.23890E+01  2.15990E-28  1.42712E+06  2.00000E-03 -1.56995E+01
  2.24358E+01  2.15990E-28  1.42712E+06  2.00000E-03 -1.56995E+01
  2.24826E+01  2.15761E-28  1.42610E+06  2.00000E-03 -1.56075E+01
  2.25294E+01  2.15531E-28  1.42508E+06  2.00000E-03 -1.55154E+01
  2.25761E+01  2.15531E-28  1.42508E+06  2.00000E-03 -1.55154E+01
  2.26229E+01  2.15531E-28  1.42508E+06  2.00000E-03 -1.55154E+01
  2.26697E+01  2.15531E-28  1.42508E+06  2.00000E-03 -1.55154E+01
  2.27165E+01  2.15531E-28  1.42508E+06  2.00000E-03 -1.55154E+01
  2.27633E+01  2.15531E-28  1.42508E+06  2.00000E-03 -1.55154E+01
  2.28101E+01  2.15531E-28  1.42508E+06  2.00000E-03 -1.55154E+01
  2.28569E+01  2.15531E-28  1.42508E+06  2.00000E-03 -1.55154E+01
  2.29037E+01  2.15531E-28  1.42508E+06  2.00000E-03 -1.55154E+01
  2.29505E+01  2.15531E-28  1.42508E+06  2.00000E-03 -1.55154E+01
  2.29972E+01  2.15531E-28  1.42508E+06  2.00000E-03 -1.55154E+01
  2.30440E+01  2.15531E-28  1.42508E+06  2.00000E-03 -1.55154E+01
  2.30908E+01  2.15531E-28  1.42508E+06  2.00000E-03 -1.55154E+01
  2.31376E+01  2.15531E-28  1.42508E+06  2.00000E-03 -1.55154E+01
  2.31844E+01  2.15531E-28  1.42508E+06  2.00000E-03 -1.55154E+01
  2.32312E+01  2.15485E-28  1.42487E+06  2.00000E-03 -1.52946E+01
  2.32780E+01  2.15438E-28  1.42466E+06  2.00000E-03 -1.50737E+01
  2.33248E+01  2.15438E-28  1.42466E+06  2.00000E-03 -1.50737E+01
  2.33716E+01  2.15438E-28  1.42466E+06  2.00000E-03 -1.50737E+01
  2.34184E+01  2.15438E-28  1.42466E+06  2.00000E-03 -1.50737E+01
  2.34651E+01  2.15438E-28  1.42466E+06  2.00000E-03 -1.50737E+01
  2.35119E+01  2.15438E-28  1.42466E+06  2.00000E-03 -1.50737E+01
  2.35587E+01  2.15438E-28  1.42466E+06  2.00000E-03 -1.50737E+01
  2.36055E+01  2.15438E-28  1.42466E+06  2.00000E-03 -1.50737E+01
  2.36523E+01  2.15438E-28  1.42466E+06  2.00000E-03 -1.50737E+01
  2.36991E+01  2.15438E-28  1.42466E+06  2.00000E-03 -1.50737E+01
  2.37459E+01  2.15438E-28  1.42466E+06  2.00000E-03 -1.50737E+01
  2.37927E+01  2.15438E-28  1.42466E+06  2.00000E-03 -1.50737E+01
  2.38395E+01  2.15438E-28  1.42466E+06  2.00000E-03 -1.50737E+01
  2.38863E+01  2.15438E-28  1.42466E+06  2.00000E-03 -1.50737E+01
  2.39330E+01  2.15438E-28  1.42466E+06  2.00000E-03 -1.50737E+01
  2.39798E+01  2.15542E-28  1.42511E+06  2.00000E-03 -1.47550E+01
