 -2.38863E+01  2.19911E-28  1.44434E+06  2.00000E-03  9.75732E+00
 -2.38395E+01  2.19911E-28  1.44434E+06  2.00000E-03  9.75732E+00
 -2.37927E+01  2.19911E-28  1.44434E+06  2.00000E-03  9.75732E+00
 -2.37459E+01  2.19911E-28  1.44434E+06  2.00000E-03  9.75732E+00
 -2.36991E+01  2.19911E-28  1.44434E+06  2.00000E-03  9.75732E+00
 -2.36523E+01  2.19911E-28  1.44434E+06  2.00000E-03  9.75732E+00
 -2.36055E+01  2.19911E-28  1.44434E+06  2.00000E-03  9.75732E+00
 -2.35587E+01  2.19911E-28  1.44434E+06  2.00000E-03  9.75732E+00
 -2.35119E+01  2.19911E-28  1.44434E+06  2.00000E-03  9.75732E+00
 -2.34651E+01  2.19911E-28  1.44434E+06  2.00000E-03  9.75732E+00
 -2.34184E+01  2.19911E-28  1.44434E+06  2.00000E-03  9.75732E+00
 -2.33716E+01  2.19911E-28  1.44434E+06  2.00000E-03  9.75732E+00
 -2.33248E+01  2.19911E-28  1.44434E+06  2.00000E-03  9.75732E+00
 -2.32780E+01  2.19911E-28  1.44434E+06  2.00000E-03  9.75732E+00
 -2.32312E+01  2.19911E-28  1.44434E+06  2.00000E-03  9.75732E+00
 -2.31844E+01  2.19890E-28  1.44425E+06  2.00000E-03  9.94362E+00
 -2.31376E+01  2.19869E-28  1.44417E+06  2.00000E-03  1.01300E+01
 -2.30908E+01  2.19869E-28  1.44417E+06  2.00000E-03  1.01300E+01
 -2.30440E+01  2.19869E-28  1.44417E+06  2.00000E-03  1.01300E+01
 -2.29972E+01  2.19869E-28  1.44417E+06  2.00000E-03  1.01300E+01
 -2.29505E+01  2.19869E-28  1.44417E+06  2.00000E-03  1.01300E+01
 -2.29037E+01  2.19869E-28  1.44417E+06  2.00000E-03  1.01300E+01
 -2.28569E+01  2.19869E-28  1.44417E+06  2.00000E-03  1.01300E+01
 -2.28101E+01  2.19869E-28  1.44417E+06  2.00000E-03  1.01300E+01
 -2.27633E+01  2.19869E-28  1.44417E+06  2.00000E-03  1.01300E+01
 -2.27165E+01  2.19869E-28  1.44417E+06  2.00000E-03  1.01300E+01
 -2.26697E+01  2.19869E-28  1.44417E+06  2.00000E-03  1.01300E+01
 -2.26229E+01  2.19869E-28  1.44417E+06  2.00000E-03  1.01300E+01
 -2.25761E+01  2.19869E-28  1.44417E+06  2.00000E-03  1.01300E+01
 -2.25294E+01  2.19869E-28  1.44417E+06  2.00000E-03  1.01300E+01
 -2.24826E+01  2.19869E-28  1.44417E+06  2.00000E-03  1.01300E+01
 -2.24358E+01  2.19858E-28  1.44413E+06  2.00000E-03  1.03217E+01
 -2.23890E+01  2.19847E-28  1.44409E+06  2.00000E-03  1.05134E+01
 -2.23422E+01  2.19847E-28  1.44409E+06  2.00000E-03  1.05134E+01
 -2.22954E+01  2.19847E-28  1.44409E+06  2.00000E-03  1.05134E+01
 -2.22486E+01  2.19847E-28  1.44409E+06  2.00000E-03  1.05134E+01
 -2.22018E+01  2.19847E-28  1.44409E+06  2.00000E-03  1.05134E+01
 -2.21550E+01  2.19847E-28  1.44409E+06  2.00000E-03  1.05134E+01
 -2.21082E+01  2.19847E-28  1.44409E+06  2.00000E-03  1.05134E+01
 -2.20615E+01  2.19847E-28  1.44409E+06  2.00000E-03  1.05134E+01
 -2.20147E+01  2.19847E-28  1.44409E+06  2.00000E-03  1.05134E+01
 -2.19679E+01  2.19847E-28  1.44409E+06  2.00000E-03  1.05134E+01
 -2.19211E+01  2.19847E-28  1.44409E+06  2.00000E-03  1.05134E+01
 -2.18743E+01  2.19847E-28  1.44409E+06  2.00000E-03  1.05134E+01
 -2.18275E+01  2.19847E-28  1.44409E+06  2.00000E-03  1.05134E+01
 -2.17807E+01  2.19847E-28  1.44409E+06  2.00000E-03  1.05134E+01
 -2.17339E+01  2.19847E-28  1.44409E+06  2.00000E-03  1.05134E+01
 -2.16871E+01  2.19966E-28  1.44462E+06  2.00000E-03  1.06292E+01
 -2.16403E+01  2.20086E-28  1.44516E+06  2.00000E-03  1.07449E+01
 -2.15936E+01  2.20086E-28  1.44516E+06  2.00000E-03  1.07449E+01
 -2.15468E+01  2.20086E-28  1.44516E+06  2.00000E-03  1.07449E+01
 -2.15000E+01  2.20086E-28  1.44516E+06  2.00000E-03  1.07449E+01
 -2.14532E+01  2.20086E-28  1.44516E+06  2.00000E-03  1.07449E+01
 -2.14064E+01  2.20086E-28  1.44516E+06  2.00000E-03  1.07449E+01
 -2.13596E+01  2.20086E-28  1.44516E+06  2.00000E-03  1.07449E+01
 -2.13128E+01  2.20086E-28  1.44516E+06  2.00000E-03  1.07449E+01
 -2.12660E+01  2.20086E-28  1.44516E+06  2.00000E-03  1.07449E+01
 -2.12192E+01  2.20086E-28  1.44516E+06  2.00000E-03  1.07449E+01
 -2.11724E+01  2.20086E-28  1.44516E+06  2.00000E-03  1.07449E+01
 -2.11257E+01  2.20086E-28  1.44516E+06  2.00000E-03  1.07449E+01
 -2.10789E+01  2.20086E-28  1.44516E+06  2.00000E-03  1.07449E+01
 -2.10321E+01  2.20086E-28  1.44516E+06  2.00000E-03  1.07449E+01
 -2.09853E+01  2.20086E-28  1.44516E+06  2.00000E-03  1.07449E+01
 -2.09385E+01  2.20386E-28  1.44648E+06  2.00000E-03  1.07535E+01
 -2.08917E+01  2.20687E-28  1.44781E+06  2.00000E-03  1.07620E+01
 -2.08449E+01  2.20687E-28  1.44781E+06  2.00000E-03  1.07620E+01
 -2.07981E+01  2.20687E-28  1.44781E+06  2.00000E-03  1.07620E+01
 -2.07513E+01  2.20687E-28  1.44781E+06  2.00000E-03  1.07620E+01
 -2.07045E+01  2.20687E-28  1.44781E+06  2.00000E-03  1.07620E+01
 -2.06578E+01  2.20687E-28  1.44781E+06  2.00000E-03  1.07620E+01
 -2.06110E+01  2.20687E-28  1.44781E+06  2.00000E-03  1.07620E+01
 -2.05642E+01  2.20687E-28  1.44781E+06  2.00000E-03  1.07620E+01
 -2.05174E+01  2.20687E-28  1.44781E+06  2.00000E-03  1.07620E+01
 -2.04706E+01  2.20687E-28  1.44781E+06  2.00000E-03  1.07620E+01
 -2.04238E+01  2.20687E-28  1.44781E+06  2.00000E-03  1.07620E+01
 -2.03770E+01  2.20687E-28  1.44781E+06  2.00000E-03  1.07620E+01
 -2.03302E+01  2.20687E-28  1.44781E+06  2.00000E-03  1.07620E+01
 -2.02834E+01  2.20687E-28  1.44781E+06  2.00000E-03  1.07620E+01
 -2.02366E+01  2.20687E-28  1.44781E+06  2.00000E-03  1.07620E+01
 -2.01899E+01  2.21103E-28  1.44964E+06  2.00000E-03  1.07181E+01
 -2.01431E+01  2.21519E-28  1.45146E+06  2.00000E-03  1.06743E+01
 -2.00963E+01  2.21519E-28  1.45146E+06  2.00000E-03  1.06743E+01
 -2.00495E+01  2.21519E-28  1.45146E+06  2.00000E-03  1.06743E+01
 -2.00027E+01  2.21519E-28  1.45146E+06  2.00000E-03  1.06743E+01
 -1.99559E+01  2.21519E-28  1.45146E+06  2.00000E-03  1.06743E+01
 -1.99091E+01  2.21519E-28  1.45146E+06  2.00000E-03  1.06743E+01
 -1.98623E+01  2.21519E-28  1.45146E+06  2.00000E-03  1.06743E+01
 -1.98155E+01  2.21519E-28  1.45146E+06  2.00000E-03  1.06743E+01
 -1.97687E+01  2.21519E-28  1.45146E+06  2.00000E-03  1.06743E+01
 -1.97220E+01  2.21519E-28  1.45146E+06  2.00000E-03  1.06743E+01
 -1.96752E+01  2.21519E-28  1.45146E+06  2.00000E-03  1.06743E+01
 -1.96284E+01  2.21519E-28  1.45146E+06  2.00000E-03  1.06743E+01
 -1.95816E+01  2.21519E-28  1.45146E+06  2.00000E-03  1.06743E+01
 -1.95348E+01  2.21519E-28  1.45146E+06  2.00000E-03  1.06743E+01
 -1.94880E+01  2.21519E-28  1.45146E+06  2.00000E-03  1.06743E+01
 -1.94412E+01  2.21880E-28  1.45307E+06  2.00000E-03  1.07689E+01
 -1.93944E+01  2.22241E-28  1.45468E+06  2.00000E-03  1.08632E+01
 -1.93476E+01  2.22241E-28  1.45468E+06  2.00000E-03  1.08632E+01
 -1.93008E+01  2.22241E-28  1.45468E+06  2.00000E-03  1.08632E+01
 -1.92541E+01  2.22241E-28  1.45468E+06  2.00000E-03  1.08632E+01
 -1.92073E+01  2.22241E-28  1.45468E+06  2.00000E-03  1.08632E+01
 -1.91605E+01  2.22241E-28  1.45468E+06  2.00000E-03  1.08632E+01
 -1.91137E+01  2.22241E-28  1.45468E+06  2.00000E-03  1.08632E+01
 -1.90669E+01  2.22241E-28  1.45468E+06  2.00000E-03  1.08632E+01
 -1.90201E+01  2.22241E-28  1.45468E+06  2.00000E-03  1.08632E+01
 -1.89733E+01  2.22241E-28  1.45468E+06  2.00000E-03  1.08632E+01
 -1.89265E+01  2.22241E-28  1.45468E+06  2.00000E-03  1.08632E+01
 -1.88797E+01  2.22241E-28  1.45468E+06  2.00000E-03  1.08632E+01
 -1.88329E+01  2.22241E-28  1.45468E+06  2.00000E-03  1.08632E+01
 -1.87862E+01  2.22241E-28  1.45468E+06  2.00000E-03  1.08632E+01
 -1.87394E+01  2.22241E-28  1.45468E+06  2.00000E-03  1.08632E+01
 -1.86926E+01  2.22271E-28  1.45483E+06  2.00000E-03  1.10774E+01
 -1.86458E+01  2.22301E-28  1.45498E+06  2.00000E-03  1.12915E+01
 -1.85990E+01  2.22301E-28  1.45498E+06  2.00000E-03  1.12915E+01
 -1.85522E+01  2.22301E-28  1.45498E+06  2.00000E-03  1.12915E+01
 -1.85054E+01  2.22301E-28  1.45498E+06  2.00000E-03  1.12915E+01
 -1.84586E+01  2.22301E-28  1.45498E+06  2.00000E-03  1.12915E+01
 -1.84118E+01  2.22301E-28  1.45498E+06  2.00000E-03  1.12915E+01
 -1.83650E+01  2.22301E-28  1.45498E+06  2.00000E-03  1.12915E+01
 -1.83183E+01  2.22190E-28  1.45449E+06  2.00000E-03  1.15890E+01
 -1.82715E+01  2.22079E-28  1.45401E+06  2.00000E-03  1.18869E+01
 -1.82247E+01  2.22079E-28  1.45401E+06  2.00000E-03  1.18869E+01
 -1.81779E+01  2.22079E-28  1.45401E+06  2.00000E-03  1.18869E+01
 -1.81311E+01  2.22079E-28  1.45401E+06  2.00000E-03  1.18869E+01
 -1.80843E+01  2.22079E-28  1.45401E+06  2.00000E-03  1.18869E+01
 -1.80375E+01  2.22079E-28  1.45401E+06  2.00000E-03  1.18869E+01
 -1.79907E+01  2.22079E-28  1.45401E+06  2.00000E-03  1.18869E+01
 -1.79439E+01  2.21945E-28  1.45342E+06  2.00000E-03  1.22175E+01
 -1.78971E+01  2.21811E-28  1.45282E+06  2.00000E-03  1.25485E+01
 -1.78504E+01  2.21811E-28  1.45282E+06  2.00000E-03  1.25485E+01
 -1.78036E+01  2.21811E-28  1.45282E+06  2.00000E-03  1.25485E+01
 -1.77568E+01  2.21811E-28  1.45282E+06  2.00000E-03  1.25485E+01
 -1.77100E+01  2.21811E-28  1.45282E+06  2.00000E-03  1.25485E+01
 -1.76632E+01  2.21811E-28  1.45282E+06  2.00000E-03  1.25485E+01
 -1.76164E+01  2.21811E-28  1.45282E+06  2.00000E-03  1.25485E+01
 -1.75696E+01  2.21693E-28  1.45230E+06  2.00000E-03  1.28673E+01
 -1.75228E+01  2.21574E-28  1.45178E+06  2.00000E-03  1.31864E+01
 -1.74760E+01  2.21574E-28  1.45178E+06  2.00000E-03  1.31864E+01
 -1.74292E+01  2.21574E-28  1.45178E+06  2.00000E-03  1.31864E+01
 -1.73825E+01  2.21574E-28  1.45178E+06  2.00000E-03  1.31864E+01
 -1.73357E+01  2.21574E-28  1.45178E+06  2.00000E-03  1.31864E+01
 -1.72889E+01  2.21574E-28  1.45178E+06  2.00000E-03  1.31864E+01
 -1.72421E+01  2.21574E-28  1.45178E+06  2.00000E-03  1.31864E+01
 -1.71953E+01  2.21528E-28  1.45158E+06  2.00000E-03  1.34459E+01
 -1.71485E+01  2.21481E-28  1.45137E+06  2.00000E-03  1.37054E+01
 -1.71017E+01  2.21481E-28  1.45137E+06  2.00000E-03  1.37054E+01
 -1.70549E+01  2.21481E-28  1.45137E+06  2.00000E-03  1.37054E+01
 -1.70081E+01  2.21481E-28  1.45137E+06  2.00000E-03  1.37054E+01
 -1.69613E+01  2.21481E-28  1.45137E+06  2.00000E-03  1.37054E+01
 -1.69146E+01  2.21481E-28  1.45137E+06  2.00000E-03  1.37054E+01
 -1.68678E+01  2.21481E-28  1.45137E+06  2.00000E-03  1.37054E+01
 -1.68210E+01  2.21536E-28  1.45162E+06  2.00000E-03  1.38869E+01
 -1.67742E+01  2.21590E-28  1.45187E+06  2.00000E-03  1.40684E+01
 -1.67274E+01  2.21590E-28  1.45187E+06  2.00000E-03  1.40684E+01
 -1.66806E+01  2.21590E-28  1.45187E+06  2.00000E-03  1.40684E+01
 -1.66338E+01  2.21590E-28  1.45187E+06  2.00000E-03  1.40684E+01
 -1.65870E+01  2.21590E-28  1.45187E+06  2.00000E-03  1.40684E+01
 -1.65402E+01  2.21590E-28  1.45187E+06  2.00000E-03  1.40684E+01
 -1.64935E+01  2.21590E-28  1.45187E+06  2.00000E-03  1.40684E+01
 -1.64467E+01  2.21727E-28  1.45248E+06  2.00000E-03  1.41860E+01
 -1.63999E+01  2.21864E-28  1.45308E+06  2.00000E-03  1.43034E+01
 -1.63531E+01  2.21864E-28  1.45308E+06  2.00000E-03  1.43034E+01
 -1.63063E+01  2.21864E-28  1.45308E+06  2.00000E-03  1.43034E+01
 -1.62595E+01  2.21864E-28  1.45308E+06  2.00000E-03  1.43034E+01
 -1.62127E+01  2.21864E-28  1.45308E+06  2.00000E-03  1.43034E+01
 -1.61659E+01  2.21864E-28  1.45308E+06  2.00000E-03  1.43034E+01
 -1.61191E+01  2.21864E-28  1.45308E+06  2.00000E-03  1.43034E+01
 -1.60723E+01  2.22015E-28  1.45375E+06  2.00000E-03  1.43972E+01
 -1.60256E+01  2.22165E-28  1.45442E+06  2.00000E-03  1.44910E+01
 -1.59788E+01  2.22165E-28  1.45442E+06  2.00000E-03  1.44910E+01
 -1.59320E+01  2.22165E-28  1.45442E+06  2.00000E-03  1.44910E+01
 -1.58852E+01  2.22165E-28  1.45442E+06  2.00000E-03  1.44910E+01
 -1.58384E+01  2.22165E-28  1.45442E+06  2.00000E-03  1.44910E+01
 -1.57916E+01  2.22165E-28  1.45442E+06  2.00000E-03  1.44910E+01
 -1.57448E+01  2.22165E-28  1.45442E+06  2.00000E-03  1.44910E+01
 -1.56980E+01  2.22278E-28  1.45492E+06  2.00000E-03  1.46073E+01
 -1.56512E+01  2.22391E-28  1.45542E+06  2.00000E-03  1.47234E+01
 -1.56044E+01  2.22391E-28  1.45542E+06  2.00000E-03  1.47234E+01
 -1.55577E+01  2.22391E-28  1.45542E+06  2.00000E-03  1.47234E+01
 -1.55109E+01  2.22391E-28  1.45542E+06  2.00000E-03  1.47234E+01
 -1.54641E+01  2.22391E-28  1.45542E+06  2.00000E-03  1.47234E+01
 -1.54173E+01  2.22391E-28  1.45542E+06  2.00000E-03  1.47234E+01
 -1.53705E+01  2.22391E-28  1.45542E+06  2.00000E-03  1.47234E+01
 -1.53237E+01  2.22422E-28  1.45555E+06  2.00000E-03  1.48532E+01
 -1.52769E+01  2.22452E-28  1.45568E+06  2.00000E-03  1.49829E+01
 -1.52301E+01  2.22452E-28  1.45568E+06  2.00000E-03  1.49829E+01
 -1.51833E+01  2.22452E-28  1.45568E+06  2.00000E-03  1.49829E+01
 -1.51365E+01  2.22452E-28  1.45568E+06  2.00000E-03  1.49829E+01
 -1.50898E+01  2.22452E-28  1.45568E+06  2.00000E-03  1.49829E+01
 -1.50430E+01  2.22452E-28  1.45568E+06  2.00000E-03  1.49829E+01
 -1.49962E+01  2.22452E-28  1.45568E+06  2.00000E-03  1.49829E+01
 -1.49494E+01  2.22421E-28  1.45557E+06  2.00000E-03  1.50807E+01
 -1.49026E+01  2.22390E-28  1.45546E+06  2.00000E-03  1.51785E+01
 -1.48558E+01  2.22390E-28  1.45546E+06  2.00000E-03  1.51785E+01
 -1.48090E+01  2.22390E-28  1.45546E+06  2.00000E-03  1.51785E+01
 -1.47622E+01  2.22390E-28  1.45546E+06  2.00000E-03  1.51785E+01
 -1.47154E+01  2.22390E-28  1.45546E+06  2.00000E-03  1.51785E+01
 -1.46686E+01  2.22390E-28  1.45546E+06  2.00000E-03  1.51785E+01
 -1.46219E+01  2.22390E-28  1.45546E+06  2.00000E-03  1.51785E+01
 -1.45751E+01  2.22290E-28  1.45506E+06  2.00000E-03  1.52723E+01
 -1.45283E+01  2.22189E-28  1.45466E+06  2.00000E-03  1.53662E+01
 -1.44815E+01  2.22189E-28  1.45466E+06  2.00000E-03  1.53662E+01
 -1.44347E+01  2.22189E-28  1.45466E+06  2.00000E-03  1.53662E+01
 -1.43879E+01  2.22189E-28  1.45466E+06  2.00000E-03  1.53662E+01
 -1.43411E+01  2.22189E-28  1.45466E+06  2.00000E-03  1.53662E+01
 -1.42943E+01  2.22189E-28  1.45466E+06  2.00000E-03  1.53662E+01
 -1.42475E+01  2.22189E-28  1.45466E+06  2.00000E-03  1.53662E+01
 -1.42007E+01  2.21953E-28  1.45358E+06  2.00000E-03  1.54680E+01
 -1.41540E+01  2.21717E-28  1.45249E+06  2.00000E-03  1.55701E+01
 -1.41072E+01  2.21717E-28  1.45249E+06  2.00000E-03  1.55701E+01
 -1.40604E+01  2.21717E-28  1.45249E+06  2.00000E-03  1.55701E+01
 -1.40136E+01  2.21717E-28  1.45249E+06  2.00000E-03  1.55701E+01
 -1.39668E+01  2.21717E-28  1.45249E+06  2.00000E-03  1.55701E+01
 -1.39200E+01  2.21717E-28  1.45249E+06  2.00000E-03  1.55701E+01
 -1.38732E+01  2.21717E-28  1.45249E+06  2.00000E-03  1.55701E+01
 -1.38264E+01  2.21449E-28  1.45128E+06  2.00000E-03  1.55060E+01
 -1.37796E+01  2.21181E-28  1.45008E+06  2.00000E-03  1.54419E+01
 -1.37328E+01  2.21181E-28  1.45008E+06  2.00000E-03  1.54419E+01
 -1.36861E+01  2.21181E-28  1.45008E+06  2.00000E-03  1.54419E+01
 -1.36393E+01  2.21032E-28  1.44943E+06  2.00000E-03  1.54117E+01
 -1.35925E+01  2.20883E-28  1.44878E+06  2.00000E-03  1.53816E+01
 -1.35457E+01  2.20883E-28  1.44878E+06  2.00000E-03  1.53816E+01
 -1.34989E+01  2.20883E-28  1.44878E+06  2.00000E-03  1.53816E+01
 -1.34521E+01  2.20741E-28  1.44817E+06  2.00000E-03  1.53498E+01
 -1.34053E+01  2.20600E-28  1.44755E+06  2.00000E-03  1.53179E+01
 -1.33585E+01  2.20600E-28  1.44755E+06  2.00000E-03  1.53179E+01
 -1.33117E+01  2.20600E-28  1.44755E+06  2.00000E-03  1.53179E+01
 -1.32649E+01  2.20453E-28  1.44690E+06  1.99999E-03  1.53068E+01
 -1.32182E+01  2.20305E-28  1.44624E+06  1.99999E-03  1.52956E+01
 -1.31714E+01  2.20305E-28  1.44624E+06  1.99999E-03  1.52956E+01
 -1.31246E+01  2.20305E-28  1.44624E+06  1.99999E-03  1.52956E+01
 -1.30778E+01  2.20161E-28  1.44560E+06  1.99999E-03  1.52692E+01
 -1.30310E+01  2.20018E-28  1.44496E+06  1.99998E-03  1.52428E+01
 -1.29842E+01  2.20018E-28  1.44496E+06  1.99998E-03  1.52428E+01
 -1.29374E+01  2.20018E-28  1.44496E+06  1.99998E-03  1.52428E+01
 -1.28906E+01  2.19880E-28  1.44441E+06  1.99998E-03  1.51456E+01
 -1.28438E+01  2.19743E-28  1.44386E+06  1.99997E-03  1.50484E+01
 -1.27970E+01  2.19743E-28  1.44386E+06  1.99997E-03  1.50484E+01
 -1.27503E+01  2.19743E-28  1.44386E+06  1.99997E-03  1.50484E+01
 -1.27035E+01  2.19602E-28  1.44353E+06  1.99996E-03  1.48318E+01
 -1.26567E+01  2.19461E-28  1.44320E+06  1.99995E-03  1.46150E+01
 -1.26099E+01  2.19461E-28  1.44320E+06  1.99995E-03  1.46150E+01
 -1.25631E+01  2.19461E-28  1.44320E+06  1.99995E-03  1.46150E+01
 -1.25163E+01  2.19339E-28  1.44330E+06  1.99993E-03  1.42812E+01
 -1.24695E+01  2.19217E-28  1.44341E+06  1.99991E-03  1.39469E+01
 -1.24227E+01  2.19217E-28  1.44341E+06  1.99991E-03  1.39469E+01
 -1.23759E+01  2.19217E-28  1.44341E+06  1.99991E-03  1.39469E+01
 -1.23291E+01  2.19117E-28  1.44388E+06  1.99987E-03  1.34952E+01
 -1.22824E+01  2.19018E-28  1.44435E+06  1.99983E-03  1.30431E+01
 -1.22356E+01  2.19018E-28  1.44435E+06  1.99983E-03  1.30431E+01
 -1.21888E+01  2.19018E-28  1.44435E+06  1.99983E-03  1.30431E+01
 -1.21420E+01  2.19051E-28  1.44520E+06  1.99975E-03  1.24870E+01
 -1.20952E+01  2.19084E-28  1.44606E+06  1.99966E-03  1.19311E+01
 -1.20484E+01  2.19084E-28  1.44606E+06  1.99966E-03  1.19311E+01
 -1.20016E+01  2.19084E-28  1.44606E+06  1.99966E-03  1.19311E+01
 -1.19548E+01  2.19264E-28  1.44693E+06  1.99937E-03  1.12724E+01
 -1.19080E+01  2.19444E-28  1.44780E+06  1.99907E-03  1.06149E+01
 -1.18612E+01  2.19444E-28  1.44780E+06  1.99907E-03  1.06149E+01
 -1.18145E+01  2.19444E-28  1.44780E+06  1.99907E-03  1.06149E+01
 -1.17677E+01  2.19867E-28  1.44772E+06  1.99818E-03  9.75580E+00
 -1.17209E+01  2.20290E-28  1.44763E+06  1.99730E-03  8.90002E+00
 -1.16741E+01  2.20290E-28  1.44763E+06  1.99730E-03  8.90002E+00
 -1.16273E+01  2.20290E-28  1.44763E+06  1.99730E-03  8.90002E+00
 -1.15805E+01  2.21544E-28  1.44505E+06  1.99482E-03  8.28018E+00
 -1.15337E+01  2.22798E-28  1.44250E+06  1.99237E-03  7.66731E+00
 -1.14869E+01  2.22798E-28  1.44250E+06  1.99237E-03  7.66731E+00
 -1.14401E+01  2.22798E-28  1.44250E+06  1.99237E-03  7.66731E+00
 -1.13933E+01  2.28009E-28  1.41604E+06  1.97827E-03  8.16019E+00
 -1.13466E+01  2.33221E-28  1.39077E+06  1.96480E-03  8.63103E+00
 -1.12998E+01  2.33221E-28  1.39077E+06  1.96480E-03  8.63103E+00
 -1.12530E+01  2.33221E-28  1.39077E+06  1.96480E-03  8.63103E+00
 -1.12062E+01  2.35057E-28  1.38012E+06  1.95956E-03  9.90809E+00
 -1.11594E+01  2.36894E-28  1.36964E+06  1.95440E-03  1.11654E+01
 -1.11126E+01  2.36894E-28  1.36964E+06  1.95440E-03  1.11654E+01
 -1.10658E+01  2.36894E-28  1.36964E+06  1.95440E-03  1.11654E+01
 -1.10190E+01  2.35229E-28  1.37671E+06  1.95708E-03  1.18303E+01
 -1.09722E+01  2.33564E-28  1.38387E+06  1.95981E-03  1.25047E+01
 -1.09254E+01  2.33564E-28  1.38387E+06  1.95981E-03  1.25047E+01
 -1.08787E+01  2.33564E-28  1.38387E+06  1.95981E-03  1.25047E+01
 -1.08319E+01  2.45545E-28  1.31607E+06  1.93554E-03  1.21627E+01
 -1.07851E+01  2.57525E-28  1.25457E+06  1.91353E-03  1.18526E+01
 -1.07383E+01  2.57525E-28  1.25457E+06  1.91353E-03  1.18526E+01
 -1.06915E+01  2.57525E-28  1.25457E+06  1.91353E-03  1.18526E+01
 -1.06447E+01  2.86498E-28  1.12449E+06  1.85143E-03  1.03461E+01
 -1.05979E+01  3.15471E-28  1.01830E+06  1.80075E-03  9.11638E+00
 -1.05511E+01  3.15471E-28  1.01830E+06  1.80075E-03  9.11638E+00
 -1.05043E+01  3.15471E-28  1.01830E+06  1.80075E-03  9.11638E+00
 -1.04575E+01  4.91061E-28  6.56903E+05  1.66529E-03  7.69979E+00
 -1.04108E+01  6.66652E-28  4.85885E+05  1.60119E-03  7.02943E+00
 -1.03640E+01  6.66652E-28  4.85885E+05  1.60119E-03  7.02943E+00
 -1.03172E+01  6.66652E-28  4.85885E+05  1.60119E-03  7.02943E+00
 -1.02704E+01  7.18228E-28  4.53317E+05  1.58210E-03  7.55417E+00
 -1.02236E+01  7.69804E-28  4.25112E+05  1.56558E-03  8.00860E+00
 -1.01768E+01  7.69804E-28  4.25112E+05  1.56558E-03  8.00860E+00
 -1.01300E+01  7.69804E-28  4.25112E+05  1.56558E-03  8.00860E+00
 -1.00832E+01  6.92194E-28  4.75321E+05  1.57838E-03  8.85138E+00
 -1.00364E+01  6.14585E-28  5.38209E+05  1.59443E-03  9.90702E+00
 -9.98965E+00  6.14585E-28  5.38209E+05  1.59443E-03  9.90702E+00
 -9.94286E+00  6.14585E-28  5.38209E+05  1.59443E-03  9.90702E+00
 -9.89607E+00  5.13432E-28  6.48359E+05  1.64011E-03  9.97252E+00
 -9.84928E+00  4.12279E-28  8.12560E+05  1.70821E-03  1.00702E+01
 -9.80249E+00  4.12279E-28  8.12560E+05  1.70821E-03  1.00702E+01
 -9.75570E+00  4.12279E-28  8.12560E+05  1.70821E-03  1.00702E+01
 -9.70891E+00  3.49497E-28  9.64211E+05  1.77017E-03  9.24796E+00
 -9.66212E+00  2.86715E-28  1.18227E+06  1.85927E-03  8.06567E+00
 -9.61533E+00  2.86715E-28  1.18227E+06  1.85927E-03  8.06567E+00
 -9.56854E+00  2.86715E-28  1.18227E+06  1.85927E-03  8.06567E+00
 -9.52175E+00  2.72745E-28  1.25026E+06  1.88548E-03  7.25131E+00
 -9.47496E+00  2.58775E-28  1.32559E+06  1.91452E-03  6.34903E+00
 -9.42817E+00  2.58775E-28  1.32559E+06  1.91452E-03  6.34903E+00
 -9.38138E+00  2.58775E-28  1.32559E+06  1.91452E-03  6.34903E+00
 -9.33459E+00  2.79139E-28  1.23112E+06  1.87280E-03  6.50724E+00
 -9.28780E+00  2.99503E-28  1.14950E+06  1.83677E-03  6.64393E+00
 -9.24101E+00  2.99503E-28  1.14950E+06  1.83677E-03  6.64393E+00
 -9.19422E+00  2.99503E-28  1.14950E+06  1.83677E-03  6.64393E+00
 -9.14743E+00  2.85466E-28  1.20146E+06  1.85289E-03  6.25724E+00
 -9.10064E+00  2.71429E-28  1.25879E+06  1.87068E-03  5.83056E+00
 -9.05385E+00  2.95939E-28  1.15591E+06  1.84858E-03  4.06046E+00
 -9.00706E+00  3.20450E-28  1.06877E+06  1.82987E-03  2.56114E+00
 -8.96027E+00  6.30998E-28  5.41942E+05  1.65377E-03 -1.15866E-01
 -8.91348E+00  9.41547E-28  3.62641E+05  1.59384E-03 -1.02697E+00
 -8.86669E+00  4.04253E-27  8.32226E+04  1.38582E-03 -3.28731E+00
 -8.81990E+00  7.14351E-27  4.63941E+04  1.35840E-03 -3.58523E+00
 -8.77311E+00  1.85271E-26  2.02916E+04  1.28859E-03 -3.05358E+00
 -8.72632E+00  2.99106E-26  1.40576E+04  1.27192E-03 -2.92661E+00
 -8.67953E+00  3.57044E-26  1.37162E+04  1.23081E-03 -2.55556E+00
 -8.63274E+00  4.14982E-26  1.34702E+04  1.20117E-03 -2.28812E+00
 -8.58595E+00  3.00857E-26  1.37749E+04  1.18902E-03 -3.40445E+00
 -8.53916E+00  1.86733E-26  1.44519E+04  1.16201E-03 -5.88531E+00
 -8.49237E+00  1.45003E-26  1.46662E+04  1.16575E-03 -8.27897E+00
 -8.44558E+00  1.03274E-26  1.50536E+04  1.17251E-03 -1.26070E+01
 -8.39879E+00  8.68695E-27  1.63867E+04  1.18126E-03 -1.37134E+01
 -8.35200E+00  7.04646E-27  1.83406E+04  1.19408E-03 -1.53349E+01
 -8.30521E+00  5.64799E-27  2.23269E+04  1.19509E-03 -1.65994E+01
 -8.25842E+00  4.24952E-27  2.89369E+04  1.19676E-03 -1.86962E+01
 -8.21163E+00  4.24856E-27  2.72835E+04  1.18473E-03 -2.05887E+01
 -8.16484E+00  4.24760E-27  2.56294E+04  1.17270E-03 -2.24820E+01
 -8.11805E+00  4.84757E-27  2.08120E+04  1.16543E-03 -2.44859E+01
 -8.07126E+00  5.44754E-27  1.70558E+04  1.15975E-03 -2.60484E+01
 -8.02447E+00  6.08922E-27  1.61471E+04  1.15788E-03 -2.63792E+01
 -7.97768E+00  6.73089E-27  1.54117E+04  1.15637E-03 -2.66470E+01
 -7.93089E+00  7.63568E-27  1.54598E+04  1.15367E-03 -2.54198E+01
 -7.88410E+00  8.54047E-27  1.54976E+04  1.15155E-03 -2.44527E+01
 -7.83731E+00  9.74968E-27  1.52854E+04  1.14738E-03 -2.26544E+01
 -7.79052E+00  1.09589E-26  1.51199E+04  1.14412E-03 -2.12530E+01
 -7.74373E+00  1.19139E-26  1.48862E+04  1.14313E-03 -2.00331E+01
 -7.69694E+00  1.28690E-26  1.46871E+04  1.14228E-03 -1.89943E+01
 -7.65015E+00  1.32845E-26  1.45249E+04  1.14732E-03 -1.83182E+01
 -7.60336E+00  1.36999E-26  1.43725E+04  1.15205E-03 -1.76831E+01
 -7.55657E+00  1.37724E-26  1.43426E+04  1.15967E-03 -1.69405E+01
 -7.50978E+00  1.38449E-26  1.43131E+04  1.16722E-03 -1.62056E+01
 -7.46299E+00  1.37642E-26  1.43489E+04  1.17213E-03 -1.51273E+01
 -7.41620E+00  1.36835E-26  1.43852E+04  1.17709E-03 -1.40363E+01
 -7.36941E+00  1.33909E-26  1.44272E+04  1.17751E-03 -1.24603E+01
 -7.32262E+00  1.30983E-26  1.44710E+04  1.17794E-03 -1.08138E+01
 -7.27583E+00  1.29001E-26  1.45102E+04  1.17468E-03 -8.51217E+00
 -7.22904E+00  1.27018E-26  1.45506E+04  1.17131E-03 -6.13865E+00
 -7.18225E+00  1.26774E-26  1.45871E+04  1.16809E-03 -3.76050E+00
 -7.13546E+00  1.26529E-26  1.46237E+04  1.16485E-03 -1.37317E+00
 -7.08867E+00  1.26066E-26  1.45853E+04  1.16539E-03  4.76371E-02
 -7.04188E+00  1.25603E-26  1.45466E+04  1.16594E-03  1.47892E+00
 -6.99509E+00  1.29691E-26  1.44972E+04  1.16794E-03  1.88947E+00
 -6.94830E+00  1.33778E-26  1.44509E+04  1.16982E-03  2.27493E+00
 -6.90151E+00  1.29881E-26  1.58080E+04  1.17211E-03  1.72064E+00
 -6.85472E+00  1.25984E-26  1.72490E+04  1.17454E-03  1.13205E+00
 -6.80793E+00  1.29992E-26  1.61775E+04  1.18669E-03 -1.34011E+00
 -6.76114E+00  1.34000E-26  1.51702E+04  1.19811E-03 -3.66437E+00
 -6.71435E+00  1.23746E-26  1.50210E+04  1.19730E-03 -5.97290E+00
 -6.66756E+00  1.13491E-26  1.48449E+04  1.19634E-03 -8.69861E+00
 -6.62077E+00  1.01297E-26  1.54935E+04  1.19986E-03 -1.04606E+01
 -6.57398E+00  8.91023E-27  1.63196E+04  1.20435E-03 -1.27049E+01
 -6.52719E+00  7.41565E-27  1.89833E+04  1.21486E-03 -1.38841E+01
 -6.48040E+00  5.92109E-27  2.29917E+04  1.23068E-03 -1.56586E+01
 -6.43362E+00  5.67359E-27  2.25946E+04  1.22730E-03 -1.62338E+01
 -6.38683E+00  5.42610E-27  2.21611E+04  1.22361E-03 -1.68614E+01
 -6.34003E+00  6.18453E-27  1.88926E+04  1.20158E-03 -1.73010E+01
 -6.29325E+00  6.94295E-27  1.63382E+04  1.18436E-03 -1.76445E+01
 -6.24646E+00  7.41701E-27  1.54697E+04  1.17164E-03 -1.75360E+01
 -6.19967E+00  7.89107E-27  1.47055E+04  1.16045E-03 -1.74406E+01
 -6.15288E+00  8.16890E-27  1.44924E+04  1.15699E-03 -1.69068E+01
 -6.10609E+00  8.44673E-27  1.42934E+04  1.15376E-03 -1.64081E+01
 -6.05930E+00  8.74404E-27  1.42011E+04  1.15273E-03 -1.57114E+01
 -6.01251E+00  9.04135E-27  1.41148E+04  1.15178E-03 -1.50605E+01
 -5.96572E+00  9.34748E-27  1.40553E+04  1.15036E-03 -1.42309E+01
 -5.91893E+00  9.65362E-27  1.39995E+04  1.14903E-03 -1.34539E+01
 -5.87214E+00  9.96855E-27  1.39831E+04  1.14669E-03 -1.27602E+01
 -5.82535E+00  1.02835E-26  1.39677E+04  1.14450E-03 -1.21089E+01
 -5.77856E+00  1.06398E-26  1.39856E+04  1.14187E-03 -1.17179E+01
 -5.73177E+00  1.09962E-26  1.40024E+04  1.13941E-03 -1.13522E+01
 -5.68498E+00  1.14652E-26  1.40205E+04  1.13675E-03 -1.13099E+01
 -5.63819E+00  1.19343E-26  1.40373E+04  1.13430E-03 -1.12709E+01
 -5.59140E+00  1.24373E-26  1.40398E+04  1.13145E-03 -1.16755E+01
 -5.54461E+00  1.29403E-26  1.40422E+04  1.12882E-03 -1.20486E+01
 -5.49782E+00  1.33031E-26  1.40882E+04  1.12922E-03 -1.30589E+01
 -5.45103E+00  1.36659E-26  1.41319E+04  1.12960E-03 -1.40156E+01
 -5.40424E+00  1.34860E-26  1.44635E+04  1.13710E-03 -1.61089E+01
 -5.35745E+00  1.33060E-26  1.48042E+04  1.14480E-03 -1.82587E+01
 -5.31066E+00  1.07234E-26  1.69447E+04  1.15569E-03 -2.16056E+01
 -5.26387E+00  8.14083E-27  2.04433E+04  1.17349E-03 -2.70759E+01
 -5.21708E+00  5.68375E-27  2.77210E+04  1.18500E-03 -2.94114E+01
 -5.17029E+00  3.22666E-27  4.60825E+04  1.21405E-03 -3.53037E+01
 -5.12350E+00  3.04527E-27  4.96926E+04  1.21962E-03 -3.57695E+01
 -5.07671E+00  2.86389E-27  5.37599E+04  1.22591E-03 -3.62943E+01
 -5.02992E+00  2.42051E-27  6.99308E+04  1.25080E-03 -3.83114E+01
 -4.98313E+00  1.97713E-27  9.33543E+04  1.28686E-03 -4.12332E+01
 -4.93634E+00  1.37918E-27  1.39469E+05  1.32723E-03 -4.32620E+01
 -4.88955E+00  7.81237E-28  2.56176E+05  1.42941E-03 -4.83966E+01
 -4.84276E+00  6.35662E-28  3.20307E+05  1.45360E-03 -4.95594E+01
 -4.79597E+00  4.90088E-28  4.22538E+05  1.49216E-03 -5.14129E+01
 -4.74918E+00  4.62365E-28  4.52196E+05  1.49927E-03 -5.20531E+01
 -4.70239E+00  4.34642E-28  4.85638E+05  1.50729E-03 -5.27750E+01
 -4.65560E+00  4.13912E-28  5.14655E+05  1.52086E-03 -5.29353E+01
 -4.60881E+00  3.93183E-28  5.46731E+05  1.53586E-03 -5.31126E+01
 -4.56202E+00  3.74879E-28  5.75236E+05  1.55244E-03 -5.21494E+01
 -4.51523E+00  3.56576E-28  6.06667E+05  1.57073E-03 -5.10874E+01
 -4.46844E+00  3.50941E-28  6.15435E+05  1.58008E-03 -4.92850E+01
 -4.42165E+00  3.45307E-28  6.24490E+05  1.58974E-03 -4.74239E+01
 -4.37486E+00  3.46700E-28  6.20865E+05  1.58659E-03 -4.52330E+01
 -4.32807E+00  3.48093E-28  6.17268E+05  1.58347E-03 -4.30596E+01
 -4.28128E+00  3.53095E-28  6.07643E+05  1.57573E-03 -4.10954E+01
 -4.23449E+00  3.58097E-28  5.98286E+05  1.56820E-03 -3.91862E+01
 -4.18770E+00  3.63127E-28  5.89106E+05  1.56339E-03 -3.81541E+01
 -4.14091E+00  3.68156E-28  5.80177E+05  1.55871E-03 -3.71502E+01
 -4.09412E+00  3.74310E-28  5.70815E+05  1.55639E-03 -3.62658E+01
 -4.04733E+00  3.80465E-28  5.61756E+05  1.55415E-03 -3.54099E+01
 -4.00054E+00  3.92811E-28  5.43630E+05  1.54799E-03 -3.30308E+01
 -3.95375E+00  4.05157E-28  5.26608E+05  1.54221E-03 -3.07968E+01
 -3.90696E+00  4.36858E-28  4.88294E+05  1.52346E-03 -2.62202E+01
 -3.86017E+00  4.68559E-28  4.55165E+05  1.50725E-03 -2.22629E+01
 -3.81338E+00  5.45364E-28  3.91566E+05  1.46900E-03 -1.69361E+01
 -3.76659E+00  6.22169E-28  3.43670E+05  1.44020E-03 -1.29245E+01
 -3.71980E+00  7.76070E-28  2.76783E+05  1.38717E-03 -9.09672E+00
 -3.67301E+00  9.29972E-28  2.32035E+05  1.35170E-03 -6.53587E+00
 -3.62622E+00  1.23184E-27  1.76333E+05  1.31120E-03 -4.37252E+00
 -3.57943E+00  1.53370E-27  1.42558E+05  1.28664E-03 -3.06076E+00
 -3.53264E+00  1.93175E-27  1.15460E+05  1.26627E-03 -1.87940E+00
 -3.48585E+00  2.32981E-27  9.76219E+04  1.25286E-03 -1.10171E+00
 -3.43906E+00  2.87849E-27  8.14459E+04  1.24541E-03 -1.64174E-01
 -3.39227E+00  3.42716E-27  7.04493E+04  1.24034E-03  4.73172E-01
 -3.34548E+00  2.88220E-27  8.62212E+04  1.24769E-03  7.78966E-01
 -3.29869E+00  2.33725E-27  1.09348E+05  1.25846E-03  1.22736E+00
 -3.25190E+00  1.73339E-27  1.50281E+05  1.28198E-03  3.32391E-02
 -3.20511E+00  1.12953E-27  2.34981E+05  1.33064E-03 -2.43765E+00
 -3.15832E+00  9.41224E-28  2.82622E+05  1.36717E-03 -6.37074E+00
 -3.11153E+00  7.52914E-28  3.54094E+05  1.42196E-03 -1.22712E+01
 -3.06474E+00  7.83926E-28  3.40549E+05  1.41371E-03 -1.81161E+01
 -3.01795E+00  8.14938E-28  3.28036E+05  1.40608E-03 -2.35162E+01
 -2.97116E+00  1.04144E-27  2.55881E+05  1.35687E-03 -2.70212E+01
 -2.92437E+00  1.26794E-27  2.09506E+05  1.32524E-03 -2.92740E+01
 -2.87758E+00  1.67214E-27  1.62183E+05  1.29446E-03 -2.82958E+01
 -2.83079E+00  2.07635E-27  1.33285E+05  1.27566E-03 -2.76985E+01
 -2.78400E+00  2.55543E-27  1.12156E+05  1.26404E-03 -2.50311E+01
 -2.73721E+00  3.03451E-27  9.76994E+04  1.25608E-03 -2.32059E+01
 -2.69042E+00  3.43991E-27  8.73253E+04  1.25127E-03 -2.07718E+01
 -2.64363E+00  3.84530E-27  7.91387E+04  1.24747E-03 -1.88510E+01
 -2.59684E+00  3.93034E-27  7.64222E+04  1.24496E-03 -1.76483E+01
 -2.55005E+00  4.01539E-27  7.38209E+04  1.24255E-03 -1.64965E+01
 -2.50326E+00  3.66893E-27  8.00728E+04  1.24442E-03 -1.57740E+01
 -2.45647E+00  3.32247E-27  8.76285E+04  1.24669E-03 -1.49008E+01
 -2.40968E+00  2.68216E-27  1.08082E+05  1.26384E-03 -1.38843E+01
 -2.36289E+00  2.04184E-27  1.41364E+05  1.29176E-03 -1.22302E+01
 -2.31610E+00  1.53758E-27  1.84896E+05  1.33181E-03 -1.05825E+01
 -2.26931E+00  1.03331E-27  2.70914E+05  1.41093E-03 -7.32660E+00
 -2.22252E+00  8.43611E-28  3.24922E+05  1.45270E-03 -5.54000E+00
 -2.17573E+00  6.53907E-28  4.10267E+05  1.51871E-03 -2.71679E+00
 -2.12894E+00  8.06902E-28  3.23205E+05  1.45126E-03 -3.56949E+00
 -2.08215E+00  9.59898E-28  2.63896E+05  1.40531E-03 -4.15037E+00
 -2.03536E+00  1.99655E-27  1.23339E+05  1.28013E-03 -5.46717E+00
 -1.98857E+00  3.03320E-27  7.88575E+04  1.24051E-03 -5.88389E+00
 -1.94178E+00  8.59336E-27  2.63491E+04  1.17047E-03 -4.26729E+00
 -1.89499E+00  1.41535E-26  1.50961E+04  1.15546E-03 -3.92085E+00
 -1.84820E+00  1.57264E-26  1.45042E+04  1.14773E-03 -1.79519E+00
 -1.80141E+00  1.72993E-26  1.40199E+04  1.14141E-03 -5.60616E-02
 -1.75462E+00  1.67107E-26  1.41631E+04  1.13874E-03  1.21573E+00
 -1.70783E+00  1.61220E-26  1.43167E+04  1.13586E-03  2.58040E+00
 -1.66104E+00  1.70204E-26  1.43799E+04  1.13466E-03  1.67532E+00
 -1.61425E+00  1.79188E-26  1.44367E+04  1.13358E-03  8.61007E-01
 -1.56746E+00  1.91671E-26  1.43780E+04  1.12712E-03 -5.25594E-01
 -1.52067E+00  2.04153E-26  1.43265E+04  1.12144E-03 -1.74263E+00
 -1.47388E+00  2.06255E-26  1.42725E+04  1.11727E-03 -2.38101E+00
 -1.42709E+00  2.08358E-26  1.42196E+04  1.11319E-03 -3.00651E+00
 -1.38030E+00  1.82821E-26  1.41803E+04  1.10799E-03 -3.58869E+00
 -1.33351E+00  1.57285E-26  1.41283E+04  1.10110E-03 -4.35993E+00
 -1.28672E+00  1.38249E-26  1.40657E+04  1.11207E-03 -5.45214E+00
 -1.23993E+00  1.19213E-26  1.39832E+04  1.12654E-03 -6.89315E+00
 -1.19314E+00  1.10919E-26  1.39700E+04  1.13642E-03 -7.10248E+00
 -1.14635E+00  1.02624E-26  1.39545E+04  1.14788E-03 -7.34564E+00
 -1.09956E+00  9.95153E-27  1.40655E+04  1.14661E-03 -6.46875E+00
 -1.05277E+00  9.64068E-27  1.41837E+04  1.14524E-03 -5.53530E+00
 -1.00598E+00  9.67644E-27  1.42371E+04  1.14271E-03 -5.03571E+00
 -9.59194E-01  9.71219E-27  1.42902E+04  1.14019E-03 -4.53980E+00
 -9.12404E-01  1.04934E-26  1.43932E+04  1.14044E-03 -4.95471E+00
 -8.65614E-01  1.12745E-26  1.44818E+04  1.14064E-03 -5.31212E+00
 -8.18824E-01  1.29529E-26  1.45768E+04  1.14047E-03 -6.32445E+00
 -7.72034E-01  1.46313E-26  1.46500E+04  1.14033E-03 -7.10453E+00
 -7.25244E-01  1.46575E-26  1.53674E+04  1.14591E-03 -8.23531E+00
 -6.78454E-01  1.46837E-26  1.60822E+04  1.15147E-03 -9.36205E+00
 -6.31664E-01  1.18567E-26  2.07525E+04  1.15941E-03 -9.98151E+00
 -5.84874E-01  9.02966E-27  2.83471E+04  1.17232E-03 -1.09888E+01
 -5.38084E-01  6.74235E-27  3.79212E+04  1.18662E-03 -1.26796E+01
 -4.91294E-01  4.45504E-27  5.73264E+04  1.21560E-03 -1.61065E+01
 -4.44504E-01  2.94993E-27  8.99044E+04  1.26161E-03 -1.74899E+01
 -3.97714E-01  1.44482E-27  1.90358E+05  1.40348E-03 -2.17555E+01
 -3.50924E-01  9.10579E-28  3.02590E+05  1.45172E-03 -2.16805E+01
 -3.04135E-01  3.76341E-28  7.33465E+05  1.63689E-03 -2.13927E+01
 -2.57345E-01  3.64786E-28  7.54356E+05  1.64195E-03 -2.08529E+01
 -2.10555E-01  3.53231E-28  7.76613E+05  1.64733E-03 -2.02777E+01
 -1.63765E-01  3.42848E-28  7.98449E+05  1.66924E-03 -2.05177E+01
 -1.16975E-01  3.32465E-28  8.21650E+05  1.69251E-03 -2.07727E+01
 -7.01849E-02  3.25818E-28  8.42183E+05  1.70451E-03 -2.12228E+01
 -2.33950E-02  3.19171E-28  8.63572E+05  1.71701E-03 -2.16918E+01
  2.33950E-02  3.13149E-28  8.85559E+05  1.72194E-03 -2.16196E+01
  7.01849E-02  3.07127E-28  9.08408E+05  1.72705E-03 -2.15446E+01
  1.16975E-01  3.09702E-28  9.08270E+05  1.71646E-03 -2.07385E+01
  1.63765E-01  3.12277E-28  9.08135E+05  1.70603E-03 -1.99457E+01
  2.10555E-01  3.21894E-28  8.89198E+05  1.68505E-03 -1.85810E+01
  2.57345E-01  3.31511E-28  8.71360E+05  1.66528E-03 -1.72955E+01
  3.04135E-01  3.41727E-28  8.52810E+05  1.65196E-03 -1.60160E+01
  3.50924E-01  3.51943E-28  8.35338E+05  1.63941E-03 -1.48107E+01
  3.97714E-01  3.54751E-28  8.35103E+05  1.64051E-03 -1.40507E+01
  4.44504E-01  3.57560E-28  8.34872E+05  1.64160E-03 -1.33026E+01
  4.91294E-01  3.56217E-28  8.44021E+05  1.64892E-03 -1.28283E+01
  5.38084E-01  3.54875E-28  8.53238E+05  1.65629E-03 -1.23504E+01
  5.84874E-01  3.61609E-28  8.43675E+05  1.65262E-03 -1.14583E+01
  6.31664E-01  3.68343E-28  8.34461E+05  1.64907E-03 -1.05989E+01
  6.78454E-01  3.82506E-28  8.09633E+05  1.63904E-03 -9.14747E+00
  7.25244E-01  3.96669E-28  7.86578E+05  1.62972E-03 -7.79968E+00
  7.72034E-01  4.10207E-28  7.65548E+05  1.62169E-03 -6.45236E+00
  8.18824E-01  4.23744E-28  7.45862E+05  1.61417E-03 -5.19113E+00
  8.65614E-01  4.37231E-28  7.27632E+05  1.61098E-03 -4.16101E+00
  9.12404E-01  4.50718E-28  7.10493E+05  1.60798E-03 -3.19254E+00
  9.59194E-01  4.86406E-28  6.61564E+05  1.59405E-03 -2.57039E+00
  1.00598E+00  5.22094E-28  6.19324E+05  1.58202E-03 -2.03329E+00
  1.05277E+00  6.07102E-28  5.31013E+05  1.54426E-03 -3.11563E+00
  1.09956E+00  6.92110E-28  4.64396E+05  1.51578E-03 -3.93210E+00
  1.14635E+00  6.18294E-28  5.16696E+05  1.53912E-03 -7.05166E+00
  1.19314E+00  5.44478E-28  5.83176E+05  1.56879E-03 -1.10171E+01
  1.23993E+00  5.12654E-28  6.17577E+05  1.58315E-03 -1.50831E+01
  1.28672E+00  4.80829E-28  6.56531E+05  1.59941E-03 -1.96874E+01
  1.33351E+00  4.68873E-28  6.73114E+05  1.60740E-03 -2.25409E+01
  1.38030E+00  4.56917E-28  6.90565E+05  1.61581E-03 -2.55438E+01
  1.42709E+00  4.56423E-28  6.93017E+05  1.61720E-03 -2.67998E+01
  1.47388E+00  4.55929E-28  6.95475E+05  1.61859E-03 -2.80586E+01
  1.52067E+00  4.62620E-28  6.89345E+05  1.61491E-03 -2.77463E+01
  1.56746E+00  4.69311E-28  6.83391E+05  1.61133E-03 -2.74429E+01
  1.61425E+00  4.73882E-28  6.82041E+05  1.60972E-03 -2.55499E+01
  1.66104E+00  4.78453E-28  6.80718E+05  1.60814E-03 -2.36931E+01
  1.70783E+00  4.80066E-28  6.84206E+05  1.60866E-03 -2.05177E+01
  1.75462E+00  4.81679E-28  6.87670E+05  1.60919E-03 -1.73636E+01
  1.80141E+00  4.82500E-28  6.88134E+05  1.61002E-03 -1.41180E+01
  1.84820E+00  4.83320E-28  6.88596E+05  1.61086E-03 -1.08834E+01
  1.89499E+00  4.83242E-28  6.89630E+05  1.61174E-03 -8.29360E+00
  1.94178E+00  4.83164E-28  6.90664E+05  1.61262E-03 -5.70293E+00
  1.98857E+00  4.83557E-28  6.90052E+05  1.61313E-03 -3.57780E+00
  2.03536E+00  4.83949E-28  6.89440E+05  1.61364E-03 -1.45611E+00
  2.08215E+00  4.79996E-28  6.94301E+05  1.61482E-03  3.86851E-01
  2.12894E+00  4.76043E-28  6.99243E+05  1.61603E-03  2.26043E+00
  2.17573E+00  4.66061E-28  7.12482E+05  1.61925E-03  3.96059E+00
  2.22252E+00  4.56078E-28  7.26302E+05  1.62260E-03  5.73517E+00
  2.26931E+00  4.45620E-28  7.41378E+05  1.62865E-03  7.28987E+00
  2.31610E+00  4.35163E-28  7.57178E+05  1.63500E-03  8.91930E+00
  2.36289E+00  4.28531E-28  7.67564E+05  1.63970E-03  1.03583E+01
  2.40968E+00  4.21899E-28  7.78277E+05  1.64454E-03  1.18426E+01
  2.45647E+00  4.18144E-28  7.84284E+05  1.64742E-03  1.33542E+01
  2.50326E+00  4.14390E-28  7.90400E+05  1.65035E-03  1.48932E+01
  2.55005E+00  4.12490E-28  7.93219E+05  1.65175E-03  1.65462E+01
  2.59684E+00  4.10591E-28  7.96063E+05  1.65315E-03  1.82145E+01
  2.64363E+00  4.10027E-28  7.96469E+05  1.65345E-03  1.98679E+01
  2.69042E+00  4.09464E-28  7.96876E+05  1.65375E-03  2.15257E+01
  2.73721E+00  4.10405E-28  7.94618E+05  1.65280E-03  2.29374E+01
  2.78400E+00  4.11346E-28  7.92371E+05  1.65185E-03  2.43425E+01
  2.83079E+00  4.13973E-28  7.87721E+05  1.64984E-03  2.53276E+01
  2.87758E+00  4.16599E-28  7.83129E+05  1.64786E-03  2.63002E+01
  2.92437E+00  4.19915E-28  7.77490E+05  1.64568E-03  2.69087E+01
  2.97116E+00  4.23230E-28  7.71938E+05  1.64354E-03  2.75076E+01
  3.01795E+00  4.25307E-28  7.68907E+05  1.64252E-03  2.79190E+01
  3.06474E+00  4.27383E-28  7.65905E+05  1.64151E-03  2.83263E+01
  3.11153E+00  4.27418E-28  7.66476E+05  1.64187E-03  2.87120E+01
  3.15832E+00  4.27452E-28  7.67046E+05  1.64224E-03  2.90975E+01
  3.20511E+00  4.28392E-28  7.66039E+05  1.64183E-03  2.94880E+01
  3.25190E+00  4.29333E-28  7.65036E+05  1.64142E-03  2.98768E+01
  3.29869E+00  4.33987E-28  7.57401E+05  1.63809E-03  3.02344E+01
  3.34548E+00  4.38642E-28  7.49928E+05  1.63483E-03  3.05844E+01
  3.39227E+00  4.46885E-28  7.36537E+05  1.62909E-03  3.08988E+01
  3.43906E+00  4.55128E-28  7.23631E+05  1.62355E-03  3.12018E+01
  3.48585E+00  4.64109E-28  7.09615E+05  1.61720E-03  3.15207E+01
  3.53264E+00  4.73091E-28  6.96131E+05  1.61109E-03  3.18274E+01
  3.57943E+00  4.77435E-28  6.89162E+05  1.60704E-03  3.22317E+01
  3.62622E+00  4.81778E-28  6.82319E+05  1.60306E-03  3.26287E+01
  3.67301E+00  4.71313E-28  6.95842E+05  1.60832E-03  3.30653E+01
  3.71980E+00  4.60847E-28  7.09980E+05  1.61381E-03  3.35218E+01
  3.76659E+00  4.35346E-28  7.49506E+05  1.63199E-03  3.36717E+01
  3.81338E+00  4.09845E-28  7.93951E+05  1.65243E-03  3.38402E+01
  3.86017E+00  3.83969E-28  8.46542E+05  1.67679E-03  3.35330E+01
  3.90696E+00  3.58094E-28  9.06733E+05  1.70467E-03  3.31813E+01
  3.95375E+00  3.46453E-28  9.36604E+05  1.71955E-03  3.23826E+01
  4.00054E+00  3.34813E-28  9.68552E+05  1.73546E-03  3.15282E+01
  4.04733E+00  3.36001E-28  9.65183E+05  1.73448E-03  3.04049E+01
  4.09412E+00  3.37190E-28  9.61837E+05  1.73352E-03  2.92894E+01
  4.14091E+00  3.43685E-28  9.43638E+05  1.72496E-03  2.84913E+01
  4.18770E+00  3.50180E-28  9.26113E+05  1.71672E-03  2.77228E+01
  4.23449E+00  3.53243E-28  9.17102E+05  1.71228E-03  2.73728E+01
  4.28128E+00  3.56305E-28  9.08245E+05  1.70792E-03  2.70287E+01
  4.32807E+00  3.54201E-28  9.12092E+05  1.71037E-03  2.64891E+01
  4.37486E+00  3.52097E-28  9.15984E+05  1.71285E-03  2.59431E+01
  4.42165E+00  3.48303E-28  9.27539E+05  1.71853E-03  2.43675E+01
  4.46844E+00  3.44509E-28  9.39349E+05  1.72434E-03  2.27573E+01
  4.51523E+00  3.41924E-28  9.50642E+05  1.72887E-03  1.96292E+01
  4.56202E+00  3.39338E-28  9.62106E+05  1.73347E-03  1.64535E+01
  4.60881E+00  3.43310E-28  9.54933E+05  1.73068E-03  1.21221E+01
  4.65560E+00  3.47282E-28  9.47924E+05  1.72794E-03  7.88983E+00
  4.70239E+00  3.73197E-28  8.85255E+05  1.69859E-03  3.23168E+00
  4.74918E+00  3.99112E-28  8.30724E+05  1.67306E-03 -8.21537E-01
  4.79597E+00  4.79897E-28  6.90995E+05  1.61863E-03 -4.87551E+00
  4.84276E+00  5.60682E-28  5.91532E+05  1.57989E-03 -7.76126E+00
  4.88955E+00  5.56954E-28  5.94060E+05  1.58066E-03 -1.01233E+01
  4.93634E+00  5.53226E-28  5.96623E+05  1.58144E-03 -1.25171E+01
  4.98313E+00  5.37595E-28  6.14301E+05  1.59240E-03 -1.33935E+01
  5.02992E+00  5.21964E-28  6.33038E+05  1.60402E-03 -1.43223E+01
  5.07671E+00  5.16696E-28  6.39569E+05  1.60844E-03 -1.40508E+01
  5.12350E+00  5.11427E-28  6.46235E+05  1.61295E-03 -1.37737E+01
  5.17029E+00  5.17028E-28  6.39545E+05  1.61014E-03 -1.31970E+01
  5.21708E+00  5.22628E-28  6.32998E+05  1.60740E-03 -1.26326E+01
  5.26387E+00  5.38453E-28  6.15433E+05  1.59910E-03 -1.22218E+01
  5.31066E+00  5.54279E-28  5.98871E+05  1.59128E-03 -1.18345E+01
  5.35745E+00  5.73403E-28  5.80384E+05  1.58191E-03 -1.18019E+01
  5.40424E+00  5.92528E-28  5.63090E+05  1.57314E-03 -1.17714E+01
  5.45103E+00  5.80264E-28  5.76193E+05  1.57821E-03 -1.22496E+01
  5.49782E+00  5.67999E-28  5.89861E+05  1.58349E-03 -1.27485E+01
  5.54461E+00  5.12756E-28  6.54789E+05  1.61327E-03 -1.34376E+01
  5.59140E+00  4.57512E-28  7.35397E+05  1.65023E-03 -1.42930E+01
  5.63819E+00  4.09488E-28  8.22519E+05  1.69336E-03 -1.46300E+01
  5.68498E+00  3.61465E-28  9.32790E+05  1.74795E-03 -1.50565E+01
  5.73177E+00  3.43074E-28  9.83914E+05  1.76993E-03 -1.42527E+01
  5.77856E+00  3.24683E-28  1.04083E+06  1.79441E-03 -1.33578E+01
  5.82535E+00  3.16154E-28  1.06901E+06  1.80803E-03 -1.13524E+01
  5.87214E+00  3.07626E-28  1.09875E+06  1.82241E-03 -9.23579E+00
  5.91893E+00  3.07634E-28  1.09707E+06  1.82273E-03 -6.79492E+00
  5.96572E+00  3.07643E-28  1.09540E+06  1.82304E-03 -4.35419E+00
  6.01251E+00  3.10116E-28  1.08469E+06  1.81852E-03 -2.25290E+00
  6.05930E+00  3.12588E-28  1.07416E+06  1.81408E-03 -1.84856E-01
  6.10609E+00  3.13825E-28  1.06792E+06  1.81165E-03  1.12012E+00
  6.15288E+00  3.15061E-28  1.06173E+06  1.80925E-03  2.41485E+00
  6.19967E+00  3.14288E-28  1.06322E+06  1.80985E-03  2.78088E+00
  6.24646E+00  3.13516E-28  1.06471E+06  1.81045E-03  3.14872E+00
  6.29325E+00  3.12660E-28  1.06822E+06  1.81158E-03  2.84339E+00
  6.34003E+00  3.11804E-28  1.07174E+06  1.81271E-03  2.53638E+00
  6.38683E+00  3.12657E-28  1.07012E+06  1.81164E-03  1.88218E+00
  6.43362E+00  3.13510E-28  1.06852E+06  1.81058E-03  1.23155E+00
  6.48040E+00  3.15026E-28  1.06513E+06  1.80877E-03  4.87381E-01
  6.52719E+00  3.16542E-28  1.06178E+06  1.80697E-03 -2.49658E-01
  6.57398E+00  3.18847E-28  1.05574E+06  1.80369E-03 -9.68702E-01
  6.62077E+00  3.21152E-28  1.04979E+06  1.80045E-03 -1.67742E+00
  6.66756E+00  3.27921E-28  1.02935E+06  1.79004E-03 -2.44890E+00
  6.71435E+00  3.34689E-28  1.00974E+06  1.78006E-03 -3.18918E+00
  6.76114E+00  3.50972E-28  9.63650E+05  1.75657E-03 -4.08717E+00
  6.80793E+00  3.67256E-28  9.21650E+05  1.73516E-03 -4.90553E+00
  6.85472E+00  3.86059E-28  8.77462E+05  1.71274E-03 -5.73283E+00
  6.90151E+00  4.04862E-28  8.37379E+05  1.69240E-03 -6.48329E+00
  6.94830E+00  4.26515E-28  7.95645E+05  1.67363E-03 -6.92467E+00
  6.99509E+00  4.48169E-28  7.57945E+05  1.65667E-03 -7.32340E+00
  7.04188E+00  5.02526E-28  6.76205E+05  1.62522E-03 -7.45267E+00
  7.08867E+00  5.56883E-28  6.10421E+05  1.59991E-03 -7.55670E+00
  7.13546E+00  6.21061E-28  5.47270E+05  1.57626E-03 -7.68264E+00
  7.18225E+00  6.85240E-28  4.95949E+05  1.55703E-03 -7.78499E+00
  7.22904E+00  7.02211E-28  4.83697E+05  1.55302E-03 -8.07106E+00
  7.27583E+00  7.19182E-28  4.72024E+05  1.54919E-03 -8.34362E+00
  7.32262E+00  6.99539E-28  4.85170E+05  1.55471E-03 -8.66110E+00
  7.36941E+00  6.79896E-28  4.99076E+05  1.56054E-03 -8.99692E+00
  7.41620E+00  6.17699E-28  5.49336E+05  1.58168E-03 -9.14201E+00
  7.46299E+00  5.55502E-28  6.10850E+05  1.60755E-03 -9.31959E+00
  7.50978E+00  4.92007E-28  6.89629E+05  1.64217E-03 -9.30165E+00
  7.55657E+00  4.28511E-28  7.91754E+05  1.68704E-03 -9.27840E+00
  7.60336E+00  3.96784E-28  8.54846E+05  1.71388E-03 -9.15047E+00
  7.65015E+00  3.65056E-28  9.28905E+05  1.74538E-03 -9.00031E+00
  7.69694E+00  3.54628E-28  9.56172E+05  1.75648E-03 -8.76378E+00
  7.74373E+00  3.44200E-28  9.85090E+05  1.76825E-03 -8.51293E+00
  7.79052E+00  3.41062E-28  9.94211E+05  1.77127E-03 -8.15940E+00
  7.83731E+00  3.37923E-28  1.00350E+06  1.77435E-03 -7.79930E+00
  7.88410E+00  3.36538E-28  1.00769E+06  1.77600E-03 -7.33909E+00
  7.93089E+00  3.35153E-28  1.01192E+06  1.77767E-03 -6.87509E+00
  7.97768E+00  3.34414E-28  1.01419E+06  1.77810E-03 -6.35332E+00
  8.02447E+00  3.33674E-28  1.01647E+06  1.77854E-03 -5.82924E+00
  8.07126E+00  3.35515E-28  1.01093E+06  1.77581E-03 -5.29679E+00
  8.11805E+00  3.37356E-28  1.00545E+06  1.77310E-03 -4.77015E+00
  8.16484E+00  3.44558E-28  9.84410E+05  1.76402E-03 -4.24753E+00
  8.21163E+00  3.51760E-28  9.64233E+05  1.75531E-03 -3.74630E+00
  8.25842E+00  3.66780E-28  9.24632E+05  1.73843E-03 -3.25612E+00
  8.30521E+00  3.81800E-28  8.88148E+05  1.72289E-03 -2.80451E+00
  8.35200E+00  4.02305E-28  8.42637E+05  1.70266E-03 -2.35756E+00
  8.39879E+00  4.22810E-28  8.01541E+05  1.68440E-03 -1.95395E+00
  8.44558E+00  4.48735E-28  7.54809E+05  1.66461E-03 -1.51513E+00
  8.49237E+00  4.74659E-28  7.13183E+05  1.64699E-03 -1.12425E+00
  8.53916E+00  5.01693E-28  6.74265E+05  1.63052E-03 -6.43351E-01
  8.58595E+00  5.28726E-28  6.39326E+05  1.61573E-03 -2.11627E-01
  8.63274E+00  5.51690E-28  6.12119E+05  1.60348E-03  2.87627E-01
  8.67953E+00  5.74655E-28  5.87086E+05  1.59221E-03  7.46979E-01
  8.72632E+00  5.92423E-28  5.68832E+05  1.58465E-03  1.15765E+00
  8.77311E+00  6.10191E-28  5.51642E+05  1.57753E-03  1.54441E+00
  8.81990E+00  6.28014E-28  5.35163E+05  1.57210E-03  1.70594E+00
  8.86669E+00  6.45837E-28  5.19594E+05  1.56697E-03  1.85855E+00
  8.91348E+00  6.63557E-28  5.05053E+05  1.56345E-03  1.62250E+00
  8.96027E+00  6.81278E-28  4.91268E+05  1.56012E-03  1.39874E+00
  9.00706E+00  6.89993E-28  4.84724E+05  1.56003E-03  7.55197E-01
  9.05385E+00  6.98708E-28  4.78343E+05  1.55995E-03  1.27709E-01
  9.10064E+00  6.52409E-28  5.12465E+05  1.57431E-03 -6.64558E-01
  9.14743E+00  6.06109E-28  5.51799E+05  1.59087E-03 -1.57786E+00
  9.19422E+00  4.64086E-28  7.18361E+05  1.65121E-03 -2.41049E+00
  9.24101E+00  3.22063E-28  1.03182E+06  1.76476E-03 -3.97748E+00
  9.28780E+00  3.22063E-28  1.03182E+06  1.76476E-03 -3.97748E+00
  9.33459E+00  3.22063E-28  1.03182E+06  1.76476E-03 -3.97748E+00
  9.38138E+00  2.89753E-28  1.14876E+06  1.83322E-03 -4.33298E+00
  9.42817E+00  2.57443E-28  1.29506E+06  1.91887E-03 -4.77771E+00
  9.47496E+00  2.57443E-28  1.29506E+06  1.91887E-03 -4.77771E+00
  9.52175E+00  2.57443E-28  1.29506E+06  1.91887E-03 -4.77771E+00
  9.56854E+00  2.60424E-28  1.27717E+06  1.89972E-03 -3.99761E+00
  9.61533E+00  2.63405E-28  1.25968E+06  1.88100E-03 -3.23517E+00
  9.66212E+00  2.63405E-28  1.25968E+06  1.88100E-03 -3.23517E+00
  9.70891E+00  2.63405E-28  1.25968E+06  1.88100E-03 -3.23517E+00
  9.75570E+00  2.94094E-28  1.12487E+06  1.80974E-03 -2.54727E+00
  9.80249E+00  3.24784E-28  1.01554E+06  1.75194E-03 -1.98938E+00
  9.84928E+00  3.24784E-28  1.01554E+06  1.75194E-03 -1.98938E+00
  9.89607E+00  3.24784E-28  1.01554E+06  1.75194E-03 -1.98938E+00
  9.94286E+00  3.41303E-28  9.64464E+05  1.72824E-03 -1.99138E+00
  9.98965E+00  3.57823E-28  9.18107E+05  1.70673E-03 -1.99320E+00
  1.00364E+01  3.57823E-28  9.18107E+05  1.70673E-03 -1.99320E+00
  1.00832E+01  3.57823E-28  9.18107E+05  1.70673E-03 -1.99320E+00
  1.01300E+01  3.72195E-28  8.82517E+05  1.68919E-03 -2.52169E+00
  1.01768E+01  3.86568E-28  8.49574E+05  1.67296E-03 -3.01089E+00
  1.02236E+01  3.86568E-28  8.49574E+05  1.67296E-03 -3.01089E+00
  1.02704E+01  3.86568E-28  8.49574E+05  1.67296E-03 -3.01089E+00
  1.03172E+01  3.92833E-28  8.38603E+05  1.66964E-03 -3.40528E+00
  1.03640E+01  3.99099E-28  8.27977E+05  1.66643E-03 -3.78729E+00
  1.04108E+01  3.99099E-28  8.27977E+05  1.66643E-03 -3.78729E+00
  1.04575E+01  3.99099E-28  8.27977E+05  1.66643E-03 -3.78729E+00
  1.05043E+01  3.94600E-28  8.37763E+05  1.67148E-03 -4.32762E+00
  1.05511E+01  3.90102E-28  8.47774E+05  1.67665E-03 -4.88041E+00
  1.05979E+01  3.90102E-28  8.47774E+05  1.67665E-03 -4.88041E+00
  1.06447E+01  3.90102E-28  8.47774E+05  1.67665E-03 -4.88041E+00
  1.06915E+01  3.62191E-28  9.12342E+05  1.70915E-03 -6.13333E+00
  1.07383E+01  3.34280E-28  9.87692E+05  1.74709E-03 -7.59549E+00
  1.07851E+01  3.34280E-28  9.87692E+05  1.74709E-03 -7.59549E+00
  1.08319E+01  3.34280E-28  9.87692E+05  1.74709E-03 -7.59549E+00
  1.08787E+01  2.88664E-28  1.14312E+06  1.82982E-03 -9.20238E+00
  1.09254E+01  2.43048E-28  1.35689E+06  1.94361E-03 -1.14124E+01
  1.09722E+01  2.43048E-28  1.35689E+06  1.94361E-03 -1.14124E+01
  1.10190E+01  2.43048E-28  1.35689E+06  1.94361E-03 -1.14124E+01
  1.10658E+01  2.35421E-28  1.39964E+06  1.96442E-03 -1.31903E+01
  1.11126E+01  2.27795E-28  1.44526E+06  1.98662E-03 -1.50873E+01
  1.11594E+01  2.27795E-28  1.44526E+06  1.98662E-03 -1.50873E+01
  1.12062E+01  2.27795E-28  1.44526E+06  1.98662E-03 -1.50873E+01
  1.12530E+01  2.40319E-28  1.36993E+06  1.94682E-03 -1.62831E+01
  1.12998E+01  2.52843E-28  1.30206E+06  1.91096E-03 -1.73605E+01
  1.13466E+01  2.52843E-28  1.30206E+06  1.91096E-03 -1.73605E+01
  1.13933E+01  2.52843E-28  1.30206E+06  1.91096E-03 -1.73605E+01
  1.14401E+01  2.86618E-28  1.14834E+06  1.83806E-03 -1.77866E+01
  1.14869E+01  3.20393E-28  1.02703E+06  1.78054E-03 -1.81228E+01
  1.15337E+01  3.20393E-28  1.02703E+06  1.78054E-03 -1.81228E+01
  1.15805E+01  3.20393E-28  1.02703E+06  1.78054E-03 -1.81228E+01
  1.16273E+01  3.43114E-28  9.59193E+05  1.74711E-03 -1.82033E+01
  1.16741E+01  3.65835E-28  8.99779E+05  1.71782E-03 -1.82738E+01
  1.17209E+01  3.65835E-28  8.99779E+05  1.71782E-03 -1.82738E+01
  1.17677E+01  3.65835E-28  8.99779E+05  1.71782E-03 -1.82738E+01
  1.18145E+01  3.64780E-28  9.02934E+05  1.71351E-03 -1.83519E+01
  1.18612E+01  3.63724E-28  9.06108E+05  1.70917E-03 -1.84305E+01
  1.19080E+01  3.63724E-28  9.06108E+05  1.70917E-03 -1.84305E+01
  1.19548E+01  3.63724E-28  9.06108E+05  1.70917E-03 -1.84305E+01
  1.20016E+01  3.59072E-28  9.18684E+05  1.71549E-03 -1.86215E+01
  1.20484E+01  3.54420E-28  9.31590E+05  1.72198E-03 -1.88175E+01
  1.20952E+01  3.54420E-28  9.31590E+05  1.72198E-03 -1.88175E+01
  1.21420E+01  3.54420E-28  9.31590E+05  1.72198E-03 -1.88175E+01
  1.21888E+01  3.58564E-28  9.21575E+05  1.72213E-03 -1.91323E+01
  1.22356E+01  3.62707E-28  9.11788E+05  1.72227E-03 -1.94398E+01
  1.22824E+01  3.62707E-28  9.11788E+05  1.72227E-03 -1.94398E+01
  1.23291E+01  3.62707E-28  9.11788E+05  1.72227E-03 -1.94398E+01
  1.23759E+01  3.67327E-28  9.00551E+05  1.72172E-03 -1.98275E+01
  1.24227E+01  3.71948E-28  8.89594E+05  1.72118E-03 -2.02056E+01
  1.24695E+01  3.71948E-28  8.89594E+05  1.72118E-03 -2.02056E+01
  1.25163E+01  3.71948E-28  8.89594E+05  1.72118E-03 -2.02056E+01
  1.25631E+01  3.72117E-28  8.88595E+05  1.72686E-03 -2.06126E+01
  1.26099E+01  3.72287E-28  8.87596E+05  1.73253E-03 -2.10193E+01
  1.26567E+01  3.72287E-28  8.87596E+05  1.73253E-03 -2.10193E+01
  1.27035E+01  3.72287E-28  8.87596E+05  1.73253E-03 -2.10193E+01
  1.27503E+01  3.67372E-28  8.98246E+05  1.74152E-03 -2.13699E+01
  1.27970E+01  3.62456E-28  9.09185E+05  1.75075E-03 -2.17301E+01
  1.28438E+01  3.62456E-28  9.09185E+05  1.75075E-03 -2.17301E+01
  1.28906E+01  3.62456E-28  9.09185E+05  1.75075E-03 -2.17301E+01
  1.29374E+01  3.55082E-28  9.26923E+05  1.75901E-03 -2.18818E+01
  1.29842E+01  3.47708E-28  9.45412E+05  1.76761E-03 -2.20400E+01
  1.30310E+01  3.47708E-28  9.45412E+05  1.76761E-03 -2.20400E+01
  1.30778E+01  3.47708E-28  9.45412E+05  1.76761E-03 -2.20400E+01
  1.31246E+01  3.41765E-28  9.61151E+05  1.77508E-03 -2.18757E+01
  1.31714E+01  3.35822E-28  9.77447E+05  1.78281E-03 -2.17055E+01
  1.32182E+01  3.35822E-28  9.77447E+05  1.78281E-03 -2.17055E+01
  1.32649E+01  3.35822E-28  9.77447E+05  1.78281E-03 -2.17055E+01
  1.33117E+01  3.31491E-28  9.90094E+05  1.78944E-03 -2.12270E+01
  1.33585E+01  3.27160E-28  1.00307E+06  1.79625E-03 -2.07358E+01
  1.34053E+01  3.27160E-28  1.00307E+06  1.79625E-03 -2.07358E+01
  1.34521E+01  3.27160E-28  1.00307E+06  1.79625E-03 -2.07358E+01
  1.34989E+01  3.23426E-28  1.01499E+06  1.80323E-03 -2.00630E+01
  1.35457E+01  3.19692E-28  1.02718E+06  1.81038E-03 -1.93746E+01
  1.35925E+01  3.19692E-28  1.02718E+06  1.81038E-03 -1.93746E+01
  1.36393E+01  3.19692E-28  1.02718E+06  1.81038E-03 -1.93746E+01
  1.36861E+01  3.16029E-28  1.03954E+06  1.81861E-03 -1.86993E+01
  1.37328E+01  3.12365E-28  1.05219E+06  1.82705E-03 -1.80082E+01
  1.37796E+01  3.12365E-28  1.05219E+06  1.82705E-03 -1.80082E+01
  1.38264E+01  3.12365E-28  1.05219E+06  1.82705E-03 -1.80082E+01
  1.38732E+01  3.08243E-28  1.06669E+06  1.83761E-03 -1.71647E+01
  1.39200E+01  3.04121E-28  1.08158E+06  1.84847E-03 -1.62983E+01
  1.39668E+01  3.04121E-28  1.08158E+06  1.84847E-03 -1.62983E+01
  1.40136E+01  3.04121E-28  1.08158E+06  1.84847E-03 -1.62983E+01
  1.40604E+01  3.04121E-28  1.08158E+06  1.84847E-03 -1.62983E+01
  1.41072E+01  3.04121E-28  1.08158E+06  1.84847E-03 -1.62983E+01
  1.41540E+01  3.04121E-28  1.08158E+06  1.84847E-03 -1.62983E+01
  1.42007E+01  3.04121E-28  1.08158E+06  1.84847E-03 -1.62983E+01
  1.42475E+01  2.91586E-28  1.12962E+06  1.87455E-03 -1.54745E+01
  1.42943E+01  2.79052E-28  1.18197E+06  1.90298E-03 -1.45767E+01
  1.43411E+01  2.79052E-28  1.18197E+06  1.90298E-03 -1.45767E+01
  1.43879E+01  2.79052E-28  1.18197E+06  1.90298E-03 -1.45767E+01
  1.44347E+01  2.79052E-28  1.18197E+06  1.90298E-03 -1.45767E+01
  1.44815E+01  2.79052E-28  1.18197E+06  1.90298E-03 -1.45767E+01
  1.45283E+01  2.79052E-28  1.18197E+06  1.90298E-03 -1.45767E+01
  1.45751E+01  2.79052E-28  1.18197E+06  1.90298E-03 -1.45767E+01
  1.46219E+01  2.65747E-28  1.24152E+06  1.92752E-03 -1.39243E+01
  1.46686E+01  2.52443E-28  1.30735E+06  1.95464E-03 -1.32030E+01
  1.47154E+01  2.52443E-28  1.30735E+06  1.95464E-03 -1.32030E+01
  1.47622E+01  2.52443E-28  1.30735E+06  1.95464E-03 -1.32030E+01
  1.48090E+01  2.52443E-28  1.30735E+06  1.95464E-03 -1.32030E+01
  1.48558E+01  2.52443E-28  1.30735E+06  1.95464E-03 -1.32030E+01
  1.49026E+01  2.52443E-28  1.30735E+06  1.95464E-03 -1.32030E+01
  1.49494E+01  2.52443E-28  1.30735E+06  1.95464E-03 -1.32030E+01
  1.49962E+01  2.42307E-28  1.36120E+06  1.97095E-03 -1.28240E+01
  1.50430E+01  2.32171E-28  1.41976E+06  1.98869E-03 -1.24118E+01
  1.50898E+01  2.32171E-28  1.41976E+06  1.98869E-03 -1.24118E+01
  1.51365E+01  2.32171E-28  1.41976E+06  1.98869E-03 -1.24118E+01
  1.51833E+01  2.32171E-28  1.41976E+06  1.98869E-03 -1.24118E+01
  1.52301E+01  2.32171E-28  1.41976E+06  1.98869E-03 -1.24118E+01
  1.52769E+01  2.32171E-28  1.41976E+06  1.98869E-03 -1.24118E+01
  1.53237E+01  2.32171E-28  1.41976E+06  1.98869E-03 -1.24118E+01
  1.53705E+01  2.28640E-28  1.43978E+06  1.99344E-03 -1.23322E+01
  1.54173E+01  2.25109E-28  1.46042E+06  1.99834E-03 -1.22501E+01
  1.54641E+01  2.25109E-28  1.46042E+06  1.99834E-03 -1.22501E+01
  1.55109E+01  2.25109E-28  1.46042E+06  1.99834E-03 -1.22501E+01
  1.55577E+01  2.25109E-28  1.46042E+06  1.99834E-03 -1.22501E+01
  1.56044E+01  2.25109E-28  1.46042E+06  1.99834E-03 -1.22501E+01
  1.56512E+01  2.25109E-28  1.46042E+06  1.99834E-03 -1.22501E+01
  1.56980E+01  2.25109E-28  1.46042E+06  1.99834E-03 -1.22501E+01
  1.57448E+01  2.24410E-28  1.46207E+06  1.99911E-03 -1.23903E+01
  1.57916E+01  2.23712E-28  1.46374E+06  1.99989E-03 -1.25313E+01
  1.58384E+01  2.23712E-28  1.46374E+06  1.99989E-03 -1.25313E+01
  1.58852E+01  2.23712E-28  1.46374E+06  1.99989E-03 -1.25313E+01
  1.59320E+01  2.23712E-28  1.46374E+06  1.99989E-03 -1.25313E+01
  1.59788E+01  2.23712E-28  1.46374E+06  1.99989E-03 -1.25313E+01
  1.60256E+01  2.23712E-28  1.46374E+06  1.99989E-03 -1.25313E+01
  1.60723E+01  2.23712E-28  1.46374E+06  1.99989E-03 -1.25313E+01
  1.61191E+01  2.23524E-28  1.46173E+06  1.99994E-03 -1.27550E+01
  1.61659E+01  2.23336E-28  1.45973E+06  2.00000E-03 -1.29792E+01
  1.62127E+01  2.23336E-28  1.45973E+06  2.00000E-03 -1.29792E+01
  1.62595E+01  2.23336E-28  1.45973E+06  2.00000E-03 -1.29792E+01
  1.63063E+01  2.23336E-28  1.45973E+06  2.00000E-03 -1.29792E+01
  1.63531E+01  2.23336E-28  1.45973E+06  2.00000E-03 -1.29792E+01
  1.63999E+01  2.23336E-28  1.45973E+06  2.00000E-03 -1.29792E+01
  1.64467E+01  2.23336E-28  1.45973E+06  2.00000E-03 -1.29792E+01
  1.64935E+01  2.23115E-28  1.45841E+06  2.00000E-03 -1.31628E+01
  1.65402E+01  2.22895E-28  1.45710E+06  2.00000E-03 -1.33468E+01
  1.65870E+01  2.22895E-28  1.45710E+06  2.00000E-03 -1.33468E+01
  1.66338E+01  2.22895E-28  1.45710E+06  2.00000E-03 -1.33468E+01
  1.66806E+01  2.22895E-28  1.45710E+06  2.00000E-03 -1.33468E+01
  1.67274E+01  2.22895E-28  1.45710E+06  2.00000E-03 -1.33468E+01
  1.67742E+01  2.22895E-28  1.45710E+06  2.00000E-03 -1.33468E+01
  1.68210E+01  2.22895E-28  1.45710E+06  2.00000E-03 -1.33468E+01
  1.68678E+01  2.22719E-28  1.45658E+06  2.00000E-03 -1.34289E+01
  1.69146E+01  2.22544E-28  1.45607E+06  2.00000E-03 -1.35112E+01
  1.69613E+01  2.22544E-28  1.45607E+06  2.00000E-03 -1.35112E+01
  1.70081E+01  2.22544E-28  1.45607E+06  2.00000E-03 -1.35112E+01
  1.70549E+01  2.22544E-28  1.45607E+06  2.00000E-03 -1.35112E+01
  1.71017E+01  2.22544E-28  1.45607E+06  2.00000E-03 -1.35112E+01
  1.71485E+01  2.22544E-28  1.45607E+06  2.00000E-03 -1.35112E+01
  1.71953E+01  2.22544E-28  1.45607E+06  2.00000E-03 -1.35112E+01
  1.72421E+01  2.22513E-28  1.45583E+06  2.00000E-03 -1.34822E+01
  1.72889E+01  2.22481E-28  1.45559E+06  2.00000E-03 -1.34532E+01
  1.73357E+01  2.22481E-28  1.45559E+06  2.00000E-03 -1.34532E+01
  1.73825E+01  2.22481E-28  1.45559E+06  2.00000E-03 -1.34532E+01
  1.74292E+01  2.22481E-28  1.45559E+06  2.00000E-03 -1.34532E+01
  1.74760E+01  2.22481E-28  1.45559E+06  2.00000E-03 -1.34532E+01
  1.75228E+01  2.22481E-28  1.45559E+06  2.00000E-03 -1.34532E+01
  1.75696E+01  2.22481E-28  1.45559E+06  2.00000E-03 -1.34532E+01
  1.76164E+01  2.22517E-28  1.45575E+06  2.00000E-03 -1.33359E+01
  1.76632E+01  2.22552E-28  1.45591E+06  2.00000E-03 -1.32186E+01
  1.77100E+01  2.22552E-28  1.45591E+06  2.00000E-03 -1.32186E+01
  1.77568E+01  2.22552E-28  1.45591E+06  2.00000E-03 -1.32186E+01
  1.78036E+01  2.22552E-28  1.45591E+06  2.00000E-03 -1.32186E+01
  1.78504E+01  2.22552E-28  1.45591E+06  2.00000E-03 -1.32186E+01
  1.78971E+01  2.22552E-28  1.45591E+06  2.00000E-03 -1.32186E+01
  1.79439E+01  2.22552E-28  1.45591E+06  2.00000E-03 -1.32186E+01
  1.79907E+01  2.22609E-28  1.45616E+06  2.00000E-03 -1.30614E+01
  1.80375E+01  2.22666E-28  1.45640E+06  2.00000E-03 -1.29042E+01
  1.80843E+01  2.22666E-28  1.45640E+06  2.00000E-03 -1.29042E+01
  1.81311E+01  2.22666E-28  1.45640E+06  2.00000E-03 -1.29042E+01
  1.81779E+01  2.22666E-28  1.45640E+06  2.00000E-03 -1.29042E+01
  1.82247E+01  2.22666E-28  1.45640E+06  2.00000E-03 -1.29042E+01
  1.82715E+01  2.22666E-28  1.45640E+06  2.00000E-03 -1.29042E+01
  1.83183E+01  2.22666E-28  1.45640E+06  2.00000E-03 -1.29042E+01
  1.83650E+01  2.22706E-28  1.45658E+06  2.00000E-03 -1.27491E+01
  1.84118E+01  2.22745E-28  1.45676E+06  2.00000E-03 -1.25941E+01
  1.84586E+01  2.22745E-28  1.45676E+06  2.00000E-03 -1.25941E+01
  1.85054E+01  2.22745E-28  1.45676E+06  2.00000E-03 -1.25941E+01
  1.85522E+01  2.22745E-28  1.45676E+06  2.00000E-03 -1.25941E+01
  1.85990E+01  2.22745E-28  1.45676E+06  2.00000E-03 -1.25941E+01
  1.86458E+01  2.22745E-28  1.45676E+06  2.00000E-03 -1.25941E+01
  1.86926E+01  2.22745E-28  1.45676E+06  2.00000E-03 -1.25941E+01
  1.87394E+01  2.22629E-28  1.45625E+06  2.00000E-03 -1.24762E+01
  1.87862E+01  2.22513E-28  1.45574E+06  2.00000E-03 -1.23581E+01
  1.88329E+01  2.22513E-28  1.45574E+06  2.00000E-03 -1.23581E+01
  1.88797E+01  2.22513E-28  1.45574E+06  2.00000E-03 -1.23581E+01
  1.89265E+01  2.22513E-28  1.45574E+06  2.00000E-03 -1.23581E+01
  1.89733E+01  2.22513E-28  1.45574E+06  2.00000E-03 -1.23581E+01
  1.90201E+01  2.22513E-28  1.45574E+06  2.00000E-03 -1.23581E+01
  1.90669E+01  2.22513E-28  1.45574E+06  2.00000E-03 -1.23581E+01
  1.91137E+01  2.22513E-28  1.45574E+06  2.00000E-03 -1.23581E+01
  1.91605E+01  2.22513E-28  1.45574E+06  2.00000E-03 -1.23581E+01
  1.92073E+01  2.22513E-28  1.45574E+06  2.00000E-03 -1.23581E+01
  1.92541E+01  2.22513E-28  1.45574E+06  2.00000E-03 -1.23581E+01
  1.93008E+01  2.22513E-28  1.45574E+06  2.00000E-03 -1.23581E+01
  1.93476E+01  2.22513E-28  1.45574E+06  2.00000E-03 -1.23581E+01
  1.93944E+01  2.22513E-28  1.45574E+06  2.00000E-03 -1.23581E+01
  1.94412E+01  2.22513E-28  1.45574E+06  2.00000E-03 -1.23581E+01
  1.94880E+01  2.22168E-28  1.45422E+06  2.00000E-03 -1.23103E+01
  1.95348E+01  2.21823E-28  1.45269E+06  2.00000E-03 -1.22623E+01
  1.95816E+01  2.21823E-28  1.45269E+06  2.00000E-03 -1.22623E+01
  1.96284E+01  2.21823E-28  1.45269E+06  2.00000E-03 -1.22623E+01
  1.96752E+01  2.21823E-28  1.45269E+06  2.00000E-03 -1.22623E+01
  1.97220E+01  2.21823E-28  1.45269E+06  2.00000E-03 -1.22623E+01
  1.97687E+01  2.21823E-28  1.45269E+06  2.00000E-03 -1.22623E+01
  1.98155E+01  2.21823E-28  1.45269E+06  2.00000E-03 -1.22623E+01
  1.98623E+01  2.21823E-28  1.45269E+06  2.00000E-03 -1.22623E+01
  1.99091E+01  2.21823E-28  1.45269E+06  2.00000E-03 -1.22623E+01
  1.99559E+01  2.21823E-28  1.45269E+06  2.00000E-03 -1.22623E+01
  2.00027E+01  2.21823E-28  1.45269E+06  2.00000E-03 -1.22623E+01
  2.00495E+01  2.21823E-28  1.45269E+06  2.00000E-03 -1.22623E+01
  2.00963E+01  2.21823E-28  1.45269E+06  2.00000E-03 -1.22623E+01
  2.01431E+01  2.21823E-28  1.45269E+06  2.00000E-03 -1.22623E+01
  2.01899E+01  2.21823E-28  1.45269E+06  2.00000E-03 -1.22623E+01
  2.02366E+01  2.21397E-28  1.45083E+06  2.00000E-03 -1.23071E+01
  2.02834E+01  2.20972E-28  1.44897E+06  2.00000E-03 -1.23522E+01
  2.03302E+01  2.20972E-28  1.44897E+06  2.00000E-03 -1.23522E+01
  2.03770E+01  2.20972E-28  1.44897E+06  2.00000E-03 -1.23522E+01
  2.04238E+01  2.20972E-28  1.44897E+06  2.00000E-03 -1.23522E+01
  2.04706E+01  2.20972E-28  1.44897E+06  2.00000E-03 -1.23522E+01
  2.05174E+01  2.20972E-28  1.44897E+06  2.00000E-03 -1.23522E+01
  2.05642E+01  2.20972E-28  1.44897E+06  2.00000E-03 -1.23522E+01
  2.06110E+01  2.20972E-28  1.44897E+06  2.00000E-03 -1.23522E+01
  2.06578E+01  2.20972E-28  1.44897E+06  2.00000E-03 -1.23522E+01
  2.07045E+01  2.20972E-28  1.44897E+06  2.00000E-03 -1.23522E+01
  2.07513E+01  2.20972E-28  1.44897E+06  2.00000E-03 -1.23522E+01
  2.07981E+01  2.20972E-28  1.44897E+06  2.00000E-03 -1.23522E+01
  2.08449E+01  2.20972E-28  1.44897E+06  2.00000E-03 -1.23522E+01
  2.08917E+01  2.20972E-28  1.44897E+06  2.00000E-03 -1.23522E+01
  2.09385E+01  2.20972E-28  1.44897E+06  2.00000E-03 -1.23522E+01
  2.09853E+01  2.20598E-28  1.44733E+06  2.00000E-03 -1.23661E+01
  2.10321E+01  2.20224E-28  1.44568E+06  2.00000E-03 -1.23801E+01
  2.10789E+01  2.20224E-28  1.44568E+06  2.00000E-03 -1.23801E+01
  2.11257E+01  2.20224E-28  1.44568E+06  2.00000E-03 -1.23801E+01
  2.11724E+01  2.20224E-28  1.44568E+06  2.00000E-03 -1.23801E+01
  2.12192E+01  2.20224E-28  1.44568E+06  2.00000E-03 -1.23801E+01
  2.12660E+01  2.20224E-28  1.44568E+06  2.00000E-03 -1.23801E+01
  2.13128E+01  2.20224E-28  1.44568E+06  2.00000E-03 -1.23801E+01
  2.13596E+01  2.20224E-28  1.44568E+06  2.00000E-03 -1.23801E+01
  2.14064E+01  2.20224E-28  1.44568E+06  2.00000E-03 -1.23801E+01
  2.14532E+01  2.20224E-28  1.44568E+06  2.00000E-03 -1.23801E+01
  2.15000E+01  2.20224E-28  1.44568E+06  2.00000E-03 -1.23801E+01
  2.15468E+01  2.20224E-28  1.44568E+06  2.00000E-03 -1.23801E+01
  2.15936E+01  2.20224E-28  1.44568E+06  2.00000E-03 -1.23801E+01
  2.16403E+01  2.20224E-28  1.44568E+06  2.00000E-03 -1.23801E+01
  2.16871E+01  2.20224E-28  1.44568E+06  2.00000E-03 -1.23801E+01
  2.17339E+01  2.20013E-28  1.44476E+06  2.00000E-03 -1.23059E+01
  2.17807E+01  2.19802E-28  1.44383E+06  2.00000E-03 -1.22315E+01
  2.18275E+01  2.19802E-28  1.44383E+06  2.00000E-03 -1.22315E+01
  2.18743E+01  2.19802E-28  1.44383E+06  2.00000E-03 -1.22315E+01
  2.19211E+01  2.19802E-28  1.44383E+06  2.00000E-03 -1.22315E+01
  2.19679E+01  2.19802E-28  1.44383E+06  2.00000E-03 -1.22315E+01
  2.20147E+01  2.19802E-28  1.44383E+06  2.00000E-03 -1.22315E+01
  2.20615E+01  2.19802E-28  1.44383E+06  2.00000E-03 -1.22315E+01
  2.21082E+01  2.19802E-28  1.44383E+06  2.00000E-03 -1.22315E+01
  2.21550E+01  2.19802E-28  1.44383E+06  2.00000E-03 -1.22315E+01
  2.22018E+01  2.19802E-28  1.44383E+06  2.00000E-03 -1.22315E+01
  2.22486E+01  2.19802E-28  1.44383E+06  2.00000E-03 -1.22315E+01
  2.22954E+01  2.19802E-28  1.44383E+06  2.00000E-03 -1.22315E+01
  2.23422E+01  2.19802E-28  1.44383E+06  2.00000E-03 -1.22315E+01
  2.23890E+01  2.19802E-28  1.44383E+06  2.00000E-03 -1.22315E+01
  2.24358E+01  2.19802E-28  1.44383E+06  2.00000E-03 -1.22315E+01
  2.24826E+01  2.19758E-28  1.44363E+06  2.00000E-03 -1.20300E+01
  2.25294E+01  2.19714E-28  1.44343E+06  2.00000E-03 -1.18283E+01
  2.25761E+01  2.19714E-28  1.44343E+06  2.00000E-03 -1.18283E+01
  2.26229E+01  2.19714E-28  1.44343E+06  2.00000E-03 -1.18283E+01
  2.26697E+01  2.19714E-28  1.44343E+06  2.00000E-03 -1.18283E+01
  2.27165E+01  2.19714E-28  1.44343E+06  2.00000E-03 -1.18283E+01
  2.27633E+01  2.19714E-28  1.44343E+06  2.00000E-03 -1.18283E+01
  2.28101E+01  2.19714E-28  1.44343E+06  2.00000E-03 -1.18283E+01
  2.28569E+01  2.19714E-28  1.44343E+06  2.00000E-03 -1.18283E+01
  2.29037E+01  2.19714E-28  1.44343E+06  2.00000E-03 -1.18283E+01
  2.29505E+01  2.19714E-28  1.44343E+06  2.00000E-03 -1.18283E+01
  2.29972E+01  2.19714E-28  1.44343E+06  2.00000E-03 -1.18283E+01
  2.30440E+01  2.19714E-28  1.44343E+06  2.00000E-03 -1.18283E+01
  2.30908E+01  2.19714E-28  1.44343E+06  2.00000E-03 -1.18283E+01
  2.31376E+01  2.19714E-28  1.44343E+06  2.00000E-03 -1.18283E+01
  2.31844E+01  2.19714E-28  1.44343E+06  2.00000E-03 -1.18283E+01
  2.32312E+01  2.19793E-28  1.44378E+06  2.00000E-03 -1.15725E+01
  2.32780E+01  2.19873E-28  1.44412E+06  2.00000E-03 -1.13169E+01
  2.33248E+01  2.19873E-28  1.44412E+06  2.00000E-03 -1.13169E+01
  2.33716E+01  2.19873E-28  1.44412E+06  2.00000E-03 -1.13169E+01
  2.34184E+01  2.19873E-28  1.44412E+06  2.00000E-03 -1.13169E+01
  2.34651E+01  2.19873E-28  1.44412E+06  2.00000E-03 -1.13169E+01
  2.35119E+01  2.19873E-28  1.44412E+06  2.00000E-03 -1.13169E+01
  2.35587E+01  2.19873E-28  1.44412E+06  2.00000E-03 -1.13169E+01
  2.36055E+01  2.19873E-28  1.44412E+06  2.00000E-03 -1.13169E+01
  2.36523E+01  2.19873E-28  1.44412E+06  2.00000E-03 -1.13169E+01
  2.36991E+01  2.19873E-28  1.44412E+06  2.00000E-03 -1.13169E+01
  2.37459E+01  2.19873E-28  1.44412E+06  2.00000E-03 -1.13169E+01
  2.37927E+01  2.19873E-28  1.44412E+06  2.00000E-03 -1.13169E+01
  2.38395E+01  2.19873E-28  1.44412E+06  2.00000E-03 -1.13169E+01
  2.38863E+01  2.19873E-28  1.44412E+06  2.00000E-03 -1.13169E+01
  2.39330E+01  2.19873E-28  1.44412E+06  2.00000E-03 -1.13169E+01
  2.39798E+01  2.19997E-28  1.44466E+06  2.00000E-03 -1.10416E+01
