 -3.38613E+01  2.15281E-28  1.42397E+06  2.00000E-03  7.05595E+00
 -3.37677E+01  2.15230E-28  1.42375E+06  2.00000E-03  7.12285E+00
 -3.36741E+01  2.15015E-28  1.42280E+06  2.00000E-03  7.40741E+00
 -3.35805E+01  2.14940E-28  1.42247E+06  2.00000E-03  7.50701E+00
 -3.34870E+01  2.14940E-28  1.42247E+06  2.00000E-03  7.50701E+00
 -3.33934E+01  2.14940E-28  1.42247E+06  2.00000E-03  7.50701E+00
 -3.32998E+01  2.14940E-28  1.42247E+06  2.00000E-03  7.50701E+00
 -3.32062E+01  2.14940E-28  1.42247E+06  2.00000E-03  7.50701E+00
 -3.31126E+01  2.14940E-28  1.42247E+06  2.00000E-03  7.50701E+00
 -3.30191E+01  2.14940E-28  1.42247E+06  2.00000E-03  7.50701E+00
 -3.29255E+01  2.14785E-28  1.42179E+06  2.00000E-03  7.67960E+00
 -3.28319E+01  2.14437E-28  1.42026E+06  2.00000E-03  8.06910E+00
 -3.27383E+01  2.14372E-28  1.41997E+06  2.00000E-03  8.14174E+00
 -3.26447E+01  2.14098E-28  1.41876E+06  2.00000E-03  8.44502E+00
 -3.25512E+01  2.13925E-28  1.41800E+06  2.00000E-03  8.63583E+00
 -3.24576E+01  2.13919E-28  1.41797E+06  2.00000E-03  8.64245E+00
 -3.23640E+01  2.13919E-28  1.41797E+06  2.00000E-03  8.64245E+00
 -3.22704E+01  2.13919E-28  1.41797E+06  2.00000E-03  8.64245E+00
 -3.21768E+01  2.13919E-28  1.41797E+06  2.00000E-03  8.64245E+00
 -3.20833E+01  2.13919E-28  1.41797E+06  2.00000E-03  8.64245E+00
 -3.19897E+01  2.13919E-28  1.41797E+06  2.00000E-03  8.64245E+00
 -3.18961E+01  2.13871E-28  1.41776E+06  2.00000E-03  8.72270E+00
 -3.18025E+01  2.13690E-28  1.41697E+06  2.00000E-03  9.02720E+00
 -3.17090E+01  2.13633E-28  1.41672E+06  2.00000E-03  9.12188E+00
 -3.16154E+01  2.13544E-28  1.41633E+06  2.00000E-03  9.22336E+00
 -3.15218E+01  2.13310E-28  1.41529E+06  2.00000E-03  9.48936E+00
 -3.14282E+01  2.13271E-28  1.41512E+06  2.00000E-03  9.53431E+00
 -3.13346E+01  2.13271E-28  1.41512E+06  2.00000E-03  9.53431E+00
 -3.12411E+01  2.13271E-28  1.41512E+06  2.00000E-03  9.53431E+00
 -3.11475E+01  2.13271E-28  1.41512E+06  2.00000E-03  9.53431E+00
 -3.10539E+01  2.13271E-28  1.41512E+06  2.00000E-03  9.53431E+00
 -3.09603E+01  2.13271E-28  1.41512E+06  2.00000E-03  9.53431E+00
 -3.08667E+01  2.13271E-28  1.41512E+06  2.00000E-03  9.53431E+00
 -3.07732E+01  2.13269E-28  1.41511E+06  2.00000E-03  9.63516E+00
 -3.06796E+01  2.13266E-28  1.41511E+06  2.00000E-03  9.86127E+00
 -3.05860E+01  2.13268E-28  1.41512E+06  2.00000E-03  9.88611E+00
 -3.04924E+01  2.13271E-28  1.41514E+06  2.00000E-03  9.98164E+00
 -3.03988E+01  2.13271E-28  1.41514E+06  2.00000E-03  9.98164E+00
 -3.03053E+01  2.13271E-28  1.41514E+06  2.00000E-03  9.98164E+00
 -3.02117E+01  2.13271E-28  1.41514E+06  2.00000E-03  9.98164E+00
 -3.01181E+01  2.13271E-28  1.41514E+06  2.00000E-03  9.98165E+00
 -3.00245E+01  2.13271E-28  1.41514E+06  2.00000E-03  9.98165E+00
 -2.99309E+01  2.13271E-28  1.41514E+06  2.00000E-03  9.98164E+00
 -2.98374E+01  2.13271E-28  1.41514E+06  2.00000E-03  9.98164E+00
 -2.97438E+01  2.13307E-28  1.41530E+06  2.00000E-03  1.00600E+01
 -2.96502E+01  2.13380E-28  1.41564E+06  2.00000E-03  1.02198E+01
 -2.95566E+01  2.13396E-28  1.41571E+06  2.00000E-03  1.02402E+01
 -2.94630E+01  2.13766E-28  1.41736E+06  2.00000E-03  9.99513E+00
 -2.93695E+01  2.13992E-28  1.41836E+06  2.00000E-03  9.84610E+00
 -2.92759E+01  2.13992E-28  1.41836E+06  2.00000E-03  9.84610E+00
 -2.91823E+01  2.13992E-28  1.41836E+06  2.00000E-03  9.84610E+00
 -2.90887E+01  2.13992E-28  1.41836E+06  2.00000E-03  9.84610E+00
 -2.89951E+01  2.13992E-28  1.41836E+06  2.00000E-03  9.84610E+00
 -2.89016E+01  2.14013E-28  1.41845E+06  2.00000E-03  9.90348E+00
 -2.88080E+01  2.14009E-28  1.41843E+06  2.00000E-03  9.89272E+00
 -2.87144E+01  2.14054E-28  1.41863E+06  2.00000E-03  9.96935E+00
 -2.86208E+01  2.14134E-28  1.41899E+06  2.00000E-03  1.00833E+01
 -2.85272E+01  2.14183E-28  1.41922E+06  2.00000E-03  1.01731E+01
 -2.84337E+01  2.14636E-28  1.42122E+06  2.00000E-03  9.79445E+00
 -2.83401E+01  2.15049E-28  1.42305E+06  2.00000E-03  9.44917E+00
 -2.82465E+01  2.15048E-28  1.42304E+06  2.00000E-03  9.45336E+00
 -2.81529E+01  2.15049E-28  1.42305E+06  2.00000E-03  9.44901E+00
 -2.80593E+01  2.15048E-28  1.42304E+06  2.00000E-03  9.45317E+00
 -2.79658E+01  2.15049E-28  1.42305E+06  2.00000E-03  9.44882E+00
 -2.78722E+01  2.15048E-28  1.42304E+06  2.00000E-03  9.45301E+00
 -2.77786E+01  2.15049E-28  1.42305E+06  2.00000E-03  9.45110E+00
 -2.76850E+01  2.15049E-28  1.42305E+06  2.00000E-03  9.44908E+00
 -2.75914E+01  2.15060E-28  1.42312E+06  2.00000E-03  9.52697E+00
 -2.74979E+01  2.15081E-28  1.42325E+06  2.00000E-03  9.66136E+00
 -2.74043E+01  2.15121E-28  1.42343E+06  2.00000E-03  9.60829E+00
 -2.73107E+01  2.15250E-28  1.42401E+06  2.00000E-03  9.42370E+00
 -2.72171E+01  2.15253E-28  1.42402E+06  2.00000E-03  9.41981E+00
 -2.71235E+01  2.15246E-28  1.42399E+06  2.00000E-03  9.42817E+00
 -2.70300E+01  2.15253E-28  1.42402E+06  2.00000E-03  9.41948E+00
 -2.69364E+01  2.15247E-28  1.42399E+06  2.00000E-03  9.42779E+00
 -2.68428E+01  2.15253E-28  1.42402E+06  2.00000E-03  9.42038E+00
 -2.67492E+01  2.15249E-28  1.42400E+06  2.00000E-03  9.42539E+00
 -2.66556E+01  2.15249E-28  1.42400E+06  2.00000E-03  9.42498E+00
 -2.65621E+01  2.15180E-28  1.42370E+06  2.00000E-03  9.49041E+00
 -2.64685E+01  2.14700E-28  1.42160E+06  2.00000E-03  9.95030E+00
 -2.63749E+01  2.14642E-28  1.42135E+06  2.00000E-03  9.99922E+00
 -2.62813E+01  2.14319E-28  1.41992E+06  2.00000E-03  1.02174E+01
 -2.61877E+01  2.14034E-28  1.41866E+06  2.00000E-03  1.04856E+01
 -2.60942E+01  2.14034E-28  1.41866E+06  2.00000E-03  1.04856E+01
 -2.60006E+01  2.13766E-28  1.41748E+06  2.00000E-03  1.07398E+01
 -2.59070E+01  2.13314E-28  1.41549E+06  2.00000E-03  1.11705E+01
 -2.58134E+01  2.13229E-28  1.41511E+06  2.00000E-03  1.12212E+01
 -2.57198E+01  2.12971E-28  1.41397E+06  2.00000E-03  1.13759E+01
 -2.56263E+01  2.12971E-28  1.41397E+06  2.00000E-03  1.13759E+01
 -2.55327E+01  2.12971E-28  1.41397E+06  2.00000E-03  1.13759E+01
 -2.54391E+01  2.12522E-28  1.41198E+06  2.00000E-03  1.18055E+01
 -2.53455E+01  2.12312E-28  1.41105E+06  2.00000E-03  1.20072E+01
 -2.52519E+01  2.12234E-28  1.41071E+06  2.00000E-03  1.20331E+01
 -2.51584E+01  2.12174E-28  1.41043E+06  2.00000E-03  1.20534E+01
 -2.50648E+01  2.12174E-28  1.41043E+06  2.00000E-03  1.20534E+01
 -2.49712E+01  2.12121E-28  1.41020E+06  2.00000E-03  1.21094E+01
 -2.48776E+01  2.11785E-28  1.40872E+06  2.00000E-03  1.24628E+01
 -2.47840E+01  2.11758E-28  1.40860E+06  2.00000E-03  1.24900E+01
 -2.46905E+01  2.11855E-28  1.40902E+06  2.00000E-03  1.23642E+01
 -2.45969E+01  2.11873E-28  1.40910E+06  2.00000E-03  1.23408E+01
 -2.45033E+01  2.11873E-28  1.40910E+06  2.00000E-03  1.23408E+01
 -2.44097E+01  2.11806E-28  1.40881E+06  2.00000E-03  1.24375E+01
 -2.43161E+01  2.11704E-28  1.40837E+06  2.00000E-03  1.25860E+01
 -2.42226E+01  2.11793E-28  1.40876E+06  2.00000E-03  1.25033E+01
 -2.41290E+01  2.12022E-28  1.40977E+06  2.00000E-03  1.22901E+01
 -2.40354E+01  2.12022E-28  1.40977E+06  2.00000E-03  1.22901E+01
 -2.39418E+01  2.12022E-28  1.40977E+06  2.00000E-03  1.22901E+01
 -2.38482E+01  2.12042E-28  1.40988E+06  2.00000E-03  1.23613E+01
 -2.37547E+01  2.12108E-28  1.41018E+06  2.00000E-03  1.23354E+01
 -2.36611E+01  2.12339E-28  1.41120E+06  2.00000E-03  1.21210E+01
 -2.35675E+01  2.12479E-28  1.41182E+06  2.00000E-03  1.19907E+01
 -2.34739E+01  2.12479E-28  1.41182E+06  2.00000E-03  1.19907E+01
 -2.33803E+01  2.12486E-28  1.41185E+06  2.00000E-03  1.19940E+01
 -2.32868E+01  2.12549E-28  1.41215E+06  2.00000E-03  1.20255E+01
 -2.31932E+01  2.12720E-28  1.41291E+06  2.00000E-03  1.19196E+01
 -2.30996E+01  2.12951E-28  1.41394E+06  2.00000E-03  1.17074E+01
 -2.30060E+01  2.12991E-28  1.41412E+06  2.00000E-03  1.16709E+01
 -2.29124E+01  2.12991E-28  1.41411E+06  2.00000E-03  1.16709E+01
 -2.28189E+01  2.12998E-28  1.41415E+06  2.00000E-03  1.16955E+01
 -2.27253E+01  2.13033E-28  1.41432E+06  2.00000E-03  1.17588E+01
 -2.26317E+01  2.13143E-28  1.41481E+06  2.00000E-03  1.16644E+01
 -2.25381E+01  2.13286E-28  1.41545E+06  2.00000E-03  1.15099E+01
 -2.24445E+01  2.13286E-28  1.41545E+06  2.00000E-03  1.15099E+01
 -2.23510E+01  2.13287E-28  1.41545E+06  2.00000E-03  1.15099E+01
 -2.22574E+01  2.13238E-28  1.41524E+06  2.00000E-03  1.16255E+01
 -2.21638E+01  2.13219E-28  1.41516E+06  2.00000E-03  1.16871E+01
 -2.20702E+01  2.13281E-28  1.41544E+06  2.00000E-03  1.15961E+01
 -2.19766E+01  2.13320E-28  1.41561E+06  2.00000E-03  1.15377E+01
 -2.18831E+01  2.13320E-28  1.41561E+06  2.00000E-03  1.15377E+01
 -2.17895E+01  2.13305E-28  1.41554E+06  2.00000E-03  1.15655E+01
 -2.16959E+01  2.13212E-28  1.41514E+06  2.00000E-03  1.17318E+01
 -2.16023E+01  2.13213E-28  1.41515E+06  2.00000E-03  1.17271E+01
 -2.15087E+01  2.13279E-28  1.41544E+06  2.00000E-03  1.15744E+01
 -2.14152E+01  2.13288E-28  1.41548E+06  2.00000E-03  1.15538E+01
 -2.13216E+01  2.13288E-28  1.41548E+06  2.00000E-03  1.15538E+01
 -2.12280E+01  2.13277E-28  1.41544E+06  2.00000E-03  1.15882E+01
 -2.11344E+01  2.13268E-28  1.41540E+06  2.00000E-03  1.16263E+01
 -2.10408E+01  2.13330E-28  1.41568E+06  2.00000E-03  1.15237E+01
 -2.09473E+01  2.13410E-28  1.41603E+06  2.00000E-03  1.13860E+01
 -2.08537E+01  2.13410E-28  1.41603E+06  2.00000E-03  1.13860E+01
 -2.07601E+01  2.13410E-28  1.41603E+06  2.00000E-03  1.13860E+01
 -2.06665E+01  2.13442E-28  1.41617E+06  2.00000E-03  1.13713E+01
 -2.05729E+01  2.13520E-28  1.41652E+06  2.00000E-03  1.12851E+01
 -2.04794E+01  2.13734E-28  1.41746E+06  2.00000E-03  1.10023E+01
 -2.03858E+01  2.13794E-28  1.41773E+06  2.00000E-03  1.09223E+01
 -2.02922E+01  2.13794E-28  1.41773E+06  2.00000E-03  1.09224E+01
 -2.01986E+01  2.13802E-28  1.41777E+06  2.00000E-03  1.09142E+01
 -2.01050E+01  2.13861E-28  1.41806E+06  2.00000E-03  1.08528E+01
 -2.00115E+01  2.14118E-28  1.41921E+06  2.00000E-03  1.05708E+01
 -1.99179E+01  2.14464E-28  1.42073E+06  2.00000E-03  1.01880E+01
 -1.98243E+01  2.14498E-28  1.42088E+06  2.00000E-03  1.01515E+01
 -1.97307E+01  2.14498E-28  1.42088E+06  2.00000E-03  1.01515E+01
 -1.96371E+01  2.14561E-28  1.42116E+06  2.00000E-03  1.00897E+01
 -1.95436E+01  2.14760E-28  1.42206E+06  2.00000E-03  9.89248E+00
 -1.94500E+01  2.14961E-28  1.42295E+06  2.00000E-03  9.68167E+00
 -1.93564E+01  2.15183E-28  1.42391E+06  2.00000E-03  9.41983E+00
 -1.92628E+01  2.15233E-28  1.42412E+06  2.00000E-03  9.33494E+00
 -1.91693E+01  2.15418E-28  1.42494E+06  2.00000E-03  9.11439E+00
 -1.90757E+01  2.15583E-28  1.42567E+06  2.00000E-03  8.88568E+00
 -1.89821E+01  2.15644E-28  1.42594E+06  2.00000E-03  8.78946E+00
 -1.88885E+01  2.15825E-28  1.42674E+06  2.00000E-03  8.57092E+00
 -1.87949E+01  2.15932E-28  1.42722E+06  2.00000E-03  8.40888E+00
 -1.87014E+01  2.16036E-28  1.42769E+06  2.00000E-03  8.23302E+00
 -1.86078E+01  2.16173E-28  1.42830E+06  2.00000E-03  8.03298E+00
 -1.85142E+01  2.16250E-28  1.42865E+06  2.00000E-03  7.89827E+00
 -1.84206E+01  2.16366E-28  1.42916E+06  2.00000E-03  7.70129E+00
 -1.83270E+01  2.16494E-28  1.42973E+06  2.00000E-03  7.49519E+00
 -1.82335E+01  2.16585E-28  1.43014E+06  2.00000E-03  7.34209E+00
 -1.81399E+01  2.16659E-28  1.43046E+06  2.00000E-03  7.19709E+00
 -1.80463E+01  2.16795E-28  1.43107E+06  2.00000E-03  6.94135E+00
 -1.79527E+01  2.16873E-28  1.43141E+06  2.00000E-03  6.80864E+00
 -1.78591E+01  2.16906E-28  1.43156E+06  2.00000E-03  6.69676E+00
 -1.77656E+01  2.16967E-28  1.43183E+06  2.00000E-03  6.52632E+00
 -1.76720E+01  2.17030E-28  1.43211E+06  2.00000E-03  6.38499E+00
 -1.75784E+01  2.16983E-28  1.43190E+06  2.00000E-03  6.31034E+00
 -1.74848E+01  2.16994E-28  1.43195E+06  2.00000E-03  6.20631E+00
 -1.73912E+01  2.16984E-28  1.43190E+06  2.00000E-03  6.12399E+00
 -1.72977E+01  2.16844E-28  1.43128E+06  2.00000E-03  6.12837E+00
 -1.72041E+01  2.16791E-28  1.43105E+06  2.00000E-03  6.10666E+00
 -1.71105E+01  2.16685E-28  1.43058E+06  2.00000E-03  6.11905E+00
 -1.70169E+01  2.16443E-28  1.42951E+06  2.00000E-03  6.21388E+00
 -1.69233E+01  2.16389E-28  1.42927E+06  2.00000E-03  6.15964E+00
 -1.68298E+01  2.16208E-28  1.42847E+06  2.00000E-03  6.20305E+00
 -1.67362E+01  2.15954E-28  1.42734E+06  2.00000E-03  6.31689E+00
 -1.66426E+01  2.15913E-28  1.42716E+06  2.00000E-03  6.26133E+00
 -1.65490E+01  2.15706E-28  1.42624E+06  2.00000E-03  6.31000E+00
 -1.64554E+01  2.15503E-28  1.42534E+06  2.00000E-03  6.38036E+00
 -1.63619E+01  2.15486E-28  1.42527E+06  2.00000E-03  6.31643E+00
 -1.62683E+01  2.15319E-28  1.42453E+06  2.00000E-03  6.38267E+00
 -1.61747E+01  2.15167E-28  1.42386E+06  2.00000E-03  6.39518E+00
 -1.60811E+01  2.15162E-28  1.42384E+06  2.00000E-03  6.30726E+00
 -1.59875E+01  2.15018E-28  1.42320E+06  2.00000E-03  6.34874E+00
 -1.58940E+01  2.14994E-28  1.42310E+06  2.00000E-03  6.24596E+00
 -1.58004E+01  2.14990E-28  1.42308E+06  2.00000E-03  6.14423E+00
 -1.57068E+01  2.14871E-28  1.42255E+06  2.00000E-03  6.17840E+00
 -1.56132E+01  2.14881E-28  1.42261E+06  2.00000E-03  6.06353E+00
 -1.55196E+01  2.14854E-28  1.42249E+06  2.00000E-03  5.98419E+00
 -1.54261E+01  2.14739E-28  1.42198E+06  2.00000E-03  6.02550E+00
 -1.53325E+01  2.14757E-28  1.42207E+06  2.00000E-03  5.90419E+00
 -1.52389E+01  2.14688E-28  1.42177E+06  2.00000E-03  5.89424E+00
 -1.51453E+01  2.14568E-28  1.42124E+06  2.00000E-03  5.98973E+00
 -1.50517E+01  2.14575E-28  1.42128E+06  2.00000E-03  5.87353E+00
 -1.49582E+01  2.14458E-28  1.42077E+06  2.00000E-03  6.00519E+00
 -1.48646E+01  2.14392E-28  1.42048E+06  2.00000E-03  6.03014E+00
 -1.47710E+01  2.14417E-28  1.42060E+06  2.00000E-03  5.85981E+00
 -1.46774E+01  2.14343E-28  1.42027E+06  2.00000E-03  6.03337E+00
 -1.45838E+01  2.14325E-28  1.42020E+06  2.00000E-03  6.02099E+00
 -1.44903E+01  2.14363E-28  1.42037E+06  2.00000E-03  5.87913E+00
 -1.43967E+01  2.14362E-28  1.42037E+06  2.00000E-03  6.04332E+00
 -1.43031E+01  2.14380E-28  1.42045E+06  2.00000E-03  6.01132E+00
 -1.42095E+01  2.14448E-28  1.42075E+06  2.00000E-03  5.91101E+00
 -1.41159E+01  2.14453E-28  1.42077E+06  2.00000E-03  6.18645E+00
 -1.40224E+01  2.14513E-28  1.42106E+06  2.00000E-03  6.10333E+00
 -1.39288E+01  2.14585E-28  1.42139E+06  2.00000E-03  6.11250E+00
 -1.38352E+01  2.14674E-28  1.42177E+06  2.00000E-03  6.29441E+00
 -1.37416E+01  2.14754E-28  1.42207E+06  2.00000E-03  6.21494E+00
 -1.36480E+01  2.14837E-28  1.42242E+06  2.00000E-03  6.36649E+00
 -1.35545E+01  2.14921E-28  1.42275E+06  2.00000E-03  6.54889E+00
 -1.34609E+01  2.14992E-28  1.42287E+06  2.00000E-03  6.39727E+00
 -1.33673E+01  2.15108E-28  1.42322E+06  1.99999E-03  6.63115E+00
 -1.32737E+01  2.15142E-28  1.42380E+06  1.99999E-03  6.74461E+00
 -1.31801E+01  2.15148E-28  1.42497E+06  1.99996E-03  6.67571E+00
 -1.30866E+01  2.15313E-28  1.42519E+06  1.99995E-03  7.25971E+00
 -1.29930E+01  2.15413E-28  1.42607E+06  1.99988E-03  7.73760E+00
 -1.28994E+01  2.15485E-28  1.42685E+06  1.99979E-03  8.28682E+00
 -1.28058E+01  2.15572E-28  1.42638E+06  1.99973E-03  8.99973E+00
 -1.27122E+01  2.15746E-28  1.42620E+06  1.99939E-03  9.85570E+00
 -1.26187E+01  2.15925E-28  1.42611E+06  1.99901E-03  1.05479E+01
 -1.25251E+01  2.16033E-28  1.42555E+06  1.99882E-03  1.09286E+01
 -1.24315E+01  2.16351E-28  1.42422E+06  1.99778E-03  1.11796E+01
 -1.23379E+01  2.16723E-28  1.42287E+06  1.99666E-03  1.16934E+01
 -1.22443E+01  2.16923E-28  1.42189E+06  1.99599E-03  1.20314E+01
 -1.21508E+01  2.17732E-28  1.41698E+06  1.99249E-03  1.18781E+01
 -1.20572E+01  2.18134E-28  1.41435E+06  1.99085E-03  1.24856E+01
 -1.19636E+01  2.18752E-28  1.40997E+06  1.98844E-03  1.28675E+01
 -1.18700E+01  2.21280E-28  1.39303E+06  1.97825E-03  1.25946E+01
 -1.17764E+01  2.21028E-28  1.39316E+06  1.97917E-03  1.34226E+01
 -1.16829E+01  2.24662E-28  1.36919E+06  1.96647E-03  1.36482E+01
 -1.15893E+01  2.33740E-28  1.31411E+06  1.93592E-03  1.31254E+01
 -1.14957E+01  2.28043E-28  1.34631E+06  1.95519E-03  1.42686E+01
 -1.14021E+01  2.34508E-28  1.30703E+06  1.93412E-03  1.41456E+01
 -1.13085E+01  2.43472E-28  1.25669E+06  1.90642E-03  1.36224E+01
 -1.12150E+01  2.29902E-28  1.33208E+06  1.94878E-03  1.48086E+01
 -1.11214E+01  2.33377E-28  1.30969E+06  1.93623E-03  1.43007E+01
 -1.10278E+01  2.35224E-28  1.29753E+06  1.92959E-03  1.38362E+01
 -1.09342E+01  2.25214E-28  1.35644E+06  1.96250E-03  1.43652E+01
 -1.08406E+01  2.26783E-28  1.34430E+06  1.95643E-03  1.34258E+01
 -1.07471E+01  2.23723E-28  1.36220E+06  1.96635E-03  1.29906E+01
 -1.06535E+01  2.19244E-28  1.39086E+06  1.98206E-03  1.28890E+01
 -1.05599E+01  2.19769E-28  1.38514E+06  1.97952E-03  1.20207E+01
 -1.04663E+01  2.17922E-28  1.39572E+06  1.98529E-03  1.12159E+01
 -1.03727E+01  2.15995E-28  1.40812E+06  1.99190E-03  1.09365E+01
 -1.02792E+01  2.16095E-28  1.40493E+06  1.99068E-03  1.00661E+01
 -1.01856E+01  2.14997E-28  1.41102E+06  1.99403E-03  9.40919E+00
 -1.00920E+01  2.14299E-28  1.41489E+06  1.99622E-03  9.02477E+00
 -9.99843E+00  2.14069E-28  1.41374E+06  1.99622E-03  8.35246E+00
 -9.90485E+00  2.13244E-28  1.41774E+06  1.99848E-03  7.93965E+00
 -9.81127E+00  2.13218E-28  1.41752E+06  1.99841E-03  7.82256E+00
 -9.71769E+00  2.13017E-28  1.41572E+06  1.99775E-03  6.99455E+00
 -9.62411E+00  2.12929E-28  1.41508E+06  1.99732E-03  6.59641E+00
 -9.53053E+00  2.13134E-28  1.41299E+06  1.99623E-03  6.35097E+00
 -9.43695E+00  2.14525E-28  1.40072E+06  1.98927E-03  5.29968E+00
 -9.34337E+00  2.15751E-28  1.39189E+06  1.98371E-03  4.65742E+00
 -9.24979E+00  2.17292E-28  1.38071E+06  1.97698E-03  4.03451E+00
 -9.15621E+00  2.22416E-28  1.34725E+06  1.95657E-03  2.51229E+00
 -9.06263E+00  2.25654E-28  1.32747E+06  1.94428E-03  1.68260E+00
 -8.96905E+00  2.27330E-28  1.31703E+06  1.93842E-03  9.74126E-01
 -8.87547E+00  2.29749E-28  1.30293E+06  1.93088E-03 -2.37902E-01
 -8.78189E+00  2.31253E-28  1.29478E+06  1.92643E-03 -9.66449E-01
 -8.68831E+00  2.30680E-28  1.29846E+06  1.92904E-03 -1.30389E+00
 -8.59473E+00  2.30136E-28  1.30334E+06  1.93188E-03 -1.57456E+00
 -8.50115E+00  2.29203E-28  1.31020E+06  1.93680E-03 -2.05399E+00
 -8.40757E+00  2.27726E-28  1.32022E+06  1.94374E-03 -2.17366E+00
 -8.31399E+00  2.27262E-28  1.32554E+06  1.94617E-03 -2.06660E+00
 -8.22041E+00  2.25275E-28  1.33895E+06  1.95488E-03 -1.93667E+00
 -8.12683E+00  2.23685E-28  1.34959E+06  1.96171E-03 -1.62600E+00
 -8.03325E+00  2.22211E-28  1.36010E+06  1.96744E-03 -1.96593E+00
 -7.93967E+00  2.20798E-28  1.36950E+06  1.97290E-03 -1.63217E+00
 -7.84609E+00  2.18939E-28  1.38231E+06  1.98038E-03 -1.14481E+00
 -7.75251E+00  2.18621E-28  1.38528E+06  1.98196E-03 -1.36021E+00
 -7.65893E+00  2.18602E-28  1.38555E+06  1.98252E-03 -1.06341E+00
 -7.56535E+00  2.19129E-28  1.38385E+06  1.98169E-03 -1.11843E+00
 -7.47177E+00  2.19370E-28  1.38314E+06  1.98113E-03 -1.32283E+00
 -7.37819E+00  2.19897E-28  1.38004E+06  1.97995E-03 -1.15598E+00
 -7.28461E+00  2.20464E-28  1.37857E+06  1.97872E-03 -1.50496E+00
 -7.19103E+00  2.20495E-28  1.37883E+06  1.97866E-03 -1.61823E+00
 -7.09745E+00  2.19509E-28  1.38594E+06  1.98231E-03 -1.32156E+00
 -7.00387E+00  2.18611E-28  1.39268E+06  1.98515E-03 -1.56266E+00
 -6.91029E+00  2.18504E-28  1.39348E+06  1.98549E-03 -1.57336E+00
 -6.81671E+00  2.17325E-28  1.40146E+06  1.98949E-03 -1.00608E+00
 -6.72313E+00  2.16608E-28  1.40492E+06  1.99104E-03 -1.11238E+00
 -6.62955E+00  2.16514E-28  1.40543E+06  1.99143E-03 -1.00225E+00
 -6.53597E+00  2.15808E-28  1.40765E+06  1.99345E-03 -4.66176E-01
 -6.44239E+00  2.15444E-28  1.40699E+06  1.99351E-03 -5.25171E-01
 -6.34881E+00  2.15251E-28  1.40779E+06  1.99413E-03 -3.76820E-01
 -6.25523E+00  2.14339E-28  1.40887E+06  1.99573E-03 -1.98083E-02
 -6.16165E+00  2.14003E-28  1.40792E+06  1.99565E-03 -6.32046E-02
 -6.06807E+00  2.13733E-28  1.40837E+06  1.99622E-03  5.90251E-01
 -5.97449E+00  2.12792E-28  1.40815E+06  1.99724E-03  1.42172E+00
 -5.88091E+00  2.12543E-28  1.40782E+06  1.99736E-03  1.41384E+00
 -5.78733E+00  2.12196E-28  1.40790E+06  1.99774E-03  2.38940E+00
 -5.69375E+00  2.11472E-28  1.40650E+06  1.99801E-03  2.99638E+00
 -5.60017E+00  2.11373E-28  1.40619E+06  1.99801E-03  2.97833E+00
 -5.50659E+00  2.11702E-28  1.40177E+06  1.99598E-03  3.47883E+00
 -5.41301E+00  2.12570E-28  1.39215E+06  1.99177E-03  3.11119E+00
 -5.31943E+00  2.14345E-28  1.38017E+06  1.98467E-03  2.85173E+00
 -5.22585E+00  2.44215E-28  1.21068E+06  1.88167E-03  5.43131E-02
 -5.13227E+00  2.65328E-28  1.11209E+06  1.82349E-03 -1.07414E+00
 -5.03869E+00  2.71650E-28  1.08524E+06  1.80900E-03 -1.06788E+00
 -4.94511E+00  3.08398E-28  9.53340E+05  1.73317E-03 -2.69926E+00
 -4.85153E+00  3.16591E-28  9.28157E+05  1.71691E-03 -3.75842E+00
 -4.75795E+00  3.15231E-28  9.31915E+05  1.71964E-03 -3.42917E+00
 -4.66437E+00  3.08308E-28  9.52520E+05  1.73133E-03 -3.53803E+00
 -4.57079E+00  3.05486E-28  9.61517E+05  1.73508E-03 -4.38757E+00
 -4.47721E+00  2.88897E-28  1.01725E+06  1.76885E-03 -3.89556E+00
 -4.38363E+00  2.55640E-28  1.15028E+06  1.84848E-03 -4.30028E+00
 -4.29005E+00  2.50721E-28  1.17278E+06  1.86175E-03 -4.79469E+00
 -4.19647E+00  2.56910E-28  1.14428E+06  1.84393E-03 -4.70915E+00
 -4.10289E+00  2.66373E-28  1.10279E+06  1.81719E-03 -6.55649E+00
 -4.00931E+00  2.67389E-28  1.09848E+06  1.81432E-03 -6.92566E+00
 -3.91574E+00  2.71888E-28  1.08290E+06  1.79006E-03 -9.13493E+00
 -3.82215E+00  2.83694E-28  1.03845E+06  1.74019E-03 -1.38272E+01
 -3.72858E+00  2.82899E-28  1.04198E+06  1.73726E-03 -1.41713E+01
 -3.63500E+00  5.61900E-28  5.25509E+05  1.55420E-03 -1.90015E+01
 -3.54142E+00  1.38459E-27  2.11168E+05  1.45568E-03 -2.11858E+01
 -3.44784E+00  1.22603E-27  2.39204E+05  1.46893E-03 -2.06913E+01
 -3.35426E+00  9.28415E-28  3.16540E+05  1.52464E-03 -1.78323E+01
 -3.26068E+00  1.52148E-27  1.90399E+05  1.47372E-03 -1.93701E+01
 -3.16710E+00  1.11392E-27  2.60062E+05  1.50300E-03 -1.79098E+01
 -3.07352E+00  2.61689E-28  1.10547E+06  1.85425E-03  7.90478E-01
 -2.97994E+00  2.76321E-28  1.04483E+06  1.82153E-03 -3.91037E-01
 -2.88636E+00  2.56615E-28  1.12572E+06  1.86013E-03  1.26429E+00
 -2.79278E+00  2.19387E-28  1.31527E+06  1.95655E-03  5.44909E+00
 -2.69920E+00  2.07381E-28  1.39060E+06  1.99591E-03  7.17536E+00
 -2.60562E+00  2.07541E-28  1.39063E+06  1.99679E-03  6.51476E+00
 -2.51204E+00  2.07601E-28  1.39043E+06  1.99951E-03  5.73745E+00
 -2.41846E+00  2.07592E-28  1.39042E+06  2.00000E-03  5.67308E+00
 -2.32488E+00  2.07421E-28  1.38949E+06  2.00000E-03  5.37938E+00
 -2.23130E+00  2.07184E-28  1.38838E+06  2.00000E-03  5.11485E+00
 -2.13772E+00  2.07141E-28  1.38819E+06  2.00000E-03  5.09063E+00
 -2.04414E+00  2.06796E-28  1.38672E+06  2.00000E-03  5.03049E+00
 -1.95056E+00  2.06529E-28  1.38557E+06  2.00000E-03  4.97124E+00
 -1.85698E+00  2.06448E-28  1.38521E+06  2.00000E-03  4.90912E+00
 -1.76340E+00  2.06083E-28  1.38356E+06  2.00000E-03  4.78202E+00
 -1.66982E+00  2.05908E-28  1.38277E+06  2.00000E-03  4.98476E+00
 -1.57624E+00  2.05768E-28  1.38213E+06  2.00000E-03  4.92017E+00
 -1.48266E+00  2.05433E-28  1.38061E+06  2.00000E-03  4.98816E+00
 -1.38908E+00  2.05314E-28  1.38007E+06  2.00000E-03  5.17902E+00
 -1.29550E+00  2.05147E-28  1.37929E+06  2.00000E-03  4.88449E+00
 -1.20192E+00  2.04844E-28  1.37785E+06  2.00000E-03  5.25404E+00
 -1.10834E+00  2.04802E-28  1.37765E+06  2.00000E-03  5.48698E+00
 -1.01476E+00  2.04666E-28  1.37712E+06  2.00000E-03  5.12104E+00
 -9.21180E-01  2.04472E-28  1.37651E+06  2.00000E-03  5.62821E+00
 -8.27600E-01  2.04451E-28  1.37645E+06  2.00000E-03  5.75618E+00
 -7.34020E-01  2.04237E-28  1.37834E+06  1.99999E-03  5.26860E+00
 -6.40440E-01  2.03906E-28  1.37934E+06  1.99998E-03  5.98445E+00
 -5.46860E-01  2.03898E-28  1.37956E+06  1.99990E-03  5.92471E+00
 -4.53280E-01  2.03743E-28  1.38139E+06  1.99916E-03  5.64183E+00
 -3.59700E-01  2.03369E-28  1.38310E+06  1.99855E-03  6.12388E+00
 -2.66121E-01  2.04425E-28  1.37608E+06  1.99474E-03  5.65625E+00
 -1.72541E-01  2.08287E-28  1.34627E+06  1.97657E-03  5.03116E+00
 -7.89609E-02  2.09697E-28  1.32986E+06  1.96418E-03  6.05150E+00
  1.46190E-02  2.29285E-28  1.21391E+06  1.89831E-03  1.29320E+00
  1.08199E-01  2.80067E-28  9.80167E+05  1.76356E-03 -5.79858E+00
  2.01779E-01  3.04176E-28  8.93093E+05  1.71274E-03 -7.50534E+00
  2.95359E-01  3.97701E-28  6.80173E+05  1.58907E-03 -2.13365E+01
  3.88938E-01  5.85113E-28  4.50933E+05  1.46791E-03 -3.63132E+01
  4.82518E-01  6.14534E-28  4.26630E+05  1.45674E-03 -3.79146E+01
  5.76098E-01  7.18993E-28  3.63960E+05  1.42696E-03 -4.57736E+01
  6.69678E-01  8.68647E-28  2.99955E+05  1.40768E-03 -5.08240E+01
  7.63258E-01  8.57016E-28  3.03641E+05  1.41135E-03 -5.16636E+01
  8.56838E-01  9.43606E-28  2.80379E+05  1.39659E-03 -5.28374E+01
  9.50418E-01  1.00427E-27  2.66192E+05  1.39148E-03 -5.32108E+01
  1.04400E+00  9.95124E-28  2.68983E+05  1.39210E-03 -5.29123E+01
  1.13758E+00  9.25829E-28  2.91470E+05  1.39601E-03 -5.02220E+01
  1.23116E+00  8.73556E-28  3.07801E+05  1.40119E-03 -4.95718E+01
  1.32474E+00  9.03524E-28  2.97992E+05  1.39991E-03 -4.93696E+01
  1.41832E+00  9.91334E-28  2.71300E+05  1.39697E-03 -4.80595E+01
  1.51190E+00  9.98485E-28  2.68092E+05  1.40120E-03 -4.82490E+01
  1.60548E+00  1.17345E-27  2.25246E+05  1.38638E-03 -5.00776E+01
  1.69906E+00  1.37449E-27  1.88816E+05  1.37509E-03 -5.35510E+01
  1.79264E+00  1.34442E-27  1.93288E+05  1.37785E-03 -5.53714E+01
  1.88622E+00  1.33228E-27  1.92805E+05  1.38113E-03 -5.46642E+01
  1.97980E+00  1.39148E-27  1.81566E+05  1.37519E-03 -5.63406E+01
  2.07338E+00  1.42908E-27  1.75637E+05  1.37155E-03 -5.71356E+01
  2.16696E+00  1.24176E-27  2.07447E+05  1.38552E-03 -5.23154E+01
  2.26054E+00  1.35368E-27  1.90237E+05  1.37749E-03 -5.12575E+01
  2.35412E+00  1.38664E-27  1.85498E+05  1.37528E-03 -5.12508E+01
  2.44770E+00  1.30623E-27  1.98508E+05  1.38024E-03 -4.67297E+01
  2.54128E+00  1.32825E-27  1.95128E+05  1.38155E-03 -4.73082E+01
  2.63486E+00  1.29711E-27  1.99911E+05  1.38559E-03 -4.67414E+01
  2.72843E+00  1.06162E-27  2.45413E+05  1.42076E-03 -4.33340E+01
  2.82201E+00  7.99525E-28  3.28525E+05  1.47978E-03 -4.18417E+01
  2.91559E+00  7.37676E-28  3.56756E+05  1.50230E-03 -4.08119E+01
  3.00917E+00  4.68602E-28  5.70964E+05  1.65392E-03 -3.27161E+01
  3.10275E+00  3.94389E-28  6.82284E+05  1.72639E-03 -2.97299E+01
  3.19633E+00  3.54745E-28  7.66727E+05  1.75983E-03 -2.58494E+01
  3.28991E+00  2.84434E-28  9.76829E+05  1.82024E-03 -1.84156E+01
  3.38349E+00  2.68677E-28  1.03881E+06  1.83365E-03 -1.73737E+01
  3.47707E+00  2.64022E-28  1.06308E+06  1.83173E-03 -1.51070E+01
  3.57065E+00  2.58345E-28  1.09456E+06  1.82554E-03 -1.13783E+01
  3.66423E+00  2.57499E-28  1.09871E+06  1.82441E-03 -1.23404E+01
  3.75781E+00  2.57782E-28  1.09901E+06  1.82611E-03 -1.01570E+01
  3.85139E+00  2.55444E-28  1.10848E+06  1.82661E-03 -7.09969E+00
  3.94497E+00  2.54946E-28  1.11047E+06  1.82696E-03 -6.79114E+00
  4.03855E+00  2.48466E-28  1.13920E+06  1.84146E-03 -5.35013E+00
  4.13213E+00  2.41052E-28  1.17386E+06  1.85466E-03 -4.27494E+00
  4.22571E+00  2.40755E-28  1.17516E+06  1.85613E-03 -4.16700E+00
  4.31929E+00  2.38072E-28  1.18734E+06  1.86760E-03 -3.41007E+00
  4.41287E+00  2.36059E-28  1.19703E+06  1.87417E-03 -3.10441E+00
  4.50645E+00  2.35201E-28  1.20118E+06  1.87739E-03 -3.02215E+00
  4.60003E+00  2.32588E-28  1.21367E+06  1.88687E-03 -2.76800E+00
  4.69361E+00  2.30401E-28  1.22395E+06  1.89444E-03 -2.58138E+00
  4.78719E+00  2.26056E-28  1.24766E+06  1.91054E-03 -2.47957E+00
  4.88077E+00  2.18030E-28  1.29384E+06  1.94282E-03 -2.31479E+00
  4.97435E+00  2.14084E-28  1.31778E+06  1.95990E-03 -2.26005E+00
  5.06793E+00  2.11770E-28  1.33168E+06  1.97000E-03 -1.53970E+00
  5.16151E+00  2.09858E-28  1.34271E+06  1.97814E-03 -6.37420E-01
  5.25509E+00  2.09500E-28  1.34467E+06  1.97961E-03 -4.17022E-01
  5.34867E+00  2.11293E-28  1.33224E+06  1.97268E-03  5.38660E-01
  5.44225E+00  2.13140E-28  1.31971E+06  1.96610E-03  1.25951E+00
  5.53583E+00  2.13759E-28  1.31575E+06  1.96411E-03  1.34687E+00
  5.62941E+00  2.20696E-28  1.27417E+06  1.94349E-03  1.53113E+00
  5.72299E+00  2.28917E-28  1.22843E+06  1.92014E-03  1.53862E+00
  5.81657E+00  2.31439E-28  1.21520E+06  1.91441E-03  1.36860E+00
  5.91015E+00  2.52642E-28  1.11490E+06  1.86733E-03  2.20598E-01
  6.00373E+00  2.64328E-28  1.06698E+06  1.84107E-03 -1.76276E-01
  6.09731E+00  2.68282E-28  1.05190E+06  1.83013E-03 -5.77595E-01
  6.19089E+00  2.82400E-28  1.00281E+06  1.78652E-03 -1.75756E+00
  6.28447E+00  2.85030E-28  9.95053E+05  1.77403E-03 -1.84869E+00
  6.37805E+00  2.85945E-28  9.93583E+05  1.76654E-03 -2.14275E+00
  6.47163E+00  2.86907E-28  9.95201E+05  1.75025E-03 -2.47622E+00
  6.56521E+00  2.86299E-28  9.97652E+05  1.75152E-03 -2.52819E+00
  6.65879E+00  2.86413E-28  1.00032E+06  1.74720E-03 -1.91774E+00
  6.75237E+00  2.88301E-28  9.99902E+05  1.73417E-03 -2.82354E-01
  6.84595E+00  2.87839E-28  1.00302E+06  1.73320E-03 -2.09668E-01
  6.93953E+00  2.85603E-28  1.01441E+06  1.73459E-03  7.16998E-01
  7.03311E+00  2.84203E-28  1.02302E+06  1.73622E-03  1.86991E+00
  7.12669E+00  2.83498E-28  1.02608E+06  1.73822E-03  1.91297E+00
  7.22027E+00  2.77592E-28  1.05088E+06  1.75686E-03  2.26342E+00
  7.31385E+00  2.76247E-28  1.05636E+06  1.76317E-03  2.92355E+00
  7.40743E+00  2.75358E-28  1.06052E+06  1.76597E-03  2.88016E+00
  7.50101E+00  2.69638E-28  1.08655E+06  1.78316E-03  2.67884E+00
  7.59459E+00  2.67182E-28  1.09543E+06  1.78969E-03  3.18166E+00
  7.68817E+00  2.65814E-28  1.10119E+06  1.79367E-03  3.15404E+00
  7.78175E+00  2.59274E-28  1.13051E+06  1.81309E-03  3.09473E+00
  7.87533E+00  2.54625E-28  1.15224E+06  1.82742E-03  3.06591E+00
  7.96891E+00  2.46265E-28  1.19234E+06  1.85558E-03  2.61396E+00
  8.06249E+00  2.32898E-28  1.26199E+06  1.90323E-03  1.75535E+00
  8.15607E+00  2.27388E-28  1.29290E+06  1.92399E-03  1.31946E+00
  8.24965E+00  2.20853E-28  1.33396E+06  1.95151E-03 -7.18947E-01
  8.34323E+00  2.17091E-28  1.36421E+06  1.97082E-03 -4.55788E+00
  8.43681E+00  2.16599E-28  1.36936E+06  1.97402E-03 -5.68287E+00
  8.53039E+00  2.43689E-28  1.21918E+06  1.88402E-03 -1.06056E+01
  8.62397E+00  3.23976E-28  9.13332E+05  1.71021E-03 -1.66456E+01
  8.71755E+00  3.35190E-28  8.82404E+05  1.69338E-03 -1.73575E+01
  8.81113E+00  3.84610E-28  7.68833E+05  1.63521E-03 -2.04971E+01
  8.90471E+00  4.21362E-28  7.02264E+05  1.60152E-03 -2.16769E+01
  8.99829E+00  4.16590E-28  7.10507E+05  1.60552E-03 -2.14753E+01
  9.09186E+00  3.84039E-28  7.72722E+05  1.63646E-03 -1.91627E+01
  9.18544E+00  3.74280E-28  7.94012E+05  1.64534E-03 -1.80266E+01
  9.27903E+00  3.76682E-28  7.88974E+05  1.64210E-03 -1.80215E+01
  9.37260E+00  3.69726E-28  8.04999E+05  1.64817E-03 -1.60577E+01
  9.46618E+00  3.63620E-28  8.19401E+05  1.65532E-03 -1.48857E+01
  9.55976E+00  3.61510E-28  8.23291E+05  1.65865E-03 -1.43328E+01
  9.65334E+00  3.73070E-28  7.97028E+05  1.65362E-03 -1.33670E+01
  9.74692E+00  3.76433E-28  7.89877E+05  1.65257E-03 -1.30678E+01
  9.84050E+00  3.52522E-28  8.41927E+05  1.67966E-03 -1.19545E+01
  9.93408E+00  2.98774E-28  9.91856E+05  1.75180E-03 -8.33616E+00
  1.00277E+01  2.91517E-28  1.01649E+06  1.76334E-03 -7.72456E+00
  1.01212E+01  2.70507E-28  1.09186E+06  1.81524E-03 -4.96335E+00
  1.02148E+01  2.30241E-28  1.28081E+06  1.93336E-03 -3.04392E-01
  1.03084E+01  2.26480E-28  1.30160E+06  1.94565E-03 -3.31958E-02
  1.04020E+01  2.17917E-28  1.34819E+06  1.96875E-03 -1.33589E+00
  1.04956E+01  2.12529E-28  1.38002E+06  1.98368E-03 -3.16251E+00
  1.05891E+01  2.13255E-28  1.37504E+06  1.98110E-03 -3.85869E+00
  1.06827E+01  2.17986E-28  1.34492E+06  1.96519E-03 -6.99057E+00
  1.07763E+01  2.22359E-28  1.31993E+06  1.95175E-03 -8.58433E+00
  1.08699E+01  2.26304E-28  1.29762E+06  1.93873E-03 -9.42450E+00
  1.09635E+01  2.47441E-28  1.18562E+06  1.86824E-03 -9.38162E+00
  1.10570E+01  2.55931E-28  1.14449E+06  1.84091E-03 -8.15863E+00
  1.11506E+01  2.68762E-28  1.08768E+06  1.80668E-03 -8.24481E+00
  1.12442E+01  2.90615E-28  1.00619E+06  1.76763E-03 -6.52486E+00
  1.13378E+01  2.96488E-28  9.87064E+05  1.76052E-03 -5.75471E+00
  1.14314E+01  2.98698E-28  9.74578E+05  1.75032E-03 -6.79431E+00
  1.15249E+01  3.07493E-28  9.32472E+05  1.73973E-03 -3.06958E+00
  1.16185E+01  3.09185E-28  9.24616E+05  1.73842E-03 -2.15127E+00
  1.17121E+01  2.98576E-28  9.54266E+05  1.75136E-03 -4.34593E+00
  1.18057E+01  3.18188E-28  8.78153E+05  1.72778E-03 -2.82742E+00
  1.18993E+01  3.14904E-28  8.86537E+05  1.73220E-03 -2.49946E+00
  1.19928E+01  2.87596E-28  9.69812E+05  1.77342E-03 -1.45881E+00
  1.20864E+01  2.80754E-28  9.93162E+05  1.79039E-03 -3.47469E+00
  1.21800E+01  2.74748E-28  1.01489E+06  1.80228E-03 -2.98769E+00
  1.22736E+01  2.43070E-28  1.14670E+06  1.87497E-03 -3.51661E-01
  1.23672E+01  2.35748E-28  1.18174E+06  1.89479E-03  5.13966E-02
  1.24607E+01  2.27468E-28  1.22578E+06  1.92021E-03  7.84904E-01
  1.25543E+01  2.12541E-28  1.31573E+06  1.96946E-03  2.46757E+00
  1.26479E+01  2.10482E-28  1.32905E+06  1.97655E-03  2.67225E+00
  1.27415E+01  2.07613E-28  1.34904E+06  1.98634E-03  3.04470E+00
  1.28351E+01  2.04948E-28  1.36811E+06  1.99512E-03  3.72514E+00
  1.29286E+01  2.04490E-28  1.37180E+06  1.99667E-03  3.87384E+00
  1.30222E+01  2.04199E-28  1.37678E+06  1.99809E-03  3.75305E+00
  1.31158E+01  2.04001E-28  1.38120E+06  1.99927E-03  4.94747E+00
  1.32094E+01  2.03992E-28  1.38194E+06  1.99941E-03  5.18329E+00
  1.33030E+01  2.04608E-28  1.38378E+06  1.99973E-03  3.51338E+00
  1.33965E+01  2.04827E-28  1.38510E+06  1.99997E-03  6.08125E+00
  1.34901E+01  2.04940E-28  1.38549E+06  1.99998E-03  5.69120E+00
  1.35837E+01  2.05708E-28  1.38839E+06  1.99995E-03  3.13971E+00
  1.36773E+01  2.05761E-28  1.39011E+06  1.99986E-03  4.68014E+00
  1.37709E+01  2.05979E-28  1.39086E+06  1.99988E-03  3.64263E+00
  1.38644E+01  2.06938E-28  1.39536E+06  1.99982E-03  6.48291E-01
  1.39580E+01  2.07025E-28  1.39681E+06  1.99965E-03  1.79822E+00
  1.40516E+01  2.07381E-28  1.39800E+06  1.99975E-03  8.21589E-02
  1.41452E+01  2.08142E-28  1.40223E+06  1.99961E-03 -1.84562E+00
  1.42388E+01  2.08197E-28  1.40342E+06  1.99944E-03 -1.19593E+00
  1.43323E+01  2.08606E-28  1.40487E+06  1.99963E-03 -3.36526E+00
  1.44259E+01  2.09192E-28  1.40842E+06  1.99943E-03 -4.14335E+00
  1.45195E+01  2.09243E-28  1.40904E+06  1.99933E-03 -3.81962E+00
  1.46131E+01  2.09750E-28  1.41098E+06  1.99907E-03 -6.16445E+00
  1.47067E+01  2.10103E-28  1.41560E+06  1.99870E-03 -6.64972E+00
  1.48002E+01  2.10135E-28  1.41614E+06  1.99865E-03 -6.56262E+00
  1.48938E+01  2.11999E-28  1.40924E+06  1.99354E-03 -8.89745E+00
  1.49874E+01  2.11658E-28  1.41671E+06  1.99496E-03 -9.61275E+00
  1.50810E+01  2.12644E-28  1.41055E+06  1.99148E-03 -9.73246E+00
  1.51746E+01  2.24885E-28  1.33670E+06  1.95082E-03 -1.17249E+01
  1.52681E+01  2.32642E-28  1.29084E+06  1.92699E-03 -1.30646E+01
  1.53617E+01  2.40114E-28  1.24870E+06  1.90517E-03 -1.21667E+01
  1.54553E+01  3.84208E-28  7.79120E+05  1.66448E-03 -2.17253E+01
  1.55489E+01  4.92584E-28  6.04118E+05  1.57833E-03 -2.69344E+01
  1.56425E+01  5.31673E-28  5.61113E+05  1.56138E-03 -2.84465E+01
  1.57360E+01  6.58716E-28  4.47829E+05  1.50635E-03 -3.92829E+01
  1.58296E+01  6.94117E-28  4.21242E+05  1.49080E-03 -4.35625E+01
  1.59232E+01  6.43274E-28  4.53893E+05  1.51047E-03 -4.56141E+01
  1.60168E+01  5.58492E-28  5.14047E+05  1.54234E-03 -5.12738E+01
  1.61104E+01  5.48345E-28  5.21366E+05  1.54548E-03 -5.22795E+01
  1.62039E+01  5.29426E-28  5.39898E+05  1.55559E-03 -5.45602E+01
  1.62975E+01  4.92333E-28  5.82582E+05  1.57844E-03 -5.30078E+01
  1.63911E+01  4.87819E-28  5.88328E+05  1.58159E-03 -5.25741E+01
  1.64847E+01  4.66096E-28  6.21603E+05  1.60543E-03 -4.93546E+01
  1.65783E+01  4.76792E-28  6.17218E+05  1.60783E-03 -4.42375E+01
  1.66718E+01  4.70699E-28  6.25512E+05  1.61287E-03 -4.35265E+01
  1.67654E+01  4.51545E-28  6.58106E+05  1.63706E-03 -3.62280E+01
  1.68590E+01  4.83004E-28  6.22534E+05  1.62282E-03 -3.17183E+01
  1.69526E+01  4.70891E-28  6.37576E+05  1.62992E-03 -3.07002E+01
  1.70462E+01  4.81522E-28  6.23283E+05  1.62211E-03 -2.40385E+01
  1.71397E+01  5.28504E-28  5.70312E+05  1.59624E-03 -2.16092E+01
  1.72333E+01  5.11761E-28  5.87306E+05  1.60240E-03 -2.10484E+01
  1.73269E+01  5.33658E-28  5.62500E+05  1.58721E-03 -1.72066E+01
  1.74205E+01  5.56320E-28  5.40363E+05  1.57657E-03 -1.59665E+01
  1.75141E+01  5.58970E-28  5.37458E+05  1.57371E-03 -1.60900E+01
  1.76076E+01  4.99509E-28  6.02233E+05  1.59448E-03 -1.31880E+01
  1.77012E+01  4.85330E-28  6.20089E+05  1.60061E-03 -1.23894E+01
  1.77948E+01  4.74735E-28  6.35726E+05  1.60585E-03 -1.27361E+01
  1.78884E+01  3.55211E-28  8.51428E+05  1.69201E-03 -1.31682E+01
  1.79820E+01  3.40628E-28  8.88221E+05  1.70748E-03 -1.31843E+01
  1.80755E+01  2.94676E-28  1.03255E+06  1.78725E-03 -1.29999E+01
  1.81691E+01  2.51734E-28  1.21181E+06  1.89056E-03 -1.46235E+01
  1.82627E+01  2.45800E-28  1.24314E+06  1.90624E-03 -1.43002E+01
  1.83563E+01  2.36567E-28  1.29482E+06  1.93144E-03 -1.40973E+01
  1.84499E+01  2.33467E-28  1.31288E+06  1.93913E-03 -1.45360E+01
  1.85434E+01  2.30255E-28  1.33387E+06  1.94815E-03 -1.47767E+01
  1.86370E+01  2.28656E-28  1.34518E+06  1.95448E-03 -1.51018E+01
  1.87306E+01  2.27650E-28  1.35168E+06  1.96063E-03 -1.59767E+01
  1.88242E+01  2.26392E-28  1.36030E+06  1.96469E-03 -1.58897E+01
  1.89177E+01  2.23674E-28  1.37771E+06  1.97338E-03 -1.57309E+01
  1.90113E+01  2.22395E-28  1.38582E+06  1.97801E-03 -1.59015E+01
  1.91049E+01  2.21022E-28  1.39478E+06  1.98172E-03 -1.56013E+01
  1.91985E+01  2.18849E-28  1.40881E+06  1.98777E-03 -1.52258E+01
  1.92921E+01  2.18194E-28  1.41307E+06  1.98976E-03 -1.52658E+01
  1.93856E+01  2.17636E-28  1.41635E+06  1.99131E-03 -1.47673E+01
  1.94792E+01  2.16513E-28  1.42398E+06  1.99442E-03 -1.43792E+01
  1.95728E+01  2.16389E-28  1.42477E+06  1.99478E-03 -1.43289E+01
  1.96664E+01  2.15784E-28  1.42707E+06  1.99661E-03 -1.38639E+01
  1.97600E+01  2.15293E-28  1.42895E+06  1.99837E-03 -1.35870E+01
  1.98535E+01  2.15296E-28  1.42894E+06  1.99837E-03 -1.35849E+01
  1.99471E+01  2.15289E-28  1.42895E+06  1.99837E-03 -1.35895E+01
  2.00407E+01  2.15296E-28  1.42894E+06  1.99837E-03 -1.35847E+01
  2.01343E+01  2.15147E-28  1.42802E+06  1.99857E-03 -1.34202E+01
  2.02279E+01  2.14975E-28  1.42553E+06  1.99949E-03 -1.31605E+01
  2.03214E+01  2.15119E-28  1.42546E+06  1.99980E-03 -1.33244E+01
  2.04150E+01  2.15075E-28  1.42538E+06  1.99980E-03 -1.33430E+01
  2.05086E+01  2.15077E-28  1.42538E+06  1.99980E-03 -1.33421E+01
  2.06022E+01  2.15012E-28  1.42482E+06  1.99981E-03 -1.33230E+01
  2.06958E+01  2.14724E-28  1.42273E+06  1.99987E-03 -1.32531E+01
  2.07893E+01  2.14696E-28  1.42164E+06  1.99995E-03 -1.35401E+01
  2.08829E+01  2.14841E-28  1.42188E+06  1.99998E-03 -1.37382E+01
  2.09765E+01  2.14832E-28  1.42182E+06  1.99998E-03 -1.37490E+01
  2.10701E+01  2.14757E-28  1.42141E+06  1.99998E-03 -1.38349E+01
  2.11637E+01  2.14537E-28  1.42054E+06  1.99999E-03 -1.38833E+01
  2.12572E+01  2.14266E-28  1.41958E+06  1.99999E-03 -1.39308E+01
  2.13508E+01  2.14178E-28  1.41934E+06  2.00000E-03 -1.43448E+01
  2.14444E+01  2.14243E-28  1.41978E+06  2.00000E-03 -1.44634E+01
  2.15380E+01  2.14243E-28  1.41978E+06  2.00000E-03 -1.44634E+01
  2.16316E+01  2.14224E-28  1.41970E+06  2.00000E-03 -1.44718E+01
  2.17251E+01  2.14008E-28  1.41875E+06  2.00000E-03 -1.45656E+01
  2.18187E+01  2.13914E-28  1.41830E+06  2.00000E-03 -1.47147E+01
  2.19123E+01  2.13997E-28  1.41861E+06  2.00000E-03 -1.48019E+01
  2.20059E+01  2.14010E-28  1.41866E+06  2.00000E-03 -1.48151E+01
  2.20995E+01  2.14010E-28  1.41866E+06  2.00000E-03 -1.48151E+01
  2.21930E+01  2.13980E-28  1.41852E+06  2.00000E-03 -1.48324E+01
  2.22866E+01  2.13873E-28  1.41803E+06  2.00000E-03 -1.48996E+01
  2.23802E+01  2.13864E-28  1.41797E+06  2.00000E-03 -1.49667E+01
  2.24738E+01  2.13897E-28  1.41811E+06  2.00000E-03 -1.49825E+01
  2.25674E+01  2.13897E-28  1.41811E+06  2.00000E-03 -1.49825E+01
  2.26609E+01  2.13897E-28  1.41811E+06  2.00000E-03 -1.49825E+01
  2.27545E+01  2.13877E-28  1.41802E+06  2.00000E-03 -1.49793E+01
  2.28481E+01  2.13866E-28  1.41796E+06  2.00000E-03 -1.49585E+01
  2.29417E+01  2.13890E-28  1.41806E+06  2.00000E-03 -1.49153E+01
  2.30353E+01  2.13908E-28  1.41814E+06  2.00000E-03 -1.48876E+01
  2.31288E+01  2.13908E-28  1.41814E+06  2.00000E-03 -1.48876E+01
  2.32224E+01  2.13911E-28  1.41815E+06  2.00000E-03 -1.48854E+01
  2.33160E+01  2.13941E-28  1.41827E+06  2.00000E-03 -1.48624E+01
  2.34096E+01  2.14003E-28  1.41854E+06  2.00000E-03 -1.47524E+01
  2.35032E+01  2.14029E-28  1.41865E+06  2.00000E-03 -1.46704E+01
  2.35967E+01  2.14033E-28  1.41866E+06  2.00000E-03 -1.46573E+01
  2.36903E+01  2.14033E-28  1.41866E+06  2.00000E-03 -1.46573E+01
  2.37839E+01  2.14059E-28  1.41878E+06  2.00000E-03 -1.46401E+01
  2.38775E+01  2.14157E-28  1.41921E+06  2.00000E-03 -1.45693E+01
  2.39711E+01  2.14244E-28  1.41959E+06  2.00000E-03 -1.44211E+01
  2.40646E+01  2.14293E-28  1.41981E+06  2.00000E-03 -1.43137E+01
  2.41582E+01  2.14293E-28  1.41981E+06  2.00000E-03 -1.43137E+01
  2.42518E+01  2.14293E-28  1.41981E+06  2.00000E-03 -1.43137E+01
  2.43454E+01  2.14392E-28  1.42024E+06  2.00000E-03 -1.42942E+01
  2.44390E+01  2.14565E-28  1.42098E+06  2.00000E-03 -1.42210E+01
  2.45325E+01  2.14690E-28  1.42151E+06  2.00000E-03 -1.40242E+01
  2.46261E+01  2.14730E-28  1.42168E+06  2.00000E-03 -1.39550E+01
  2.47197E+01  2.14730E-28  1.42168E+06  2.00000E-03 -1.39550E+01
  2.48133E+01  2.14751E-28  1.42178E+06  2.00000E-03 -1.39501E+01
  2.49069E+01  2.14944E-28  1.42263E+06  2.00000E-03 -1.39064E+01
  2.50004E+01  2.15130E-28  1.42345E+06  2.00000E-03 -1.37631E+01
  2.50940E+01  2.15234E-28  1.42391E+06  2.00000E-03 -1.35448E+01
  2.51876E+01  2.15246E-28  1.42396E+06  2.00000E-03 -1.35204E+01
  2.52812E+01  2.15246E-28  1.42396E+06  2.00000E-03 -1.35204E+01
  2.53748E+01  2.15348E-28  1.42441E+06  2.00000E-03 -1.35096E+01
  2.54683E+01  2.15539E-28  1.42526E+06  2.00000E-03 -1.34710E+01
  2.55619E+01  2.15690E-28  1.42593E+06  2.00000E-03 -1.32796E+01
  2.56555E+01  2.15745E-28  1.42618E+06  2.00000E-03 -1.31092E+01
  2.57491E+01  2.15745E-28  1.42618E+06  2.00000E-03 -1.31092E+01
  2.58427E+01  2.15745E-28  1.42618E+06  2.00000E-03 -1.31092E+01
  2.59362E+01  2.15933E-28  1.42700E+06  2.00000E-03 -1.31129E+01
  2.60298E+01  2.16153E-28  1.42797E+06  2.00000E-03 -1.30449E+01
  2.61234E+01  2.16201E-28  1.42818E+06  2.00000E-03 -1.28865E+01
  2.62170E+01  2.16212E-28  1.42823E+06  2.00000E-03 -1.27914E+01
  2.63106E+01  2.16212E-28  1.42824E+06  2.00000E-03 -1.27914E+01
  2.64041E+01  2.16231E-28  1.42832E+06  2.00000E-03 -1.27925E+01
  2.64977E+01  2.16420E-28  1.42914E+06  2.00000E-03 -1.28035E+01
  2.65913E+01  2.16738E-28  1.43052E+06  2.00000E-03 -1.27558E+01
  2.66849E+01  2.16928E-28  1.43137E+06  2.00000E-03 -1.26571E+01
  2.67785E+01  2.16953E-28  1.43148E+06  2.00000E-03 -1.26442E+01
  2.68720E+01  2.16953E-28  1.43148E+06  2.00000E-03 -1.26442E+01
  2.69656E+01  2.16953E-28  1.43148E+06  2.00000E-03 -1.26442E+01
  2.70592E+01  2.16953E-28  1.43148E+06  2.00000E-03 -1.26442E+01
  2.71528E+01  2.16953E-28  1.43148E+06  2.00000E-03 -1.26442E+01
  2.72464E+01  2.16953E-28  1.43148E+06  2.00000E-03 -1.26442E+01
  2.73399E+01  2.16953E-28  1.43148E+06  2.00000E-03 -1.26442E+01
  2.74335E+01  2.16953E-28  1.43148E+06  2.00000E-03 -1.26442E+01
  2.75271E+01  2.17275E-28  1.43291E+06  2.00000E-03 -1.26932E+01
  2.76207E+01  2.17669E-28  1.43463E+06  2.00000E-03 -1.26816E+01
  2.77143E+01  2.17541E-28  1.43400E+06  2.00000E-03 -1.23857E+01
  2.78078E+01  2.17490E-28  1.43376E+06  2.00000E-03 -1.22904E+01
  2.79014E+01  2.17490E-28  1.43376E+06  2.00000E-03 -1.22904E+01
  2.79950E+01  2.17490E-28  1.43376E+06  2.00000E-03 -1.22904E+01
  2.80886E+01  2.17490E-28  1.43376E+06  2.00000E-03 -1.22904E+01
  2.81822E+01  2.17490E-28  1.43376E+06  2.00000E-03 -1.22904E+01
  2.82757E+01  2.17490E-28  1.43376E+06  2.00000E-03 -1.22904E+01
  2.83693E+01  2.17490E-28  1.43376E+06  2.00000E-03 -1.22904E+01
  2.84629E+01  2.17490E-28  1.43376E+06  2.00000E-03 -1.22904E+01
  2.85565E+01  2.17648E-28  1.43446E+06  2.00000E-03 -1.23360E+01
  2.86501E+01  2.17905E-28  1.43559E+06  2.00000E-03 -1.23859E+01
  2.87436E+01  2.17945E-28  1.43576E+06  2.00000E-03 -1.22349E+01
  2.88372E+01  2.17874E-28  1.43545E+06  2.00000E-03 -1.20688E+01
  2.89308E+01  2.17874E-28  1.43545E+06  2.00000E-03 -1.20688E+01
  2.90244E+01  2.17874E-28  1.43545E+06  2.00000E-03 -1.20688E+01
  2.91180E+01  2.17874E-28  1.43545E+06  2.00000E-03 -1.20688E+01
  2.92115E+01  2.17874E-28  1.43545E+06  2.00000E-03 -1.20688E+01
  2.93051E+01  2.17874E-28  1.43545E+06  2.00000E-03 -1.20688E+01
  2.93987E+01  2.17874E-28  1.43545E+06  2.00000E-03 -1.20688E+01
  2.94923E+01  2.17874E-28  1.43545E+06  2.00000E-03 -1.20688E+01
  2.95859E+01  2.17902E-28  1.43557E+06  2.00000E-03 -1.20780E+01
  2.96794E+01  2.18156E-28  1.43669E+06  2.00000E-03 -1.21620E+01
  2.97730E+01  2.18286E-28  1.43726E+06  2.00000E-03 -1.20286E+01
  2.98666E+01  2.18288E-28  1.43725E+06  2.00000E-03 -1.17743E+01
  2.99602E+01  2.18288E-28  1.43725E+06  2.00000E-03 -1.17455E+01
  3.00538E+01  2.18288E-28  1.43725E+06  2.00000E-03 -1.17455E+01
  3.01473E+01  2.18288E-28  1.43725E+06  2.00000E-03 -1.17455E+01
  3.02409E+01  2.18288E-28  1.43725E+06  2.00000E-03 -1.17455E+01
  3.03345E+01  2.18288E-28  1.43725E+06  2.00000E-03 -1.17455E+01
  3.04281E+01  2.18288E-28  1.43725E+06  2.00000E-03 -1.17455E+01
  3.05217E+01  2.18288E-28  1.43725E+06  2.00000E-03 -1.17455E+01
  3.06152E+01  2.18288E-28  1.43725E+06  2.00000E-03 -1.17455E+01
  3.07088E+01  2.18437E-28  1.43791E+06  2.00000E-03 -1.17782E+01
  3.08024E+01  2.18632E-28  1.43876E+06  2.00000E-03 -1.17451E+01
  3.08960E+01  2.18678E-28  1.43896E+06  2.00000E-03 -1.14978E+01
  3.09896E+01  2.18701E-28  1.43905E+06  2.00000E-03 -1.13575E+01
  3.10831E+01  2.18701E-28  1.43905E+06  2.00000E-03 -1.13575E+01
  3.11767E+01  2.18701E-28  1.43905E+06  2.00000E-03 -1.13575E+01
  3.12703E+01  2.18701E-28  1.43905E+06  2.00000E-03 -1.13575E+01
  3.13639E+01  2.18701E-28  1.43905E+06  2.00000E-03 -1.13575E+01
  3.14575E+01  2.18701E-28  1.43905E+06  2.00000E-03 -1.13575E+01
  3.15510E+01  2.18701E-28  1.43905E+06  2.00000E-03 -1.13575E+01
  3.16446E+01  2.18701E-28  1.43905E+06  2.00000E-03 -1.13575E+01
  3.17382E+01  2.18796E-28  1.43947E+06  2.00000E-03 -1.13833E+01
  3.18318E+01  2.18922E-28  1.44002E+06  2.00000E-03 -1.13999E+01
  3.19254E+01  2.18939E-28  1.44009E+06  2.00000E-03 -1.12457E+01
  3.20189E+01  2.18926E-28  1.44003E+06  2.00000E-03 -1.10605E+01
  3.21125E+01  2.18926E-28  1.44003E+06  2.00000E-03 -1.10605E+01
  3.22061E+01  2.18926E-28  1.44003E+06  2.00000E-03 -1.10605E+01
  3.22997E+01  2.18926E-28  1.44003E+06  2.00000E-03 -1.10605E+01
  3.23932E+01  2.18926E-28  1.44003E+06  2.00000E-03 -1.10605E+01
  3.24868E+01  2.18926E-28  1.44003E+06  2.00000E-03 -1.10605E+01
  3.25804E+01  2.18926E-28  1.44003E+06  2.00000E-03 -1.10605E+01
  3.26740E+01  2.18926E-28  1.44003E+06  2.00000E-03 -1.10605E+01
  3.27676E+01  2.18942E-28  1.44009E+06  2.00000E-03 -1.10678E+01
  3.28611E+01  2.19064E-28  1.44063E+06  2.00000E-03 -1.11261E+01
  3.29547E+01  2.19077E-28  1.44068E+06  2.00000E-03 -1.10149E+01
  3.30483E+01  2.19026E-28  1.44045E+06  2.00000E-03 -1.08404E+01
  3.31419E+01  2.19021E-28  1.44043E+06  2.00000E-03 -1.08244E+01
  3.32355E+01  2.19021E-28  1.44043E+06  2.00000E-03 -1.08244E+01
  3.33290E+01  2.19021E-28  1.44043E+06  2.00000E-03 -1.08244E+01
  3.34226E+01  2.19021E-28  1.44043E+06  2.00000E-03 -1.08244E+01
  3.35162E+01  2.19021E-28  1.44043E+06  2.00000E-03 -1.08244E+01
  3.36098E+01  2.19021E-28  1.44043E+06  2.00000E-03 -1.08244E+01
  3.37034E+01  2.19021E-28  1.44043E+06  2.00000E-03 -1.08244E+01
  3.37969E+01  2.19021E-28  1.44043E+06  2.00000E-03 -1.08244E+01
  3.38905E+01  2.19171E-28  1.44108E+06  2.00000E-03 -1.08687E+01
  3.39841E+01  2.19251E-28  1.44143E+06  2.00000E-03 -1.08377E+01
