 -3.38613E+01  2.16645E-28  1.42986E+06  2.00000E-03  1.31965E+00
 -3.37677E+01  2.16645E-28  1.42987E+06  2.00000E-03  1.32494E+00
 -3.36741E+01  2.16649E-28  1.42988E+06  2.00000E-03  1.34744E+00
 -3.35805E+01  2.16651E-28  1.42989E+06  2.00000E-03  1.35530E+00
 -3.34870E+01  2.16651E-28  1.42989E+06  2.00000E-03  1.35530E+00
 -3.33934E+01  2.16651E-28  1.42989E+06  2.00000E-03  1.35530E+00
 -3.32998E+01  2.16651E-28  1.42989E+06  2.00000E-03  1.35530E+00
 -3.32062E+01  2.16651E-28  1.42989E+06  2.00000E-03  1.35530E+00
 -3.31126E+01  2.16651E-28  1.42989E+06  2.00000E-03  1.35530E+00
 -3.30191E+01  2.16651E-28  1.42989E+06  2.00000E-03  1.35530E+00
 -3.29255E+01  2.16667E-28  1.42996E+06  2.00000E-03  1.34557E+00
 -3.28319E+01  2.16703E-28  1.43012E+06  2.00000E-03  1.32367E+00
 -3.27383E+01  2.16709E-28  1.43015E+06  2.00000E-03  1.31959E+00
 -3.26447E+01  2.16882E-28  1.43091E+06  2.00000E-03  1.21009E+00
 -3.25512E+01  2.16990E-28  1.43138E+06  2.00000E-03  1.14144E+00
 -3.24576E+01  2.16993E-28  1.43140E+06  2.00000E-03  1.13906E+00
 -3.23640E+01  2.16993E-28  1.43140E+06  2.00000E-03  1.13906E+00
 -3.22704E+01  2.16993E-28  1.43140E+06  2.00000E-03  1.13906E+00
 -3.21768E+01  2.16993E-28  1.43140E+06  2.00000E-03  1.13906E+00
 -3.20833E+01  2.16993E-28  1.43140E+06  2.00000E-03  1.13906E+00
 -3.19897E+01  2.16993E-28  1.43140E+06  2.00000E-03  1.13906E+00
 -3.18961E+01  2.17052E-28  1.43166E+06  2.00000E-03  1.09008E+00
 -3.18025E+01  2.17277E-28  1.43265E+06  2.00000E-03  9.04699E-01
 -3.17090E+01  2.17346E-28  1.43296E+06  2.00000E-03  8.47195E-01
 -3.16154E+01  2.17463E-28  1.43347E+06  2.00000E-03  7.63125E-01
 -3.15218E+01  2.17768E-28  1.43481E+06  2.00000E-03  5.43515E-01
 -3.14282E+01  2.17820E-28  1.43503E+06  2.00000E-03  5.06516E-01
 -3.13346E+01  2.17820E-28  1.43503E+06  2.00000E-03  5.06516E-01
 -3.12411E+01  2.17820E-28  1.43503E+06  2.00000E-03  5.06516E-01
 -3.11475E+01  2.17820E-28  1.43503E+06  2.00000E-03  5.06516E-01
 -3.10539E+01  2.17820E-28  1.43503E+06  2.00000E-03  5.06516E-01
 -3.09603E+01  2.17820E-28  1.43503E+06  2.00000E-03  5.06516E-01
 -3.08667E+01  2.17820E-28  1.43503E+06  2.00000E-03  5.06516E-01
 -3.07732E+01  2.17818E-28  1.43503E+06  2.00000E-03  4.97283E-01
 -3.06796E+01  2.17813E-28  1.43501E+06  2.00000E-03  4.76582E-01
 -3.05860E+01  2.17865E-28  1.43524E+06  2.00000E-03  4.45636E-01
 -3.04924E+01  2.18066E-28  1.43612E+06  2.00000E-03  3.26775E-01
 -3.03988E+01  2.18066E-28  1.43612E+06  2.00000E-03  3.26775E-01
 -3.03053E+01  2.18066E-28  1.43612E+06  2.00000E-03  3.26775E-01
 -3.02117E+01  2.18066E-28  1.43612E+06  2.00000E-03  3.26775E-01
 -3.01181E+01  2.18066E-28  1.43612E+06  2.00000E-03  3.26775E-01
 -3.00245E+01  2.18066E-28  1.43612E+06  2.00000E-03  3.26775E-01
 -2.99309E+01  2.18066E-28  1.43612E+06  2.00000E-03  3.26775E-01
 -2.98374E+01  2.18066E-28  1.43612E+06  2.00000E-03  3.26775E-01
 -2.97438E+01  2.18011E-28  1.43588E+06  2.00000E-03  3.56382E-01
 -2.96502E+01  2.17900E-28  1.43540E+06  2.00000E-03  4.16846E-01
 -2.95566E+01  2.17886E-28  1.43534E+06  2.00000E-03  4.24601E-01
 -2.94630E+01  2.18023E-28  1.43594E+06  2.00000E-03  3.33508E-01
 -2.93695E+01  2.18107E-28  1.43631E+06  2.00000E-03  2.78014E-01
 -2.92759E+01  2.18107E-28  1.43631E+06  2.00000E-03  2.78014E-01
 -2.91823E+01  2.18107E-28  1.43631E+06  2.00000E-03  2.78014E-01
 -2.90887E+01  2.18107E-28  1.43631E+06  2.00000E-03  2.78014E-01
 -2.89951E+01  2.18107E-28  1.43631E+06  2.00000E-03  2.78014E-01
 -2.89016E+01  2.18109E-28  1.43632E+06  2.00000E-03  2.68215E-01
 -2.88080E+01  2.18109E-28  1.43632E+06  2.00000E-03  2.70053E-01
 -2.87144E+01  2.18140E-28  1.43646E+06  2.00000E-03  2.31979E-01
 -2.86208E+01  2.18264E-28  1.43701E+06  2.00000E-03  1.17968E-01
 -2.85272E+01  2.18345E-28  1.43737E+06  2.00000E-03  4.37654E-02
 -2.84337E+01  2.18325E-28  1.43728E+06  2.00000E-03  5.43844E-02
 -2.83401E+01  2.18307E-28  1.43720E+06  2.00000E-03  6.47284E-02
 -2.82465E+01  2.18306E-28  1.43720E+06  2.00000E-03  6.46007E-02
 -2.81529E+01  2.18307E-28  1.43720E+06  2.00000E-03  6.47334E-02
 -2.80593E+01  2.18306E-28  1.43720E+06  2.00000E-03  6.46064E-02
 -2.79658E+01  2.18307E-28  1.43720E+06  2.00000E-03  6.47392E-02
 -2.78722E+01  2.18306E-28  1.43720E+06  2.00000E-03  6.46113E-02
 -2.77786E+01  2.18307E-28  1.43720E+06  2.00000E-03  6.46697E-02
 -2.76850E+01  2.18307E-28  1.43720E+06  2.00000E-03  6.47311E-02
 -2.75914E+01  2.18353E-28  1.43742E+06  2.00000E-03 -1.02257E-03
 -2.74979E+01  2.18438E-28  1.43781E+06  2.00000E-03 -1.20959E-01
 -2.74043E+01  2.18297E-28  1.43720E+06  2.00000E-03 -1.38528E-02
 -2.73107E+01  2.17863E-28  1.43529E+06  2.00000E-03  3.20445E-01
 -2.72171E+01  2.17865E-28  1.43530E+06  2.00000E-03  3.18842E-01
 -2.71235E+01  2.17860E-28  1.43528E+06  2.00000E-03  3.22289E-01
 -2.70300E+01  2.17865E-28  1.43530E+06  2.00000E-03  3.18709E-01
 -2.69364E+01  2.17860E-28  1.43528E+06  2.00000E-03  3.22135E-01
 -2.68428E+01  2.17865E-28  1.43530E+06  2.00000E-03  3.19077E-01
 -2.67492E+01  2.17862E-28  1.43528E+06  2.00000E-03  3.21144E-01
 -2.66556E+01  2.17862E-28  1.43529E+06  2.00000E-03  3.20973E-01
 -2.65621E+01  2.17763E-28  1.43484E+06  2.00000E-03  3.91730E-01
 -2.64685E+01  2.17092E-28  1.43186E+06  2.00000E-03  8.70356E-01
 -2.63749E+01  2.17012E-28  1.43150E+06  2.00000E-03  9.28565E-01
 -2.62813E+01  2.16688E-28  1.43008E+06  2.00000E-03  1.17120E+00
 -2.61877E+01  2.16479E-28  1.42916E+06  2.00000E-03  1.31900E+00
 -2.60942E+01  2.16479E-28  1.42916E+06  2.00000E-03  1.31900E+00
 -2.60006E+01  2.16324E-28  1.42847E+06  2.00000E-03  1.43572E+00
 -2.59070E+01  2.16063E-28  1.42731E+06  2.00000E-03  1.63318E+00
 -2.58134E+01  2.16063E-28  1.42731E+06  2.00000E-03  1.64794E+00
 -2.57198E+01  2.16063E-28  1.42731E+06  2.00000E-03  1.69292E+00
 -2.56263E+01  2.16063E-28  1.42731E+06  2.00000E-03  1.69292E+00
 -2.55327E+01  2.16063E-28  1.42731E+06  2.00000E-03  1.69292E+00
 -2.54391E+01  2.16048E-28  1.42724E+06  2.00000E-03  1.71434E+00
 -2.53455E+01  2.16041E-28  1.42721E+06  2.00000E-03  1.72437E+00
 -2.52519E+01  2.16190E-28  1.42787E+06  2.00000E-03  1.60688E+00
 -2.51584E+01  2.16307E-28  1.42838E+06  2.00000E-03  1.51510E+00
 -2.50648E+01  2.16307E-28  1.42838E+06  2.00000E-03  1.51510E+00
 -2.49712E+01  2.16341E-28  1.42853E+06  2.00000E-03  1.49284E+00
 -2.48776E+01  2.16555E-28  1.42948E+06  2.00000E-03  1.35257E+00
 -2.47840E+01  2.16585E-28  1.42961E+06  2.00000E-03  1.33162E+00
 -2.46905E+01  2.16737E-28  1.43028E+06  2.00000E-03  1.20809E+00
 -2.45969E+01  2.16765E-28  1.43040E+06  2.00000E-03  1.18519E+00
 -2.45033E+01  2.16765E-28  1.43040E+06  2.00000E-03  1.18519E+00
 -2.44097E+01  2.16808E-28  1.43059E+06  2.00000E-03  1.16980E+00
 -2.43161E+01  2.16874E-28  1.43088E+06  2.00000E-03  1.14619E+00
 -2.42226E+01  2.16830E-28  1.43069E+06  2.00000E-03  1.17544E+00
 -2.41290E+01  2.16716E-28  1.43019E+06  2.00000E-03  1.25095E+00
 -2.40354E+01  2.16716E-28  1.43019E+06  2.00000E-03  1.25095E+00
 -2.39418E+01  2.16716E-28  1.43019E+06  2.00000E-03  1.25095E+00
 -2.38482E+01  2.16525E-28  1.42935E+06  2.00000E-03  1.42387E+00
 -2.37547E+01  2.16373E-28  1.42868E+06  2.00000E-03  1.54724E+00
 -2.36611E+01  2.16076E-28  1.42737E+06  2.00000E-03  1.76336E+00
 -2.35675E+01  2.15894E-28  1.42657E+06  2.00000E-03  1.89525E+00
 -2.34739E+01  2.15895E-28  1.42657E+06  2.00000E-03  1.89525E+00
 -2.33803E+01  2.15865E-28  1.42644E+06  2.00000E-03  1.91916E+00
 -2.32868E+01  2.15578E-28  1.42518E+06  2.00000E-03  2.15112E+00
 -2.31932E+01  2.15234E-28  1.42367E+06  2.00000E-03  2.41932E+00
 -2.30996E+01  2.14923E-28  1.42230E+06  2.00000E-03  2.65362E+00
 -2.30060E+01  2.14870E-28  1.42206E+06  2.00000E-03  2.69407E+00
 -2.29124E+01  2.14870E-28  1.42206E+06  2.00000E-03  2.69407E+00
 -2.28189E+01  2.14793E-28  1.42172E+06  2.00000E-03  2.75269E+00
 -2.27253E+01  2.14546E-28  1.42064E+06  2.00000E-03  2.94399E+00
 -2.26317E+01  2.14403E-28  1.42000E+06  2.00000E-03  3.06618E+00
 -2.25381E+01  2.14283E-28  1.41947E+06  2.00000E-03  3.17440E+00
 -2.24445E+01  2.14283E-28  1.41947E+06  2.00000E-03  3.17440E+00
 -2.23510E+01  2.14283E-28  1.41947E+06  2.00000E-03  3.17440E+00
 -2.22574E+01  2.14160E-28  1.41893E+06  2.00000E-03  3.26822E+00
 -2.21638E+01  2.14110E-28  1.41871E+06  2.00000E-03  3.31417E+00
 -2.20702E+01  2.14265E-28  1.41940E+06  2.00000E-03  3.22512E+00
 -2.19766E+01  2.14362E-28  1.41983E+06  2.00000E-03  3.16863E+00
 -2.18831E+01  2.14362E-28  1.41983E+06  2.00000E-03  3.16863E+00
 -2.17895E+01  2.14360E-28  1.41983E+06  2.00000E-03  3.17093E+00
 -2.16959E+01  2.14348E-28  1.41978E+06  2.00000E-03  3.18470E+00
 -2.16023E+01  2.14397E-28  1.42000E+06  2.00000E-03  3.15085E+00
 -2.15087E+01  2.14924E-28  1.42233E+06  2.00000E-03  2.78659E+00
 -2.14152E+01  2.14995E-28  1.42264E+06  2.00000E-03  2.73773E+00
 -2.13216E+01  2.14995E-28  1.42264E+06  2.00000E-03  2.73773E+00
 -2.12280E+01  2.15064E-28  1.42296E+06  2.00000E-03  2.68093E+00
 -2.11344E+01  2.15180E-28  1.42348E+06  2.00000E-03  2.58825E+00
 -2.10408E+01  2.15385E-28  1.42439E+06  2.00000E-03  2.44250E+00
 -2.09473E+01  2.15603E-28  1.42534E+06  2.00000E-03  2.29177E+00
 -2.08537E+01  2.15603E-28  1.42534E+06  2.00000E-03  2.29177E+00
 -2.07601E+01  2.15603E-28  1.42534E+06  2.00000E-03  2.29177E+00
 -2.06665E+01  2.15808E-28  1.42627E+06  2.00000E-03  2.11677E+00
 -2.05729E+01  2.15998E-28  1.42711E+06  2.00000E-03  1.97252E+00
 -2.04794E+01  2.16208E-28  1.42804E+06  2.00000E-03  1.85874E+00
 -2.03858E+01  2.16264E-28  1.42828E+06  2.00000E-03  1.82943E+00
 -2.02922E+01  2.16264E-28  1.42828E+06  2.00000E-03  1.82943E+00
 -2.01986E+01  2.16335E-28  1.42860E+06  2.00000E-03  1.77285E+00
 -2.01050E+01  2.16866E-28  1.43099E+06  2.00000E-03  1.34817E+00
 -2.00115E+01  2.17598E-28  1.43424E+06  2.00000E-03  7.95852E-01
 -1.99179E+01  2.18305E-28  1.43735E+06  2.00000E-03  2.81201E-01
 -1.98243E+01  2.18373E-28  1.43765E+06  2.00000E-03  2.32272E-01
 -1.97307E+01  2.18373E-28  1.43765E+06  2.00000E-03  2.32272E-01
 -1.96371E+01  2.18727E-28  1.43919E+06  2.00000E-03 -5.92297E-02
 -1.95436E+01  2.19739E-28  1.44355E+06  2.00000E-03 -8.83888E-01
 -1.94500E+01  2.20085E-28  1.44505E+06  2.00000E-03 -1.15595E+00
 -1.93564E+01  2.20337E-28  1.44612E+06  2.00000E-03 -1.30533E+00
 -1.92628E+01  2.20404E-28  1.44639E+06  2.00000E-03 -1.32400E+00
 -1.91693E+01  2.20375E-28  1.44625E+06  2.00000E-03 -1.33595E+00
 -1.90757E+01  2.20300E-28  1.44592E+06  2.00000E-03 -1.25579E+00
 -1.89821E+01  2.20203E-28  1.44549E+06  2.00000E-03 -1.15054E+00
 -1.88885E+01  2.19947E-28  1.44437E+06  2.00000E-03 -9.75425E-01
 -1.87949E+01  2.19719E-28  1.44338E+06  2.00000E-03 -7.56017E-01
 -1.87014E+01  2.19404E-28  1.44200E+06  2.00000E-03 -4.88980E-01
 -1.86078E+01  2.19066E-28  1.44052E+06  2.00000E-03 -2.56208E-01
 -1.85142E+01  2.18881E-28  1.43971E+06  2.00000E-03 -5.10216E-02
 -1.84206E+01  2.18556E-28  1.43828E+06  2.00000E-03  2.14636E-01
 -1.83270E+01  2.18244E-28  1.43692E+06  2.00000E-03  4.49765E-01
 -1.82335E+01  2.18131E-28  1.43642E+06  2.00000E-03  6.19621E-01
 -1.81399E+01  2.17901E-28  1.43541E+06  2.00000E-03  7.82199E-01
 -1.80463E+01  2.17542E-28  1.43383E+06  2.00000E-03  1.05347E+00
 -1.79527E+01  2.17461E-28  1.43348E+06  2.00000E-03  1.18591E+00
 -1.78591E+01  2.17198E-28  1.43233E+06  2.00000E-03  1.35560E+00
 -1.77656E+01  2.16867E-28  1.43087E+06  2.00000E-03  1.60111E+00
 -1.76720E+01  2.16693E-28  1.43011E+06  2.00000E-03  1.79348E+00
 -1.75784E+01  2.16273E-28  1.42826E+06  2.00000E-03  2.05028E+00
 -1.74848E+01  2.16000E-28  1.42706E+06  2.00000E-03  2.27677E+00
 -1.73912E+01  2.15743E-28  1.42593E+06  2.00000E-03  2.49824E+00
 -1.72977E+01  2.15304E-28  1.42400E+06  2.00000E-03  2.76466E+00
 -1.72041E+01  2.15029E-28  1.42278E+06  2.00000E-03  2.99565E+00
 -1.71105E+01  2.14770E-28  1.42165E+06  2.00000E-03  3.19131E+00
 -1.70169E+01  2.14470E-28  1.42032E+06  2.00000E-03  3.35462E+00
 -1.69233E+01  2.14407E-28  1.42005E+06  2.00000E-03  3.41592E+00
 -1.68298E+01  2.14342E-28  1.41976E+06  2.00000E-03  3.43315E+00
 -1.67362E+01  2.14318E-28  1.41965E+06  2.00000E-03  3.40515E+00
 -1.66426E+01  2.14432E-28  1.42016E+06  2.00000E-03  3.33973E+00
 -1.65490E+01  2.14585E-28  1.42083E+06  2.00000E-03  3.19083E+00
 -1.64554E+01  2.14826E-28  1.42189E+06  2.00000E-03  2.98697E+00
 -1.63619E+01  2.15221E-28  1.42363E+06  2.00000E-03  2.71513E+00
 -1.62683E+01  2.15593E-28  1.42527E+06  2.00000E-03  2.40966E+00
 -1.61747E+01  2.16227E-28  1.42807E+06  2.00000E-03  1.92034E+00
 -1.60811E+01  2.16589E-28  1.42966E+06  2.00000E-03  1.66150E+00
 -1.59875E+01  2.16822E-28  1.43068E+06  2.00000E-03  1.46121E+00
 -1.58940E+01  2.17063E-28  1.43174E+06  2.00000E-03  1.27865E+00
 -1.58004E+01  2.17210E-28  1.43239E+06  2.00000E-03  1.17026E+00
 -1.57068E+01  2.17240E-28  1.43252E+06  2.00000E-03  1.12099E+00
 -1.56132E+01  2.17268E-28  1.43264E+06  2.00000E-03  1.09707E+00
 -1.55196E+01  2.17239E-28  1.43252E+06  2.00000E-03  1.10734E+00
 -1.54261E+01  2.17154E-28  1.43215E+06  2.00000E-03  1.14623E+00
 -1.53325E+01  2.17065E-28  1.43176E+06  2.00000E-03  1.21033E+00
 -1.52389E+01  2.16980E-28  1.43138E+06  2.00000E-03  1.26141E+00
 -1.51453E+01  2.16905E-28  1.43105E+06  2.00000E-03  1.30632E+00
 -1.50517E+01  2.16805E-28  1.43061E+06  2.00000E-03  1.38280E+00
 -1.49582E+01  2.16844E-28  1.43078E+06  2.00000E-03  1.36126E+00
 -1.48646E+01  2.16960E-28  1.43129E+06  2.00000E-03  1.27319E+00
 -1.47710E+01  2.16990E-28  1.43143E+06  2.00000E-03  1.25384E+00
 -1.46774E+01  2.17351E-28  1.43302E+06  2.00000E-03  1.00040E+00
 -1.45838E+01  2.17664E-28  1.43439E+06  2.00000E-03  7.81359E-01
 -1.44903E+01  2.17896E-28  1.43541E+06  2.00000E-03  6.21135E-01
 -1.43967E+01  2.18410E-28  1.43767E+06  2.00000E-03  2.64265E-01
 -1.43031E+01  2.18871E-28  1.43970E+06  2.00000E-03 -4.89173E-02
 -1.42095E+01  2.19146E-28  1.44090E+06  2.00000E-03 -2.35820E-01
 -1.41159E+01  2.19606E-28  1.44292E+06  2.00000E-03 -5.30207E-01
 -1.40224E+01  2.19786E-28  1.44371E+06  2.00000E-03 -6.56738E-01
 -1.39288E+01  2.19867E-28  1.44406E+06  2.00000E-03 -7.14504E-01
 -1.38352E+01  2.19866E-28  1.44406E+06  2.00000E-03 -7.11466E-01
 -1.37416E+01  2.19871E-28  1.44409E+06  2.00000E-03 -7.23414E-01
 -1.36480E+01  2.19724E-28  1.44345E+06  2.00000E-03 -6.21033E-01
 -1.35545E+01  2.19513E-28  1.44252E+06  2.00000E-03 -4.72502E-01
 -1.34609E+01  2.19381E-28  1.44195E+06  2.00000E-03 -3.90990E-01
 -1.33673E+01  2.18984E-28  1.44021E+06  2.00000E-03 -1.18830E-01
 -1.32737E+01  2.18740E-28  1.43914E+06  2.00000E-03  4.74131E-02
 -1.31801E+01  2.18503E-28  1.43810E+06  2.00000E-03  1.99040E-01
 -1.30866E+01  2.18119E-28  1.43642E+06  2.00000E-03  4.68468E-01
 -1.29930E+01  2.17934E-28  1.43560E+06  2.00000E-03  5.96785E-01
 -1.28994E+01  2.17787E-28  1.43496E+06  2.00000E-03  7.01332E-01
 -1.28058E+01  2.17587E-28  1.43408E+06  2.00000E-03  8.52600E-01
 -1.27122E+01  2.17495E-28  1.43368E+06  2.00000E-03  9.29808E-01
 -1.26187E+01  2.17440E-28  1.43344E+06  2.00000E-03  9.83299E-01
 -1.25251E+01  2.17325E-28  1.43293E+06  2.00000E-03  1.07963E+00
 -1.24315E+01  2.17318E-28  1.43290E+06  2.00000E-03  1.09655E+00
 -1.23379E+01  2.17269E-28  1.43268E+06  2.00000E-03  1.14862E+00
 -1.22443E+01  2.17177E-28  1.43228E+06  2.00000E-03  1.22365E+00
 -1.21508E+01  2.17156E-28  1.43218E+06  2.00000E-03  1.23909E+00
 -1.20572E+01  2.17036E-28  1.43166E+06  2.00000E-03  1.33286E+00
 -1.19636E+01  2.16934E-28  1.43120E+06  2.00000E-03  1.40779E+00
 -1.18700E+01  2.16816E-28  1.43069E+06  2.00000E-03  1.47692E+00
 -1.17764E+01  2.16669E-28  1.43004E+06  2.00000E-03  1.57649E+00
 -1.16829E+01  2.16536E-28  1.42945E+06  2.00000E-03  1.65493E+00
 -1.15893E+01  2.16347E-28  1.42862E+06  2.00000E-03  1.74866E+00
 -1.14957E+01  2.16291E-28  1.42837E+06  2.00000E-03  1.78113E+00
 -1.14021E+01  2.16152E-28  1.42776E+06  2.00000E-03  1.84112E+00
 -1.13085E+01  2.16009E-28  1.42713E+06  2.00000E-03  1.89418E+00
 -1.12150E+01  2.15969E-28  1.42696E+06  2.00000E-03  1.87582E+00
 -1.11214E+01  2.15901E-28  1.42666E+06  2.00000E-03  1.88058E+00
 -1.10278E+01  2.15816E-28  1.42629E+06  2.00000E-03  1.87684E+00
 -1.09342E+01  2.15977E-28  1.42700E+06  2.00000E-03  1.76484E+00
 -1.08406E+01  2.15929E-28  1.42680E+06  2.00000E-03  1.74836E+00
 -1.07471E+01  2.15969E-28  1.42698E+06  2.00000E-03  1.67622E+00
 -1.06535E+01  2.16068E-28  1.42741E+06  2.00000E-03  1.60335E+00
 -1.05599E+01  2.16023E-28  1.42722E+06  2.00000E-03  1.59398E+00
 -1.04663E+01  2.16074E-28  1.42744E+06  2.00000E-03  1.53365E+00
 -1.03727E+01  2.16117E-28  1.42764E+06  2.00000E-03  1.49230E+00
 -1.02792E+01  2.16096E-28  1.42754E+06  2.00000E-03  1.47730E+00
 -1.01856E+01  2.16118E-28  1.42764E+06  2.00000E-03  1.44228E+00
 -1.00920E+01  2.16135E-28  1.42772E+06  2.00000E-03  1.41667E+00
 -9.99843E+00  2.16185E-28  1.42794E+06  2.00000E-03  1.36774E+00
 -9.90485E+00  2.16144E-28  1.42776E+06  2.00000E-03  1.36659E+00
 -9.81127E+00  2.16158E-28  1.42782E+06  2.00000E-03  1.35665E+00
 -9.71769E+00  2.16170E-28  1.42788E+06  2.00000E-03  1.33156E+00
 -9.62411E+00  2.15987E-28  1.42707E+06  2.00000E-03  1.41510E+00
 -9.53053E+00  2.16001E-28  1.42713E+06  2.00000E-03  1.41091E+00
 -9.43695E+00  2.15878E-28  1.42659E+06  2.00000E-03  1.49443E+00
 -9.34337E+00  2.15650E-28  1.42558E+06  2.00000E-03  1.61666E+00
 -9.24979E+00  2.15585E-28  1.42530E+06  2.00000E-03  1.67064E+00
 -9.15621E+00  2.15410E-28  1.42452E+06  2.00000E-03  1.77267E+00
 -9.06263E+00  2.15286E-28  1.42397E+06  2.00000E-03  1.83070E+00
 -8.96905E+00  2.15282E-28  1.42396E+06  2.00000E-03  1.83843E+00
 -8.87547E+00  2.15364E-28  1.42432E+06  2.00000E-03  1.78259E+00
 -8.78189E+00  2.15468E-28  1.42478E+06  2.00000E-03  1.70476E+00
 -8.68831E+00  2.15628E-28  1.42548E+06  2.00000E-03  1.60268E+00
 -8.59473E+00  2.16137E-28  1.42773E+06  2.00000E-03  1.27428E+00
 -8.50115E+00  2.16560E-28  1.42960E+06  2.00000E-03  9.98142E-01
 -8.40757E+00  2.16872E-28  1.43097E+06  2.00000E-03  8.06545E-01
 -8.31399E+00  2.17444E-28  1.43349E+06  2.00000E-03  4.36842E-01
 -8.22041E+00  2.17799E-28  1.43505E+06  2.00000E-03  2.15756E-01
 -8.12683E+00  2.17976E-28  1.43583E+06  2.00000E-03  1.15063E-01
 -8.03325E+00  2.18169E-28  1.43667E+06  2.00000E-03  4.14684E-02
 -7.93967E+00  2.18227E-28  1.43693E+06  2.00000E-03  1.40049E-02
 -7.84609E+00  2.18201E-28  1.43682E+06  2.00000E-03  4.65555E-02
 -7.75251E+00  2.18143E-28  1.43658E+06  2.00000E-03  1.10102E-01
 -7.65893E+00  2.18054E-28  1.43619E+06  2.00000E-03  1.54928E-01
 -7.56535E+00  2.17623E-28  1.43431E+06  2.00000E-03  4.19112E-01
 -7.47177E+00  2.17451E-28  1.43356E+06  2.00000E-03  5.32387E-01
 -7.37819E+00  2.17172E-28  1.43234E+06  2.00000E-03  6.73327E-01
 -7.28461E+00  2.16399E-28  1.42895E+06  2.00000E-03  1.11527E+00
 -7.19103E+00  2.16273E-28  1.42840E+06  2.00000E-03  1.19122E+00
 -7.09745E+00  2.15847E-28  1.42653E+06  2.00000E-03  1.37311E+00
 -7.00387E+00  2.15457E-28  1.42482E+06  2.00000E-03  1.53583E+00
 -6.91029E+00  2.15422E-28  1.42467E+06  2.00000E-03  1.54687E+00
 -6.81671E+00  2.15227E-28  1.42381E+06  2.00000E-03  1.53332E+00
 -6.72313E+00  2.15247E-28  1.42389E+06  2.00000E-03  1.43409E+00
 -6.62955E+00  2.15249E-28  1.42390E+06  2.00000E-03  1.41058E+00
 -6.53597E+00  2.15325E-28  1.42423E+06  2.00000E-03  1.22130E+00
 -6.44239E+00  2.15439E-28  1.42471E+06  2.00000E-03  1.11062E+00
 -6.34881E+00  2.15460E-28  1.42481E+06  2.00000E-03  1.06207E+00
 -6.25523E+00  2.15527E-28  1.42510E+06  2.00000E-03  9.38115E-01
 -6.16165E+00  2.15534E-28  1.42513E+06  2.00000E-03  9.45607E-01
 -6.06807E+00  2.15538E-28  1.42515E+06  2.00000E-03  9.02027E-01
 -5.97449E+00  2.15343E-28  1.42430E+06  2.00000E-03  1.04996E+00
 -5.88091E+00  2.15259E-28  1.42393E+06  2.00000E-03  1.13618E+00
 -5.78733E+00  2.15200E-28  1.42368E+06  2.00000E-03  1.14173E+00
 -5.69375E+00  2.14698E-28  1.42148E+06  2.00000E-03  1.56721E+00
 -5.60017E+00  2.14602E-28  1.42106E+06  2.00000E-03  1.65554E+00
 -5.50659E+00  2.14441E-28  1.42036E+06  2.00000E-03  1.73526E+00
 -5.41301E+00  2.13737E-28  1.41727E+06  2.00000E-03  2.31221E+00
 -5.31943E+00  2.13633E-28  1.41681E+06  2.00000E-03  2.39650E+00
 -5.22585E+00  2.13262E-28  1.41517E+06  2.00000E-03  2.63485E+00
 -5.13227E+00  2.12442E-28  1.41156E+06  2.00000E-03  3.24587E+00
 -5.03869E+00  2.12330E-28  1.41106E+06  2.00000E-03  3.30599E+00
 -4.94511E+00  2.12083E-28  1.40997E+06  2.00000E-03  3.45572E+00
 -4.85153E+00  2.11939E-28  1.40933E+06  2.00000E-03  3.58025E+00
 -4.75795E+00  2.11937E-28  1.40932E+06  2.00000E-03  3.56732E+00
 -4.66437E+00  2.12317E-28  1.41100E+06  2.00000E-03  3.27963E+00
 -4.57079E+00  2.12644E-28  1.41245E+06  2.00000E-03  3.06524E+00
 -4.47721E+00  2.12748E-28  1.41290E+06  2.00000E-03  2.97984E+00
 -4.38363E+00  2.14044E-28  1.41865E+06  2.00000E-03  2.08588E+00
 -4.29005E+00  2.14536E-28  1.42082E+06  2.00000E-03  1.75732E+00
 -4.19647E+00  2.14853E-28  1.42222E+06  2.00000E-03  1.52598E+00
 -4.10289E+00  2.16470E-28  1.42935E+06  2.00000E-03  3.91487E-01
 -4.00931E+00  2.16749E-28  1.43057E+06  2.00000E-03  1.97307E-01
 -3.91574E+00  2.17187E-28  1.43249E+06  2.00000E-03 -1.13703E-01
 -3.82215E+00  2.17961E-28  1.43588E+06  2.00000E-03 -7.13688E-01
 -3.72858E+00  2.18019E-28  1.43614E+06  2.00000E-03 -7.57576E-01
 -3.63500E+00  2.18257E-28  1.43718E+06  2.00000E-03 -9.28238E-01
 -3.54142E+00  2.18374E-28  1.43768E+06  2.00000E-03 -1.08249E+00
 -3.44784E+00  2.18407E-28  1.43782E+06  2.00000E-03 -1.10021E+00
 -3.35426E+00  2.18483E-28  1.43815E+06  2.00000E-03 -1.18748E+00
 -3.26068E+00  2.18371E-28  1.43765E+06  2.00000E-03 -1.19271E+00
 -3.16710E+00  2.18442E-28  1.43796E+06  2.00000E-03 -1.23418E+00
 -3.07352E+00  2.18426E-28  1.43789E+06  2.00000E-03 -1.28473E+00
 -2.97994E+00  2.18292E-28  1.43730E+06  2.00000E-03 -1.25239E+00
 -2.88636E+00  2.18322E-28  1.43743E+06  2.00000E-03 -1.29616E+00
 -2.79278E+00  2.18216E-28  1.43697E+06  2.00000E-03 -1.29712E+00
 -2.69920E+00  2.18141E-28  1.43664E+06  2.00000E-03 -1.28117E+00
 -2.60562E+00  2.18002E-28  1.43604E+06  2.00000E-03 -1.23487E+00
 -2.51204E+00  2.17799E-28  1.43515E+06  2.00000E-03 -1.14598E+00
 -2.41846E+00  2.17632E-28  1.43443E+06  2.00000E-03 -1.08632E+00
 -2.32488E+00  2.17379E-28  1.43332E+06  2.00000E-03 -9.40864E-01
 -2.23130E+00  2.17069E-28  1.43196E+06  2.00000E-03 -7.63642E-01
 -2.13772E+00  2.17030E-28  1.43179E+06  2.00000E-03 -7.39368E-01
 -2.04414E+00  2.16781E-28  1.43070E+06  2.00000E-03 -5.67605E-01
 -1.95056E+00  2.16590E-28  1.42986E+06  2.00000E-03 -4.29246E-01
 -1.85698E+00  2.16543E-28  1.42965E+06  2.00000E-03 -4.00739E-01
 -1.76340E+00  2.16377E-28  1.42892E+06  2.00000E-03 -2.77229E-01
 -1.66982E+00  2.16372E-28  1.42890E+06  2.00000E-03 -2.25193E-01
 -1.57624E+00  2.16317E-28  1.42866E+06  2.00000E-03 -1.91706E-01
 -1.48266E+00  2.16258E-28  1.42839E+06  2.00000E-03 -1.22221E-01
 -1.38908E+00  2.16289E-28  1.42853E+06  2.00000E-03 -1.04736E-01
 -1.29550E+00  2.16217E-28  1.42821E+06  2.00000E-03 -7.64842E-02
 -1.20192E+00  2.16174E-28  1.42802E+06  2.00000E-03 -3.36705E-03
 -1.10834E+00  2.16185E-28  1.42808E+06  2.00000E-03  1.09690E-02
 -1.01476E+00  2.16142E-28  1.42788E+06  2.00000E-03  3.02356E-02
 -9.21180E-01  2.16009E-28  1.42729E+06  2.00000E-03  1.35241E-01
 -8.27600E-01  2.15989E-28  1.42721E+06  2.00000E-03  1.52057E-01
 -7.34020E-01  2.15963E-28  1.42708E+06  2.00000E-03  1.75821E-01
 -6.40440E-01  2.15765E-28  1.42621E+06  2.00000E-03  3.03633E-01
 -5.46860E-01  2.15759E-28  1.42618E+06  2.00000E-03  3.09640E-01
 -4.53280E-01  2.15705E-28  1.42594E+06  2.00000E-03  3.55098E-01
 -3.59700E-01  2.15594E-28  1.42544E+06  2.00000E-03  4.27186E-01
 -2.66121E-01  2.15598E-28  1.42547E+06  2.00000E-03  4.29791E-01
 -1.72541E-01  2.15567E-28  1.42533E+06  2.00000E-03  4.65353E-01
 -7.89609E-02  2.15496E-28  1.42501E+06  2.00000E-03  5.08345E-01
  1.46190E-02  2.15508E-28  1.42506E+06  2.00000E-03  5.05238E-01
  1.08199E-01  2.15491E-28  1.42499E+06  2.00000E-03  5.16455E-01
  2.01779E-01  2.15461E-28  1.42486E+06  2.00000E-03  5.29876E-01
  2.95359E-01  2.15499E-28  1.42503E+06  2.00000E-03  5.09776E-01
  3.88938E-01  2.15534E-28  1.42518E+06  2.00000E-03  4.64877E-01
  4.82518E-01  2.15533E-28  1.42517E+06  2.00000E-03  4.57377E-01
  5.76098E-01  2.15634E-28  1.42562E+06  2.00000E-03  3.87831E-01
  6.69678E-01  2.15755E-28  1.42615E+06  2.00000E-03  2.74561E-01
  7.63258E-01  2.15773E-28  1.42624E+06  2.00000E-03  2.48957E-01
  8.56838E-01  2.15956E-28  1.42704E+06  2.00000E-03  1.22961E-01
  9.50418E-01  2.16127E-28  1.42780E+06  2.00000E-03 -1.94541E-02
  1.04400E+00  2.16145E-28  1.42788E+06  2.00000E-03 -3.30261E-02
  1.13758E+00  2.16295E-28  1.42854E+06  2.00000E-03 -1.44410E-01
  1.23116E+00  2.16389E-28  1.42896E+06  2.00000E-03 -2.30170E-01
  1.32474E+00  2.16375E-28  1.42890E+06  2.00000E-03 -2.38438E-01
  1.41832E+00  2.16336E-28  1.42874E+06  2.00000E-03 -2.61355E-01
  1.51190E+00  2.16348E-28  1.42880E+06  2.00000E-03 -2.71234E-01
  1.60548E+00  2.16258E-28  1.42842E+06  2.00000E-03 -2.55406E-01
  1.69906E+00  2.16022E-28  1.42740E+06  2.00000E-03 -1.78416E-01
  1.79264E+00  2.15918E-28  1.42697E+06  2.00000E-03 -1.33773E-01
  1.88622E+00  2.15652E-28  1.42583E+06  2.00000E-03 -2.08396E-02
  1.97980E+00  2.15278E-28  1.42422E+06  2.00000E-03  1.14737E-01
  2.07338E+00  2.15161E-28  1.42372E+06  2.00000E-03  1.59159E-01
  2.16696E+00  2.14753E-28  1.42196E+06  2.00000E-03  3.05618E-01
  2.26054E+00  2.14305E-28  1.42001E+06  2.00000E-03  4.74294E-01
  2.35412E+00  2.14233E-28  1.41969E+06  2.00000E-03  4.98718E-01
  2.44770E+00  2.13786E-28  1.41772E+06  2.00000E-03  6.57006E-01
  2.54128E+00  2.13249E-28  1.41534E+06  2.00000E-03  8.91949E-01
  2.63486E+00  2.13188E-28  1.41507E+06  2.00000E-03  8.99342E-01
  2.72843E+00  2.12714E-28  1.41294E+06  2.00000E-03  1.05466E+00
  2.82201E+00  2.12269E-28  1.41095E+06  2.00000E-03  1.25562E+00
  2.91559E+00  2.12187E-28  1.41058E+06  2.00000E-03  1.29463E+00
  3.00917E+00  2.11620E-28  1.40802E+06  2.00000E-03  1.48775E+00
  3.10275E+00  2.11432E-28  1.40717E+06  2.00000E-03  1.55819E+00
  3.19633E+00  2.11285E-28  1.40650E+06  2.00000E-03  1.55178E+00
  3.28991E+00  2.10828E-28  1.40444E+06  2.00000E-03  1.59661E+00
  3.38349E+00  2.10757E-28  1.40412E+06  2.00000E-03  1.61714E+00
  3.47707E+00  2.10654E-28  1.40366E+06  2.00000E-03  1.57109E+00
  3.57065E+00  2.10373E-28  1.40239E+06  2.00000E-03  1.48811E+00
  3.66423E+00  2.10489E-28  1.40291E+06  2.00000E-03  1.49402E+00
  3.75781E+00  2.10524E-28  1.40306E+06  2.00000E-03  1.35173E+00
  3.85139E+00  2.10555E-28  1.40318E+06  2.00000E-03  1.16991E+00
  3.94497E+00  2.10567E-28  1.40323E+06  2.00000E-03  1.14765E+00
  4.03855E+00  2.10998E-28  1.40514E+06  2.00000E-03  8.48294E-01
  4.13213E+00  2.11346E-28  1.40667E+06  2.00000E-03  5.91939E-01
  4.22571E+00  2.11430E-28  1.40705E+06  2.00000E-03  5.45340E-01
  4.31929E+00  2.12093E-28  1.40999E+06  2.00000E-03  1.75253E-01
  4.41287E+00  2.12462E-28  1.41162E+06  2.00000E-03 -4.02649E-02
  4.50645E+00  2.12671E-28  1.41255E+06  2.00000E-03 -1.48225E-01
  4.60003E+00  2.13227E-28  1.41501E+06  2.00000E-03 -4.41324E-01
  4.69361E+00  2.13591E-28  1.41661E+06  2.00000E-03 -6.41833E-01
  4.78719E+00  2.13826E-28  1.41765E+06  2.00000E-03 -7.69289E-01
  4.88077E+00  2.14279E-28  1.41966E+06  2.00000E-03 -1.01769E+00
  4.97435E+00  2.14504E-28  1.42065E+06  2.00000E-03 -1.14241E+00
  5.06793E+00  2.14645E-28  1.42128E+06  2.00000E-03 -1.22115E+00
  5.16151E+00  2.14912E-28  1.42246E+06  2.00000E-03 -1.36548E+00
  5.25509E+00  2.14990E-28  1.42280E+06  2.00000E-03 -1.40690E+00
  5.34867E+00  2.14963E-28  1.42269E+06  2.00000E-03 -1.40602E+00
  5.44225E+00  2.14999E-28  1.42285E+06  2.00000E-03 -1.44883E+00
  5.53583E+00  2.14994E-28  1.42282E+06  2.00000E-03 -1.45138E+00
  5.62941E+00  2.14782E-28  1.42189E+06  2.00000E-03 -1.38321E+00
  5.72299E+00  2.14645E-28  1.42128E+06  2.00000E-03 -1.35861E+00
  5.81657E+00  2.14604E-28  1.42110E+06  2.00000E-03 -1.34559E+00
  5.91015E+00  2.14243E-28  1.41951E+06  2.00000E-03 -1.23627E+00
  6.00373E+00  2.14041E-28  1.41862E+06  2.00000E-03 -1.18155E+00
  6.09731E+00  2.14000E-28  1.41844E+06  2.00000E-03 -1.16388E+00
  6.19089E+00  2.13694E-28  1.41710E+06  2.00000E-03 -1.05581E+00
  6.28447E+00  2.13532E-28  1.41639E+06  2.00000E-03 -1.00618E+00
  6.37805E+00  2.13531E-28  1.41638E+06  2.00000E-03 -9.87341E-01
  6.47163E+00  2.13376E-28  1.41568E+06  2.00000E-03 -8.94948E-01
  6.56521E+00  2.13263E-28  1.41518E+06  2.00000E-03 -8.73752E-01
  6.65879E+00  2.13305E-28  1.41536E+06  2.00000E-03 -8.93121E-01
  6.75237E+00  2.13352E-28  1.41555E+06  2.00000E-03 -9.26183E-01
  6.84595E+00  2.13337E-28  1.41547E+06  2.00000E-03 -9.00017E-01
  6.93953E+00  2.13597E-28  1.41662E+06  2.00000E-03 -9.90883E-01
  7.03311E+00  2.13834E-28  1.41767E+06  2.00000E-03 -1.11405E+00
  7.12669E+00  2.13857E-28  1.41777E+06  2.00000E-03 -1.11787E+00
  7.22027E+00  2.14365E-28  1.42002E+06  2.00000E-03 -1.24782E+00
  7.31385E+00  2.14873E-28  1.42227E+06  2.00000E-03 -1.46462E+00
  7.40743E+00  2.15147E-28  1.42349E+06  2.00000E-03 -1.54358E+00
  7.50101E+00  2.16194E-28  1.42814E+06  2.00000E-03 -1.81961E+00
  7.59459E+00  2.16161E-28  1.42797E+06  2.00000E-03 -1.79982E+00
  7.68817E+00  2.16623E-28  1.43002E+06  2.00000E-03 -1.94090E+00
  7.78175E+00  2.17316E-28  1.43307E+06  2.00000E-03 -2.11572E+00
  7.87533E+00  2.17672E-28  1.43462E+06  2.00000E-03 -2.21139E+00
  7.96891E+00  2.17950E-28  1.43584E+06  2.00000E-03 -2.26461E+00
  8.06249E+00  2.18411E-28  1.43785E+06  2.00000E-03 -2.37327E+00
  8.15607E+00  2.18628E-28  1.43878E+06  2.00000E-03 -2.43119E+00
  8.24965E+00  2.18755E-28  1.43933E+06  2.00000E-03 -2.45884E+00
  8.34323E+00  2.19095E-28  1.44080E+06  2.00000E-03 -2.55412E+00
  8.43681E+00  2.19226E-28  1.44137E+06  2.00000E-03 -2.58940E+00
  8.53039E+00  2.19502E-28  1.44256E+06  2.00000E-03 -2.68999E+00
  8.62397E+00  2.19475E-28  1.44243E+06  2.00000E-03 -2.74300E+00
  8.71755E+00  2.19490E-28  1.44249E+06  2.00000E-03 -2.75888E+00
  8.81113E+00  2.19722E-28  1.44350E+06  2.00000E-03 -2.89836E+00
  8.90471E+00  2.19691E-28  1.44335E+06  2.00000E-03 -2.96088E+00
  8.99829E+00  2.19708E-28  1.44342E+06  2.00000E-03 -2.97878E+00
  9.09186E+00  2.19966E-28  1.44455E+06  2.00000E-03 -3.12579E+00
  9.18544E+00  2.20099E-28  1.44513E+06  2.00000E-03 -3.19547E+00
  9.27903E+00  2.20093E-28  1.44510E+06  2.00000E-03 -3.20786E+00
  9.37260E+00  2.20372E-28  1.44632E+06  2.00000E-03 -3.29986E+00
  9.46618E+00  2.20562E-28  1.44715E+06  2.00000E-03 -3.36190E+00
  9.55976E+00  2.20687E-28  1.44770E+06  2.00000E-03 -3.38611E+00
  9.65334E+00  2.20936E-28  1.44879E+06  2.00000E-03 -3.42072E+00
  9.74692E+00  2.21008E-28  1.44910E+06  2.00000E-03 -3.43089E+00
  9.84050E+00  2.21073E-28  1.44939E+06  2.00000E-03 -3.41963E+00
  9.93408E+00  2.21230E-28  1.45007E+06  2.00000E-03 -3.42380E+00
  1.00277E+01  2.21250E-28  1.45016E+06  2.00000E-03 -3.42588E+00
  1.01212E+01  2.21266E-28  1.45023E+06  2.00000E-03 -3.37990E+00
  1.02148E+01  2.21204E-28  1.44996E+06  2.00000E-03 -3.37478E+00
  1.03084E+01  2.21185E-28  1.44988E+06  2.00000E-03 -3.36751E+00
  1.04020E+01  2.21036E-28  1.44923E+06  2.00000E-03 -3.29058E+00
  1.04956E+01  2.20858E-28  1.44846E+06  2.00000E-03 -3.27923E+00
  1.05891E+01  2.20802E-28  1.44822E+06  2.00000E-03 -3.25078E+00
  1.06827E+01  2.20522E-28  1.44700E+06  2.00000E-03 -3.14126E+00
  1.07763E+01  2.20347E-28  1.44624E+06  2.00000E-03 -3.12606E+00
  1.08699E+01  2.20241E-28  1.44578E+06  2.00000E-03 -3.04533E+00
  1.09635E+01  2.19883E-28  1.44423E+06  2.00000E-03 -2.91282E+00
  1.10570E+01  2.19803E-28  1.44388E+06  2.00000E-03 -2.95151E+00
  1.11506E+01  2.19644E-28  1.44319E+06  2.00000E-03 -2.86708E+00
  1.12442E+01  2.19374E-28  1.44202E+06  2.00000E-03 -2.80322E+00
  1.13378E+01  2.19300E-28  1.44170E+06  2.00000E-03 -2.80014E+00
  1.14314E+01  2.19092E-28  1.44081E+06  2.00000E-03 -2.70866E+00
  1.15249E+01  2.18850E-28  1.43978E+06  2.00000E-03 -2.67786E+00
  1.16185E+01  2.18812E-28  1.43961E+06  2.00000E-03 -2.67789E+00
  1.17121E+01  2.18551E-28  1.43850E+06  2.00000E-03 -2.57317E+00
  1.18057E+01  2.18353E-28  1.43765E+06  2.00000E-03 -2.54970E+00
  1.18993E+01  2.18312E-28  1.43747E+06  2.00000E-03 -2.53233E+00
  1.19928E+01  2.18064E-28  1.43639E+06  2.00000E-03 -2.41799E+00
  1.20864E+01  2.17937E-28  1.43583E+06  2.00000E-03 -2.37992E+00
  1.21800E+01  2.17911E-28  1.43571E+06  2.00000E-03 -2.35763E+00
  1.22736E+01  2.17689E-28  1.43471E+06  2.00000E-03 -2.21429E+00
  1.23672E+01  2.17568E-28  1.43416E+06  2.00000E-03 -2.15893E+00
  1.24607E+01  2.17492E-28  1.43382E+06  2.00000E-03 -2.10491E+00
  1.25543E+01  2.17204E-28  1.43253E+06  2.00000E-03 -1.96668E+00
  1.26479E+01  2.17114E-28  1.43212E+06  2.00000E-03 -1.93858E+00
  1.27415E+01  2.17002E-28  1.43162E+06  2.00000E-03 -1.90419E+00
  1.28351E+01  2.16663E-28  1.43009E+06  2.00000E-03 -1.83607E+00
  1.29286E+01  2.16591E-28  1.42977E+06  2.00000E-03 -1.82452E+00
  1.30222E+01  2.16344E-28  1.42867E+06  2.00000E-03 -1.81061E+00
  1.31158E+01  2.16087E-28  1.42752E+06  2.00000E-03 -1.84852E+00
  1.32094E+01  2.16058E-28  1.42739E+06  2.00000E-03 -1.86162E+00
  1.33030E+01  2.15606E-28  1.42540E+06  2.00000E-03 -1.83748E+00
  1.33965E+01  2.15584E-28  1.42529E+06  2.00000E-03 -1.92861E+00
  1.34901E+01  2.15533E-28  1.42506E+06  2.00000E-03 -1.92513E+00
  1.35837E+01  2.15180E-28  1.42350E+06  2.00000E-03 -1.88790E+00
  1.36773E+01  2.15285E-28  1.42395E+06  2.00000E-03 -1.91896E+00
  1.37709E+01  2.15185E-28  1.42351E+06  2.00000E-03 -1.89003E+00
  1.38644E+01  2.14961E-28  1.42252E+06  2.00000E-03 -1.76896E+00
  1.39580E+01  2.15125E-28  1.42324E+06  2.00000E-03 -1.75802E+00
  1.40516E+01  2.14955E-28  1.42249E+06  2.00000E-03 -1.69168E+00
  1.41452E+01  2.14887E-28  1.42219E+06  2.00000E-03 -1.53491E+00
  1.42388E+01  2.15014E-28  1.42275E+06  2.00000E-03 -1.51383E+00
  1.43323E+01  2.14770E-28  1.42168E+06  2.00000E-03 -1.42339E+00
  1.44259E+01  2.14834E-28  1.42197E+06  2.00000E-03 -1.29311E+00
  1.45195E+01  2.14909E-28  1.42229E+06  2.00000E-03 -1.28084E+00
  1.46131E+01  2.14644E-28  1.42113E+06  2.00000E-03 -1.19772E+00
  1.47067E+01  2.14785E-28  1.42174E+06  2.00000E-03 -1.12747E+00
  1.48002E+01  2.14823E-28  1.42191E+06  2.00000E-03 -1.12166E+00
  1.48938E+01  2.14583E-28  1.42085E+06  2.00000E-03 -1.06958E+00
  1.49874E+01  2.14806E-28  1.42182E+06  2.00000E-03 -1.03250E+00
  1.50810E+01  2.14772E-28  1.42167E+06  2.00000E-03 -1.03153E+00
  1.51746E+01  2.14661E-28  1.42117E+06  2.00000E-03 -1.01983E+00
  1.52681E+01  2.14782E-28  1.42170E+06  2.00000E-03 -1.02568E+00
  1.53617E+01  2.14627E-28  1.42101E+06  2.00000E-03 -1.06992E+00
  1.54553E+01  2.14695E-28  1.42131E+06  2.00000E-03 -1.09426E+00
  1.55489E+01  2.14866E-28  1.42206E+06  2.00000E-03 -1.07227E+00
  1.56425E+01  2.14867E-28  1.42206E+06  2.00000E-03 -1.10184E+00
  1.57360E+01  2.15089E-28  1.42304E+06  2.00000E-03 -1.09801E+00
  1.58296E+01  2.15215E-28  1.42359E+06  2.00000E-03 -1.06807E+00
  1.59232E+01  2.15281E-28  1.42388E+06  2.00000E-03 -1.09996E+00
  1.60168E+01  2.15587E-28  1.42523E+06  2.00000E-03 -1.02550E+00
  1.61104E+01  2.15652E-28  1.42551E+06  2.00000E-03 -9.97848E-01
  1.62039E+01  2.15812E-28  1.42622E+06  2.00000E-03 -9.96873E-01
  1.62975E+01  2.16059E-28  1.42730E+06  2.00000E-03 -8.74570E-01
  1.63911E+01  2.16087E-28  1.42743E+06  2.00000E-03 -8.57109E-01
  1.64847E+01  2.16289E-28  1.42832E+06  2.00000E-03 -8.17015E-01
  1.65783E+01  2.16431E-28  1.42895E+06  2.00000E-03 -6.83356E-01
  1.66718E+01  2.16456E-28  1.42906E+06  2.00000E-03 -6.80951E-01
  1.67654E+01  2.16629E-28  1.42982E+06  2.00000E-03 -6.14724E-01
  1.68590E+01  2.16676E-28  1.43003E+06  2.00000E-03 -5.17769E-01
  1.69526E+01  2.16717E-28  1.43021E+06  2.00000E-03 -5.15291E-01
  1.70462E+01  2.16855E-28  1.43082E+06  2.00000E-03 -4.41550E-01
  1.71397E+01  2.16862E-28  1.43085E+06  2.00000E-03 -3.78061E-01
  1.72333E+01  2.16930E-28  1.43115E+06  2.00000E-03 -3.76919E-01
  1.73269E+01  2.17037E-28  1.43162E+06  2.00000E-03 -2.97648E-01
  1.74205E+01  2.17039E-28  1.43163E+06  2.00000E-03 -2.60164E-01
  1.75141E+01  2.17140E-28  1.43207E+06  2.00000E-03 -2.57888E-01
  1.76076E+01  2.17213E-28  1.43239E+06  2.00000E-03 -1.75909E-01
  1.77012E+01  2.17211E-28  1.43238E+06  2.00000E-03 -1.57458E-01
  1.77948E+01  2.17350E-28  1.43299E+06  2.00000E-03 -1.44800E-01
  1.78884E+01  2.17360E-28  1.43303E+06  2.00000E-03 -8.64284E-02
  1.79820E+01  2.17365E-28  1.43305E+06  2.00000E-03 -8.00896E-02
  1.80755E+01  2.17517E-28  1.43372E+06  2.00000E-03 -6.33929E-02
  1.81691E+01  2.17463E-28  1.43349E+06  2.00000E-03 -3.31682E-02
  1.82627E+01  2.17567E-28  1.43395E+06  2.00000E-03 -3.08704E-02
  1.83563E+01  2.17669E-28  1.43440E+06  2.00000E-03 -2.52986E-02
  1.84499E+01  2.17619E-28  1.43418E+06  2.00000E-03 -1.96426E-02
  1.85434E+01  2.17740E-28  1.43471E+06  2.00000E-03 -1.15860E-02
  1.86370E+01  2.17813E-28  1.43503E+06  2.00000E-03 -5.01765E-03
  1.87306E+01  2.17777E-28  1.43487E+06  2.00000E-03  4.99178E-03
  1.88242E+01  2.17881E-28  1.43532E+06  2.00000E-03  9.01655E-03
  1.89177E+01  2.17912E-28  1.43546E+06  2.00000E-03  2.22748E-02
  1.90113E+01  2.17880E-28  1.43531E+06  2.00000E-03  3.37772E-02
  1.91049E+01  2.17972E-28  1.43572E+06  2.00000E-03  5.53723E-02
  1.91985E+01  2.17925E-28  1.43551E+06  2.00000E-03  7.72538E-02
  1.92921E+01  2.17867E-28  1.43525E+06  2.00000E-03  8.33066E-02
  1.93856E+01  2.17935E-28  1.43556E+06  2.00000E-03  1.21411E-01
  1.94792E+01  2.17757E-28  1.43483E+06  2.00000E-03  1.45693E-01
  1.95728E+01  2.17739E-28  1.43475E+06  2.00000E-03  1.48703E-01
  1.96664E+01  2.17660E-28  1.43445E+06  2.00000E-03  1.74970E-01
  1.97600E+01  2.17116E-28  1.43216E+06  2.00000E-03  1.27369E-01
  1.98535E+01  2.17113E-28  1.43215E+06  2.00000E-03  1.26233E-01
  1.99471E+01  2.17120E-28  1.43218E+06  2.00000E-03  1.28650E-01
  2.00407E+01  2.17113E-28  1.43215E+06  2.00000E-03  1.26132E-01
  2.01343E+01  2.17174E-28  1.43243E+06  2.00000E-03  1.65174E-01
  2.02279E+01  2.16916E-28  1.43126E+06  2.00000E-03  1.54057E-01
  2.03214E+01  2.16620E-28  1.42991E+06  2.00000E-03  7.58814E-02
  2.04150E+01  2.16670E-28  1.43013E+06  2.00000E-03  9.08283E-02
  2.05086E+01  2.16668E-28  1.43012E+06  2.00000E-03  9.01310E-02
  2.06022E+01  2.16690E-28  1.43022E+06  2.00000E-03  9.13855E-02
  2.06958E+01  2.16808E-28  1.43074E+06  2.00000E-03  1.08739E-01
  2.07893E+01  2.16451E-28  1.42915E+06  2.00000E-03 -2.00261E-02
  2.08829E+01  2.16144E-28  1.42778E+06  2.00000E-03 -1.18559E-01
  2.09765E+01  2.16157E-28  1.42783E+06  2.00000E-03 -1.15335E-01
  2.10701E+01  2.16256E-28  1.42827E+06  2.00000E-03 -8.97545E-02
  2.11637E+01  2.16413E-28  1.42896E+06  2.00000E-03 -1.11264E-01
  2.12572E+01  2.16470E-28  1.42920E+06  2.00000E-03 -1.79676E-01
  2.13508E+01  2.16253E-28  1.42823E+06  2.00000E-03 -2.65759E-01
  2.14444E+01  2.15971E-28  1.42697E+06  2.00000E-03 -3.35970E-01
  2.15380E+01  2.15971E-28  1.42697E+06  2.00000E-03 -3.35970E-01
  2.16316E+01  2.16001E-28  1.42710E+06  2.00000E-03 -3.41600E-01
  2.17251E+01  2.16341E-28  1.42860E+06  2.00000E-03 -4.04601E-01
  2.18187E+01  2.16310E-28  1.42845E+06  2.00000E-03 -4.71064E-01
  2.19123E+01  2.15974E-28  1.42696E+06  2.00000E-03 -4.91588E-01
  2.20059E+01  2.15924E-28  1.42673E+06  2.00000E-03 -4.94694E-01
  2.20995E+01  2.15924E-28  1.42673E+06  2.00000E-03 -4.94694E-01
  2.21930E+01  2.16037E-28  1.42723E+06  2.00000E-03 -5.16934E-01
  2.22866E+01  2.16446E-28  1.42903E+06  2.00000E-03 -5.97710E-01
  2.23802E+01  2.16372E-28  1.42870E+06  2.00000E-03 -5.88354E-01
  2.24738E+01  2.16180E-28  1.42785E+06  2.00000E-03 -5.53730E-01
  2.25674E+01  2.16180E-28  1.42785E+06  2.00000E-03 -5.53730E-01
  2.26609E+01  2.16180E-28  1.42785E+06  2.00000E-03 -5.53730E-01
  2.27545E+01  2.16579E-28  1.42961E+06  2.00000E-03 -6.13608E-01
  2.28481E+01  2.16972E-28  1.43134E+06  2.00000E-03 -6.51793E-01
  2.29417E+01  2.16849E-28  1.43080E+06  2.00000E-03 -5.81750E-01
  2.30353E+01  2.16713E-28  1.43020E+06  2.00000E-03 -5.27749E-01
  2.31288E+01  2.16713E-28  1.43020E+06  2.00000E-03 -5.27749E-01
  2.32224E+01  2.16755E-28  1.43039E+06  2.00000E-03 -5.34332E-01
  2.33160E+01  2.17204E-28  1.43236E+06  2.00000E-03 -6.04629E-01
  2.34096E+01  2.17533E-28  1.43381E+06  2.00000E-03 -6.33821E-01
  2.35032E+01  2.17324E-28  1.43289E+06  2.00000E-03 -5.78893E-01
  2.35967E+01  2.17291E-28  1.43274E+06  2.00000E-03 -5.70118E-01
  2.36903E+01  2.17291E-28  1.43274E+06  2.00000E-03 -5.70118E-01
  2.37839E+01  2.17451E-28  1.43345E+06  2.00000E-03 -6.07351E-01
  2.38775E+01  2.18025E-28  1.43597E+06  2.00000E-03 -7.46158E-01
  2.39711E+01  2.17827E-28  1.43510E+06  2.00000E-03 -8.11622E-01
  2.40646E+01  2.17524E-28  1.43377E+06  2.00000E-03 -8.33555E-01
  2.41582E+01  2.17524E-28  1.43377E+06  2.00000E-03 -8.33555E-01
  2.42518E+01  2.17524E-28  1.43377E+06  2.00000E-03 -8.33555E-01
  2.43454E+01  2.17780E-28  1.43489E+06  2.00000E-03 -9.22579E-01
  2.44390E+01  2.18025E-28  1.43596E+06  2.00000E-03 -1.08336E+00
  2.45325E+01  2.17481E-28  1.43357E+06  2.00000E-03 -1.22616E+00
  2.46261E+01  2.17273E-28  1.43266E+06  2.00000E-03 -1.27277E+00
  2.47197E+01  2.17273E-28  1.43266E+06  2.00000E-03 -1.27277E+00
  2.48133E+01  2.17303E-28  1.43279E+06  2.00000E-03 -1.28258E+00
  2.49069E+01  2.17574E-28  1.43398E+06  2.00000E-03 -1.37117E+00
  2.50004E+01  2.17495E-28  1.43364E+06  2.00000E-03 -1.48313E+00
  2.50940E+01  2.16990E-28  1.43141E+06  2.00000E-03 -1.58277E+00
  2.51876E+01  2.16933E-28  1.43116E+06  2.00000E-03 -1.59394E+00
  2.52812E+01  2.16933E-28  1.43116E+06  2.00000E-03 -1.59394E+00
  2.53748E+01  2.17044E-28  1.43166E+06  2.00000E-03 -1.59606E+00
  2.54683E+01  2.17216E-28  1.43242E+06  2.00000E-03 -1.60310E+00
  2.55619E+01  2.17024E-28  1.43157E+06  2.00000E-03 -1.63551E+00
  2.56555E+01  2.16748E-28  1.43035E+06  2.00000E-03 -1.66419E+00
  2.57491E+01  2.16748E-28  1.43035E+06  2.00000E-03 -1.66419E+00
  2.58427E+01  2.16748E-28  1.43035E+06  2.00000E-03 -1.66419E+00
  2.59362E+01  2.16889E-28  1.43097E+06  2.00000E-03 -1.60926E+00
  2.60298E+01  2.16967E-28  1.43133E+06  2.00000E-03 -1.54357E+00
  2.61234E+01  2.16813E-28  1.43068E+06  2.00000E-03 -1.52647E+00
  2.62170E+01  2.16707E-28  1.43022E+06  2.00000E-03 -1.52140E+00
  2.63106E+01  2.16707E-28  1.43022E+06  2.00000E-03 -1.52140E+00
  2.64041E+01  2.16721E-28  1.43028E+06  2.00000E-03 -1.51713E+00
  2.64977E+01  2.16852E-28  1.43086E+06  2.00000E-03 -1.47563E+00
  2.65913E+01  2.16960E-28  1.43138E+06  2.00000E-03 -1.39074E+00
  2.66849E+01  2.16906E-28  1.43119E+06  2.00000E-03 -1.32370E+00
  2.67785E+01  2.16899E-28  1.43117E+06  2.00000E-03 -1.31492E+00
  2.68720E+01  2.16899E-28  1.43117E+06  2.00000E-03 -1.31492E+00
  2.69656E+01  2.16899E-28  1.43117E+06  2.00000E-03 -1.31492E+00
  2.70592E+01  2.16899E-28  1.43117E+06  2.00000E-03 -1.31492E+00
  2.71528E+01  2.16899E-28  1.43117E+06  2.00000E-03 -1.31492E+00
  2.72464E+01  2.16899E-28  1.43117E+06  2.00000E-03 -1.31492E+00
  2.73399E+01  2.16899E-28  1.43117E+06  2.00000E-03 -1.31492E+00
  2.74335E+01  2.16899E-28  1.43117E+06  2.00000E-03 -1.31492E+00
  2.75271E+01  2.17113E-28  1.43210E+06  2.00000E-03 -1.24979E+00
  2.76207E+01  2.17343E-28  1.43308E+06  2.00000E-03 -1.15831E+00
  2.77143E+01  2.17128E-28  1.43207E+06  2.00000E-03 -1.13860E+00
  2.78078E+01  2.17054E-28  1.43173E+06  2.00000E-03 -1.13442E+00
  2.79014E+01  2.17054E-28  1.43173E+06  2.00000E-03 -1.13442E+00
  2.79950E+01  2.17054E-28  1.43173E+06  2.00000E-03 -1.13442E+00
  2.80886E+01  2.17054E-28  1.43173E+06  2.00000E-03 -1.13442E+00
  2.81822E+01  2.17054E-28  1.43173E+06  2.00000E-03 -1.13442E+00
  2.82757E+01  2.17054E-28  1.43172E+06  2.00000E-03 -1.13442E+00
  2.83693E+01  2.17054E-28  1.43173E+06  2.00000E-03 -1.13442E+00
  2.84629E+01  2.17054E-28  1.43173E+06  2.00000E-03 -1.13442E+00
  2.85565E+01  2.17161E-28  1.43219E+06  2.00000E-03 -1.12354E+00
  2.86501E+01  2.17313E-28  1.43285E+06  2.00000E-03 -1.10480E+00
  2.87436E+01  2.17202E-28  1.43234E+06  2.00000E-03 -1.09422E+00
  2.88372E+01  2.17029E-28  1.43157E+06  2.00000E-03 -1.09205E+00
  2.89308E+01  2.17030E-28  1.43157E+06  2.00000E-03 -1.09205E+00
  2.90244E+01  2.17029E-28  1.43157E+06  2.00000E-03 -1.09205E+00
  2.91180E+01  2.17030E-28  1.43157E+06  2.00000E-03 -1.09205E+00
  2.92115E+01  2.17030E-28  1.43157E+06  2.00000E-03 -1.09205E+00
  2.93051E+01  2.17030E-28  1.43157E+06  2.00000E-03 -1.09205E+00
  2.93987E+01  2.17030E-28  1.43157E+06  2.00000E-03 -1.09205E+00
  2.94923E+01  2.17030E-28  1.43157E+06  2.00000E-03 -1.09205E+00
  2.95859E+01  2.17052E-28  1.43167E+06  2.00000E-03 -1.08952E+00
  2.96794E+01  2.17258E-28  1.43257E+06  2.00000E-03 -1.06651E+00
  2.97730E+01  2.17265E-28  1.43260E+06  2.00000E-03 -1.02238E+00
  2.98666E+01  2.17124E-28  1.43197E+06  2.00000E-03 -9.75582E-01
  2.99602E+01  2.17108E-28  1.43190E+06  2.00000E-03 -9.70285E-01
  3.00538E+01  2.17108E-28  1.43190E+06  2.00000E-03 -9.70285E-01
  3.01473E+01  2.17108E-28  1.43190E+06  2.00000E-03 -9.70285E-01
  3.02409E+01  2.17108E-28  1.43190E+06  2.00000E-03 -9.70285E-01
  3.03345E+01  2.17108E-28  1.43190E+06  2.00000E-03 -9.70285E-01
  3.04281E+01  2.17108E-28  1.43190E+06  2.00000E-03 -9.70285E-01
  3.05217E+01  2.17108E-28  1.43190E+06  2.00000E-03 -9.70285E-01
  3.06152E+01  2.17108E-28  1.43190E+06  2.00000E-03 -9.70285E-01
  3.07088E+01  2.17257E-28  1.43256E+06  2.00000E-03 -9.42780E-01
  3.08024E+01  2.17400E-28  1.43318E+06  2.00000E-03 -9.01523E-01
  3.08960E+01  2.17271E-28  1.43261E+06  2.00000E-03 -8.74263E-01
  3.09896E+01  2.17194E-28  1.43227E+06  2.00000E-03 -8.59668E-01
  3.10831E+01  2.17194E-28  1.43227E+06  2.00000E-03 -8.59668E-01
  3.11767E+01  2.17194E-28  1.43227E+06  2.00000E-03 -8.59668E-01
  3.12703E+01  2.17194E-28  1.43227E+06  2.00000E-03 -8.59668E-01
  3.13639E+01  2.17194E-28  1.43227E+06  2.00000E-03 -8.59668E-01
  3.14575E+01  2.17194E-28  1.43227E+06  2.00000E-03 -8.59668E-01
  3.15510E+01  2.17194E-28  1.43227E+06  2.00000E-03 -8.59668E-01
  3.16446E+01  2.17194E-28  1.43227E+06  2.00000E-03 -8.59668E-01
  3.17382E+01  2.17288E-28  1.43269E+06  2.00000E-03 -8.54935E-01
  3.18318E+01  2.17398E-28  1.43317E+06  2.00000E-03 -8.51387E-01
  3.19254E+01  2.17276E-28  1.43263E+06  2.00000E-03 -8.75205E-01
  3.20189E+01  2.17103E-28  1.43187E+06  2.00000E-03 -9.04135E-01
  3.21125E+01  2.17103E-28  1.43187E+06  2.00000E-03 -9.04135E-01
  3.22061E+01  2.17103E-28  1.43187E+06  2.00000E-03 -9.04135E-01
  3.22997E+01  2.17103E-28  1.43187E+06  2.00000E-03 -9.04135E-01
  3.23932E+01  2.17103E-28  1.43187E+06  2.00000E-03 -9.04135E-01
  3.24868E+01  2.17103E-28  1.43187E+06  2.00000E-03 -9.04135E-01
  3.25804E+01  2.17103E-28  1.43187E+06  2.00000E-03 -9.04135E-01
  3.26740E+01  2.17103E-28  1.43187E+06  2.00000E-03 -9.04135E-01
  3.27676E+01  2.17115E-28  1.43192E+06  2.00000E-03 -9.06570E-01
  3.28611E+01  2.17209E-28  1.43234E+06  2.00000E-03 -9.25928E-01
  3.29547E+01  2.17125E-28  1.43196E+06  2.00000E-03 -9.55939E-01
  3.30483E+01  2.16964E-28  1.43126E+06  2.00000E-03 -9.83497E-01
  3.31419E+01  2.16949E-28  1.43119E+06  2.00000E-03 -9.86027E-01
  3.32355E+01  2.16949E-28  1.43119E+06  2.00000E-03 -9.86027E-01
  3.33290E+01  2.16949E-28  1.43119E+06  2.00000E-03 -9.86027E-01
  3.34226E+01  2.16949E-28  1.43119E+06  2.00000E-03 -9.86027E-01
  3.35162E+01  2.16949E-28  1.43119E+06  2.00000E-03 -9.86027E-01
  3.36098E+01  2.16949E-28  1.43119E+06  2.00000E-03 -9.86027E-01
  3.37034E+01  2.16949E-28  1.43119E+06  2.00000E-03 -9.86026E-01
  3.37969E+01  2.16949E-28  1.43119E+06  2.00000E-03 -9.86026E-01
  3.38905E+01  2.17045E-28  1.43161E+06  2.00000E-03 -9.93215E-01
  3.39841E+01  2.17078E-28  1.43176E+06  2.00000E-03 -9.97036E-01
