 -2.72411E+01  2.14491E-28  1.42050E+06  2.00000E-03  6.70394E+00
 -2.71475E+01  2.14486E-28  1.42048E+06  2.00000E-03  6.66887E+00
 -2.70539E+01  2.14479E-28  1.42045E+06  2.00000E-03  6.61464E+00
 -2.69603E+01  2.14479E-28  1.42045E+06  2.00000E-03  6.61464E+00
 -2.68668E+01  2.14479E-28  1.42045E+06  2.00000E-03  6.61464E+00
 -2.67732E+01  2.14466E-28  1.42039E+06  2.00000E-03  6.61969E+00
 -2.66796E+01  2.14425E-28  1.42021E+06  2.00000E-03  6.63550E+00
 -2.65860E+01  2.14378E-28  1.42000E+06  2.00000E-03  6.65323E+00
 -2.64924E+01  2.14418E-28  1.42018E+06  2.00000E-03  6.66694E+00
 -2.63989E+01  2.14485E-28  1.42049E+06  2.00000E-03  6.68696E+00
 -2.63053E+01  2.14485E-28  1.42049E+06  2.00000E-03  6.68696E+00
 -2.62117E+01  2.14485E-28  1.42049E+06  2.00000E-03  6.68696E+00
 -2.61181E+01  2.14485E-28  1.42049E+06  2.00000E-03  6.68696E+00
 -2.60245E+01  2.14485E-28  1.42049E+06  2.00000E-03  6.68696E+00
 -2.59310E+01  2.14485E-28  1.42049E+06  2.00000E-03  6.68696E+00
 -2.58374E+01  2.14485E-28  1.42049E+06  2.00000E-03  6.68696E+00
 -2.57438E+01  2.14485E-28  1.42049E+06  2.00000E-03  6.68696E+00
 -2.56502E+01  2.14521E-28  1.42065E+06  2.00000E-03  6.68741E+00
 -2.55566E+01  2.14683E-28  1.42138E+06  2.00000E-03  6.68942E+00
 -2.54631E+01  2.14683E-28  1.42138E+06  2.00000E-03  6.68942E+00
 -2.53695E+01  2.14683E-28  1.42138E+06  2.00000E-03  6.68942E+00
 -2.52759E+01  2.14682E-28  1.42137E+06  2.00000E-03  6.68725E+00
 -2.51823E+01  2.14677E-28  1.42135E+06  2.00000E-03  6.67804E+00
 -2.50887E+01  2.14674E-28  1.42134E+06  2.00000E-03  6.67178E+00
 -2.49952E+01  2.14666E-28  1.42130E+06  2.00000E-03  6.65622E+00
 -2.49016E+01  2.14665E-28  1.42130E+06  2.00000E-03  6.65528E+00
 -2.48080E+01  2.14691E-28  1.42142E+06  2.00000E-03  6.65579E+00
 -2.47144E+01  2.14797E-28  1.42190E+06  2.00000E-03  6.65792E+00
 -2.46208E+01  2.14810E-28  1.42195E+06  2.00000E-03  6.65817E+00
 -2.45273E+01  2.14810E-28  1.42195E+06  2.00000E-03  6.65817E+00
 -2.44337E+01  2.14810E-28  1.42195E+06  2.00000E-03  6.65817E+00
 -2.43401E+01  2.14810E-28  1.42195E+06  2.00000E-03  6.65817E+00
 -2.42465E+01  2.14810E-28  1.42195E+06  2.00000E-03  6.65817E+00
 -2.41529E+01  2.14810E-28  1.42195E+06  2.00000E-03  6.65817E+00
 -2.40594E+01  2.14810E-28  1.42195E+06  2.00000E-03  6.65817E+00
 -2.39658E+01  2.14807E-28  1.42195E+06  2.00000E-03  6.67160E+00
 -2.38722E+01  2.14789E-28  1.42188E+06  2.00000E-03  6.78529E+00
 -2.37786E+01  2.14785E-28  1.42187E+06  2.00000E-03  6.80673E+00
 -2.36850E+01  2.14771E-28  1.42181E+06  2.00000E-03  6.80859E+00
 -2.35915E+01  2.14676E-28  1.42139E+06  2.00000E-03  6.82163E+00
 -2.34979E+01  2.14605E-28  1.42108E+06  2.00000E-03  6.83142E+00
 -2.34043E+01  2.14585E-28  1.42099E+06  2.00000E-03  6.83413E+00
 -2.33107E+01  2.14585E-28  1.42099E+06  2.00000E-03  6.83412E+00
 -2.32171E+01  2.14585E-28  1.42099E+06  2.00000E-03  6.83413E+00
 -2.31236E+01  2.14585E-28  1.42099E+06  2.00000E-03  6.83413E+00
 -2.30300E+01  2.14208E-28  1.41935E+06  2.00000E-03  7.16350E+00
 -2.29364E+01  2.14148E-28  1.41909E+06  2.00000E-03  7.21583E+00
 -2.28428E+01  2.14148E-28  1.41909E+06  2.00000E-03  7.21583E+00
 -2.27492E+01  2.14148E-28  1.41909E+06  2.00000E-03  7.21583E+00
 -2.26557E+01  2.14148E-28  1.41909E+06  2.00000E-03  7.21583E+00
 -2.25621E+01  2.14148E-28  1.41909E+06  2.00000E-03  7.21583E+00
 -2.24685E+01  2.14148E-28  1.41909E+06  2.00000E-03  7.21583E+00
 -2.23749E+01  2.14148E-28  1.41909E+06  2.00000E-03  7.21583E+00
 -2.22813E+01  2.14148E-28  1.41909E+06  2.00000E-03  7.21583E+00
 -2.21878E+01  2.13832E-28  1.41774E+06  2.00000E-03  7.53574E+00
 -2.20942E+01  2.13664E-28  1.41701E+06  2.00000E-03  7.68625E+00
 -2.20006E+01  2.13537E-28  1.41645E+06  2.00000E-03  7.67839E+00
 -2.19070E+01  2.13438E-28  1.41601E+06  2.00000E-03  7.67222E+00
 -2.18134E+01  2.13413E-28  1.41590E+06  2.00000E-03  7.67068E+00
 -2.17199E+01  2.13413E-28  1.41590E+06  2.00000E-03  7.67068E+00
 -2.16263E+01  2.13413E-28  1.41590E+06  2.00000E-03  7.67068E+00
 -2.15327E+01  2.13413E-28  1.41590E+06  2.00000E-03  7.67068E+00
 -2.14391E+01  2.13413E-28  1.41590E+06  2.00000E-03  7.67068E+00
 -2.13455E+01  2.13277E-28  1.41531E+06  2.00000E-03  7.79581E+00
 -2.12520E+01  2.13084E-28  1.41447E+06  2.00000E-03  7.90995E+00
 -2.11584E+01  2.13074E-28  1.41443E+06  2.00000E-03  7.88616E+00
 -2.10648E+01  2.13066E-28  1.41439E+06  2.00000E-03  7.86921E+00
 -2.09712E+01  2.13063E-28  1.41438E+06  2.00000E-03  7.86983E+00
 -2.08776E+01  2.12969E-28  1.41399E+06  2.00000E-03  7.91407E+00
 -2.07841E+01  2.12950E-28  1.41390E+06  2.00000E-03  7.89103E+00
 -2.06905E+01  2.12957E-28  1.41393E+06  2.00000E-03  7.90270E+00
 -2.05969E+01  2.12952E-28  1.41391E+06  2.00000E-03  7.89457E+00
 -2.05033E+01  2.12933E-28  1.41383E+06  2.00000E-03  7.85727E+00
 -2.04097E+01  2.12864E-28  1.41353E+06  2.00000E-03  7.91579E+00
 -2.03162E+01  2.12851E-28  1.41347E+06  2.00000E-03  7.87750E+00
 -2.02226E+01  2.12827E-28  1.41336E+06  2.00000E-03  7.81808E+00
 -2.01290E+01  2.12822E-28  1.41334E+06  2.00000E-03  7.82123E+00
 -2.00354E+01  2.12729E-28  1.41294E+06  2.00000E-03  7.88151E+00
 -1.99419E+01  2.12702E-28  1.41282E+06  2.00000E-03  7.89903E+00
 -1.98483E+01  2.12702E-28  1.41282E+06  2.00000E-03  7.89903E+00
 -1.97547E+01  2.12704E-28  1.41283E+06  2.00000E-03  7.89793E+00
 -1.96611E+01  2.12719E-28  1.41289E+06  2.00000E-03  7.88905E+00
 -1.95675E+01  2.12614E-28  1.41243E+06  2.00000E-03  7.95977E+00
 -1.94740E+01  2.12616E-28  1.41243E+06  2.00000E-03  7.95561E+00
 -1.93804E+01  2.12616E-28  1.41243E+06  2.00000E-03  7.95561E+00
 -1.92868E+01  2.12616E-28  1.41243E+06  2.00000E-03  7.95561E+00
 -1.91932E+01  2.12525E-28  1.41203E+06  2.00000E-03  8.03475E+00
 -1.90996E+01  2.12479E-28  1.41183E+06  2.00000E-03  8.07505E+00
 -1.90061E+01  2.12479E-28  1.41183E+06  2.00000E-03  8.07505E+00
 -1.89125E+01  2.12516E-28  1.41199E+06  2.00000E-03  8.07570E+00
 -1.88189E+01  2.12549E-28  1.41213E+06  2.00000E-03  8.08360E+00
 -1.87253E+01  2.12450E-28  1.41169E+06  2.00000E-03  8.17286E+00
 -1.86317E+01  2.12422E-28  1.41157E+06  2.00000E-03  8.19476E+00
 -1.85382E+01  2.12422E-28  1.41157E+06  2.00000E-03  8.19476E+00
 -1.84446E+01  2.12422E-28  1.41157E+06  2.00000E-03  8.19476E+00
 -1.83510E+01  2.12359E-28  1.41130E+06  2.00000E-03  8.25223E+00
 -1.82574E+01  2.12300E-28  1.41104E+06  2.00000E-03  8.30642E+00
 -1.81638E+01  2.12331E-28  1.41118E+06  2.00000E-03  8.31409E+00
 -1.80703E+01  2.12373E-28  1.41136E+06  2.00000E-03  8.32465E+00
 -1.79767E+01  2.12390E-28  1.41144E+06  2.00000E-03  8.34505E+00
 -1.78831E+01  2.12306E-28  1.41108E+06  2.00000E-03  8.40478E+00
 -1.77895E+01  2.12282E-28  1.41097E+06  2.00000E-03  8.42216E+00
 -1.76959E+01  2.12282E-28  1.41097E+06  2.00000E-03  8.42216E+00
 -1.76024E+01  2.12282E-28  1.41097E+06  2.00000E-03  8.42216E+00
 -1.75088E+01  2.12249E-28  1.41083E+06  2.00000E-03  8.44770E+00
 -1.74152E+01  2.12232E-28  1.41076E+06  2.00000E-03  8.49388E+00
 -1.73216E+01  2.12289E-28  1.41102E+06  2.00000E-03  8.49547E+00
 -1.72280E+01  2.12338E-28  1.41123E+06  2.00000E-03  8.49681E+00
 -1.71345E+01  2.12364E-28  1.41135E+06  2.00000E-03  8.49753E+00
 -1.70409E+01  2.12322E-28  1.41117E+06  2.00000E-03  8.51438E+00
 -1.69473E+01  2.12309E-28  1.41112E+06  2.00000E-03  8.51932E+00
 -1.68537E+01  2.12309E-28  1.41112E+06  2.00000E-03  8.51932E+00
 -1.67601E+01  2.12309E-28  1.41112E+06  2.00000E-03  8.51932E+00
 -1.66666E+01  2.12315E-28  1.41115E+06  2.00000E-03  8.51559E+00
 -1.65730E+01  2.12452E-28  1.41177E+06  2.00000E-03  8.49096E+00
 -1.64794E+01  2.12544E-28  1.41218E+06  2.00000E-03  8.48065E+00
 -1.63858E+01  2.12582E-28  1.41235E+06  2.00000E-03  8.47637E+00
 -1.62922E+01  2.12582E-28  1.41235E+06  2.00000E-03  8.47637E+00
 -1.61987E+01  2.12625E-28  1.41255E+06  2.00000E-03  8.43916E+00
 -1.61051E+01  2.12662E-28  1.41272E+06  2.00000E-03  8.40812E+00
 -1.60115E+01  2.12662E-28  1.41272E+06  2.00000E-03  8.40811E+00
 -1.59179E+01  2.12662E-28  1.41272E+06  2.00000E-03  8.40811E+00
 -1.58243E+01  2.12816E-28  1.41340E+06  2.00000E-03  8.37303E+00
 -1.57308E+01  2.12911E-28  1.41383E+06  2.00000E-03  8.27328E+00
 -1.56372E+01  2.12937E-28  1.41394E+06  2.00000E-03  8.25155E+00
 -1.55436E+01  2.13015E-28  1.41429E+06  2.00000E-03  8.18549E+00
 -1.54500E+01  2.13091E-28  1.41463E+06  2.00000E-03  8.15504E+00
 -1.53564E+01  2.13201E-28  1.41513E+06  2.00000E-03  8.07784E+00
 -1.52629E+01  2.13281E-28  1.41548E+06  2.00000E-03  8.03638E+00
 -1.51693E+01  2.13350E-28  1.41579E+06  2.00000E-03  7.97577E+00
 -1.50757E+01  2.13465E-28  1.41631E+06  2.00000E-03  7.87446E+00
 -1.49821E+01  2.13516E-28  1.41653E+06  2.00000E-03  7.86758E+00
 -1.48885E+01  2.13689E-28  1.41730E+06  2.00000E-03  7.72402E+00
 -1.47950E+01  2.13712E-28  1.41741E+06  2.00000E-03  7.70056E+00
 -1.47014E+01  2.13852E-28  1.41804E+06  2.00000E-03  7.58476E+00
 -1.46078E+01  2.13929E-28  1.41838E+06  2.00000E-03  7.53265E+00
 -1.45142E+01  2.14009E-28  1.41874E+06  2.00000E-03  7.47689E+00
 -1.44206E+01  2.14122E-28  1.41925E+06  2.00000E-03  7.37408E+00
 -1.43271E+01  2.14151E-28  1.41938E+06  2.00000E-03  7.34414E+00
 -1.42335E+01  2.14265E-28  1.41989E+06  2.00000E-03  7.25234E+00
 -1.41399E+01  2.14271E-28  1.41992E+06  2.00000E-03  7.23542E+00
 -1.40463E+01  2.14348E-28  1.42026E+06  2.00000E-03  7.16858E+00
 -1.39527E+01  2.14369E-28  1.42036E+06  2.00000E-03  7.15326E+00
 -1.38592E+01  2.14384E-28  1.42043E+06  2.00000E-03  7.10087E+00
 -1.37656E+01  2.14372E-28  1.42039E+06  2.00000E-03  7.11407E+00
 -1.36720E+01  2.14377E-28  1.42041E+06  2.00000E-03  7.07280E+00
 -1.35784E+01  2.14412E-28  1.42057E+06  2.00000E-03  7.00928E+00
 -1.34848E+01  2.14391E-28  1.42048E+06  2.00000E-03  7.01468E+00
 -1.33913E+01  2.14329E-28  1.42021E+06  2.00000E-03  7.02521E+00
 -1.32977E+01  2.14286E-28  1.42002E+06  2.00000E-03  7.03585E+00
 -1.32041E+01  2.14273E-28  1.41997E+06  2.00000E-03  7.03910E+00
 -1.31105E+01  2.14216E-28  1.41972E+06  2.00000E-03  7.05426E+00
 -1.30169E+01  2.14146E-28  1.41941E+06  2.00000E-03  7.07332E+00
 -1.29234E+01  2.14084E-28  1.41914E+06  2.00000E-03  7.09067E+00
 -1.28298E+01  2.14084E-28  1.41914E+06  2.00000E-03  7.09110E+00
 -1.27362E+01  2.14009E-28  1.41881E+06  2.00000E-03  7.11205E+00
 -1.26426E+01  2.13962E-28  1.41861E+06  2.00000E-03  7.12128E+00
 -1.25490E+01  2.13873E-28  1.41821E+06  2.00000E-03  7.13968E+00
 -1.24555E+01  2.13870E-28  1.41820E+06  2.00000E-03  7.14039E+00
 -1.23619E+01  2.13863E-28  1.41817E+06  2.00000E-03  7.13974E+00
 -1.22683E+01  2.13777E-28  1.41779E+06  2.00000E-03  7.14814E+00
 -1.21747E+01  2.13724E-28  1.41756E+06  2.00000E-03  7.15187E+00
 -1.20811E+01  2.13732E-28  1.41759E+06  2.00000E-03  7.13831E+00
 -1.19876E+01  2.13710E-28  1.41750E+06  2.00000E-03  7.13791E+00
 -1.18940E+01  2.13678E-28  1.41735E+06  2.00000E-03  7.12183E+00
 -1.18004E+01  2.13591E-28  1.41697E+06  2.00000E-03  7.06628E+00
 -1.17068E+01  2.13635E-28  1.41716E+06  2.00000E-03  7.05265E+00
 -1.16132E+01  2.13645E-28  1.41720E+06  2.00000E-03  6.99576E+00
 -1.15197E+01  2.13594E-28  1.41697E+06  2.00000E-03  6.98855E+00
 -1.14261E+01  2.13605E-28  1.41702E+06  2.00000E-03  6.93929E+00
 -1.13325E+01  2.13602E-28  1.41700E+06  2.00000E-03  6.91343E+00
 -1.12389E+01  2.13664E-28  1.41726E+06  2.00000E-03  6.85686E+00
 -1.11453E+01  2.13632E-28  1.41712E+06  2.00000E-03  6.83591E+00
 -1.10518E+01  2.13654E-28  1.41721E+06  2.00000E-03  6.74398E+00
 -1.09582E+01  2.13660E-28  1.41724E+06  2.00000E-03  6.71764E+00
 -1.08646E+01  2.13709E-28  1.41745E+06  2.00000E-03  6.68389E+00
 -1.07710E+01  2.13751E-28  1.41763E+06  2.00000E-03  6.59176E+00
 -1.06774E+01  2.13749E-28  1.41762E+06  2.00000E-03  6.57243E+00
 -1.05839E+01  2.13840E-28  1.41802E+06  2.00000E-03  6.42056E+00
 -1.04903E+01  2.13845E-28  1.41804E+06  2.00000E-03  6.42456E+00
 -1.03967E+01  2.13968E-28  1.41857E+06  2.00000E-03  6.27506E+00
 -1.03031E+01  2.13951E-28  1.41848E+06  2.00000E-03  6.21188E+00
 -1.02095E+01  2.14056E-28  1.41894E+06  2.00000E-03  6.04623E+00
 -1.01160E+01  2.14099E-28  1.41913E+06  2.00000E-03  5.99059E+00
 -1.00224E+01  2.14141E-28  1.41931E+06  2.00000E-03  5.92065E+00
 -9.92881E+00  2.14245E-28  1.41975E+06  2.00000E-03  5.76625E+00
 -9.83523E+00  2.14276E-28  1.41989E+06  2.00000E-03  5.71408E+00
 -9.74165E+00  2.14376E-28  1.42036E+06  2.00000E-03  5.52281E+00
 -9.64807E+00  2.14396E-28  1.42045E+06  2.00000E-03  5.47972E+00
 -9.55449E+00  2.14461E-28  1.42073E+06  2.00000E-03  5.28737E+00
 -9.46091E+00  2.14513E-28  1.42096E+06  2.00000E-03  5.16415E+00
 -9.36733E+00  2.14548E-28  1.42104E+06  2.00000E-03  5.00082E+00
 -9.27375E+00  2.14583E-28  1.42111E+06  2.00000E-03  4.83536E+00
 -9.18017E+00  2.14582E-28  1.42114E+06  2.00000E-03  4.73091E+00
 -9.08659E+00  2.14569E-28  1.42115E+06  2.00000E-03  4.39911E+00
 -8.99301E+00  2.14560E-28  1.42119E+06  2.00000E-03  4.33414E+00
 -8.89943E+00  2.14454E-28  1.42142E+06  1.99997E-03  3.92287E+00
 -8.80585E+00  2.14420E-28  1.42151E+06  1.99996E-03  3.69762E+00
 -8.71227E+00  2.14293E-28  1.42127E+06  1.99992E-03  3.26921E+00
 -8.61869E+00  2.14243E-28  1.42131E+06  1.99990E-03  2.89237E+00
 -8.52511E+00  2.14306E-28  1.41986E+06  1.99950E-03  2.25284E+00
 -8.43153E+00  2.14471E-28  1.41705E+06  1.99873E-03  1.47333E+00
 -8.33795E+00  2.14420E-28  1.41702E+06  1.99872E-03  1.28251E+00
 -8.24437E+00  2.14486E-28  1.41498E+06  1.99812E-03  7.56735E-01
 -8.15079E+00  2.14543E-28  1.41432E+06  1.99794E-03  7.75013E-01
 -8.05721E+00  2.14544E-28  1.41030E+06  1.99619E-03 -1.83555E-01
 -7.96363E+00  2.14638E-28  1.40796E+06  1.99544E-03 -6.16344E-01
 -7.87005E+00  2.14434E-28  1.40574E+06  1.99469E-03 -1.05115E+00
 -7.77647E+00  2.14386E-28  1.40454E+06  1.99428E-03 -9.92980E-01
 -7.68289E+00  3.79944E-28  7.93818E+05  1.77095E-03  7.21859E+00
 -7.58931E+00  7.42339E-28  4.08052E+05  1.62428E-03  1.17298E+01
 -7.49573E+00  1.13894E-27  2.66761E+05  1.57167E-03  1.17317E+01
 -7.40215E+00  2.86348E-27  1.04730E+05  1.51127E-03  1.18957E+01
 -7.30857E+00  2.79837E-27  1.06945E+05  1.51108E-03  1.18428E+01
 -7.21499E+00  6.71689E-28  4.52212E+05  1.62898E-03  1.26100E+01
 -7.12141E+00  3.38238E-28  8.96623E+05  1.78962E-03  1.21496E+01
 -7.02783E+00  2.79993E-28  1.08276E+06  1.86535E-03  1.18164E+01
 -6.93425E+00  2.62075E-28  1.15564E+06  1.89638E-03  1.19002E+01
 -6.84067E+00  2.49802E-28  1.21249E+06  1.91736E-03  1.09656E+01
 -6.74709E+00  2.18091E-28  1.37949E+06  1.98658E-03  8.32618E+00
 -6.65351E+00  2.16243E-28  1.39074E+06  1.99124E-03  8.14845E+00
 -6.55993E+00  2.15941E-28  1.39252E+06  1.99192E-03  7.98499E+00
 -6.46635E+00  2.14798E-28  1.39933E+06  1.99449E-03  7.36245E+00
 -6.37277E+00  2.12835E-28  1.40926E+06  1.99870E-03  5.71850E+00
 -6.27919E+00  2.12150E-28  1.41051E+06  1.99989E-03  4.47792E+00
 -6.18561E+00  2.12150E-28  1.41051E+06  1.99989E-03  4.47792E+00
 -6.09203E+00  2.12150E-28  1.41051E+06  1.99989E-03  4.47792E+00
 -5.99845E+00  2.12144E-28  1.41048E+06  1.99989E-03  4.45913E+00
 -5.90487E+00  2.11809E-28  1.40910E+06  1.99988E-03  3.48186E+00
 -5.81129E+00  2.11802E-28  1.40909E+06  1.99987E-03  3.41035E+00
 -5.71771E+00  2.11890E-28  1.40959E+06  1.99985E-03  3.32486E+00
 -5.62413E+00  2.11952E-28  1.40993E+06  1.99983E-03  3.26568E+00
 -5.53055E+00  2.11938E-28  1.41007E+06  1.99976E-03  2.94163E+00
 -5.43697E+00  2.11664E-28  1.40915E+06  1.99962E-03  2.23014E+00
 -5.34339E+00  2.11655E-28  1.40912E+06  1.99961E-03  2.20767E+00
 -5.24981E+00  2.11655E-28  1.40912E+06  1.99961E-03  2.20767E+00
 -5.15623E+00  2.11644E-28  1.40907E+06  1.99961E-03  2.19343E+00
 -5.06265E+00  2.11396E-28  1.40790E+06  1.99952E-03  1.86183E+00
 -4.96907E+00  2.11375E-28  1.40775E+06  1.99948E-03  1.75110E+00
 -4.87549E+00  2.11551E-28  1.40845E+06  1.99944E-03  1.75702E+00
 -4.78191E+00  2.11681E-28  1.40897E+06  1.99942E-03  1.76140E+00
 -4.68833E+00  2.11642E-28  1.40883E+06  1.99947E-03  1.78371E+00
 -4.59475E+00  2.11418E-28  1.40798E+06  1.99968E-03  1.85986E+00
 -4.50117E+00  2.11415E-28  1.40797E+06  1.99968E-03  1.86116E+00
 -4.40759E+00  2.11415E-28  1.40797E+06  1.99968E-03  1.86116E+00
 -4.31401E+00  2.11415E-28  1.40797E+06  1.99968E-03  1.86116E+00
 -4.22043E+00  2.11226E-28  1.40684E+06  1.99982E-03  1.58585E+00
 -4.12685E+00  2.11198E-28  1.40649E+06  1.99992E-03  1.30971E+00
 -4.03328E+00  2.11296E-28  1.40685E+06  1.99994E-03  1.18577E+00
 -3.93970E+00  2.11345E-28  1.40703E+06  1.99994E-03  1.12308E+00
 -3.84612E+00  2.11303E-28  1.40681E+06  1.99995E-03  9.80494E-01
 -3.75254E+00  2.11024E-28  1.40537E+06  1.99999E-03  3.71961E-02
 -3.65896E+00  2.11024E-28  1.40537E+06  1.99999E-03  3.71961E-02
 -3.56538E+00  2.11024E-28  1.40537E+06  1.99999E-03  3.71961E-02
 -3.47180E+00  2.11035E-28  1.40543E+06  1.99999E-03  2.23109E-02
 -3.37822E+00  2.11046E-28  1.40552E+06  2.00000E-03 -6.66158E-01
 -3.28464E+00  2.11099E-28  1.40579E+06  2.00000E-03 -1.35554E+00
 -3.19106E+00  2.11186E-28  1.40618E+06  2.00000E-03 -1.42969E+00
 -3.09748E+00  2.11186E-28  1.40618E+06  2.00000E-03 -1.42969E+00
 -3.00390E+00  2.11166E-28  1.40610E+06  2.00000E-03 -1.51718E+00
 -2.91032E+00  2.11049E-28  1.40559E+06  2.00000E-03 -2.02336E+00
 -2.81674E+00  2.11013E-28  1.40543E+06  2.00000E-03 -2.17967E+00
 -2.72316E+00  2.11014E-28  1.40543E+06  2.00000E-03 -2.17967E+00
 -2.62958E+00  2.11061E-28  1.40565E+06  2.00000E-03 -2.20039E+00
 -2.53600E+00  2.11234E-28  1.40641E+06  2.00000E-03 -2.53839E+00
 -2.44242E+00  2.11265E-28  1.40652E+06  2.00000E-03 -3.03088E+00
 -2.34884E+00  2.11301E-28  1.40668E+06  2.00000E-03 -3.03835E+00
 -2.25526E+00  2.11301E-28  1.40668E+06  2.00000E-03 -3.03835E+00
 -2.16168E+00  2.11301E-28  1.40668E+06  2.00000E-03 -3.03835E+00
 -2.06810E+00  2.11195E-28  1.40622E+06  2.00000E-03 -3.52685E+00
 -1.97452E+00  2.11159E-28  1.40606E+06  2.00000E-03 -3.69332E+00
 -1.88094E+00  2.11171E-28  1.40610E+06  2.00000E-03 -3.65564E+00
 -1.78736E+00  2.11272E-28  1.40655E+06  2.00000E-03 -3.69701E+00
 -1.69378E+00  2.11328E-28  1.40679E+06  2.00000E-03 -3.83457E+00
 -1.60020E+00  2.11250E-28  1.40645E+06  2.00000E-03 -4.26427E+00
 -1.50662E+00  2.11255E-28  1.40648E+06  2.00000E-03 -4.28043E+00
 -1.41304E+00  2.11251E-28  1.40646E+06  2.00000E-03 -4.26811E+00
 -1.31946E+00  2.11255E-28  1.40648E+06  2.00000E-03 -4.27989E+00
 -1.22588E+00  2.11225E-28  1.40635E+06  2.00000E-03 -4.61165E+00
 -1.13230E+00  2.11203E-28  1.40625E+06  2.00000E-03 -4.78892E+00
 -1.03872E+00  2.11178E-28  1.40614E+06  2.00000E-03 -4.83269E+00
 -9.45140E-01  2.11163E-28  1.40607E+06  2.00000E-03 -4.84823E+00
 -8.51560E-01  2.11151E-28  1.40601E+06  2.00000E-03 -4.97264E+00
 -7.57980E-01  2.11150E-28  1.40601E+06  2.00000E-03 -5.31215E+00
 -6.64400E-01  2.11147E-28  1.40600E+06  2.00000E-03 -5.37893E+00
 -5.70821E-01  2.11126E-28  1.40590E+06  2.00000E-03 -5.34728E+00
 -4.77241E-01  2.11125E-28  1.40590E+06  2.00000E-03 -5.34586E+00
 -3.83661E-01  2.11150E-28  1.40601E+06  2.00000E-03 -5.61997E+00
 -2.90081E-01  2.11113E-28  1.40585E+06  2.00000E-03 -5.86171E+00
 -1.96501E-01  2.11045E-28  1.40554E+06  2.00000E-03 -5.83486E+00
 -1.02921E-01  2.10983E-28  1.40526E+06  2.00000E-03 -5.87559E+00
 -9.34142E-03  2.10962E-28  1.40517E+06  2.00000E-03 -5.88957E+00
  8.42384E-02  2.11023E-28  1.40544E+06  2.00000E-03 -6.31221E+00
  1.77818E-01  2.11036E-28  1.40549E+06  2.00000E-03 -6.39467E+00
  2.71398E-01  2.11036E-28  1.40549E+06  2.00000E-03 -6.39467E+00
  3.64978E-01  2.11036E-28  1.40549E+06  2.00000E-03 -6.39467E+00
  4.58558E-01  2.11073E-28  1.40566E+06  2.00000E-03 -6.56059E+00
  5.52138E-01  2.11111E-28  1.40582E+06  2.00000E-03 -6.92183E+00
  6.45718E-01  2.11093E-28  1.40573E+06  2.00000E-03 -6.93431E+00
  7.39297E-01  2.11072E-28  1.40564E+06  2.00000E-03 -6.94801E+00
  8.32877E-01  2.11072E-28  1.40564E+06  2.00000E-03 -6.94870E+00
  9.26457E-01  2.11186E-28  1.40613E+06  2.00000E-03 -7.28874E+00
  1.02004E+00  2.11222E-28  1.40629E+06  2.00000E-03 -7.39927E+00
  1.11362E+00  2.11222E-28  1.40629E+06  2.00000E-03 -7.39927E+00
  1.20720E+00  2.11222E-28  1.40629E+06  2.00000E-03 -7.39928E+00
  1.30078E+00  2.11314E-28  1.40669E+06  2.00000E-03 -7.44679E+00
  1.39436E+00  2.11556E-28  1.40775E+06  2.00000E-03 -7.67710E+00
  1.48794E+00  2.11636E-28  1.40811E+06  2.00000E-03 -7.67087E+00
  1.58152E+00  2.11636E-28  1.40811E+06  2.00000E-03 -7.67087E+00
  1.67510E+00  2.11638E-28  1.40812E+06  2.00000E-03 -7.67252E+00
  1.76868E+00  2.11826E-28  1.40895E+06  2.00000E-03 -7.81251E+00
  1.86226E+00  2.11961E-28  1.40954E+06  2.00000E-03 -7.91303E+00
  1.95584E+00  2.11961E-28  1.40954E+06  2.00000E-03 -7.91303E+00
  2.04942E+00  2.12077E-28  1.41006E+06  2.00000E-03 -7.85516E+00
  2.14300E+00  2.12250E-28  1.41083E+06  2.00000E-03 -7.78014E+00
  2.23658E+00  2.12766E-28  1.41311E+06  2.00000E-03 -7.84675E+00
  2.33015E+00  2.12782E-28  1.41318E+06  2.00000E-03 -7.85285E+00
  2.42373E+00  2.12782E-28  1.41318E+06  2.00000E-03 -7.85285E+00
  2.51731E+00  2.12782E-28  1.41318E+06  2.00000E-03 -7.85285E+00
  2.61089E+00  2.12986E-28  1.41409E+06  2.00000E-03 -7.92196E+00
  2.70447E+00  2.13155E-28  1.41484E+06  2.00000E-03 -7.97897E+00
  2.79805E+00  2.13257E-28  1.41529E+06  2.00000E-03 -7.93217E+00
  2.89163E+00  2.13405E-28  1.41595E+06  2.00000E-03 -7.86411E+00
  2.98521E+00  2.13548E-28  1.41658E+06  2.00000E-03 -7.80769E+00
  3.07879E+00  2.13804E-28  1.41772E+06  2.00000E-03 -7.90200E+00
  3.17237E+00  2.13861E-28  1.41797E+06  2.00000E-03 -7.94217E+00
  3.26595E+00  2.13860E-28  1.41797E+06  2.00000E-03 -7.94217E+00
  3.35953E+00  2.13861E-28  1.41797E+06  2.00000E-03 -7.94217E+00
  3.45311E+00  2.13903E-28  1.41816E+06  2.00000E-03 -8.00196E+00
  3.54669E+00  2.13996E-28  1.41858E+06  2.00000E-03 -8.13286E+00
  3.64027E+00  2.14129E-28  1.41917E+06  2.00000E-03 -8.07662E+00
  3.73385E+00  2.14208E-28  1.41952E+06  2.00000E-03 -8.04320E+00
  3.82743E+00  2.14323E-28  1.42003E+06  2.00000E-03 -8.01328E+00
  3.92101E+00  2.14344E-28  1.42012E+06  2.00000E-03 -8.15654E+00
  4.01459E+00  2.14350E-28  1.42015E+06  2.00000E-03 -8.20481E+00
  4.10817E+00  2.14350E-28  1.42015E+06  2.00000E-03 -8.20481E+00
  4.20175E+00  2.14350E-28  1.42015E+06  2.00000E-03 -8.20481E+00
  4.29533E+00  2.14351E-28  1.42016E+06  2.00000E-03 -8.22940E+00
  4.38891E+00  2.14449E-28  1.42060E+06  2.00000E-03 -8.34404E+00
  4.48249E+00  2.14610E-28  1.42130E+06  2.00000E-03 -8.25998E+00
  4.57607E+00  2.14697E-28  1.42169E+06  2.00000E-03 -8.21450E+00
  4.66965E+00  2.14697E-28  1.42169E+06  2.00000E-03 -8.21450E+00
  4.76323E+00  2.14727E-28  1.42182E+06  2.00000E-03 -8.28081E+00
  4.85681E+00  2.14791E-28  1.42211E+06  2.00000E-03 -8.27660E+00
  4.95039E+00  2.14865E-28  1.42243E+06  2.00000E-03 -8.17283E+00
  5.04397E+00  2.14886E-28  1.42252E+06  2.00000E-03 -8.14410E+00
  5.13755E+00  2.14944E-28  1.42278E+06  2.00000E-03 -8.14076E+00
  5.23113E+00  2.15096E-28  1.42345E+06  2.00000E-03 -8.11854E+00
  5.32471E+00  2.15222E-28  1.42400E+06  2.00000E-03 -8.04001E+00
  5.41829E+00  2.15225E-28  1.42402E+06  2.00000E-03 -8.03298E+00
  5.51187E+00  2.15224E-28  1.42401E+06  2.00000E-03 -8.03701E+00
  5.60545E+00  2.15207E-28  1.42394E+06  2.00000E-03 -8.09172E+00
  5.69903E+00  2.15187E-28  1.42386E+06  2.00000E-03 -8.15450E+00
  5.79261E+00  2.15185E-28  1.42385E+06  2.00000E-03 -8.16142E+00
  5.88619E+00  2.15187E-28  1.42386E+06  2.00000E-03 -8.15257E+00
  5.97977E+00  2.15234E-28  1.42406E+06  2.00000E-03 -8.11521E+00
  6.07335E+00  2.15162E-28  1.42374E+06  2.00000E-03 -8.17384E+00
  6.16693E+00  2.15145E-28  1.42366E+06  2.00000E-03 -8.20848E+00
  6.26051E+00  2.15127E-28  1.42358E+06  2.00000E-03 -8.19792E+00
  6.35409E+00  2.15080E-28  1.42337E+06  2.00000E-03 -8.17062E+00
  6.44767E+00  2.14953E-28  1.42282E+06  2.00000E-03 -8.22605E+00
  6.54125E+00  2.14788E-28  1.42209E+06  2.00000E-03 -8.36104E+00
  6.63483E+00  2.14788E-28  1.42209E+06  2.00000E-03 -8.36104E+00
  6.72841E+00  2.14757E-28  1.42195E+06  2.00000E-03 -8.36673E+00
  6.82199E+00  2.14690E-28  1.42165E+06  2.00000E-03 -8.37897E+00
  6.91557E+00  2.14418E-28  1.42045E+06  2.00000E-03 -8.56665E+00
  7.00915E+00  2.14365E-28  1.42021E+06  2.00000E-03 -8.60822E+00
  7.10273E+00  2.14365E-28  1.42021E+06  2.00000E-03 -8.60822E+00
  7.19631E+00  2.14365E-28  1.42021E+06  2.00000E-03 -8.60822E+00
  7.28989E+00  2.14307E-28  1.41996E+06  2.00000E-03 -8.65491E+00
  7.38347E+00  2.14154E-28  1.41929E+06  2.00000E-03 -8.77703E+00
  7.47705E+00  2.14148E-28  1.41926E+06  2.00000E-03 -8.77721E+00
  7.57063E+00  2.14171E-28  1.41936E+06  2.00000E-03 -8.75081E+00
  7.66421E+00  2.14202E-28  1.41949E+06  2.00000E-03 -8.71384E+00
  7.75779E+00  2.14221E-28  1.41957E+06  2.00000E-03 -8.72677E+00
  7.85137E+00  2.14232E-28  1.41963E+06  2.00000E-03 -8.73490E+00
  7.94495E+00  2.14232E-28  1.41963E+06  2.00000E-03 -8.73490E+00
  8.03853E+00  2.14232E-28  1.41963E+06  2.00000E-03 -8.73490E+00
  8.13211E+00  2.14261E-28  1.41976E+06  2.00000E-03 -8.72423E+00
  8.22569E+00  2.14443E-28  1.42056E+06  2.00000E-03 -8.63989E+00
  8.31927E+00  2.14575E-28  1.42115E+06  2.00000E-03 -8.55821E+00
  8.41285E+00  2.14725E-28  1.42181E+06  2.00000E-03 -8.46332E+00
  8.50642E+00  2.14835E-28  1.42229E+06  2.00000E-03 -8.39419E+00
  8.60001E+00  2.14946E-28  1.42278E+06  2.00000E-03 -8.33393E+00
  8.69359E+00  2.15148E-28  1.42368E+06  2.00000E-03 -8.22496E+00
  8.78716E+00  2.15148E-28  1.42368E+06  2.00000E-03 -8.22496E+00
  8.88074E+00  2.15148E-28  1.42368E+06  2.00000E-03 -8.22496E+00
  8.97432E+00  2.15150E-28  1.42369E+06  2.00000E-03 -8.22375E+00
  9.06790E+00  2.15580E-28  1.42559E+06  2.00000E-03 -7.98746E+00
  9.16148E+00  2.15821E-28  1.42665E+06  2.00000E-03 -7.85329E+00
  9.25506E+00  2.15984E-28  1.42737E+06  2.00000E-03 -7.76263E+00
  9.34864E+00  2.15984E-28  1.42737E+06  2.00000E-03 -7.76263E+00
  9.44222E+00  2.16062E-28  1.42771E+06  2.00000E-03 -7.72347E+00
  9.53580E+00  2.16200E-28  1.42833E+06  2.00000E-03 -7.65367E+00
  9.62938E+00  2.16206E-28  1.42835E+06  2.00000E-03 -7.65094E+00
  9.72296E+00  2.16206E-28  1.42835E+06  2.00000E-03 -7.65094E+00
  9.81654E+00  2.16295E-28  1.42874E+06  2.00000E-03 -7.60515E+00
  9.91012E+00  2.16603E-28  1.43010E+06  2.00000E-03 -7.44114E+00
  1.00037E+01  2.16840E-28  1.43115E+06  2.00000E-03 -7.31870E+00
  1.00973E+01  2.16840E-28  1.43115E+06  2.00000E-03 -7.31870E+00
  1.01909E+01  2.16840E-28  1.43115E+06  2.00000E-03 -7.31870E+00
  1.02844E+01  2.16861E-28  1.43124E+06  2.00000E-03 -7.30271E+00
  1.03780E+01  2.16945E-28  1.43161E+06  2.00000E-03 -7.23968E+00
  1.04716E+01  2.16948E-28  1.43162E+06  2.00000E-03 -7.23742E+00
  1.05652E+01  2.16993E-28  1.43182E+06  2.00000E-03 -7.21956E+00
  1.06588E+01  2.17039E-28  1.43202E+06  2.00000E-03 -7.20106E+00
  1.07523E+01  2.17145E-28  1.43248E+06  2.00000E-03 -7.13495E+00
  1.08459E+01  2.17162E-28  1.43256E+06  2.00000E-03 -7.11102E+00
  1.09395E+01  2.17162E-28  1.43256E+06  2.00000E-03 -7.11102E+00
  1.10331E+01  2.17162E-28  1.43256E+06  2.00000E-03 -7.11102E+00
  1.11267E+01  2.17161E-28  1.43256E+06  2.00000E-03 -7.10549E+00
  1.12202E+01  2.17159E-28  1.43255E+06  2.00000E-03 -7.05820E+00
  1.13138E+01  2.17144E-28  1.43248E+06  2.00000E-03 -7.06911E+00
  1.14074E+01  2.17088E-28  1.43223E+06  2.00000E-03 -7.11005E+00
  1.15010E+01  2.17046E-28  1.43205E+06  2.00000E-03 -7.11070E+00
  1.15946E+01  2.16962E-28  1.43168E+06  2.00000E-03 -7.14062E+00
  1.16881E+01  2.16915E-28  1.43147E+06  2.00000E-03 -7.11109E+00
  1.17817E+01  2.16914E-28  1.43147E+06  2.00000E-03 -7.11032E+00
  1.18753E+01  2.16901E-28  1.43141E+06  2.00000E-03 -7.09960E+00
  1.19689E+01  2.16891E-28  1.43136E+06  2.00000E-03 -7.09301E+00
  1.20625E+01  2.16844E-28  1.43116E+06  2.00000E-03 -7.06707E+00
  1.21560E+01  2.16796E-28  1.43094E+06  2.00000E-03 -7.08009E+00
  1.22496E+01  2.16756E-28  1.43077E+06  2.00000E-03 -7.10071E+00
  1.23432E+01  2.16687E-28  1.43047E+06  2.00000E-03 -7.13909E+00
  1.24368E+01  2.16700E-28  1.43052E+06  2.00000E-03 -7.08298E+00
  1.25304E+01  2.16743E-28  1.43071E+06  2.00000E-03 -6.97848E+00
  1.26239E+01  2.16742E-28  1.43071E+06  2.00000E-03 -6.99049E+00
  1.27175E+01  2.16743E-28  1.43071E+06  2.00000E-03 -6.98000E+00
  1.28111E+01  2.16742E-28  1.43071E+06  2.00000E-03 -6.99372E+00
  1.29047E+01  2.16823E-28  1.43106E+06  2.00000E-03 -6.85509E+00
  1.29983E+01  2.16926E-28  1.43151E+06  2.00000E-03 -6.71698E+00
  1.30918E+01  2.16985E-28  1.43177E+06  2.00000E-03 -6.69469E+00
  1.31854E+01  2.17019E-28  1.43192E+06  2.00000E-03 -6.61387E+00
  1.32790E+01  2.17053E-28  1.43207E+06  2.00000E-03 -6.56597E+00
  1.33726E+01  2.17196E-28  1.43270E+06  2.00000E-03 -6.36674E+00
  1.34662E+01  2.17196E-28  1.43270E+06  2.00000E-03 -6.36674E+00
  1.35597E+01  2.17196E-28  1.43270E+06  2.00000E-03 -6.36674E+00
  1.36533E+01  2.17213E-28  1.43277E+06  2.00000E-03 -6.35731E+00
  1.37469E+01  2.17390E-28  1.43355E+06  2.00000E-03 -6.16618E+00
  1.38405E+01  2.17562E-28  1.43431E+06  2.00000E-03 -6.00792E+00
  1.39341E+01  2.17600E-28  1.43447E+06  2.00000E-03 -5.98626E+00
  1.40276E+01  2.17600E-28  1.43447E+06  2.00000E-03 -5.98626E+00
  1.41212E+01  2.17615E-28  1.43454E+06  2.00000E-03 -5.95186E+00
  1.42148E+01  2.17669E-28  1.43478E+06  2.00000E-03 -5.82310E+00
  1.43084E+01  2.17681E-28  1.43483E+06  2.00000E-03 -5.79343E+00
  1.44020E+01  2.17681E-28  1.43483E+06  2.00000E-03 -5.79343E+00
  1.44955E+01  2.17699E-28  1.43491E+06  2.00000E-03 -5.78629E+00
  1.45891E+01  2.17782E-28  1.43527E+06  2.00000E-03 -5.68334E+00
  1.46827E+01  2.17810E-28  1.43539E+06  2.00000E-03 -5.62198E+00
  1.47763E+01  2.17815E-28  1.43542E+06  2.00000E-03 -5.62073E+00
  1.48699E+01  2.17815E-28  1.43542E+06  2.00000E-03 -5.62073E+00
  1.49634E+01  2.17815E-28  1.43542E+06  2.00000E-03 -5.62073E+00
  1.50570E+01  2.17744E-28  1.43510E+06  2.00000E-03 -5.57575E+00
  1.51506E+01  2.17727E-28  1.43502E+06  2.00000E-03 -5.56517E+00
  1.52442E+01  2.17727E-28  1.43502E+06  2.00000E-03 -5.57344E+00
  1.53378E+01  2.17726E-28  1.43501E+06  2.00000E-03 -5.59932E+00
  1.54313E+01  2.17671E-28  1.43477E+06  2.00000E-03 -5.62607E+00
  1.55249E+01  2.17543E-28  1.43419E+06  2.00000E-03 -5.64843E+00
  1.56185E+01  2.17543E-28  1.43419E+06  2.00000E-03 -5.64843E+00
  1.57121E+01  2.17543E-28  1.43419E+06  2.00000E-03 -5.64843E+00
  1.58057E+01  2.17543E-28  1.43419E+06  2.00000E-03 -5.64843E+00
  1.58992E+01  2.17434E-28  1.43371E+06  2.00000E-03 -5.66272E+00
  1.59928E+01  2.17392E-28  1.43352E+06  2.00000E-03 -5.67245E+00
  1.60864E+01  2.17363E-28  1.43339E+06  2.00000E-03 -5.71896E+00
  1.61800E+01  2.17328E-28  1.43324E+06  2.00000E-03 -5.77460E+00
  1.62736E+01  2.17282E-28  1.43303E+06  2.00000E-03 -5.80847E+00
  1.63671E+01  2.17163E-28  1.43249E+06  2.00000E-03 -5.83649E+00
  1.64607E+01  2.17155E-28  1.43246E+06  2.00000E-03 -5.83851E+00
  1.65543E+01  2.17155E-28  1.43245E+06  2.00000E-03 -5.83851E+00
  1.66479E+01  2.17155E-28  1.43246E+06  2.00000E-03 -5.83851E+00
  1.67415E+01  2.17085E-28  1.43214E+06  2.00000E-03 -5.85394E+00
  1.68350E+01  2.17037E-28  1.43193E+06  2.00000E-03 -5.90018E+00
  1.69286E+01  2.17026E-28  1.43188E+06  2.00000E-03 -5.92819E+00
  1.70222E+01  2.17011E-28  1.43181E+06  2.00000E-03 -5.96710E+00
  1.71158E+01  2.17007E-28  1.43179E+06  2.00000E-03 -5.97523E+00
  1.72094E+01  2.16965E-28  1.43160E+06  2.00000E-03 -5.96110E+00
  1.73029E+01  2.16962E-28  1.43159E+06  2.00000E-03 -5.96022E+00
  1.73965E+01  2.16962E-28  1.43159E+06  2.00000E-03 -5.96022E+00
  1.74901E+01  2.16962E-28  1.43159E+06  2.00000E-03 -5.96022E+00
  1.75837E+01  2.16978E-28  1.43166E+06  2.00000E-03 -5.93739E+00
  1.76773E+01  2.17003E-28  1.43176E+06  2.00000E-03 -5.94990E+00
  1.77708E+01  2.17008E-28  1.43179E+06  2.00000E-03 -5.97271E+00
  1.78644E+01  2.17010E-28  1.43180E+06  2.00000E-03 -5.98055E+00
  1.79580E+01  2.17013E-28  1.43181E+06  2.00000E-03 -5.97789E+00
  1.80516E+01  2.17110E-28  1.43223E+06  2.00000E-03 -5.88850E+00
  1.81452E+01  2.17184E-28  1.43256E+06  2.00000E-03 -5.81696E+00
  1.82387E+01  2.17182E-28  1.43255E+06  2.00000E-03 -5.81890E+00
  1.83323E+01  2.17225E-28  1.43274E+06  2.00000E-03 -5.77717E+00
  1.84259E+01  2.17301E-28  1.43307E+06  2.00000E-03 -5.76729E+00
  1.85195E+01  2.17594E-28  1.43435E+06  2.00000E-03 -5.56805E+00
  1.86131E+01  2.17619E-28  1.43446E+06  2.00000E-03 -5.56263E+00
  1.87066E+01  2.17607E-28  1.43441E+06  2.00000E-03 -5.57345E+00
  1.88002E+01  2.17651E-28  1.43460E+06  2.00000E-03 -5.53611E+00
  1.88938E+01  2.17875E-28  1.43559E+06  2.00000E-03 -5.35965E+00
  1.89874E+01  2.17950E-28  1.43592E+06  2.00000E-03 -5.30107E+00
  1.90809E+01  2.17955E-28  1.43594E+06  2.00000E-03 -5.29705E+00
  1.91745E+01  2.18059E-28  1.43639E+06  2.00000E-03 -5.25062E+00
  1.92681E+01  2.18175E-28  1.43690E+06  2.00000E-03 -5.21566E+00
  1.93617E+01  2.18595E-28  1.43874E+06  2.00000E-03 -4.92586E+00
  1.94553E+01  2.18580E-28  1.43868E+06  2.00000E-03 -4.93980E+00
  1.95488E+01  2.18589E-28  1.43871E+06  2.00000E-03 -4.93146E+00
  1.96424E+01  2.18629E-28  1.43889E+06  2.00000E-03 -4.89267E+00
  1.97360E+01  2.18793E-28  1.43960E+06  2.00000E-03 -4.75978E+00
  1.98296E+01  2.18990E-28  1.44046E+06  2.00000E-03 -4.59285E+00
  1.99232E+01  2.19091E-28  1.44091E+06  2.00000E-03 -4.54360E+00
  2.00167E+01  2.19209E-28  1.44142E+06  2.00000E-03 -4.48641E+00
  2.01103E+01  2.19362E-28  1.44209E+06  2.00000E-03 -4.39926E+00
  2.02039E+01  2.19606E-28  1.44315E+06  2.00000E-03 -4.19606E+00
  2.02975E+01  2.19631E-28  1.44326E+06  2.00000E-03 -4.17293E+00
  2.03911E+01  2.19631E-28  1.44326E+06  2.00000E-03 -4.17293E+00
  2.04846E+01  2.19631E-28  1.44326E+06  2.00000E-03 -4.17293E+00
  2.05782E+01  2.19674E-28  1.44345E+06  2.00000E-03 -4.11263E+00
  2.06718E+01  2.19729E-28  1.44368E+06  2.00000E-03 -4.03627E+00
  2.07654E+01  2.19898E-28  1.44442E+06  2.00000E-03 -3.95373E+00
  2.08590E+01  2.19996E-28  1.44485E+06  2.00000E-03 -3.90615E+00
  2.09525E+01  2.20096E-28  1.44528E+06  2.00000E-03 -3.85124E+00
  2.10461E+01  2.20014E-28  1.44492E+06  2.00000E-03 -3.82803E+00
  2.11397E+01  2.19992E-28  1.44482E+06  2.00000E-03 -3.82157E+00
  2.12333E+01  2.19992E-28  1.44482E+06  2.00000E-03 -3.82157E+00
  2.13269E+01  2.19992E-28  1.44482E+06  2.00000E-03 -3.82157E+00
  2.14204E+01  2.19788E-28  1.44392E+06  2.00000E-03 -3.92893E+00
  2.15140E+01  2.19441E-28  1.44239E+06  2.00000E-03 -4.15987E+00
  2.16076E+01  2.19570E-28  1.44295E+06  2.00000E-03 -4.16767E+00
  2.17012E+01  2.19626E-28  1.44320E+06  2.00000E-03 -4.17112E+00
  2.17948E+01  2.19626E-28  1.44320E+06  2.00000E-03 -4.17112E+00
  2.18883E+01  2.19626E-28  1.44320E+06  2.00000E-03 -4.17112E+00
  2.19819E+01  2.19626E-28  1.44320E+06  2.00000E-03 -4.17112E+00
  2.20755E+01  2.19626E-28  1.44320E+06  2.00000E-03 -4.17112E+00
  2.21691E+01  2.19626E-28  1.44320E+06  2.00000E-03 -4.17112E+00
  2.22627E+01  2.19345E-28  1.44195E+06  2.00000E-03 -4.32874E+00
  2.23562E+01  2.18626E-28  1.43876E+06  2.00000E-03 -4.73412E+00
  2.24498E+01  2.18626E-28  1.43875E+06  2.00000E-03 -4.73412E+00
  2.25434E+01  2.18626E-28  1.43875E+06  2.00000E-03 -4.73412E+00
  2.26370E+01  2.18626E-28  1.43875E+06  2.00000E-03 -4.73412E+00
  2.27306E+01  2.18626E-28  1.43875E+06  2.00000E-03 -4.73412E+00
  2.28241E+01  2.18626E-28  1.43876E+06  2.00000E-03 -4.73412E+00
  2.29177E+01  2.18626E-28  1.43875E+06  2.00000E-03 -4.73412E+00
  2.30113E+01  2.18626E-28  1.43875E+06  2.00000E-03 -4.73412E+00
  2.31049E+01  2.18335E-28  1.43747E+06  2.00000E-03 -4.97311E+00
  2.31985E+01  2.17711E-28  1.43471E+06  2.00000E-03 -5.35664E+00
  2.32920E+01  2.17609E-28  1.43425E+06  2.00000E-03 -5.44718E+00
  2.33856E+01  2.17609E-28  1.43426E+06  2.00000E-03 -5.44718E+00
  2.34792E+01  2.17609E-28  1.43426E+06  2.00000E-03 -5.44718E+00
  2.35728E+01  2.17609E-28  1.43425E+06  2.00000E-03 -5.44718E+00
  2.36664E+01  2.17609E-28  1.43426E+06  2.00000E-03 -5.44718E+00
  2.37599E+01  2.17609E-28  1.43426E+06  2.00000E-03 -5.44718E+00
  2.38535E+01  2.17609E-28  1.43426E+06  2.00000E-03 -5.44718E+00
  2.39471E+01  2.17609E-28  1.43425E+06  2.00000E-03 -5.44718E+00
  2.40407E+01  2.17345E-28  1.43307E+06  2.00000E-03 -5.48511E+00
  2.41343E+01  2.17318E-28  1.43295E+06  2.00000E-03 -5.48893E+00
  2.42278E+01  2.17318E-28  1.43295E+06  2.00000E-03 -5.48893E+00
  2.43214E+01  2.17318E-28  1.43295E+06  2.00000E-03 -5.48893E+00
  2.44150E+01  2.17318E-28  1.43295E+06  2.00000E-03 -5.48893E+00
  2.45086E+01  2.17318E-28  1.43295E+06  2.00000E-03 -5.48893E+00
  2.46022E+01  2.17323E-28  1.43297E+06  2.00000E-03 -5.51415E+00
  2.46957E+01  2.17333E-28  1.43302E+06  2.00000E-03 -5.57350E+00
  2.47893E+01  2.17339E-28  1.43304E+06  2.00000E-03 -5.60491E+00
  2.48829E+01  2.17295E-28  1.43284E+06  2.00000E-03 -5.50321E+00
  2.49765E+01  2.17248E-28  1.43263E+06  2.00000E-03 -5.44791E+00
  2.50701E+01  2.17283E-28  1.43278E+06  2.00000E-03 -5.46895E+00
  2.51636E+01  2.17249E-28  1.43263E+06  2.00000E-03 -5.44845E+00
  2.52572E+01  2.17255E-28  1.43266E+06  2.00000E-03 -5.45193E+00
  2.53508E+01  2.17263E-28  1.43269E+06  2.00000E-03 -5.45714E+00
  2.54444E+01  2.17257E-28  1.43267E+06  2.00000E-03 -5.45315E+00
  2.55380E+01  2.17257E-28  1.43267E+06  2.00000E-03 -5.45356E+00
  2.56315E+01  2.17243E-28  1.43261E+06  2.00000E-03 -5.44466E+00
  2.57251E+01  2.17270E-28  1.43272E+06  2.00000E-03 -5.37036E+00
  2.58187E+01  2.17296E-28  1.43283E+06  2.00000E-03 -5.30488E+00
  2.59123E+01  2.17296E-28  1.43283E+06  2.00000E-03 -5.30378E+00
  2.60059E+01  2.17292E-28  1.43281E+06  2.00000E-03 -5.29817E+00
  2.60994E+01  2.17290E-28  1.43280E+06  2.00000E-03 -5.29477E+00
  2.61930E+01  2.17355E-28  1.43309E+06  2.00000E-03 -5.26147E+00
  2.62866E+01  2.17499E-28  1.43372E+06  2.00000E-03 -5.21071E+00
  2.63802E+01  2.17570E-28  1.43403E+06  2.00000E-03 -5.15895E+00
  2.64738E+01  2.17565E-28  1.43401E+06  2.00000E-03 -5.14773E+00
  2.65673E+01  2.17628E-28  1.43428E+06  2.00000E-03 -5.07505E+00
  2.66609E+01  2.17772E-28  1.43491E+06  2.00000E-03 -4.90886E+00
  2.67545E+01  2.17772E-28  1.43491E+06  2.00000E-03 -4.90886E+00
  2.68481E+01  2.17772E-28  1.43491E+06  2.00000E-03 -4.90886E+00
  2.69417E+01  2.17772E-28  1.43491E+06  2.00000E-03 -4.90886E+00
  2.70352E+01  2.17772E-28  1.43491E+06  2.00000E-03 -4.90886E+00
  2.71288E+01  2.17772E-28  1.43491E+06  2.00000E-03 -4.90886E+00
  2.72224E+01  2.17772E-28  1.43491E+06  2.00000E-03 -4.90886E+00
  2.73160E+01  2.17772E-28  1.43491E+06  2.00000E-03 -4.90886E+00
  2.74096E+01  2.17881E-28  1.43538E+06  2.00000E-03 -4.79497E+00
