 -2.72411E+01  2.17331E-28  1.43287E+06  2.00000E-03  8.76848E-01
 -2.71475E+01  2.17346E-28  1.43294E+06  2.00000E-03  8.70279E-01
 -2.70539E+01  2.17369E-28  1.43304E+06  2.00000E-03  8.60123E-01
 -2.69603E+01  2.17369E-28  1.43304E+06  2.00000E-03  8.60123E-01
 -2.68668E+01  2.17369E-28  1.43304E+06  2.00000E-03  8.60123E-01
 -2.67732E+01  2.17415E-28  1.43324E+06  2.00000E-03  8.53629E-01
 -2.66796E+01  2.17558E-28  1.43387E+06  2.00000E-03  8.33346E-01
 -2.65860E+01  2.17718E-28  1.43457E+06  2.00000E-03  8.10624E-01
 -2.64924E+01  2.17603E-28  1.43407E+06  2.00000E-03  8.37863E-01
 -2.63989E+01  2.17405E-28  1.43320E+06  2.00000E-03  8.83159E-01
 -2.63053E+01  2.17405E-28  1.43320E+06  2.00000E-03  8.83159E-01
 -2.62117E+01  2.17405E-28  1.43320E+06  2.00000E-03  8.83159E-01
 -2.61181E+01  2.17405E-28  1.43320E+06  2.00000E-03  8.83159E-01
 -2.60245E+01  2.17405E-28  1.43320E+06  2.00000E-03  8.83159E-01
 -2.59310E+01  2.17405E-28  1.43320E+06  2.00000E-03  8.83159E-01
 -2.58374E+01  2.17405E-28  1.43320E+06  2.00000E-03  8.83159E-01
 -2.57438E+01  2.17405E-28  1.43320E+06  2.00000E-03  8.83159E-01
 -2.56502E+01  2.17347E-28  1.43294E+06  2.00000E-03  8.99723E-01
 -2.55566E+01  2.17085E-28  1.43179E+06  2.00000E-03  9.74750E-01
 -2.54631E+01  2.17085E-28  1.43179E+06  2.00000E-03  9.74750E-01
 -2.53695E+01  2.17085E-28  1.43179E+06  2.00000E-03  9.74750E-01
 -2.52759E+01  2.17106E-28  1.43188E+06  2.00000E-03  9.72407E-01
 -2.51823E+01  2.17193E-28  1.43227E+06  2.00000E-03  9.62480E-01
 -2.50887E+01  2.17253E-28  1.43253E+06  2.00000E-03  9.55739E-01
 -2.49952E+01  2.17402E-28  1.43319E+06  2.00000E-03  9.38989E-01
 -2.49016E+01  2.17411E-28  1.43323E+06  2.00000E-03  9.37977E-01
 -2.48080E+01  2.17344E-28  1.43293E+06  2.00000E-03  9.57173E-01
 -2.47144E+01  2.17066E-28  1.43172E+06  2.00000E-03  1.03679E+00
 -2.46208E+01  2.17034E-28  1.43157E+06  2.00000E-03  1.04610E+00
 -2.45273E+01  2.17034E-28  1.43157E+06  2.00000E-03  1.04610E+00
 -2.44337E+01  2.17034E-28  1.43157E+06  2.00000E-03  1.04610E+00
 -2.43401E+01  2.17034E-28  1.43157E+06  2.00000E-03  1.04610E+00
 -2.42465E+01  2.17034E-28  1.43157E+06  2.00000E-03  1.04610E+00
 -2.41529E+01  2.17034E-28  1.43157E+06  2.00000E-03  1.04610E+00
 -2.40594E+01  2.17034E-28  1.43157E+06  2.00000E-03  1.04610E+00
 -2.39658E+01  2.17014E-28  1.43149E+06  2.00000E-03  1.05187E+00
 -2.38722E+01  2.16847E-28  1.43076E+06  2.00000E-03  1.10073E+00
 -2.37786E+01  2.16816E-28  1.43062E+06  2.00000E-03  1.10995E+00
 -2.36850E+01  2.16828E-28  1.43067E+06  2.00000E-03  1.10975E+00
 -2.35915E+01  2.16915E-28  1.43106E+06  2.00000E-03  1.10839E+00
 -2.34979E+01  2.16981E-28  1.43134E+06  2.00000E-03  1.10736E+00
 -2.34043E+01  2.16999E-28  1.43142E+06  2.00000E-03  1.10708E+00
 -2.33107E+01  2.16999E-28  1.43142E+06  2.00000E-03  1.10708E+00
 -2.32171E+01  2.16999E-28  1.43142E+06  2.00000E-03  1.10708E+00
 -2.31236E+01  2.16999E-28  1.43142E+06  2.00000E-03  1.10708E+00
 -2.30300E+01  2.16839E-28  1.43073E+06  2.00000E-03  1.14295E+00
 -2.29364E+01  2.16814E-28  1.43062E+06  2.00000E-03  1.14864E+00
 -2.28428E+01  2.16814E-28  1.43062E+06  2.00000E-03  1.14864E+00
 -2.27492E+01  2.16814E-28  1.43062E+06  2.00000E-03  1.14864E+00
 -2.26557E+01  2.16814E-28  1.43062E+06  2.00000E-03  1.14864E+00
 -2.25621E+01  2.16814E-28  1.43062E+06  2.00000E-03  1.14864E+00
 -2.24685E+01  2.16814E-28  1.43062E+06  2.00000E-03  1.14864E+00
 -2.23749E+01  2.16814E-28  1.43062E+06  2.00000E-03  1.14864E+00
 -2.22813E+01  2.16814E-28  1.43062E+06  2.00000E-03  1.14864E+00
 -2.21878E+01  2.16838E-28  1.43073E+06  2.00000E-03  1.11575E+00
 -2.20942E+01  2.16855E-28  1.43081E+06  2.00000E-03  1.10188E+00
 -2.20006E+01  2.16895E-28  1.43099E+06  2.00000E-03  1.11350E+00
 -2.19070E+01  2.16926E-28  1.43112E+06  2.00000E-03  1.12262E+00
 -2.18134E+01  2.16934E-28  1.43116E+06  2.00000E-03  1.12489E+00
 -2.17199E+01  2.16934E-28  1.43116E+06  2.00000E-03  1.12489E+00
 -2.16263E+01  2.16934E-28  1.43116E+06  2.00000E-03  1.12489E+00
 -2.15327E+01  2.16934E-28  1.43116E+06  2.00000E-03  1.12489E+00
 -2.14391E+01  2.16934E-28  1.43116E+06  2.00000E-03  1.12489E+00
 -2.13455E+01  2.17001E-28  1.43145E+06  2.00000E-03  1.08165E+00
 -2.12520E+01  2.17094E-28  1.43184E+06  2.00000E-03  1.03246E+00
 -2.11584E+01  2.17101E-28  1.43187E+06  2.00000E-03  1.03455E+00
 -2.10648E+01  2.17112E-28  1.43192E+06  2.00000E-03  1.03474E+00
 -2.09712E+01  2.17118E-28  1.43195E+06  2.00000E-03  1.03280E+00
 -2.08776E+01  2.17285E-28  1.43267E+06  2.00000E-03  9.69763E-01
 -2.07841E+01  2.17271E-28  1.43261E+06  2.00000E-03  9.73884E-01
 -2.06905E+01  2.17281E-28  1.43265E+06  2.00000E-03  9.70702E-01
 -2.05969E+01  2.17274E-28  1.43262E+06  2.00000E-03  9.72919E-01
 -2.05033E+01  2.17298E-28  1.43273E+06  2.00000E-03  9.81694E-01
 -2.04097E+01  2.17389E-28  1.43313E+06  2.00000E-03  9.80072E-01
 -2.03162E+01  2.17375E-28  1.43307E+06  2.00000E-03  9.86570E-01
 -2.02226E+01  2.17346E-28  1.43294E+06  2.00000E-03  9.87960E-01
 -2.01290E+01  2.17347E-28  1.43295E+06  2.00000E-03  9.88327E-01
 -2.00354E+01  2.17379E-28  1.43309E+06  2.00000E-03  9.95365E-01
 -1.99419E+01  2.17388E-28  1.43313E+06  2.00000E-03  9.97410E-01
 -1.98483E+01  2.17388E-28  1.43313E+06  2.00000E-03  9.97411E-01
 -1.97547E+01  2.17387E-28  1.43313E+06  2.00000E-03  9.99053E-01
 -1.96611E+01  2.17335E-28  1.43290E+06  2.00000E-03  1.06196E+00
 -1.95675E+01  2.17286E-28  1.43269E+06  2.00000E-03  1.13581E+00
 -1.94740E+01  2.17275E-28  1.43264E+06  2.00000E-03  1.14673E+00
 -1.93804E+01  2.17275E-28  1.43264E+06  2.00000E-03  1.14673E+00
 -1.92868E+01  2.17275E-28  1.43264E+06  2.00000E-03  1.14673E+00
 -1.91932E+01  2.17252E-28  1.43254E+06  2.00000E-03  1.18141E+00
 -1.90996E+01  2.17241E-28  1.43249E+06  2.00000E-03  1.19906E+00
 -1.90061E+01  2.17241E-28  1.43249E+06  2.00000E-03  1.19906E+00
 -1.89125E+01  2.17217E-28  1.43239E+06  2.00000E-03  1.23373E+00
 -1.88189E+01  2.17194E-28  1.43229E+06  2.00000E-03  1.27133E+00
 -1.87253E+01  2.17222E-28  1.43242E+06  2.00000E-03  1.27453E+00
 -1.86317E+01  2.17231E-28  1.43246E+06  2.00000E-03  1.27223E+00
 -1.85382E+01  2.17231E-28  1.43246E+06  2.00000E-03  1.27223E+00
 -1.84446E+01  2.17231E-28  1.43246E+06  2.00000E-03  1.27223E+00
 -1.83510E+01  2.17240E-28  1.43250E+06  2.00000E-03  1.25927E+00
 -1.82574E+01  2.17249E-28  1.43254E+06  2.00000E-03  1.24706E+00
 -1.81638E+01  2.17285E-28  1.43270E+06  2.00000E-03  1.24600E+00
 -1.80703E+01  2.17333E-28  1.43291E+06  2.00000E-03  1.24455E+00
 -1.79767E+01  2.17364E-28  1.43304E+06  2.00000E-03  1.24089E+00
 -1.78831E+01  2.17320E-28  1.43285E+06  2.00000E-03  1.22842E+00
 -1.77895E+01  2.17307E-28  1.43280E+06  2.00000E-03  1.22479E+00
 -1.76959E+01  2.17307E-28  1.43280E+06  2.00000E-03  1.22479E+00
 -1.76024E+01  2.17307E-28  1.43280E+06  2.00000E-03  1.22479E+00
 -1.75088E+01  2.17202E-28  1.43234E+06  2.00000E-03  1.25881E+00
 -1.74152E+01  2.17073E-28  1.43178E+06  2.00000E-03  1.30452E+00
 -1.73216E+01  2.17148E-28  1.43211E+06  2.00000E-03  1.28471E+00
 -1.72280E+01  2.17212E-28  1.43239E+06  2.00000E-03  1.26800E+00
 -1.71345E+01  2.17247E-28  1.43254E+06  2.00000E-03  1.25895E+00
 -1.70409E+01  2.16789E-28  1.43054E+06  2.00000E-03  1.43621E+00
 -1.69473E+01  2.16654E-28  1.42995E+06  2.00000E-03  1.48831E+00
 -1.68537E+01  2.16654E-28  1.42995E+06  2.00000E-03  1.48831E+00
 -1.67601E+01  2.16654E-28  1.42995E+06  2.00000E-03  1.48831E+00
 -1.66666E+01  2.16509E-28  1.42931E+06  2.00000E-03  1.56787E+00
 -1.65730E+01  2.16092E-28  1.42750E+06  2.00000E-03  1.78774E+00
 -1.64794E+01  2.16112E-28  1.42759E+06  2.00000E-03  1.77005E+00
 -1.63858E+01  2.16120E-28  1.42763E+06  2.00000E-03  1.76271E+00
 -1.62922E+01  2.16120E-28  1.42763E+06  2.00000E-03  1.76271E+00
 -1.61987E+01  2.15886E-28  1.42663E+06  2.00000E-03  1.87801E+00
 -1.61051E+01  2.15691E-28  1.42579E+06  2.00000E-03  1.97440E+00
 -1.60115E+01  2.15691E-28  1.42579E+06  2.00000E-03  1.97440E+00
 -1.59179E+01  2.15691E-28  1.42579E+06  2.00000E-03  1.97440E+00
 -1.58243E+01  2.15733E-28  1.42596E+06  2.00000E-03  1.93991E+00
 -1.57308E+01  2.15559E-28  1.42513E+06  2.00000E-03  1.97967E+00
 -1.56372E+01  2.15516E-28  1.42493E+06  2.00000E-03  1.99163E+00
 -1.55436E+01  2.15491E-28  1.42480E+06  2.00000E-03  2.00044E+00
 -1.54500E+01  2.15487E-28  1.42477E+06  2.00000E-03  1.99197E+00
 -1.53564E+01  2.15488E-28  1.42478E+06  2.00000E-03  2.00171E+00
 -1.52629E+01  2.15472E-28  1.42471E+06  2.00000E-03  2.00584E+00
 -1.51693E+01  2.15489E-28  1.42478E+06  2.00000E-03  2.00977E+00
 -1.50757E+01  2.15501E-28  1.42484E+06  2.00000E-03  2.01036E+00
 -1.49821E+01  2.15501E-28  1.42484E+06  2.00000E-03  2.00155E+00
 -1.48885E+01  2.15518E-28  1.42491E+06  2.00000E-03  2.01039E+00
 -1.47950E+01  2.15520E-28  1.42492E+06  2.00000E-03  2.01183E+00
 -1.47014E+01  2.15569E-28  1.42514E+06  2.00000E-03  2.01249E+00
 -1.46078E+01  2.15568E-28  1.42513E+06  2.00000E-03  2.01659E+00
 -1.45142E+01  2.15572E-28  1.42515E+06  2.00000E-03  2.01681E+00
 -1.44206E+01  2.15615E-28  1.42534E+06  2.00000E-03  2.01062E+00
 -1.43271E+01  2.15625E-28  1.42538E+06  2.00000E-03  2.00016E+00
 -1.42335E+01  2.15713E-28  1.42577E+06  2.00000E-03  1.97520E+00
 -1.41399E+01  2.15645E-28  1.42546E+06  2.00000E-03  1.97515E+00
 -1.40463E+01  2.15792E-28  1.42611E+06  2.00000E-03  1.93626E+00
 -1.39527E+01  2.15832E-28  1.42629E+06  2.00000E-03  1.92524E+00
 -1.38592E+01  2.15801E-28  1.42615E+06  2.00000E-03  1.88892E+00
 -1.37656E+01  2.15832E-28  1.42629E+06  2.00000E-03  1.85184E+00
 -1.36720E+01  2.15810E-28  1.42619E+06  2.00000E-03  1.83487E+00
 -1.35784E+01  2.15992E-28  1.42699E+06  2.00000E-03  1.77583E+00
 -1.34848E+01  2.15966E-28  1.42688E+06  2.00000E-03  1.75495E+00
 -1.33913E+01  2.16032E-28  1.42718E+06  2.00000E-03  1.66764E+00
 -1.32977E+01  2.15925E-28  1.42670E+06  2.00000E-03  1.65864E+00
 -1.32041E+01  2.16193E-28  1.42789E+06  2.00000E-03  1.58648E+00
 -1.31105E+01  2.16201E-28  1.42792E+06  2.00000E-03  1.53216E+00
 -1.30169E+01  2.16078E-28  1.42738E+06  2.00000E-03  1.49258E+00
 -1.29234E+01  2.16282E-28  1.42827E+06  2.00000E-03  1.38118E+00
 -1.28298E+01  2.16309E-28  1.42840E+06  2.00000E-03  1.37428E+00
 -1.27362E+01  2.16621E-28  1.42977E+06  2.00000E-03  1.23054E+00
 -1.26426E+01  2.16481E-28  1.42916E+06  2.00000E-03  1.21865E+00
 -1.25490E+01  2.16610E-28  1.42973E+06  2.00000E-03  1.09532E+00
 -1.24555E+01  2.16694E-28  1.43010E+06  2.00000E-03  1.07154E+00
 -1.23619E+01  2.16930E-28  1.43114E+06  2.00000E-03  9.97236E-01
 -1.22683E+01  2.16838E-28  1.43073E+06  2.00000E-03  9.16690E-01
 -1.21747E+01  2.16710E-28  1.43017E+06  2.00000E-03  8.84195E-01
 -1.20811E+01  2.16974E-28  1.43133E+06  2.00000E-03  8.10318E-01
 -1.19876E+01  2.16938E-28  1.43118E+06  2.00000E-03  7.93345E-01
 -1.18940E+01  2.16962E-28  1.43129E+06  2.00000E-03  7.48336E-01
 -1.18004E+01  2.16697E-28  1.43014E+06  2.00000E-03  7.14597E-01
 -1.17068E+01  2.16892E-28  1.43099E+06  2.00000E-03  7.12182E-01
 -1.16132E+01  2.16940E-28  1.43122E+06  2.00000E-03  6.98486E-01
 -1.15197E+01  2.16752E-28  1.43040E+06  2.00000E-03  6.87526E-01
 -1.14261E+01  2.16786E-28  1.43055E+06  2.00000E-03  6.80471E-01
 -1.13325E+01  2.16758E-28  1.43043E+06  2.00000E-03  6.78216E-01
 -1.12389E+01  2.16894E-28  1.43103E+06  2.00000E-03  6.99484E-01
 -1.11453E+01  2.16769E-28  1.43049E+06  2.00000E-03  6.94598E-01
 -1.10518E+01  2.16681E-28  1.43012E+06  2.00000E-03  7.03873E-01
 -1.09582E+01  2.16611E-28  1.42981E+06  2.00000E-03  7.03468E-01
 -1.08646E+01  2.16645E-28  1.42995E+06  2.00000E-03  7.28487E-01
 -1.07710E+01  2.16571E-28  1.42964E+06  2.00000E-03  7.20592E-01
 -1.06774E+01  2.16430E-28  1.42901E+06  2.00000E-03  7.06647E-01
 -1.05839E+01  2.16317E-28  1.42854E+06  2.00000E-03  7.04385E-01
 -1.04903E+01  2.16317E-28  1.42853E+06  2.00000E-03  7.13464E-01
 -1.03967E+01  2.16190E-28  1.42797E+06  2.00000E-03  7.69114E-01
 -1.03031E+01  2.16050E-28  1.42739E+06  2.00000E-03  6.88135E-01
 -1.02095E+01  2.15777E-28  1.42619E+06  2.00000E-03  7.04112E-01
 -1.01160E+01  2.15730E-28  1.42599E+06  2.00000E-03  7.24093E-01
 -1.00224E+01  2.15623E-28  1.42552E+06  2.00000E-03  7.28101E-01
 -9.92881E+00  2.15420E-28  1.42463E+06  2.00000E-03  7.56207E-01
 -9.83523E+00  2.15312E-28  1.42415E+06  2.00000E-03  7.41036E-01
 -9.74165E+00  2.15120E-28  1.42332E+06  2.00000E-03  7.95805E-01
 -9.64807E+00  2.15060E-28  1.42305E+06  2.00000E-03  7.91351E-01
 -9.55449E+00  2.14895E-28  1.42232E+06  2.00000E-03  8.28320E-01
 -9.46091E+00  2.14743E-28  1.42164E+06  2.00000E-03  8.18461E-01
 -9.36733E+00  2.14664E-28  1.42129E+06  2.00000E-03  8.43644E-01
 -9.27375E+00  2.14585E-28  1.42094E+06  2.00000E-03  8.69181E-01
 -9.18017E+00  2.14552E-28  1.42080E+06  2.00000E-03  8.52113E-01
 -9.08659E+00  2.14442E-28  1.42031E+06  2.00000E-03  8.59569E-01
 -8.99301E+00  2.14424E-28  1.42023E+06  2.00000E-03  8.54740E-01
 -8.89943E+00  2.14383E-28  1.42005E+06  2.00000E-03  8.57706E-01
 -8.80585E+00  2.14405E-28  1.42014E+06  2.00000E-03  8.49024E-01
 -8.71227E+00  2.14389E-28  1.42006E+06  2.00000E-03  8.39630E-01
 -8.61869E+00  2.14374E-28  1.41998E+06  2.00000E-03  8.29317E-01
 -8.52511E+00  2.14428E-28  1.42025E+06  2.00000E-03  8.20704E-01
 -8.43153E+00  2.14475E-28  1.42048E+06  2.00000E-03  8.00432E-01
 -8.33795E+00  2.14525E-28  1.42071E+06  2.00000E-03  7.95717E-01
 -8.24437E+00  2.14556E-28  1.42086E+06  2.00000E-03  7.70055E-01
 -8.15079E+00  2.14532E-28  1.42074E+06  2.00000E-03  7.63535E-01
 -8.05721E+00  2.14610E-28  1.42111E+06  2.00000E-03  7.13859E-01
 -7.96363E+00  2.14733E-28  1.42164E+06  2.00000E-03  6.92278E-01
 -7.87005E+00  2.14866E-28  1.42224E+06  2.00000E-03  6.72462E-01
 -7.77647E+00  2.14872E-28  1.42227E+06  2.00000E-03  6.62931E-01
 -7.68289E+00  2.14915E-28  1.42248E+06  2.00000E-03  6.50453E-01
 -7.58931E+00  2.14838E-28  1.42214E+06  2.00000E-03  5.79284E-01
 -7.49573E+00  2.14865E-28  1.42228E+06  2.00000E-03  5.71605E-01
 -7.40215E+00  2.14832E-28  1.42213E+06  2.00000E-03  5.48738E-01
 -7.30857E+00  2.14951E-28  1.42266E+06  2.00000E-03  5.62923E-01
 -7.21499E+00  2.15209E-28  1.42383E+06  2.00000E-03  5.46928E-01
 -7.12141E+00  2.15212E-28  1.42382E+06  2.00000E-03  5.15533E-01
 -7.02783E+00  2.15417E-28  1.42475E+06  2.00000E-03  5.36601E-01
 -6.93425E+00  2.15374E-28  1.42456E+06  2.00000E-03  5.26999E-01
 -6.84067E+00  2.15542E-28  1.42533E+06  2.00000E-03  5.37185E-01
 -6.74709E+00  2.15312E-28  1.42432E+06  2.00000E-03  4.50905E-01
 -6.65351E+00  2.15298E-28  1.42426E+06  2.00000E-03  4.45870E-01
 -6.55993E+00  2.15397E-28  1.42470E+06  2.00000E-03  4.64182E-01
 -6.46635E+00  2.15769E-28  1.42635E+06  2.00000E-03  5.33311E-01
 -6.37277E+00  2.16180E-28  1.42818E+06  2.00000E-03  5.97488E-01
 -6.27919E+00  2.16054E-28  1.42763E+06  2.00000E-03  5.56328E-01
 -6.18561E+00  2.16054E-28  1.42763E+06  2.00000E-03  5.56328E-01
 -6.09203E+00  2.16054E-28  1.42763E+06  2.00000E-03  5.56328E-01
 -5.99845E+00  2.16046E-28  1.42759E+06  2.00000E-03  5.54670E-01
 -5.90487E+00  2.15606E-28  1.42565E+06  2.00000E-03  4.68409E-01
 -5.81129E+00  2.15654E-28  1.42586E+06  2.00000E-03  4.75676E-01
 -5.71771E+00  2.16163E-28  1.42812E+06  2.00000E-03  5.60356E-01
 -5.62413E+00  2.16515E-28  1.42968E+06  2.00000E-03  6.18769E-01
 -5.53055E+00  2.16874E-28  1.43125E+06  2.00000E-03  6.78092E-01
 -5.43697E+00  2.16556E-28  1.42984E+06  2.00000E-03  6.25782E-01
 -5.34339E+00  2.16544E-28  1.42979E+06  2.00000E-03  6.23831E-01
 -5.24981E+00  2.16544E-28  1.42979E+06  2.00000E-03  6.23831E-01
 -5.15623E+00  2.16528E-28  1.42971E+06  2.00000E-03  6.21393E-01
 -5.06265E+00  2.16141E-28  1.42799E+06  2.00000E-03  5.64568E-01
 -4.96907E+00  2.16257E-28  1.42849E+06  2.00000E-03  5.80754E-01
 -4.87549E+00  2.16943E-28  1.43151E+06  2.00000E-03  6.79180E-01
 -4.78191E+00  2.17452E-28  1.43373E+06  2.00000E-03  7.51651E-01
 -4.68833E+00  2.17435E-28  1.43365E+06  2.00000E-03  7.56461E-01
 -4.59475E+00  2.17035E-28  1.43187E+06  2.00000E-03  7.25080E-01
 -4.50117E+00  2.17029E-28  1.43184E+06  2.00000E-03  7.24544E-01
 -4.40759E+00  2.17029E-28  1.43184E+06  2.00000E-03  7.24544E-01
 -4.31401E+00  2.17029E-28  1.43184E+06  2.00000E-03  7.24544E-01
 -4.22043E+00  2.16910E-28  1.43130E+06  2.00000E-03  7.17766E-01
 -4.12685E+00  2.17165E-28  1.43240E+06  2.00000E-03  7.93135E-01
 -4.03328E+00  2.17531E-28  1.43399E+06  2.00000E-03  8.82144E-01
 -3.93970E+00  2.17716E-28  1.43480E+06  2.00000E-03  9.27088E-01
 -3.84612E+00  2.17677E-28  1.43462E+06  2.00000E-03  9.22977E-01
 -3.75254E+00  2.17415E-28  1.43345E+06  2.00000E-03  8.95783E-01
 -3.65896E+00  2.17415E-28  1.43345E+06  2.00000E-03  8.95783E-01
 -3.56538E+00  2.17415E-28  1.43345E+06  2.00000E-03  8.95783E-01
 -3.47180E+00  2.17432E-28  1.43353E+06  2.00000E-03  9.01866E-01
 -3.37822E+00  2.17558E-28  1.43408E+06  2.00000E-03  9.35392E-01
 -3.28464E+00  2.17734E-28  1.43484E+06  2.00000E-03  1.01215E+00
 -3.19106E+00  2.17860E-28  1.43539E+06  2.00000E-03  1.06687E+00
 -3.09748E+00  2.17860E-28  1.43539E+06  2.00000E-03  1.06687E+00
 -3.00390E+00  2.17866E-28  1.43542E+06  2.00000E-03  1.06150E+00
 -2.91032E+00  2.17904E-28  1.43560E+06  2.00000E-03  1.03046E+00
 -2.81674E+00  2.17915E-28  1.43565E+06  2.00000E-03  1.02089E+00
 -2.72316E+00  2.17915E-28  1.43565E+06  2.00000E-03  1.02089E+00
 -2.62958E+00  2.17938E-28  1.43575E+06  2.00000E-03  1.03043E+00
 -2.53600E+00  2.18114E-28  1.43653E+06  2.00000E-03  1.05478E+00
 -2.44242E+00  2.18359E-28  1.43760E+06  2.00000E-03  1.05749E+00
 -2.34884E+00  2.18383E-28  1.43771E+06  2.00000E-03  1.06763E+00
 -2.25526E+00  2.18383E-28  1.43771E+06  2.00000E-03  1.06763E+00
 -2.16168E+00  2.18383E-28  1.43771E+06  2.00000E-03  1.06763E+00
 -2.06810E+00  2.18667E-28  1.43897E+06  2.00000E-03  1.04439E+00
 -1.97452E+00  2.18764E-28  1.43940E+06  2.00000E-03  1.03649E+00
 -1.88094E+00  2.18840E-28  1.43971E+06  2.00000E-03  1.09627E+00
 -1.78736E+00  2.18821E-28  1.43963E+06  2.00000E-03  1.10338E+00
 -1.69378E+00  2.18869E-28  1.43982E+06  2.00000E-03  1.13071E+00
 -1.60020E+00  2.19178E-28  1.44118E+06  2.00000E-03  1.16235E+00
 -1.50662E+00  2.19200E-28  1.44129E+06  2.00000E-03  1.15591E+00
 -1.41304E+00  2.19183E-28  1.44121E+06  2.00000E-03  1.16082E+00
 -1.31946E+00  2.19199E-28  1.44129E+06  2.00000E-03  1.15613E+00
 -1.22588E+00  2.19449E-28  1.44239E+06  2.00000E-03  1.18208E+00
 -1.13230E+00  2.19564E-28  1.44289E+06  2.00000E-03  1.20063E+00
 -1.03872E+00  2.19106E-28  1.44089E+06  2.00000E-03  1.06025E+00
 -9.45140E-01  2.18848E-28  1.43976E+06  2.00000E-03  9.83061E-01
 -8.51560E-01  2.18633E-28  1.43882E+06  2.00000E-03  8.97814E-01
 -7.57980E-01  2.18691E-28  1.43909E+06  2.00000E-03  8.50307E-01
 -6.64400E-01  2.18688E-28  1.43907E+06  2.00000E-03  8.34936E-01
 -5.70821E-01  2.18524E-28  1.43834E+06  2.00000E-03  7.77636E-01
 -4.77241E-01  2.18516E-28  1.43830E+06  2.00000E-03  7.75058E-01
 -3.83661E-01  2.18404E-28  1.43781E+06  2.00000E-03  6.70643E-01
 -2.90081E-01  2.17849E-28  1.43538E+06  2.00000E-03  4.29074E-01
 -1.96501E-01  2.17278E-28  1.43284E+06  2.00000E-03  2.20600E-01
 -1.02921E-01  2.16749E-28  1.43051E+06  2.00000E-03  3.34710E-02
 -9.34142E-03  2.16568E-28  1.42970E+06  2.00000E-03 -3.09161E-02
  8.42384E-02  2.16467E-28  1.42927E+06  2.00000E-03 -1.21364E-01
  1.77818E-01  2.16447E-28  1.42918E+06  2.00000E-03 -1.39026E-01
  2.71398E-01  2.16447E-28  1.42918E+06  2.00000E-03 -1.39026E-01
  3.64978E-01  2.16447E-28  1.42918E+06  2.00000E-03 -1.39026E-01
  4.58558E-01  2.16419E-28  1.42907E+06  2.00000E-03 -1.70748E-01
  5.52138E-01  2.16104E-28  1.42768E+06  2.00000E-03 -3.16833E-01
  6.45718E-01  2.15970E-28  1.42709E+06  2.00000E-03 -3.58940E-01
  7.39297E-01  2.15823E-28  1.42644E+06  2.00000E-03 -4.05273E-01
  8.32877E-01  2.15823E-28  1.42644E+06  2.00000E-03 -4.05303E-01
  9.26457E-01  2.15833E-28  1.42648E+06  2.00000E-03 -4.19824E-01
  1.02004E+00  2.15836E-28  1.42649E+06  2.00000E-03 -4.24548E-01
  1.11362E+00  2.15836E-28  1.42649E+06  2.00000E-03 -4.24548E-01
  1.20720E+00  2.15836E-28  1.42649E+06  2.00000E-03 -4.24548E-01
  1.30078E+00  2.15816E-28  1.42639E+06  2.00000E-03 -3.89546E-01
  1.39436E+00  2.15790E-28  1.42626E+06  2.00000E-03 -3.52212E-01
  1.48794E+00  2.15754E-28  1.42609E+06  2.00000E-03 -3.20743E-01
  1.58152E+00  2.15754E-28  1.42609E+06  2.00000E-03 -3.20743E-01
  1.67510E+00  2.15754E-28  1.42609E+06  2.00000E-03 -3.20884E-01
  1.76868E+00  2.15735E-28  1.42600E+06  2.00000E-03 -3.32813E-01
  1.86226E+00  2.15721E-28  1.42594E+06  2.00000E-03 -3.41392E-01
  1.95584E+00  2.15721E-28  1.42594E+06  2.00000E-03 -3.41392E-01
  2.04942E+00  2.15727E-28  1.42596E+06  2.00000E-03 -3.10821E-01
  2.14300E+00  2.15730E-28  1.42596E+06  2.00000E-03 -2.71893E-01
  2.23658E+00  2.15587E-28  1.42533E+06  2.00000E-03 -3.28297E-01
  2.33015E+00  2.15581E-28  1.42530E+06  2.00000E-03 -3.32438E-01
  2.42373E+00  2.15581E-28  1.42530E+06  2.00000E-03 -3.32438E-01
  2.51731E+00  2.15581E-28  1.42530E+06  2.00000E-03 -3.32438E-01
  2.61089E+00  2.15477E-28  1.42483E+06  2.00000E-03 -4.06641E-01
  2.70447E+00  2.15390E-28  1.42445E+06  2.00000E-03 -4.68024E-01
  2.79805E+00  2.15440E-28  1.42467E+06  2.00000E-03 -4.36969E-01
  2.89163E+00  2.15512E-28  1.42498E+06  2.00000E-03 -3.91776E-01
  2.98521E+00  2.15574E-28  1.42525E+06  2.00000E-03 -3.54486E-01
  3.07879E+00  2.15517E-28  1.42499E+06  2.00000E-03 -4.21967E-01
  3.17237E+00  2.15487E-28  1.42486E+06  2.00000E-03 -4.50210E-01
  3.26595E+00  2.15487E-28  1.42486E+06  2.00000E-03 -4.50210E-01
  3.35953E+00  2.15487E-28  1.42486E+06  2.00000E-03 -4.50210E-01
  3.45311E+00  2.15455E-28  1.42472E+06  2.00000E-03 -4.83482E-01
  3.54669E+00  2.15386E-28  1.42441E+06  2.00000E-03 -5.56410E-01
  3.64027E+00  2.15536E-28  1.42507E+06  2.00000E-03 -4.82327E-01
  3.73385E+00  2.15625E-28  1.42546E+06  2.00000E-03 -4.38322E-01
  3.82743E+00  2.15743E-28  1.42598E+06  2.00000E-03 -3.84741E-01
  3.92101E+00  2.15670E-28  1.42566E+06  2.00000E-03 -4.60676E-01
  4.01459E+00  2.15645E-28  1.42555E+06  2.00000E-03 -4.86275E-01
  4.10817E+00  2.15645E-28  1.42555E+06  2.00000E-03 -4.86275E-01
  4.20175E+00  2.15645E-28  1.42555E+06  2.00000E-03 -4.86275E-01
  4.29533E+00  2.15628E-28  1.42547E+06  2.00000E-03 -5.02633E-01
  4.38891E+00  2.15532E-28  1.42505E+06  2.00000E-03 -6.06533E-01
  4.48249E+00  2.15572E-28  1.42523E+06  2.00000E-03 -5.98755E-01
  4.57607E+00  2.15594E-28  1.42533E+06  2.00000E-03 -5.94542E-01
  4.66965E+00  2.15594E-28  1.42533E+06  2.00000E-03 -5.94542E-01
  4.76323E+00  2.15435E-28  1.42463E+06  2.00000E-03 -7.16514E-01
  4.85681E+00  2.15215E-28  1.42366E+06  2.00000E-03 -8.59246E-01
  4.95039E+00  2.15041E-28  1.42289E+06  2.00000E-03 -9.44793E-01
  5.04397E+00  2.14993E-28  1.42268E+06  2.00000E-03 -9.68513E-01
  5.13755E+00  2.14865E-28  1.42211E+06  2.00000E-03 -1.05865E+00
  5.23113E+00  2.14250E-28  1.41939E+06  2.00000E-03 -1.45141E+00
  5.32471E+00  2.13881E-28  1.41776E+06  2.00000E-03 -1.67874E+00
  5.41829E+00  2.13867E-28  1.41770E+06  2.00000E-03 -1.68467E+00
  5.51187E+00  2.13875E-28  1.41774E+06  2.00000E-03 -1.68127E+00
  5.60545E+00  2.13723E-28  1.41706E+06  2.00000E-03 -1.79269E+00
  5.69903E+00  2.13557E-28  1.41632E+06  2.00000E-03 -1.91511E+00
  5.79261E+00  2.13568E-28  1.41637E+06  2.00000E-03 -1.91134E+00
  5.88619E+00  2.13554E-28  1.41631E+06  2.00000E-03 -1.91617E+00
  5.97977E+00  2.13436E-28  1.41579E+06  2.00000E-03 -1.99414E+00
  6.07335E+00  2.13274E-28  1.41506E+06  2.00000E-03 -2.11590E+00
  6.16693E+00  2.13274E-28  1.41506E+06  2.00000E-03 -2.13740E+00
  6.26051E+00  2.13270E-28  1.41504E+06  2.00000E-03 -2.12781E+00
  6.35409E+00  2.13259E-28  1.41499E+06  2.00000E-03 -2.10304E+00
  6.44767E+00  2.13272E-28  1.41504E+06  2.00000E-03 -2.08515E+00
  6.54125E+00  2.13309E-28  1.41520E+06  2.00000E-03 -2.08584E+00
  6.63483E+00  2.13309E-28  1.41520E+06  2.00000E-03 -2.08584E+00
  6.72841E+00  2.13442E-28  1.41579E+06  2.00000E-03 -2.03957E+00
  6.82199E+00  2.13728E-28  1.41706E+06  2.00000E-03 -1.94031E+00
  6.91557E+00  2.14088E-28  1.41864E+06  2.00000E-03 -1.78749E+00
  7.00915E+00  2.14130E-28  1.41883E+06  2.00000E-03 -1.76645E+00
  7.10273E+00  2.14130E-28  1.41883E+06  2.00000E-03 -1.76645E+00
  7.19631E+00  2.14130E-28  1.41883E+06  2.00000E-03 -1.76645E+00
  7.28989E+00  2.14193E-28  1.41911E+06  2.00000E-03 -1.73501E+00
  7.38347E+00  2.14357E-28  1.41983E+06  2.00000E-03 -1.65295E+00
  7.47705E+00  2.14520E-28  1.42055E+06  2.00000E-03 -1.58205E+00
  7.57063E+00  2.14804E-28  1.42181E+06  2.00000E-03 -1.46123E+00
  7.66421E+00  2.15202E-28  1.42357E+06  2.00000E-03 -1.29254E+00
  7.75779E+00  2.15268E-28  1.42386E+06  2.00000E-03 -1.26271E+00
  7.85137E+00  2.15310E-28  1.42404E+06  2.00000E-03 -1.24397E+00
  7.94495E+00  2.15310E-28  1.42404E+06  2.00000E-03 -1.24397E+00
  8.03853E+00  2.15310E-28  1.42404E+06  2.00000E-03 -1.24397E+00
  8.13211E+00  2.15332E-28  1.42414E+06  2.00000E-03 -1.23798E+00
  8.22569E+00  2.15484E-28  1.42481E+06  2.00000E-03 -1.20158E+00
  8.31927E+00  2.15606E-28  1.42535E+06  2.00000E-03 -1.17597E+00
  8.41285E+00  2.15744E-28  1.42596E+06  2.00000E-03 -1.14713E+00
  8.50642E+00  2.15846E-28  1.42640E+06  2.00000E-03 -1.12611E+00
  8.60001E+00  2.15864E-28  1.42649E+06  2.00000E-03 -1.13357E+00
  8.69359E+00  2.15897E-28  1.42663E+06  2.00000E-03 -1.14707E+00
  8.78716E+00  2.15897E-28  1.42663E+06  2.00000E-03 -1.14707E+00
  8.88074E+00  2.15897E-28  1.42663E+06  2.00000E-03 -1.14707E+00
  8.97432E+00  2.15898E-28  1.42664E+06  2.00000E-03 -1.14701E+00
  9.06790E+00  2.16072E-28  1.42740E+06  2.00000E-03 -1.15680E+00
  9.16148E+00  2.16149E-28  1.42774E+06  2.00000E-03 -1.17736E+00
  9.25506E+00  2.16199E-28  1.42796E+06  2.00000E-03 -1.19298E+00
  9.34864E+00  2.16199E-28  1.42796E+06  2.00000E-03 -1.19298E+00
  9.44222E+00  2.16246E-28  1.42817E+06  2.00000E-03 -1.18252E+00
  9.53580E+00  2.16332E-28  1.42854E+06  2.00000E-03 -1.16387E+00
  9.62938E+00  2.16335E-28  1.42856E+06  2.00000E-03 -1.16314E+00
  9.72296E+00  2.16335E-28  1.42856E+06  2.00000E-03 -1.16314E+00
  9.81654E+00  2.16352E-28  1.42863E+06  2.00000E-03 -1.17768E+00
  9.91012E+00  2.16468E-28  1.42914E+06  2.00000E-03 -1.19132E+00
  1.00037E+01  2.16511E-28  1.42933E+06  2.00000E-03 -1.21954E+00
  1.00973E+01  2.16511E-28  1.42933E+06  2.00000E-03 -1.21954E+00
  1.01909E+01  2.16511E-28  1.42933E+06  2.00000E-03 -1.21954E+00
  1.02844E+01  2.16525E-28  1.42939E+06  2.00000E-03 -1.21799E+00
  1.03780E+01  2.16581E-28  1.42964E+06  2.00000E-03 -1.21189E+00
  1.04716E+01  2.16583E-28  1.42965E+06  2.00000E-03 -1.21167E+00
  1.05652E+01  2.16622E-28  1.42982E+06  2.00000E-03 -1.21634E+00
  1.06588E+01  2.16662E-28  1.42999E+06  2.00000E-03 -1.22118E+00
  1.07523E+01  2.16785E-28  1.43053E+06  2.00000E-03 -1.21755E+00
  1.08459E+01  2.16823E-28  1.43070E+06  2.00000E-03 -1.20890E+00
  1.09395E+01  2.16823E-28  1.43070E+06  2.00000E-03 -1.20890E+00
  1.10331E+01  2.16823E-28  1.43070E+06  2.00000E-03 -1.20890E+00
  1.11267E+01  2.16824E-28  1.43071E+06  2.00000E-03 -1.21015E+00
  1.12202E+01  2.16834E-28  1.43075E+06  2.00000E-03 -1.22086E+00
  1.13138E+01  2.16888E-28  1.43099E+06  2.00000E-03 -1.19877E+00
  1.14074E+01  2.17090E-28  1.43188E+06  2.00000E-03 -1.11603E+00
  1.15010E+01  2.17164E-28  1.43220E+06  2.00000E-03 -1.07400E+00
  1.15946E+01  2.17356E-28  1.43304E+06  2.00000E-03 -1.00061E+00
  1.16881E+01  2.17271E-28  1.43266E+06  2.00000E-03 -1.04903E+00
  1.17817E+01  2.17269E-28  1.43266E+06  2.00000E-03 -1.04937E+00
  1.18753E+01  2.17245E-28  1.43255E+06  2.00000E-03 -1.05413E+00
  1.19689E+01  2.17214E-28  1.43241E+06  2.00000E-03 -1.06899E+00
  1.20625E+01  2.17048E-28  1.43168E+06  2.00000E-03 -1.16451E+00
  1.21560E+01  2.17082E-28  1.43183E+06  2.00000E-03 -1.16325E+00
  1.22496E+01  2.17175E-28  1.43223E+06  2.00000E-03 -1.12842E+00
  1.23432E+01  2.17339E-28  1.43294E+06  2.00000E-03 -1.06724E+00
  1.24368E+01  2.17259E-28  1.43259E+06  2.00000E-03 -1.10493E+00
  1.25304E+01  2.17082E-28  1.43181E+06  2.00000E-03 -1.19561E+00
  1.26239E+01  2.17093E-28  1.43186E+06  2.00000E-03 -1.19452E+00
  1.27175E+01  2.17083E-28  1.43182E+06  2.00000E-03 -1.19547E+00
  1.28111E+01  2.17096E-28  1.43188E+06  2.00000E-03 -1.19422E+00
  1.29047E+01  2.17049E-28  1.43167E+06  2.00000E-03 -1.21944E+00
  1.29983E+01  2.17116E-28  1.43196E+06  2.00000E-03 -1.18652E+00
  1.30918E+01  2.17173E-28  1.43220E+06  2.00000E-03 -1.17746E+00
  1.31854E+01  2.17197E-28  1.43231E+06  2.00000E-03 -1.14286E+00
  1.32790E+01  2.17234E-28  1.43247E+06  2.00000E-03 -1.11802E+00
  1.33726E+01  2.17386E-28  1.43314E+06  2.00000E-03 -1.01471E+00
  1.34662E+01  2.17386E-28  1.43314E+06  2.00000E-03 -1.01471E+00
  1.35597E+01  2.17386E-28  1.43314E+06  2.00000E-03 -1.01471E+00
  1.36533E+01  2.17374E-28  1.43309E+06  2.00000E-03 -1.02460E+00
  1.37469E+01  2.17493E-28  1.43361E+06  2.00000E-03 -9.70949E-01
  1.38405E+01  2.17441E-28  1.43338E+06  2.00000E-03 -1.02071E+00
  1.39341E+01  2.17387E-28  1.43314E+06  2.00000E-03 -1.05778E+00
  1.40276E+01  2.17387E-28  1.43314E+06  2.00000E-03 -1.05778E+00
  1.41212E+01  2.17431E-28  1.43333E+06  2.00000E-03 -1.03551E+00
  1.42148E+01  2.17593E-28  1.43405E+06  2.00000E-03 -9.52187E-01
  1.43084E+01  2.17630E-28  1.43421E+06  2.00000E-03 -9.33001E-01
  1.44020E+01  2.17630E-28  1.43421E+06  2.00000E-03 -9.33001E-01
  1.44955E+01  2.17550E-28  1.43386E+06  2.00000E-03 -9.79679E-01
  1.45891E+01  2.17276E-28  1.43266E+06  2.00000E-03 -1.15016E+00
  1.46827E+01  2.16979E-28  1.43135E+06  2.00000E-03 -1.32680E+00
  1.47763E+01  2.16926E-28  1.43111E+06  2.00000E-03 -1.35708E+00
  1.48699E+01  2.16926E-28  1.43111E+06  2.00000E-03 -1.35708E+00
  1.49634E+01  2.16926E-28  1.43111E+06  2.00000E-03 -1.35708E+00
  1.50570E+01  2.17000E-28  1.43144E+06  2.00000E-03 -1.32974E+00
  1.51506E+01  2.17018E-28  1.43151E+06  2.00000E-03 -1.32331E+00
  1.52442E+01  2.16949E-28  1.43121E+06  2.00000E-03 -1.36091E+00
  1.53378E+01  2.16733E-28  1.43026E+06  2.00000E-03 -1.47874E+00
  1.54313E+01  2.16596E-28  1.42966E+06  2.00000E-03 -1.55475E+00
  1.55249E+01  2.16613E-28  1.42973E+06  2.00000E-03 -1.54891E+00
  1.56185E+01  2.16613E-28  1.42973E+06  2.00000E-03 -1.54891E+00
  1.57121E+01  2.16613E-28  1.42973E+06  2.00000E-03 -1.54891E+00
  1.58057E+01  2.16613E-28  1.42973E+06  2.00000E-03 -1.54891E+00
  1.58992E+01  2.16689E-28  1.43006E+06  2.00000E-03 -1.51237E+00
  1.59928E+01  2.16722E-28  1.43021E+06  2.00000E-03 -1.49551E+00
  1.60864E+01  2.16771E-28  1.43042E+06  2.00000E-03 -1.46075E+00
  1.61800E+01  2.16829E-28  1.43068E+06  2.00000E-03 -1.41920E+00
  1.62736E+01  2.16877E-28  1.43089E+06  2.00000E-03 -1.38946E+00
  1.63671E+01  2.16958E-28  1.43124E+06  2.00000E-03 -1.35040E+00
  1.64607E+01  2.16964E-28  1.43127E+06  2.00000E-03 -1.34758E+00
  1.65543E+01  2.16964E-28  1.43127E+06  2.00000E-03 -1.34758E+00
  1.66479E+01  2.16964E-28  1.43127E+06  2.00000E-03 -1.34758E+00
  1.67415E+01  2.16989E-28  1.43138E+06  2.00000E-03 -1.33933E+00
  1.68350E+01  2.17042E-28  1.43161E+06  2.00000E-03 -1.31674E+00
  1.69286E+01  2.17072E-28  1.43174E+06  2.00000E-03 -1.30330E+00
  1.70222E+01  2.17113E-28  1.43192E+06  2.00000E-03 -1.28464E+00
  1.71158E+01  2.17120E-28  1.43195E+06  2.00000E-03 -1.28226E+00
  1.72094E+01  2.16978E-28  1.43133E+06  2.00000E-03 -1.37855E+00
  1.73029E+01  2.16969E-28  1.43129E+06  2.00000E-03 -1.38453E+00
  1.73965E+01  2.16969E-28  1.43129E+06  2.00000E-03 -1.38453E+00
  1.74901E+01  2.16969E-28  1.43129E+06  2.00000E-03 -1.38453E+00
  1.75837E+01  2.16870E-28  1.43085E+06  2.00000E-03 -1.44804E+00
  1.76773E+01  2.16705E-28  1.43012E+06  2.00000E-03 -1.55956E+00
  1.77708E+01  2.16662E-28  1.42993E+06  2.00000E-03 -1.59029E+00
  1.78644E+01  2.16647E-28  1.42987E+06  2.00000E-03 -1.60085E+00
  1.79580E+01  2.16645E-28  1.42986E+06  2.00000E-03 -1.60181E+00
  1.80516E+01  2.16561E-28  1.42949E+06  2.00000E-03 -1.63412E+00
  1.81452E+01  2.16513E-28  1.42928E+06  2.00000E-03 -1.64846E+00
  1.82387E+01  2.16514E-28  1.42928E+06  2.00000E-03 -1.64832E+00
  1.83323E+01  2.16496E-28  1.42920E+06  2.00000E-03 -1.65134E+00
  1.84259E+01  2.16526E-28  1.42934E+06  2.00000E-03 -1.62254E+00
  1.85195E+01  2.16603E-28  1.42967E+06  2.00000E-03 -1.52023E+00
  1.86131E+01  2.16623E-28  1.42976E+06  2.00000E-03 -1.50268E+00
  1.87066E+01  2.16623E-28  1.42976E+06  2.00000E-03 -1.50525E+00
  1.88002E+01  2.16628E-28  1.42978E+06  2.00000E-03 -1.49437E+00
  1.88938E+01  2.16665E-28  1.42994E+06  2.00000E-03 -1.43409E+00
  1.89874E+01  2.16678E-28  1.43000E+06  2.00000E-03 -1.41328E+00
  1.90809E+01  2.16678E-28  1.43000E+06  2.00000E-03 -1.41263E+00
  1.91745E+01  2.16789E-28  1.43049E+06  2.00000E-03 -1.33071E+00
  1.92681E+01  2.16936E-28  1.43114E+06  2.00000E-03 -1.22506E+00
  1.93617E+01  2.17056E-28  1.43166E+06  2.00000E-03 -1.11001E+00
  1.94553E+01  2.17059E-28  1.43168E+06  2.00000E-03 -1.10977E+00
  1.95488E+01  2.17057E-28  1.43167E+06  2.00000E-03 -1.10991E+00
  1.96424E+01  2.17049E-28  1.43163E+06  2.00000E-03 -1.11057E+00
  1.97360E+01  2.17027E-28  1.43154E+06  2.00000E-03 -1.11496E+00
  1.98296E+01  2.16997E-28  1.43140E+06  2.00000E-03 -1.11975E+00
  1.99232E+01  2.17064E-28  1.43170E+06  2.00000E-03 -1.08056E+00
  2.00167E+01  2.17141E-28  1.43204E+06  2.00000E-03 -1.03504E+00
  2.01103E+01  2.17212E-28  1.43235E+06  2.00000E-03 -9.93719E-01
  2.02039E+01  2.17171E-28  1.43217E+06  2.00000E-03 -1.01916E+00
  2.02975E+01  2.17162E-28  1.43213E+06  2.00000E-03 -1.02483E+00
  2.03911E+01  2.17162E-28  1.43213E+06  2.00000E-03 -1.02483E+00
  2.04846E+01  2.17162E-28  1.43213E+06  2.00000E-03 -1.02483E+00
  2.05782E+01  2.17147E-28  1.43206E+06  2.00000E-03 -1.03576E+00
  2.06718E+01  2.17127E-28  1.43198E+06  2.00000E-03 -1.04960E+00
  2.07654E+01  2.17181E-28  1.43221E+06  2.00000E-03 -1.02910E+00
  2.08590E+01  2.17212E-28  1.43235E+06  2.00000E-03 -1.01728E+00
  2.09525E+01  2.17249E-28  1.43251E+06  2.00000E-03 -1.00143E+00
  2.10461E+01  2.17283E-28  1.43266E+06  2.00000E-03 -9.74617E-01
  2.11397E+01  2.17292E-28  1.43271E+06  2.00000E-03 -9.67158E-01
  2.12333E+01  2.17292E-28  1.43271E+06  2.00000E-03 -9.67158E-01
  2.13269E+01  2.17292E-28  1.43271E+06  2.00000E-03 -9.67158E-01
  2.14204E+01  2.17351E-28  1.43297E+06  2.00000E-03 -9.18240E-01
  2.15140E+01  2.17525E-28  1.43374E+06  2.00000E-03 -7.95999E-01
  2.16076E+01  2.17606E-28  1.43410E+06  2.00000E-03 -7.64943E-01
  2.17012E+01  2.17642E-28  1.43426E+06  2.00000E-03 -7.51231E-01
  2.17948E+01  2.17642E-28  1.43426E+06  2.00000E-03 -7.51231E-01
  2.18883E+01  2.17642E-28  1.43426E+06  2.00000E-03 -7.51231E-01
  2.19819E+01  2.17642E-28  1.43426E+06  2.00000E-03 -7.51230E-01
  2.20755E+01  2.17642E-28  1.43426E+06  2.00000E-03 -7.51230E-01
  2.21691E+01  2.17642E-28  1.43426E+06  2.00000E-03 -7.51231E-01
  2.22627E+01  2.17672E-28  1.43439E+06  2.00000E-03 -7.26167E-01
  2.23562E+01  2.17748E-28  1.43471E+06  2.00000E-03 -6.62032E-01
  2.24498E+01  2.17748E-28  1.43471E+06  2.00000E-03 -6.62032E-01
  2.25434E+01  2.17748E-28  1.43471E+06  2.00000E-03 -6.62032E-01
  2.26370E+01  2.17748E-28  1.43471E+06  2.00000E-03 -6.62032E-01
  2.27306E+01  2.17748E-28  1.43471E+06  2.00000E-03 -6.62032E-01
  2.28241E+01  2.17748E-28  1.43471E+06  2.00000E-03 -6.62032E-01
  2.29177E+01  2.17748E-28  1.43471E+06  2.00000E-03 -6.62032E-01
  2.30113E+01  2.17748E-28  1.43471E+06  2.00000E-03 -6.62032E-01
  2.31049E+01  2.17649E-28  1.43428E+06  2.00000E-03 -7.52859E-01
  2.31985E+01  2.17295E-28  1.43272E+06  2.00000E-03 -9.93480E-01
  2.32920E+01  2.17196E-28  1.43229E+06  2.00000E-03 -1.06302E+00
  2.33856E+01  2.17196E-28  1.43229E+06  2.00000E-03 -1.06302E+00
  2.34792E+01  2.17196E-28  1.43229E+06  2.00000E-03 -1.06302E+00
  2.35728E+01  2.17196E-28  1.43229E+06  2.00000E-03 -1.06302E+00
  2.36664E+01  2.17196E-28  1.43229E+06  2.00000E-03 -1.06302E+00
  2.37599E+01  2.17196E-28  1.43229E+06  2.00000E-03 -1.06302E+00
  2.38535E+01  2.17196E-28  1.43229E+06  2.00000E-03 -1.06302E+00
  2.39471E+01  2.17196E-28  1.43229E+06  2.00000E-03 -1.06302E+00
  2.40407E+01  2.16766E-28  1.43039E+06  2.00000E-03 -1.34698E+00
  2.41343E+01  2.16722E-28  1.43020E+06  2.00000E-03 -1.37559E+00
  2.42278E+01  2.16722E-28  1.43020E+06  2.00000E-03 -1.37559E+00
  2.43214E+01  2.16722E-28  1.43020E+06  2.00000E-03 -1.37559E+00
  2.44150E+01  2.16723E-28  1.43020E+06  2.00000E-03 -1.37559E+00
  2.45086E+01  2.16723E-28  1.43020E+06  2.00000E-03 -1.37559E+00
  2.46022E+01  2.16686E-28  1.43004E+06  2.00000E-03 -1.39804E+00
  2.46957E+01  2.16600E-28  1.42966E+06  2.00000E-03 -1.45091E+00
  2.47893E+01  2.16552E-28  1.42945E+06  2.00000E-03 -1.48003E+00
  2.48829E+01  2.16527E-28  1.42934E+06  2.00000E-03 -1.46968E+00
  2.49765E+01  2.16530E-28  1.42935E+06  2.00000E-03 -1.44836E+00
  2.50701E+01  2.16517E-28  1.42930E+06  2.00000E-03 -1.46752E+00
  2.51636E+01  2.16530E-28  1.42935E+06  2.00000E-03 -1.44885E+00
  2.52572E+01  2.16528E-28  1.42934E+06  2.00000E-03 -1.45201E+00
  2.53508E+01  2.16524E-28  1.42933E+06  2.00000E-03 -1.45676E+00
  2.54444E+01  2.16527E-28  1.42934E+06  2.00000E-03 -1.45313E+00
  2.55380E+01  2.16527E-28  1.42934E+06  2.00000E-03 -1.45350E+00
  2.56315E+01  2.16532E-28  1.42936E+06  2.00000E-03 -1.44540E+00
  2.57251E+01  2.16672E-28  1.42998E+06  2.00000E-03 -1.34694E+00
  2.58187E+01  2.16802E-28  1.43055E+06  2.00000E-03 -1.25749E+00
  2.59123E+01  2.16804E-28  1.43056E+06  2.00000E-03 -1.25572E+00
  2.60059E+01  2.16816E-28  1.43061E+06  2.00000E-03 -1.24668E+00
  2.60994E+01  2.16823E-28  1.43064E+06  2.00000E-03 -1.24120E+00
  2.61930E+01  2.16911E-28  1.43103E+06  2.00000E-03 -1.16891E+00
  2.62866E+01  2.17042E-28  1.43161E+06  2.00000E-03 -1.05810E+00
  2.63802E+01  2.17182E-28  1.43222E+06  2.00000E-03 -9.46481E-01
  2.64738E+01  2.17210E-28  1.43234E+06  2.00000E-03 -9.25120E-01
  2.65673E+01  2.17388E-28  1.43313E+06  2.00000E-03 -8.08781E-01
  2.66609E+01  2.17796E-28  1.43492E+06  2.00000E-03 -5.43220E-01
  2.67545E+01  2.17796E-28  1.43492E+06  2.00000E-03 -5.43220E-01
  2.68481E+01  2.17796E-28  1.43492E+06  2.00000E-03 -5.43220E-01
  2.69417E+01  2.17796E-28  1.43492E+06  2.00000E-03 -5.43220E-01
  2.70352E+01  2.17796E-28  1.43492E+06  2.00000E-03 -5.43220E-01
  2.71288E+01  2.17796E-28  1.43492E+06  2.00000E-03 -5.43220E-01
  2.72224E+01  2.17796E-28  1.43492E+06  2.00000E-03 -5.43220E-01
  2.73160E+01  2.17796E-28  1.43492E+06  2.00000E-03 -5.43220E-01
  2.74096E+01  2.17906E-28  1.43540E+06  2.00000E-03 -4.74229E-01
