 -3.63409E+01  2.15140E-28  1.42335E+06  2.00000E-03  7.86846E+00
 -3.62473E+01  2.15140E-28  1.42335E+06  2.00000E-03  7.86846E+00
 -3.61537E+01  2.15140E-28  1.42335E+06  2.00000E-03  7.86846E+00
 -3.60601E+01  2.15143E-28  1.42337E+06  2.00000E-03  7.86884E+00
 -3.59666E+01  2.15173E-28  1.42350E+06  2.00000E-03  7.87287E+00
 -3.58730E+01  2.15193E-28  1.42358E+06  2.00000E-03  7.87553E+00
 -3.57794E+01  2.15193E-28  1.42358E+06  2.00000E-03  7.87553E+00
 -3.56858E+01  2.15193E-28  1.42358E+06  2.00000E-03  7.87553E+00
 -3.55922E+01  2.15193E-28  1.42358E+06  2.00000E-03  7.87553E+00
 -3.54987E+01  2.15193E-28  1.42358E+06  2.00000E-03  7.87553E+00
 -3.54051E+01  2.15193E-28  1.42358E+06  2.00000E-03  7.87553E+00
 -3.53115E+01  2.15245E-28  1.42382E+06  2.00000E-03  7.90471E+00
 -3.52179E+01  2.15315E-28  1.42413E+06  2.00000E-03  7.94444E+00
 -3.51243E+01  2.15323E-28  1.42417E+06  2.00000E-03  7.94896E+00
 -3.50308E+01  2.15323E-28  1.42417E+06  2.00000E-03  7.94895E+00
 -3.49372E+01  2.15352E-28  1.42430E+06  2.00000E-03  7.94343E+00
 -3.48436E+01  2.15461E-28  1.42477E+06  2.00000E-03  7.92255E+00
 -3.47500E+01  2.15496E-28  1.42493E+06  2.00000E-03  7.91586E+00
 -3.46564E+01  2.15496E-28  1.42493E+06  2.00000E-03  7.91586E+00
 -3.45629E+01  2.15496E-28  1.42493E+06  2.00000E-03  7.91586E+00
 -3.44693E+01  2.15442E-28  1.42469E+06  2.00000E-03  7.99049E+00
 -3.43757E+01  2.15426E-28  1.42462E+06  2.00000E-03  8.01238E+00
 -3.42821E+01  2.15431E-28  1.42464E+06  2.00000E-03  8.00598E+00
 -3.41885E+01  2.15504E-28  1.42497E+06  2.00000E-03  8.04565E+00
 -3.40950E+01  2.15753E-28  1.42608E+06  2.00000E-03  8.05358E+00
 -3.40014E+01  2.15841E-28  1.42647E+06  2.00000E-03  8.04256E+00
 -3.39078E+01  2.15859E-28  1.42655E+06  2.00000E-03  8.04154E+00
 -3.38142E+01  2.15937E-28  1.42689E+06  2.00000E-03  8.03712E+00
 -3.37206E+01  2.15964E-28  1.42701E+06  2.00000E-03  8.03564E+00
 -3.36271E+01  2.15964E-28  1.42701E+06  2.00000E-03  8.03564E+00
 -3.35335E+01  2.15964E-28  1.42701E+06  2.00000E-03  8.03564E+00
 -3.34399E+01  2.15964E-28  1.42701E+06  2.00000E-03  8.03564E+00
 -3.33463E+01  2.15964E-28  1.42701E+06  2.00000E-03  8.03564E+00
 -3.32527E+01  2.15964E-28  1.42701E+06  2.00000E-03  8.03564E+00
 -3.31592E+01  2.15964E-28  1.42701E+06  2.00000E-03  8.03564E+00
 -3.30656E+01  2.16135E-28  1.42777E+06  2.00000E-03  8.01402E+00
 -3.29720E+01  2.16418E-28  1.42902E+06  2.00000E-03  7.97842E+00
 -3.28784E+01  2.16579E-28  1.42974E+06  2.00000E-03  7.95815E+00
 -3.27848E+01  2.16545E-28  1.42959E+06  2.00000E-03  8.04367E+00
 -3.26913E+01  2.16527E-28  1.42951E+06  2.00000E-03  8.08792E+00
 -3.25977E+01  2.16527E-28  1.42951E+06  2.00000E-03  8.08792E+00
 -3.25041E+01  2.16527E-28  1.42951E+06  2.00000E-03  8.08792E+00
 -3.24105E+01  2.16527E-28  1.42951E+06  2.00000E-03  8.08792E+00
 -3.23169E+01  2.16527E-28  1.42951E+06  2.00000E-03  8.08792E+00
 -3.22234E+01  2.16527E-28  1.42951E+06  2.00000E-03  8.08792E+00
 -3.21298E+01  2.16527E-28  1.42951E+06  2.00000E-03  8.08792E+00
 -3.20362E+01  2.16527E-28  1.42951E+06  2.00000E-03  8.08792E+00
 -3.19426E+01  2.16633E-28  1.42998E+06  2.00000E-03  8.07991E+00
 -3.18491E+01  2.16963E-28  1.43145E+06  2.00000E-03  8.05509E+00
 -3.17555E+01  2.17176E-28  1.43239E+06  2.00000E-03  8.11818E+00
 -3.16619E+01  2.17044E-28  1.43181E+06  2.00000E-03  8.22225E+00
 -3.15683E+01  2.17059E-28  1.43188E+06  2.00000E-03  8.26290E+00
 -3.14747E+01  2.17103E-28  1.43206E+06  2.00000E-03  8.28431E+00
 -3.13812E+01  2.17166E-28  1.43234E+06  2.00000E-03  8.31562E+00
 -3.12876E+01  2.17177E-28  1.43239E+06  2.00000E-03  8.32132E+00
 -3.11940E+01  2.17262E-28  1.43277E+06  2.00000E-03  8.36322E+00
 -3.11004E+01  2.17267E-28  1.43279E+06  2.00000E-03  8.36573E+00
 -3.10068E+01  2.17267E-28  1.43279E+06  2.00000E-03  8.36573E+00
 -3.09133E+01  2.17267E-28  1.43279E+06  2.00000E-03  8.36573E+00
 -3.08197E+01  2.17267E-28  1.43279E+06  2.00000E-03  8.36573E+00
 -3.07261E+01  2.18031E-28  1.43617E+06  2.00000E-03  8.23683E+00
 -3.06325E+01  2.18297E-28  1.43733E+06  2.00000E-03  8.24656E+00
 -3.05389E+01  2.18272E-28  1.43722E+06  2.00000E-03  8.25891E+00
 -3.04454E+01  2.18272E-28  1.43722E+06  2.00000E-03  8.25891E+00
 -3.03518E+01  2.18272E-28  1.43722E+06  2.00000E-03  8.25891E+00
 -3.02582E+01  2.18272E-28  1.43722E+06  2.00000E-03  8.25891E+00
 -3.01646E+01  2.18272E-28  1.43722E+06  2.00000E-03  8.25891E+00
 -3.00710E+01  2.18272E-28  1.43722E+06  2.00000E-03  8.25891E+00
 -2.99775E+01  2.18272E-28  1.43722E+06  2.00000E-03  8.25891E+00
 -2.98839E+01  2.18272E-28  1.43722E+06  2.00000E-03  8.25891E+00
 -2.97903E+01  2.18272E-28  1.43722E+06  2.00000E-03  8.25891E+00
 -2.96967E+01  2.18373E-28  1.43767E+06  2.00000E-03  8.22513E+00
 -2.96031E+01  2.18858E-28  1.43984E+06  2.00000E-03  8.05390E+00
 -2.95096E+01  2.19444E-28  1.44242E+06  2.00000E-03  7.89735E+00
 -2.94160E+01  2.19478E-28  1.44256E+06  2.00000E-03  7.89025E+00
 -2.93224E+01  2.19478E-28  1.44256E+06  2.00000E-03  7.89025E+00
 -2.92288E+01  2.19478E-28  1.44256E+06  2.00000E-03  7.89025E+00
 -2.91352E+01  2.19478E-28  1.44256E+06  2.00000E-03  7.89025E+00
 -2.90417E+01  2.19477E-28  1.44256E+06  2.00000E-03  7.89025E+00
 -2.89481E+01  2.19478E-28  1.44256E+06  2.00000E-03  7.89025E+00
 -2.88545E+01  2.19478E-28  1.44256E+06  2.00000E-03  7.89025E+00
 -2.87609E+01  2.19478E-28  1.44256E+06  2.00000E-03  7.89025E+00
 -2.86673E+01  2.19493E-28  1.44263E+06  2.00000E-03  7.93547E+00
 -2.85738E+01  2.19162E-28  1.44118E+06  2.00000E-03  7.99674E+00
 -2.84802E+01  2.19559E-28  1.44293E+06  2.00000E-03  7.98362E+00
 -2.83866E+01  2.20246E-28  1.44594E+06  2.00000E-03  7.94351E+00
 -2.82930E+01  2.20479E-28  1.44695E+06  2.00000E-03  8.00812E+00
 -2.81994E+01  2.20479E-28  1.44695E+06  2.00000E-03  8.00812E+00
 -2.81059E+01  2.20451E-28  1.44683E+06  2.00000E-03  8.01583E+00
 -2.80123E+01  2.20086E-28  1.44524E+06  2.00000E-03  8.11549E+00
 -2.79187E+01  2.20056E-28  1.44511E+06  2.00000E-03  8.20430E+00
 -2.78251E+01  2.20296E-28  1.44617E+06  2.00000E-03  8.30441E+00
 -2.77315E+01  2.20378E-28  1.44653E+06  2.00000E-03  8.33872E+00
 -2.76380E+01  2.20378E-28  1.44653E+06  2.00000E-03  8.33872E+00
 -2.75444E+01  2.20239E-28  1.44592E+06  2.00000E-03  8.34688E+00
 -2.74508E+01  2.19823E-28  1.44410E+06  2.00000E-03  8.37131E+00
 -2.73572E+01  2.19862E-28  1.44427E+06  2.00000E-03  8.41685E+00
 -2.72636E+01  2.20044E-28  1.44508E+06  2.00000E-03  8.60676E+00
 -2.71701E+01  2.19970E-28  1.44476E+06  2.00000E-03  8.75252E+00
 -2.70765E+01  2.19944E-28  1.44465E+06  2.00000E-03  8.76041E+00
 -2.69829E+01  2.19659E-28  1.44341E+06  2.00000E-03  8.77273E+00
 -2.68893E+01  2.19442E-28  1.44246E+06  2.00000E-03  8.82961E+00
 -2.67957E+01  2.19435E-28  1.44243E+06  2.00000E-03  8.92921E+00
 -2.67022E+01  2.19436E-28  1.44243E+06  2.00000E-03  9.07374E+00
 -2.66086E+01  2.19437E-28  1.44244E+06  2.00000E-03  9.19873E+00
 -2.65150E+01  2.19383E-28  1.44220E+06  2.00000E-03  9.17552E+00
 -2.64214E+01  2.19153E-28  1.44121E+06  2.00000E-03  9.07700E+00
 -2.63278E+01  2.19078E-28  1.44088E+06  2.00000E-03  9.04462E+00
 -2.62343E+01  2.19066E-28  1.44085E+06  2.00000E-03  9.10784E+00
 -2.61407E+01  2.19028E-28  1.44077E+06  2.00000E-03  9.32410E+00
 -2.60471E+01  2.19013E-28  1.44074E+06  2.00000E-03  9.40475E+00
 -2.59535E+01  2.18901E-28  1.44025E+06  2.00000E-03  9.33654E+00
 -2.58599E+01  2.18746E-28  1.43957E+06  2.00000E-03  9.24211E+00
 -2.57664E+01  2.18686E-28  1.43930E+06  2.00000E-03  9.22784E+00
 -2.56728E+01  2.18601E-28  1.43889E+06  2.00000E-03  9.33870E+00
 -2.55792E+01  2.18489E-28  1.43820E+06  2.00000E-03  9.58833E+00
 -2.54856E+01  2.18349E-28  1.43760E+06  2.00000E-03  9.78704E+00
 -2.53920E+01  2.18101E-28  1.43665E+06  2.00000E-03  9.72749E+00
 -2.52985E+01  2.18037E-28  1.43639E+06  2.00000E-03  9.64696E+00
 -2.52049E+01  2.18037E-28  1.43639E+06  2.00000E-03  9.64696E+00
 -2.51113E+01  2.18029E-28  1.43636E+06  2.00000E-03  9.65534E+00
 -2.50177E+01  2.17859E-28  1.43578E+06  2.00000E-03  9.84141E+00
 -2.49241E+01  2.17656E-28  1.43500E+06  2.00000E-03  9.96384E+00
 -2.48306E+01  2.17582E-28  1.43459E+06  2.00000E-03  9.87280E+00
 -2.47370E+01  2.17547E-28  1.43441E+06  2.00000E-03  9.82984E+00
 -2.46434E+01  2.17547E-28  1.43441E+06  2.00000E-03  9.82984E+00
 -2.45498E+01  2.17508E-28  1.43424E+06  1.99996E-03  9.91630E+00
 -2.44562E+01  2.17393E-28  1.43373E+06  1.99983E-03  1.01772E+01
 -2.43627E+01  2.17219E-28  1.43313E+06  1.99975E-03  1.03602E+01
 -2.42691E+01  2.16987E-28  1.43245E+06  1.99986E-03  1.02168E+01
 -2.41755E+01  2.16901E-28  1.43212E+06  1.99990E-03  1.02020E+01
 -2.40819E+01  2.16853E-28  1.43191E+06  1.99992E-03  1.02069E+01
 -2.39883E+01  2.16795E-28  1.43165E+06  1.99995E-03  1.02128E+01
 -2.38948E+01  2.16545E-28  1.43126E+06  2.00000E-03  1.03883E+01
 -2.38012E+01  2.16321E-28  1.43096E+06  2.00000E-03  1.04802E+01
 -2.37076E+01  2.16314E-28  1.43076E+06  2.00000E-03  1.04105E+01
 -2.36140E+01  2.16314E-28  1.43076E+06  2.00000E-03  1.04105E+01
 -2.35204E+01  2.16314E-28  1.43076E+06  2.00000E-03  1.04105E+01
 -2.34269E+01  2.16314E-28  1.43076E+06  2.00000E-03  1.04105E+01
 -2.33333E+01  2.16182E-28  1.43081E+06  2.00000E-03  1.05270E+01
 -2.32397E+01  2.16096E-28  1.43046E+06  2.00000E-03  1.05493E+01
 -2.31461E+01  2.16089E-28  1.43048E+06  2.00000E-03  1.05763E+01
 -2.30525E+01  2.16089E-28  1.43048E+06  2.00000E-03  1.05763E+01
 -2.29590E+01  2.16089E-28  1.43048E+06  2.00000E-03  1.05763E+01
 -2.28654E+01  2.16044E-28  1.42991E+06  2.00000E-03  1.06230E+01
 -2.27718E+01  2.15844E-28  1.42857E+06  2.00000E-03  1.06669E+01
 -2.26782E+01  2.15740E-28  1.42740E+06  2.00000E-03  1.08939E+01
 -2.25846E+01  2.15755E-28  1.42745E+06  2.00000E-03  1.09421E+01
 -2.24911E+01  2.15655E-28  1.42618E+06  2.00000E-03  1.10747E+01
 -2.23975E+01  2.15645E-28  1.42605E+06  2.00000E-03  1.10887E+01
 -2.23039E+01  2.15609E-28  1.42588E+06  2.00000E-03  1.10766E+01
 -2.22103E+01  2.15275E-28  1.42431E+06  2.00000E-03  1.09976E+01
 -2.21167E+01  2.15397E-28  1.42488E+06  2.00000E-03  1.11228E+01
 -2.20232E+01  2.15404E-28  1.42492E+06  2.00000E-03  1.11285E+01
 -2.19296E+01  2.15404E-28  1.42492E+06  2.00000E-03  1.11285E+01
 -2.18360E+01  2.15404E-28  1.42492E+06  2.00000E-03  1.11285E+01
 -2.17424E+01  2.15124E-28  1.42366E+06  2.00000E-03  1.10275E+01
 -2.16488E+01  2.14793E-28  1.42219E+06  2.00000E-03  1.09133E+01
 -2.15553E+01  2.14980E-28  1.42311E+06  2.00000E-03  1.09965E+01
 -2.14617E+01  2.14986E-28  1.42314E+06  2.00000E-03  1.09987E+01
 -2.13681E+01  2.14771E-28  1.42209E+06  2.00000E-03  1.11861E+01
 -2.12745E+01  2.14725E-28  1.42189E+06  2.00000E-03  1.11623E+01
 -2.11809E+01  2.14145E-28  1.41926E+06  2.00000E-03  1.10343E+01
 -2.10874E+01  2.13725E-28  1.41735E+06  2.00000E-03  1.10350E+01
 -2.09938E+01  2.14044E-28  1.41872E+06  2.00000E-03  1.12516E+01
 -2.09002E+01  2.13806E-28  1.41766E+06  2.00000E-03  1.11638E+01
 -2.08066E+01  2.13636E-28  1.41692E+06  2.00000E-03  1.11230E+01
 -2.07130E+01  2.13690E-28  1.41719E+06  2.00000E-03  1.11819E+01
 -2.06195E+01  2.13142E-28  1.41481E+06  2.00000E-03  1.10644E+01
 -2.05259E+01  2.12934E-28  1.41390E+06  2.00000E-03  1.10185E+01
 -2.04323E+01  2.12871E-28  1.41367E+06  2.00000E-03  1.10579E+01
 -2.03387E+01  2.12320E-28  1.41124E+06  2.00000E-03  1.09165E+01
 -2.02451E+01  2.12222E-28  1.41081E+06  2.00000E-03  1.09820E+01
 -2.01516E+01  2.12160E-28  1.41055E+06  2.00000E-03  1.09832E+01
 -2.00580E+01  2.11667E-28  1.40837E+06  2.00000E-03  1.07112E+01
 -1.99644E+01  2.11629E-28  1.40820E+06  2.00000E-03  1.06918E+01
 -1.98708E+01  2.11299E-28  1.40675E+06  2.00000E-03  1.07065E+01
 -1.97772E+01  2.10892E-28  1.40494E+06  2.00000E-03  1.05883E+01
 -1.96837E+01  2.10814E-28  1.40460E+06  2.00000E-03  1.05921E+01
 -1.95901E+01  2.10322E-28  1.40242E+06  2.00000E-03  1.04728E+01
 -1.94965E+01  2.10110E-28  1.40148E+06  2.00000E-03  1.03285E+01
 -1.94029E+01  2.10017E-28  1.40107E+06  2.00000E-03  1.02671E+01
 -1.93093E+01  2.09693E-28  1.39963E+06  2.00000E-03  1.00471E+01
 -1.92158E+01  2.09481E-28  1.39869E+06  2.00000E-03  9.88949E+00
 -1.91222E+01  2.09154E-28  1.39725E+06  2.00000E-03  9.90599E+00
 -1.90286E+01  2.08705E-28  1.39526E+06  2.00000E-03  9.69392E+00
 -1.89350E+01  2.08423E-28  1.39401E+06  2.00000E-03  9.51954E+00
 -1.88414E+01  2.08138E-28  1.39274E+06  2.00000E-03  9.47743E+00
 -1.87479E+01  2.07509E-28  1.38994E+06  2.00000E-03  9.09753E+00
 -1.86543E+01  2.07364E-28  1.38930E+06  2.00000E-03  8.99026E+00
 -1.85607E+01  2.07031E-28  1.38782E+06  2.00000E-03  8.69202E+00
 -1.84671E+01  2.06367E-28  1.38487E+06  2.00000E-03  8.32646E+00
 -1.83736E+01  2.06167E-28  1.38398E+06  2.00000E-03  8.37520E+00
 -1.82800E+01  2.05809E-28  1.38238E+06  2.00000E-03  8.04596E+00
 -1.81864E+01  2.05257E-28  1.37990E+06  2.00000E-03  7.62300E+00
 -1.80928E+01  2.04860E-28  1.37810E+06  2.00000E-03  7.54220E+00
 -1.79992E+01  2.04571E-28  1.37681E+06  2.00000E-03  7.19916E+00
 -1.79057E+01  2.04214E-28  1.37529E+06  2.00000E-03  6.83105E+00
 -1.78121E+01  2.04109E-28  1.37488E+06  2.00000E-03  6.72000E+00
 -1.77185E+01  2.03600E-28  1.37261E+06  2.00000E-03  6.22904E+00
 -1.76249E+01  2.03201E-28  1.37068E+06  2.00000E-03  6.05786E+00
 -1.75313E+01  2.02929E-28  1.36930E+06  2.00000E-03  5.83152E+00
 -1.74378E+01  2.02775E-28  1.36854E+06  2.00000E-03  5.46111E+00
 -1.73442E+01  2.02282E-28  1.36647E+06  2.00000E-03  5.33809E+00
 -1.72506E+01  2.02193E-28  1.36619E+06  2.00000E-03  5.18035E+00
 -1.71570E+01  2.02112E-28  1.36597E+06  2.00000E-03  4.86552E+00
 -1.70634E+01  2.01999E-28  1.36572E+06  1.99995E-03  4.74995E+00
 -1.69699E+01  2.01677E-28  1.36416E+06  1.99991E-03  4.45652E+00
 -1.68763E+01  2.01680E-28  1.36401E+06  1.99989E-03  4.12021E+00
 -1.67827E+01  2.01571E-28  1.36374E+06  1.99975E-03  4.08077E+00
 -1.66891E+01  2.01189E-28  1.36498E+06  1.99973E-03  3.83428E+00
 -1.65955E+01  2.00977E-28  1.36565E+06  1.99984E-03  3.49818E+00
 -1.65020E+01  2.01404E-28  1.36216E+06  1.99872E-03  3.62783E+00
 -1.64084E+01  2.03670E-28  1.34775E+06  1.99400E-03  3.64233E+00
 -1.63148E+01  2.04392E-28  1.34363E+06  1.99268E-03  3.47124E+00
 -1.62212E+01  2.07178E-28  1.32403E+06  1.98550E-03  2.90511E+00
 -1.61276E+01  2.21076E-28  1.24251E+06  1.95253E-03  3.77698E+00
 -1.60341E+01  2.21161E-28  1.24112E+06  1.95133E-03  2.83209E+00
 -1.59405E+01  2.23355E-28  1.23006E+06  1.94297E-03  1.88839E+00
 -1.58469E+01  2.38286E-28  1.15622E+06  1.90515E-03  1.56025E+00
 -1.57533E+01  2.41969E-28  1.13925E+06  1.89694E-03  1.69278E+00
 -1.56597E+01  2.41076E-28  1.14760E+06  1.90352E-03  8.95333E-01
 -1.55662E+01  2.27583E-28  1.22122E+06  1.93938E-03 -9.80299E-01
 -1.54726E+01  2.19117E-28  1.26813E+06  1.95939E-03 -1.76175E+00
 -1.53790E+01  2.14230E-28  1.30383E+06  1.97352E-03 -1.89029E+00
 -1.52854E+01  2.07035E-28  1.35638E+06  1.99317E-03 -2.45337E+00
 -1.51918E+01  2.05052E-28  1.36956E+06  1.99803E-03 -2.44257E+00
 -1.50983E+01  2.05425E-28  1.37452E+06  1.99857E-03 -1.64612E+00
 -1.50047E+01  2.05777E-28  1.38116E+06  1.99951E-03 -9.62269E-01
 -1.49111E+01  2.05807E-28  1.38191E+06  1.99963E-03 -9.10551E-01
 -1.48175E+01  2.06294E-28  1.38472E+06  1.99984E-03  3.48307E-01
 -1.47239E+01  2.06734E-28  1.38667E+06  1.99997E-03  1.17269E+00
 -1.46304E+01  2.06933E-28  1.38751E+06  1.99997E-03  1.33670E+00
 -1.45368E+01  2.07275E-28  1.38893E+06  1.99999E-03  2.32067E+00
 -1.44432E+01  2.07337E-28  1.38914E+06  2.00000E-03  3.07997E+00
 -1.43496E+01  2.07614E-28  1.39035E+06  2.00000E-03  3.57861E+00
 -1.42560E+01  2.07900E-28  1.39167E+06  2.00000E-03  4.16595E+00
 -1.41625E+01  2.08029E-28  1.39226E+06  2.00000E-03  4.73039E+00
 -1.40689E+01  2.08225E-28  1.39316E+06  2.00000E-03  4.98450E+00
 -1.39753E+01  2.07860E-28  1.39156E+06  2.00000E-03  5.52129E+00
 -1.38817E+01  2.07771E-28  1.39112E+06  2.00000E-03  5.84195E+00
 -1.37881E+01  2.07452E-28  1.38967E+06  2.00000E-03  6.29994E+00
 -1.36946E+01  2.06989E-28  1.38760E+06  2.00000E-03  6.42932E+00
 -1.36010E+01  2.06866E-28  1.38704E+06  2.00000E-03  6.18031E+00
 -1.35074E+01  2.06259E-28  1.38433E+06  2.00000E-03  5.92579E+00
 -1.34138E+01  2.05433E-28  1.38055E+06  2.00000E-03  5.15949E+00
 -1.33202E+01  2.04763E-28  1.37754E+06  2.00000E-03  4.32743E+00
 -1.32267E+01  2.04913E-28  1.37851E+06  1.99999E-03  3.13039E+00
 -1.31331E+01  2.04975E-28  1.37905E+06  1.99977E-03  1.28698E+00
 -1.30395E+01  2.04373E-28  1.37781E+06  1.99860E-03 -1.50050E+00
 -1.29459E+01  2.06456E-28  1.38180E+06  1.99842E-03  2.94642E+00
 -1.28523E+01  2.08736E-28  1.38864E+06  1.99697E-03  5.45623E+00
 -1.27588E+01  2.11966E-28  1.39704E+06  1.99389E-03  1.19182E+01
 -1.26652E+01  2.11862E-28  1.41117E+06  1.99932E-03  1.63265E+01
 -1.25716E+01  2.11806E-28  1.41048E+06  1.99965E-03  1.92945E+01
 -1.24780E+01  2.11456E-28  1.40883E+06  1.99998E-03  2.06279E+01
 -1.23844E+01  2.11009E-28  1.40553E+06  2.00000E-03  2.08818E+01
 -1.22909E+01  2.10436E-28  1.40292E+06  2.00000E-03  2.06611E+01
 -1.21973E+01  2.09767E-28  1.39996E+06  2.00000E-03  2.02023E+01
 -1.21037E+01  2.09252E-28  1.39766E+06  2.00000E-03  1.97575E+01
 -1.20101E+01  2.08989E-28  1.39648E+06  2.00000E-03  1.95245E+01
 -1.19165E+01  2.08561E-28  1.39458E+06  2.00000E-03  1.93371E+01
 -1.18230E+01  2.08331E-28  1.39356E+06  2.00000E-03  1.93318E+01
 -1.17294E+01  2.08238E-28  1.39313E+06  1.99999E-03  1.95063E+01
 -1.16358E+01  2.08266E-28  1.39325E+06  1.99999E-03  1.98058E+01
 -1.15422E+01  2.08042E-28  1.39230E+06  1.99998E-03  2.04987E+01
 -1.14486E+01  2.07767E-28  1.39102E+06  1.99999E-03  2.12443E+01
 -1.13551E+01  2.07762E-28  1.39107E+06  1.99998E-03  2.22385E+01
 -1.12615E+01  2.07653E-28  1.39060E+06  1.99998E-03  2.32402E+01
 -1.11679E+01  2.07349E-28  1.38934E+06  1.99997E-03  2.49333E+01
 -1.10743E+01  2.07025E-28  1.38790E+06  1.99996E-03  2.63988E+01
 -1.09807E+01  2.06828E-28  1.38699E+06  1.99995E-03  2.77969E+01
 -1.08872E+01  2.06490E-28  1.38523E+06  1.99994E-03  2.90368E+01
 -1.07936E+01  2.06049E-28  1.38352E+06  1.99993E-03  3.07220E+01
 -1.07000E+01  2.05236E-28  1.38293E+06  1.99974E-03  3.27595E+01
 -1.06064E+01  2.04719E-28  1.38300E+06  1.99920E-03  3.40270E+01
 -1.05128E+01  2.05783E-28  1.37128E+06  1.99533E-03  3.64765E+01
 -1.04193E+01  2.13002E-28  1.31782E+06  1.97990E-03  3.98349E+01
 -1.03257E+01  2.28233E-28  1.22476E+06  1.94911E-03  4.32002E+01
 -1.02321E+01  2.91708E-28  9.55585E+05  1.83152E-03  4.88855E+01
 -1.01385E+01  4.60007E-28  6.08376E+05  1.59414E-03  5.10386E+01
 -1.00449E+01  7.33605E-28  3.80538E+05  1.42530E-03  4.90022E+01
 -9.95136E+00  7.39217E-28  3.76812E+05  1.41183E-03  4.48499E+01
 -9.85778E+00  5.20039E-28  5.34389E+05  1.50115E-03  3.84808E+01
 -9.76420E+00  4.58372E-28  6.04478E+05  1.58504E-03  3.30947E+01
 -9.67062E+00  4.25457E-28  6.44885E+05  1.65503E-03  2.99266E+01
 -9.57704E+00  4.07838E-28  6.69934E+05  1.72150E-03  2.72046E+01
 -9.48347E+00  3.84705E-28  7.08510E+05  1.73466E-03  2.39876E+01
 -9.38988E+00  3.78538E-28  7.19534E+05  1.72813E-03  2.68877E+01
 -9.29631E+00  3.37280E-28  8.10124E+05  1.72769E-03  2.74330E+01
 -9.20273E+00  3.24668E-28  8.45939E+05  1.70443E-03  2.40134E+01
 -9.10915E+00  3.37022E-28  8.13629E+05  1.68306E-03  2.70534E+01
 -9.01557E+00  3.38904E-28  8.02172E+05  1.67293E-03  2.99190E+01
 -8.92199E+00  3.73582E-28  7.24951E+05  1.64133E-03  3.57823E+01
 -8.82841E+00  4.34160E-28  6.14792E+05  1.58766E-03  4.25659E+01
 -8.73483E+00  4.52721E-28  5.84113E+05  1.58114E-03  4.43582E+01
 -8.64125E+00  5.27644E-28  4.81109E+05  1.54553E-03  4.99451E+01
 -8.54767E+00  7.29264E-28  3.34496E+05  1.46267E-03  5.52298E+01
 -8.45409E+00  9.12105E-28  2.63315E+05  1.41203E-03  5.55253E+01
 -8.36051E+00  1.80554E-27  1.30448E+05  1.32796E-03  6.30725E+01
 -8.26693E+00  3.24009E-27  7.64650E+04  1.29698E-03  6.86253E+01
 -8.17335E+00  3.31975E-27  8.31250E+04  1.30161E-03  6.66857E+01
 -8.07977E+00  1.54743E-27  1.97433E+05  1.35079E-03  6.12892E+01
 -7.98619E+00  9.00483E-28  3.55004E+05  1.38634E-03  6.33894E+01
 -7.89261E+00  4.23776E-28  7.71539E+05  1.53266E-03  6.38248E+01
 -7.79903E+00  2.73556E-28  1.19250E+06  1.81817E-03  6.47701E+01
 -7.70545E+00  2.42219E-28  1.33074E+06  1.93749E-03  6.14172E+01
 -7.61187E+00  2.32321E-28  1.37490E+06  1.95894E-03  5.62160E+01
 -7.51829E+00  2.63983E-28  1.20353E+06  1.89274E-03  5.50705E+01
 -7.42471E+00  3.20336E-28  9.80387E+05  1.79132E-03  5.98055E+01
 -7.33113E+00  4.35778E-28  7.06040E+05  1.62374E-03  6.80839E+01
 -7.23755E+00  4.42582E-28  6.68414E+05  1.57338E-03  7.12227E+01
 -7.14397E+00  4.55503E-28  6.02365E+05  1.51903E-03  7.28478E+01
 -7.05039E+00  4.97254E-28  5.16038E+05  1.50104E-03  6.71003E+01
 -6.95681E+00  1.06241E-27  2.15469E+05  1.34658E-03  6.45184E+01
 -6.86323E+00  2.94334E-27  6.97646E+04  1.26661E-03  6.71491E+01
 -6.76965E+00  6.98055E-27  2.50535E+04  1.24760E-03  6.79716E+01
 -6.67607E+00  8.84798E-27  1.84619E+04  1.25032E-03  6.65017E+01
 -6.58249E+00  9.64113E-27  1.76682E+04  1.24847E-03  6.53863E+01
 -6.48891E+00  9.55642E-27  1.97272E+04  1.23630E-03  6.47968E+01
 -6.39533E+00  8.79585E-27  2.44258E+04  1.22890E-03  6.75655E+01
 -6.30175E+00  9.09220E-27  2.63068E+04  1.22620E-03  7.07888E+01
 -6.20817E+00  8.34904E-27  2.91877E+04  1.21931E-03  7.20051E+01
 -6.11459E+00  8.80615E-27  2.79196E+04  1.21364E-03  7.31762E+01
 -6.02101E+00  1.06653E-26  2.05362E+04  1.20986E-03  8.08941E+01
 -5.92743E+00  9.78168E-27  2.10631E+04  1.20996E-03  8.06129E+01
 -5.83385E+00  9.50151E-27  1.98123E+04  1.21006E-03  8.14258E+01
 -5.74027E+00  9.29291E-27  1.71008E+04  1.20987E-03  8.55288E+01
 -5.64669E+00  8.12499E-27  1.86602E+04  1.22432E-03  8.96828E+01
 -5.55311E+00  9.65333E-27  1.89641E+04  1.24861E-03  9.02485E+01
 -5.45953E+00  1.17162E-26  1.84836E+04  1.25974E-03  8.80458E+01
 -5.36595E+00  9.77201E-27  2.40120E+04  1.26775E-03  8.23206E+01
 -5.27237E+00  3.20791E-27  7.78194E+04  1.30068E-03  7.69003E+01
 -5.17879E+00  9.53626E-28  2.69388E+05  1.39936E-03  7.41528E+01
 -5.08521E+00  2.50485E-28  1.04466E+06  1.81603E-03  6.71759E+01
 -4.99163E+00  2.05204E-28  1.31269E+06  1.96034E-03  6.48173E+01
 -4.89805E+00  2.00572E-28  1.36222E+06  1.98532E-03  6.46341E+01
 -4.80447E+00  2.06363E-28  1.33578E+06  1.98249E-03  6.63520E+01
 -4.71089E+00  2.08606E-28  1.33351E+06  1.98352E-03  6.80297E+01
 -4.61731E+00  2.12862E-28  1.30687E+06  1.97596E-03  6.82716E+01
 -4.52373E+00  2.22045E-28  1.25568E+06  1.95997E-03  6.80835E+01
 -4.43015E+00  2.34912E-28  1.19177E+06  1.93906E-03  6.81933E+01
 -4.33657E+00  2.48940E-28  1.12765E+06  1.91885E-03  6.77169E+01
 -4.24299E+00  2.88505E-28  9.74334E+05  1.87653E-03  6.57566E+01
 -4.14941E+00  3.00184E-28  9.37917E+05  1.87365E-03  6.25330E+01
 -4.05583E+00  2.58857E-28  1.09333E+06  1.92304E-03  5.89640E+01
 -3.96225E+00  2.20320E-28  1.28756E+06  1.97330E-03  5.54680E+01
 -3.86867E+00  2.08040E-28  1.36446E+06  1.99336E-03  5.14540E+01
 -3.77509E+00  2.06374E-28  1.37662E+06  1.99545E-03  4.80178E+01
 -3.68151E+00  2.08097E-28  1.36282E+06  1.98915E-03  4.37836E+01
 -3.58793E+00  2.12377E-28  1.33017E+06  1.97517E-03  4.04690E+01
 -3.49435E+00  2.34119E-28  1.19190E+06  1.91841E-03  3.63778E+01
 -3.40077E+00  3.06770E-28  8.93821E+05  1.77737E-03  3.48581E+01
 -3.30719E+00  3.81386E-28  7.11905E+05  1.68920E-03  3.59970E+01
 -3.21361E+00  4.59942E-28  5.90324E+05  1.64157E-03  3.93760E+01
 -3.12003E+00  4.62028E-28  5.94989E+05  1.64245E-03  4.34557E+01
 -3.02645E+00  4.97405E-28  5.60403E+05  1.63151E-03  4.53672E+01
 -2.93288E+00  5.02428E-28  5.57402E+05  1.63613E-03  4.51582E+01
 -2.83930E+00  4.28910E-28  6.54857E+05  1.68249E-03  4.39702E+01
 -2.74572E+00  2.77799E-28  1.01017E+06  1.82779E-03  4.18550E+01
 -2.65214E+00  2.21186E-28  1.26775E+06  1.94473E-03  3.93236E+01
 -2.55856E+00  2.11123E-28  1.32502E+06  1.97389E-03  3.78870E+01
 -2.46498E+00  2.11635E-28  1.31578E+06  1.97558E-03  3.89248E+01
 -2.37140E+00  2.17046E-28  1.27794E+06  1.96530E-03  4.03581E+01
 -2.27782E+00  2.27998E-28  1.21853E+06  1.94292E-03  4.27673E+01
 -2.18424E+00  2.43029E-28  1.14416E+06  1.91218E-03  4.51506E+01
 -2.09066E+00  2.60867E-28  1.07262E+06  1.87957E-03  4.68984E+01
 -1.99708E+00  2.69958E-28  1.04000E+06  1.86676E-03  4.85918E+01
 -1.90350E+00  2.71997E-28  1.02787E+06  1.86299E-03  5.12542E+01
 -1.80992E+00  2.69323E-28  1.03425E+06  1.86844E-03  5.57558E+01
 -1.71634E+00  2.65642E-28  1.04308E+06  1.87399E-03  6.00822E+01
 -1.62276E+00  2.58049E-28  1.05541E+06  1.88258E-03  6.58634E+01
 -1.52918E+00  2.51454E-28  1.06212E+06  1.88418E-03  7.13359E+01
 -1.43560E+00  2.46721E-28  1.05619E+06  1.88157E-03  7.66842E+01
 -1.34202E+00  2.45891E-28  1.02129E+06  1.86984E-03  8.10112E+01
 -1.24844E+00  2.49274E-28  9.89018E+05  1.85533E-03  8.13617E+01
 -1.15486E+00  2.72451E-28  8.75231E+05  1.81685E-03  7.85136E+01
 -1.06128E+00  3.28192E-28  7.01068E+05  1.73901E-03  7.66035E+01
 -9.67698E-01  6.47222E-28  3.37908E+05  1.55400E-03  7.25521E+01
 -8.74118E-01  1.61463E-27  1.35059E+05  1.46652E-03  6.74468E+01
 -7.80538E-01  1.90130E-27  1.13394E+05  1.46264E-03  6.62592E+01
 -6.86959E-01  1.83538E-27  1.17062E+05  1.46816E-03  6.47426E+01
 -5.93379E-01  1.35557E-27  1.61328E+05  1.48236E-03  6.18388E+01
 -4.99799E-01  9.79199E-28  2.25354E+05  1.49118E-03  5.87403E+01
 -4.06219E-01  8.48415E-28  2.66159E+05  1.48354E-03  5.81956E+01
 -3.12639E-01  7.26653E-28  3.11605E+05  1.48940E-03  5.91073E+01
 -2.19059E-01  4.68301E-28  4.95346E+05  1.55271E-03  5.90647E+01
 -1.25479E-01  3.71186E-28  6.14704E+05  1.61934E-03  6.05705E+01
 -3.18996E-02  3.36415E-28  6.52887E+05  1.63888E-03  6.38732E+01
  6.16802E-02  3.21906E-28  6.03518E+05  1.63373E-03  7.49913E+01
  1.55260E-01  3.68630E-28  4.56506E+05  1.58526E-03  8.62331E+01
  2.48840E-01  5.73492E-28  1.94209E+05  1.43701E-03  9.45795E+01
  3.42420E-01  8.20185E-28  8.29851E+04  1.33325E-03  9.09139E+01
  4.36000E-01  8.63036E-28  4.57934E+04  1.29611E-03  9.10864E+01
  5.29580E-01  8.28213E-28  4.49914E+04  1.29520E-03  9.12746E+01
  6.23159E-01  9.62931E-28  4.30033E+04  1.28071E-03  8.63679E+01
  7.16739E-01  1.01914E-27  5.43662E+04  1.28291E-03  8.82710E+01
  8.10319E-01  8.08382E-28  8.00839E+04  1.31771E-03  9.76376E+01
  9.03899E-01  7.29323E-28  8.92250E+04  1.33526E-03  1.04853E+02
  9.97479E-01  8.43245E-28  6.95656E+04  1.30279E-03  1.05419E+02
  1.09106E+00  1.07065E-27  5.93081E+04  1.29859E-03  1.06428E+02
  1.18464E+00  1.81137E-27  4.15287E+04  1.27557E-03  1.02142E+02
  1.27822E+00  4.63147E-27  2.49617E+04  1.22383E-03  8.84616E+01
  1.37180E+00  7.88668E-27  2.07019E+04  1.21268E-03  8.44073E+01
  1.46538E+00  1.40029E-26  1.46684E+04  1.20749E-03  7.86999E+01
  1.55896E+00  1.51535E-26  1.39501E+04  1.20296E-03  7.69175E+01
  1.65254E+00  1.54707E-26  1.37849E+04  1.16957E-03  7.81088E+01
  1.74612E+00  1.65221E-26  1.37012E+04  1.16039E-03  7.86950E+01
  1.83970E+00  1.78125E-26  1.36527E+04  1.15521E-03  7.98434E+01
  1.93328E+00  1.94536E-26  1.35969E+04  1.15487E-03  8.13415E+01
  2.02686E+00  2.00621E-26  1.35239E+04  1.15873E-03  8.27771E+01
  2.12044E+00  2.04218E-26  1.34974E+04  1.16241E-03  8.43218E+01
  2.21402E+00  2.04811E-26  1.35087E+04  1.16790E-03  8.51922E+01
  2.30760E+00  2.12013E-26  1.35334E+04  1.18219E-03  8.58561E+01
  2.40118E+00  2.18166E-26  1.35260E+04  1.20630E-03  8.58665E+01
  2.49476E+00  2.05382E-26  1.35029E+04  1.22646E-03  8.60705E+01
  2.58834E+00  1.79037E-26  1.35252E+04  1.25154E-03  8.62925E+01
  2.68192E+00  1.51200E-26  1.38833E+04  1.28223E-03  8.60706E+01
  2.77550E+00  1.41578E-26  1.42478E+04  1.30774E-03  8.48992E+01
  2.86908E+00  1.21142E-26  1.43684E+04  1.30784E-03  8.53401E+01
  2.96266E+00  1.10442E-26  1.36920E+04  1.28635E-03  8.59839E+01
  3.05624E+00  1.04409E-26  1.33143E+04  1.24171E-03  8.81619E+01
  3.14982E+00  9.96277E-27  1.31555E+04  1.20443E-03  9.10437E+01
  3.24340E+00  9.51150E-27  1.32577E+04  1.18769E-03  9.26273E+01
  3.33698E+00  9.18263E-27  1.34325E+04  1.18351E-03  9.37553E+01
  3.43056E+00  8.81483E-27  1.37895E+04  1.18239E-03  9.48797E+01
  3.52413E+00  1.18575E-26  1.47065E+04  1.18936E-03  9.08673E+01
  3.61771E+00  2.33334E-26  1.42797E+04  1.16098E-03  8.21681E+01
  3.71129E+00  2.85535E-26  1.35080E+04  1.16022E-03  7.82678E+01
  3.80487E+00  2.45993E-26  1.44490E+04  1.22918E-03  7.75800E+01
  3.89845E+00  1.61596E-26  1.89856E+04  1.28056E-03  7.89657E+01
  3.99203E+00  9.41072E-27  3.43609E+04  1.28747E-03  7.83846E+01
  4.08561E+00  3.88097E-27  9.66843E+04  1.31030E-03  7.01272E+01
  4.17919E+00  2.09125E-27  1.79251E+05  1.36465E-03  5.35175E+01
  4.27277E+00  1.19073E-27  3.00766E+05  1.43837E-03  4.70422E+01
  4.36635E+00  5.25954E-28  6.73524E+05  1.61267E-03  4.53778E+01
  4.45993E+00  3.81135E-28  9.23964E+05  1.71592E-03  4.75368E+01
  4.55351E+00  3.38706E-28  1.03235E+06  1.76668E-03  5.03718E+01
  4.64709E+00  3.10329E-28  1.11602E+06  1.81008E-03  5.36397E+01
  4.74067E+00  3.01213E-28  1.13342E+06  1.82344E-03  5.63526E+01
  4.83425E+00  3.11091E-28  1.07996E+06  1.80002E-03  5.88222E+01
  4.92783E+00  3.25206E-28  1.01236E+06  1.76645E-03  5.96341E+01
  5.02141E+00  3.40607E-28  9.45677E+05  1.73107E-03  5.91669E+01
  5.11499E+00  3.44917E-28  9.14857E+05  1.71921E-03  5.88268E+01
  5.20857E+00  3.44808E-28  8.94197E+05  1.72047E-03  5.85553E+01
  5.30215E+00  3.46784E-28  8.65264E+05  1.71979E-03  5.74311E+01
  5.39573E+00  3.47857E-28  8.28168E+05  1.71623E-03  5.52837E+01
  5.48931E+00  3.43295E-28  7.96844E+05  1.71320E-03  5.10338E+01
  5.58289E+00  3.31080E-28  7.78586E+05  1.71431E-03  4.41928E+01
  5.67647E+00  3.24864E-28  7.40487E+05  1.70194E-03  3.35554E+01
  5.77005E+00  3.25578E-28  6.93656E+05  1.67635E-03  2.30810E+01
  5.86363E+00  3.26088E-28  6.62775E+05  1.65423E-03  1.67173E+01
  5.95721E+00  3.72155E-28  5.63492E+05  1.61719E-03  1.62136E+01
  6.05079E+00  9.73404E-28  2.08873E+05  1.43101E-03  3.69461E+01
  6.14437E+00  4.18845E-27  5.05649E+04  1.33657E-03  5.03473E+01
  6.23795E+00  9.95572E-27  2.51382E+04  1.32134E-03  5.35089E+01
  6.33153E+00  1.00170E-26  2.79008E+04  1.32161E-03  5.43743E+01
  6.42511E+00  5.55025E-27  5.00093E+04  1.33253E-03  5.55227E+01
  6.51869E+00  1.60379E-27  1.68270E+05  1.38838E-03  5.93639E+01
  6.61227E+00  3.17930E-28  8.28696E+05  1.71362E-03  7.51420E+01
  6.70585E+00  2.93088E-28  8.82108E+05  1.75331E-03  7.65714E+01
  6.79943E+00  2.84673E-28  8.96415E+05  1.74459E-03  8.00693E+01
  6.89301E+00  2.61174E-28  9.65936E+05  1.76619E-03  8.47686E+01
  6.98659E+00  3.08850E-28  8.04384E+05  1.74247E-03  8.62626E+01
  7.08017E+00  1.82642E-27  1.29213E+05  1.38119E-03  7.84346E+01
  7.17375E+00  3.63579E-27  6.01755E+04  1.32711E-03  7.76780E+01
  7.26733E+00  7.11355E-27  2.89927E+04  1.29495E-03  7.30847E+01
  7.36091E+00  8.80578E-27  2.29344E+04  1.29442E-03  7.15534E+01
  7.45449E+00  1.31960E-26  1.55635E+04  1.29498E-03  6.88712E+01
  7.54807E+00  1.56022E-26  1.40775E+04  1.30329E-03  6.63547E+01
  7.64165E+00  1.57116E-26  1.38314E+04  1.30842E-03  6.55811E+01
  7.73523E+00  1.60407E-26  1.36290E+04  1.31451E-03  6.65159E+01
  7.82881E+00  1.66735E-26  1.36327E+04  1.30704E-03  6.82064E+01
  7.92239E+00  1.66439E-26  1.36235E+04  1.30344E-03  6.90738E+01
  8.01597E+00  1.67148E-26  1.36972E+04  1.29915E-03  7.07375E+01
  8.10955E+00  1.74737E-26  1.37965E+04  1.30303E-03  7.33077E+01
  8.20313E+00  2.13419E-26  1.37896E+04  1.30174E-03  7.48907E+01
  8.29671E+00  2.30035E-26  1.37159E+04  1.28548E-03  7.46849E+01
  8.39029E+00  2.22744E-26  1.36324E+04  1.27327E-03  7.47440E+01
  8.48387E+00  2.00477E-26  1.39215E+04  1.27587E-03  7.50684E+01
  8.57745E+00  1.65093E-26  1.46849E+04  1.28129E-03  7.59375E+01
  8.67103E+00  1.71736E-26  1.40292E+04  1.27632E-03  7.62922E+01
  8.76461E+00  1.80719E-26  1.37010E+04  1.27631E-03  7.46345E+01
  8.85819E+00  1.73763E-26  1.47781E+04  1.28227E-03  7.05569E+01
  8.95177E+00  1.16744E-26  2.39580E+04  1.29761E-03  6.50923E+01
  9.04535E+00  5.52503E-27  5.76436E+04  1.32254E-03  6.03877E+01
  9.13893E+00  1.55832E-27  2.11188E+05  1.39204E-03  5.78348E+01
  9.23251E+00  8.63814E-28  3.69796E+05  1.47327E-03  5.69835E+01
  9.32609E+00  7.87886E-28  4.01759E+05  1.47360E-03  5.40883E+01
  9.41967E+00  1.15846E-27  2.71927E+05  1.41844E-03  4.73840E+01
  9.51325E+00  1.47449E-27  2.12620E+05  1.40114E-03  4.46739E+01
  9.60683E+00  1.73626E-27  1.80453E+05  1.39599E-03  4.43940E+01
  9.70041E+00  1.80245E-27  1.73774E+05  1.39548E-03  4.51829E+01
  9.79399E+00  1.59529E-27  1.95156E+05  1.40809E-03  4.71315E+01
  9.88756E+00  1.65333E-27  1.86223E+05  1.40826E-03  4.96929E+01
  9.98114E+00  1.16538E-27  2.60912E+05  1.45434E-03  5.28968E+01
  1.00747E+01  1.16061E-27  2.58703E+05  1.46092E-03  5.51086E+01
  1.01683E+01  1.73412E-27  1.69047E+05  1.41781E-03  5.50989E+01
  1.02619E+01  1.82716E-27  1.57831E+05  1.42029E-03  5.34980E+01
  1.03555E+01  1.32277E-27  2.14846E+05  1.45152E-03  5.09938E+01
  1.04490E+01  1.53464E-27  1.84576E+05  1.40245E-03  5.04092E+01
  1.05426E+01  3.70691E-27  7.71576E+04  1.35667E-03  4.81858E+01
  1.06362E+01  7.73620E-27  3.65486E+04  1.34420E-03  4.80301E+01
  1.07298E+01  7.87546E-27  3.51271E+04  1.34709E-03  4.95462E+01
  1.08234E+01  1.26454E-27  2.28182E+05  1.40705E-03  4.70128E+01
  1.09169E+01  5.62579E-28  5.27399E+05  1.52033E-03  3.97112E+01
  1.10105E+01  4.44152E-28  6.68416E+05  1.57606E-03  2.27938E+01
  1.11041E+01  4.55421E-28  6.43658E+05  1.56383E-03  3.64092E+00
  1.11977E+01  4.52460E-28  6.36233E+05  1.56746E-03 -6.39776E+00
  1.12913E+01  4.70894E-28  5.99613E+05  1.55288E-03 -8.86570E+00
  1.13848E+01  4.77684E-28  5.94465E+05  1.54742E-03 -4.02394E+00
  1.14784E+01  3.94673E-28  7.30577E+05  1.61815E-03 -2.27052E+00
  1.15720E+01  3.18924E-28  9.07662E+05  1.70820E-03 -5.15350E+00
  1.16656E+01  3.03101E-28  9.54614E+05  1.73351E-03 -6.95664E+00
  1.17592E+01  2.78139E-28  1.04151E+06  1.77571E-03 -1.02545E+01
  1.18527E+01  2.23210E-28  1.30463E+06  1.91783E-03 -1.92135E+01
  1.19463E+01  2.15720E-28  1.35265E+06  1.95003E-03 -2.03726E+01
  1.20399E+01  2.09865E-28  1.39430E+06  1.98272E-03 -2.11363E+01
  1.21335E+01  2.07848E-28  1.40882E+06  1.99838E-03 -2.21782E+01
  1.22271E+01  2.08245E-28  1.40874E+06  1.99987E-03 -2.27966E+01
  1.23206E+01  2.08875E-28  1.40786E+06  1.99999E-03 -2.31514E+01
  1.24142E+01  2.09616E-28  1.40592E+06  2.00000E-03 -2.38962E+01
  1.25078E+01  2.10014E-28  1.40419E+06  2.00000E-03 -2.48870E+01
  1.26014E+01  2.10322E-28  1.40366E+06  2.00000E-03 -2.59895E+01
  1.26950E+01  2.10573E-28  1.40381E+06  2.00000E-03 -2.73340E+01
  1.27885E+01  2.10661E-28  1.40397E+06  2.00000E-03 -2.81184E+01
  1.28821E+01  2.10864E-28  1.40487E+06  1.99999E-03 -2.92599E+01
  1.29757E+01  2.11028E-28  1.40565E+06  1.99998E-03 -3.00648E+01
  1.30693E+01  2.11188E-28  1.40636E+06  1.99999E-03 -3.05600E+01
  1.31629E+01  2.11421E-28  1.40758E+06  1.99998E-03 -3.08869E+01
  1.32564E+01  2.11790E-28  1.40936E+06  1.99999E-03 -3.09346E+01
  1.33500E+01  2.12211E-28  1.41091E+06  2.00000E-03 -3.08704E+01
  1.34436E+01  2.12374E-28  1.41154E+06  2.00000E-03 -3.08914E+01
  1.35372E+01  2.12418E-28  1.41168E+06  2.00000E-03 -3.10135E+01
  1.36308E+01  2.12750E-28  1.41317E+06  2.00000E-03 -3.06410E+01
  1.37243E+01  2.12891E-28  1.41360E+06  2.00000E-03 -3.04507E+01
  1.38179E+01  2.12752E-28  1.41291E+06  2.00000E-03 -3.06497E+01
  1.39115E+01  2.12699E-28  1.41264E+06  2.00000E-03 -3.08496E+01
  1.40051E+01  2.12675E-28  1.41283E+06  2.00000E-03 -3.08213E+01
  1.40987E+01  2.12728E-28  1.41325E+06  2.00000E-03 -3.05366E+01
  1.41922E+01  2.12657E-28  1.41296E+06  2.00000E-03 -3.13917E+01
  1.42858E+01  2.12648E-28  1.41287E+06  2.00000E-03 -3.14791E+01
  1.43794E+01  2.12803E-28  1.41349E+06  2.00000E-03 -3.05957E+01
  1.44730E+01  2.12804E-28  1.41354E+06  1.99999E-03 -3.13277E+01
  1.45666E+01  2.13066E-28  1.41470E+06  1.99999E-03 -3.12027E+01
  1.46601E+01  2.13440E-28  1.41633E+06  2.00000E-03 -3.01372E+01
  1.47537E+01  2.13580E-28  1.41700E+06  1.99999E-03 -3.08292E+01
  1.48473E+01  2.13843E-28  1.41814E+06  1.99999E-03 -3.02111E+01
  1.49409E+01  2.14333E-28  1.42019E+06  2.00000E-03 -2.85962E+01
  1.50345E+01  2.14478E-28  1.42075E+06  2.00000E-03 -2.85727E+01
  1.51280E+01  2.14640E-28  1.42150E+06  2.00000E-03 -2.76353E+01
  1.52216E+01  2.14830E-28  1.42234E+06  2.00000E-03 -2.61839E+01
  1.53152E+01  2.14951E-28  1.42284E+06  2.00000E-03 -2.56391E+01
  1.54088E+01  2.14861E-28  1.42246E+06  2.00000E-03 -2.54635E+01
  1.55024E+01  2.14741E-28  1.42193E+06  2.00000E-03 -2.38450E+01
  1.55959E+01  2.14660E-28  1.42157E+06  2.00000E-03 -2.36314E+01
  1.56895E+01  2.14597E-28  1.42130E+06  2.00000E-03 -2.29976E+01
  1.57831E+01  2.14434E-28  1.42065E+06  2.00000E-03 -2.18677E+01
  1.58767E+01  2.14316E-28  1.42023E+06  2.00000E-03 -2.16541E+01
  1.59703E+01  2.14223E-28  1.41983E+06  2.00000E-03 -2.12400E+01
  1.60638E+01  2.14218E-28  1.41972E+06  2.00000E-03 -2.03427E+01
  1.61574E+01  2.14135E-28  1.41933E+06  2.00000E-03 -2.00144E+01
  1.62510E+01  2.14158E-28  1.41943E+06  2.00000E-03 -1.95027E+01
  1.63446E+01  2.14263E-28  1.41990E+06  2.00000E-03 -1.87003E+01
  1.64382E+01  2.14319E-28  1.42016E+06  2.00000E-03 -1.82821E+01
  1.65317E+01  2.14377E-28  1.42042E+06  2.00000E-03 -1.78744E+01
  1.66253E+01  2.14512E-28  1.42102E+06  2.00000E-03 -1.70445E+01
  1.67189E+01  2.14511E-28  1.42101E+06  2.00000E-03 -1.68971E+01
  1.68125E+01  2.14665E-28  1.42170E+06  2.00000E-03 -1.65159E+01
  1.69061E+01  2.14713E-28  1.42191E+06  2.00000E-03 -1.59005E+01
  1.69996E+01  2.14729E-28  1.42198E+06  2.00000E-03 -1.57554E+01
  1.70932E+01  2.15005E-28  1.42320E+06  2.00000E-03 -1.53655E+01
  1.71868E+01  2.15072E-28  1.42350E+06  2.00000E-03 -1.47387E+01
  1.72804E+01  2.15062E-28  1.42345E+06  2.00000E-03 -1.46491E+01
  1.73740E+01  2.15360E-28  1.42477E+06  2.00000E-03 -1.42117E+01
  1.74675E+01  2.15515E-28  1.42545E+06  2.00000E-03 -1.35671E+01
  1.75611E+01  2.15654E-28  1.42607E+06  2.00000E-03 -1.33204E+01
  1.76547E+01  2.15945E-28  1.42735E+06  2.00000E-03 -1.28645E+01
  1.77483E+01  2.16041E-28  1.42777E+06  2.00000E-03 -1.24214E+01
  1.78419E+01  2.16137E-28  1.42819E+06  2.00000E-03 -1.20976E+01
  1.79354E+01  2.16348E-28  1.42912E+06  2.00000E-03 -1.16827E+01
  1.80290E+01  2.16502E-28  1.42980E+06  2.00000E-03 -1.11873E+01
  1.81226E+01  2.16689E-28  1.43062E+06  2.00000E-03 -1.07310E+01
  1.82162E+01  2.16832E-28  1.43125E+06  2.00000E-03 -1.04239E+01
  1.83098E+01  2.16996E-28  1.43197E+06  2.00000E-03 -9.94498E+00
  1.84033E+01  2.17208E-28  1.43290E+06  2.00000E-03 -9.42617E+00
  1.84969E+01  2.17251E-28  1.43309E+06  2.00000E-03 -9.29069E+00
  1.85905E+01  2.17470E-28  1.43405E+06  2.00000E-03 -8.78652E+00
  1.86841E+01  2.17653E-28  1.43486E+06  2.00000E-03 -8.31762E+00
  1.87777E+01  2.17734E-28  1.43522E+06  2.00000E-03 -8.17350E+00
  1.88712E+01  2.17975E-28  1.43627E+06  2.00000E-03 -7.67315E+00
  1.89648E+01  2.18107E-28  1.43685E+06  2.00000E-03 -7.28621E+00
  1.90584E+01  2.18118E-28  1.43691E+06  2.00000E-03 -7.26097E+00
  1.91520E+01  2.18242E-28  1.43745E+06  2.00000E-03 -6.92802E+00
  1.92456E+01  2.18249E-28  1.43748E+06  2.00000E-03 -6.68774E+00
  1.93391E+01  2.18226E-28  1.43738E+06  2.00000E-03 -6.68107E+00
  1.94327E+01  2.18169E-28  1.43713E+06  2.00000E-03 -6.53508E+00
  1.95263E+01  2.18015E-28  1.43646E+06  2.00000E-03 -6.41666E+00
  1.96199E+01  2.18009E-28  1.43643E+06  2.00000E-03 -6.38193E+00
  1.97134E+01  2.17890E-28  1.43590E+06  2.00000E-03 -6.25478E+00
  1.98070E+01  2.17686E-28  1.43501E+06  2.00000E-03 -6.29973E+00
  1.99006E+01  2.17673E-28  1.43495E+06  2.00000E-03 -6.26198E+00
  1.99942E+01  2.17573E-28  1.43451E+06  2.00000E-03 -6.18443E+00
  2.00878E+01  2.17500E-28  1.43419E+06  2.00000E-03 -6.09129E+00
  2.01813E+01  2.17534E-28  1.43434E+06  2.00000E-03 -6.01576E+00
  2.02749E+01  2.17508E-28  1.43422E+06  2.00000E-03 -5.92568E+00
  2.03685E+01  2.17642E-28  1.43481E+06  2.00000E-03 -5.65877E+00
  2.04621E+01  2.17698E-28  1.43505E+06  2.00000E-03 -5.57873E+00
  2.05557E+01  2.17904E-28  1.43595E+06  2.00000E-03 -5.23870E+00
  2.06492E+01  2.18013E-28  1.43643E+06  2.00000E-03 -5.03875E+00
  2.07428E+01  2.17998E-28  1.43636E+06  2.00000E-03 -5.04375E+00
  2.08364E+01  2.18107E-28  1.43684E+06  2.00000E-03 -4.84990E+00
  2.09300E+01  2.18353E-28  1.43792E+06  2.00000E-03 -4.54434E+00
  2.10236E+01  2.18354E-28  1.43792E+06  2.00000E-03 -4.51176E+00
  2.11171E+01  2.18474E-28  1.43844E+06  2.00000E-03 -4.27786E+00
  2.12107E+01  2.18644E-28  1.43918E+06  2.00000E-03 -4.04629E+00
  2.13043E+01  2.18798E-28  1.43986E+06  2.00000E-03 -3.87344E+00
  2.13979E+01  2.18798E-28  1.43986E+06  2.00000E-03 -3.87344E+00
  2.14915E+01  2.18794E-28  1.43984E+06  2.00000E-03 -3.87261E+00
  2.15850E+01  2.18723E-28  1.43952E+06  2.00000E-03 -3.85442E+00
  2.16786E+01  2.18814E-28  1.43991E+06  2.00000E-03 -3.70441E+00
  2.17722E+01  2.19122E-28  1.44125E+06  2.00000E-03 -3.35961E+00
  2.18658E+01  2.19159E-28  1.44141E+06  2.00000E-03 -3.31788E+00
  2.19594E+01  2.19159E-28  1.44141E+06  2.00000E-03 -3.31788E+00
  2.20529E+01  2.19169E-28  1.44145E+06  2.00000E-03 -3.29259E+00
  2.21465E+01  2.19210E-28  1.44163E+06  2.00000E-03 -3.19580E+00
  2.22401E+01  2.19289E-28  1.44197E+06  2.00000E-03 -3.09645E+00
  2.23337E+01  2.19599E-28  1.44332E+06  2.00000E-03 -2.78164E+00
  2.24273E+01  2.19687E-28  1.44370E+06  2.00000E-03 -2.71107E+00
  2.25208E+01  2.19720E-28  1.44384E+06  2.00000E-03 -2.69225E+00
  2.26144E+01  2.19776E-28  1.44408E+06  2.00000E-03 -2.62087E+00
  2.27080E+01  2.19899E-28  1.44462E+06  2.00000E-03 -2.50467E+00
  2.28016E+01  2.19954E-28  1.44486E+06  2.00000E-03 -2.46486E+00
  2.28952E+01  2.20071E-28  1.44535E+06  2.00000E-03 -2.34981E+00
  2.29887E+01  2.20121E-28  1.44557E+06  2.00000E-03 -2.29992E+00
  2.30823E+01  2.20120E-28  1.44557E+06  2.00000E-03 -2.29522E+00
  2.31759E+01  2.20116E-28  1.44554E+06  2.00000E-03 -2.27023E+00
  2.32695E+01  2.20115E-28  1.44553E+06  2.00000E-03 -2.26033E+00
  2.33631E+01  2.20116E-28  1.44553E+06  2.00000E-03 -2.25650E+00
  2.34566E+01  2.20119E-28  1.44554E+06  2.00000E-03 -2.24038E+00
  2.35502E+01  2.20120E-28  1.44554E+06  2.00000E-03 -2.23316E+00
  2.36438E+01  2.20062E-28  1.44528E+06  2.00000E-03 -2.26991E+00
  2.37374E+01  2.19961E-28  1.44484E+06  2.00000E-03 -2.33340E+00
  2.38310E+01  2.19932E-28  1.44471E+06  2.00000E-03 -2.35452E+00
  2.39245E+01  2.19960E-28  1.44483E+06  2.00000E-03 -2.36642E+00
  2.40181E+01  2.19924E-28  1.44466E+06  2.00000E-03 -2.39488E+00
  2.41117E+01  2.19920E-28  1.44464E+06  2.00000E-03 -2.41123E+00
  2.42053E+01  2.19754E-28  1.44391E+06  2.00000E-03 -2.57052E+00
  2.42989E+01  2.19578E-28  1.44314E+06  2.00000E-03 -2.72899E+00
  2.43924E+01  2.19578E-28  1.44314E+06  2.00000E-03 -2.72899E+00
  2.44860E+01  2.19578E-28  1.44314E+06  2.00000E-03 -2.72908E+00
  2.45796E+01  2.19537E-28  1.44296E+06  2.00000E-03 -2.76796E+00
  2.46732E+01  2.19428E-28  1.44247E+06  2.00000E-03 -2.86125E+00
  2.47668E+01  2.19222E-28  1.44157E+06  2.00000E-03 -3.02396E+00
  2.48603E+01  2.19105E-28  1.44105E+06  2.00000E-03 -3.11617E+00
  2.49539E+01  2.19105E-28  1.44105E+06  2.00000E-03 -3.11617E+00
  2.50475E+01  2.19102E-28  1.44104E+06  2.00000E-03 -3.12044E+00
  2.51411E+01  2.19087E-28  1.44097E+06  2.00000E-03 -3.13828E+00
  2.52347E+01  2.19025E-28  1.44070E+06  2.00000E-03 -3.19471E+00
  2.53282E+01  2.18922E-28  1.44025E+06  2.00000E-03 -3.30949E+00
  2.54218E+01  2.18911E-28  1.44020E+06  2.00000E-03 -3.34208E+00
  2.55154E+01  2.18919E-28  1.44023E+06  2.00000E-03 -3.35188E+00
  2.56090E+01  2.18935E-28  1.44030E+06  2.00000E-03 -3.35792E+00
  2.57026E+01  2.18998E-28  1.44057E+06  2.00000E-03 -3.35122E+00
  2.57961E+01  2.19043E-28  1.44077E+06  2.00000E-03 -3.32575E+00
  2.58897E+01  2.19055E-28  1.44082E+06  2.00000E-03 -3.31991E+00
  2.59833E+01  2.19055E-28  1.44082E+06  2.00000E-03 -3.31992E+00
  2.60769E+01  2.19054E-28  1.44082E+06  2.00000E-03 -3.31991E+00
  2.61705E+01  2.19054E-28  1.44082E+06  2.00000E-03 -3.31991E+00
  2.62640E+01  2.19097E-28  1.44099E+06  2.00000E-03 -3.28268E+00
  2.63576E+01  2.19209E-28  1.44148E+06  2.00000E-03 -3.21266E+00
  2.64512E+01  2.19231E-28  1.44157E+06  2.00000E-03 -3.20142E+00
  2.65448E+01  2.19231E-28  1.44157E+06  2.00000E-03 -3.20142E+00
  2.66384E+01  2.19231E-28  1.44157E+06  2.00000E-03 -3.20142E+00
  2.67319E+01  2.19237E-28  1.44160E+06  2.00000E-03 -3.21034E+00
  2.68255E+01  2.19207E-28  1.44146E+06  2.00000E-03 -3.24593E+00
  2.69191E+01  2.19164E-28  1.44126E+06  2.00000E-03 -3.29160E+00
  2.70127E+01  2.19164E-28  1.44126E+06  2.00000E-03 -3.30344E+00
  2.71063E+01  2.19180E-28  1.44133E+06  2.00000E-03 -3.33978E+00
  2.71998E+01  2.19183E-28  1.44135E+06  2.00000E-03 -3.34605E+00
  2.72934E+01  2.19180E-28  1.44133E+06  2.00000E-03 -3.35084E+00
  2.73870E+01  2.18984E-28  1.44047E+06  2.00000E-03 -3.51185E+00
  2.74806E+01  2.18749E-28  1.43942E+06  2.00000E-03 -3.68519E+00
  2.75742E+01  2.18729E-28  1.43934E+06  2.00000E-03 -3.69946E+00
  2.76677E+01  2.18730E-28  1.43934E+06  2.00000E-03 -3.69946E+00
  2.77613E+01  2.18729E-28  1.43934E+06  2.00000E-03 -3.69946E+00
  2.78549E+01  2.18721E-28  1.43930E+06  2.00000E-03 -3.70966E+00
  2.79485E+01  2.18500E-28  1.43833E+06  2.00000E-03 -3.89760E+00
  2.80421E+01  2.18130E-28  1.43669E+06  2.00000E-03 -4.13087E+00
  2.81356E+01  2.18112E-28  1.43661E+06  2.00000E-03 -4.14153E+00
  2.82292E+01  2.18152E-28  1.43678E+06  2.00000E-03 -4.14630E+00
  2.83228E+01  2.18167E-28  1.43685E+06  2.00000E-03 -4.14805E+00
  2.84164E+01  2.18167E-28  1.43686E+06  2.00000E-03 -4.18858E+00
  2.85100E+01  2.18019E-28  1.43621E+06  2.00000E-03 -4.29802E+00
  2.86035E+01  2.17642E-28  1.43455E+06  2.00000E-03 -4.45608E+00
  2.86971E+01  2.17505E-28  1.43394E+06  2.00000E-03 -4.50810E+00
  2.87907E+01  2.17505E-28  1.43394E+06  2.00000E-03 -4.50810E+00
  2.88843E+01  2.17505E-28  1.43394E+06  2.00000E-03 -4.50810E+00
  2.89779E+01  2.17505E-28  1.43394E+06  2.00000E-03 -4.50810E+00
  2.90714E+01  2.17505E-28  1.43394E+06  2.00000E-03 -4.50810E+00
  2.91650E+01  2.17505E-28  1.43394E+06  2.00000E-03 -4.50810E+00
  2.92586E+01  2.17505E-28  1.43394E+06  2.00000E-03 -4.50810E+00
  2.93522E+01  2.17505E-28  1.43394E+06  2.00000E-03 -4.50810E+00
  2.94458E+01  2.17510E-28  1.43397E+06  2.00000E-03 -4.51693E+00
  2.95393E+01  2.17533E-28  1.43408E+06  2.00000E-03 -4.55889E+00
  2.96329E+01  2.17513E-28  1.43399E+06  2.00000E-03 -4.56800E+00
  2.97265E+01  2.17209E-28  1.43260E+06  2.00000E-03 -4.68558E+00
  2.98201E+01  2.17203E-28  1.43257E+06  2.00000E-03 -4.69626E+00
  2.99137E+01  2.17191E-28  1.43252E+06  2.00000E-03 -4.69706E+00
  3.00072E+01  2.17296E-28  1.43298E+06  2.00000E-03 -4.68988E+00
  3.01008E+01  2.17358E-28  1.43325E+06  2.00000E-03 -4.68563E+00
  3.01944E+01  2.17358E-28  1.43325E+06  2.00000E-03 -4.68563E+00
  3.02880E+01  2.17358E-28  1.43325E+06  2.00000E-03 -4.68563E+00
  3.03816E+01  2.17358E-28  1.43325E+06  2.00000E-03 -4.68563E+00
  3.04751E+01  2.17326E-28  1.43311E+06  2.00000E-03 -4.71638E+00
  3.05687E+01  2.17213E-28  1.43262E+06  2.00000E-03 -4.82471E+00
  3.06623E+01  2.17124E-28  1.43223E+06  2.00000E-03 -4.90991E+00
  3.07559E+01  2.17090E-28  1.43207E+06  2.00000E-03 -4.92352E+00
  3.08495E+01  2.16949E-28  1.43144E+06  2.00000E-03 -4.97953E+00
  3.09430E+01  2.16887E-28  1.43116E+06  2.00000E-03 -5.00431E+00
  3.10366E+01  2.16887E-28  1.43116E+06  2.00000E-03 -5.00431E+00
  3.11302E+01  2.16887E-28  1.43116E+06  2.00000E-03 -5.00431E+00
  3.12238E+01  2.16887E-28  1.43116E+06  2.00000E-03 -5.00431E+00
  3.13174E+01  2.16887E-28  1.43116E+06  2.00000E-03 -5.00431E+00
  3.14109E+01  2.16887E-28  1.43116E+06  2.00000E-03 -5.00431E+00
  3.15045E+01  2.16887E-28  1.43116E+06  2.00000E-03 -5.00431E+00
  3.15981E+01  2.16808E-28  1.43082E+06  2.00000E-03 -5.07941E+00
  3.16917E+01  2.16694E-28  1.43032E+06  2.00000E-03 -5.18846E+00
  3.17853E+01  2.16694E-28  1.43032E+06  2.00000E-03 -5.18846E+00
  3.18788E+01  2.16695E-28  1.43032E+06  2.00000E-03 -5.18797E+00
  3.19724E+01  2.16747E-28  1.43053E+06  2.00000E-03 -5.12751E+00
  3.20660E+01  2.16793E-28  1.43072E+06  2.00000E-03 -5.07415E+00
  3.21596E+01  2.16794E-28  1.43073E+06  2.00000E-03 -5.07266E+00
  3.22532E+01  2.16794E-28  1.43073E+06  2.00000E-03 -5.07266E+00
  3.23467E+01  2.16794E-28  1.43073E+06  2.00000E-03 -5.07266E+00
  3.24403E+01  2.16794E-28  1.43073E+06  2.00000E-03 -5.07266E+00
  3.25339E+01  2.16794E-28  1.43073E+06  2.00000E-03 -5.07530E+00
  3.26275E+01  2.16761E-28  1.43058E+06  2.00000E-03 -5.13440E+00
  3.27211E+01  2.16690E-28  1.43027E+06  2.00000E-03 -5.18062E+00
  3.28146E+01  2.16675E-28  1.43020E+06  2.00000E-03 -5.20944E+00
  3.29082E+01  2.16672E-28  1.43018E+06  2.00000E-03 -5.22560E+00
  3.30018E+01  2.16669E-28  1.43017E+06  2.00000E-03 -5.24109E+00
  3.30954E+01  2.16779E-28  1.43065E+06  2.00000E-03 -5.14984E+00
  3.31889E+01  2.17016E-28  1.43167E+06  2.00000E-03 -4.95348E+00
  3.32825E+01  2.17016E-28  1.43167E+06  2.00000E-03 -4.95348E+00
  3.33761E+01  2.17016E-28  1.43167E+06  2.00000E-03 -4.95348E+00
  3.34697E+01  2.17016E-28  1.43167E+06  2.00000E-03 -4.95348E+00
  3.35633E+01  2.17016E-28  1.43168E+06  2.00000E-03 -4.95348E+00
  3.36568E+01  2.17006E-28  1.43163E+06  2.00000E-03 -4.94287E+00
  3.37504E+01  2.16979E-28  1.43151E+06  2.00000E-03 -4.91428E+00
  3.38440E+01  2.16974E-28  1.43149E+06  2.00000E-03 -4.90839E+00
  3.39376E+01  2.16974E-28  1.43149E+06  2.00000E-03 -4.90839E+00
  3.40312E+01  2.16974E-28  1.43149E+06  2.00000E-03 -4.90839E+00
  3.41247E+01  2.16974E-28  1.43149E+06  2.00000E-03 -4.90839E+00
  3.42183E+01  2.17143E-28  1.43222E+06  2.00000E-03 -4.76892E+00
  3.43119E+01  2.17321E-28  1.43300E+06  2.00000E-03 -4.62212E+00
  3.44055E+01  2.17392E-28  1.43330E+06  2.00000E-03 -4.56435E+00
  3.44991E+01  2.17392E-28  1.43330E+06  2.00000E-03 -4.56435E+00
  3.45926E+01  2.17392E-28  1.43330E+06  2.00000E-03 -4.56435E+00
  3.46862E+01  2.17392E-28  1.43330E+06  2.00000E-03 -4.56435E+00
  3.47798E+01  2.17407E-28  1.43337E+06  2.00000E-03 -4.51540E+00
  3.48734E+01  2.17427E-28  1.43346E+06  2.00000E-03 -4.45166E+00
  3.49670E+01  2.17427E-28  1.43346E+06  2.00000E-03 -4.44871E+00
  3.50605E+01  2.17427E-28  1.43346E+06  2.00000E-03 -4.44870E+00
  3.51541E+01  2.17427E-28  1.43346E+06  2.00000E-03 -4.44871E+00
  3.52477E+01  2.17427E-28  1.43346E+06  2.00000E-03 -4.44870E+00
  3.53413E+01  2.17537E-28  1.43394E+06  2.00000E-03 -4.35792E+00
  3.54349E+01  2.17777E-28  1.43499E+06  2.00000E-03 -4.16064E+00
  3.55284E+01  2.17899E-28  1.43552E+06  2.00000E-03 -4.05982E+00
  3.56220E+01  2.17908E-28  1.43556E+06  2.00000E-03 -4.07125E+00
  3.57156E+01  2.17912E-28  1.43557E+06  2.00000E-03 -4.07550E+00
  3.58092E+01  2.17955E-28  1.43575E+06  2.00000E-03 -4.01265E+00
  3.59028E+01  2.17985E-28  1.43589E+06  2.00000E-03 -3.94900E+00
  3.59963E+01  2.17981E-28  1.43587E+06  2.00000E-03 -3.95436E+00
  3.60899E+01  2.17981E-28  1.43587E+06  2.00000E-03 -3.95436E+00
  3.61835E+01  2.17981E-28  1.43587E+06  2.00000E-03 -3.95436E+00
  3.62771E+01  2.17981E-28  1.43587E+06  2.00000E-03 -3.95436E+00
  3.63707E+01  2.17981E-28  1.43587E+06  2.00000E-03 -3.95436E+00
  3.64642E+01  2.18068E-28  1.43625E+06  2.00000E-03 -3.88184E+00
