 -3.63409E+01  2.17411E-28  1.43322E+06  2.00000E-03  9.05625E-01
 -3.62473E+01  2.17411E-28  1.43322E+06  2.00000E-03  9.05625E-01
 -3.61537E+01  2.17412E-28  1.43322E+06  2.00000E-03  9.05625E-01
 -3.60601E+01  2.17387E-28  1.43312E+06  2.00000E-03  9.05809E-01
 -3.59666E+01  2.17132E-28  1.43200E+06  2.00000E-03  9.07757E-01
 -3.58730E+01  2.16965E-28  1.43126E+06  2.00000E-03  9.09040E-01
 -3.57794E+01  2.16965E-28  1.43126E+06  2.00000E-03  9.09040E-01
 -3.56858E+01  2.16965E-28  1.43126E+06  2.00000E-03  9.09040E-01
 -3.55922E+01  2.16965E-28  1.43126E+06  2.00000E-03  9.09040E-01
 -3.54987E+01  2.16965E-28  1.43126E+06  2.00000E-03  9.09040E-01
 -3.54051E+01  2.16965E-28  1.43126E+06  2.00000E-03  9.09040E-01
 -3.53115E+01  2.17082E-28  1.43178E+06  2.00000E-03  9.21376E-01
 -3.52179E+01  2.17243E-28  1.43249E+06  2.00000E-03  9.38156E-01
 -3.51243E+01  2.17261E-28  1.43257E+06  2.00000E-03  9.40062E-01
 -3.50308E+01  2.17261E-28  1.43257E+06  2.00000E-03  9.40062E-01
 -3.49372E+01  2.17192E-28  1.43226E+06  2.00000E-03  9.34998E-01
 -3.48436E+01  2.16930E-28  1.43111E+06  2.00000E-03  9.15816E-01
 -3.47500E+01  2.16846E-28  1.43074E+06  2.00000E-03  9.09652E-01
 -3.46564E+01  2.16846E-28  1.43074E+06  2.00000E-03  9.09652E-01
 -3.45629E+01  2.16846E-28  1.43074E+06  2.00000E-03  9.09652E-01
 -3.44693E+01  2.16942E-28  1.43116E+06  2.00000E-03  9.10250E-01
 -3.43757E+01  2.16970E-28  1.43129E+06  2.00000E-03  9.10425E-01
 -3.42821E+01  2.16962E-28  1.43125E+06  2.00000E-03  9.10374E-01
 -3.41885E+01  2.17106E-28  1.43189E+06  2.00000E-03  9.24273E-01
 -3.40950E+01  2.17347E-28  1.43295E+06  2.00000E-03  9.58201E-01
 -3.40014E+01  2.17406E-28  1.43321E+06  2.00000E-03  9.68689E-01
 -3.39078E+01  2.17331E-28  1.43288E+06  2.00000E-03  9.65524E-01
 -3.38142E+01  2.17006E-28  1.43145E+06  2.00000E-03  9.51803E-01
 -3.37206E+01  2.16897E-28  1.43097E+06  2.00000E-03  9.47203E-01
 -3.36271E+01  2.16897E-28  1.43097E+06  2.00000E-03  9.47203E-01
 -3.35335E+01  2.16897E-28  1.43097E+06  2.00000E-03  9.47202E-01
 -3.34399E+01  2.16897E-28  1.43097E+06  2.00000E-03  9.47202E-01
 -3.33463E+01  2.16897E-28  1.43097E+06  2.00000E-03  9.47203E-01
 -3.32527E+01  2.16897E-28  1.43097E+06  2.00000E-03  9.47203E-01
 -3.31592E+01  2.16897E-28  1.43097E+06  2.00000E-03  9.47203E-01
 -3.30656E+01  2.16971E-28  1.43129E+06  2.00000E-03  9.72556E-01
 -3.29720E+01  2.17093E-28  1.43183E+06  2.00000E-03  1.01435E+00
 -3.28784E+01  2.17163E-28  1.43214E+06  2.00000E-03  1.03819E+00
 -3.27848E+01  2.16830E-28  1.43068E+06  2.00000E-03  1.00500E+00
 -3.26913E+01  2.16658E-28  1.42992E+06  2.00000E-03  9.87791E-01
 -3.25977E+01  2.16658E-28  1.42992E+06  2.00000E-03  9.87791E-01
 -3.25041E+01  2.16658E-28  1.42992E+06  2.00000E-03  9.87791E-01
 -3.24105E+01  2.16658E-28  1.42992E+06  2.00000E-03  9.87791E-01
 -3.23169E+01  2.16658E-28  1.42992E+06  2.00000E-03  9.87791E-01
 -3.22234E+01  2.16658E-28  1.42992E+06  2.00000E-03  9.87791E-01
 -3.21298E+01  2.16658E-28  1.42992E+06  2.00000E-03  9.87791E-01
 -3.20362E+01  2.16658E-28  1.42992E+06  2.00000E-03  9.87791E-01
 -3.19426E+01  2.16705E-28  1.43012E+06  2.00000E-03  9.95053E-01
 -3.18491E+01  2.16849E-28  1.43076E+06  2.00000E-03  1.01758E+00
 -3.17555E+01  2.16791E-28  1.43050E+06  2.00000E-03  1.00212E+00
 -3.16619E+01  2.16554E-28  1.42946E+06  2.00000E-03  9.57343E-01
 -3.15683E+01  2.16552E-28  1.42945E+06  2.00000E-03  9.52049E-01
 -3.14747E+01  2.16598E-28  1.42965E+06  2.00000E-03  9.55617E-01
 -3.13812E+01  2.16665E-28  1.42995E+06  2.00000E-03  9.60836E-01
 -3.12876E+01  2.16678E-28  1.43000E+06  2.00000E-03  9.61786E-01
 -3.11940E+01  2.16768E-28  1.43040E+06  2.00000E-03  9.68768E-01
 -3.11004E+01  2.16774E-28  1.43043E+06  2.00000E-03  9.69187E-01
 -3.10068E+01  2.16774E-28  1.43043E+06  2.00000E-03  9.69187E-01
 -3.09133E+01  2.16774E-28  1.43043E+06  2.00000E-03  9.69187E-01
 -3.08197E+01  2.16774E-28  1.43043E+06  2.00000E-03  9.69187E-01
 -3.07261E+01  2.17168E-28  1.43217E+06  2.00000E-03  9.22876E-01
 -3.06325E+01  2.16843E-28  1.43074E+06  2.00000E-03  8.63930E-01
 -3.05389E+01  2.16761E-28  1.43038E+06  2.00000E-03  8.59043E-01
 -3.04454E+01  2.16761E-28  1.43038E+06  2.00000E-03  8.59043E-01
 -3.03518E+01  2.16761E-28  1.43038E+06  2.00000E-03  8.59043E-01
 -3.02582E+01  2.16761E-28  1.43038E+06  2.00000E-03  8.59043E-01
 -3.01646E+01  2.16761E-28  1.43038E+06  2.00000E-03  8.59043E-01
 -3.00710E+01  2.16761E-28  1.43038E+06  2.00000E-03  8.59043E-01
 -2.99775E+01  2.16761E-28  1.43038E+06  2.00000E-03  8.59043E-01
 -2.98839E+01  2.16761E-28  1.43038E+06  2.00000E-03  8.59043E-01
 -2.97903E+01  2.16761E-28  1.43038E+06  2.00000E-03  8.59043E-01
 -2.96967E+01  2.16800E-28  1.43056E+06  2.00000E-03  8.51441E-01
 -2.96031E+01  2.16878E-28  1.43091E+06  2.00000E-03  8.17249E-01
 -2.95096E+01  2.16652E-28  1.42992E+06  2.00000E-03  8.28658E-01
 -2.94160E+01  2.16654E-28  1.42993E+06  2.00000E-03  8.29284E-01
 -2.93224E+01  2.16654E-28  1.42993E+06  2.00000E-03  8.29284E-01
 -2.92288E+01  2.16654E-28  1.42993E+06  2.00000E-03  8.29284E-01
 -2.91352E+01  2.16654E-28  1.42993E+06  2.00000E-03  8.29284E-01
 -2.90417E+01  2.16654E-28  1.42993E+06  2.00000E-03  8.29284E-01
 -2.89481E+01  2.16654E-28  1.42993E+06  2.00000E-03  8.29284E-01
 -2.88545E+01  2.16654E-28  1.42993E+06  2.00000E-03  8.29284E-01
 -2.87609E+01  2.16654E-28  1.42993E+06  2.00000E-03  8.29284E-01
 -2.86673E+01  2.16729E-28  1.43026E+06  2.00000E-03  8.36820E-01
 -2.85738E+01  2.16661E-28  1.42997E+06  2.00000E-03  8.45523E-01
 -2.84802E+01  2.16477E-28  1.42915E+06  2.00000E-03  8.54335E-01
 -2.83866E+01  2.16579E-28  1.42959E+06  2.00000E-03  8.63594E-01
 -2.82930E+01  2.16676E-28  1.43001E+06  2.00000E-03  8.74008E-01
 -2.81994E+01  2.16676E-28  1.43001E+06  2.00000E-03  8.74008E-01
 -2.81059E+01  2.16663E-28  1.42995E+06  2.00000E-03  8.71329E-01
 -2.80123E+01  2.16497E-28  1.42922E+06  2.00000E-03  8.36749E-01
 -2.79187E+01  2.16484E-28  1.42916E+06  2.00000E-03  8.08702E-01
 -2.78251E+01  2.16593E-28  1.42964E+06  2.00000E-03  7.79588E-01
 -2.77315E+01  2.16631E-28  1.42980E+06  2.00000E-03  7.69604E-01
 -2.76380E+01  2.16631E-28  1.42980E+06  2.00000E-03  7.69604E-01
 -2.75444E+01  2.16593E-28  1.42964E+06  2.00000E-03  7.53208E-01
 -2.74508E+01  2.16482E-28  1.42915E+06  2.00000E-03  7.04167E-01
 -2.73572E+01  2.16496E-28  1.42921E+06  2.00000E-03  7.00882E-01
 -2.72636E+01  2.16563E-28  1.42950E+06  2.00000E-03  7.03577E-01
 -2.71701E+01  2.16567E-28  1.42953E+06  2.00000E-03  7.30777E-01
 -2.70765E+01  2.16558E-28  1.42949E+06  2.00000E-03  7.32053E-01
 -2.69829E+01  2.16467E-28  1.42908E+06  2.00000E-03  7.29865E-01
 -2.68893E+01  2.16368E-28  1.42865E+06  2.00000E-03  7.37921E-01
 -2.67957E+01  2.16363E-28  1.42863E+06  2.00000E-03  7.58906E-01
 -2.67022E+01  2.16376E-28  1.42869E+06  2.00000E-03  7.89405E-01
 -2.66086E+01  2.16388E-28  1.42874E+06  2.00000E-03  8.15779E-01
 -2.65150E+01  2.16366E-28  1.42865E+06  2.00000E-03  8.19584E-01
 -2.64214E+01  2.16273E-28  1.42824E+06  2.00000E-03  8.35721E-01
 -2.63278E+01  2.16243E-28  1.42811E+06  2.00000E-03  8.41020E-01
 -2.62343E+01  2.16243E-28  1.42811E+06  2.00000E-03  8.51318E-01
 -2.61407E+01  2.16243E-28  1.42811E+06  2.00000E-03  8.86541E-01
 -2.60471E+01  2.16242E-28  1.42811E+06  2.00000E-03  8.99674E-01
 -2.59535E+01  2.16220E-28  1.42801E+06  2.00000E-03  9.01678E-01
 -2.58599E+01  2.16188E-28  1.42787E+06  2.00000E-03  9.04450E-01
 -2.57664E+01  2.16171E-28  1.42779E+06  2.00000E-03  9.07989E-01
 -2.56728E+01  2.16120E-28  1.42757E+06  2.00000E-03  9.27353E-01
 -2.55792E+01  2.16119E-28  1.42757E+06  2.00000E-03  9.61892E-01
 -2.54856E+01  2.16102E-28  1.42750E+06  2.00000E-03  9.90029E-01
 -2.53920E+01  2.16042E-28  1.42723E+06  2.00000E-03  9.75737E-01
 -2.52985E+01  2.16026E-28  1.42716E+06  2.00000E-03  9.61272E-01
 -2.52049E+01  2.16026E-28  1.42716E+06  2.00000E-03  9.61272E-01
 -2.51113E+01  2.16025E-28  1.42715E+06  2.00000E-03  9.62689E-01
 -2.50177E+01  2.16001E-28  1.42706E+06  2.00000E-03  9.94113E-01
 -2.49241E+01  2.15984E-28  1.42698E+06  2.00000E-03  1.00762E+00
 -2.48306E+01  2.15990E-28  1.42701E+06  2.00000E-03  9.79916E-01
 -2.47370E+01  2.15993E-28  1.42702E+06  2.00000E-03  9.66851E-01
 -2.46434E+01  2.15993E-28  1.42702E+06  2.00000E-03  9.66851E-01
 -2.45498E+01  2.15976E-28  1.42695E+06  2.00000E-03  9.75835E-01
 -2.44562E+01  2.15926E-28  1.42673E+06  2.00000E-03  1.00294E+00
 -2.43627E+01  2.15901E-28  1.42663E+06  2.00000E-03  1.01228E+00
 -2.42691E+01  2.15895E-28  1.42660E+06  2.00000E-03  9.86946E-01
 -2.41755E+01  2.15864E-28  1.42646E+06  2.00000E-03  9.89049E-01
 -2.40819E+01  2.15836E-28  1.42634E+06  2.00000E-03  9.94124E-01
 -2.39883E+01  2.15803E-28  1.42620E+06  2.00000E-03  1.00031E+00
 -2.38948E+01  2.15687E-28  1.42569E+06  2.00000E-03  1.04974E+00
 -2.38012E+01  2.15632E-28  1.42545E+06  2.00000E-03  1.07689E+00
 -2.37076E+01  2.15643E-28  1.42549E+06  2.00000E-03  1.06370E+00
 -2.36140E+01  2.15643E-28  1.42549E+06  2.00000E-03  1.06370E+00
 -2.35204E+01  2.15643E-28  1.42550E+06  2.00000E-03  1.06370E+00
 -2.34269E+01  2.15643E-28  1.42549E+06  2.00000E-03  1.06370E+00
 -2.33333E+01  2.15552E-28  1.42510E+06  2.00000E-03  1.14737E+00
 -2.32397E+01  2.15500E-28  1.42488E+06  2.00000E-03  1.20384E+00
 -2.31461E+01  2.15457E-28  1.42470E+06  2.00000E-03  1.21805E+00
 -2.30525E+01  2.15457E-28  1.42470E+06  2.00000E-03  1.21805E+00
 -2.29590E+01  2.15457E-28  1.42470E+06  2.00000E-03  1.21805E+00
 -2.28654E+01  2.15411E-28  1.42449E+06  2.00000E-03  1.23117E+00
 -2.27718E+01  2.15405E-28  1.42449E+06  2.00000E-03  1.30986E+00
 -2.26782E+01  2.15221E-28  1.42371E+06  2.00000E-03  1.37357E+00
 -2.25846E+01  2.15169E-28  1.42348E+06  2.00000E-03  1.38131E+00
 -2.24911E+01  2.15063E-28  1.42302E+06  2.00000E-03  1.39846E+00
 -2.23975E+01  2.15052E-28  1.42297E+06  2.00000E-03  1.40028E+00
 -2.23039E+01  2.15086E-28  1.42312E+06  2.00000E-03  1.40088E+00
 -2.22103E+01  2.15371E-28  1.42438E+06  2.00000E-03  1.39403E+00
 -2.21167E+01  2.15185E-28  1.42358E+06  2.00000E-03  1.36052E+00
 -2.20232E+01  2.15175E-28  1.42354E+06  2.00000E-03  1.35919E+00
 -2.19296E+01  2.15175E-28  1.42354E+06  2.00000E-03  1.35919E+00
 -2.18360E+01  2.15175E-28  1.42354E+06  2.00000E-03  1.35919E+00
 -2.17424E+01  2.15412E-28  1.42457E+06  2.00000E-03  1.36474E+00
 -2.16488E+01  2.15702E-28  1.42585E+06  2.00000E-03  1.32758E+00
 -2.15553E+01  2.15565E-28  1.42529E+06  2.00000E-03  1.21324E+00
 -2.14617E+01  2.15561E-28  1.42527E+06  2.00000E-03  1.21114E+00
 -2.13681E+01  2.15495E-28  1.42498E+06  2.00000E-03  1.17181E+00
 -2.12745E+01  2.15536E-28  1.42516E+06  2.00000E-03  1.17572E+00
 -2.11809E+01  2.15909E-28  1.42680E+06  2.00000E-03  1.18723E+00
 -2.10874E+01  2.16155E-28  1.42785E+06  2.00000E-03  1.14720E+00
 -2.09938E+01  2.15938E-28  1.42682E+06  2.00000E-03  1.04703E+00
 -2.09002E+01  2.16153E-28  1.42776E+06  2.00000E-03  1.04824E+00
 -2.08066E+01  2.16280E-28  1.42831E+06  2.00000E-03  1.04187E+00
 -2.07130E+01  2.16233E-28  1.42807E+06  2.00000E-03  9.98647E-01
 -2.06195E+01  2.16470E-28  1.42911E+06  2.00000E-03  1.06377E+00
 -2.05259E+01  2.16559E-28  1.42951E+06  2.00000E-03  1.08931E+00
 -2.04323E+01  2.16536E-28  1.42941E+06  2.00000E-03  1.05494E+00
 -2.03387E+01  2.16805E-28  1.43060E+06  2.00000E-03  1.13723E+00
 -2.02451E+01  2.16774E-28  1.43046E+06  2.00000E-03  1.13428E+00
 -2.01516E+01  2.16757E-28  1.43039E+06  2.00000E-03  1.12045E+00
 -2.00580E+01  2.17113E-28  1.43196E+06  2.00000E-03  1.22568E+00
 -1.99644E+01  2.17134E-28  1.43205E+06  2.00000E-03  1.23253E+00
 -1.98708E+01  2.17138E-28  1.43207E+06  2.00000E-03  1.25874E+00
 -1.97772E+01  2.17339E-28  1.43295E+06  2.00000E-03  1.31864E+00
 -1.96837E+01  2.17337E-28  1.43295E+06  2.00000E-03  1.32714E+00
 -1.95901E+01  2.17415E-28  1.43329E+06  2.00000E-03  1.39907E+00
 -1.94965E+01  2.17529E-28  1.43380E+06  2.00000E-03  1.43950E+00
 -1.94029E+01  2.17517E-28  1.43374E+06  2.00000E-03  1.46415E+00
 -1.93093E+01  2.17570E-28  1.43398E+06  2.00000E-03  1.53911E+00
 -1.92158E+01  2.17634E-28  1.43426E+06  2.00000E-03  1.58571E+00
 -1.91222E+01  2.17480E-28  1.43358E+06  2.00000E-03  1.60945E+00
 -1.90286E+01  2.17435E-28  1.43338E+06  2.00000E-03  1.65780E+00
 -1.89350E+01  2.17450E-28  1.43344E+06  2.00000E-03  1.68199E+00
 -1.88414E+01  2.17380E-28  1.43313E+06  2.00000E-03  1.68231E+00
 -1.87479E+01  2.17431E-28  1.43336E+06  2.00000E-03  1.68218E+00
 -1.86543E+01  2.17333E-28  1.43292E+06  2.00000E-03  1.68642E+00
 -1.85607E+01  2.17531E-28  1.43379E+06  2.00000E-03  1.65751E+00
 -1.84671E+01  2.17408E-28  1.43325E+06  2.00000E-03  1.64969E+00
 -1.83736E+01  2.17118E-28  1.43198E+06  2.00000E-03  1.67108E+00
 -1.82800E+01  2.17320E-28  1.43286E+06  2.00000E-03  1.64177E+00
 -1.81864E+01  2.17270E-28  1.43264E+06  2.00000E-03  1.66287E+00
 -1.80928E+01  2.16911E-28  1.43106E+06  2.00000E-03  1.72331E+00
 -1.79992E+01  2.17097E-28  1.43188E+06  2.00000E-03  1.71497E+00
 -1.79057E+01  2.16996E-28  1.43144E+06  2.00000E-03  1.77554E+00
 -1.78121E+01  2.16871E-28  1.43089E+06  2.00000E-03  1.81992E+00
 -1.77185E+01  2.17094E-28  1.43187E+06  2.00000E-03  1.82513E+00
 -1.76249E+01  2.16846E-28  1.43078E+06  2.00000E-03  1.88064E+00
 -1.75313E+01  2.16711E-28  1.43019E+06  2.00000E-03  1.93888E+00
 -1.74378E+01  2.17015E-28  1.43152E+06  2.00000E-03  1.95646E+00
 -1.73442E+01  2.16719E-28  1.43022E+06  2.00000E-03  2.01035E+00
 -1.72506E+01  2.16702E-28  1.43014E+06  2.00000E-03  2.07325E+00
 -1.71570E+01  2.16994E-28  1.43143E+06  2.00000E-03  2.12304E+00
 -1.70634E+01  2.16980E-28  1.43137E+06  2.00000E-03  2.15960E+00
 -1.69699E+01  2.16898E-28  1.43101E+06  2.00000E-03  2.21204E+00
 -1.68763E+01  2.17196E-28  1.43233E+06  2.00000E-03  2.28685E+00
 -1.67827E+01  2.17145E-28  1.43211E+06  2.00000E-03  2.27996E+00
 -1.66891E+01  2.17213E-28  1.43242E+06  2.00000E-03  2.28426E+00
 -1.65955E+01  2.17462E-28  1.43352E+06  2.00000E-03  2.33138E+00
 -1.65020E+01  2.17409E-28  1.43330E+06  2.00000E-03  2.29147E+00
 -1.64084E+01  2.17626E-28  1.43427E+06  2.00000E-03  2.27420E+00
 -1.63148E+01  2.17780E-28  1.43495E+06  2.00000E-03  2.29901E+00
 -1.62212E+01  2.17705E-28  1.43464E+06  2.00000E-03  2.27693E+00
 -1.61276E+01  2.17809E-28  1.43511E+06  2.00000E-03  2.28207E+00
 -1.60341E+01  2.17872E-28  1.43539E+06  2.00000E-03  2.30340E+00
 -1.59405E+01  2.17813E-28  1.43514E+06  2.00000E-03  2.33128E+00
 -1.58469E+01  2.17844E-28  1.43529E+06  2.00000E-03  2.39990E+00
 -1.57533E+01  2.17855E-28  1.43534E+06  2.00000E-03  2.41127E+00
 -1.56597E+01  2.17793E-28  1.43508E+06  2.00000E-03  2.44463E+00
 -1.55662E+01  2.17777E-28  1.43501E+06  2.00000E-03  2.50553E+00
 -1.54726E+01  2.17747E-28  1.43487E+06  2.00000E-03  2.52412E+00
 -1.53790E+01  2.17763E-28  1.43494E+06  2.00000E-03  2.49275E+00
 -1.52854E+01  2.17805E-28  1.43512E+06  2.00000E-03  2.48441E+00
 -1.51918E+01  2.17825E-28  1.43521E+06  2.00000E-03  2.48257E+00
 -1.50983E+01  2.17896E-28  1.43550E+06  2.00000E-03  2.41476E+00
 -1.50047E+01  2.17974E-28  1.43584E+06  2.00000E-03  2.36430E+00
 -1.49111E+01  2.17982E-28  1.43588E+06  2.00000E-03  2.36130E+00
 -1.48175E+01  2.17847E-28  1.43528E+06  2.00000E-03  2.31810E+00
 -1.47239E+01  2.17931E-28  1.43566E+06  2.00000E-03  2.30928E+00
 -1.46304E+01  2.17897E-28  1.43552E+06  2.00000E-03  2.30065E+00
 -1.45368E+01  2.17606E-28  1.43425E+06  2.00000E-03  2.29263E+00
 -1.44432E+01  2.17728E-28  1.43481E+06  2.00000E-03  2.33764E+00
 -1.43496E+01  2.17614E-28  1.43432E+06  2.00000E-03  2.31412E+00
 -1.42560E+01  2.17342E-28  1.43314E+06  2.00000E-03  2.25517E+00
 -1.41625E+01  2.17431E-28  1.43358E+06  2.00000E-03  2.26446E+00
 -1.40689E+01  2.17103E-28  1.43215E+06  2.00000E-03  2.16162E+00
 -1.39753E+01  2.16989E-28  1.43165E+06  2.00000E-03  2.03778E+00
 -1.38817E+01  2.17146E-28  1.43230E+06  2.00000E-03  2.00219E+00
 -1.37881E+01  2.16988E-28  1.43153E+06  2.00000E-03  1.77853E+00
 -1.36946E+01  2.16683E-28  1.43015E+06  2.00000E-03  1.52037E+00
 -1.36010E+01  2.16322E-28  1.42853E+06  2.00000E-03  1.30032E+00
 -1.35074E+01  2.15966E-28  1.42694E+06  2.00000E-03  1.10575E+00
 -1.34138E+01  2.15675E-28  1.42564E+06  2.00000E-03  9.62698E-01
 -1.33202E+01  2.15343E-28  1.42417E+06  2.00000E-03  8.60340E-01
 -1.32267E+01  2.15058E-28  1.42291E+06  2.00000E-03  7.76701E-01
 -1.31331E+01  2.14920E-28  1.42230E+06  2.00000E-03  7.67113E-01
 -1.30395E+01  2.14827E-28  1.42188E+06  2.00000E-03  7.78643E-01
 -1.29459E+01  2.14838E-28  1.42193E+06  2.00000E-03  8.32821E-01
 -1.28523E+01  2.14952E-28  1.42243E+06  2.00000E-03  8.70518E-01
 -1.27588E+01  2.15233E-28  1.42367E+06  2.00000E-03  9.06455E-01
 -1.26652E+01  2.15550E-28  1.42506E+06  2.00000E-03  9.16503E-01
 -1.25716E+01  2.15869E-28  1.42647E+06  2.00000E-03  8.75425E-01
 -1.24780E+01  2.16150E-28  1.42771E+06  2.00000E-03  8.23454E-01
 -1.23844E+01  2.16445E-28  1.42901E+06  2.00000E-03  7.67589E-01
 -1.22909E+01  2.16684E-28  1.43006E+06  2.00000E-03  7.25127E-01
 -1.21973E+01  2.16837E-28  1.43073E+06  2.00000E-03  6.89607E-01
 -1.21037E+01  2.16936E-28  1.43116E+06  2.00000E-03  6.79260E-01
 -1.20101E+01  2.16957E-28  1.43126E+06  2.00000E-03  6.90960E-01
 -1.19165E+01  2.16882E-28  1.43093E+06  2.00000E-03  7.29777E-01
 -1.18230E+01  2.16799E-28  1.43057E+06  2.00000E-03  7.79410E-01
 -1.17294E+01  2.16709E-28  1.43017E+06  2.00000E-03  8.27608E-01
 -1.16358E+01  2.16560E-28  1.42952E+06  2.00000E-03  8.77658E-01
 -1.15422E+01  2.16330E-28  1.42851E+06  2.00000E-03  9.52857E-01
 -1.14486E+01  2.16214E-28  1.42800E+06  2.00000E-03  1.00557E+00
 -1.13551E+01  2.16173E-28  1.42782E+06  2.00000E-03  1.04708E+00
 -1.12615E+01  2.16173E-28  1.42783E+06  2.00000E-03  1.09406E+00
 -1.11679E+01  2.16070E-28  1.42737E+06  2.00000E-03  1.14049E+00
 -1.10743E+01  2.16086E-28  1.42745E+06  2.00000E-03  1.16595E+00
 -1.09807E+01  2.16231E-28  1.42809E+06  2.00000E-03  1.20585E+00
 -1.08872E+01  2.16394E-28  1.42881E+06  2.00000E-03  1.25520E+00
 -1.07936E+01  2.16575E-28  1.42961E+06  2.00000E-03  1.30898E+00
 -1.07000E+01  2.16714E-28  1.43023E+06  2.00000E-03  1.37255E+00
 -1.06064E+01  2.16852E-28  1.43084E+06  2.00000E-03  1.44860E+00
 -1.05128E+01  2.16971E-28  1.43138E+06  2.00000E-03  1.58142E+00
 -1.04193E+01  2.17036E-28  1.43166E+06  2.00000E-03  1.75542E+00
 -1.03257E+01  2.17165E-28  1.43223E+06  2.00000E-03  1.91682E+00
 -1.02321E+01  2.17192E-28  1.43235E+06  2.00000E-03  2.09692E+00
 -1.01385E+01  2.17081E-28  1.43186E+06  2.00000E-03  2.21323E+00
 -1.00449E+01  2.16984E-28  1.43143E+06  2.00000E-03  2.33872E+00
 -9.95136E+00  2.17027E-28  1.43163E+06  2.00000E-03  2.41394E+00
 -9.85778E+00  2.17085E-28  1.43188E+06  2.00000E-03  2.43870E+00
 -9.76420E+00  2.17156E-28  1.43220E+06  2.00000E-03  2.43137E+00
 -9.67062E+00  2.17474E-28  1.43359E+06  2.00000E-03  2.37266E+00
 -9.57704E+00  2.17655E-28  1.43439E+06  2.00000E-03  2.28784E+00
 -9.48347E+00  2.17913E-28  1.43552E+06  2.00000E-03  2.22615E+00
 -9.38988E+00  2.18218E-28  1.43686E+06  2.00000E-03  2.14497E+00
 -9.29631E+00  2.18390E-28  1.43761E+06  2.00000E-03  2.01649E+00
 -9.20273E+00  2.18490E-28  1.43805E+06  2.00000E-03  1.92755E+00
 -9.10915E+00  2.18599E-28  1.43853E+06  2.00000E-03  1.85539E+00
 -9.01557E+00  2.18617E-28  1.43861E+06  2.00000E-03  1.79356E+00
 -8.92199E+00  2.18591E-28  1.43850E+06  2.00000E-03  1.72771E+00
 -8.82841E+00  2.18597E-28  1.43853E+06  2.00000E-03  1.65423E+00
 -8.73483E+00  2.18613E-28  1.43860E+06  2.00000E-03  1.61142E+00
 -8.64125E+00  2.18504E-28  1.43814E+06  2.00000E-03  1.57553E+00
 -8.54767E+00  2.18345E-28  1.43746E+06  2.00000E-03  1.57429E+00
 -8.45409E+00  2.18415E-28  1.43777E+06  2.00000E-03  1.56984E+00
 -8.36051E+00  2.18484E-28  1.43808E+06  2.00000E-03  1.59453E+00
 -8.26693E+00  2.18361E-28  1.43755E+06  2.00000E-03  1.64300E+00
 -8.17335E+00  2.18324E-28  1.43740E+06  2.00000E-03  1.73651E+00
 -8.07977E+00  2.18624E-28  1.43872E+06  2.00000E-03  1.84111E+00
 -7.98619E+00  2.18658E-28  1.43888E+06  2.00000E-03  1.89394E+00
 -7.89261E+00  2.18406E-28  1.43778E+06  2.00000E-03  1.94694E+00
 -7.79903E+00  2.18742E-28  1.43926E+06  2.00000E-03  2.01606E+00
 -7.70545E+00  2.19075E-28  1.44072E+06  2.00000E-03  2.03087E+00
 -7.61187E+00  2.19192E-28  1.44124E+06  2.00000E-03  2.02715E+00
 -7.51829E+00  2.19236E-28  1.44144E+06  2.00000E-03  2.04309E+00
 -7.42471E+00  2.19073E-28  1.44072E+06  2.00000E-03  2.04162E+00
 -7.33113E+00  2.19013E-28  1.44046E+06  2.00000E-03  2.02355E+00
 -7.23755E+00  2.18922E-28  1.44006E+06  2.00000E-03  1.98691E+00
 -7.14397E+00  2.18585E-28  1.43858E+06  2.00000E-03  1.96601E+00
 -7.05039E+00  2.18289E-28  1.43729E+06  2.00000E-03  1.92745E+00
 -6.95681E+00  2.18038E-28  1.43619E+06  2.00000E-03  1.76762E+00
 -6.86323E+00  2.17730E-28  1.43484E+06  2.00000E-03  1.69855E+00
 -6.76965E+00  2.17236E-28  1.43266E+06  2.00000E-03  1.61923E+00
 -6.67607E+00  2.16772E-28  1.43062E+06  2.00000E-03  1.53019E+00
 -6.58249E+00  2.16334E-28  1.42868E+06  2.00000E-03  1.41731E+00
 -6.48891E+00  2.15943E-28  1.42696E+06  2.00000E-03  1.29866E+00
 -6.39533E+00  2.15390E-28  1.42452E+06  2.00000E-03  1.33312E+00
 -6.30175E+00  2.14907E-28  1.42239E+06  2.00000E-03  1.34594E+00
 -6.20817E+00  2.14523E-28  1.42069E+06  2.00000E-03  1.27857E+00
 -6.11459E+00  2.14188E-28  1.41920E+06  2.00000E-03  1.29547E+00
 -6.02101E+00  2.13555E-28  1.41640E+06  2.00000E-03  1.51569E+00
 -5.92743E+00  2.13330E-28  1.41540E+06  2.00000E-03  1.49744E+00
 -5.83385E+00  2.13119E-28  1.41446E+06  2.00000E-03  1.51463E+00
 -5.74027E+00  2.12842E-28  1.41323E+06  2.00000E-03  1.60705E+00
 -5.64669E+00  2.12455E-28  1.41150E+06  2.00000E-03  1.70155E+00
 -5.55311E+00  2.12187E-28  1.41031E+06  2.00000E-03  1.74374E+00
 -5.45953E+00  2.12035E-28  1.40963E+06  2.00000E-03  1.75977E+00
 -5.36595E+00  2.11748E-28  1.40836E+06  2.00000E-03  1.83125E+00
 -5.27237E+00  2.11406E-28  1.40684E+06  2.00000E-03  1.92023E+00
 -5.17879E+00  2.11288E-28  1.40633E+06  2.00000E-03  1.90872E+00
 -5.08521E+00  2.11126E-28  1.40562E+06  2.00000E-03  1.85075E+00
 -4.99163E+00  2.11131E-28  1.40565E+06  2.00000E-03  1.80226E+00
 -4.89805E+00  2.11143E-28  1.40573E+06  2.00000E-03  1.70984E+00
 -4.80447E+00  2.11273E-28  1.40633E+06  2.00000E-03  1.57196E+00
 -4.71089E+00  2.11604E-28  1.40782E+06  2.00000E-03  1.41087E+00
 -4.61731E+00  2.11930E-28  1.40928E+06  2.00000E-03  1.11985E+00
 -4.52373E+00  2.12402E-28  1.41138E+06  2.00000E-03  9.08849E-01
 -4.43015E+00  2.13030E-28  1.41416E+06  2.00000E-03  7.24137E-01
 -4.33657E+00  2.13537E-28  1.41641E+06  2.00000E-03  4.55782E-01
 -4.24299E+00  2.14327E-28  1.41992E+06  2.00000E-03  1.46638E-01
 -4.14941E+00  2.14921E-28  1.42256E+06  2.00000E-03 -3.60277E-02
 -4.05583E+00  2.15482E-28  1.42505E+06  2.00000E-03 -1.09651E-01
 -3.96225E+00  2.16176E-28  1.42814E+06  2.00000E-03  4.53700E-03
 -3.86867E+00  2.16715E-28  1.43056E+06  2.00000E-03  3.02846E-02
 -3.77509E+00  2.17096E-28  1.43228E+06  2.00000E-03  1.07555E-01
 -3.68151E+00  2.17591E-28  1.43452E+06  2.00000E-03  3.70429E-01
 -3.58793E+00  2.18038E-28  1.43651E+06  2.00000E-03  6.72447E-01
 -3.49435E+00  2.18496E-28  1.43855E+06  2.00000E-03  1.00902E+00
 -3.40077E+00  2.18913E-28  1.44035E+06  2.00000E-03  1.35344E+00
 -3.30719E+00  2.19223E-28  1.44167E+06  2.00000E-03  1.59348E+00
 -3.21361E+00  2.19696E-28  1.44367E+06  2.00000E-03  1.95715E+00
 -3.12003E+00  2.19963E-28  1.44481E+06  2.00000E-03  2.18630E+00
 -3.02645E+00  2.20302E-28  1.44628E+06  2.00000E-03  2.45891E+00
 -2.93288E+00  2.20478E-28  1.44706E+06  2.00000E-03  2.60194E+00
 -2.83930E+00  2.20582E-28  1.44752E+06  2.00000E-03  2.77379E+00
 -2.74572E+00  2.20640E-28  1.44779E+06  2.00000E-03  2.89536E+00
 -2.65214E+00  2.20729E-28  1.44819E+06  2.00000E-03  2.87380E+00
 -2.55856E+00  2.20767E-28  1.44836E+06  2.00000E-03  2.69174E+00
 -2.46498E+00  2.20491E-28  1.44716E+06  2.00000E-03  2.54722E+00
 -2.37140E+00  2.20460E-28  1.44703E+06  2.00000E-03  2.39602E+00
 -2.27782E+00  2.20343E-28  1.44650E+06  2.00000E-03  1.82532E+00
 -2.18424E+00  2.20242E-28  1.44608E+06  2.00000E-03  1.13804E+00
 -2.09066E+00  2.20473E-28  1.44710E+06  2.00000E-03  3.12568E-01
 -1.99708E+00  2.20552E-28  1.44733E+06  2.00000E-03 -7.66333E-01
 -1.90350E+00  2.20612E-28  1.44801E+06  2.00000E-03 -1.66415E+00
 -1.80992E+00  2.20801E-28  1.44997E+06  1.99999E-03 -2.92074E+00
 -1.71634E+00  2.21074E-28  1.45194E+06  1.99997E-03 -3.91625E+00
 -1.62276E+00  2.21462E-28  1.45003E+06  1.99662E-03 -5.34159E+00
 -1.52918E+00  2.22075E-28  1.44745E+06  1.99264E-03 -6.19477E+00
 -1.43560E+00  2.22462E-28  1.44509E+06  1.99005E-03 -6.73567E+00
 -1.34202E+00  2.24400E-28  1.43160E+06  1.97745E-03 -6.51373E+00
 -1.24844E+00  2.25070E-28  1.43128E+06  1.97594E-03 -5.21563E+00
 -1.15486E+00  2.23106E-28  1.44797E+06  1.99178E-03 -3.48004E+00
 -1.06128E+00  2.22740E-28  1.45699E+06  1.99881E-03 -1.99633E+00
 -9.67698E-01  2.23062E-28  1.45899E+06  1.99992E-03 -8.12685E-01
 -8.74118E-01  2.23744E-28  1.46157E+06  1.99998E-03  4.60070E-01
 -7.80538E-01  2.24894E-28  1.46654E+06  2.00000E-03  1.37872E+00
 -6.86959E-01  2.26070E-28  1.47170E+06  2.00000E-03  2.31568E+00
 -5.93379E-01  2.26684E-28  1.47447E+06  2.00000E-03  2.85419E+00
 -4.99799E-01  2.27337E-28  1.47747E+06  2.00000E-03  3.16170E+00
 -4.06219E-01  2.28906E-28  1.48442E+06  2.00000E-03  4.18669E+00
 -3.12639E-01  2.30132E-28  1.48985E+06  2.00000E-03  4.99461E+00
 -2.19059E-01  2.31465E-28  1.49578E+06  2.00000E-03  5.95363E+00
 -1.25479E-01  2.32710E-28  1.50129E+06  2.00000E-03  7.02144E+00
 -3.18996E-02  2.33487E-28  1.50466E+06  2.00000E-03  7.80331E+00
  6.16802E-02  2.34618E-28  1.50949E+06  2.00000E-03  9.36693E+00
  1.55260E-01  2.35198E-28  1.51193E+06  2.00000E-03  1.06434E+01
  2.48840E-01  2.35590E-28  1.51346E+06  2.00000E-03  1.20823E+01
  3.42420E-01  2.35575E-28  1.51332E+06  2.00000E-03  1.31701E+01
  4.36000E-01  2.35136E-28  1.51132E+06  2.00000E-03  1.41930E+01
  5.29580E-01  2.34181E-28  1.50714E+06  2.00000E-03  1.48611E+01
  6.23159E-01  2.32895E-28  1.50158E+06  2.00000E-03  1.46709E+01
  7.16739E-01  2.31049E-28  1.49350E+06  2.00000E-03  1.41705E+01
  8.10319E-01  2.29821E-28  1.48813E+06  2.00000E-03  1.38892E+01
  9.03899E-01  2.28392E-28  1.48192E+06  2.00000E-03  1.35576E+01
  9.97479E-01  2.27150E-28  1.47654E+06  2.00000E-03  1.27449E+01
  1.09106E+00  2.26130E-28  1.47212E+06  2.00000E-03  1.22943E+01
  1.18464E+00  2.25171E-28  1.46797E+06  2.00000E-03  1.16980E+01
  1.27822E+00  2.23680E-28  1.46151E+06  2.00000E-03  1.10191E+01
  1.37180E+00  2.22508E-28  1.45622E+06  1.99998E-03  1.03675E+01
  1.46538E+00  2.19908E-28  1.44456E+06  1.99996E-03  8.58329E+00
  1.55896E+00  2.18001E-28  1.43631E+06  1.99990E-03  7.40254E+00
  1.65254E+00  2.16653E-28  1.43107E+06  1.99974E-03  6.61928E+00
  1.74612E+00  2.15224E-28  1.42551E+06  1.99961E-03  5.97657E+00
  1.83970E+00  2.14804E-28  1.42391E+06  1.99953E-03  5.89320E+00
  1.93328E+00  2.14701E-28  1.42379E+06  1.99941E-03  6.18906E+00
  2.02686E+00  2.15400E-28  1.42689E+06  1.99917E-03  7.20973E+00
  2.12044E+00  2.16269E-28  1.43072E+06  1.99893E-03  8.70495E+00
  2.21402E+00  2.16841E-28  1.43319E+06  1.99843E-03  9.86697E+00
  2.30760E+00  2.18020E-28  1.43063E+06  1.99387E-03  1.16516E+01
  2.40118E+00  2.20690E-28  1.41797E+06  1.98142E-03  1.42048E+01
  2.49476E+00  2.23003E-28  1.40320E+06  1.96740E-03  1.55888E+01
  2.58834E+00  2.25504E-28  1.38451E+06  1.94974E-03  1.74541E+01
  2.68192E+00  2.26008E-28  1.37877E+06  1.94403E-03  1.86464E+01
  2.77550E+00  2.24515E-28  1.38967E+06  1.95301E-03  1.92555E+01
  2.86908E+00  2.21811E-28  1.40437E+06  1.96778E-03  1.70992E+01
  2.96266E+00  2.17908E-28  1.42533E+06  1.98792E-03  1.36258E+01
  3.05624E+00  2.16237E-28  1.43107E+06  1.99471E-03  1.16410E+01
  3.14982E+00  2.15503E-28  1.43291E+06  1.99795E-03  9.35380E+00
  3.24340E+00  2.16892E-28  1.42762E+06  1.99255E-03  7.98831E+00
  3.33698E+00  2.20741E-28  1.40761E+06  1.97268E-03  6.63215E+00
  3.43056E+00  2.29766E-28  1.35491E+06  1.91866E-03  5.23108E+00
  3.52413E+00  2.33229E-28  1.33258E+06  1.89319E-03  4.10524E+00
  3.61771E+00  2.25663E-28  1.36457E+06  1.92985E-03  2.78873E+00
  3.71129E+00  2.16366E-28  1.40104E+06  1.97452E-03  9.97103E-01
  3.80487E+00  2.11737E-28  1.41290E+06  1.99470E-03 -5.06133E-01
  3.89845E+00  2.10731E-28  1.41008E+06  1.99913E-03 -1.26006E+00
  3.99203E+00  2.10998E-28  1.40705E+06  1.99985E-03 -1.38764E+00
  4.08561E+00  2.11581E-28  1.40802E+06  1.99995E-03 -1.03735E+00
  4.17919E+00  2.12380E-28  1.41194E+06  1.99989E-03 -2.75287E-01
  4.27277E+00  2.13609E-28  1.41795E+06  1.99975E-03  1.00889E+00
  4.36635E+00  2.14885E-28  1.42448E+06  1.99960E-03  2.09040E+00
  4.45993E+00  2.16556E-28  1.42903E+06  1.99764E-03  2.55358E+00
  4.55351E+00  2.17587E-28  1.43246E+06  1.99750E-03  3.05073E+00
  4.64709E+00  2.17846E-28  1.43484E+06  1.99811E-03  3.94285E+00
  4.74067E+00  2.17741E-28  1.43350E+06  1.99594E-03  4.52042E+00
  4.83425E+00  2.17932E-28  1.42761E+06  1.98828E-03  4.87682E+00
  4.92783E+00  2.17631E-28  1.42252E+06  1.98395E-03  4.23067E+00
  5.02141E+00  2.16518E-28  1.42138E+06  1.98851E-03  2.89415E+00
  5.11499E+00  2.15227E-28  1.42190E+06  1.99560E-03  1.40140E+00
  5.20857E+00  2.14248E-28  1.42074E+06  1.99927E-03 -6.32761E-02
  5.30215E+00  2.13643E-28  1.41806E+06  1.99988E-03 -1.29814E+00
  5.39573E+00  2.13044E-28  1.41511E+06  1.99999E-03 -2.72798E+00
  5.48931E+00  2.12389E-28  1.41214E+06  2.00000E-03 -4.31518E+00
  5.58289E+00  2.11708E-28  1.40910E+06  1.99998E-03 -6.01314E+00
  5.67647E+00  2.11137E-28  1.40647E+06  1.99996E-03 -8.03363E+00
  5.77005E+00  2.10743E-28  1.40452E+06  1.99994E-03 -1.02024E+01
  5.86363E+00  2.10430E-28  1.40325E+06  1.99979E-03 -1.22512E+01
  5.95721E+00  2.10198E-28  1.40281E+06  1.99936E-03 -1.43941E+01
  6.05079E+00  2.10194E-28  1.40339E+06  1.99943E-03 -1.67033E+01
  6.14437E+00  2.10710E-28  1.40567E+06  1.99973E-03 -1.88616E+01
  6.23795E+00  2.11760E-28  1.40980E+06  1.99991E-03 -2.01095E+01
  6.33153E+00  2.13682E-28  1.41778E+06  2.00000E-03 -1.90257E+01
  6.42511E+00  2.15714E-28  1.42684E+06  2.00000E-03 -1.63174E+01
  6.51869E+00  2.17490E-28  1.43464E+06  2.00000E-03 -1.32778E+01
  6.61227E+00  2.18891E-28  1.44068E+06  2.00000E-03 -1.06185E+01
  6.70585E+00  2.19889E-28  1.44497E+06  2.00000E-03 -8.64575E+00
  6.79943E+00  2.20606E-28  1.44805E+06  2.00000E-03 -7.15078E+00
  6.89301E+00  2.20947E-28  1.44951E+06  2.00000E-03 -6.08465E+00
  6.98659E+00  2.20668E-28  1.44824E+06  2.00000E-03 -5.54032E+00
  7.08017E+00  2.19834E-28  1.44455E+06  2.00000E-03 -5.47776E+00
  7.17375E+00  2.18778E-28  1.43984E+06  2.00000E-03 -5.48615E+00
  7.26733E+00  2.17995E-28  1.43635E+06  2.00000E-03 -5.20468E+00
  7.36091E+00  2.17704E-28  1.43505E+06  2.00000E-03 -4.78347E+00
  7.45449E+00  2.17731E-28  1.43513E+06  2.00000E-03 -3.93131E+00
  7.54807E+00  2.17941E-28  1.43602E+06  2.00000E-03 -2.95320E+00
  7.64165E+00  2.18123E-28  1.43680E+06  2.00000E-03 -2.48852E+00
  7.73523E+00  2.18496E-28  1.43842E+06  2.00000E-03 -1.59351E+00
  7.82881E+00  2.18901E-28  1.44020E+06  2.00000E-03 -8.21728E-01
  7.92239E+00  2.19199E-28  1.44150E+06  2.00000E-03 -4.77239E-01
  8.01597E+00  2.19271E-28  1.44181E+06  2.00000E-03 -2.98115E-01
  8.10955E+00  2.18920E-28  1.44028E+06  2.00000E-03 -5.13688E-01
  8.20313E+00  2.17808E-28  1.43541E+06  2.00000E-03 -1.21610E+00
  8.29671E+00  2.16967E-28  1.43172E+06  2.00000E-03 -1.86389E+00
  8.39029E+00  2.16422E-28  1.42930E+06  2.00000E-03 -2.46408E+00
  8.48387E+00  2.16136E-28  1.42804E+06  2.00000E-03 -2.66632E+00
  8.57745E+00  2.16128E-28  1.42799E+06  2.00000E-03 -2.59504E+00
  8.67103E+00  2.16492E-28  1.42957E+06  2.00000E-03 -2.44418E+00
  8.76461E+00  2.17040E-28  1.43197E+06  2.00000E-03 -2.13824E+00
  8.85819E+00  2.17577E-28  1.43432E+06  2.00000E-03 -1.85846E+00
  8.95177E+00  2.17884E-28  1.43566E+06  2.00000E-03 -1.73159E+00
  9.04535E+00  2.17866E-28  1.43558E+06  2.00000E-03 -1.84101E+00
  9.13893E+00  2.17254E-28  1.43289E+06  2.00000E-03 -2.42014E+00
  9.23251E+00  2.16028E-28  1.42749E+06  2.00000E-03 -3.43552E+00
  9.32609E+00  2.14423E-28  1.42042E+06  2.00000E-03 -4.72520E+00
  9.41967E+00  2.12438E-28  1.41162E+06  2.00000E-03 -6.28195E+00
  9.51325E+00  2.11404E-28  1.40703E+06  2.00000E-03 -7.06290E+00
  9.60683E+00  2.10658E-28  1.40372E+06  2.00000E-03 -7.56740E+00
  9.70041E+00  2.10428E-28  1.40269E+06  2.00000E-03 -7.57121E+00
  9.79399E+00  2.10397E-28  1.40255E+06  2.00000E-03 -7.40364E+00
  9.88756E+00  2.10327E-28  1.40223E+06  2.00000E-03 -7.23940E+00
  9.98114E+00  2.10192E-28  1.40162E+06  2.00000E-03 -7.17467E+00
  1.00747E+01  2.09991E-28  1.40071E+06  2.00000E-03 -7.20602E+00
  1.01683E+01  2.09731E-28  1.39955E+06  2.00000E-03 -7.28583E+00
  1.02619E+01  2.09549E-28  1.39873E+06  2.00000E-03 -7.33754E+00
  1.03555E+01  2.09502E-28  1.39851E+06  2.00000E-03 -7.30310E+00
  1.04490E+01  2.09890E-28  1.40023E+06  2.00000E-03 -7.00639E+00
  1.05426E+01  2.10457E-28  1.40275E+06  2.00000E-03 -6.59749E+00
  1.06362E+01  2.11034E-28  1.40530E+06  2.00000E-03 -6.20149E+00
  1.07298E+01  2.11568E-28  1.40767E+06  2.00000E-03 -5.86485E+00
  1.08234E+01  2.11865E-28  1.40899E+06  2.00000E-03 -5.74143E+00
  1.09169E+01  2.11973E-28  1.40946E+06  2.00000E-03 -5.74280E+00
  1.10105E+01  2.11932E-28  1.40928E+06  2.00000E-03 -5.89790E+00
  1.11041E+01  2.11782E-28  1.40861E+06  2.00000E-03 -6.10650E+00
  1.11977E+01  2.11727E-28  1.40836E+06  2.00000E-03 -6.20731E+00
  1.12913E+01  2.11844E-28  1.40888E+06  2.00000E-03 -6.19686E+00
  1.13848E+01  2.12139E-28  1.41019E+06  2.00000E-03 -6.02313E+00
  1.14784E+01  2.12636E-28  1.41239E+06  2.00000E-03 -5.68175E+00
  1.15720E+01  2.13334E-28  1.41549E+06  2.00000E-03 -5.16989E+00
  1.16656E+01  2.14205E-28  1.41934E+06  2.00000E-03 -4.56921E+00
  1.17592E+01  2.14954E-28  1.42264E+06  2.00000E-03 -4.04872E+00
  1.18527E+01  2.15688E-28  1.42589E+06  2.00000E-03 -3.52183E+00
  1.19463E+01  2.16422E-28  1.42912E+06  2.00000E-03 -3.02824E+00
  1.20399E+01  2.17185E-28  1.43248E+06  2.00000E-03 -2.50642E+00
  1.21335E+01  2.17954E-28  1.43587E+06  2.00000E-03 -1.97766E+00
  1.22271E+01  2.18655E-28  1.43895E+06  2.00000E-03 -1.48757E+00
  1.23206E+01  2.19314E-28  1.44183E+06  2.00000E-03 -1.03987E+00
  1.24142E+01  2.20160E-28  1.44553E+06  2.00000E-03 -4.67061E-01
  1.25078E+01  2.20885E-28  1.44870E+06  2.00000E-03  2.27041E-02
  1.26014E+01  2.21609E-28  1.45186E+06  2.00000E-03  5.11807E-01
  1.26950E+01  2.22531E-28  1.45587E+06  2.00000E-03  1.12844E+00
  1.27885E+01  2.23064E-28  1.45820E+06  2.00000E-03  1.48420E+00
  1.28821E+01  2.23720E-28  1.46105E+06  2.00000E-03  1.93672E+00
  1.29757E+01  2.24124E-28  1.46281E+06  2.00000E-03  2.23661E+00
  1.30693E+01  2.24176E-28  1.46306E+06  2.00000E-03  2.30424E+00
  1.31629E+01  2.23954E-28  1.46215E+06  2.00000E-03  2.16133E+00
  1.32564E+01  2.23271E-28  1.45929E+06  2.00000E-03  1.69722E+00
  1.33500E+01  2.21918E-28  1.45351E+06  2.00000E-03  8.20012E-01
  1.34436E+01  2.20157E-28  1.44591E+06  2.00000E-03 -3.52952E-01
  1.35372E+01  2.18445E-28  1.43852E+06  2.00000E-03 -1.49708E+00
  1.36308E+01  2.17116E-28  1.43279E+06  2.00000E-03 -2.39126E+00
  1.37243E+01  2.16134E-28  1.42849E+06  2.00000E-03 -3.02467E+00
  1.38179E+01  2.15888E-28  1.42741E+06  2.00000E-03 -3.20894E+00
  1.39115E+01  2.15884E-28  1.42736E+06  2.00000E-03 -3.20879E+00
  1.40051E+01  2.16045E-28  1.42801E+06  2.00000E-03 -3.06928E+00
  1.40987E+01  2.16100E-28  1.42819E+06  2.00000E-03 -3.06756E+00
  1.41922E+01  2.16170E-28  1.42849E+06  2.00000E-03 -2.95021E+00
  1.42858E+01  2.16117E-28  1.42819E+06  2.00000E-03 -2.94243E+00
  1.43794E+01  2.16043E-28  1.42773E+06  2.00000E-03 -3.01888E+00
  1.44730E+01  2.16049E-28  1.42773E+06  2.00000E-03 -2.96406E+00
  1.45666E+01  2.15853E-28  1.42684E+06  2.00000E-03 -2.99987E+00
  1.46601E+01  2.15783E-28  1.42650E+06  2.00000E-03 -3.02336E+00
  1.47537E+01  2.15841E-28  1.42671E+06  2.00000E-03 -2.92147E+00
  1.48473E+01  2.15632E-28  1.42576E+06  2.00000E-03 -2.99567E+00
  1.49409E+01  2.15233E-28  1.42396E+06  2.00000E-03 -3.18263E+00
  1.50345E+01  2.15110E-28  1.42339E+06  2.00000E-03 -3.23004E+00
  1.51280E+01  2.14842E-28  1.42219E+06  2.00000E-03 -3.38242E+00
  1.52216E+01  2.14456E-28  1.42045E+06  2.00000E-03 -3.62690E+00
  1.53152E+01  2.14343E-28  1.41993E+06  2.00000E-03 -3.69014E+00
  1.54088E+01  2.14238E-28  1.41946E+06  2.00000E-03 -3.76200E+00
  1.55024E+01  2.13983E-28  1.41831E+06  2.00000E-03 -3.87872E+00
  1.55959E+01  2.14246E-28  1.41947E+06  2.00000E-03 -3.70265E+00
  1.56895E+01  2.14356E-28  1.41995E+06  2.00000E-03 -3.59896E+00
  1.57831E+01  2.14944E-28  1.42254E+06  2.00000E-03 -3.16530E+00
  1.58767E+01  2.15195E-28  1.42364E+06  2.00000E-03 -2.99460E+00
  1.59703E+01  2.15578E-28  1.42533E+06  2.00000E-03 -2.73359E+00
  1.60638E+01  2.16311E-28  1.42855E+06  2.00000E-03 -2.24329E+00
  1.61574E+01  2.16649E-28  1.43003E+06  2.00000E-03 -2.04717E+00
  1.62510E+01  2.17103E-28  1.43203E+06  2.00000E-03 -1.75604E+00
  1.63446E+01  2.17862E-28  1.43536E+06  2.00000E-03 -1.28495E+00
  1.64382E+01  2.18271E-28  1.43715E+06  2.00000E-03 -1.03334E+00
  1.65317E+01  2.18721E-28  1.43913E+06  2.00000E-03 -7.33378E-01
  1.66253E+01  2.19756E-28  1.44366E+06  2.00000E-03 -6.46354E-02
  1.67189E+01  2.19959E-28  1.44454E+06  2.00000E-03  6.03506E-02
  1.68125E+01  2.20544E-28  1.44711E+06  2.00000E-03  4.78154E-01
  1.69061E+01  2.21515E-28  1.45135E+06  2.00000E-03  1.18723E+00
  1.69996E+01  2.21734E-28  1.45230E+06  2.00000E-03  1.34822E+00
  1.70932E+01  2.21982E-28  1.45338E+06  2.00000E-03  1.49928E+00
  1.71868E+01  2.22065E-28  1.45373E+06  2.00000E-03  1.48732E+00
  1.72804E+01  2.22074E-28  1.45377E+06  2.00000E-03  1.47346E+00
  1.73740E+01  2.21689E-28  1.45208E+06  2.00000E-03  1.16544E+00
  1.74675E+01  2.20506E-28  1.44690E+06  2.00000E-03  2.58820E-01
  1.75611E+01  2.20025E-28  1.44479E+06  2.00000E-03 -1.23374E-01
  1.76547E+01  2.18910E-28  1.43990E+06  2.00000E-03 -9.68282E-01
  1.77483E+01  2.17561E-28  1.43397E+06  2.00000E-03 -1.97094E+00
  1.78419E+01  2.16753E-28  1.43040E+06  2.00000E-03 -2.56483E+00
  1.79354E+01  2.16170E-28  1.42783E+06  2.00000E-03 -2.96552E+00
  1.80290E+01  2.15742E-28  1.42594E+06  2.00000E-03 -3.23921E+00
  1.81226E+01  2.15583E-28  1.42524E+06  2.00000E-03 -3.32280E+00
  1.82162E+01  2.15580E-28  1.42522E+06  2.00000E-03 -3.28938E+00
  1.83098E+01  2.15537E-28  1.42503E+06  2.00000E-03 -3.26245E+00
  1.84033E+01  2.15607E-28  1.42534E+06  2.00000E-03 -3.15563E+00
  1.84969E+01  2.15669E-28  1.42562E+06  2.00000E-03 -3.07218E+00
  1.85905E+01  2.15680E-28  1.42566E+06  2.00000E-03 -3.00923E+00
  1.86841E+01  2.15710E-28  1.42579E+06  2.00000E-03 -2.89633E+00
  1.87777E+01  2.15784E-28  1.42612E+06  2.00000E-03 -2.83640E+00
  1.88712E+01  2.15858E-28  1.42644E+06  2.00000E-03 -2.72991E+00
  1.89648E+01  2.15942E-28  1.42681E+06  2.00000E-03 -2.54954E+00
  1.90584E+01  2.15993E-28  1.42704E+06  2.00000E-03 -2.50955E+00
  1.91520E+01  2.16184E-28  1.42788E+06  2.00000E-03 -2.32764E+00
  1.92456E+01  2.16305E-28  1.42841E+06  2.00000E-03 -2.14669E+00
  1.93391E+01  2.16311E-28  1.42843E+06  2.00000E-03 -2.12355E+00
  1.94327E+01  2.16355E-28  1.42863E+06  2.00000E-03 -2.06424E+00
  1.95263E+01  2.16274E-28  1.42827E+06  2.00000E-03 -2.10254E+00
  1.96199E+01  2.16274E-28  1.42827E+06  2.00000E-03 -2.10357E+00
  1.97134E+01  2.16028E-28  1.42719E+06  2.00000E-03 -2.32752E+00
  1.98070E+01  2.15515E-28  1.42492E+06  2.00000E-03 -2.74022E+00
  1.99006E+01  2.15421E-28  1.42450E+06  2.00000E-03 -2.82835E+00
  1.99942E+01  2.14990E-28  1.42260E+06  2.00000E-03 -3.22178E+00
  2.00878E+01  2.14620E-28  1.42097E+06  2.00000E-03 -3.55081E+00
  2.01813E+01  2.14557E-28  1.42069E+06  2.00000E-03 -3.61564E+00
  2.02749E+01  2.14460E-28  1.42026E+06  2.00000E-03 -3.73024E+00
  2.03685E+01  2.14466E-28  1.42029E+06  2.00000E-03 -3.72801E+00
  2.04621E+01  2.14489E-28  1.42040E+06  2.00000E-03 -3.71501E+00
  2.05557E+01  2.14741E-28  1.42153E+06  2.00000E-03 -3.55624E+00
  2.06492E+01  2.14953E-28  1.42248E+06  2.00000E-03 -3.39329E+00
  2.07428E+01  2.15038E-28  1.42286E+06  2.00000E-03 -3.32925E+00
  2.08364E+01  2.15389E-28  1.42444E+06  2.00000E-03 -3.01820E+00
  2.09300E+01  2.15451E-28  1.42476E+06  2.00000E-03 -2.92498E+00
  2.10236E+01  2.15563E-28  1.42526E+06  2.00000E-03 -2.86304E+00
  2.11171E+01  2.15697E-28  1.42589E+06  2.00000E-03 -2.80272E+00
  2.12107E+01  2.15652E-28  1.42574E+06  2.00000E-03 -2.84460E+00
  2.13043E+01  2.15666E-28  1.42582E+06  2.00000E-03 -2.85186E+00
  2.13979E+01  2.15666E-28  1.42582E+06  2.00000E-03 -2.85186E+00
  2.14915E+01  2.15659E-28  1.42579E+06  2.00000E-03 -2.85706E+00
  2.15850E+01  2.15504E-28  1.42514E+06  2.00000E-03 -2.97130E+00
  2.16786E+01  2.15480E-28  1.42503E+06  2.00000E-03 -2.98993E+00
  2.17722E+01  2.15606E-28  1.42551E+06  2.00000E-03 -2.90121E+00
  2.18658E+01  2.15621E-28  1.42556E+06  2.00000E-03 -2.89046E+00
  2.19594E+01  2.15621E-28  1.42556E+06  2.00000E-03 -2.89046E+00
  2.20529E+01  2.15587E-28  1.42542E+06  2.00000E-03 -2.90753E+00
  2.21465E+01  2.15459E-28  1.42487E+06  2.00000E-03 -2.97292E+00
  2.22401E+01  2.15550E-28  1.42527E+06  2.00000E-03 -2.90041E+00
  2.23337E+01  2.16181E-28  1.42801E+06  2.00000E-03 -2.45396E+00
  2.24273E+01  2.16283E-28  1.42846E+06  2.00000E-03 -2.38223E+00
  2.25208E+01  2.16290E-28  1.42848E+06  2.00000E-03 -2.37802E+00
  2.26144E+01  2.16325E-28  1.42864E+06  2.00000E-03 -2.31357E+00
  2.27080E+01  2.16397E-28  1.42896E+06  2.00000E-03 -2.20098E+00
  2.28016E+01  2.16489E-28  1.42936E+06  2.00000E-03 -2.13965E+00
  2.28952E+01  2.16796E-28  1.43068E+06  2.00000E-03 -1.93606E+00
  2.29887E+01  2.16929E-28  1.43125E+06  2.00000E-03 -1.84787E+00
  2.30823E+01  2.16923E-28  1.43123E+06  2.00000E-03 -1.84316E+00
  2.31759E+01  2.16894E-28  1.43109E+06  2.00000E-03 -1.81807E+00
  2.32695E+01  2.16882E-28  1.43104E+06  2.00000E-03 -1.80812E+00
  2.33631E+01  2.16889E-28  1.43107E+06  2.00000E-03 -1.81376E+00
  2.34566E+01  2.16918E-28  1.43118E+06  2.00000E-03 -1.83751E+00
  2.35502E+01  2.16931E-28  1.43123E+06  2.00000E-03 -1.84815E+00
  2.36438E+01  2.16946E-28  1.43129E+06  2.00000E-03 -1.81531E+00
  2.37374E+01  2.16972E-28  1.43141E+06  2.00000E-03 -1.75864E+00
  2.38310E+01  2.16975E-28  1.43142E+06  2.00000E-03 -1.74449E+00
  2.39245E+01  2.17005E-28  1.43154E+06  2.00000E-03 -1.73243E+00
  2.40181E+01  2.17234E-28  1.43254E+06  2.00000E-03 -1.56917E+00
  2.41117E+01  2.17370E-28  1.43313E+06  2.00000E-03 -1.47262E+00
  2.42053E+01  2.17697E-28  1.43458E+06  2.00000E-03 -1.17936E+00
  2.42989E+01  2.18029E-28  1.43603E+06  2.00000E-03 -8.84500E-01
  2.43924E+01  2.18029E-28  1.43603E+06  2.00000E-03 -8.84500E-01
  2.44860E+01  2.18029E-28  1.43604E+06  2.00000E-03 -8.83795E-01
  2.45796E+01  2.18374E-28  1.43754E+06  2.00000E-03 -5.97308E-01
  2.46732E+01  2.18757E-28  1.43921E+06  2.00000E-03 -2.76823E-01
  2.47668E+01  2.18873E-28  1.43972E+06  2.00000E-03 -1.70200E-01
  2.48603E+01  2.18933E-28  1.43999E+06  2.00000E-03 -1.14402E-01
  2.49539E+01  2.18933E-28  1.43999E+06  2.00000E-03 -1.14402E-01
  2.50475E+01  2.18923E-28  1.43994E+06  2.00000E-03 -1.18292E-01
  2.51411E+01  2.18879E-28  1.43974E+06  2.00000E-03 -1.34541E-01
  2.52347E+01  2.18720E-28  1.43904E+06  2.00000E-03 -2.14843E-01
  2.53282E+01  2.18417E-28  1.43772E+06  2.00000E-03 -3.85041E-01
  2.54218E+01  2.18352E-28  1.43743E+06  2.00000E-03 -4.22633E-01
  2.55154E+01  2.18345E-28  1.43740E+06  2.00000E-03 -4.27926E-01
  2.56090E+01  2.18232E-28  1.43691E+06  2.00000E-03 -5.16443E-01
  2.57026E+01  2.17596E-28  1.43410E+06  2.00000E-03 -1.01870E+00
  2.57961E+01  2.16210E-28  1.42800E+06  2.00000E-03 -2.07238E+00
  2.58897E+01  2.15580E-28  1.42522E+06  2.00000E-03 -2.54742E+00
  2.59833E+01  2.15580E-28  1.42522E+06  2.00000E-03 -2.54742E+00
  2.60769E+01  2.15580E-28  1.42522E+06  2.00000E-03 -2.54742E+00
  2.61705E+01  2.15580E-28  1.42522E+06  2.00000E-03 -2.54742E+00
  2.62640E+01  2.14881E-28  1.42213E+06  2.00000E-03 -3.07662E+00
  2.63576E+01  2.13873E-28  1.41766E+06  2.00000E-03 -3.81106E+00
  2.64512E+01  2.13742E-28  1.41708E+06  2.00000E-03 -3.90257E+00
  2.65448E+01  2.13742E-28  1.41708E+06  2.00000E-03 -3.90257E+00
  2.66384E+01  2.13742E-28  1.41708E+06  2.00000E-03 -3.90257E+00
  2.67319E+01  2.13739E-28  1.41707E+06  2.00000E-03 -3.90573E+00
  2.68255E+01  2.13685E-28  1.41682E+06  2.00000E-03 -3.93610E+00
  2.69191E+01  2.13680E-28  1.41680E+06  2.00000E-03 -3.88199E+00
  2.70127E+01  2.13681E-28  1.41680E+06  2.00000E-03 -3.87040E+00
  2.71063E+01  2.13684E-28  1.41681E+06  2.00000E-03 -3.87406E+00
  2.71998E+01  2.13684E-28  1.41682E+06  2.00000E-03 -3.87470E+00
  2.72934E+01  2.13695E-28  1.41686E+06  2.00000E-03 -3.86780E+00
  2.73870E+01  2.14015E-28  1.41828E+06  2.00000E-03 -3.62327E+00
  2.74806E+01  2.14409E-28  1.42002E+06  2.00000E-03 -3.30411E+00
  2.75742E+01  2.14443E-28  1.42016E+06  2.00000E-03 -3.27687E+00
  2.76677E+01  2.14443E-28  1.42016E+06  2.00000E-03 -3.27687E+00
  2.77613E+01  2.14443E-28  1.42016E+06  2.00000E-03 -3.27687E+00
  2.78549E+01  2.14481E-28  1.42033E+06  2.00000E-03 -3.24384E+00
  2.79485E+01  2.15043E-28  1.42282E+06  2.00000E-03 -2.75887E+00
  2.80421E+01  2.15498E-28  1.42483E+06  2.00000E-03 -2.36910E+00
  2.81356E+01  2.15516E-28  1.42491E+06  2.00000E-03 -2.35357E+00
  2.82292E+01  2.15534E-28  1.42499E+06  2.00000E-03 -2.34148E+00
  2.83228E+01  2.15541E-28  1.42502E+06  2.00000E-03 -2.33703E+00
  2.84164E+01  2.15813E-28  1.42622E+06  2.00000E-03 -2.14510E+00
  2.85100E+01  2.16409E-28  1.42885E+06  2.00000E-03 -1.70535E+00
  2.86035E+01  2.17012E-28  1.43152E+06  2.00000E-03 -1.22150E+00
  2.86971E+01  2.17198E-28  1.43234E+06  2.00000E-03 -1.07066E+00
  2.87907E+01  2.17198E-28  1.43234E+06  2.00000E-03 -1.07066E+00
  2.88843E+01  2.17198E-28  1.43234E+06  2.00000E-03 -1.07066E+00
  2.89779E+01  2.17198E-28  1.43234E+06  2.00000E-03 -1.07066E+00
  2.90714E+01  2.17198E-28  1.43234E+06  2.00000E-03 -1.07066E+00
  2.91650E+01  2.17198E-28  1.43234E+06  2.00000E-03 -1.07066E+00
  2.92586E+01  2.17198E-28  1.43234E+06  2.00000E-03 -1.07066E+00
  2.93522E+01  2.17198E-28  1.43234E+06  2.00000E-03 -1.07066E+00
  2.94458E+01  2.17337E-28  1.43296E+06  2.00000E-03 -9.62658E-01
  2.95393E+01  2.17998E-28  1.43585E+06  2.00000E-03 -4.51408E-01
  2.96329E+01  2.18058E-28  1.43612E+06  2.00000E-03 -4.06687E-01
  2.97265E+01  2.18408E-28  1.43763E+06  2.00000E-03 -1.91266E-01
  2.98201E+01  2.18457E-28  1.43785E+06  2.00000E-03 -1.63260E-01
  2.99137E+01  2.18451E-28  1.43782E+06  2.00000E-03 -1.65692E-01
  3.00072E+01  2.18503E-28  1.43805E+06  2.00000E-03 -1.44044E-01
  3.01008E+01  2.18533E-28  1.43818E+06  2.00000E-03 -1.31234E-01
  3.01944E+01  2.18533E-28  1.43818E+06  2.00000E-03 -1.31234E-01
  3.02880E+01  2.18533E-28  1.43818E+06  2.00000E-03 -1.31234E-01
  3.03816E+01  2.18533E-28  1.43818E+06  2.00000E-03 -1.31234E-01
  3.04751E+01  2.18508E-28  1.43807E+06  2.00000E-03 -1.53998E-01
  3.05687E+01  2.18422E-28  1.43770E+06  2.00000E-03 -2.34196E-01
  3.06623E+01  2.18354E-28  1.43740E+06  2.00000E-03 -2.97255E-01
  3.07559E+01  2.18345E-28  1.43736E+06  2.00000E-03 -3.03088E-01
  3.08495E+01  2.18309E-28  1.43719E+06  2.00000E-03 -3.27078E-01
  3.09430E+01  2.18292E-28  1.43711E+06  2.00000E-03 -3.37687E-01
  3.10366E+01  2.18292E-28  1.43711E+06  2.00000E-03 -3.37687E-01
  3.11302E+01  2.18292E-28  1.43711E+06  2.00000E-03 -3.37687E-01
  3.12238E+01  2.18292E-28  1.43711E+06  2.00000E-03 -3.37687E-01
  3.13174E+01  2.18292E-28  1.43712E+06  2.00000E-03 -3.37687E-01
  3.14109E+01  2.18292E-28  1.43712E+06  2.00000E-03 -3.37687E-01
  3.15045E+01  2.18292E-28  1.43711E+06  2.00000E-03 -3.37687E-01
  3.15981E+01  2.18071E-28  1.43615E+06  2.00000E-03 -5.22920E-01
  3.16917E+01  2.17751E-28  1.43474E+06  2.00000E-03 -7.92326E-01
  3.17853E+01  2.17751E-28  1.43474E+06  2.00000E-03 -7.92326E-01
  3.18788E+01  2.17748E-28  1.43472E+06  2.00000E-03 -7.94404E-01
  3.19724E+01  2.17404E-28  1.43321E+06  2.00000E-03 -1.05358E+00
  3.20660E+01  2.17101E-28  1.43187E+06  2.00000E-03 -1.28313E+00
  3.21596E+01  2.17093E-28  1.43183E+06  2.00000E-03 -1.28954E+00
  3.22532E+01  2.17093E-28  1.43184E+06  2.00000E-03 -1.28954E+00
  3.23467E+01  2.17093E-28  1.43184E+06  2.00000E-03 -1.28954E+00
  3.24403E+01  2.17093E-28  1.43184E+06  2.00000E-03 -1.28954E+00
  3.25339E+01  2.17087E-28  1.43181E+06  2.00000E-03 -1.29424E+00
  3.26275E+01  2.16839E-28  1.43072E+06  2.00000E-03 -1.49247E+00
  3.27211E+01  2.16459E-28  1.42905E+06  2.00000E-03 -1.79386E+00
  3.28146E+01  2.16364E-28  1.42863E+06  2.00000E-03 -1.86862E+00
  3.29082E+01  2.16339E-28  1.42852E+06  2.00000E-03 -1.88627E+00
  3.30018E+01  2.16316E-28  1.42842E+06  2.00000E-03 -1.90320E+00
  3.30954E+01  2.16300E-28  1.42835E+06  2.00000E-03 -1.90035E+00
  3.31889E+01  2.16266E-28  1.42819E+06  2.00000E-03 -1.89422E+00
  3.32825E+01  2.16266E-28  1.42819E+06  2.00000E-03 -1.89422E+00
  3.33761E+01  2.16266E-28  1.42819E+06  2.00000E-03 -1.89422E+00
  3.34697E+01  2.16266E-28  1.42819E+06  2.00000E-03 -1.89422E+00
  3.35633E+01  2.16266E-28  1.42819E+06  2.00000E-03 -1.89422E+00
  3.36568E+01  2.16280E-28  1.42826E+06  2.00000E-03 -1.87408E+00
  3.37504E+01  2.16320E-28  1.42843E+06  2.00000E-03 -1.81983E+00
  3.38440E+01  2.16328E-28  1.42847E+06  2.00000E-03 -1.80866E+00
  3.39376E+01  2.16328E-28  1.42847E+06  2.00000E-03 -1.80866E+00
  3.40312E+01  2.16328E-28  1.42847E+06  2.00000E-03 -1.80866E+00
  3.41247E+01  2.16328E-28  1.42847E+06  2.00000E-03 -1.80866E+00
  3.42183E+01  2.16476E-28  1.42912E+06  2.00000E-03 -1.68159E+00
  3.43119E+01  2.16633E-28  1.42981E+06  2.00000E-03 -1.54781E+00
  3.44055E+01  2.16694E-28  1.43008E+06  2.00000E-03 -1.49516E+00
  3.44991E+01  2.16694E-28  1.43008E+06  2.00000E-03 -1.49516E+00
  3.45926E+01  2.16694E-28  1.43008E+06  2.00000E-03 -1.49516E+00
  3.46862E+01  2.16694E-28  1.43008E+06  2.00000E-03 -1.49516E+00
  3.47798E+01  2.16784E-28  1.43047E+06  2.00000E-03 -1.40983E+00
  3.48734E+01  2.16901E-28  1.43099E+06  2.00000E-03 -1.29880E+00
  3.49670E+01  2.16906E-28  1.43101E+06  2.00000E-03 -1.29366E+00
  3.50605E+01  2.16906E-28  1.43101E+06  2.00000E-03 -1.29366E+00
  3.51541E+01  2.16906E-28  1.43101E+06  2.00000E-03 -1.29366E+00
  3.52477E+01  2.16906E-28  1.43101E+06  2.00000E-03 -1.29366E+00
  3.53413E+01  2.16959E-28  1.43124E+06  2.00000E-03 -1.25306E+00
  3.54349E+01  2.17074E-28  1.43175E+06  2.00000E-03 -1.16477E+00
  3.55284E+01  2.17133E-28  1.43201E+06  2.00000E-03 -1.11961E+00
  3.56220E+01  2.17176E-28  1.43219E+06  2.00000E-03 -1.09182E+00
  3.57156E+01  2.17191E-28  1.43226E+06  2.00000E-03 -1.08150E+00
  3.58092E+01  2.17248E-28  1.43251E+06  2.00000E-03 -1.02862E+00
  3.59028E+01  2.17280E-28  1.43265E+06  2.00000E-03 -9.92564E-01
  3.59963E+01  2.17294E-28  1.43271E+06  2.00000E-03 -9.83172E-01
  3.60899E+01  2.17294E-28  1.43271E+06  2.00000E-03 -9.83171E-01
  3.61835E+01  2.17294E-28  1.43271E+06  2.00000E-03 -9.83171E-01
  3.62771E+01  2.17294E-28  1.43271E+06  2.00000E-03 -9.83172E-01
  3.63707E+01  2.17294E-28  1.43271E+06  2.00000E-03 -9.83172E-01
  3.64642E+01  2.17322E-28  1.43284E+06  2.00000E-03 -9.62581E-01
