 -2.38863E+01  2.16164E-28  1.42787E+06  2.00000E-03  8.89863E+00
 -2.38395E+01  2.16164E-28  1.42787E+06  2.00000E-03  8.89863E+00
 -2.37927E+01  2.16164E-28  1.42787E+06  2.00000E-03  8.89863E+00
 -2.37459E+01  2.16164E-28  1.42787E+06  2.00000E-03  8.89863E+00
 -2.36991E+01  2.16164E-28  1.42787E+06  2.00000E-03  8.89863E+00
 -2.36523E+01  2.16164E-28  1.42787E+06  2.00000E-03  8.89863E+00
 -2.36055E+01  2.16164E-28  1.42787E+06  2.00000E-03  8.89863E+00
 -2.35587E+01  2.16164E-28  1.42787E+06  2.00000E-03  8.89863E+00
 -2.35119E+01  2.16164E-28  1.42787E+06  2.00000E-03  8.89863E+00
 -2.34651E+01  2.16164E-28  1.42787E+06  2.00000E-03  8.89863E+00
 -2.34184E+01  2.16164E-28  1.42787E+06  2.00000E-03  8.89863E+00
 -2.33716E+01  2.16164E-28  1.42787E+06  2.00000E-03  8.89863E+00
 -2.33248E+01  2.16164E-28  1.42787E+06  2.00000E-03  8.89863E+00
 -2.32780E+01  2.16164E-28  1.42787E+06  2.00000E-03  8.89863E+00
 -2.32312E+01  2.16164E-28  1.42787E+06  2.00000E-03  8.89863E+00
 -2.31844E+01  2.16005E-28  1.42718E+06  2.00000E-03  9.09308E+00
 -2.31376E+01  2.15845E-28  1.42648E+06  2.00000E-03  9.28782E+00
 -2.30908E+01  2.15845E-28  1.42648E+06  2.00000E-03  9.28782E+00
 -2.30440E+01  2.15845E-28  1.42648E+06  2.00000E-03  9.28782E+00
 -2.29972E+01  2.15845E-28  1.42648E+06  2.00000E-03  9.28782E+00
 -2.29505E+01  2.15845E-28  1.42648E+06  2.00000E-03  9.28782E+00
 -2.29037E+01  2.15845E-28  1.42648E+06  2.00000E-03  9.28782E+00
 -2.28569E+01  2.15845E-28  1.42648E+06  2.00000E-03  9.28782E+00
 -2.28101E+01  2.15845E-28  1.42648E+06  2.00000E-03  9.28782E+00
 -2.27633E+01  2.15845E-28  1.42648E+06  2.00000E-03  9.28782E+00
 -2.27165E+01  2.15845E-28  1.42648E+06  2.00000E-03  9.28782E+00
 -2.26697E+01  2.15845E-28  1.42648E+06  2.00000E-03  9.28782E+00
 -2.26229E+01  2.15845E-28  1.42648E+06  2.00000E-03  9.28782E+00
 -2.25761E+01  2.15845E-28  1.42648E+06  2.00000E-03  9.28782E+00
 -2.25294E+01  2.15845E-28  1.42648E+06  2.00000E-03  9.28782E+00
 -2.24826E+01  2.15845E-28  1.42648E+06  2.00000E-03  9.28782E+00
 -2.24358E+01  2.15719E-28  1.42593E+06  2.00000E-03  9.46763E+00
 -2.23890E+01  2.15593E-28  1.42538E+06  2.00000E-03  9.64764E+00
 -2.23422E+01  2.15593E-28  1.42538E+06  2.00000E-03  9.64764E+00
 -2.22954E+01  2.15593E-28  1.42538E+06  2.00000E-03  9.64764E+00
 -2.22486E+01  2.15593E-28  1.42538E+06  2.00000E-03  9.64764E+00
 -2.22018E+01  2.15593E-28  1.42538E+06  2.00000E-03  9.64764E+00
 -2.21550E+01  2.15593E-28  1.42538E+06  2.00000E-03  9.64764E+00
 -2.21082E+01  2.15593E-28  1.42538E+06  2.00000E-03  9.64764E+00
 -2.20615E+01  2.15593E-28  1.42538E+06  2.00000E-03  9.64764E+00
 -2.20147E+01  2.15593E-28  1.42538E+06  2.00000E-03  9.64764E+00
 -2.19679E+01  2.15593E-28  1.42538E+06  2.00000E-03  9.64764E+00
 -2.19211E+01  2.15593E-28  1.42538E+06  2.00000E-03  9.64764E+00
 -2.18743E+01  2.15593E-28  1.42538E+06  2.00000E-03  9.64764E+00
 -2.18275E+01  2.15593E-28  1.42538E+06  2.00000E-03  9.64764E+00
 -2.17807E+01  2.15593E-28  1.42538E+06  2.00000E-03  9.64764E+00
 -2.17339E+01  2.15593E-28  1.42538E+06  2.00000E-03  9.64764E+00
 -2.16871E+01  2.15540E-28  1.42515E+06  2.00000E-03  9.79093E+00
 -2.16403E+01  2.15487E-28  1.42493E+06  2.00000E-03  9.93429E+00
 -2.15936E+01  2.15487E-28  1.42493E+06  2.00000E-03  9.93429E+00
 -2.15468E+01  2.15487E-28  1.42493E+06  2.00000E-03  9.93429E+00
 -2.15000E+01  2.15487E-28  1.42493E+06  2.00000E-03  9.93429E+00
 -2.14532E+01  2.15487E-28  1.42493E+06  2.00000E-03  9.93429E+00
 -2.14064E+01  2.15487E-28  1.42493E+06  2.00000E-03  9.93429E+00
 -2.13596E+01  2.15487E-28  1.42493E+06  2.00000E-03  9.93429E+00
 -2.13128E+01  2.15487E-28  1.42493E+06  2.00000E-03  9.93429E+00
 -2.12660E+01  2.15487E-28  1.42493E+06  2.00000E-03  9.93429E+00
 -2.12192E+01  2.15487E-28  1.42493E+06  2.00000E-03  9.93429E+00
 -2.11724E+01  2.15487E-28  1.42493E+06  2.00000E-03  9.93429E+00
 -2.11257E+01  2.15487E-28  1.42493E+06  2.00000E-03  9.93429E+00
 -2.10789E+01  2.15487E-28  1.42493E+06  2.00000E-03  9.93429E+00
 -2.10321E+01  2.15487E-28  1.42493E+06  2.00000E-03  9.93429E+00
 -2.09853E+01  2.15487E-28  1.42493E+06  2.00000E-03  9.93429E+00
 -2.09385E+01  2.15527E-28  1.42511E+06  2.00000E-03  1.00308E+01
 -2.08917E+01  2.15568E-28  1.42530E+06  2.00000E-03  1.01274E+01
 -2.08449E+01  2.15568E-28  1.42530E+06  2.00000E-03  1.01274E+01
 -2.07981E+01  2.15568E-28  1.42530E+06  2.00000E-03  1.01274E+01
 -2.07513E+01  2.15568E-28  1.42530E+06  2.00000E-03  1.01274E+01
 -2.07045E+01  2.15568E-28  1.42530E+06  2.00000E-03  1.01274E+01
 -2.06578E+01  2.15568E-28  1.42530E+06  2.00000E-03  1.01274E+01
 -2.06110E+01  2.15568E-28  1.42530E+06  2.00000E-03  1.01274E+01
 -2.05642E+01  2.15568E-28  1.42530E+06  2.00000E-03  1.01274E+01
 -2.05174E+01  2.15568E-28  1.42530E+06  2.00000E-03  1.01274E+01
 -2.04706E+01  2.15568E-28  1.42530E+06  2.00000E-03  1.01274E+01
 -2.04238E+01  2.15568E-28  1.42530E+06  2.00000E-03  1.01274E+01
 -2.03770E+01  2.15568E-28  1.42530E+06  2.00000E-03  1.01274E+01
 -2.03302E+01  2.15568E-28  1.42530E+06  2.00000E-03  1.01274E+01
 -2.02834E+01  2.15568E-28  1.42530E+06  2.00000E-03  1.01274E+01
 -2.02366E+01  2.15568E-28  1.42530E+06  2.00000E-03  1.01274E+01
 -2.01899E+01  2.15654E-28  1.42569E+06  2.00000E-03  1.02049E+01
 -2.01431E+01  2.15741E-28  1.42608E+06  2.00000E-03  1.02824E+01
 -2.00963E+01  2.15741E-28  1.42608E+06  2.00000E-03  1.02824E+01
 -2.00495E+01  2.15741E-28  1.42608E+06  2.00000E-03  1.02824E+01
 -2.00027E+01  2.15741E-28  1.42608E+06  2.00000E-03  1.02824E+01
 -1.99559E+01  2.15741E-28  1.42608E+06  2.00000E-03  1.02824E+01
 -1.99091E+01  2.15741E-28  1.42608E+06  2.00000E-03  1.02824E+01
 -1.98623E+01  2.15741E-28  1.42608E+06  2.00000E-03  1.02824E+01
 -1.98155E+01  2.15741E-28  1.42608E+06  2.00000E-03  1.02824E+01
 -1.97687E+01  2.15741E-28  1.42608E+06  2.00000E-03  1.02824E+01
 -1.97220E+01  2.15741E-28  1.42608E+06  2.00000E-03  1.02824E+01
 -1.96752E+01  2.15741E-28  1.42608E+06  2.00000E-03  1.02824E+01
 -1.96284E+01  2.15741E-28  1.42608E+06  2.00000E-03  1.02824E+01
 -1.95816E+01  2.15741E-28  1.42608E+06  2.00000E-03  1.02824E+01
 -1.95348E+01  2.15741E-28  1.42608E+06  2.00000E-03  1.02824E+01
 -1.94880E+01  2.15741E-28  1.42608E+06  2.00000E-03  1.02824E+01
 -1.94412E+01  2.15786E-28  1.42630E+06  2.00000E-03  1.04184E+01
 -1.93944E+01  2.15830E-28  1.42652E+06  2.00000E-03  1.05543E+01
 -1.93476E+01  2.15830E-28  1.42652E+06  2.00000E-03  1.05543E+01
 -1.93008E+01  2.15830E-28  1.42652E+06  2.00000E-03  1.05543E+01
 -1.92541E+01  2.15830E-28  1.42652E+06  2.00000E-03  1.05543E+01
 -1.92073E+01  2.15830E-28  1.42652E+06  2.00000E-03  1.05543E+01
 -1.91605E+01  2.15830E-28  1.42652E+06  2.00000E-03  1.05543E+01
 -1.91137E+01  2.15830E-28  1.42652E+06  2.00000E-03  1.05543E+01
 -1.90669E+01  2.15830E-28  1.42652E+06  2.00000E-03  1.05543E+01
 -1.90201E+01  2.15830E-28  1.42652E+06  2.00000E-03  1.05543E+01
 -1.89733E+01  2.15830E-28  1.42652E+06  2.00000E-03  1.05543E+01
 -1.89265E+01  2.15830E-28  1.42652E+06  2.00000E-03  1.05543E+01
 -1.88797E+01  2.15830E-28  1.42652E+06  2.00000E-03  1.05543E+01
 -1.88329E+01  2.15830E-28  1.42652E+06  2.00000E-03  1.05543E+01
 -1.87862E+01  2.15830E-28  1.42652E+06  2.00000E-03  1.05543E+01
 -1.87394E+01  2.15830E-28  1.42652E+06  2.00000E-03  1.05543E+01
 -1.86926E+01  2.15700E-28  1.42594E+06  2.00000E-03  1.07561E+01
 -1.86458E+01  2.15570E-28  1.42536E+06  2.00000E-03  1.09582E+01
 -1.85990E+01  2.15570E-28  1.42536E+06  2.00000E-03  1.09582E+01
 -1.85522E+01  2.15570E-28  1.42536E+06  2.00000E-03  1.09582E+01
 -1.85054E+01  2.15570E-28  1.42536E+06  2.00000E-03  1.09582E+01
 -1.84586E+01  2.15570E-28  1.42536E+06  2.00000E-03  1.09582E+01
 -1.84118E+01  2.15570E-28  1.42536E+06  2.00000E-03  1.09582E+01
 -1.83650E+01  2.15570E-28  1.42536E+06  2.00000E-03  1.09582E+01
 -1.83183E+01  2.15492E-28  1.42503E+06  2.00000E-03  1.10809E+01
 -1.82715E+01  2.15414E-28  1.42469E+06  2.00000E-03  1.12037E+01
 -1.82247E+01  2.15414E-28  1.42469E+06  2.00000E-03  1.12037E+01
 -1.81779E+01  2.15414E-28  1.42469E+06  2.00000E-03  1.12037E+01
 -1.81311E+01  2.15414E-28  1.42469E+06  2.00000E-03  1.12037E+01
 -1.80843E+01  2.15414E-28  1.42469E+06  2.00000E-03  1.12037E+01
 -1.80375E+01  2.15414E-28  1.42469E+06  2.00000E-03  1.12037E+01
 -1.79907E+01  2.15414E-28  1.42469E+06  2.00000E-03  1.12037E+01
 -1.79439E+01  2.15359E-28  1.42445E+06  2.00000E-03  1.13198E+01
 -1.78971E+01  2.15304E-28  1.42422E+06  2.00000E-03  1.14360E+01
 -1.78504E+01  2.15304E-28  1.42422E+06  2.00000E-03  1.14360E+01
 -1.78036E+01  2.15304E-28  1.42422E+06  2.00000E-03  1.14360E+01
 -1.77568E+01  2.15304E-28  1.42422E+06  2.00000E-03  1.14360E+01
 -1.77100E+01  2.15304E-28  1.42422E+06  2.00000E-03  1.14360E+01
 -1.76632E+01  2.15304E-28  1.42422E+06  2.00000E-03  1.14360E+01
 -1.76164E+01  2.15304E-28  1.42422E+06  2.00000E-03  1.14360E+01
 -1.75696E+01  2.15261E-28  1.42403E+06  2.00000E-03  1.15490E+01
 -1.75228E+01  2.15218E-28  1.42385E+06  2.00000E-03  1.16621E+01
 -1.74760E+01  2.15218E-28  1.42385E+06  2.00000E-03  1.16621E+01
 -1.74292E+01  2.15218E-28  1.42385E+06  2.00000E-03  1.16621E+01
 -1.73825E+01  2.15218E-28  1.42385E+06  2.00000E-03  1.16621E+01
 -1.73357E+01  2.15218E-28  1.42385E+06  2.00000E-03  1.16621E+01
 -1.72889E+01  2.15218E-28  1.42385E+06  2.00000E-03  1.16621E+01
 -1.72421E+01  2.15218E-28  1.42385E+06  2.00000E-03  1.16621E+01
 -1.71953E+01  2.15178E-28  1.42368E+06  2.00000E-03  1.17828E+01
 -1.71485E+01  2.15138E-28  1.42351E+06  2.00000E-03  1.19036E+01
 -1.71017E+01  2.15138E-28  1.42351E+06  2.00000E-03  1.19036E+01
 -1.70549E+01  2.15138E-28  1.42351E+06  2.00000E-03  1.19036E+01
 -1.70081E+01  2.15138E-28  1.42351E+06  2.00000E-03  1.19036E+01
 -1.69613E+01  2.15138E-28  1.42351E+06  2.00000E-03  1.19036E+01
 -1.69146E+01  2.15138E-28  1.42351E+06  2.00000E-03  1.19036E+01
 -1.68678E+01  2.15138E-28  1.42351E+06  2.00000E-03  1.19036E+01
 -1.68210E+01  2.15096E-28  1.42333E+06  2.00000E-03  1.20472E+01
 -1.67742E+01  2.15053E-28  1.42314E+06  2.00000E-03  1.21909E+01
 -1.67274E+01  2.15053E-28  1.42314E+06  2.00000E-03  1.21909E+01
 -1.66806E+01  2.15053E-28  1.42314E+06  2.00000E-03  1.21909E+01
 -1.66338E+01  2.15053E-28  1.42314E+06  2.00000E-03  1.21909E+01
 -1.65870E+01  2.15053E-28  1.42314E+06  2.00000E-03  1.21909E+01
 -1.65402E+01  2.15053E-28  1.42314E+06  2.00000E-03  1.21909E+01
 -1.64935E+01  2.15053E-28  1.42314E+06  2.00000E-03  1.21909E+01
 -1.64467E+01  2.15008E-28  1.42294E+06  2.00000E-03  1.23626E+01
 -1.63999E+01  2.14962E-28  1.42274E+06  2.00000E-03  1.25344E+01
 -1.63531E+01  2.14962E-28  1.42274E+06  2.00000E-03  1.25344E+01
 -1.63063E+01  2.14962E-28  1.42274E+06  2.00000E-03  1.25344E+01
 -1.62595E+01  2.14962E-28  1.42274E+06  2.00000E-03  1.25344E+01
 -1.62127E+01  2.14962E-28  1.42274E+06  2.00000E-03  1.25344E+01
 -1.61659E+01  2.14962E-28  1.42274E+06  2.00000E-03  1.25344E+01
 -1.61191E+01  2.14962E-28  1.42274E+06  2.00000E-03  1.25344E+01
 -1.60723E+01  2.14916E-28  1.42254E+06  2.00000E-03  1.27272E+01
 -1.60256E+01  2.14870E-28  1.42234E+06  2.00000E-03  1.29202E+01
 -1.59788E+01  2.14870E-28  1.42234E+06  2.00000E-03  1.29202E+01
 -1.59320E+01  2.14870E-28  1.42234E+06  2.00000E-03  1.29202E+01
 -1.58852E+01  2.14870E-28  1.42234E+06  2.00000E-03  1.29202E+01
 -1.58384E+01  2.14870E-28  1.42234E+06  2.00000E-03  1.29202E+01
 -1.57916E+01  2.14870E-28  1.42234E+06  2.00000E-03  1.29202E+01
 -1.57448E+01  2.14870E-28  1.42234E+06  2.00000E-03  1.29202E+01
 -1.56980E+01  2.14824E-28  1.42214E+06  2.00000E-03  1.31261E+01
 -1.56512E+01  2.14778E-28  1.42193E+06  2.00000E-03  1.33321E+01
 -1.56044E+01  2.14778E-28  1.42193E+06  2.00000E-03  1.33321E+01
 -1.55577E+01  2.14778E-28  1.42193E+06  2.00000E-03  1.33321E+01
 -1.55109E+01  2.14778E-28  1.42193E+06  2.00000E-03  1.33321E+01
 -1.54641E+01  2.14778E-28  1.42193E+06  2.00000E-03  1.33321E+01
 -1.54173E+01  2.14778E-28  1.42193E+06  2.00000E-03  1.33321E+01
 -1.53705E+01  2.14778E-28  1.42193E+06  2.00000E-03  1.33321E+01
 -1.53237E+01  2.14724E-28  1.42170E+06  2.00000E-03  1.35511E+01
 -1.52769E+01  2.14670E-28  1.42146E+06  2.00000E-03  1.37703E+01
 -1.52301E+01  2.14670E-28  1.42146E+06  2.00000E-03  1.37703E+01
 -1.51833E+01  2.14670E-28  1.42146E+06  2.00000E-03  1.37703E+01
 -1.51365E+01  2.14670E-28  1.42146E+06  2.00000E-03  1.37703E+01
 -1.50898E+01  2.14670E-28  1.42146E+06  2.00000E-03  1.37703E+01
 -1.50430E+01  2.14670E-28  1.42146E+06  2.00000E-03  1.37703E+01
 -1.49962E+01  2.14670E-28  1.42146E+06  2.00000E-03  1.37703E+01
 -1.49494E+01  2.14596E-28  1.42114E+06  2.00000E-03  1.40085E+01
 -1.49026E+01  2.14523E-28  1.42083E+06  2.00000E-03  1.42469E+01
 -1.48558E+01  2.14523E-28  1.42083E+06  2.00000E-03  1.42469E+01
 -1.48090E+01  2.14523E-28  1.42083E+06  2.00000E-03  1.42469E+01
 -1.47622E+01  2.14523E-28  1.42083E+06  2.00000E-03  1.42469E+01
 -1.47154E+01  2.14523E-28  1.42083E+06  2.00000E-03  1.42469E+01
 -1.46686E+01  2.14523E-28  1.42083E+06  2.00000E-03  1.42469E+01
 -1.46219E+01  2.14523E-28  1.42083E+06  2.00000E-03  1.42469E+01
 -1.45751E+01  2.14421E-28  1.42038E+06  2.00000E-03  1.45108E+01
 -1.45283E+01  2.14320E-28  1.41994E+06  2.00000E-03  1.47749E+01
 -1.44815E+01  2.14320E-28  1.41994E+06  2.00000E-03  1.47749E+01
 -1.44347E+01  2.14320E-28  1.41994E+06  2.00000E-03  1.47749E+01
 -1.43879E+01  2.14320E-28  1.41994E+06  2.00000E-03  1.47749E+01
 -1.43411E+01  2.14320E-28  1.41994E+06  2.00000E-03  1.47749E+01
 -1.42943E+01  2.14320E-28  1.41994E+06  2.00000E-03  1.47749E+01
 -1.42475E+01  2.14320E-28  1.41994E+06  2.00000E-03  1.47749E+01
 -1.42007E+01  2.14193E-28  1.41941E+06  2.00000E-03  1.50585E+01
 -1.41540E+01  2.14066E-28  1.41887E+06  2.00000E-03  1.53424E+01
 -1.41072E+01  2.14066E-28  1.41887E+06  2.00000E-03  1.53424E+01
 -1.40604E+01  2.14066E-28  1.41887E+06  2.00000E-03  1.53424E+01
 -1.40136E+01  2.14066E-28  1.41887E+06  2.00000E-03  1.53424E+01
 -1.39668E+01  2.14066E-28  1.41887E+06  2.00000E-03  1.53424E+01
 -1.39200E+01  2.14066E-28  1.41887E+06  2.00000E-03  1.53424E+01
 -1.38732E+01  2.14066E-28  1.41887E+06  2.00000E-03  1.53424E+01
 -1.38264E+01  2.14117E-28  1.41909E+06  2.00000E-03  1.54867E+01
 -1.37796E+01  2.14168E-28  1.41931E+06  2.00000E-03  1.56310E+01
 -1.37328E+01  2.14168E-28  1.41931E+06  2.00000E-03  1.56310E+01
 -1.36861E+01  2.14168E-28  1.41931E+06  2.00000E-03  1.56310E+01
 -1.36393E+01  2.14136E-28  1.41917E+06  2.00000E-03  1.57648E+01
 -1.35925E+01  2.14104E-28  1.41903E+06  2.00000E-03  1.58987E+01
 -1.35457E+01  2.14104E-28  1.41903E+06  2.00000E-03  1.58987E+01
 -1.34989E+01  2.14104E-28  1.41903E+06  2.00000E-03  1.58987E+01
 -1.34521E+01  2.14111E-28  1.41907E+06  2.00000E-03  1.60057E+01
 -1.34053E+01  2.14117E-28  1.41910E+06  2.00000E-03  1.61127E+01
 -1.33585E+01  2.14117E-28  1.41910E+06  2.00000E-03  1.61127E+01
 -1.33117E+01  2.14117E-28  1.41910E+06  2.00000E-03  1.61127E+01
 -1.32649E+01  2.14170E-28  1.41934E+06  2.00000E-03  1.61855E+01
 -1.32182E+01  2.14223E-28  1.41958E+06  2.00000E-03  1.62583E+01
 -1.31714E+01  2.14223E-28  1.41958E+06  2.00000E-03  1.62583E+01
 -1.31246E+01  2.14223E-28  1.41958E+06  2.00000E-03  1.62583E+01
 -1.30778E+01  2.14327E-28  1.42004E+06  2.00000E-03  1.62937E+01
 -1.30310E+01  2.14432E-28  1.42050E+06  2.00000E-03  1.63292E+01
 -1.29842E+01  2.14432E-28  1.42050E+06  2.00000E-03  1.63292E+01
 -1.29374E+01  2.14432E-28  1.42050E+06  2.00000E-03  1.63292E+01
 -1.28906E+01  2.14580E-28  1.42116E+06  2.00000E-03  1.63337E+01
 -1.28438E+01  2.14728E-28  1.42182E+06  2.00000E-03  1.63382E+01
 -1.27970E+01  2.14728E-28  1.42182E+06  2.00000E-03  1.63382E+01
 -1.27503E+01  2.14728E-28  1.42182E+06  2.00000E-03  1.63382E+01
 -1.27035E+01  2.14898E-28  1.42257E+06  2.00000E-03  1.63270E+01
 -1.26567E+01  2.15068E-28  1.42333E+06  2.00000E-03  1.63159E+01
 -1.26099E+01  2.15068E-28  1.42333E+06  2.00000E-03  1.63159E+01
 -1.25631E+01  2.15068E-28  1.42333E+06  2.00000E-03  1.63159E+01
 -1.25163E+01  2.15232E-28  1.42405E+06  2.00000E-03  1.63102E+01
 -1.24695E+01  2.15396E-28  1.42478E+06  2.00000E-03  1.63045E+01
 -1.24227E+01  2.15396E-28  1.42478E+06  2.00000E-03  1.63045E+01
 -1.23759E+01  2.15396E-28  1.42478E+06  2.00000E-03  1.63045E+01
 -1.23291E+01  2.15528E-28  1.42537E+06  2.00000E-03  1.63237E+01
 -1.22824E+01  2.15660E-28  1.42595E+06  2.00000E-03  1.63429E+01
 -1.22356E+01  2.15660E-28  1.42595E+06  2.00000E-03  1.63429E+01
 -1.21888E+01  2.15660E-28  1.42595E+06  2.00000E-03  1.63429E+01
 -1.21420E+01  2.15751E-28  1.42636E+06  2.00000E-03  1.63965E+01
 -1.20952E+01  2.15843E-28  1.42677E+06  2.00000E-03  1.64501E+01
 -1.20484E+01  2.15843E-28  1.42677E+06  2.00000E-03  1.64501E+01
 -1.20016E+01  2.15843E-28  1.42677E+06  2.00000E-03  1.64501E+01
 -1.19548E+01  2.15903E-28  1.42704E+06  2.00000E-03  1.65334E+01
 -1.19080E+01  2.15964E-28  1.42731E+06  2.00000E-03  1.66166E+01
 -1.18612E+01  2.15964E-28  1.42731E+06  2.00000E-03  1.66166E+01
 -1.18145E+01  2.15964E-28  1.42731E+06  2.00000E-03  1.66166E+01
 -1.17677E+01  2.16019E-28  1.42756E+06  2.00000E-03  1.67135E+01
 -1.17209E+01  2.16074E-28  1.42780E+06  2.00000E-03  1.68103E+01
 -1.16741E+01  2.16074E-28  1.42780E+06  2.00000E-03  1.68103E+01
 -1.16273E+01  2.16074E-28  1.42780E+06  2.00000E-03  1.68103E+01
 -1.15805E+01  2.16152E-28  1.42815E+06  2.00000E-03  1.69019E+01
 -1.15337E+01  2.16230E-28  1.42850E+06  2.00000E-03  1.69933E+01
 -1.14869E+01  2.16230E-28  1.42850E+06  2.00000E-03  1.69933E+01
 -1.14401E+01  2.16230E-28  1.42850E+06  2.00000E-03  1.69933E+01
 -1.13933E+01  2.16349E-28  1.42903E+06  2.00000E-03  1.70674E+01
 -1.13466E+01  2.16469E-28  1.42956E+06  2.00000E-03  1.71414E+01
 -1.12998E+01  2.16469E-28  1.42956E+06  2.00000E-03  1.71414E+01
 -1.12530E+01  2.16469E-28  1.42956E+06  2.00000E-03  1.71414E+01
 -1.12062E+01  2.16631E-28  1.43027E+06  2.00000E-03  1.71971E+01
 -1.11594E+01  2.16793E-28  1.43099E+06  2.00000E-03  1.72528E+01
 -1.11126E+01  2.16793E-28  1.43099E+06  2.00000E-03  1.72528E+01
 -1.10658E+01  2.16793E-28  1.43099E+06  2.00000E-03  1.72528E+01
 -1.10190E+01  2.16983E-28  1.43183E+06  2.00000E-03  1.72979E+01
 -1.09722E+01  2.17173E-28  1.43267E+06  2.00000E-03  1.73430E+01
 -1.09254E+01  2.17173E-28  1.43267E+06  2.00000E-03  1.73430E+01
 -1.08787E+01  2.17173E-28  1.43267E+06  2.00000E-03  1.73430E+01
 -1.08319E+01  2.17366E-28  1.43353E+06  2.00000E-03  1.73872E+01
 -1.07851E+01  2.17560E-28  1.43439E+06  2.00000E-03  1.74314E+01
 -1.07383E+01  2.17560E-28  1.43439E+06  2.00000E-03  1.74314E+01
 -1.06915E+01  2.17560E-28  1.43439E+06  2.00000E-03  1.74314E+01
 -1.06447E+01  2.17737E-28  1.43517E+06  2.00000E-03  1.74809E+01
 -1.05979E+01  2.17914E-28  1.43596E+06  2.00000E-03  1.75303E+01
 -1.05511E+01  2.17914E-28  1.43596E+06  2.00000E-03  1.75303E+01
 -1.05043E+01  2.17914E-28  1.43596E+06  2.00000E-03  1.75303E+01
 -1.04575E+01  2.18066E-28  1.43663E+06  2.00000E-03  1.75866E+01
 -1.04108E+01  2.18219E-28  1.43731E+06  2.00000E-03  1.76428E+01
 -1.03640E+01  2.18219E-28  1.43731E+06  2.00000E-03  1.76428E+01
 -1.03172E+01  2.18219E-28  1.43731E+06  2.00000E-03  1.76428E+01
 -1.02704E+01  2.18349E-28  1.43789E+06  2.00000E-03  1.77052E+01
 -1.02236E+01  2.18479E-28  1.43847E+06  2.00000E-03  1.77675E+01
 -1.01768E+01  2.18479E-28  1.43847E+06  2.00000E-03  1.77675E+01
 -1.01300E+01  2.18479E-28  1.43847E+06  2.00000E-03  1.77675E+01
 -1.00832E+01  2.18604E-28  1.43899E+06  2.00000E-03  1.78336E+01
 -1.00364E+01  2.18729E-28  1.43950E+06  2.00000E-03  1.78997E+01
 -9.98965E+00  2.18729E-28  1.43950E+06  2.00000E-03  1.78997E+01
 -9.94286E+00  2.18729E-28  1.43950E+06  2.00000E-03  1.78997E+01
 -9.89607E+00  2.18848E-28  1.44013E+06  2.00000E-03  1.79715E+01
 -9.84928E+00  2.18966E-28  1.44075E+06  2.00000E-03  1.80432E+01
 -9.80249E+00  2.18966E-28  1.44075E+06  2.00000E-03  1.80432E+01
 -9.75570E+00  2.18966E-28  1.44075E+06  2.00000E-03  1.80432E+01
 -9.70891E+00  2.19124E-28  1.44128E+06  2.00000E-03  1.81234E+01
 -9.66212E+00  2.19281E-28  1.44182E+06  2.00000E-03  1.82035E+01
 -9.61533E+00  2.19281E-28  1.44182E+06  2.00000E-03  1.82035E+01
 -9.56854E+00  2.19281E-28  1.44182E+06  2.00000E-03  1.82035E+01
 -9.52175E+00  2.19452E-28  1.44253E+06  2.00000E-03  1.82962E+01
 -9.47496E+00  2.19622E-28  1.44324E+06  2.00000E-03  1.83888E+01
 -9.42817E+00  2.19622E-28  1.44324E+06  2.00000E-03  1.83888E+01
 -9.38138E+00  2.19622E-28  1.44324E+06  2.00000E-03  1.83888E+01
 -9.33459E+00  2.19782E-28  1.44427E+06  1.99998E-03  1.85277E+01
 -9.28780E+00  2.19942E-28  1.44531E+06  1.99996E-03  1.86665E+01
 -9.24101E+00  2.19942E-28  1.44531E+06  1.99996E-03  1.86665E+01
 -9.19422E+00  2.19942E-28  1.44531E+06  1.99996E-03  1.86665E+01
 -9.14743E+00  2.19981E-28  1.44587E+06  1.99993E-03  1.88566E+01
 -9.10064E+00  2.20021E-28  1.44644E+06  1.99989E-03  1.90466E+01
 -9.05385E+00  2.20052E-28  1.44707E+06  1.99983E-03  1.91549E+01
 -9.00706E+00  2.20084E-28  1.44770E+06  1.99977E-03  1.92631E+01
 -8.96027E+00  2.20102E-28  1.44819E+06  1.99957E-03  1.93905E+01
 -8.91348E+00  2.20119E-28  1.44868E+06  1.99937E-03  1.95178E+01
 -8.86669E+00  2.20471E-28  1.44675E+06  1.99847E-03  1.96693E+01
 -8.81990E+00  2.20823E-28  1.44482E+06  1.99758E-03  1.98203E+01
 -8.77311E+00  2.23158E-28  1.42981E+06  1.99295E-03  1.99941E+01
 -8.72632E+00  2.25494E-28  1.41512E+06  1.98841E-03  2.01642E+01
 -8.67953E+00  2.34812E-28  1.35873E+06  1.96841E-03  2.03207E+01
 -8.63274E+00  2.44129E-28  1.30665E+06  1.94993E-03  2.04653E+01
 -8.58595E+00  2.68536E-28  1.18702E+06  1.90137E-03  2.04911E+01
 -8.53916E+00  2.92943E-28  1.08733E+06  1.86089E-03  2.05126E+01
 -8.49237E+00  3.22600E-28  9.85923E+05  1.81550E-03  2.03434E+01
 -8.44558E+00  3.52257E-28  9.01588E+05  1.77774E-03  2.02027E+01
 -8.39879E+00  3.73233E-28  8.49108E+05  1.75679E-03  2.00098E+01
 -8.35200E+00  3.94209E-28  8.02213E+05  1.73807E-03  1.98374E+01
 -8.30521E+00  4.08496E-28  7.71841E+05  1.72869E-03  1.99030E+01
 -8.25842E+00  4.22783E-28  7.43522E+05  1.71994E-03  1.99642E+01
 -8.21163E+00  4.36865E-28  7.16900E+05  1.71140E-03  2.05316E+01
 -8.16484E+00  4.50946E-28  6.91942E+05  1.70339E-03  2.10635E+01
 -8.11805E+00  4.60962E-28  6.74450E+05  1.69679E-03  2.22545E+01
 -8.07126E+00  4.70977E-28  6.57703E+05  1.69047E-03  2.33950E+01
 -8.02447E+00  4.73548E-28  6.51950E+05  1.68863E-03  2.50135E+01
 -7.97768E+00  4.76118E-28  6.46259E+05  1.68680E-03  2.66145E+01
 -7.93089E+00  4.71701E-28  6.50994E+05  1.68903E-03  2.81733E+01
 -7.88410E+00  4.67283E-28  6.55819E+05  1.69130E-03  2.97616E+01
 -7.83731E+00  4.52093E-28  6.77345E+05  1.69943E-03  3.09540E+01
 -7.79052E+00  4.36902E-28  7.00368E+05  1.70812E-03  3.22293E+01
 -7.74373E+00  4.08480E-28  7.49161E+05  1.72652E-03  3.30285E+01
 -7.69694E+00  3.80057E-28  8.05252E+05  1.74767E-03  3.39471E+01
 -7.65015E+00  3.47158E-28  8.81758E+05  1.77668E-03  3.44611E+01
 -7.60336E+00  3.14258E-28  9.74281E+05  1.81177E-03  3.50828E+01
 -7.55657E+00  2.88115E-28  1.06281E+06  1.84452E-03  3.53920E+01
 -7.50978E+00  2.61972E-28  1.16901E+06  1.88380E-03  3.57629E+01
 -7.46299E+00  2.47577E-28  1.23690E+06  1.91258E-03  3.59016E+01
 -7.41620E+00  2.33183E-28  1.31317E+06  1.94492E-03  3.60575E+01
 -7.36941E+00  2.27373E-28  1.34630E+06  1.96120E-03  3.60258E+01
 -7.32262E+00  2.21564E-28  1.38117E+06  1.97833E-03  3.59925E+01
 -7.27583E+00  2.19649E-28  1.39256E+06  1.98322E-03  3.58706E+01
 -7.22904E+00  2.17734E-28  1.40416E+06  1.98820E-03  3.57466E+01
 -7.18225E+00  2.17830E-28  1.40243E+06  1.98789E-03  3.56478E+01
 -7.13546E+00  2.17927E-28  1.40070E+06  1.98758E-03  3.55491E+01
 -7.08867E+00  2.21187E-28  1.37769E+06  1.98001E-03  3.53435E+01
 -7.04188E+00  2.24446E-28  1.35536E+06  1.97265E-03  3.51439E+01
 -6.99509E+00  2.33262E-28  1.29969E+06  1.95178E-03  3.42225E+01
 -6.94830E+00  2.42077E-28  1.24807E+06  1.93242E-03  3.33681E+01
 -6.90151E+00  2.64542E-28  1.13563E+06  1.87697E-03  3.09934E+01
 -6.85472E+00  2.87008E-28  1.04078E+06  1.83019E-03  2.89904E+01
 -6.80793E+00  3.38429E-28  8.77732E+05  1.72850E-03  2.57210E+01
 -6.76114E+00  3.89849E-28  7.57694E+05  1.65364E-03  2.33141E+01
 -6.71435E+00  4.47917E-28  6.57002E+05  1.59667E-03  2.13673E+01
 -6.66756E+00  5.05985E-28  5.79422E+05  1.55278E-03  1.98674E+01
 -6.62077E+00  5.19034E-28  5.66874E+05  1.54683E-03  2.02963E+01
 -6.57398E+00  5.32083E-28  5.54941E+05  1.54117E-03  2.07041E+01
 -6.52719E+00  4.94726E-28  5.97808E+05  1.56882E-03  2.30757E+01
 -6.48040E+00  4.57369E-28  6.47678E+05  1.60099E-03  2.58347E+01
 -6.43362E+00  3.97999E-28  7.43554E+05  1.65632E-03  2.87979E+01
 -6.38683E+00  3.38629E-28  8.73050E+05  1.73106E-03  3.28001E+01
 -6.34003E+00  2.97201E-28  9.94594E+05  1.79531E-03  3.47729E+01
 -6.29325E+00  2.55773E-28  1.15551E+06  1.88037E-03  3.73849E+01
 -6.24646E+00  2.40574E-28  1.22925E+06  1.91617E-03  3.73744E+01
 -6.19967E+00  2.25375E-28  1.31293E+06  1.95681E-03  3.73626E+01
 -6.15288E+00  2.23011E-28  1.33127E+06  1.96590E-03  3.60256E+01
 -6.10609E+00  2.20647E-28  1.35000E+06  1.97518E-03  3.46599E+01
 -6.05930E+00  2.23793E-28  1.33402E+06  1.96743E-03  3.32374E+01
 -6.01251E+00  2.26940E-28  1.31850E+06  1.95990E-03  3.18543E+01
 -5.96572E+00  2.35939E-28  1.27020E+06  1.93607E-03  3.11599E+01
 -5.91893E+00  2.44939E-28  1.22546E+06  1.91400E-03  3.05165E+01
 -5.87214E+00  2.57937E-28  1.16291E+06  1.88059E-03  3.11286E+01
 -5.82535E+00  2.70936E-28  1.10636E+06  1.85039E-03  3.16820E+01
 -5.77856E+00  2.80977E-28  1.06169E+06  1.82395E-03  3.32003E+01
 -5.73177E+00  2.91018E-28  1.02010E+06  1.79934E-03  3.46138E+01
 -5.68498E+00  2.95733E-28  9.97703E+05  1.78663E-03  3.61313E+01
 -5.63819E+00  3.00448E-28  9.76009E+05  1.77432E-03  3.76012E+01
 -5.59140E+00  3.01496E-28  9.67313E+05  1.77158E-03  3.87376E+01
 -5.54461E+00  3.02543E-28  9.58678E+05  1.76886E-03  3.98662E+01
 -5.49782E+00  3.01798E-28  9.54831E+05  1.76480E-03  4.05342E+01
 -5.45103E+00  3.01052E-28  9.50964E+05  1.76073E-03  4.12055E+01
 -5.40424E+00  3.08346E-28  9.22058E+05  1.74445E-03  4.11399E+01
 -5.35745E+00  3.15640E-28  8.94487E+05  1.72892E-03  4.10772E+01
 -5.31066E+00  3.41949E-28  8.22012E+05  1.69132E-03  3.99544E+01
 -5.26387E+00  3.68258E-28  7.59892E+05  1.65910E-03  3.89920E+01
 -5.21708E+00  4.64388E-28  6.01947E+05  1.58487E-03  3.64025E+01
 -5.17029E+00  5.60517E-28  4.98177E+05  1.53611E-03  3.47012E+01
 -5.12350E+00  8.65127E-28  3.22283E+05  1.46403E-03  3.06876E+01
 -5.07671E+00  1.16974E-27  2.37998E+05  1.42949E-03  2.87644E+01
 -5.02992E+00  1.39688E-27  1.99984E+05  1.40953E-03  2.58764E+01
 -4.98313E+00  1.62402E-27  1.72605E+05  1.39515E-03  2.37963E+01
 -4.93634E+00  1.38644E-27  2.03855E+05  1.40854E-03  2.27968E+01
 -4.88955E+00  1.14887E-27  2.48031E+05  1.42746E-03  2.13840E+01
 -4.84276E+00  8.39142E-28  3.40670E+05  1.46540E-03  2.15351E+01
 -4.79597E+00  5.29412E-28  5.41706E+05  1.54771E-03  2.18629E+01
 -4.74918E+00  4.22725E-28  6.77696E+05  1.60182E-03  2.23191E+01
 -4.70239E+00  3.16037E-28  9.05500E+05  1.69246E-03  2.30833E+01
 -4.65560E+00  3.02115E-28  9.47738E+05  1.72131E-03  2.27761E+01
 -4.60881E+00  2.88193E-28  9.94057E+05  1.75295E-03  2.24392E+01
 -4.56202E+00  2.97016E-28  9.65906E+05  1.74366E-03  2.09657E+01
 -4.51523E+00  3.05839E-28  9.39380E+05  1.73491E-03  1.95772E+01
 -4.46844E+00  3.28914E-28  8.75068E+05  1.68783E-03  1.67711E+01
 -4.42165E+00  3.51989E-28  8.19188E+05  1.64692E-03  1.43329E+01
 -4.37486E+00  4.22961E-28  6.82037E+05  1.56256E-03  1.03352E+01
 -4.32807E+00  4.93933E-28  5.84300E+05  1.50244E-03  7.48641E+00
 -4.28128E+00  7.95516E-28  3.62884E+05  1.43030E-03  3.20221E+00
 -4.23449E+00  1.09710E-27  2.63198E+05  1.39783E-03  1.27338E+00
 -4.18770E+00  1.62229E-27  1.77558E+05  1.37558E-03 -1.20391E+00
 -4.14091E+00  2.14748E-27  1.33807E+05  1.36422E-03 -2.46950E+00
 -4.09412E+00  2.00411E-27  1.43285E+05  1.37602E-03 -3.01985E+00
 -4.04733E+00  1.86074E-27  1.54225E+05  1.38964E-03 -3.65500E+00
 -4.00054E+00  1.22697E-27  2.33812E+05  1.42355E-03 -3.58994E+00
 -3.95375E+00  5.93191E-28  4.83465E+05  1.52992E-03 -3.38585E+00
 -3.90696E+00  4.23701E-28  6.79657E+05  1.63391E-03 -2.99856E+00
 -3.86017E+00  2.54211E-28  1.13746E+06  1.87656E-03 -2.09484E+00
 -3.81338E+00  2.34134E-28  1.23887E+06  1.92539E-03 -1.38148E+00
 -3.76659E+00  2.14058E-28  1.35931E+06  1.98339E-03 -5.34308E-01
 -3.71980E+00  2.11434E-28  1.37778E+06  1.98963E-03 -1.25703E-01
 -3.67301E+00  2.08811E-28  1.39670E+06  1.99604E-03  2.93169E-01
 -3.62622E+00  2.10223E-28  1.38543E+06  1.98955E-03  3.95571E-01
 -3.57943E+00  2.11635E-28  1.37430E+06  1.98315E-03  4.96606E-01
 -3.53264E+00  2.59827E-28  1.12106E+06  1.87673E-03  1.76150E+00
 -3.48585E+00  3.08019E-28  9.47062E+05  1.80360E-03  2.63058E+00
 -3.43906E+00  9.56497E-28  3.02046E+05  1.47603E-03  3.98083E+00
 -3.39227E+00  1.60497E-27  1.78258E+05  1.41316E-03  4.23997E+00
 -3.34548E+00  1.80028E-27  1.60008E+05  1.38902E-03  3.72510E+00
 -3.29869E+00  1.99558E-27  1.45331E+05  1.36961E-03  3.31100E+00
 -3.25190E+00  2.26178E-27  1.28869E+05  1.36998E-03  2.73115E+00
 -3.20511E+00  2.52799E-27  1.15875E+05  1.37027E-03  2.27341E+00
 -3.15832E+00  1.76264E-27  1.67366E+05  1.39955E-03  2.58112E+00
 -3.11153E+00  9.97285E-28  2.97887E+05  1.47378E-03  3.36111E+00
 -3.06474E+00  6.63359E-28  4.49259E+05  1.54097E-03  4.16475E+00
 -3.01795E+00  3.29433E-28  9.07505E+05  1.74438E-03  6.59760E+00
 -2.97116E+00  2.95738E-28  1.01387E+06  1.78993E-03  7.68158E+00
 -2.92437E+00  2.62044E-28  1.14760E+06  1.84721E-03  9.04432E+00
 -2.87758E+00  2.56674E-28  1.17611E+06  1.86049E-03  9.26926E+00
 -2.83079E+00  2.51304E-28  1.20584E+06  1.87433E-03  9.50382E+00
 -2.78400E+00  2.46357E-28  1.23446E+06  1.89151E-03  9.40407E+00
 -2.73721E+00  2.41410E-28  1.26425E+06  1.90939E-03  9.30024E+00
 -2.69042E+00  2.39923E-28  1.27491E+06  1.91736E-03  9.16505E+00
 -2.64363E+00  2.38436E-28  1.28570E+06  1.92542E-03  9.02817E+00
 -2.59684E+00  2.42677E-28  1.26501E+06  1.91565E-03  8.62845E+00
 -2.55005E+00  2.46917E-28  1.24503E+06  1.90621E-03  8.24245E+00
 -2.50326E+00  2.52847E-28  1.21693E+06  1.89194E-03  7.37969E+00
 -2.45647E+00  2.58777E-28  1.19011E+06  1.87833E-03  6.55646E+00
 -2.40968E+00  2.58697E-28  1.19179E+06  1.87994E-03  5.46326E+00
 -2.36289E+00  2.58617E-28  1.19346E+06  1.88155E-03  4.36939E+00
 -2.31610E+00  2.52826E-28  1.22252E+06  1.89902E-03  3.55730E+00
 -2.26931E+00  2.47035E-28  1.25294E+06  1.91732E-03  2.70715E+00
 -2.22252E+00  2.46640E-28  1.25569E+06  1.92137E-03  2.30486E+00
 -2.17573E+00  2.46245E-28  1.25844E+06  1.92543E-03  1.90128E+00
 -2.12894E+00  2.49531E-28  1.24194E+06  1.91801E-03  1.66664E+00
 -2.08215E+00  2.52817E-28  1.22587E+06  1.91078E-03  1.43810E+00
 -2.03536E+00  2.58707E-28  1.19834E+06  1.89711E-03  1.16871E+00
 -1.98857E+00  2.64597E-28  1.17204E+06  1.88405E-03  9.11323E-01
 -1.94178E+00  2.73819E-28  1.13342E+06  1.86408E-03  4.01370E-01
 -1.89499E+00  2.83041E-28  1.09733E+06  1.84542E-03 -7.53528E-02
 -1.84820E+00  2.96797E-28  1.04687E+06  1.81905E-03 -1.06876E+00
 -1.80141E+00  3.10552E-28  1.00088E+06  1.79502E-03 -1.97416E+00
 -1.75462E+00  3.29923E-28  9.43438E+05  1.75481E-03 -2.98639E+00
 -1.70783E+00  3.49293E-28  8.92363E+05  1.71907E-03 -3.88635E+00
 -1.66104E+00  3.42699E-28  9.10619E+05  1.72776E-03 -4.37483E+00
 -1.61425E+00  3.36105E-28  9.29592E+05  1.73678E-03 -4.88248E+00
 -1.56746E+00  3.00568E-28  1.04025E+06  1.79905E-03 -4.87631E+00
 -1.52067E+00  2.65030E-28  1.18058E+06  1.87802E-03 -4.86849E+00
 -1.47388E+00  2.45156E-28  1.27628E+06  1.92357E-03 -4.70937E+00
 -1.42709E+00  2.25282E-28  1.38887E+06  1.97715E-03 -4.52218E+00
 -1.38030E+00  2.21677E-28  1.41178E+06  1.98645E-03 -4.58322E+00
 -1.33351E+00  2.18071E-28  1.43544E+06  1.99605E-03 -4.64627E+00
 -1.28672E+00  2.18410E-28  1.43388E+06  1.99492E-03 -5.08321E+00
 -1.23993E+00  2.18748E-28  1.43231E+06  1.99380E-03 -5.51880E+00
 -1.19314E+00  2.21760E-28  1.41366E+06  1.98375E-03 -6.32182E+00
 -1.14635E+00  2.24772E-28  1.39551E+06  1.97397E-03 -7.10333E+00
 -1.09956E+00  2.34950E-28  1.33584E+06  1.93990E-03 -8.08210E+00
 -1.05277E+00  2.45128E-28  1.28113E+06  1.90866E-03 -8.97959E+00
 -1.00598E+00  2.65368E-28  1.18342E+06  1.86641E-03 -9.75617E+00
 -9.59194E-01  2.85609E-28  1.09956E+06  1.83016E-03 -1.04227E+01
 -9.12404E-01  3.00996E-28  1.04299E+06  1.81479E-03 -1.05812E+01
 -8.65614E-01  3.16383E-28  9.91916E+05  1.80092E-03 -1.07243E+01
 -8.18824E-01  3.20640E-28  9.78514E+05  1.80028E-03 -1.01658E+01
 -7.72034E-01  3.24897E-28  9.65463E+05  1.79966E-03 -9.62193E+00
 -7.25244E-01  3.27782E-28  9.56449E+05  1.79818E-03 -8.53167E+00
 -6.78454E-01  3.30668E-28  9.47593E+05  1.79672E-03 -7.46044E+00
 -6.31664E-01  3.36430E-28  9.30830E+05  1.79090E-03 -6.22607E+00
 -5.84874E-01  3.42193E-28  9.14631E+05  1.78528E-03 -5.03329E+00
 -5.38084E-01  3.54162E-28  8.83656E+05  1.77474E-03 -3.99221E+00
 -4.91294E-01  3.66132E-28  8.54706E+05  1.76488E-03 -3.01919E+00
 -4.44504E-01  3.82606E-28  8.18189E+05  1.75374E-03 -2.42974E+00
 -3.97714E-01  3.99081E-28  7.84687E+05  1.74352E-03 -1.88895E+00
 -3.50924E-01  4.00853E-28  7.81642E+05  1.74172E-03 -1.92094E+00
 -3.04135E-01  4.02625E-28  7.78623E+05  1.73995E-03 -1.95266E+00
 -2.57345E-01  3.82365E-28  8.20783E+05  1.74956E-03 -2.38352E+00
 -2.10555E-01  3.62106E-28  8.67660E+05  1.76024E-03 -2.86259E+00
 -1.63765E-01  3.16849E-28  9.92716E+05  1.79222E-03 -3.39036E+00
 -1.16975E-01  2.71592E-28  1.15945E+06  1.83485E-03 -4.09401E+00
 -7.01849E-02  2.58786E-28  1.21771E+06  1.87258E-03 -4.52949E+00
 -2.33950E-02  2.45981E-28  1.28205E+06  1.91423E-03 -5.01032E+00
  2.33950E-02  2.43470E-28  1.29622E+06  1.92371E-03 -5.14889E+00
  7.01849E-02  2.40959E-28  1.31069E+06  1.93339E-03 -5.29034E+00
  1.16975E-01  2.42402E-28  1.30379E+06  1.92824E-03 -5.01315E+00
  1.63765E-01  2.43845E-28  1.29696E+06  1.92315E-03 -4.73925E+00
  2.10555E-01  2.50495E-28  1.26317E+06  1.90167E-03 -4.13762E+00
  2.57345E-01  2.57146E-28  1.23113E+06  1.88131E-03 -3.56711E+00
  3.04135E-01  2.74874E-28  1.15232E+06  1.83295E-03 -2.84385E+00
  3.50924E-01  2.92602E-28  1.08306E+06  1.79045E-03 -2.20824E+00
  3.97714E-01  3.08183E-28  1.02841E+06  1.76253E-03 -1.66783E+00
  4.44504E-01  3.23765E-28  9.79017E+05  1.73729E-03 -1.17944E+00
  4.91294E-01  3.25578E-28  9.72451E+05  1.73239E-03 -1.17984E+00
  5.38084E-01  3.27391E-28  9.65957E+05  1.72754E-03 -1.18024E+00
  5.84874E-01  3.23755E-28  9.76198E+05  1.72749E-03 -1.67833E+00
  6.31664E-01  3.20119E-28  9.86672E+05  1.72744E-03 -2.18772E+00
  6.78454E-01  3.29579E-28  9.59039E+05  1.71767E-03 -2.60386E+00
  7.25244E-01  3.39038E-28  9.32948E+05  1.70845E-03 -2.99678E+00
  7.72034E-01  3.63438E-28  8.71516E+05  1.68881E-03 -2.77453E+00
  8.18824E-01  3.87838E-28  8.17814E+05  1.67164E-03 -2.58024E+00
  8.65614E-01  4.03770E-28  7.87029E+05  1.66336E-03 -1.68392E+00
  9.12404E-01  4.19701E-28  7.58581E+05  1.65570E-03 -8.55651E-01
  9.59194E-01  4.09466E-28  7.78562E+05  1.66377E-03  2.70028E-01
  1.00598E+00  3.99231E-28  7.99569E+05  1.67226E-03  1.45343E+00
  1.05277E+00  3.71697E-28  8.58786E+05  1.69837E-03  2.25918E+00
  1.09956E+00  3.44163E-28  9.27479E+05  1.72867E-03  3.19386E+00
  1.14635E+00  3.21948E-28  9.90763E+05  1.75523E-03  3.42749E+00
  1.19314E+00  2.99733E-28  1.06343E+06  1.78573E-03  3.69575E+00
  1.23993E+00  2.88758E-28  1.10317E+06  1.80184E-03  3.31248E+00
  1.28672E+00  2.77782E-28  1.14605E+06  1.81921E-03  2.89892E+00
  1.33351E+00  2.73444E-28  1.16437E+06  1.82792E-03  2.17308E+00
  1.38030E+00  2.69106E-28  1.18328E+06  1.83691E-03  1.42383E+00
  1.42709E+00  2.67860E-28  1.18882E+06  1.84100E-03  5.90646E-01
  1.47388E+00  2.66614E-28  1.19442E+06  1.84514E-03 -2.50328E-01
  1.52067E+00  2.66454E-28  1.19521E+06  1.84708E-03 -1.14311E+00
  1.56746E+00  2.66294E-28  1.19599E+06  1.84903E-03 -2.03698E+00
  1.61425E+00  2.63823E-28  1.20749E+06  1.85641E-03 -2.89146E+00
  1.66104E+00  2.61352E-28  1.21921E+06  1.86393E-03 -3.76210E+00
  1.70783E+00  2.53485E-28  1.25729E+06  1.88656E-03 -4.52834E+00
  1.75462E+00  2.45618E-28  1.29780E+06  1.91065E-03 -5.34367E+00
  1.80141E+00  2.36588E-28  1.34752E+06  1.94034E-03 -6.09836E+00
  1.84820E+00  2.27558E-28  1.40118E+06  1.97239E-03 -6.91295E+00
  1.89499E+00  2.25217E-28  1.41610E+06  1.98118E-03 -7.66659E+00
  1.94178E+00  2.22875E-28  1.43133E+06  1.99015E-03 -8.43608E+00
  1.98857E+00  2.22583E-28  1.43364E+06  1.99130E-03 -9.09928E+00
  2.03536E+00  2.22292E-28  1.43595E+06  1.99245E-03 -9.76423E+00
  2.08215E+00  2.22561E-28  1.43464E+06  1.99172E-03 -1.02681E+01
  2.12894E+00  2.22830E-28  1.43334E+06  1.99100E-03 -1.07708E+01
  2.17573E+00  2.23206E-28  1.43134E+06  1.98996E-03 -1.10810E+01
  2.22252E+00  2.23581E-28  1.42934E+06  1.98892E-03 -1.13902E+01
  2.26931E+00  2.24163E-28  1.42594E+06  1.98740E-03 -1.15208E+01
  2.31610E+00  2.24745E-28  1.42256E+06  1.98590E-03 -1.16507E+01
  2.36289E+00  2.26539E-28  1.41154E+06  1.98098E-03 -1.16738E+01
  2.40968E+00  2.28332E-28  1.40070E+06  1.97615E-03 -1.16965E+01
  2.45647E+00  2.34650E-28  1.36316E+06  1.95830E-03 -1.17316E+01
  2.50326E+00  2.40969E-28  1.32759E+06  1.94139E-03 -1.17648E+01
  2.55005E+00  2.57809E-28  1.24079E+06  1.90046E-03 -1.19741E+01
  2.59684E+00  2.74649E-28  1.16463E+06  1.86456E-03 -1.21578E+01
  2.64363E+00  2.95584E-28  1.08183E+06  1.82456E-03 -1.26340E+01
  2.69042E+00  3.16519E-28  1.00998E+06  1.78985E-03 -1.30472E+01
  2.73721E+00  3.24502E-28  9.84728E+05  1.77661E-03 -1.36907E+01
  2.78400E+00  3.32484E-28  9.60689E+05  1.76401E-03 -1.43034E+01
  2.83079E+00  3.25983E-28  9.79347E+05  1.77384E-03 -1.48983E+01
  2.87758E+00  3.19481E-28  9.98764E+05  1.78406E-03 -1.55175E+01
  2.92437E+00  3.06587E-28  1.04005E+06  1.80357E-03 -1.58993E+01
  2.97116E+00  2.93693E-28  1.08497E+06  1.82480E-03 -1.63147E+01
  3.01795E+00  2.91372E-28  1.09266E+06  1.82712E-03 -1.64302E+01
  3.06474E+00  2.89051E-28  1.10048E+06  1.82947E-03 -1.65476E+01
  3.11153E+00  3.01738E-28  1.05337E+06  1.80340E-03 -1.63731E+01
  3.15832E+00  3.14425E-28  1.01006E+06  1.77943E-03 -1.62126E+01
  3.20511E+00  3.33895E-28  9.50503E+05  1.74791E-03 -1.57665E+01
  3.25190E+00  3.53364E-28  8.97511E+05  1.71986E-03 -1.53694E+01
  3.29869E+00  3.70203E-28  8.56120E+05  1.69876E-03 -1.47771E+01
  3.34548E+00  3.87041E-28  8.18330E+05  1.67951E-03 -1.42362E+01
  3.39227E+00  3.98240E-28  7.94499E+05  1.66675E-03 -1.37177E+01
  3.43906E+00  4.09440E-28  7.71972E+05  1.65469E-03 -1.32275E+01
  3.48585E+00  4.14729E-28  7.61261E+05  1.64824E-03 -1.29278E+01
  3.53264E+00  4.20018E-28  7.50820E+05  1.64195E-03 -1.26357E+01
  3.57943E+00  4.20897E-28  7.48423E+05  1.64054E-03 -1.25239E+01
  3.62622E+00  4.21777E-28  7.46037E+05  1.63914E-03 -1.24125E+01
  3.67301E+00  4.18239E-28  7.51620E+05  1.64279E-03 -1.23974E+01
  3.71980E+00  4.14700E-28  7.57298E+05  1.64651E-03 -1.23820E+01
  3.76659E+00  3.97283E-28  7.89485E+05  1.66456E-03 -1.25159E+01
  3.81338E+00  3.79867E-28  8.24624E+05  1.68427E-03 -1.26621E+01
  3.86017E+00  3.39504E-28  9.21484E+05  1.73692E-03 -1.30881E+01
  3.90696E+00  2.99141E-28  1.04448E+06  1.80378E-03 -1.36292E+01
  3.95375E+00  2.68265E-28  1.16326E+06  1.86532E-03 -1.44335E+01
  4.00054E+00  2.37389E-28  1.31294E+06  1.94288E-03 -1.54471E+01
  4.04733E+00  2.29116E-28  1.35958E+06  1.96449E-03 -1.64074E+01
  4.09412E+00  2.20843E-28  1.40970E+06  1.98773E-03 -1.74396E+01
  4.14091E+00  2.19226E-28  1.41944E+06  1.99208E-03 -1.82115E+01
  4.18770E+00  2.17609E-28  1.42933E+06  1.99649E-03 -1.89949E+01
  4.23449E+00  2.17229E-28  1.43135E+06  1.99768E-03 -1.95101E+01
  4.28128E+00  2.16849E-28  1.43339E+06  1.99887E-03 -2.00271E+01
  4.32807E+00  2.16772E-28  1.43355E+06  1.99927E-03 -2.03429E+01
  4.37486E+00  2.16694E-28  1.43371E+06  1.99967E-03 -2.06589E+01
  4.42165E+00  2.16733E-28  1.43324E+06  1.99979E-03 -2.08626E+01
  4.46844E+00  2.16771E-28  1.43277E+06  1.99991E-03 -2.10663E+01
  4.51523E+00  2.16815E-28  1.43238E+06  1.99994E-03 -2.12187E+01
  4.56202E+00  2.16859E-28  1.43199E+06  1.99997E-03 -2.13711E+01
  4.60881E+00  2.16877E-28  1.43188E+06  1.99998E-03 -2.15029E+01
  4.65560E+00  2.16895E-28  1.43176E+06  1.99999E-03 -2.16347E+01
  4.70239E+00  2.16906E-28  1.43177E+06  1.99999E-03 -2.17558E+01
  4.74918E+00  2.16917E-28  1.43177E+06  2.00000E-03 -2.18770E+01
  4.79597E+00  2.16931E-28  1.43181E+06  2.00000E-03 -2.19883E+01
  4.84276E+00  2.16946E-28  1.43185E+06  2.00000E-03 -2.20995E+01
  4.88955E+00  2.16964E-28  1.43190E+06  2.00000E-03 -2.21978E+01
  4.93634E+00  2.16983E-28  1.43196E+06  2.00000E-03 -2.22960E+01
  4.98313E+00  2.17003E-28  1.43204E+06  2.00000E-03 -2.23766E+01
  5.02992E+00  2.17024E-28  1.43211E+06  2.00000E-03 -2.24572E+01
  5.07671E+00  2.17046E-28  1.43221E+06  2.00000E-03 -2.25175E+01
  5.12350E+00  2.17069E-28  1.43231E+06  2.00000E-03 -2.25778E+01
  5.17029E+00  2.17092E-28  1.43243E+06  2.00000E-03 -2.26162E+01
  5.21708E+00  2.17116E-28  1.43254E+06  2.00000E-03 -2.26546E+01
  5.26387E+00  2.17139E-28  1.43267E+06  2.00000E-03 -2.26706E+01
  5.31066E+00  2.17163E-28  1.43279E+06  2.00000E-03 -2.26866E+01
  5.35745E+00  2.17187E-28  1.43292E+06  2.00000E-03 -2.26802E+01
  5.40424E+00  2.17211E-28  1.43305E+06  2.00000E-03 -2.26739E+01
  5.45103E+00  2.17234E-28  1.43317E+06  2.00000E-03 -2.26458E+01
  5.49782E+00  2.17257E-28  1.43330E+06  2.00000E-03 -2.26176E+01
  5.54461E+00  2.17280E-28  1.43342E+06  2.00000E-03 -2.25685E+01
  5.59140E+00  2.17304E-28  1.43354E+06  2.00000E-03 -2.25194E+01
  5.63819E+00  2.17327E-28  1.43365E+06  2.00000E-03 -2.24508E+01
  5.68498E+00  2.17350E-28  1.43377E+06  2.00000E-03 -2.23823E+01
  5.73177E+00  2.17373E-28  1.43388E+06  2.00000E-03 -2.22968E+01
  5.77856E+00  2.17397E-28  1.43399E+06  2.00000E-03 -2.22113E+01
  5.82535E+00  2.17421E-28  1.43410E+06  2.00000E-03 -2.21120E+01
  5.87214E+00  2.17445E-28  1.43421E+06  2.00000E-03 -2.20129E+01
  5.91893E+00  2.17470E-28  1.43433E+06  2.00000E-03 -2.19041E+01
  5.96572E+00  2.17495E-28  1.43444E+06  2.00000E-03 -2.17953E+01
  6.01251E+00  2.17523E-28  1.43456E+06  2.00000E-03 -2.16812E+01
  6.05930E+00  2.17550E-28  1.43468E+06  2.00000E-03 -2.15671E+01
  6.10609E+00  2.17580E-28  1.43481E+06  2.00000E-03 -2.14516E+01
  6.15288E+00  2.17610E-28  1.43495E+06  2.00000E-03 -2.13362E+01
  6.19967E+00  2.17644E-28  1.43509E+06  2.00000E-03 -2.12225E+01
  6.24646E+00  2.17677E-28  1.43524E+06  2.00000E-03 -2.11088E+01
  6.29325E+00  2.17715E-28  1.43540E+06  2.00000E-03 -2.09992E+01
  6.34003E+00  2.17753E-28  1.43557E+06  2.00000E-03 -2.08897E+01
  6.38683E+00  2.17796E-28  1.43575E+06  2.00000E-03 -2.07858E+01
  6.43362E+00  2.17838E-28  1.43594E+06  2.00000E-03 -2.06819E+01
  6.48040E+00  2.17886E-28  1.43615E+06  2.00000E-03 -2.05843E+01
  6.52719E+00  2.17934E-28  1.43635E+06  2.00000E-03 -2.04868E+01
  6.57398E+00  2.17987E-28  1.43658E+06  2.00000E-03 -2.03962E+01
  6.62077E+00  2.18040E-28  1.43681E+06  2.00000E-03 -2.03056E+01
  6.66756E+00  2.18096E-28  1.43706E+06  2.00000E-03 -2.02227E+01
  6.71435E+00  2.18152E-28  1.43730E+06  2.00000E-03 -2.01398E+01
  6.76114E+00  2.18207E-28  1.43754E+06  2.00000E-03 -2.00662E+01
  6.80793E+00  2.18262E-28  1.43778E+06  2.00000E-03 -1.99926E+01
  6.85472E+00  2.18310E-28  1.43799E+06  2.00000E-03 -1.99305E+01
  6.90151E+00  2.18358E-28  1.43820E+06  2.00000E-03 -1.98684E+01
  6.94830E+00  2.18393E-28  1.43835E+06  2.00000E-03 -1.98203E+01
  6.99509E+00  2.18428E-28  1.43851E+06  2.00000E-03 -1.97722E+01
  7.04188E+00  2.18445E-28  1.43858E+06  2.00000E-03 -1.97400E+01
  7.08867E+00  2.18462E-28  1.43866E+06  2.00000E-03 -1.97078E+01
  7.13546E+00  2.18457E-28  1.43863E+06  2.00000E-03 -1.96926E+01
  7.18225E+00  2.18452E-28  1.43861E+06  2.00000E-03 -1.96773E+01
  7.22904E+00  2.18425E-28  1.43849E+06  2.00000E-03 -1.96782E+01
  7.27583E+00  2.18398E-28  1.43837E+06  2.00000E-03 -1.96791E+01
  7.32262E+00  2.18350E-28  1.43816E+06  2.00000E-03 -1.96939E+01
  7.36941E+00  2.18302E-28  1.43795E+06  2.00000E-03 -1.97087E+01
  7.41620E+00  2.18238E-28  1.43767E+06  2.00000E-03 -1.97340E+01
  7.46299E+00  2.18174E-28  1.43739E+06  2.00000E-03 -1.97593E+01
  7.50978E+00  2.18098E-28  1.43706E+06  2.00000E-03 -1.97911E+01
  7.55657E+00  2.18022E-28  1.43673E+06  2.00000E-03 -1.98228E+01
  7.60336E+00  2.17939E-28  1.43636E+06  2.00000E-03 -1.98571E+01
  7.65015E+00  2.17855E-28  1.43600E+06  2.00000E-03 -1.98913E+01
  7.69694E+00  2.17767E-28  1.43561E+06  2.00000E-03 -1.99243E+01
  7.74373E+00  2.17679E-28  1.43523E+06  2.00000E-03 -1.99573E+01
  7.79052E+00  2.17589E-28  1.43484E+06  2.00000E-03 -1.99858E+01
  7.83731E+00  2.17500E-28  1.43444E+06  2.00000E-03 -2.00144E+01
  7.88410E+00  2.17414E-28  1.43407E+06  2.00000E-03 -2.00354E+01
  7.93089E+00  2.17327E-28  1.43369E+06  2.00000E-03 -2.00564E+01
  7.97768E+00  2.17248E-28  1.43334E+06  2.00000E-03 -2.00670E+01
  8.02447E+00  2.17168E-28  1.43299E+06  2.00000E-03 -2.00777E+01
  8.07126E+00  2.17100E-28  1.43268E+06  2.00000E-03 -2.00755E+01
  8.11805E+00  2.17031E-28  1.43238E+06  2.00000E-03 -2.00733E+01
  8.16484E+00  2.16977E-28  1.43214E+06  2.00000E-03 -2.00561E+01
  8.21163E+00  2.16922E-28  1.43190E+06  2.00000E-03 -2.00389E+01
  8.25842E+00  2.16883E-28  1.43173E+06  2.00000E-03 -2.00053E+01
  8.30521E+00  2.16844E-28  1.43155E+06  2.00000E-03 -1.99718E+01
  8.35200E+00  2.16820E-28  1.43145E+06  2.00000E-03 -1.99220E+01
  8.39879E+00  2.16796E-28  1.43134E+06  2.00000E-03 -1.98722E+01
  8.44558E+00  2.16785E-28  1.43129E+06  2.00000E-03 -1.98074E+01
  8.49237E+00  2.16774E-28  1.43124E+06  2.00000E-03 -1.97427E+01
  8.53916E+00  2.16772E-28  1.43123E+06  2.00000E-03 -1.96656E+01
  8.58595E+00  2.16771E-28  1.43123E+06  2.00000E-03 -1.95885E+01
  8.63274E+00  2.16775E-28  1.43124E+06  2.00000E-03 -1.95025E+01
  8.67953E+00  2.16779E-28  1.43126E+06  2.00000E-03 -1.94165E+01
  8.72632E+00  2.16785E-28  1.43128E+06  2.00000E-03 -1.93257E+01
  8.77311E+00  2.16792E-28  1.43131E+06  2.00000E-03 -1.92348E+01
  8.81990E+00  2.16797E-28  1.43133E+06  2.00000E-03 -1.91434E+01
  8.86669E+00  2.16802E-28  1.43134E+06  2.00000E-03 -1.90519E+01
  8.91348E+00  2.16804E-28  1.43134E+06  2.00000E-03 -1.89639E+01
  8.96027E+00  2.16805E-28  1.43133E+06  2.00000E-03 -1.88759E+01
  9.00706E+00  2.16801E-28  1.43130E+06  2.00000E-03 -1.87949E+01
  9.05385E+00  2.16796E-28  1.43128E+06  2.00000E-03 -1.87139E+01
  9.10064E+00  2.16783E-28  1.43123E+06  2.00000E-03 -1.86413E+01
  9.14743E+00  2.16771E-28  1.43118E+06  2.00000E-03 -1.85687E+01
  9.19422E+00  2.16737E-28  1.43103E+06  2.00000E-03 -1.84874E+01
  9.24101E+00  2.16703E-28  1.43088E+06  2.00000E-03 -1.84061E+01
  9.28780E+00  2.16703E-28  1.43088E+06  2.00000E-03 -1.84061E+01
  9.33459E+00  2.16703E-28  1.43088E+06  2.00000E-03 -1.84061E+01
  9.38138E+00  2.16626E-28  1.43052E+06  2.00000E-03 -1.83065E+01
  9.42817E+00  2.16550E-28  1.43015E+06  2.00000E-03 -1.82069E+01
  9.47496E+00  2.16550E-28  1.43015E+06  2.00000E-03 -1.82069E+01
  9.52175E+00  2.16550E-28  1.43015E+06  2.00000E-03 -1.82069E+01
  9.56854E+00  2.16464E-28  1.42977E+06  2.00000E-03 -1.81314E+01
  9.61533E+00  2.16378E-28  1.42938E+06  2.00000E-03 -1.80559E+01
  9.66212E+00  2.16378E-28  1.42938E+06  2.00000E-03 -1.80559E+01
  9.70891E+00  2.16378E-28  1.42938E+06  2.00000E-03 -1.80559E+01
  9.75570E+00  2.16302E-28  1.42904E+06  2.00000E-03 -1.79799E+01
  9.80249E+00  2.16225E-28  1.42869E+06  2.00000E-03 -1.79039E+01
  9.84928E+00  2.16225E-28  1.42869E+06  2.00000E-03 -1.79039E+01
  9.89607E+00  2.16225E-28  1.42869E+06  2.00000E-03 -1.79039E+01
  9.94286E+00  2.16183E-28  1.42850E+06  2.00000E-03 -1.78065E+01
  9.98965E+00  2.16141E-28  1.42830E+06  2.00000E-03 -1.77091E+01
  1.00364E+01  2.16141E-28  1.42830E+06  2.00000E-03 -1.77091E+01
  1.00832E+01  2.16141E-28  1.42830E+06  2.00000E-03 -1.77091E+01
  1.01300E+01  2.16151E-28  1.42834E+06  2.00000E-03 -1.75740E+01
  1.01768E+01  2.16161E-28  1.42838E+06  2.00000E-03 -1.74389E+01
  1.02236E+01  2.16161E-28  1.42838E+06  2.00000E-03 -1.74389E+01
  1.02704E+01  2.16161E-28  1.42838E+06  2.00000E-03 -1.74389E+01
  1.03172E+01  2.16227E-28  1.42866E+06  2.00000E-03 -1.72625E+01
  1.03640E+01  2.16292E-28  1.42894E+06  2.00000E-03 -1.70862E+01
  1.04108E+01  2.16292E-28  1.42894E+06  2.00000E-03 -1.70862E+01
  1.04575E+01  2.16292E-28  1.42894E+06  2.00000E-03 -1.70862E+01
  1.05043E+01  2.16402E-28  1.42942E+06  2.00000E-03 -1.68775E+01
  1.05511E+01  2.16512E-28  1.42990E+06  2.00000E-03 -1.66690E+01
  1.05979E+01  2.16512E-28  1.42990E+06  2.00000E-03 -1.66690E+01
  1.06447E+01  2.16512E-28  1.42990E+06  2.00000E-03 -1.66690E+01
  1.06915E+01  2.16644E-28  1.43048E+06  2.00000E-03 -1.64454E+01
  1.07383E+01  2.16776E-28  1.43106E+06  2.00000E-03 -1.62221E+01
  1.07851E+01  2.16776E-28  1.43106E+06  2.00000E-03 -1.62221E+01
  1.08319E+01  2.16776E-28  1.43106E+06  2.00000E-03 -1.62221E+01
  1.08787E+01  2.16905E-28  1.43163E+06  2.00000E-03 -1.60027E+01
  1.09254E+01  2.17034E-28  1.43219E+06  2.00000E-03 -1.57836E+01
  1.09722E+01  2.17034E-28  1.43219E+06  2.00000E-03 -1.57836E+01
  1.10190E+01  2.17034E-28  1.43219E+06  2.00000E-03 -1.57836E+01
  1.10658E+01  2.17139E-28  1.43265E+06  2.00000E-03 -1.55838E+01
  1.11126E+01  2.17243E-28  1.43311E+06  2.00000E-03 -1.53842E+01
  1.11594E+01  2.17243E-28  1.43311E+06  2.00000E-03 -1.53842E+01
  1.12062E+01  2.17243E-28  1.43311E+06  2.00000E-03 -1.53842E+01
  1.12530E+01  2.17309E-28  1.43340E+06  2.00000E-03 -1.52131E+01
  1.12998E+01  2.17374E-28  1.43369E+06  2.00000E-03 -1.50421E+01
  1.13466E+01  2.17374E-28  1.43369E+06  2.00000E-03 -1.50421E+01
  1.13933E+01  2.17374E-28  1.43369E+06  2.00000E-03 -1.50421E+01
  1.14401E+01  2.17394E-28  1.43377E+06  2.00000E-03 -1.49031E+01
  1.14869E+01  2.17413E-28  1.43385E+06  2.00000E-03 -1.47641E+01
  1.15337E+01  2.17413E-28  1.43385E+06  2.00000E-03 -1.47641E+01
  1.15805E+01  2.17413E-28  1.43385E+06  2.00000E-03 -1.47641E+01
  1.16273E+01  2.17386E-28  1.43373E+06  2.00000E-03 -1.46562E+01
  1.16741E+01  2.17359E-28  1.43361E+06  2.00000E-03 -1.45482E+01
  1.17209E+01  2.17359E-28  1.43361E+06  2.00000E-03 -1.45482E+01
  1.17677E+01  2.17359E-28  1.43361E+06  2.00000E-03 -1.45482E+01
  1.18145E+01  2.17292E-28  1.43332E+06  2.00000E-03 -1.44669E+01
  1.18612E+01  2.17225E-28  1.43302E+06  2.00000E-03 -1.43855E+01
  1.19080E+01  2.17225E-28  1.43302E+06  2.00000E-03 -1.43855E+01
  1.19548E+01  2.17225E-28  1.43302E+06  2.00000E-03 -1.43855E+01
  1.20016E+01  2.17129E-28  1.43259E+06  2.00000E-03 -1.43243E+01
  1.20484E+01  2.17032E-28  1.43216E+06  2.00000E-03 -1.42632E+01
  1.20952E+01  2.17032E-28  1.43216E+06  2.00000E-03 -1.42632E+01
  1.21420E+01  2.17032E-28  1.43216E+06  2.00000E-03 -1.42632E+01
  1.21888E+01  2.16917E-28  1.43165E+06  2.00000E-03 -1.42161E+01
  1.22356E+01  2.16803E-28  1.43114E+06  2.00000E-03 -1.41689E+01
  1.22824E+01  2.16803E-28  1.43114E+06  2.00000E-03 -1.41689E+01
  1.23291E+01  2.16803E-28  1.43114E+06  2.00000E-03 -1.41689E+01
  1.23759E+01  2.16680E-28  1.43060E+06  2.00000E-03 -1.41305E+01
  1.24227E+01  2.16557E-28  1.43006E+06  2.00000E-03 -1.40920E+01
  1.24695E+01  2.16557E-28  1.43006E+06  2.00000E-03 -1.40920E+01
  1.25163E+01  2.16557E-28  1.43006E+06  2.00000E-03 -1.40920E+01
  1.25631E+01  2.16436E-28  1.42952E+06  2.00000E-03 -1.40576E+01
  1.26099E+01  2.16315E-28  1.42899E+06  2.00000E-03 -1.40233E+01
  1.26567E+01  2.16315E-28  1.42899E+06  2.00000E-03 -1.40233E+01
  1.27035E+01  2.16315E-28  1.42899E+06  2.00000E-03 -1.40233E+01
  1.27503E+01  2.16203E-28  1.42849E+06  2.00000E-03 -1.39895E+01
  1.27970E+01  2.16091E-28  1.42799E+06  2.00000E-03 -1.39558E+01
  1.28438E+01  2.16091E-28  1.42799E+06  2.00000E-03 -1.39558E+01
  1.28906E+01  2.16091E-28  1.42799E+06  2.00000E-03 -1.39558E+01
  1.29374E+01  2.15994E-28  1.42756E+06  2.00000E-03 -1.39204E+01
  1.29842E+01  2.15896E-28  1.42712E+06  2.00000E-03 -1.38850E+01
  1.30310E+01  2.15896E-28  1.42712E+06  2.00000E-03 -1.38850E+01
  1.30778E+01  2.15896E-28  1.42712E+06  2.00000E-03 -1.38850E+01
  1.31246E+01  2.15815E-28  1.42675E+06  2.00000E-03 -1.38471E+01
  1.31714E+01  2.15733E-28  1.42639E+06  2.00000E-03 -1.38093E+01
  1.32182E+01  2.15733E-28  1.42639E+06  2.00000E-03 -1.38093E+01
  1.32649E+01  2.15733E-28  1.42639E+06  2.00000E-03 -1.38093E+01
  1.33117E+01  2.15667E-28  1.42609E+06  2.00000E-03 -1.37684E+01
  1.33585E+01  2.15601E-28  1.42579E+06  2.00000E-03 -1.37276E+01
  1.34053E+01  2.15601E-28  1.42579E+06  2.00000E-03 -1.37276E+01
  1.34521E+01  2.15601E-28  1.42579E+06  2.00000E-03 -1.37276E+01
  1.34989E+01  2.15551E-28  1.42557E+06  2.00000E-03 -1.36805E+01
  1.35457E+01  2.15501E-28  1.42534E+06  2.00000E-03 -1.36334E+01
  1.35925E+01  2.15501E-28  1.42534E+06  2.00000E-03 -1.36334E+01
  1.36393E+01  2.15501E-28  1.42534E+06  2.00000E-03 -1.36334E+01
  1.36861E+01  2.15465E-28  1.42518E+06  2.00000E-03 -1.35785E+01
  1.37328E+01  2.15429E-28  1.42501E+06  2.00000E-03 -1.35235E+01
  1.37796E+01  2.15429E-28  1.42501E+06  2.00000E-03 -1.35235E+01
  1.38264E+01  2.15429E-28  1.42501E+06  2.00000E-03 -1.35235E+01
  1.38732E+01  2.15430E-28  1.42501E+06  2.00000E-03 -1.34559E+01
  1.39200E+01  2.15430E-28  1.42500E+06  2.00000E-03 -1.33883E+01
  1.39668E+01  2.15430E-28  1.42500E+06  2.00000E-03 -1.33883E+01
  1.40136E+01  2.15430E-28  1.42500E+06  2.00000E-03 -1.33883E+01
  1.40604E+01  2.15430E-28  1.42500E+06  2.00000E-03 -1.33883E+01
  1.41072E+01  2.15430E-28  1.42500E+06  2.00000E-03 -1.33883E+01
  1.41540E+01  2.15430E-28  1.42500E+06  2.00000E-03 -1.33883E+01
  1.42007E+01  2.15430E-28  1.42500E+06  2.00000E-03 -1.33883E+01
  1.42475E+01  2.15487E-28  1.42523E+06  2.00000E-03 -1.32240E+01
  1.42943E+01  2.15544E-28  1.42545E+06  2.00000E-03 -1.30599E+01
  1.43411E+01  2.15544E-28  1.42545E+06  2.00000E-03 -1.30599E+01
  1.43879E+01  2.15544E-28  1.42545E+06  2.00000E-03 -1.30599E+01
  1.44347E+01  2.15544E-28  1.42545E+06  2.00000E-03 -1.30599E+01
  1.44815E+01  2.15544E-28  1.42545E+06  2.00000E-03 -1.30599E+01
  1.45283E+01  2.15544E-28  1.42545E+06  2.00000E-03 -1.30599E+01
  1.45751E+01  2.15544E-28  1.42545E+06  2.00000E-03 -1.30599E+01
  1.46219E+01  2.15694E-28  1.42610E+06  2.00000E-03 -1.28313E+01
  1.46686E+01  2.15843E-28  1.42675E+06  2.00000E-03 -1.26030E+01
  1.47154E+01  2.15843E-28  1.42675E+06  2.00000E-03 -1.26030E+01
  1.47622E+01  2.15843E-28  1.42675E+06  2.00000E-03 -1.26030E+01
  1.48090E+01  2.15843E-28  1.42675E+06  2.00000E-03 -1.26030E+01
  1.48558E+01  2.15843E-28  1.42675E+06  2.00000E-03 -1.26030E+01
  1.49026E+01  2.15843E-28  1.42675E+06  2.00000E-03 -1.26030E+01
  1.49494E+01  2.15843E-28  1.42675E+06  2.00000E-03 -1.26030E+01
  1.49962E+01  2.16054E-28  1.42767E+06  2.00000E-03 -1.23335E+01
  1.50430E+01  2.16265E-28  1.42858E+06  2.00000E-03 -1.20645E+01
  1.50898E+01  2.16265E-28  1.42858E+06  2.00000E-03 -1.20645E+01
  1.51365E+01  2.16265E-28  1.42858E+06  2.00000E-03 -1.20645E+01
  1.51833E+01  2.16265E-28  1.42858E+06  2.00000E-03 -1.20645E+01
  1.52301E+01  2.16265E-28  1.42858E+06  2.00000E-03 -1.20645E+01
  1.52769E+01  2.16265E-28  1.42858E+06  2.00000E-03 -1.20645E+01
  1.53237E+01  2.16265E-28  1.42858E+06  2.00000E-03 -1.20645E+01
  1.53705E+01  2.16491E-28  1.42957E+06  2.00000E-03 -1.17820E+01
  1.54173E+01  2.16718E-28  1.43056E+06  2.00000E-03 -1.15002E+01
  1.54641E+01  2.16718E-28  1.43056E+06  2.00000E-03 -1.15002E+01
  1.55109E+01  2.16718E-28  1.43056E+06  2.00000E-03 -1.15002E+01
  1.55577E+01  2.16718E-28  1.43056E+06  2.00000E-03 -1.15002E+01
  1.56044E+01  2.16718E-28  1.43056E+06  2.00000E-03 -1.15002E+01
  1.56512E+01  2.16718E-28  1.43056E+06  2.00000E-03 -1.15002E+01
  1.56980E+01  2.16718E-28  1.43056E+06  2.00000E-03 -1.15002E+01
  1.57448E+01  2.16921E-28  1.43144E+06  2.00000E-03 -1.12327E+01
  1.57916E+01  2.17124E-28  1.43233E+06  2.00000E-03 -1.09657E+01
  1.58384E+01  2.17124E-28  1.43233E+06  2.00000E-03 -1.09657E+01
  1.58852E+01  2.17124E-28  1.43233E+06  2.00000E-03 -1.09657E+01
  1.59320E+01  2.17124E-28  1.43233E+06  2.00000E-03 -1.09657E+01
  1.59788E+01  2.17124E-28  1.43233E+06  2.00000E-03 -1.09657E+01
  1.60256E+01  2.17124E-28  1.43233E+06  2.00000E-03 -1.09657E+01
  1.60723E+01  2.17124E-28  1.43233E+06  2.00000E-03 -1.09657E+01
  1.61191E+01  2.17277E-28  1.43300E+06  2.00000E-03 -1.07357E+01
  1.61659E+01  2.17431E-28  1.43367E+06  2.00000E-03 -1.05060E+01
  1.62127E+01  2.17431E-28  1.43367E+06  2.00000E-03 -1.05060E+01
  1.62595E+01  2.17431E-28  1.43367E+06  2.00000E-03 -1.05060E+01
  1.63063E+01  2.17431E-28  1.43367E+06  2.00000E-03 -1.05060E+01
  1.63531E+01  2.17431E-28  1.43367E+06  2.00000E-03 -1.05060E+01
  1.63999E+01  2.17431E-28  1.43367E+06  2.00000E-03 -1.05060E+01
  1.64467E+01  2.17431E-28  1.43367E+06  2.00000E-03 -1.05060E+01
  1.64935E+01  2.17522E-28  1.43406E+06  2.00000E-03 -1.03258E+01
  1.65402E+01  2.17614E-28  1.43445E+06  2.00000E-03 -1.01457E+01
  1.65870E+01  2.17614E-28  1.43445E+06  2.00000E-03 -1.01457E+01
  1.66338E+01  2.17614E-28  1.43445E+06  2.00000E-03 -1.01457E+01
  1.66806E+01  2.17614E-28  1.43445E+06  2.00000E-03 -1.01457E+01
  1.67274E+01  2.17614E-28  1.43445E+06  2.00000E-03 -1.01457E+01
  1.67742E+01  2.17614E-28  1.43445E+06  2.00000E-03 -1.01457E+01
  1.68210E+01  2.17614E-28  1.43445E+06  2.00000E-03 -1.01457E+01
  1.68678E+01  2.17646E-28  1.43459E+06  2.00000E-03 -1.00141E+01
  1.69146E+01  2.17679E-28  1.43473E+06  2.00000E-03 -9.88262E+00
  1.69613E+01  2.17679E-28  1.43473E+06  2.00000E-03 -9.88262E+00
  1.70081E+01  2.17679E-28  1.43473E+06  2.00000E-03 -9.88262E+00
  1.70549E+01  2.17679E-28  1.43473E+06  2.00000E-03 -9.88262E+00
  1.71017E+01  2.17679E-28  1.43473E+06  2.00000E-03 -9.88262E+00
  1.71485E+01  2.17679E-28  1.43473E+06  2.00000E-03 -9.88262E+00
  1.71953E+01  2.17679E-28  1.43473E+06  2.00000E-03 -9.88262E+00
  1.72421E+01  2.17656E-28  1.43462E+06  2.00000E-03 -9.79367E+00
  1.72889E+01  2.17633E-28  1.43451E+06  2.00000E-03 -9.70470E+00
  1.73357E+01  2.17633E-28  1.43451E+06  2.00000E-03 -9.70470E+00
  1.73825E+01  2.17633E-28  1.43451E+06  2.00000E-03 -9.70470E+00
  1.74292E+01  2.17633E-28  1.43451E+06  2.00000E-03 -9.70470E+00
  1.74760E+01  2.17633E-28  1.43451E+06  2.00000E-03 -9.70470E+00
  1.75228E+01  2.17633E-28  1.43451E+06  2.00000E-03 -9.70470E+00
  1.75696E+01  2.17633E-28  1.43451E+06  2.00000E-03 -9.70470E+00
  1.76164E+01  2.17568E-28  1.43422E+06  2.00000E-03 -9.64515E+00
  1.76632E+01  2.17504E-28  1.43394E+06  2.00000E-03 -9.58557E+00
  1.77100E+01  2.17504E-28  1.43394E+06  2.00000E-03 -9.58557E+00
  1.77568E+01  2.17504E-28  1.43394E+06  2.00000E-03 -9.58557E+00
  1.78036E+01  2.17504E-28  1.43394E+06  2.00000E-03 -9.58557E+00
  1.78504E+01  2.17504E-28  1.43394E+06  2.00000E-03 -9.58557E+00
  1.78971E+01  2.17504E-28  1.43394E+06  2.00000E-03 -9.58557E+00
  1.79439E+01  2.17504E-28  1.43394E+06  2.00000E-03 -9.58557E+00
  1.79907E+01  2.17431E-28  1.43361E+06  2.00000E-03 -9.53008E+00
  1.80375E+01  2.17357E-28  1.43328E+06  2.00000E-03 -9.47456E+00
  1.80843E+01  2.17357E-28  1.43328E+06  2.00000E-03 -9.47456E+00
  1.81311E+01  2.17357E-28  1.43328E+06  2.00000E-03 -9.47456E+00
  1.81779E+01  2.17357E-28  1.43328E+06  2.00000E-03 -9.47456E+00
  1.82247E+01  2.17357E-28  1.43328E+06  2.00000E-03 -9.47456E+00
  1.82715E+01  2.17357E-28  1.43328E+06  2.00000E-03 -9.47456E+00
  1.83183E+01  2.17357E-28  1.43328E+06  2.00000E-03 -9.47456E+00
  1.83650E+01  2.17299E-28  1.43302E+06  2.00000E-03 -9.41028E+00
  1.84118E+01  2.17241E-28  1.43276E+06  2.00000E-03 -9.34596E+00
  1.84586E+01  2.17241E-28  1.43276E+06  2.00000E-03 -9.34596E+00
  1.85054E+01  2.17241E-28  1.43276E+06  2.00000E-03 -9.34596E+00
  1.85522E+01  2.17241E-28  1.43276E+06  2.00000E-03 -9.34596E+00
  1.85990E+01  2.17241E-28  1.43276E+06  2.00000E-03 -9.34596E+00
  1.86458E+01  2.17241E-28  1.43276E+06  2.00000E-03 -9.34596E+00
  1.86926E+01  2.17241E-28  1.43276E+06  2.00000E-03 -9.34596E+00
  1.87394E+01  2.17298E-28  1.43300E+06  2.00000E-03 -9.12961E+00
  1.87862E+01  2.17356E-28  1.43325E+06  2.00000E-03 -8.91336E+00
  1.88329E+01  2.17356E-28  1.43325E+06  2.00000E-03 -8.91336E+00
  1.88797E+01  2.17356E-28  1.43325E+06  2.00000E-03 -8.91336E+00
  1.89265E+01  2.17356E-28  1.43325E+06  2.00000E-03 -8.91336E+00
  1.89733E+01  2.17356E-28  1.43325E+06  2.00000E-03 -8.91336E+00
  1.90201E+01  2.17356E-28  1.43325E+06  2.00000E-03 -8.91336E+00
  1.90669E+01  2.17356E-28  1.43325E+06  2.00000E-03 -8.91336E+00
  1.91137E+01  2.17356E-28  1.43325E+06  2.00000E-03 -8.91336E+00
  1.91605E+01  2.17356E-28  1.43325E+06  2.00000E-03 -8.91336E+00
  1.92073E+01  2.17356E-28  1.43325E+06  2.00000E-03 -8.91336E+00
  1.92541E+01  2.17356E-28  1.43325E+06  2.00000E-03 -8.91336E+00
  1.93008E+01  2.17356E-28  1.43325E+06  2.00000E-03 -8.91336E+00
  1.93476E+01  2.17356E-28  1.43325E+06  2.00000E-03 -8.91336E+00
  1.93944E+01  2.17356E-28  1.43325E+06  2.00000E-03 -8.91336E+00
  1.94412E+01  2.17356E-28  1.43325E+06  2.00000E-03 -8.91336E+00
  1.94880E+01  2.17529E-28  1.43399E+06  2.00000E-03 -8.63363E+00
  1.95348E+01  2.17702E-28  1.43473E+06  2.00000E-03 -8.35435E+00
  1.95816E+01  2.17702E-28  1.43473E+06  2.00000E-03 -8.35435E+00
  1.96284E+01  2.17702E-28  1.43473E+06  2.00000E-03 -8.35435E+00
  1.96752E+01  2.17702E-28  1.43473E+06  2.00000E-03 -8.35435E+00
  1.97220E+01  2.17702E-28  1.43473E+06  2.00000E-03 -8.35435E+00
  1.97687E+01  2.17702E-28  1.43473E+06  2.00000E-03 -8.35435E+00
  1.98155E+01  2.17702E-28  1.43473E+06  2.00000E-03 -8.35435E+00
  1.98623E+01  2.17702E-28  1.43473E+06  2.00000E-03 -8.35435E+00
  1.99091E+01  2.17702E-28  1.43473E+06  2.00000E-03 -8.35435E+00
  1.99559E+01  2.17702E-28  1.43473E+06  2.00000E-03 -8.35435E+00
  2.00027E+01  2.17702E-28  1.43473E+06  2.00000E-03 -8.35435E+00
  2.00495E+01  2.17702E-28  1.43473E+06  2.00000E-03 -8.35435E+00
  2.00963E+01  2.17702E-28  1.43473E+06  2.00000E-03 -8.35435E+00
  2.01431E+01  2.17702E-28  1.43473E+06  2.00000E-03 -8.35435E+00
  2.01899E+01  2.17702E-28  1.43473E+06  2.00000E-03 -8.35435E+00
  2.02366E+01  2.17846E-28  1.43535E+06  2.00000E-03 -8.14723E+00
  2.02834E+01  2.17990E-28  1.43597E+06  2.00000E-03 -7.94039E+00
  2.03302E+01  2.17990E-28  1.43597E+06  2.00000E-03 -7.94039E+00
  2.03770E+01  2.17990E-28  1.43597E+06  2.00000E-03 -7.94039E+00
  2.04238E+01  2.17990E-28  1.43597E+06  2.00000E-03 -7.94039E+00
  2.04706E+01  2.17990E-28  1.43597E+06  2.00000E-03 -7.94039E+00
  2.05174E+01  2.17990E-28  1.43597E+06  2.00000E-03 -7.94039E+00
  2.05642E+01  2.17990E-28  1.43597E+06  2.00000E-03 -7.94039E+00
  2.06110E+01  2.17990E-28  1.43597E+06  2.00000E-03 -7.94039E+00
  2.06578E+01  2.17990E-28  1.43597E+06  2.00000E-03 -7.94039E+00
  2.07045E+01  2.17990E-28  1.43597E+06  2.00000E-03 -7.94039E+00
  2.07513E+01  2.17990E-28  1.43597E+06  2.00000E-03 -7.94039E+00
  2.07981E+01  2.17990E-28  1.43597E+06  2.00000E-03 -7.94039E+00
  2.08449E+01  2.17990E-28  1.43597E+06  2.00000E-03 -7.94039E+00
  2.08917E+01  2.17990E-28  1.43597E+06  2.00000E-03 -7.94039E+00
  2.09385E+01  2.17990E-28  1.43597E+06  2.00000E-03 -7.94039E+00
  2.09853E+01  2.18060E-28  1.43627E+06  2.00000E-03 -7.81494E+00
  2.10321E+01  2.18130E-28  1.43657E+06  2.00000E-03 -7.68956E+00
  2.10789E+01  2.18130E-28  1.43657E+06  2.00000E-03 -7.68956E+00
  2.11257E+01  2.18130E-28  1.43657E+06  2.00000E-03 -7.68956E+00
  2.11724E+01  2.18130E-28  1.43657E+06  2.00000E-03 -7.68956E+00
  2.12192E+01  2.18130E-28  1.43657E+06  2.00000E-03 -7.68956E+00
  2.12660E+01  2.18130E-28  1.43657E+06  2.00000E-03 -7.68956E+00
  2.13128E+01  2.18130E-28  1.43657E+06  2.00000E-03 -7.68956E+00
  2.13596E+01  2.18130E-28  1.43657E+06  2.00000E-03 -7.68956E+00
  2.14064E+01  2.18130E-28  1.43657E+06  2.00000E-03 -7.68956E+00
  2.14532E+01  2.18130E-28  1.43657E+06  2.00000E-03 -7.68956E+00
  2.15000E+01  2.18130E-28  1.43657E+06  2.00000E-03 -7.68956E+00
  2.15468E+01  2.18130E-28  1.43657E+06  2.00000E-03 -7.68956E+00
  2.15936E+01  2.18130E-28  1.43657E+06  2.00000E-03 -7.68956E+00
  2.16403E+01  2.18130E-28  1.43657E+06  2.00000E-03 -7.68956E+00
  2.16871E+01  2.18130E-28  1.43657E+06  2.00000E-03 -7.68956E+00
  2.17339E+01  2.18175E-28  1.43675E+06  2.00000E-03 -7.59622E+00
  2.17807E+01  2.18219E-28  1.43694E+06  2.00000E-03 -7.50292E+00
  2.18275E+01  2.18219E-28  1.43694E+06  2.00000E-03 -7.50292E+00
  2.18743E+01  2.18219E-28  1.43694E+06  2.00000E-03 -7.50292E+00
  2.19211E+01  2.18219E-28  1.43694E+06  2.00000E-03 -7.50292E+00
  2.19679E+01  2.18219E-28  1.43694E+06  2.00000E-03 -7.50292E+00
  2.20147E+01  2.18219E-28  1.43694E+06  2.00000E-03 -7.50292E+00
  2.20615E+01  2.18219E-28  1.43694E+06  2.00000E-03 -7.50292E+00
  2.21082E+01  2.18219E-28  1.43694E+06  2.00000E-03 -7.50292E+00
  2.21550E+01  2.18219E-28  1.43694E+06  2.00000E-03 -7.50292E+00
  2.22018E+01  2.18219E-28  1.43694E+06  2.00000E-03 -7.50292E+00
  2.22486E+01  2.18219E-28  1.43694E+06  2.00000E-03 -7.50292E+00
  2.22954E+01  2.18219E-28  1.43694E+06  2.00000E-03 -7.50292E+00
  2.23422E+01  2.18219E-28  1.43694E+06  2.00000E-03 -7.50292E+00
  2.23890E+01  2.18219E-28  1.43694E+06  2.00000E-03 -7.50292E+00
  2.24358E+01  2.18219E-28  1.43694E+06  2.00000E-03 -7.50292E+00
  2.24826E+01  2.18300E-28  1.43729E+06  2.00000E-03 -7.38253E+00
  2.25294E+01  2.18381E-28  1.43763E+06  2.00000E-03 -7.26223E+00
  2.25761E+01  2.18381E-28  1.43763E+06  2.00000E-03 -7.26223E+00
  2.26229E+01  2.18381E-28  1.43763E+06  2.00000E-03 -7.26223E+00
  2.26697E+01  2.18381E-28  1.43763E+06  2.00000E-03 -7.26223E+00
  2.27165E+01  2.18381E-28  1.43763E+06  2.00000E-03 -7.26223E+00
  2.27633E+01  2.18381E-28  1.43763E+06  2.00000E-03 -7.26223E+00
  2.28101E+01  2.18381E-28  1.43763E+06  2.00000E-03 -7.26223E+00
  2.28569E+01  2.18381E-28  1.43763E+06  2.00000E-03 -7.26223E+00
  2.29037E+01  2.18381E-28  1.43763E+06  2.00000E-03 -7.26223E+00
  2.29505E+01  2.18381E-28  1.43763E+06  2.00000E-03 -7.26223E+00
  2.29972E+01  2.18381E-28  1.43763E+06  2.00000E-03 -7.26223E+00
  2.30440E+01  2.18381E-28  1.43763E+06  2.00000E-03 -7.26223E+00
  2.30908E+01  2.18381E-28  1.43763E+06  2.00000E-03 -7.26223E+00
  2.31376E+01  2.18381E-28  1.43763E+06  2.00000E-03 -7.26223E+00
  2.31844E+01  2.18381E-28  1.43763E+06  2.00000E-03 -7.26223E+00
  2.32312E+01  2.18513E-28  1.43820E+06  2.00000E-03 -7.09651E+00
  2.32780E+01  2.18644E-28  1.43877E+06  2.00000E-03 -6.93099E+00
  2.33248E+01  2.18644E-28  1.43877E+06  2.00000E-03 -6.93099E+00
  2.33716E+01  2.18644E-28  1.43877E+06  2.00000E-03 -6.93099E+00
  2.34184E+01  2.18644E-28  1.43877E+06  2.00000E-03 -6.93099E+00
  2.34651E+01  2.18644E-28  1.43877E+06  2.00000E-03 -6.93099E+00
  2.35119E+01  2.18644E-28  1.43877E+06  2.00000E-03 -6.93099E+00
  2.35587E+01  2.18644E-28  1.43877E+06  2.00000E-03 -6.93099E+00
  2.36055E+01  2.18644E-28  1.43877E+06  2.00000E-03 -6.93099E+00
  2.36523E+01  2.18644E-28  1.43877E+06  2.00000E-03 -6.93099E+00
  2.36991E+01  2.18644E-28  1.43877E+06  2.00000E-03 -6.93099E+00
  2.37459E+01  2.18644E-28  1.43877E+06  2.00000E-03 -6.93099E+00
  2.37927E+01  2.18644E-28  1.43877E+06  2.00000E-03 -6.93099E+00
  2.38395E+01  2.18644E-28  1.43877E+06  2.00000E-03 -6.93099E+00
  2.38863E+01  2.18644E-28  1.43877E+06  2.00000E-03 -6.93099E+00
  2.39330E+01  2.18644E-28  1.43877E+06  2.00000E-03 -6.93099E+00
  2.39798E+01  2.18779E-28  1.43936E+06  2.00000E-03 -6.75127E+00
