 -2.70245E+01  2.17807E-28  1.43497E+06  2.00000E-03  8.87385E-01
 -2.69310E+01  2.17807E-28  1.43497E+06  2.00000E-03  8.87385E-01
 -2.68374E+01  2.17807E-28  1.43497E+06  2.00000E-03  8.87385E-01
 -2.67438E+01  2.17807E-28  1.43497E+06  2.00000E-03  8.87385E-01
 -2.66502E+01  2.17807E-28  1.43497E+06  2.00000E-03  8.87385E-01
 -2.65566E+01  2.17807E-28  1.43497E+06  2.00000E-03  8.87385E-01
 -2.64631E+01  2.17807E-28  1.43497E+06  2.00000E-03  8.87385E-01
 -2.63695E+01  2.17807E-28  1.43497E+06  2.00000E-03  8.87385E-01
 -2.62759E+01  2.17672E-28  1.43438E+06  2.00000E-03  9.98532E-01
 -2.61823E+01  2.17543E-28  1.43382E+06  2.00000E-03  1.10468E+00
 -2.60887E+01  2.17543E-28  1.43382E+06  2.00000E-03  1.10468E+00
 -2.59952E+01  2.17543E-28  1.43382E+06  2.00000E-03  1.10468E+00
 -2.59016E+01  2.17484E-28  1.43356E+06  2.00000E-03  1.14633E+00
 -2.58080E+01  2.17453E-28  1.43342E+06  2.00000E-03  1.16905E+00
 -2.57144E+01  2.17411E-28  1.43324E+06  2.00000E-03  1.19893E+00
 -2.56208E+01  2.17356E-28  1.43300E+06  2.00000E-03  1.23808E+00
 -2.55273E+01  2.17350E-28  1.43298E+06  2.00000E-03  1.24243E+00
 -2.54337E+01  2.17231E-28  1.43245E+06  2.00000E-03  1.32731E+00
 -2.53401E+01  2.17052E-28  1.43167E+06  2.00000E-03  1.45437E+00
 -2.52465E+01  2.17023E-28  1.43154E+06  2.00000E-03  1.47486E+00
 -2.51529E+01  2.16998E-28  1.43143E+06  2.00000E-03  1.49306E+00
 -2.50594E+01  2.16998E-28  1.43143E+06  2.00000E-03  1.49306E+00
 -2.49658E+01  2.16998E-28  1.43143E+06  2.00000E-03  1.49306E+00
 -2.48722E+01  2.16998E-28  1.43143E+06  2.00000E-03  1.49306E+00
 -2.47786E+01  2.16998E-28  1.43143E+06  2.00000E-03  1.49306E+00
 -2.46850E+01  2.16998E-28  1.43143E+06  2.00000E-03  1.49306E+00
 -2.45915E+01  2.17048E-28  1.43166E+06  2.00000E-03  1.45431E+00
 -2.44979E+01  2.17156E-28  1.43214E+06  2.00000E-03  1.37223E+00
 -2.44043E+01  2.17156E-28  1.43214E+06  2.00000E-03  1.37223E+00
 -2.43107E+01  2.17156E-28  1.43214E+06  2.00000E-03  1.37223E+00
 -2.42171E+01  2.17156E-28  1.43214E+06  2.00000E-03  1.37223E+00
 -2.41236E+01  2.17156E-28  1.43214E+06  2.00000E-03  1.37223E+00
 -2.40300E+01  2.17156E-28  1.43214E+06  2.00000E-03  1.37223E+00
 -2.39364E+01  2.17156E-28  1.43214E+06  2.00000E-03  1.37223E+00
 -2.38428E+01  2.17156E-28  1.43214E+06  2.00000E-03  1.37223E+00
 -2.37492E+01  2.17209E-28  1.43238E+06  2.00000E-03  1.33130E+00
 -2.36557E+01  2.17350E-28  1.43301E+06  2.00000E-03  1.22337E+00
 -2.35621E+01  2.17350E-28  1.43301E+06  2.00000E-03  1.22337E+00
 -2.34685E+01  2.17459E-28  1.43348E+06  2.00000E-03  1.14762E+00
 -2.33749E+01  2.17518E-28  1.43374E+06  2.00000E-03  1.10593E+00
 -2.32813E+01  2.17652E-28  1.43433E+06  2.00000E-03  1.01290E+00
 -2.31878E+01  2.17705E-28  1.43456E+06  2.00000E-03  9.76206E-01
 -2.30942E+01  2.17754E-28  1.43478E+06  2.00000E-03  9.41951E-01
 -2.30006E+01  2.17756E-28  1.43479E+06  2.00000E-03  9.40871E-01
 -2.29070E+01  2.17789E-28  1.43494E+06  2.00000E-03  9.14094E-01
 -2.28134E+01  2.17824E-28  1.43512E+06  2.00000E-03  8.70400E-01
 -2.27199E+01  2.17822E-28  1.43511E+06  2.00000E-03  8.70719E-01
 -2.26263E+01  2.17822E-28  1.43511E+06  2.00000E-03  8.70719E-01
 -2.25327E+01  2.17822E-28  1.43511E+06  2.00000E-03  8.70719E-01
 -2.24391E+01  2.17822E-28  1.43511E+06  2.00000E-03  8.70719E-01
 -2.23455E+01  2.17822E-28  1.43511E+06  2.00000E-03  8.70719E-01
 -2.22520E+01  2.17822E-28  1.43511E+06  2.00000E-03  8.70719E-01
 -2.21584E+01  2.17822E-28  1.43511E+06  2.00000E-03  8.70719E-01
 -2.20648E+01  2.17750E-28  1.43480E+06  2.00000E-03  9.19157E-01
 -2.19712E+01  2.17258E-28  1.43268E+06  2.00000E-03  1.24964E+00
 -2.18776E+01  2.17242E-28  1.43261E+06  2.00000E-03  1.26075E+00
 -2.17841E+01  2.17242E-28  1.43261E+06  2.00000E-03  1.26075E+00
 -2.16905E+01  2.17242E-28  1.43261E+06  2.00000E-03  1.26075E+00
 -2.15969E+01  2.17222E-28  1.43253E+06  2.00000E-03  1.27656E+00
 -2.15033E+01  2.16881E-28  1.43103E+06  2.00000E-03  1.55174E+00
 -2.14097E+01  2.16715E-28  1.43031E+06  2.00000E-03  1.68541E+00
 -2.13162E+01  2.16525E-28  1.42947E+06  2.00000E-03  1.83950E+00
 -2.12226E+01  2.16302E-28  1.42848E+06  2.00000E-03  2.01349E+00
 -2.11290E+01  2.15411E-28  1.42448E+06  2.00000E-03  2.69384E+00
 -2.10354E+01  2.15331E-28  1.42412E+06  2.00000E-03  2.75471E+00
 -2.09418E+01  2.15331E-28  1.42412E+06  2.00000E-03  2.75471E+00
 -2.08483E+01  2.15331E-28  1.42412E+06  2.00000E-03  2.75471E+00
 -2.07547E+01  2.14981E-28  1.42256E+06  2.00000E-03  3.01663E+00
 -2.06611E+01  2.14649E-28  1.42108E+06  2.00000E-03  3.26558E+00
 -2.05675E+01  2.14605E-28  1.42089E+06  2.00000E-03  3.33488E+00
 -2.04739E+01  2.14566E-28  1.42071E+06  2.00000E-03  3.39684E+00
 -2.03804E+01  2.14449E-28  1.42020E+06  2.00000E-03  3.50986E+00
 -2.02868E+01  2.13989E-28  1.41818E+06  2.00000E-03  3.87196E+00
 -2.01932E+01  2.13941E-28  1.41797E+06  2.00000E-03  3.90785E+00
 -2.00996E+01  2.13869E-28  1.41765E+06  2.00000E-03  3.96535E+00
 -2.00060E+01  2.13856E-28  1.41759E+06  2.00000E-03  3.97587E+00
 -1.99125E+01  2.13800E-28  1.41734E+06  2.00000E-03  4.02764E+00
 -1.98189E+01  2.13663E-28  1.41675E+06  2.00000E-03  4.15314E+00
 -1.97253E+01  2.13663E-28  1.41675E+06  2.00000E-03  4.15314E+00
 -1.96317E+01  2.13663E-28  1.41675E+06  2.00000E-03  4.15314E+00
 -1.95381E+01  2.13847E-28  1.41756E+06  2.00000E-03  4.04487E+00
 -1.94446E+01  2.14007E-28  1.41827E+06  2.00000E-03  3.99891E+00
 -1.93510E+01  2.14162E-28  1.41896E+06  2.00000E-03  3.91704E+00
 -1.92574E+01  2.14162E-28  1.41896E+06  2.00000E-03  3.91704E+00
 -1.91638E+01  2.14162E-28  1.41896E+06  2.00000E-03  3.91704E+00
 -1.90702E+01  2.14215E-28  1.41919E+06  2.00000E-03  3.90149E+00
 -1.89767E+01  2.14462E-28  1.42029E+06  2.00000E-03  3.79296E+00
 -1.88831E+01  2.14537E-28  1.42062E+06  2.00000E-03  3.74415E+00
 -1.87895E+01  2.14526E-28  1.42058E+06  2.00000E-03  3.75127E+00
 -1.86959E+01  2.14737E-28  1.42151E+06  2.00000E-03  3.61377E+00
 -1.86023E+01  2.15396E-28  1.42442E+06  2.00000E-03  3.19561E+00
 -1.85088E+01  2.15719E-28  1.42585E+06  2.00000E-03  2.98314E+00
 -1.84152E+01  2.15994E-28  1.42706E+06  2.00000E-03  2.78956E+00
 -1.83216E+01  2.16045E-28  1.42728E+06  2.00000E-03  2.75386E+00
 -1.82280E+01  2.16265E-28  1.42826E+06  2.00000E-03  2.59432E+00
 -1.81344E+01  2.17435E-28  1.43341E+06  2.00000E-03  1.75152E+00
 -1.80409E+01  2.17435E-28  1.43341E+06  2.00000E-03  1.75130E+00
 -1.79473E+01  2.17435E-28  1.43341E+06  2.00000E-03  1.75130E+00
 -1.78537E+01  2.17435E-28  1.43341E+06  2.00000E-03  1.75130E+00
 -1.77601E+01  2.18603E-28  1.43856E+06  2.00000E-03  8.81039E-01
 -1.76665E+01  2.19344E-28  1.44181E+06  2.00000E-03  3.23058E-01
 -1.75730E+01  2.19753E-28  1.44361E+06  2.00000E-03 -2.68544E-03
 -1.74794E+01  2.19980E-28  1.44460E+06  2.00000E-03 -1.90305E-01
 -1.73858E+01  2.20324E-28  1.44611E+06  2.00000E-03 -4.57907E-01
 -1.72922E+01  2.20828E-28  1.44833E+06  2.00000E-03 -8.35506E-01
 -1.71987E+01  2.20853E-28  1.44844E+06  2.00000E-03 -8.55001E-01
 -1.71051E+01  2.20853E-28  1.44844E+06  2.00000E-03 -8.55001E-01
 -1.70115E+01  2.20853E-28  1.44844E+06  2.00000E-03 -8.55001E-01
 -1.69179E+01  2.20826E-28  1.44833E+06  2.00000E-03 -8.47761E-01
 -1.68243E+01  2.20802E-28  1.44824E+06  2.00000E-03 -8.41179E-01
 -1.67308E+01  2.20802E-28  1.44824E+06  2.00000E-03 -8.41179E-01
 -1.66372E+01  2.20633E-28  1.44751E+06  2.00000E-03 -7.41933E-01
 -1.65436E+01  2.20386E-28  1.44644E+06  2.00000E-03 -5.76806E-01
 -1.64500E+01  2.19326E-28  1.44184E+06  2.00000E-03  2.34890E-01
 -1.63564E+01  2.19276E-28  1.44162E+06  2.00000E-03  2.74659E-01
 -1.62629E+01  2.19169E-28  1.44115E+06  2.00000E-03  3.56890E-01
 -1.61693E+01  2.19051E-28  1.44064E+06  2.00000E-03  4.47496E-01
 -1.60757E+01  2.18192E-28  1.43694E+06  2.00000E-03  1.12650E+00
 -1.59821E+01  2.17604E-28  1.43442E+06  2.00000E-03  1.59757E+00
 -1.58885E+01  2.17406E-28  1.43354E+06  2.00000E-03  1.75132E+00
 -1.57950E+01  2.17360E-28  1.43334E+06  2.00000E-03  1.78712E+00
 -1.57014E+01  2.16924E-28  1.43143E+06  2.00000E-03  2.11137E+00
 -1.56078E+01  2.16055E-28  1.42749E+06  2.00000E-03  2.80599E+00
 -1.55142E+01  2.15746E-28  1.42612E+06  2.00000E-03  3.03350E+00
 -1.54206E+01  2.15084E-28  1.42311E+06  2.00000E-03  3.56453E+00
 -1.53271E+01  2.14837E-28  1.42199E+06  2.00000E-03  3.76914E+00
 -1.52335E+01  2.14359E-28  1.41987E+06  2.00000E-03  4.15671E+00
 -1.51399E+01  2.14001E-28  1.41825E+06  2.00000E-03  4.45694E+00
 -1.50463E+01  2.13821E-28  1.41746E+06  2.00000E-03  4.59598E+00
 -1.49527E+01  2.13494E-28  1.41601E+06  2.00000E-03  4.86417E+00
 -1.48592E+01  2.13470E-28  1.41590E+06  2.00000E-03  4.88602E+00
 -1.47656E+01  2.13374E-28  1.41548E+06  2.00000E-03  4.95728E+00
 -1.46720E+01  2.13325E-28  1.41527E+06  2.00000E-03  4.98783E+00
 -1.45784E+01  2.13435E-28  1.41575E+06  2.00000E-03  4.89561E+00
 -1.44848E+01  2.13427E-28  1.41572E+06  2.00000E-03  4.89742E+00
 -1.43913E+01  2.13498E-28  1.41603E+06  2.00000E-03  4.83843E+00
 -1.42977E+01  2.13574E-28  1.41637E+06  2.00000E-03  4.77611E+00
 -1.42041E+01  2.13508E-28  1.41608E+06  2.00000E-03  4.82646E+00
 -1.41105E+01  2.13407E-28  1.41563E+06  2.00000E-03  4.92123E+00
 -1.40169E+01  2.13349E-28  1.41537E+06  2.00000E-03  4.97719E+00
 -1.39234E+01  2.13182E-28  1.41464E+06  2.00000E-03  5.12332E+00
 -1.38298E+01  2.13127E-28  1.41439E+06  2.00000E-03  5.19098E+00
 -1.37362E+01  2.13084E-28  1.41420E+06  2.00000E-03  5.26814E+00
 -1.36426E+01  2.13161E-28  1.41455E+06  2.00000E-03  5.25349E+00
 -1.35490E+01  2.13335E-28  1.41532E+06  2.00000E-03  5.16646E+00
 -1.34555E+01  2.13539E-28  1.41622E+06  2.00000E-03  5.08482E+00
 -1.33619E+01  2.13586E-28  1.41643E+06  2.00000E-03  5.05833E+00
 -1.32683E+01  2.14268E-28  1.41945E+06  2.00000E-03  4.64270E+00
 -1.31747E+01  2.14789E-28  1.42175E+06  2.00000E-03  4.31068E+00
 -1.30811E+01  2.15570E-28  1.42519E+06  2.00000E-03  3.81593E+00
 -1.29876E+01  2.15707E-28  1.42580E+06  2.00000E-03  3.73027E+00
 -1.28940E+01  2.16092E-28  1.42750E+06  2.00000E-03  3.49209E+00
 -1.28004E+01  2.16515E-28  1.42936E+06  2.00000E-03  3.22394E+00
 -1.27068E+01  2.16796E-28  1.43060E+06  2.00000E-03  3.06418E+00
 -1.26132E+01  2.17065E-28  1.43179E+06  2.00000E-03  2.93249E+00
 -1.25197E+01  2.17165E-28  1.43223E+06  2.00000E-03  2.88891E+00
 -1.24261E+01  2.17277E-28  1.43272E+06  2.00000E-03  2.89288E+00
 -1.23325E+01  2.17274E-28  1.43271E+06  2.00000E-03  2.89604E+00
 -1.22389E+01  2.17240E-28  1.43257E+06  2.00000E-03  2.97054E+00
 -1.21453E+01  2.17207E-28  1.43243E+06  2.00000E-03  3.02095E+00
 -1.20518E+01  2.17037E-28  1.43169E+06  2.00000E-03  3.19044E+00
 -1.19582E+01  2.16844E-28  1.43084E+06  2.00000E-03  3.40466E+00
 -1.18646E+01  2.16772E-28  1.43053E+06  2.00000E-03  3.47760E+00
 -1.17710E+01  2.16641E-28  1.42996E+06  2.00000E-03  3.64285E+00
 -1.16774E+01  2.16714E-28  1.43029E+06  2.00000E-03  3.59487E+00
 -1.15839E+01  2.16954E-28  1.43136E+06  2.00000E-03  3.49695E+00
 -1.14903E+01  2.16970E-28  1.43143E+06  2.00000E-03  3.49288E+00
 -1.13967E+01  2.17780E-28  1.43501E+06  2.00000E-03  2.91316E+00
 -1.13031E+01  2.18219E-28  1.43694E+06  2.00000E-03  2.58355E+00
 -1.12095E+01  2.19015E-28  1.44045E+06  2.00000E-03  1.97700E+00
 -1.11160E+01  2.19703E-28  1.44348E+06  2.00000E-03  1.45860E+00
 -1.10224E+01  2.19837E-28  1.44408E+06  2.00000E-03  1.35343E+00
 -1.09288E+01  2.20057E-28  1.44507E+06  2.00000E-03  1.19801E+00
 -1.08352E+01  2.20068E-28  1.44513E+06  2.00000E-03  1.17433E+00
 -1.07416E+01  2.19733E-28  1.44369E+06  2.00000E-03  1.37883E+00
 -1.06481E+01  2.19431E-28  1.44238E+06  2.00000E-03  1.58747E+00
 -1.05545E+01  2.18681E-28  1.43923E+06  2.00000E-03  2.16766E+00
 -1.04609E+01  2.17922E-28  1.43598E+06  2.00000E-03  2.75764E+00
 -1.03673E+01  2.17248E-28  1.43302E+06  2.00000E-03  3.28520E+00
 -1.02737E+01  2.16189E-28  1.42833E+06  2.00000E-03  4.11572E+00
 -1.01802E+01  2.15608E-28  1.42570E+06  2.00000E-03  4.58290E+00
 -1.00866E+01  2.15180E-28  1.42372E+06  2.00000E-03  4.94968E+00
 -9.99300E+00  2.14853E-28  1.42219E+06  2.00000E-03  5.24934E+00
 -9.89942E+00  2.14777E-28  1.42179E+06  2.00000E-03  5.36501E+00
 -9.80584E+00  2.14840E-28  1.42204E+06  2.00000E-03  5.35339E+00
 -9.71226E+00  2.14987E-28  1.42268E+06  2.00000E-03  5.29706E+00
 -9.61868E+00  2.15183E-28  1.42354E+06  2.00000E-03  5.18926E+00
 -9.52510E+00  2.15387E-28  1.42445E+06  2.00000E-03  5.07391E+00
 -9.43152E+00  2.15611E-28  1.42544E+06  2.00000E-03  4.97667E+00
 -9.33794E+00  2.15754E-28  1.42608E+06  2.00000E-03  4.97354E+00
 -9.24436E+00  2.15696E-28  1.42583E+06  2.00000E-03  5.10144E+00
 -9.15078E+00  2.15424E-28  1.42463E+06  2.00000E-03  5.42973E+00
 -9.05720E+00  2.15164E-28  1.42349E+06  2.00000E-03  5.72795E+00
 -8.96362E+00  2.14948E-28  1.42254E+06  2.00000E-03  5.99734E+00
 -8.87004E+00  2.14847E-28  1.42210E+06  2.00000E-03  6.14314E+00
 -8.77646E+00  2.14980E-28  1.42269E+06  2.00000E-03  6.07991E+00
 -8.68288E+00  2.15449E-28  1.42476E+06  2.00000E-03  5.77032E+00
 -8.58930E+00  2.16203E-28  1.42809E+06  2.00000E-03  5.25544E+00
 -8.49572E+00  2.16904E-28  1.43118E+06  2.00000E-03  4.74478E+00
 -8.40214E+00  2.17749E-28  1.43491E+06  2.00000E-03  4.15974E+00
 -8.30857E+00  2.18271E-28  1.43721E+06  2.00000E-03  3.83044E+00
 -8.21498E+00  2.18415E-28  1.43785E+06  2.00000E-03  3.74758E+00
 -8.12141E+00  2.18260E-28  1.43718E+06  2.00000E-03  3.87177E+00
 -8.02783E+00  2.17928E-28  1.43573E+06  2.00000E-03  4.11997E+00
 -7.93425E+00  2.17315E-28  1.43304E+06  2.00000E-03  4.59262E+00
 -7.84067E+00  2.16600E-28  1.42991E+06  2.00000E-03  5.12657E+00
 -7.74709E+00  2.15435E-28  1.42479E+06  2.00000E-03  5.97177E+00
 -7.65351E+00  2.14549E-28  1.42089E+06  2.00000E-03  6.65343E+00
 -7.55993E+00  2.13226E-28  1.41505E+06  2.00000E-03  7.69539E+00
 -7.46635E+00  2.11694E-28  1.40827E+06  2.00000E-03  8.87602E+00
 -7.37277E+00  2.10590E-28  1.40337E+06  2.00000E-03  9.75041E+00
 -7.27919E+00  2.09586E-28  1.39892E+06  2.00000E-03  1.05835E+01
 -7.18561E+00  2.08749E-28  1.39519E+06  2.00000E-03  1.12983E+01
 -7.09203E+00  2.08429E-28  1.39377E+06  2.00000E-03  1.15916E+01
 -6.99845E+00  2.08416E-28  1.39372E+06  2.00000E-03  1.16426E+01
 -6.90487E+00  2.08871E-28  1.39576E+06  2.00000E-03  1.13733E+01
 -6.81129E+00  2.09472E-28  1.39845E+06  2.00000E-03  1.09625E+01
 -6.71771E+00  2.10889E-28  1.40476E+06  2.00000E-03  9.84718E+00
 -6.62413E+00  2.12260E-28  1.41087E+06  2.00000E-03  8.78815E+00
 -6.53055E+00  2.14071E-28  1.41890E+06  2.00000E-03  7.33927E+00
 -6.43697E+00  2.15617E-28  1.42573E+06  2.00000E-03  6.08097E+00
 -6.34339E+00  2.16701E-28  1.43052E+06  2.00000E-03  5.22409E+00
 -6.24981E+00  2.17348E-28  1.43338E+06  2.00000E-03  4.69131E+00
 -6.15623E+00  2.17478E-28  1.43398E+06  2.00000E-03  4.67151E+00
 -6.06265E+00  2.16937E-28  1.43162E+06  2.00000E-03  5.05309E+00
 -5.96907E+00  2.16566E-28  1.43001E+06  2.00000E-03  5.38043E+00
 -5.87549E+00  2.16066E-28  1.42785E+06  2.00000E-03  5.81816E+00
 -5.78191E+00  2.15659E-28  1.42609E+06  2.00000E-03  6.12884E+00
 -5.68833E+00  2.15453E-28  1.42523E+06  2.00000E-03  6.28938E+00
 -5.59475E+00  2.15308E-28  1.42463E+06  2.00000E-03  6.38600E+00
 -5.50117E+00  2.15247E-28  1.42444E+06  2.00000E-03  6.40131E+00
 -5.40759E+00  2.15343E-28  1.42495E+06  2.00000E-03  6.18523E+00
 -5.31401E+00  2.15920E-28  1.42758E+06  2.00000E-03  5.48949E+00
 -5.22043E+00  2.16238E-28  1.42917E+06  2.00000E-03  4.71809E+00
 -5.12685E+00  2.16748E-28  1.43161E+06  2.00000E-03  3.48043E+00
 -5.03327E+00  2.17221E-28  1.43392E+06  2.00000E-03  1.62250E+00
 -4.93969E+00  2.17364E-28  1.43464E+06  2.00000E-03 -8.18408E-01
 -4.84611E+00  2.17178E-28  1.43314E+06  1.99887E-03 -4.58188E+00
 -4.75253E+00  2.31556E-28  1.33577E+06  1.89961E-03 -1.53323E+01
 -4.65895E+00  3.03937E-28  9.96797E+05  1.55223E-03 -3.79943E+01
 -4.56537E+00  3.38141E-28  8.50694E+05  1.42340E-03 -5.63176E+01
 -4.47179E+00  3.43085E-28  8.16672E+05  1.40320E-03 -6.47118E+01
 -4.37821E+00  3.45948E-28  8.30727E+05  1.40823E-03 -6.13500E+01
 -4.28463E+00  3.44841E-28  8.75676E+05  1.43339E-03 -4.69800E+01
 -4.19105E+00  3.36521E-28  9.13286E+05  1.46104E-03 -3.05382E+01
 -4.09747E+00  3.30377E-28  9.19787E+05  1.47490E-03 -1.77907E+01
 -4.00389E+00  3.31543E-28  9.10895E+05  1.47641E-03 -1.54649E+01
 -3.91031E+00  3.23771E-28  9.54995E+05  1.51794E-03 -2.70595E+01
 -3.81673E+00  2.81802E-28  1.12200E+06  1.67582E-03 -3.79118E+01
 -3.72315E+00  2.53132E-28  1.22997E+06  1.76535E-03 -4.25590E+01
 -3.62957E+00  2.66673E-28  1.12232E+06  1.64460E-03 -4.40892E+01
 -3.53599E+00  2.73617E-28  1.04207E+06  1.58110E-03 -5.41428E+01
 -3.44241E+00  2.60930E-28  1.10683E+06  1.65865E-03 -6.19096E+01
 -3.34883E+00  2.79154E-28  1.09314E+06  1.63357E-03 -6.31621E+01
 -3.25525E+00  4.08531E-28  7.69761E+05  1.31885E-03 -6.02274E+01
 -3.16167E+00  9.45938E-28  3.32109E+05  9.94936E-04 -6.11965E+01
 -3.06809E+00  9.64772E-28  3.18560E+05  9.85786E-04 -6.69324E+01
 -2.97451E+00  5.15110E-28  5.60003E+05  1.14910E-03 -8.09369E+01
 -2.88093E+00  4.14157E-28  6.29363E+05  1.19826E-03 -9.66053E+01
 -2.78735E+00  3.81148E-28  6.15624E+05  1.19284E-03 -1.13138E+02
 -2.69377E+00  4.04534E-28  5.58819E+05  1.16093E-03 -1.22761E+02
 -2.60019E+00  5.20956E-28  4.37389E+05  1.08826E-03 -1.17983E+02
 -2.50661E+00  6.84629E-28  3.27446E+05  9.99472E-04 -1.08490E+02
 -2.41303E+00  8.24440E-28  2.78442E+05  9.50443E-04 -9.94887E+01
 -2.31945E+00  9.20719E-28  2.96901E+05  9.61046E-04 -9.17003E+01
 -2.22587E+00  9.98876E-28  3.36383E+05  9.79471E-04 -8.71264E+01
 -2.13229E+00  1.46751E-27  2.67276E+05  8.78558E-04 -8.57010E+01
 -2.03871E+00  4.13556E-27  1.03411E+05  7.29591E-04 -7.69099E+01
 -1.94513E+00  1.08805E-26  3.68833E+04  6.62888E-04 -7.41733E+01
 -1.85155E+00  1.77633E-26  2.01652E+04  6.31353E-04 -7.34913E+01
 -1.75797E+00  2.28479E-26  1.51930E+04  6.14607E-04 -7.30611E+01
 -1.66440E+00  2.52069E-26  1.42398E+04  6.04517E-04 -7.26839E+01
 -1.57082E+00  2.62502E-26  1.42075E+04  6.01155E-04 -7.18850E+01
 -1.47724E+00  2.68254E-26  1.43045E+04  6.00283E-04 -7.08801E+01
 -1.38366E+00  2.63681E-26  1.44283E+04  6.00053E-04 -7.02620E+01
 -1.29008E+00  2.50508E-26  1.45388E+04  6.00006E-04 -7.01920E+01
 -1.19650E+00  2.37411E-26  1.45348E+04  6.00002E-04 -7.04682E+01
 -1.10292E+00  2.31001E-26  1.44966E+04  6.00001E-04 -7.06631E+01
 -1.00934E+00  2.29192E-26  1.44838E+04  6.00001E-04 -7.07384E+01
 -9.15756E-01  2.26152E-26  1.44801E+04  6.00000E-04 -7.08003E+01
 -8.22176E-01  2.25765E-26  1.44432E+04  6.00000E-04 -7.07840E+01
 -7.28597E-01  2.28529E-26  1.43803E+04  6.00000E-04 -7.05946E+01
 -6.35017E-01  2.36210E-26  1.43117E+04  6.00000E-04 -7.02599E+01
 -5.41437E-01  2.45435E-26  1.42642E+04  6.00000E-04 -6.98394E+01
 -4.47857E-01  2.50250E-26  1.42708E+04  6.00000E-04 -6.95875E+01
 -3.54277E-01  2.44545E-26  1.43334E+04  6.00000E-04 -6.97281E+01
 -2.60697E-01  2.31170E-26  1.43770E+04  6.00000E-04 -7.02617E+01
 -1.67117E-01  2.21510E-26  1.43526E+04  6.00000E-04 -7.06036E+01
 -7.35376E-02  2.18588E-26  1.43280E+04  6.00000E-04 -7.05576E+01
  2.00422E-02  2.18550E-26  1.43237E+04  6.00000E-04 -7.03257E+01
  1.13622E-01  2.17865E-26  1.43335E+04  6.00000E-04 -7.00232E+01
  2.07202E-01  2.15671E-26  1.43445E+04  6.00000E-04 -6.97330E+01
  3.00782E-01  2.12076E-26  1.43624E+04  6.00000E-04 -6.94958E+01
  3.94362E-01  2.09015E-26  1.43892E+04  6.00000E-04 -6.93621E+01
  4.87942E-01  2.08973E-26  1.44351E+04  6.00000E-04 -6.93846E+01
  5.81521E-01  2.17110E-26  1.44920E+04  6.00000E-04 -6.98234E+01
  6.75101E-01  2.38328E-26  1.44527E+04  6.00000E-04 -7.07840E+01
  7.68681E-01  2.61447E-26  1.43121E+04  6.00000E-04 -7.16322E+01
  8.62261E-01  2.75921E-26  1.41785E+04  6.00000E-04 -7.20226E+01
  9.55841E-01  2.81283E-26  1.41378E+04  6.00000E-04 -7.20567E+01
  1.04942E+00  2.88935E-26  1.41543E+04  6.00000E-04 -7.22586E+01
  1.14300E+00  3.00356E-26  1.41454E+04  6.00000E-04 -7.27141E+01
  1.23658E+00  3.01437E-26  1.40959E+04  6.00000E-04 -7.30117E+01
  1.33016E+00  2.80922E-26  1.40719E+04  6.00010E-04 -7.28145E+01
  1.42374E+00  2.51673E-26  1.41248E+04  6.00444E-04 -7.23487E+01
  1.51732E+00  2.21819E-26  1.42397E+04  6.05099E-04 -7.20610E+01
  1.61090E+00  2.00228E-26  1.44610E+04  6.14056E-04 -7.23374E+01
  1.70448E+00  1.72631E-26  1.60043E+04  6.30266E-04 -7.30033E+01
  1.79806E+00  1.45709E-26  1.90777E+04  6.47928E-04 -7.37712E+01
  1.89164E+00  1.24066E-26  2.34392E+04  6.59989E-04 -7.50543E+01
  1.98522E+00  9.96684E-27  3.11440E+04  6.69139E-04 -7.71119E+01
  2.07880E+00  6.29141E-27  5.29091E+04  6.95931E-04 -8.10555E+01
  2.17238E+00  3.13284E-27  1.13346E+05  7.73962E-04 -8.88370E+01
  2.26596E+00  1.63477E-27  2.25575E+05  8.75075E-04 -9.34797E+01
  2.35954E+00  1.00199E-27  3.76677E+05  9.70438E-04 -9.36590E+01
  2.45312E+00  8.72422E-28  4.36684E+05  9.89020E-04 -9.23903E+01
  2.54670E+00  9.82291E-28  3.90807E+05  9.52446E-04 -9.20296E+01
  2.64028E+00  1.25631E-27  3.07298E+05  8.94258E-04 -8.94430E+01
  2.73386E+00  1.56331E-27  2.52818E+05  8.59010E-04 -8.67706E+01
  2.82744E+00  1.99219E-27  2.07430E+05  8.27851E-04 -8.08092E+01
  2.92102E+00  2.32019E-27  1.86075E+05  8.13265E-04 -7.25095E+01
  3.01460E+00  2.54989E-27  1.71545E+05  8.01028E-04 -6.34264E+01
  3.10818E+00  2.44456E-27  1.77774E+05  8.08387E-04 -5.71877E+01
  3.20176E+00  2.24085E-27  1.90966E+05  8.23542E-04 -5.18197E+01
  3.29534E+00  2.69058E-27  1.50038E+05  8.01909E-04 -4.81428E+01
  3.38892E+00  2.55874E-27  1.29632E+05  7.99858E-04 -4.58272E+01
  3.48250E+00  1.98419E-27  1.37138E+05  8.06658E-04 -4.59066E+01
  3.57608E+00  1.64436E-27  1.40776E+05  8.18222E-04 -4.42101E+01
  3.66966E+00  1.53829E-27  1.44109E+05  8.27323E-04 -4.66539E+01
  3.76324E+00  1.24630E-27  1.85455E+05  8.67388E-04 -5.74925E+01
  3.85682E+00  2.81735E-27  8.67376E+04  7.40403E-04 -7.44967E+01
  3.95040E+00  6.58566E-27  3.97753E+04  6.99892E-04 -7.56669E+01
  4.04398E+00  1.65476E-27  1.59760E+05  8.48105E-04 -7.97206E+01
  4.13756E+00  4.28212E-28  5.91760E+05  1.28158E-03 -8.83599E+01
  4.23114E+00  3.81007E-28  6.67967E+05  1.29495E-03 -8.01333E+01
  4.32472E+00  3.83017E-28  6.96767E+05  1.25390E-03 -7.08178E+01
  4.41830E+00  3.25596E-28  8.64502E+05  1.37976E-03 -6.53781E+01
  4.51188E+00  2.98587E-28  9.50018E+05  1.48574E-03 -6.67961E+01
  4.60545E+00  2.77576E-28  9.74097E+05  1.56244E-03 -6.78311E+01
  4.69904E+00  2.86550E-28  9.55032E+05  1.53879E-03 -5.85896E+01
  4.79261E+00  2.64953E-28  1.16155E+06  1.70102E-03 -5.83276E+01
  4.88619E+00  2.54905E-28  1.29925E+06  1.80786E-03 -5.66819E+01
  4.97977E+00  3.10788E-28  1.09428E+06  1.60631E-03 -5.23571E+01
  5.07335E+00  3.91494E-28  8.77074E+05  1.41972E-03 -4.76806E+01
  5.16693E+00  3.99633E-28  8.66442E+05  1.41452E-03 -4.14972E+01
  5.26051E+00  4.03066E-28  8.60262E+05  1.41099E-03 -3.58091E+01
  5.35409E+00  4.85025E-28  7.09504E+05  1.30016E-03 -3.17025E+01
  5.44767E+00  5.64126E-28  6.03748E+05  1.22135E-03 -2.98719E+01
  5.54125E+00  6.48450E-28  5.12887E+05  1.15158E-03 -3.19078E+01
  5.63483E+00  6.41938E-28  5.11325E+05  1.15251E-03 -3.06627E+01
  5.72841E+00  6.34232E-28  5.16789E+05  1.15903E-03 -3.03580E+01
  5.82199E+00  6.14785E-28  5.31124E+05  1.17602E-03 -2.87028E+01
  5.91557E+00  5.37489E-28  6.00259E+05  1.23326E-03 -2.31359E+01
  6.00915E+00  4.72958E-28  6.82128E+05  1.29440E-03 -1.71333E+01
  6.10273E+00  3.46804E-28  9.26085E+05  1.47323E-03 -7.36909E+00
  6.19631E+00  2.85842E-28  1.11851E+06  1.62424E-03 -4.63381E-01
  6.28989E+00  2.50018E-28  1.27934E+06  1.76244E-03  5.10824E+00
  6.38347E+00  2.40766E-28  1.32967E+06  1.81909E-03  7.25976E+00
  6.47705E+00  2.37737E-28  1.35062E+06  1.85366E-03  8.29386E+00
  6.57063E+00  2.27679E-28  1.40731E+06  1.93904E-03  9.28628E+00
  6.66421E+00  2.23389E-28  1.43622E+06  1.97753E-03  9.65429E+00
  6.75779E+00  2.21178E-28  1.44717E+06  1.99413E-03  9.44832E+00
  6.85137E+00  2.20985E-28  1.45098E+06  1.99884E-03  8.45936E+00
  6.94495E+00  2.21492E-28  1.45235E+06  1.99991E-03  7.18462E+00
  7.03853E+00  2.21509E-28  1.45172E+06  2.00000E-03  6.46073E+00
  7.13211E+00  2.21291E-28  1.45070E+06  2.00000E-03  5.98200E+00
  7.22569E+00  2.21457E-28  1.45141E+06  2.00000E-03  5.38037E+00
  7.31927E+00  2.20660E-28  1.44792E+06  2.00000E-03  4.15118E+00
  7.41285E+00  2.20465E-28  1.44706E+06  2.00000E-03  3.54919E+00
  7.50643E+00  2.19924E-28  1.44468E+06  2.00000E-03  2.88816E+00
  7.60001E+00  2.19251E-28  1.44172E+06  2.00000E-03  2.04842E+00
  7.69359E+00  2.19034E-28  1.44075E+06  2.00000E-03  1.39282E+00
  7.78717E+00  2.18730E-28  1.43939E+06  2.00000E-03  9.08879E-01
  7.88075E+00  2.18375E-28  1.43782E+06  2.00000E-03  5.39786E-01
  7.97433E+00  2.17826E-28  1.43539E+06  2.00000E-03 -1.87980E-01
  8.06791E+00  2.17276E-28  1.43295E+06  2.00000E-03 -7.34179E-01
  8.16149E+00  2.16856E-28  1.43109E+06  2.00000E-03 -1.21623E+00
  8.25507E+00  2.16297E-28  1.42863E+06  2.00000E-03 -1.69895E+00
  8.34865E+00  2.15805E-28  1.42647E+06  2.00000E-03 -2.18443E+00
  8.44223E+00  2.15500E-28  1.42512E+06  2.00000E-03 -2.35744E+00
  8.53581E+00  2.15423E-28  1.42479E+06  2.00000E-03 -2.43098E+00
  8.62939E+00  2.15606E-28  1.42559E+06  2.00000E-03 -2.41428E+00
  8.72297E+00  2.15655E-28  1.42580E+06  2.00000E-03 -2.35205E+00
  8.81655E+00  2.15825E-28  1.42652E+06  2.00000E-03 -2.22112E+00
  8.91013E+00  2.16063E-28  1.42755E+06  2.00000E-03 -2.13828E+00
  9.00371E+00  2.16266E-28  1.42841E+06  2.00000E-03 -2.06838E+00
  9.09729E+00  2.16460E-28  1.42925E+06  2.00000E-03 -2.07871E+00
  9.19087E+00  2.16489E-28  1.42936E+06  2.00000E-03 -2.16415E+00
  9.28445E+00  2.16465E-28  1.42924E+06  2.00000E-03 -2.30726E+00
  9.37803E+00  2.16402E-28  1.42894E+06  2.00000E-03 -2.53933E+00
  9.47161E+00  2.16217E-28  1.42811E+06  2.00000E-03 -2.79241E+00
  9.56519E+00  2.15950E-28  1.42693E+06  2.00000E-03 -3.00643E+00
  9.65877E+00  2.15771E-28  1.42615E+06  2.00000E-03 -3.19886E+00
  9.75235E+00  2.15587E-28  1.42538E+06  2.00000E-03 -3.33125E+00
  9.84593E+00  2.15556E-28  1.42531E+06  2.00000E-03 -3.37893E+00
  9.93951E+00  2.15499E-28  1.42519E+06  2.00000E-03 -3.37125E+00
  1.00331E+01  2.15671E-28  1.42610E+06  2.00000E-03 -3.25756E+00
  1.01267E+01  2.15725E-28  1.42644E+06  2.00000E-03 -3.18023E+00
  1.02202E+01  2.15713E-28  1.42651E+06  2.00000E-03 -3.12301E+00
  1.03138E+01  2.15728E-28  1.42661E+06  2.00000E-03 -3.11817E+00
  1.04074E+01  2.15805E-28  1.42701E+06  2.00000E-03 -3.13226E+00
  1.05010E+01  2.15546E-28  1.42597E+06  2.00000E-03 -3.35618E+00
  1.05946E+01  2.15361E-28  1.42513E+06  2.00000E-03 -3.42711E+00
  1.06881E+01  2.14817E-28  1.42243E+06  2.00000E-03 -3.86559E+00
  1.07817E+01  2.14830E-28  1.42245E+06  2.00000E-03 -3.89083E+00
  1.08753E+01  2.14782E-28  1.42219E+06  2.00000E-03 -4.04297E+00
  1.09689E+01  2.14389E-28  1.42036E+06  2.00000E-03 -4.34401E+00
  1.10625E+01  2.14379E-28  1.42027E+06  2.00000E-03 -4.43137E+00
  1.11560E+01  2.13975E-28  1.41840E+06  2.00000E-03 -4.67705E+00
  1.12496E+01  2.13863E-28  1.41789E+06  2.00000E-03 -4.71727E+00
  1.13432E+01  2.14255E-28  1.41958E+06  2.00000E-03 -4.65466E+00
  1.14368E+01  2.14066E-28  1.41872E+06  2.00000E-03 -4.71619E+00
  1.15304E+01  2.14369E-28  1.42003E+06  2.00000E-03 -4.61532E+00
  1.16239E+01  2.14129E-28  1.41895E+06  2.00000E-03 -4.65322E+00
  1.17175E+01  2.14448E-28  1.42035E+06  2.00000E-03 -4.55397E+00
  1.18111E+01  2.14989E-28  1.42272E+06  2.00000E-03 -4.37945E+00
  1.19047E+01  2.15258E-28  1.42391E+06  2.00000E-03 -4.29824E+00
  1.19983E+01  2.15360E-28  1.42435E+06  2.00000E-03 -4.22104E+00
  1.20918E+01  2.15165E-28  1.42349E+06  2.00000E-03 -4.26882E+00
  1.21854E+01  2.15633E-28  1.42555E+06  2.00000E-03 -4.13100E+00
  1.22790E+01  2.15709E-28  1.42589E+06  2.00000E-03 -4.11659E+00
  1.23726E+01  2.16171E-28  1.42792E+06  2.00000E-03 -4.00358E+00
  1.24662E+01  2.16051E-28  1.42740E+06  2.00000E-03 -4.03221E+00
  1.25597E+01  2.15894E-28  1.42671E+06  2.00000E-03 -4.03187E+00
  1.26533E+01  2.16152E-28  1.42784E+06  2.00000E-03 -3.93115E+00
  1.27469E+01  2.16257E-28  1.42830E+06  2.00000E-03 -3.90391E+00
  1.28405E+01  2.16550E-28  1.42958E+06  2.00000E-03 -3.80083E+00
  1.29341E+01  2.16366E-28  1.42877E+06  2.00000E-03 -3.81694E+00
  1.30276E+01  2.16614E-28  1.42985E+06  2.00000E-03 -3.68919E+00
  1.31212E+01  2.16511E-28  1.42939E+06  2.00000E-03 -3.64352E+00
  1.32148E+01  2.16868E-28  1.43095E+06  2.00000E-03 -3.51272E+00
  1.33084E+01  2.17055E-28  1.43177E+06  2.00000E-03 -3.44418E+00
  1.34020E+01  2.16920E-28  1.43118E+06  2.00000E-03 -3.38847E+00
  1.34955E+01  2.17221E-28  1.43249E+06  2.00000E-03 -3.22438E+00
  1.35891E+01  2.17124E-28  1.43206E+06  2.00000E-03 -3.19819E+00
  1.36827E+01  2.17539E-28  1.43388E+06  2.00000E-03 -3.03593E+00
  1.37763E+01  2.17566E-28  1.43400E+06  2.00000E-03 -3.02357E+00
  1.38699E+01  2.17934E-28  1.43561E+06  2.00000E-03 -2.87863E+00
  1.39634E+01  2.17832E-28  1.43516E+06  2.00000E-03 -2.89090E+00
  1.40570E+01  2.17897E-28  1.43544E+06  2.00000E-03 -2.84120E+00
  1.41506E+01  2.18131E-28  1.43647E+06  2.00000E-03 -2.76870E+00
  1.42442E+01  2.18227E-28  1.43689E+06  2.00000E-03 -2.74171E+00
  1.43378E+01  2.18415E-28  1.43772E+06  2.00000E-03 -2.68758E+00
  1.44313E+01  2.18367E-28  1.43750E+06  2.00000E-03 -2.70349E+00
  1.45249E+01  2.18709E-28  1.43900E+06  2.00000E-03 -2.60820E+00
  1.46185E+01  2.18609E-28  1.43856E+06  2.00000E-03 -2.63441E+00
  1.47121E+01  2.18958E-28  1.44009E+06  2.00000E-03 -2.52535E+00
  1.48057E+01  2.19028E-28  1.44039E+06  2.00000E-03 -2.49569E+00
  1.48992E+01  2.18990E-28  1.44022E+06  2.00000E-03 -2.47501E+00
  1.49928E+01  2.19023E-28  1.44036E+06  2.00000E-03 -2.42286E+00
  1.50864E+01  2.18984E-28  1.44019E+06  2.00000E-03 -2.40753E+00
  1.51800E+01  2.19124E-28  1.44080E+06  2.00000E-03 -2.35446E+00
  1.52736E+01  2.19073E-28  1.44058E+06  2.00000E-03 -2.34767E+00
  1.53671E+01  2.19074E-28  1.44062E+06  2.00000E-03 -2.33467E+00
  1.54607E+01  2.19054E-28  1.44053E+06  2.00000E-03 -2.31862E+00
  1.55543E+01  2.19018E-28  1.44048E+06  2.00000E-03 -2.29231E+00
  1.56479E+01  2.19027E-28  1.44054E+06  2.00000E-03 -2.28781E+00
  1.57415E+01  2.18941E-28  1.44021E+06  2.00000E-03 -2.31851E+00
  1.58350E+01  2.18731E-28  1.43937E+06  2.00000E-03 -2.39946E+00
  1.59286E+01  2.18717E-28  1.43931E+06  2.00000E-03 -2.40564E+00
  1.60222E+01  2.18717E-28  1.43931E+06  2.00000E-03 -2.40564E+00
  1.61158E+01  2.18702E-28  1.43924E+06  2.00000E-03 -2.41199E+00
  1.62094E+01  2.18452E-28  1.43807E+06  2.00000E-03 -2.50420E+00
  1.63029E+01  2.18435E-28  1.43799E+06  2.00000E-03 -2.47284E+00
  1.63965E+01  2.18443E-28  1.43803E+06  2.00000E-03 -2.45213E+00
  1.64901E+01  2.18465E-28  1.43815E+06  2.00000E-03 -2.38707E+00
  1.65837E+01  2.18476E-28  1.43818E+06  2.00000E-03 -2.35773E+00
  1.66773E+01  2.18487E-28  1.43819E+06  2.00000E-03 -2.33025E+00
  1.67708E+01  2.18487E-28  1.43819E+06  2.00000E-03 -2.33025E+00
  1.68644E+01  2.18487E-28  1.43819E+06  2.00000E-03 -2.33025E+00
  1.69580E+01  2.18465E-28  1.43809E+06  2.00000E-03 -2.33652E+00
  1.70516E+01  2.18608E-28  1.43868E+06  2.00000E-03 -2.17625E+00
  1.71452E+01  2.18649E-28  1.43884E+06  2.00000E-03 -2.12073E+00
  1.72387E+01  2.18633E-28  1.43877E+06  2.00000E-03 -2.11724E+00
  1.73323E+01  2.18620E-28  1.43870E+06  2.00000E-03 -2.10183E+00
  1.74259E+01  2.18673E-28  1.43891E+06  2.00000E-03 -2.01884E+00
  1.75195E+01  2.18854E-28  1.43967E+06  2.00000E-03 -1.84817E+00
  1.76131E+01  2.18854E-28  1.43967E+06  2.00000E-03 -1.84817E+00
  1.77066E+01  2.18854E-28  1.43967E+06  2.00000E-03 -1.84817E+00
  1.78002E+01  2.18854E-28  1.43967E+06  2.00000E-03 -1.84817E+00
  1.78938E+01  2.18930E-28  1.43998E+06  2.00000E-03 -1.74222E+00
  1.79874E+01  2.18955E-28  1.44008E+06  2.00000E-03 -1.70813E+00
  1.80810E+01  2.18955E-28  1.44008E+06  2.00000E-03 -1.70813E+00
  1.81745E+01  2.18955E-28  1.44008E+06  2.00000E-03 -1.70813E+00
  1.82681E+01  2.18918E-28  1.43991E+06  2.00000E-03 -1.70147E+00
  1.83617E+01  2.18877E-28  1.43972E+06  2.00000E-03 -1.65372E+00
  1.84553E+01  2.18864E-28  1.43966E+06  2.00000E-03 -1.64850E+00
  1.85489E+01  2.18864E-28  1.43965E+06  2.00000E-03 -1.64966E+00
  1.86424E+01  2.18863E-28  1.43965E+06  2.00000E-03 -1.65438E+00
  1.87360E+01  2.18833E-28  1.43951E+06  2.00000E-03 -1.63583E+00
  1.88296E+01  2.18812E-28  1.43942E+06  2.00000E-03 -1.62274E+00
  1.89232E+01  2.18812E-28  1.43942E+06  2.00000E-03 -1.62274E+00
  1.90168E+01  2.18812E-28  1.43942E+06  2.00000E-03 -1.62274E+00
  1.91103E+01  2.18811E-28  1.43941E+06  2.00000E-03 -1.62086E+00
  1.92039E+01  2.18752E-28  1.43914E+06  2.00000E-03 -1.58752E+00
  1.92975E+01  2.18726E-28  1.43903E+06  2.00000E-03 -1.57685E+00
  1.93911E+01  2.18677E-28  1.43881E+06  2.00000E-03 -1.55672E+00
  1.94847E+01  2.18677E-28  1.43881E+06  2.00000E-03 -1.55672E+00
  1.95782E+01  2.18647E-28  1.43868E+06  2.00000E-03 -1.55115E+00
  1.96718E+01  2.18637E-28  1.43863E+06  2.00000E-03 -1.54589E+00
  1.97654E+01  2.18667E-28  1.43876E+06  2.00000E-03 -1.54093E+00
  1.98590E+01  2.18671E-28  1.43878E+06  2.00000E-03 -1.54040E+00
  1.99526E+01  2.18709E-28  1.43895E+06  2.00000E-03 -1.53088E+00
  2.00461E+01  2.18801E-28  1.43935E+06  2.00000E-03 -1.49026E+00
  2.01397E+01  2.18718E-28  1.43898E+06  2.00000E-03 -1.48651E+00
  2.02333E+01  2.18640E-28  1.43864E+06  2.00000E-03 -1.48726E+00
  2.03269E+01  2.18588E-28  1.43841E+06  2.00000E-03 -1.48775E+00
  2.04205E+01  2.18548E-28  1.43824E+06  2.00000E-03 -1.47119E+00
  2.05140E+01  2.18600E-28  1.43847E+06  2.00000E-03 -1.45368E+00
  2.06076E+01  2.18600E-28  1.43847E+06  2.00000E-03 -1.45368E+00
  2.07012E+01  2.18600E-28  1.43847E+06  2.00000E-03 -1.45368E+00
  2.07948E+01  2.18613E-28  1.43853E+06  2.00000E-03 -1.45102E+00
  2.08883E+01  2.18867E-28  1.43966E+06  2.00000E-03 -1.40020E+00
  2.09819E+01  2.18889E-28  1.43976E+06  2.00000E-03 -1.39563E+00
  2.10755E+01  2.18841E-28  1.43955E+06  2.00000E-03 -1.41036E+00
  2.11691E+01  2.18772E-28  1.43925E+06  2.00000E-03 -1.43060E+00
  2.12627E+01  2.18763E-28  1.43924E+06  2.00000E-03 -1.42574E+00
  2.13562E+01  2.18843E-28  1.43962E+06  2.00000E-03 -1.36288E+00
  2.14498E+01  2.18832E-28  1.43957E+06  2.00000E-03 -1.35292E+00
  2.15434E+01  2.18832E-28  1.43957E+06  2.00000E-03 -1.35292E+00
  2.16370E+01  2.18832E-28  1.43957E+06  2.00000E-03 -1.35292E+00
  2.17306E+01  2.18832E-28  1.43957E+06  2.00000E-03 -1.35292E+00
  2.18241E+01  2.18832E-28  1.43957E+06  2.00000E-03 -1.35292E+00
  2.19177E+01  2.18832E-28  1.43957E+06  2.00000E-03 -1.35292E+00
  2.20113E+01  2.18832E-28  1.43957E+06  2.00000E-03 -1.35292E+00
  2.21049E+01  2.18793E-28  1.43939E+06  2.00000E-03 -1.34275E+00
  2.21985E+01  2.18703E-28  1.43896E+06  2.00000E-03 -1.31919E+00
  2.22920E+01  2.18703E-28  1.43895E+06  2.00000E-03 -1.31919E+00
  2.23856E+01  2.18703E-28  1.43896E+06  2.00000E-03 -1.31919E+00
  2.24792E+01  2.18703E-28  1.43895E+06  2.00000E-03 -1.31919E+00
  2.25728E+01  2.18703E-28  1.43896E+06  2.00000E-03 -1.31919E+00
  2.26664E+01  2.18703E-28  1.43895E+06  2.00000E-03 -1.31919E+00
  2.27599E+01  2.18703E-28  1.43896E+06  2.00000E-03 -1.31919E+00
  2.28535E+01  2.18703E-28  1.43896E+06  2.00000E-03 -1.31919E+00
  2.29471E+01  2.18612E-28  1.43856E+06  2.00000E-03 -1.36643E+00
  2.30407E+01  2.18160E-28  1.43655E+06  2.00000E-03 -1.58435E+00
  2.31343E+01  2.18186E-28  1.43666E+06  2.00000E-03 -1.55802E+00
  2.32278E+01  2.18240E-28  1.43690E+06  2.00000E-03 -1.50303E+00
  2.33214E+01  2.18282E-28  1.43708E+06  2.00000E-03 -1.46091E+00
  2.34150E+01  2.18282E-28  1.43708E+06  2.00000E-03 -1.46091E+00
  2.35086E+01  2.18282E-28  1.43708E+06  2.00000E-03 -1.46091E+00
  2.36022E+01  2.18282E-28  1.43708E+06  2.00000E-03 -1.46091E+00
  2.36957E+01  2.18282E-28  1.43708E+06  2.00000E-03 -1.46091E+00
  2.37893E+01  2.18180E-28  1.43663E+06  2.00000E-03 -1.51662E+00
  2.38829E+01  2.17562E-28  1.43390E+06  2.00000E-03 -1.85217E+00
  2.39765E+01  2.17490E-28  1.43359E+06  2.00000E-03 -1.88932E+00
  2.40701E+01  2.17464E-28  1.43347E+06  2.00000E-03 -1.90189E+00
  2.41636E+01  2.17424E-28  1.43329E+06  2.00000E-03 -1.92109E+00
  2.42572E+01  2.17359E-28  1.43301E+06  2.00000E-03 -1.95214E+00
  2.43508E+01  2.17355E-28  1.43299E+06  2.00000E-03 -1.95447E+00
  2.44444E+01  2.17355E-28  1.43299E+06  2.00000E-03 -1.95447E+00
  2.45380E+01  2.17355E-28  1.43299E+06  2.00000E-03 -1.95447E+00
  2.46315E+01  2.17229E-28  1.43244E+06  2.00000E-03 -2.00880E+00
  2.47251E+01  2.16794E-28  1.43052E+06  2.00000E-03 -2.19802E+00
  2.48187E+01  2.16762E-28  1.43038E+06  2.00000E-03 -2.21164E+00
  2.49123E+01  2.16762E-28  1.43038E+06  2.00000E-03 -2.21164E+00
  2.50059E+01  2.16841E-28  1.43072E+06  2.00000E-03 -2.16889E+00
  2.50994E+01  2.16918E-28  1.43106E+06  2.00000E-03 -2.12736E+00
  2.51930E+01  2.17033E-28  1.43157E+06  2.00000E-03 -2.06498E+00
  2.52866E+01  2.17069E-28  1.43172E+06  2.00000E-03 -2.04564E+00
  2.53802E+01  2.17069E-28  1.43172E+06  2.00000E-03 -2.04564E+00
  2.54738E+01  2.17051E-28  1.43164E+06  2.00000E-03 -2.04829E+00
  2.55673E+01  2.16865E-28  1.43082E+06  2.00000E-03 -2.07556E+00
  2.56609E+01  2.16831E-28  1.43068E+06  2.00000E-03 -2.08043E+00
  2.57545E+01  2.16831E-28  1.43068E+06  2.00000E-03 -2.08043E+00
  2.58481E+01  2.16831E-28  1.43068E+06  2.00000E-03 -2.08043E+00
  2.59417E+01  2.16831E-28  1.43068E+06  2.00000E-03 -2.08043E+00
  2.60352E+01  2.16831E-28  1.43068E+06  2.00000E-03 -2.08043E+00
  2.61288E+01  2.16831E-28  1.43068E+06  2.00000E-03 -2.08043E+00
  2.62224E+01  2.16831E-28  1.43068E+06  2.00000E-03 -2.08043E+00
  2.63160E+01  2.16838E-28  1.43071E+06  2.00000E-03 -2.05290E+00
  2.64096E+01  2.16867E-28  1.43083E+06  2.00000E-03 -1.93755E+00
  2.65031E+01  2.16873E-28  1.43086E+06  2.00000E-03 -1.91406E+00
  2.65967E+01  2.16884E-28  1.43091E+06  2.00000E-03 -1.90321E+00
  2.66903E+01  2.16910E-28  1.43102E+06  2.00000E-03 -1.87641E+00
  2.67839E+01  2.16914E-28  1.43104E+06  2.00000E-03 -1.87219E+00
  2.68775E+01  2.16918E-28  1.43106E+06  2.00000E-03 -1.86811E+00
  2.69710E+01  2.16991E-28  1.43138E+06  2.00000E-03 -1.83038E+00
  2.70646E+01  2.17030E-28  1.43155E+06  2.00000E-03 -1.81071E+00
  2.71582E+01  2.17098E-28  1.43185E+06  2.00000E-03 -1.77460E+00
