 -2.70245E+01  2.13818E-28  1.41753E+06  2.00000E-03  1.11184E+01
 -2.69310E+01  2.13818E-28  1.41753E+06  2.00000E-03  1.11184E+01
 -2.68374E+01  2.13818E-28  1.41753E+06  2.00000E-03  1.11184E+01
 -2.67438E+01  2.13818E-28  1.41753E+06  2.00000E-03  1.11184E+01
 -2.66502E+01  2.13818E-28  1.41753E+06  2.00000E-03  1.11184E+01
 -2.65566E+01  2.13818E-28  1.41753E+06  2.00000E-03  1.11184E+01
 -2.64631E+01  2.13818E-28  1.41753E+06  2.00000E-03  1.11184E+01
 -2.63695E+01  2.13818E-28  1.41753E+06  2.00000E-03  1.11184E+01
 -2.62759E+01  2.13974E-28  1.41823E+06  2.00000E-03  1.11799E+01
 -2.61823E+01  2.14124E-28  1.41890E+06  2.00000E-03  1.12384E+01
 -2.60887E+01  2.14124E-28  1.41890E+06  2.00000E-03  1.12384E+01
 -2.59952E+01  2.14124E-28  1.41890E+06  2.00000E-03  1.12384E+01
 -2.59016E+01  2.14015E-28  1.41842E+06  2.00000E-03  1.13398E+01
 -2.58080E+01  2.13956E-28  1.41816E+06  2.00000E-03  1.13952E+01
 -2.57144E+01  2.13879E-28  1.41781E+06  2.00000E-03  1.14680E+01
 -2.56208E+01  2.13777E-28  1.41737E+06  2.00000E-03  1.15633E+01
 -2.55273E+01  2.13766E-28  1.41732E+06  2.00000E-03  1.15740E+01
 -2.54337E+01  2.13841E-28  1.41765E+06  2.00000E-03  1.17419E+01
 -2.53401E+01  2.13965E-28  1.41821E+06  2.00000E-03  1.19304E+01
 -2.52465E+01  2.13991E-28  1.41832E+06  2.00000E-03  1.19284E+01
 -2.51529E+01  2.14014E-28  1.41843E+06  2.00000E-03  1.19267E+01
 -2.50594E+01  2.14014E-28  1.41843E+06  2.00000E-03  1.19267E+01
 -2.49658E+01  2.14014E-28  1.41843E+06  2.00000E-03  1.19267E+01
 -2.48722E+01  2.14014E-28  1.41843E+06  2.00000E-03  1.19267E+01
 -2.47786E+01  2.14014E-28  1.41843E+06  2.00000E-03  1.19267E+01
 -2.46850E+01  2.14014E-28  1.41843E+06  2.00000E-03  1.19267E+01
 -2.45915E+01  2.13972E-28  1.41825E+06  2.00000E-03  1.21294E+01
 -2.44979E+01  2.13884E-28  1.41787E+06  2.00000E-03  1.25595E+01
 -2.44043E+01  2.13884E-28  1.41787E+06  2.00000E-03  1.25595E+01
 -2.43107E+01  2.13884E-28  1.41787E+06  2.00000E-03  1.25595E+01
 -2.42171E+01  2.13884E-28  1.41787E+06  2.00000E-03  1.25595E+01
 -2.41236E+01  2.13884E-28  1.41787E+06  2.00000E-03  1.25595E+01
 -2.40300E+01  2.13884E-28  1.41787E+06  2.00000E-03  1.25595E+01
 -2.39364E+01  2.13884E-28  1.41787E+06  2.00000E-03  1.25595E+01
 -2.38428E+01  2.13884E-28  1.41787E+06  2.00000E-03  1.25595E+01
 -2.37492E+01  2.13844E-28  1.41770E+06  2.00000E-03  1.27616E+01
 -2.36557E+01  2.13738E-28  1.41725E+06  2.00000E-03  1.32955E+01
 -2.35621E+01  2.13738E-28  1.41725E+06  2.00000E-03  1.32955E+01
 -2.34685E+01  2.13725E-28  1.41719E+06  2.00000E-03  1.33302E+01
 -2.33749E+01  2.13718E-28  1.41716E+06  2.00000E-03  1.33493E+01
 -2.32813E+01  2.13703E-28  1.41709E+06  2.00000E-03  1.33921E+01
 -2.31878E+01  2.13691E-28  1.41703E+06  2.00000E-03  1.34412E+01
 -2.30942E+01  2.13677E-28  1.41697E+06  2.00000E-03  1.34984E+01
 -2.30006E+01  2.13677E-28  1.41697E+06  2.00000E-03  1.35002E+01
 -2.29070E+01  2.13674E-28  1.41696E+06  2.00000E-03  1.36450E+01
 -2.28134E+01  2.13697E-28  1.41708E+06  2.00000E-03  1.42957E+01
 -2.27199E+01  2.13699E-28  1.41708E+06  2.00000E-03  1.43156E+01
 -2.26263E+01  2.13699E-28  1.41708E+06  2.00000E-03  1.43156E+01
 -2.25327E+01  2.13699E-28  1.41708E+06  2.00000E-03  1.43156E+01
 -2.24391E+01  2.13699E-28  1.41708E+06  2.00000E-03  1.43156E+01
 -2.23455E+01  2.13699E-28  1.41708E+06  2.00000E-03  1.43156E+01
 -2.22520E+01  2.13699E-28  1.41708E+06  2.00000E-03  1.43156E+01
 -2.21584E+01  2.13699E-28  1.41708E+06  2.00000E-03  1.43156E+01
 -2.20648E+01  2.13702E-28  1.41711E+06  2.00000E-03  1.44166E+01
 -2.19712E+01  2.13724E-28  1.41727E+06  2.00000E-03  1.51038E+01
 -2.18776E+01  2.13725E-28  1.41727E+06  2.00000E-03  1.51269E+01
 -2.17841E+01  2.13725E-28  1.41727E+06  2.00000E-03  1.51269E+01
 -2.16905E+01  2.13725E-28  1.41727E+06  2.00000E-03  1.51269E+01
 -2.15969E+01  2.13737E-28  1.41732E+06  2.00000E-03  1.51150E+01
 -2.15033E+01  2.13941E-28  1.41822E+06  2.00000E-03  1.49097E+01
 -2.14097E+01  2.14040E-28  1.41866E+06  2.00000E-03  1.48103E+01
 -2.13162E+01  2.14153E-28  1.41916E+06  2.00000E-03  1.46960E+01
 -2.12226E+01  2.14224E-28  1.41947E+06  2.00000E-03  1.47024E+01
 -2.11290E+01  2.14315E-28  1.41988E+06  2.00000E-03  1.51507E+01
 -2.10354E+01  2.14323E-28  1.41992E+06  2.00000E-03  1.51907E+01
 -2.09418E+01  2.14323E-28  1.41992E+06  2.00000E-03  1.51907E+01
 -2.08483E+01  2.14323E-28  1.41992E+06  2.00000E-03  1.51907E+01
 -2.07547E+01  2.14402E-28  1.42027E+06  2.00000E-03  1.53351E+01
 -2.06611E+01  2.14476E-28  1.42059E+06  2.00000E-03  1.54719E+01
 -2.05675E+01  2.14500E-28  1.42070E+06  2.00000E-03  1.54057E+01
 -2.04739E+01  2.14521E-28  1.42079E+06  2.00000E-03  1.53465E+01
 -2.03804E+01  2.14540E-28  1.42087E+06  2.00000E-03  1.53439E+01
 -2.02868E+01  2.14603E-28  1.42115E+06  2.00000E-03  1.55965E+01
 -2.01932E+01  2.14599E-28  1.42113E+06  2.00000E-03  1.56360E+01
 -2.00996E+01  2.14574E-28  1.42102E+06  2.00000E-03  1.56928E+01
 -2.00060E+01  2.14570E-28  1.42100E+06  2.00000E-03  1.57032E+01
 -1.99125E+01  2.14553E-28  1.42093E+06  2.00000E-03  1.58250E+01
 -1.98189E+01  2.14511E-28  1.42074E+06  2.00000E-03  1.61202E+01
 -1.97253E+01  2.14511E-28  1.42074E+06  2.00000E-03  1.61202E+01
 -1.96317E+01  2.14511E-28  1.42074E+06  2.00000E-03  1.61202E+01
 -1.95381E+01  2.14474E-28  1.42058E+06  2.00000E-03  1.60994E+01
 -1.94446E+01  2.14318E-28  1.41989E+06  2.00000E-03  1.64789E+01
 -1.93510E+01  2.14275E-28  1.41970E+06  2.00000E-03  1.65304E+01
 -1.92574E+01  2.14275E-28  1.41970E+06  2.00000E-03  1.65304E+01
 -1.91638E+01  2.14275E-28  1.41970E+06  2.00000E-03  1.65304E+01
 -1.90702E+01  2.14202E-28  1.41938E+06  2.00000E-03  1.66846E+01
 -1.89767E+01  2.13967E-28  1.41834E+06  2.00000E-03  1.71756E+01
 -1.88831E+01  2.13942E-28  1.41823E+06  2.00000E-03  1.72190E+01
 -1.87895E+01  2.13946E-28  1.41825E+06  2.00000E-03  1.72126E+01
 -1.86959E+01  2.13939E-28  1.41822E+06  2.00000E-03  1.72329E+01
 -1.86023E+01  2.13834E-28  1.41777E+06  2.00000E-03  1.75579E+01
 -1.85088E+01  2.13808E-28  1.41765E+06  2.00000E-03  1.76786E+01
 -1.84152E+01  2.13916E-28  1.41814E+06  2.00000E-03  1.75325E+01
 -1.83216E+01  2.13936E-28  1.41823E+06  2.00000E-03  1.75056E+01
 -1.82280E+01  2.13910E-28  1.41812E+06  2.00000E-03  1.75901E+01
 -1.81344E+01  2.13775E-28  1.41753E+06  2.00000E-03  1.80397E+01
 -1.80409E+01  2.13775E-28  1.41753E+06  2.00000E-03  1.80398E+01
 -1.79473E+01  2.13775E-28  1.41753E+06  2.00000E-03  1.80398E+01
 -1.78537E+01  2.13775E-28  1.41753E+06  2.00000E-03  1.80398E+01
 -1.77601E+01  2.13712E-28  1.41726E+06  2.00000E-03  1.84001E+01
 -1.76665E+01  2.13798E-28  1.41764E+06  2.00000E-03  1.84799E+01
 -1.75730E+01  2.14033E-28  1.41869E+06  2.00000E-03  1.82870E+01
 -1.74794E+01  2.14144E-28  1.41918E+06  2.00000E-03  1.81699E+01
 -1.73858E+01  2.14312E-28  1.41992E+06  2.00000E-03  1.81180E+01
 -1.72922E+01  2.14303E-28  1.41989E+06  2.00000E-03  1.85461E+01
 -1.71987E+01  2.14298E-28  1.41987E+06  2.00000E-03  1.85723E+01
 -1.71051E+01  2.14298E-28  1.41987E+06  2.00000E-03  1.85723E+01
 -1.70115E+01  2.14298E-28  1.41987E+06  2.00000E-03  1.85723E+01
 -1.69179E+01  2.14263E-28  1.41972E+06  2.00000E-03  1.88983E+01
 -1.68243E+01  2.14231E-28  1.41958E+06  2.00000E-03  1.91947E+01
 -1.67308E+01  2.14231E-28  1.41958E+06  2.00000E-03  1.91947E+01
 -1.66372E+01  2.14354E-28  1.42012E+06  2.00000E-03  1.90199E+01
 -1.65436E+01  2.14460E-28  1.42059E+06  2.00000E-03  1.89230E+01
 -1.64500E+01  2.14513E-28  1.42083E+06  2.00000E-03  1.93663E+01
 -1.63564E+01  2.14513E-28  1.42083E+06  2.00000E-03  1.93936E+01
 -1.62629E+01  2.14583E-28  1.42114E+06  2.00000E-03  1.93664E+01
 -1.61693E+01  2.14661E-28  1.42148E+06  2.00000E-03  1.93364E+01
 -1.60757E+01  2.14823E-28  1.42223E+06  2.00000E-03  1.96238E+01
 -1.59821E+01  2.14847E-28  1.42237E+06  2.00000E-03  1.99319E+01
 -1.58885E+01  2.14959E-28  1.42288E+06  2.00000E-03  1.98873E+01
 -1.57950E+01  2.14985E-28  1.42299E+06  2.00000E-03  1.98770E+01
 -1.57014E+01  2.15070E-28  1.42336E+06  2.00000E-03  1.97631E+01
 -1.56078E+01  2.15206E-28  1.42388E+06  2.00000E-03  2.00073E+01
 -1.55142E+01  2.15247E-28  1.42405E+06  2.00000E-03  2.00065E+01
 -1.54206E+01  2.15326E-28  1.42439E+06  2.00000E-03  2.01906E+01
 -1.53271E+01  2.15335E-28  1.42443E+06  2.00000E-03  2.02677E+01
 -1.52335E+01  2.15344E-28  1.42449E+06  2.00000E-03  2.03549E+01
 -1.51399E+01  2.15339E-28  1.42448E+06  2.00000E-03  2.05580E+01
 -1.50463E+01  2.15333E-28  1.42446E+06  2.00000E-03  2.05894E+01
 -1.49527E+01  2.15303E-28  1.42434E+06  2.00000E-03  2.08594E+01
 -1.48592E+01  2.15243E-28  1.42408E+06  2.00000E-03  2.09157E+01
 -1.47656E+01  2.15125E-28  1.42356E+06  2.00000E-03  2.12688E+01
 -1.46720E+01  2.15078E-28  1.42335E+06  2.00000E-03  2.12877E+01
 -1.45784E+01  2.14979E-28  1.42291E+06  2.00000E-03  2.16304E+01
 -1.44848E+01  2.14869E-28  1.42243E+06  2.00000E-03  2.16986E+01
 -1.43913E+01  2.14876E-28  1.42246E+06  2.00000E-03  2.18949E+01
 -1.42977E+01  2.14894E-28  1.42254E+06  2.00000E-03  2.20942E+01
 -1.42041E+01  2.14942E-28  1.42276E+06  2.00000E-03  2.19764E+01
 -1.41105E+01  2.14965E-28  1.42287E+06  2.00000E-03  2.20814E+01
 -1.40169E+01  2.14947E-28  1.42279E+06  2.00000E-03  2.20312E+01
 -1.39234E+01  2.15102E-28  1.42349E+06  2.00000E-03  2.21723E+01
 -1.38298E+01  2.14973E-28  1.42291E+06  2.00000E-03  2.22648E+01
 -1.37362E+01  2.15171E-28  1.42380E+06  2.00000E-03  2.21923E+01
 -1.36426E+01  2.15307E-28  1.42441E+06  2.00000E-03  2.20574E+01
 -1.35490E+01  2.15356E-28  1.42463E+06  2.00000E-03  2.19332E+01
 -1.34555E+01  2.15384E-28  1.42477E+06  2.00000E-03  2.20659E+01
 -1.33619E+01  2.15395E-28  1.42482E+06  2.00000E-03  2.20937E+01
 -1.32683E+01  2.15348E-28  1.42462E+06  2.00000E-03  2.21713E+01
 -1.31747E+01  2.15201E-28  1.42397E+06  2.00000E-03  2.20165E+01
 -1.30811E+01  2.15135E-28  1.42368E+06  2.00000E-03  2.19544E+01
 -1.29876E+01  2.15126E-28  1.42364E+06  2.00000E-03  2.20024E+01
 -1.28940E+01  2.15064E-28  1.42336E+06  2.00000E-03  2.21208E+01
 -1.28004E+01  2.14930E-28  1.42277E+06  2.00000E-03  2.19841E+01
 -1.27068E+01  2.14822E-28  1.42229E+06  2.00000E-03  2.20718E+01
 -1.26132E+01  2.14761E-28  1.42202E+06  2.00000E-03  2.19545E+01
 -1.25197E+01  2.14725E-28  1.42187E+06  2.00000E-03  2.17864E+01
 -1.24261E+01  2.14783E-28  1.42213E+06  2.00000E-03  2.18295E+01
 -1.23325E+01  2.14814E-28  1.42227E+06  2.00000E-03  2.15096E+01
 -1.22389E+01  2.14992E-28  1.42306E+06  2.00000E-03  2.11319E+01
 -1.21453E+01  2.15106E-28  1.42357E+06  2.00000E-03  2.09641E+01
 -1.20518E+01  2.15370E-28  1.42474E+06  2.00000E-03  2.04412E+01
 -1.19582E+01  2.15624E-28  1.42587E+06  2.00000E-03  2.03693E+01
 -1.18646E+01  2.15811E-28  1.42670E+06  2.00000E-03  2.00054E+01
 -1.17710E+01  2.16204E-28  1.42843E+06  2.00000E-03  1.95803E+01
 -1.16774E+01  2.16417E-28  1.42938E+06  2.00000E-03  1.90897E+01
 -1.15839E+01  2.16859E-28  1.43147E+06  1.99998E-03  1.85550E+01
 -1.14903E+01  2.16889E-28  1.43162E+06  1.99998E-03  1.85391E+01
 -1.13967E+01  2.17221E-28  1.43282E+06  1.99977E-03  1.84310E+01
 -1.13031E+01  2.17423E-28  1.43338E+06  1.99963E-03  1.82038E+01
 -1.12095E+01  2.17767E-28  1.43366E+06  1.99921E-03  1.80671E+01
 -1.11160E+01  2.18002E-28  1.43494E+06  1.99915E-03  1.79435E+01
 -1.10224E+01  2.18036E-28  1.43596E+06  1.99936E-03  1.79228E+01
 -1.09288E+01  2.18380E-28  1.43553E+06  1.99877E-03  1.81911E+01
 -1.08352E+01  2.18849E-28  1.43406E+06  1.99761E-03  1.80961E+01
 -1.07416E+01  2.20103E-28  1.43161E+06  1.99500E-03  1.80541E+01
 -1.06481E+01  2.20696E-28  1.43149E+06  1.99398E-03  1.76823E+01
 -1.05545E+01  2.21432E-28  1.43032E+06  1.99252E-03  1.78112E+01
 -1.04609E+01  2.21266E-28  1.43476E+06  1.99411E-03  1.76705E+01
 -1.03673E+01  2.20801E-28  1.44222E+06  1.99679E-03  1.72879E+01
 -1.02737E+01  2.20977E-28  1.44703E+06  1.99787E-03  1.69958E+01
 -1.01802E+01  2.21489E-28  1.44897E+06  1.99777E-03  1.65607E+01
 -1.00866E+01  2.22607E-28  1.44555E+06  1.99628E-03  1.59893E+01
 -9.99300E+00  2.31751E-28  1.39177E+06  1.97702E-03  1.43333E+01
 -9.89942E+00  2.67183E-28  1.21021E+06  1.90152E-03  1.20124E+01
 -9.80584E+00  3.21138E-28  1.00814E+06  1.80821E-03  1.02319E+01
 -9.71226E+00  4.85859E-28  6.66709E+05  1.65532E-03  6.04287E+00
 -9.61868E+00  5.94171E-28  5.45136E+05  1.60117E-03  4.31405E+00
 -9.52510E+00  6.12925E-28  5.27682E+05  1.58955E-03  3.49881E+00
 -9.43152E+00  5.89705E-28  5.47298E+05  1.59018E-03  2.57343E+00
 -9.33794E+00  5.53538E-28  5.84208E+05  1.59975E-03  2.21628E+00
 -9.24436E+00  5.03387E-28  6.45990E+05  1.62086E-03  8.56746E-01
 -9.15078E+00  3.97375E-28  8.23672E+05  1.69290E-03 -5.16141E+00
 -9.05720E+00  3.09843E-28  1.05972E+06  1.80789E-03 -1.02304E+01
 -8.96362E+00  2.56095E-28  1.27993E+06  1.92025E-03 -1.47112E+01
 -8.87004E+00  2.65620E-28  1.23201E+06  1.88350E-03 -1.69415E+01
 -8.77646E+00  3.07508E-28  1.05912E+06  1.78490E-03 -1.78078E+01
 -8.68288E+00  3.57328E-28  8.98779E+05  1.69711E-03 -1.40247E+01
 -8.58930E+00  5.25671E-28  5.93112E+05  1.52087E-03 -9.22178E+00
 -8.49572E+00  1.30101E-27  2.23041E+05  1.33039E-03 -1.04764E+01
 -8.40214E+00  2.78731E-27  9.07183E+04  1.26719E-03 -1.14732E+01
 -8.30857E+00  2.00251E-27  1.27251E+05  1.29428E-03 -4.29617E+00
 -8.21498E+00  1.50848E-27  1.84550E+05  1.34307E-03  8.18929E-01
 -8.12141E+00  1.91828E-27  1.48995E+05  1.31011E-03 -3.35285E+00
 -8.02783E+00  2.02083E-27  1.45222E+05  1.31024E-03 -3.36763E+00
 -7.93425E+00  1.59670E-27  1.82970E+05  1.34272E-03 -4.56772E+00
 -7.84067E+00  1.73198E-27  1.66773E+05  1.35325E-03 -6.95590E+00
 -7.74709E+00  3.45194E-27  8.28771E+04  1.29487E-03 -9.58693E+00
 -7.65351E+00  5.98609E-27  4.44188E+04  1.25883E-03 -1.29880E+01
 -7.55993E+00  9.75343E-27  2.40847E+04  1.23671E-03 -1.80352E+01
 -7.46635E+00  1.10042E-26  1.98842E+04  1.23282E-03 -2.25020E+01
 -7.37277E+00  7.89097E-27  2.81991E+04  1.23824E-03 -2.38499E+01
 -7.27919E+00  3.66595E-27  6.50057E+04  1.25425E-03 -2.59425E+01
 -7.18561E+00  1.16813E-27  2.23391E+05  1.33027E-03 -2.14987E+01
 -7.09203E+00  5.49463E-28  5.10259E+05  1.47728E-03 -1.05082E+01
 -6.99845E+00  4.43270E-28  6.70668E+05  1.55140E-03 -4.63783E+00
 -6.90487E+00  3.99136E-28  7.82849E+05  1.59926E-03 -2.95012E+00
 -6.81129E+00  3.68340E-28  8.61603E+05  1.63578E-03 -9.35955E-01
 -6.71771E+00  3.79291E-28  8.41236E+05  1.60454E-03 -3.02975E+00
 -6.62413E+00  4.39267E-28  7.29447E+05  1.54035E-03 -9.27258E+00
 -6.53055E+00  6.48268E-28  4.94077E+05  1.47663E-03 -1.27100E+01
 -6.43697E+00  1.16854E-27  2.73541E+05  1.42054E-03 -1.26994E+01
 -6.34339E+00  9.89969E-28  3.30614E+05  1.43594E-03 -1.41018E+01
 -6.24981E+00  1.08801E-27  3.12907E+05  1.41769E-03 -1.15645E+01
 -6.15623E+00  1.28055E-27  2.72542E+05  1.39939E-03 -8.35497E+00
 -6.06265E+00  9.38135E-28  3.75556E+05  1.43902E-03 -2.51881E+00
 -5.96907E+00  6.15690E-28  5.65236E+05  1.51984E-03  5.12871E+00
 -5.87549E+00  4.98845E-28  6.80466E+05  1.57447E-03  1.34508E+01
 -5.78191E+00  4.69681E-28  6.95364E+05  1.58564E-03  1.63871E+01
 -5.68833E+00  4.15408E-28  7.69619E+05  1.62345E-03  1.59593E+01
 -5.59475E+00  3.95569E-28  7.99894E+05  1.63883E-03  1.60905E+01
 -5.50117E+00  3.74846E-28  8.29816E+05  1.65965E-03  1.83323E+01
 -5.40759E+00  3.46823E-28  8.94461E+05  1.69463E-03  2.00236E+01
 -5.31401E+00  3.01741E-28  1.02113E+06  1.76569E-03  2.28520E+01
 -5.22043E+00  2.82370E-28  1.07474E+06  1.80797E-03  2.53963E+01
 -5.12685E+00  3.10026E-28  9.65861E+05  1.76034E-03  2.50593E+01
 -5.03327E+00  4.17692E-28  7.01805E+05  1.63633E-03  2.08997E+01
 -4.93969E+00  4.33708E-28  6.60434E+05  1.60511E-03  1.41251E+01
 -4.84611E+00  3.84484E-28  7.38202E+05  1.62989E-03  5.27398E+00
 -4.75253E+00  3.79685E-28  7.56386E+05  1.63497E-03 -1.46366E+00
 -4.65895E+00  4.03108E-28  7.28040E+05  1.62383E-03 -3.16679E+00
 -4.56537E+00  4.37910E-28  6.83550E+05  1.60766E-03 -2.57803E+00
 -4.47179E+00  5.72952E-28  5.26354E+05  1.53870E-03 -8.93381E+00
 -4.37821E+00  1.25323E-27  2.37714E+05  1.39463E-03 -1.97125E+01
 -4.28463E+00  2.85044E-27  1.01189E+05  1.33401E-03 -2.68643E+01
 -4.19105E+00  5.26403E-27  5.45192E+04  1.31920E-03 -2.57733E+01
 -4.09747E+00  5.14633E-27  5.45045E+04  1.32100E-03 -2.07807E+01
 -4.00389E+00  2.28721E-27  1.23973E+05  1.35678E-03 -1.67474E+01
 -3.91031E+00  4.93814E-27  5.64218E+04  1.35030E-03 -2.87540E+01
 -3.81673E+00  8.72737E-27  2.50633E+04  1.34010E-03 -3.38288E+01
 -3.72315E+00  4.66942E-27  3.75893E+04  1.34272E-03 -3.74055E+01
 -3.62957E+00  2.99957E-27  5.54439E+04  1.34591E-03 -3.89125E+01
 -3.53599E+00  3.22247E-27  5.27596E+04  1.34477E-03 -3.74983E+01
 -3.44241E+00  3.36525E-27  5.23997E+04  1.34371E-03 -3.18801E+01
 -3.34883E+00  3.10721E-27  5.69166E+04  1.34264E-03 -2.49696E+01
 -3.25525E+00  2.60615E-27  7.04572E+04  1.34428E-03 -2.03963E+01
 -3.16167E+00  2.33050E-27  8.44297E+04  1.35161E-03 -1.67693E+01
 -3.06809E+00  2.11321E-27  8.53003E+04  1.35683E-03 -1.14918E+01
 -2.97451E+00  1.44849E-27  9.69902E+04  1.36080E-03 -6.42323E+00
 -2.88093E+00  1.10870E-27  1.21656E+05  1.37180E-03 -1.36759E+01
 -2.78735E+00  8.16906E-28  1.70136E+05  1.38378E-03 -2.70339E+01
 -2.69377E+00  2.38724E-27  5.35613E+04  1.32768E-03 -2.95674E+01
 -2.60019E+00  4.59649E-27  2.52107E+04  1.30685E-03 -2.78429E+01
 -2.50661E+00  6.14485E-27  1.80863E+04  1.30049E-03 -2.93892E+01
 -2.41303E+00  7.76577E-27  1.57651E+04  1.30259E-03 -3.49418E+01
 -2.31945E+00  5.68108E-27  2.26719E+04  1.31213E-03 -3.75976E+01
 -2.22587E+00  4.71907E-27  2.89764E+04  1.31852E-03 -3.86686E+01
 -2.13229E+00  5.61177E-27  2.47859E+04  1.31437E-03 -3.91661E+01
 -2.03871E+00  2.88514E-27  4.67370E+04  1.33588E-03 -3.79692E+01
 -1.94513E+00  9.38249E-28  1.44400E+05  1.42342E-03 -3.48007E+01
 -1.85155E+00  7.28213E-28  1.90450E+05  1.40705E-03 -4.07729E+01
 -1.75797E+00  4.70654E-27  2.91346E+04  1.26989E-03 -4.33126E+01
 -1.66440E+00  8.81512E-27  1.51019E+04  1.26417E-03 -4.55694E+01
 -1.57082E+00  8.27740E-27  1.55790E+04  1.27174E-03 -4.86650E+01
 -1.47724E+00  7.59604E-27  1.56715E+04  1.27274E-03 -5.27608E+01
 -1.38366E+00  7.55547E-27  1.53104E+04  1.27260E-03 -5.50762E+01
 -1.29008E+00  8.00813E-27  1.56136E+04  1.27413E-03 -5.55061E+01
 -1.19650E+00  8.11247E-27  1.65801E+04  1.27250E-03 -5.28769E+01
 -1.10292E+00  6.70183E-27  1.92544E+04  1.27344E-03 -4.64106E+01
 -1.00934E+00  4.14887E-27  3.15879E+04  1.29706E-03 -3.72175E+01
 -9.15756E-01  1.74608E-27  9.50952E+04  1.38247E-03 -2.80815E+01
 -8.22176E-01  1.01402E-27  1.82384E+05  1.44392E-03 -2.62863E+01
 -7.28597E-01  1.05015E-27  1.74878E+05  1.44560E-03 -2.82144E+01
 -6.35017E-01  1.36998E-27  1.30580E+05  1.42516E-03 -2.85681E+01
 -5.41437E-01  2.10786E-27  8.09920E+04  1.39353E-03 -3.00571E+01
 -4.47857E-01  3.27897E-27  4.75410E+04  1.36443E-03 -3.31361E+01
 -3.54277E-01  4.63431E-27  2.96572E+04  1.34192E-03 -3.60650E+01
 -2.60697E-01  4.80630E-27  2.70839E+04  1.32638E-03 -3.86746E+01
 -1.67117E-01  6.87382E-27  1.90441E+04  1.29635E-03 -3.81140E+01
 -7.35376E-02  8.90168E-27  1.37423E+04  1.27964E-03 -3.68009E+01
  2.00422E-02  8.70007E-27  1.35407E+04  1.27982E-03 -3.66892E+01
  1.13622E-01  8.95341E-27  1.43676E+04  1.29221E-03 -3.69269E+01
  2.07202E-01  8.45258E-27  1.81372E+04  1.31335E-03 -3.81618E+01
  3.00782E-01  7.15751E-27  2.22577E+04  1.33821E-03 -4.07961E+01
  3.94362E-01  5.63481E-27  2.66280E+04  1.34838E-03 -4.22210E+01
  4.87942E-01  7.17928E-27  1.99077E+04  1.33468E-03 -4.64997E+01
  5.81521E-01  7.07743E-27  1.66200E+04  1.32175E-03 -4.96618E+01
  6.75101E-01  7.15287E-27  1.65629E+04  1.31620E-03 -4.79642E+01
  7.68681E-01  7.86352E-27  1.72542E+04  1.30984E-03 -4.48382E+01
  8.62261E-01  8.68840E-27  1.81652E+04  1.30410E-03 -4.16779E+01
  9.55841E-01  9.43453E-27  1.96750E+04  1.30813E-03 -3.98445E+01
  1.04942E+00  8.00676E-27  2.61631E+04  1.32079E-03 -3.82670E+01
  1.14300E+00  2.66688E-27  8.02306E+04  1.34158E-03 -4.14399E+01
  1.23658E+00  1.92462E-27  1.01869E+05  1.32315E-03 -4.47235E+01
  1.33016E+00  1.58793E-27  1.07035E+05  1.32278E-03 -4.09337E+01
  1.42374E+00  1.03499E-27  1.61136E+05  1.36165E-03 -4.17841E+01
  1.51732E+00  5.66286E-28  2.98354E+05  1.45459E-03 -5.32334E+01
  1.61090E+00  6.69904E-28  2.47900E+05  1.42737E-03 -5.92053E+01
  1.70448E+00  8.05920E-28  2.08211E+05  1.40330E-03 -5.92861E+01
  1.79806E+00  9.30137E-28  1.88514E+05  1.37707E-03 -5.91120E+01
  1.89164E+00  1.79355E-27  1.03347E+05  1.31392E-03 -5.51375E+01
  1.98522E+00  4.38638E-27  4.59198E+04  1.28576E-03 -4.83185E+01
  2.07880E+00  4.85146E-27  4.56568E+04  1.29058E-03 -4.38628E+01
  2.17238E+00  3.12646E-27  7.36956E+04  1.31101E-03 -3.87905E+01
  2.26596E+00  1.65368E-27  1.42217E+05  1.35122E-03 -3.48077E+01
  2.35954E+00  9.07245E-28  2.64879E+05  1.42842E-03 -3.38413E+01
  2.45312E+00  5.01747E-28  4.89989E+05  1.55122E-03 -3.41046E+01
  2.54670E+00  3.66432E-28  6.65167E+05  1.64510E-03 -2.88764E+01
  2.64028E+00  3.23762E-28  7.37163E+05  1.67917E-03 -2.88662E+01
  2.73386E+00  4.26320E-28  5.64408E+05  1.58362E-03 -3.64733E+01
  2.82744E+00  3.86922E-28  6.37576E+05  1.62129E-03 -3.83514E+01
  2.92102E+00  2.87554E-28  8.71554E+05  1.73698E-03 -4.04692E+01
  3.01460E+00  2.77040E-28  9.14777E+05  1.75384E-03 -3.98119E+01
  3.10818E+00  3.37959E-28  7.53161E+05  1.66487E-03 -3.58532E+01
  3.20176E+00  5.91149E-28  4.30679E+05  1.51298E-03 -3.15821E+01
  3.29534E+00  8.09716E-28  3.14100E+05  1.45963E-03 -2.92151E+01
  3.38892E+00  8.01930E-28  3.17734E+05  1.44637E-03 -2.64064E+01
  3.48250E+00  5.61407E-28  4.58016E+05  1.49843E-03 -2.37673E+01
  3.57608E+00  3.16346E-28  8.18673E+05  1.68205E-03 -2.44467E+01
  3.66966E+00  2.51042E-28  1.02939E+06  1.79368E-03 -2.82619E+01
  3.76324E+00  2.47325E-28  1.04310E+06  1.80803E-03 -3.14258E+01
  3.85682E+00  2.46804E-28  1.04817E+06  1.81751E-03 -3.27057E+01
  3.95040E+00  2.43516E-28  1.06615E+06  1.82917E-03 -3.30461E+01
  4.04398E+00  2.42646E-28  1.07081E+06  1.82531E-03 -3.61444E+01
  4.13756E+00  2.43530E-28  1.06632E+06  1.81645E-03 -3.94055E+01
  4.23114E+00  2.42977E-28  1.06785E+06  1.81644E-03 -4.16800E+01
  4.32472E+00  2.42306E-28  1.07073E+06  1.81898E-03 -4.18507E+01
  4.41830E+00  2.41932E-28  1.07273E+06  1.82059E-03 -4.01480E+01
  4.51188E+00  2.40586E-28  1.07864E+06  1.82490E-03 -3.72074E+01
  4.60545E+00  2.37646E-28  1.09107E+06  1.83431E-03 -3.37273E+01
  4.69904E+00  2.35866E-28  1.09806E+06  1.83960E-03 -3.13248E+01
  4.79261E+00  2.35168E-28  1.10024E+06  1.84147E-03 -2.95368E+01
  4.88619E+00  2.35037E-28  1.10143E+06  1.84215E-03 -2.88459E+01
  4.97977E+00  2.36054E-28  1.09931E+06  1.83955E-03 -2.84839E+01
  5.07335E+00  2.38026E-28  1.09480E+06  1.83447E-03 -2.80740E+01
  5.16693E+00  2.41745E-28  1.08312E+06  1.82505E-03 -2.72293E+01
  5.26051E+00  2.45435E-28  1.07233E+06  1.81624E-03 -2.62735E+01
  5.35409E+00  2.60365E-28  1.01651E+06  1.77366E-03 -2.69378E+01
  5.44767E+00  2.76609E-28  9.59721E+05  1.73908E-03 -2.71578E+01
  5.54125E+00  3.23386E-28  8.20415E+05  1.68641E-03 -2.60940E+01
  5.63483E+00  4.94511E-28  5.37242E+05  1.57691E-03 -3.11105E+01
  5.72841E+00  5.75633E-28  4.59247E+05  1.55122E-03 -3.34892E+01
  5.82199E+00  5.56440E-28  4.72643E+05  1.55959E-03 -3.73959E+01
  5.91557E+00  3.76544E-28  6.96626E+05  1.63545E-03 -4.10948E+01
  6.00915E+00  3.26845E-28  8.02129E+05  1.67911E-03 -4.29874E+01
  6.10273E+00  2.83863E-28  9.28176E+05  1.74194E-03 -4.36577E+01
  6.19631E+00  2.57715E-28  1.03516E+06  1.78793E-03 -4.20231E+01
  6.28989E+00  2.67068E-28  1.01103E+06  1.77618E-03 -4.04764E+01
  6.38347E+00  2.99523E-28  9.08608E+05  1.72812E-03 -3.93080E+01
  6.47705E+00  3.21556E-28  8.48701E+05  1.69918E-03 -3.86257E+01
  6.57063E+00  3.65025E-28  7.47585E+05  1.64400E-03 -3.62977E+01
  6.66421E+00  4.28116E-28  6.33631E+05  1.58463E-03 -3.41695E+01
  6.75779E+00  4.78234E-28  5.63330E+05  1.55112E-03 -3.40036E+01
  6.85137E+00  6.11106E-28  4.38085E+05  1.48126E-03 -3.49537E+01
  6.94495E+00  1.24354E-27  2.13966E+05  1.35623E-03 -3.49358E+01
  7.03853E+00  2.45331E-27  1.09205E+05  1.30195E-03 -3.52489E+01
  7.13211E+00  2.85655E-27  9.67817E+04  1.29226E-03 -3.91937E+01
  7.22569E+00  2.05270E-27  1.37201E+05  1.30491E-03 -4.10104E+01
  7.31927E+00  7.63997E-28  3.73002E+05  1.41538E-03 -4.63378E+01
  7.41285E+00  6.31741E-28  4.52603E+05  1.47655E-03 -4.71312E+01
  7.50643E+00  4.21957E-28  6.76950E+05  1.65927E-03 -5.22878E+01
  7.60001E+00  3.05145E-28  9.33413E+05  1.80039E-03 -5.66490E+01
  7.69359E+00  2.77228E-28  1.02410E+06  1.82360E-03 -5.78279E+01
  7.78717E+00  2.62603E-28  1.08302E+06  1.83663E-03 -5.88021E+01
  7.88075E+00  2.63531E-28  1.08264E+06  1.82627E-03 -5.83080E+01
  7.97433E+00  2.90071E-28  9.86193E+05  1.77323E-03 -5.44837E+01
  8.06791E+00  2.83801E-28  1.01374E+06  1.79248E-03 -5.59953E+01
  8.16149E+00  2.74041E-28  1.05300E+06  1.81847E-03 -5.66932E+01
  8.25507E+00  2.38222E-28  1.22097E+06  1.91117E-03 -5.80879E+01
  8.34865E+00  2.25277E-28  1.29769E+06  1.95007E-03 -5.65826E+01
  8.44223E+00  2.16551E-28  1.35617E+06  1.97753E-03 -5.68663E+01
  8.53581E+00  2.11494E-28  1.39083E+06  1.99359E-03 -5.77041E+01
  8.62939E+00  2.10813E-28  1.39380E+06  1.99556E-03 -5.87150E+01
  8.72297E+00  2.12878E-28  1.38143E+06  1.99007E-03 -5.98349E+01
  8.81655E+00  2.28890E-28  1.28210E+06  1.94189E-03 -6.19416E+01
  8.91013E+00  2.57811E-28  1.13601E+06  1.86694E-03 -6.32144E+01
  9.00371E+00  3.75532E-28  7.82018E+05  1.69511E-03 -6.37241E+01
  9.09729E+00  4.99519E-28  5.87764E+05  1.60560E-03 -6.31658E+01
  9.19087E+00  6.91247E-28  4.25643E+05  1.53292E-03 -6.21482E+01
  9.28445E+00  7.51130E-28  3.93887E+05  1.51922E-03 -6.14710E+01
  9.37803E+00  7.01392E-28  4.23332E+05  1.52779E-03 -5.99741E+01
  9.47161E+00  6.77172E-28  4.39605E+05  1.53041E-03 -5.91340E+01
  9.56519E+00  6.35834E-28  4.69596E+05  1.54104E-03 -5.89283E+01
  9.65877E+00  5.08102E-28  5.88321E+05  1.59178E-03 -5.73865E+01
  9.75235E+00  3.96287E-28  7.55924E+05  1.66788E-03 -5.56861E+01
  9.84593E+00  3.54326E-28  8.47300E+05  1.71035E-03 -5.39736E+01
  9.93951E+00  3.32475E-28  9.06888E+05  1.73593E-03 -5.19826E+01
  1.00331E+01  2.74870E-28  1.09953E+06  1.82093E-03 -4.81499E+01
  1.01267E+01  2.56551E-28  1.17985E+06  1.86263E-03 -4.51652E+01
  1.02202E+01  2.58333E-28  1.17615E+06  1.86135E-03 -4.07960E+01
  1.03138E+01  2.65910E-28  1.14375E+06  1.84547E-03 -3.71171E+01
  1.04074E+01  2.66139E-28  1.14129E+06  1.84072E-03 -3.14674E+01
  1.05010E+01  3.20058E-28  9.52334E+05  1.74099E-03 -2.59045E+01
  1.05946E+01  3.47100E-28  8.79778E+05  1.70197E-03 -2.57221E+01
  1.06881E+01  4.70846E-28  6.45759E+05  1.58424E-03 -1.96404E+01
  1.07817E+01  5.35624E-28  5.67141E+05  1.54574E-03 -1.90427E+01
  1.08753E+01  6.12270E-28  4.95734E+05  1.51251E-03 -1.70957E+01
  1.09689E+01  6.68422E-28  4.54032E+05  1.49264E-03 -1.43713E+01
  1.10625E+01  7.06602E-28  4.26572E+05  1.47911E-03 -1.36427E+01
  1.11560E+01  6.79410E-28  4.41372E+05  1.48510E-03 -1.00989E+01
  1.12496E+01  6.71175E-28  4.46860E+05  1.48829E-03 -9.21042E+00
  1.13432E+01  5.94159E-28  4.98906E+05  1.52556E-03 -6.10849E+00
  1.14368E+01  5.25337E-28  5.59486E+05  1.55759E-03 -7.22182E+00
  1.15304E+01  5.16144E-28  5.72810E+05  1.56322E-03 -7.92158E+00
  1.16239E+01  5.26364E-28  5.77932E+05  1.55986E-03 -7.29384E+00
  1.17175E+01  4.48369E-28  6.81856E+05  1.61451E-03 -1.04052E+01
  1.18111E+01  3.29157E-28  9.50370E+05  1.75183E-03 -1.32075E+01
  1.19047E+01  3.02538E-28  1.04138E+06  1.79594E-03 -1.48410E+01
  1.19983E+01  2.52101E-28  1.27465E+06  1.90588E-03 -1.70189E+01
  1.20918E+01  2.50335E-28  1.28297E+06  1.90943E-03 -1.68568E+01
  1.21854E+01  2.48296E-28  1.29998E+06  1.91985E-03 -2.36880E+01
  1.22790E+01  2.46732E-28  1.30779E+06  1.92417E-03 -2.47295E+01
  1.23726E+01  2.32743E-28  1.37656E+06  1.96101E-03 -2.89316E+01
  1.24662E+01  2.23439E-28  1.42283E+06  1.98330E-03 -3.04047E+01
  1.25597E+01  2.21130E-28  1.43143E+06  1.98745E-03 -3.05532E+01
  1.26533E+01  2.16890E-28  1.44746E+06  1.99523E-03 -3.45224E+01
  1.27469E+01  2.16831E-28  1.44606E+06  1.99525E-03 -3.55341E+01
  1.28405E+01  2.19341E-28  1.40984E+06  1.98412E-03 -4.14334E+01
  1.29341E+01  2.20829E-28  1.38887E+06  1.97686E-03 -4.18842E+01
  1.30276E+01  2.24794E-28  1.35033E+06  1.95746E-03 -4.61733E+01
  1.31212E+01  2.29523E-28  1.30010E+06  1.93687E-03 -4.67804E+01
  1.32148E+01  2.44762E-28  1.23107E+06  1.89024E-03 -4.94589E+01
  1.33084E+01  2.52615E-28  1.19923E+06  1.86836E-03 -5.07254E+01
  1.34020E+01  3.59308E-28  8.32803E+05  1.67521E-03 -4.75616E+01
  1.34955E+01  1.08270E-27  2.77504E+05  1.43974E-03 -4.09104E+01
  1.35891E+01  1.34800E-27  2.22088E+05  1.41556E-03 -3.99255E+01
  1.36827E+01  2.04735E-27  1.50476E+05  1.39328E-03 -3.69698E+01
  1.37763E+01  2.44844E-27  1.25206E+05  1.38429E-03 -3.67296E+01
  1.38699E+01  1.60085E-27  1.96696E+05  1.44090E-03 -3.01762E+01
  1.39634E+01  1.80136E-27  1.73780E+05  1.43582E-03 -2.95131E+01
  1.40570E+01  1.20582E-27  2.56539E+05  1.47869E-03 -2.76846E+01
  1.41506E+01  2.69004E-28  1.15306E+06  1.91005E-03 -1.15784E+01
  1.42442E+01  2.60594E-28  1.17537E+06  1.91050E-03 -1.20147E+01
  1.43378E+01  2.25791E-28  1.33960E+06  1.96085E-03 -9.67443E+00
  1.44313E+01  2.26182E-28  1.33525E+06  1.95878E-03 -1.02594E+01
  1.45249E+01  2.20036E-28  1.38120E+06  1.98052E-03 -1.33737E+01
  1.46185E+01  2.19049E-28  1.38871E+06  1.98413E-03 -1.32147E+01
  1.47121E+01  2.16331E-28  1.40827E+06  1.99201E-03 -1.36247E+01
  1.48057E+01  2.15312E-28  1.41676E+06  1.99529E-03 -1.38282E+01
  1.48992E+01  2.14971E-28  1.42181E+06  1.99733E-03 -1.41119E+01
  1.49928E+01  2.15078E-28  1.42639E+06  1.99843E-03 -1.42829E+01
  1.50864E+01  2.15267E-28  1.42738E+06  1.99875E-03 -1.43061E+01
  1.51800E+01  2.15133E-28  1.42734E+06  1.99963E-03 -1.41842E+01
  1.52736E+01  2.15443E-28  1.42888E+06  1.99975E-03 -1.41994E+01
  1.53671E+01  2.15434E-28  1.42751E+06  1.99990E-03 -1.35474E+01
  1.54607E+01  2.15642E-28  1.42867E+06  1.99991E-03 -1.34026E+01
  1.55543E+01  2.15228E-28  1.43087E+06  1.99989E-03 -1.22550E+01
  1.56479E+01  2.15163E-28  1.43066E+06  1.99991E-03 -1.20339E+01
  1.57415E+01  2.14784E-28  1.42951E+06  1.99984E-03 -1.15191E+01
  1.58350E+01  2.14609E-28  1.42857E+06  1.99992E-03 -1.00878E+01
  1.59286E+01  2.14849E-28  1.42884E+06  1.99999E-03 -9.97990E+00
  1.60222E+01  2.14849E-28  1.42884E+06  1.99999E-03 -9.97990E+00
  1.61158E+01  2.14761E-28  1.42834E+06  1.99999E-03 -9.86209E+00
  1.62094E+01  2.13429E-28  1.42093E+06  1.99995E-03 -7.65770E+00
  1.63029E+01  2.13713E-28  1.42292E+06  1.99989E-03 -6.90560E+00
  1.63965E+01  2.13931E-28  1.42433E+06  1.99987E-03 -6.68088E+00
  1.64901E+01  2.14616E-28  1.42874E+06  1.99978E-03 -5.97807E+00
  1.65837E+01  2.14097E-28  1.42530E+06  1.99951E-03 -4.51862E+00
  1.66773E+01  2.12618E-28  1.41546E+06  1.99897E-03 -1.74898E+00
  1.67708E+01  2.12618E-28  1.41546E+06  1.99897E-03 -1.74898E+00
  1.68644E+01  2.12618E-28  1.41546E+06  1.99897E-03 -1.74898E+00
  1.69580E+01  2.12657E-28  1.41512E+06  1.99916E-03 -1.85759E+00
  1.70516E+01  2.11068E-28  1.40629E+06  1.99855E-03  5.66119E-01
  1.71452E+01  2.10512E-28  1.40503E+06  1.99895E-03  8.26787E-01
  1.72387E+01  2.10493E-28  1.40670E+06  1.99949E-03  6.58965E-01
  1.73323E+01  2.10404E-28  1.40808E+06  1.99974E-03  1.36300E+00
  1.74259E+01  2.09711E-28  1.40756E+06  1.99969E-03  3.00144E+00
  1.75195E+01  2.08082E-28  1.40353E+06  1.99985E-03  3.23641E+00
  1.76131E+01  2.08082E-28  1.40353E+06  1.99985E-03  3.23641E+00
  1.77066E+01  2.08082E-28  1.40353E+06  1.99985E-03  3.23641E+00
  1.78002E+01  2.08082E-28  1.40353E+06  1.99985E-03  3.23641E+00
  1.78938E+01  2.07442E-28  1.39984E+06  1.99992E-03  1.89263E+00
  1.79874E+01  2.07235E-28  1.39864E+06  1.99995E-03  1.45821E+00
  1.80810E+01  2.07235E-28  1.39864E+06  1.99995E-03  1.45821E+00
  1.81745E+01  2.07235E-28  1.39864E+06  1.99995E-03  1.45821E+00
  1.82681E+01  2.07270E-28  1.39858E+06  1.99993E-03  1.11843E+00
  1.83617E+01  2.07512E-28  1.39846E+06  1.99996E-03 -6.28785E-01
  1.84553E+01  2.07729E-28  1.39847E+06  1.99997E-03 -8.33309E-01
  1.85489E+01  2.07832E-28  1.39839E+06  1.99997E-03 -7.84864E-01
  1.86424E+01  2.08251E-28  1.39807E+06  2.00000E-03 -5.87609E-01
  1.87360E+01  2.08502E-28  1.39832E+06  2.00000E-03 -7.73195E-01
  1.88296E+01  2.08647E-28  1.39851E+06  2.00000E-03 -9.13541E-01
  1.89232E+01  2.08647E-28  1.39851E+06  2.00000E-03 -9.13541E-01
  1.90168E+01  2.08647E-28  1.39851E+06  2.00000E-03 -9.13541E-01
  1.91103E+01  2.08723E-28  1.39865E+06  2.00000E-03 -8.21792E-01
  1.92039E+01  2.09093E-28  1.39926E+06  2.00000E-03 -2.02449E-01
  1.92975E+01  2.09023E-28  1.39910E+06  2.00000E-03 -1.97269E-01
  1.93911E+01  2.08851E-28  1.39873E+06  2.00000E-03 -2.27357E-01
  1.94847E+01  2.08851E-28  1.39873E+06  2.00000E-03 -2.27357E-01
  1.95782E+01  2.09294E-28  1.39933E+06  2.00000E-03  5.64530E-01
  1.96718E+01  2.09572E-28  1.39955E+06  2.00000E-03  1.08623E+00
  1.97654E+01  2.09497E-28  1.39893E+06  2.00000E-03  1.04000E+00
  1.98590E+01  2.09489E-28  1.39887E+06  2.00000E-03  1.03503E+00
  1.99526E+01  2.09455E-28  1.39845E+06  2.00000E-03  1.07849E+00
  2.00461E+01  2.09665E-28  1.39926E+06  2.00000E-03  1.69852E+00
  2.01397E+01  2.09486E-28  1.39847E+06  2.00000E-03  1.89450E+00
  2.02333E+01  2.09308E-28  1.39768E+06  2.00000E-03  1.99036E+00
  2.03269E+01  2.09190E-28  1.39715E+06  2.00000E-03  2.05380E+00
  2.04205E+01  2.09162E-28  1.39703E+06  2.00000E-03  2.50540E+00
  2.05140E+01  2.09347E-28  1.39787E+06  2.00000E-03  2.84317E+00
  2.06076E+01  2.09348E-28  1.39787E+06  2.00000E-03  2.84317E+00
  2.07012E+01  2.09348E-28  1.39787E+06  2.00000E-03  2.84317E+00
  2.07948E+01  2.09366E-28  1.39795E+06  2.00000E-03  2.86412E+00
  2.08883E+01  2.09729E-28  1.39955E+06  2.00000E-03  3.26325E+00
  2.09819E+01  2.09762E-28  1.39970E+06  2.00000E-03  3.29913E+00
  2.10755E+01  2.09622E-28  1.39908E+06  2.00000E-03  3.09838E+00
  2.11691E+01  2.09444E-28  1.39828E+06  2.00000E-03  2.98332E+00
  2.12627E+01  2.09464E-28  1.39840E+06  2.00000E-03  2.76797E+00
  2.13562E+01  2.09551E-28  1.39883E+06  2.00000E-03  2.33988E+00
  2.14498E+01  2.09475E-28  1.39849E+06  2.00000E-03  1.93524E+00
  2.15434E+01  2.09475E-28  1.39849E+06  2.00000E-03  1.93524E+00
  2.16370E+01  2.09475E-28  1.39849E+06  2.00000E-03  1.93524E+00
  2.17306E+01  2.09475E-28  1.39849E+06  2.00000E-03  1.93524E+00
  2.18241E+01  2.09475E-28  1.39849E+06  2.00000E-03  1.93524E+00
  2.19177E+01  2.09475E-28  1.39849E+06  2.00000E-03  1.93524E+00
  2.20113E+01  2.09475E-28  1.39849E+06  2.00000E-03  1.93524E+00
  2.21049E+01  2.09791E-28  1.39987E+06  2.00000E-03  1.89325E+00
  2.21985E+01  2.10523E-28  1.40304E+06  2.00000E-03  1.79657E+00
  2.22920E+01  2.10523E-28  1.40304E+06  2.00000E-03  1.79657E+00
  2.23856E+01  2.10523E-28  1.40304E+06  2.00000E-03  1.79657E+00
  2.24792E+01  2.10523E-28  1.40304E+06  2.00000E-03  1.79657E+00
  2.25728E+01  2.10523E-28  1.40304E+06  2.00000E-03  1.79657E+00
  2.26664E+01  2.10523E-28  1.40304E+06  2.00000E-03  1.79657E+00
  2.27599E+01  2.10523E-28  1.40304E+06  2.00000E-03  1.79657E+00
  2.28535E+01  2.10523E-28  1.40304E+06  2.00000E-03  1.79657E+00
  2.29471E+01  2.10667E-28  1.40368E+06  2.00000E-03  1.76052E+00
  2.30407E+01  2.11406E-28  1.40692E+06  2.00000E-03  1.50391E+00
  2.31343E+01  2.11379E-28  1.40680E+06  2.00000E-03  1.46244E+00
  2.32278E+01  2.11320E-28  1.40653E+06  2.00000E-03  1.37888E+00
  2.33214E+01  2.11274E-28  1.40632E+06  2.00000E-03  1.31482E+00
  2.34150E+01  2.11274E-28  1.40632E+06  2.00000E-03  1.31482E+00
  2.35086E+01  2.11274E-28  1.40632E+06  2.00000E-03  1.31482E+00
  2.36022E+01  2.11274E-28  1.40632E+06  2.00000E-03  1.31482E+00
  2.36957E+01  2.11274E-28  1.40632E+06  2.00000E-03  1.31482E+00
  2.37893E+01  2.11368E-28  1.40674E+06  2.00000E-03  1.31837E+00
  2.38829E+01  2.11886E-28  1.40901E+06  2.00000E-03  1.15636E+00
  2.39765E+01  2.11915E-28  1.40914E+06  2.00000E-03  1.02475E+00
  2.40701E+01  2.11914E-28  1.40914E+06  2.00000E-03  9.34004E-01
  2.41636E+01  2.11912E-28  1.40913E+06  2.00000E-03  7.95444E-01
  2.42572E+01  2.11908E-28  1.40911E+06  2.00000E-03  5.71423E-01
  2.43508E+01  2.11908E-28  1.40911E+06  2.00000E-03  5.54607E-01
  2.44444E+01  2.11908E-28  1.40911E+06  2.00000E-03  5.54607E-01
  2.45380E+01  2.11908E-28  1.40911E+06  2.00000E-03  5.54607E-01
  2.46315E+01  2.11971E-28  1.40939E+06  2.00000E-03  5.63712E-01
  2.47251E+01  2.12191E-28  1.41035E+06  2.00000E-03  5.95295E-01
  2.48187E+01  2.12207E-28  1.41042E+06  2.00000E-03  5.97560E-01
  2.49123E+01  2.12207E-28  1.41042E+06  2.00000E-03  5.97560E-01
  2.50059E+01  2.12162E-28  1.41022E+06  2.00000E-03  7.51795E-01
  2.50994E+01  2.12118E-28  1.41003E+06  2.00000E-03  9.01765E-01
  2.51930E+01  2.12053E-28  1.40974E+06  2.00000E-03  1.12734E+00
  2.52866E+01  2.12032E-28  1.40965E+06  2.00000E-03  1.19739E+00
  2.53802E+01  2.12033E-28  1.40965E+06  2.00000E-03  1.19739E+00
  2.54738E+01  2.12045E-28  1.40970E+06  2.00000E-03  1.16842E+00
  2.55673E+01  2.12168E-28  1.41024E+06  2.00000E-03  8.71590E-01
  2.56609E+01  2.12190E-28  1.41034E+06  2.00000E-03  8.18682E-01
  2.57545E+01  2.12190E-28  1.41034E+06  2.00000E-03  8.18682E-01
  2.58481E+01  2.12190E-28  1.41034E+06  2.00000E-03  8.18682E-01
  2.59417E+01  2.12190E-28  1.41034E+06  2.00000E-03  8.18682E-01
  2.60352E+01  2.12190E-28  1.41034E+06  2.00000E-03  8.18682E-01
  2.61288E+01  2.12190E-28  1.41034E+06  2.00000E-03  8.18682E-01
  2.62224E+01  2.12190E-28  1.41034E+06  2.00000E-03  8.18682E-01
  2.63160E+01  2.12232E-28  1.41052E+06  2.00000E-03  7.11824E-01
  2.64096E+01  2.12408E-28  1.41129E+06  2.00000E-03  2.64499E-01
  2.65031E+01  2.12443E-28  1.41145E+06  2.00000E-03  1.73460E-01
  2.65967E+01  2.12462E-28  1.41153E+06  2.00000E-03  7.86122E-02
  2.66903E+01  2.12508E-28  1.41174E+06  2.00000E-03 -1.55871E-01
  2.67839E+01  2.12515E-28  1.41177E+06  2.00000E-03 -1.92690E-01
  2.68775E+01  2.12522E-28  1.41180E+06  2.00000E-03 -2.28386E-01
  2.69710E+01  2.12432E-28  1.41141E+06  2.00000E-03 -3.66008E-01
  2.70646E+01  2.12376E-28  1.41116E+06  2.00000E-03 -4.26157E-01
  2.71582E+01  2.12267E-28  1.41068E+06  2.00000E-03 -4.22821E-01
