 -2.66882E+01  2.16735E-28  1.43040E+06  2.00000E-03  1.01178E+01
 -2.65947E+01  2.16697E-28  1.43023E+06  2.00000E-03  1.01090E+01
 -2.65011E+01  2.16697E-28  1.43023E+06  2.00000E-03  1.01090E+01
 -2.64075E+01  2.16697E-28  1.43023E+06  2.00000E-03  1.01090E+01
 -2.63139E+01  2.16697E-28  1.43023E+06  2.00000E-03  1.01090E+01
 -2.62203E+01  2.16697E-28  1.43023E+06  2.00000E-03  1.01090E+01
 -2.61268E+01  2.16697E-28  1.43023E+06  2.00000E-03  1.01090E+01
 -2.60332E+01  2.16697E-28  1.43023E+06  2.00000E-03  1.01090E+01
 -2.59396E+01  2.16677E-28  1.43015E+06  2.00000E-03  1.02315E+01
 -2.58460E+01  2.16653E-28  1.43006E+06  2.00000E-03  1.03792E+01
 -2.57524E+01  2.16653E-28  1.43006E+06  2.00000E-03  1.03792E+01
 -2.56589E+01  2.16653E-28  1.43006E+06  2.00000E-03  1.03792E+01
 -2.55653E+01  2.16653E-28  1.43006E+06  2.00000E-03  1.03792E+01
 -2.54717E+01  2.16653E-28  1.43006E+06  2.00000E-03  1.03792E+01
 -2.53781E+01  2.16653E-28  1.43006E+06  2.00000E-03  1.03792E+01
 -2.52845E+01  2.16653E-28  1.43006E+06  2.00000E-03  1.03792E+01
 -2.51910E+01  2.16650E-28  1.43005E+06  2.00000E-03  1.03945E+01
 -2.50974E+01  2.16710E-28  1.43033E+06  2.00000E-03  1.05666E+01
 -2.50038E+01  2.16743E-28  1.43048E+06  2.00000E-03  1.06622E+01
 -2.49102E+01  2.16735E-28  1.43044E+06  2.00000E-03  1.07228E+01
 -2.48166E+01  2.16734E-28  1.43043E+06  2.00000E-03  1.07305E+01
 -2.47231E+01  2.16734E-28  1.43044E+06  2.00000E-03  1.07305E+01
 -2.46295E+01  2.16734E-28  1.43044E+06  2.00000E-03  1.07305E+01
 -2.45359E+01  2.16734E-28  1.43044E+06  2.00000E-03  1.07305E+01
 -2.44423E+01  2.16734E-28  1.43043E+06  2.00000E-03  1.07305E+01
 -2.43487E+01  2.16734E-28  1.43044E+06  2.00000E-03  1.07305E+01
 -2.42552E+01  2.16764E-28  1.43059E+06  2.00000E-03  1.08828E+01
 -2.41616E+01  2.16777E-28  1.43066E+06  2.00000E-03  1.09522E+01
 -2.40680E+01  2.16777E-28  1.43066E+06  2.00000E-03  1.09522E+01
 -2.39744E+01  2.16777E-28  1.43066E+06  2.00000E-03  1.09522E+01
 -2.38808E+01  2.16777E-28  1.43066E+06  2.00000E-03  1.09522E+01
 -2.37873E+01  2.16777E-28  1.43066E+06  2.00000E-03  1.09522E+01
 -2.36937E+01  2.16777E-28  1.43066E+06  2.00000E-03  1.09522E+01
 -2.36001E+01  2.16777E-28  1.43066E+06  2.00000E-03  1.09522E+01
 -2.35065E+01  2.16776E-28  1.43065E+06  2.00000E-03  1.09552E+01
 -2.34129E+01  2.16587E-28  1.42984E+06  2.00000E-03  1.12698E+01
 -2.33194E+01  2.16416E-28  1.42910E+06  2.00000E-03  1.14925E+01
 -2.32258E+01  2.16336E-28  1.42874E+06  2.00000E-03  1.15730E+01
 -2.31322E+01  2.16214E-28  1.42820E+06  2.00000E-03  1.16950E+01
 -2.30386E+01  2.16190E-28  1.42809E+06  2.00000E-03  1.17196E+01
 -2.29450E+01  2.16190E-28  1.42809E+06  2.00000E-03  1.17196E+01
 -2.28515E+01  2.16269E-28  1.42844E+06  2.00000E-03  1.15928E+01
 -2.27579E+01  2.16252E-28  1.42837E+06  2.00000E-03  1.16197E+01
 -2.26643E+01  2.16283E-28  1.42850E+06  2.00000E-03  1.15624E+01
 -2.25707E+01  2.15862E-28  1.42667E+06  2.00000E-03  1.20291E+01
 -2.24771E+01  2.15688E-28  1.42591E+06  2.00000E-03  1.22333E+01
 -2.23836E+01  2.15872E-28  1.42672E+06  2.00000E-03  1.20372E+01
 -2.22900E+01  2.15926E-28  1.42695E+06  2.00000E-03  1.19799E+01
 -2.21964E+01  2.15926E-28  1.42695E+06  2.00000E-03  1.19799E+01
 -2.21028E+01  2.15926E-28  1.42695E+06  2.00000E-03  1.19799E+01
 -2.20092E+01  2.15926E-28  1.42695E+06  2.00000E-03  1.19799E+01
 -2.19157E+01  2.15926E-28  1.42695E+06  2.00000E-03  1.19799E+01
 -2.18221E+01  2.15926E-28  1.42695E+06  2.00000E-03  1.19799E+01
 -2.17285E+01  2.15332E-28  1.42438E+06  2.00000E-03  1.25887E+01
 -2.16349E+01  2.15033E-28  1.42308E+06  2.00000E-03  1.28976E+01
 -2.15413E+01  2.14937E-28  1.42266E+06  2.00000E-03  1.29761E+01
 -2.14478E+01  2.14643E-28  1.42136E+06  2.00000E-03  1.32184E+01
 -2.13542E+01  2.14509E-28  1.42076E+06  2.00000E-03  1.33294E+01
 -2.12606E+01  2.14396E-28  1.42026E+06  2.00000E-03  1.34232E+01
 -2.11670E+01  2.14396E-28  1.42026E+06  2.00000E-03  1.34232E+01
 -2.10734E+01  2.14396E-28  1.42026E+06  2.00000E-03  1.34232E+01
 -2.09799E+01  2.14396E-28  1.42026E+06  2.00000E-03  1.34232E+01
 -2.08863E+01  2.13894E-28  1.41805E+06  2.00000E-03  1.40243E+01
 -2.07927E+01  2.13756E-28  1.41744E+06  2.00000E-03  1.41901E+01
 -2.06991E+01  2.13770E-28  1.41750E+06  2.00000E-03  1.41652E+01
 -2.06055E+01  2.13721E-28  1.41728E+06  2.00000E-03  1.41919E+01
 -2.05120E+01  2.13615E-28  1.41681E+06  2.00000E-03  1.43007E+01
 -2.04184E+01  2.13377E-28  1.41577E+06  2.00000E-03  1.46576E+01
 -2.03248E+01  2.13376E-28  1.41577E+06  2.00000E-03  1.46659E+01
 -2.02312E+01  2.13381E-28  1.41579E+06  2.00000E-03  1.46283E+01
 -2.01376E+01  2.13385E-28  1.41581E+06  2.00000E-03  1.46042E+01
 -2.00441E+01  2.13374E-28  1.41578E+06  2.00000E-03  1.47890E+01
 -1.99505E+01  2.13369E-28  1.41576E+06  2.00000E-03  1.48761E+01
 -1.98569E+01  2.13369E-28  1.41576E+06  2.00000E-03  1.48761E+01
 -1.97633E+01  2.13358E-28  1.41571E+06  2.00000E-03  1.48858E+01
 -1.96698E+01  2.13275E-28  1.41534E+06  2.00000E-03  1.50754E+01
 -1.95762E+01  2.13243E-28  1.41521E+06  2.00000E-03  1.53736E+01
 -1.94826E+01  2.13191E-28  1.41497E+06  2.00000E-03  1.54239E+01
 -1.93890E+01  2.13191E-28  1.41497E+06  2.00000E-03  1.54239E+01
 -1.92954E+01  2.13193E-28  1.41498E+06  2.00000E-03  1.54273E+01
 -1.92019E+01  2.13346E-28  1.41567E+06  2.00000E-03  1.56433E+01
 -1.91083E+01  2.13397E-28  1.41590E+06  2.00000E-03  1.57158E+01
 -1.90147E+01  2.13397E-28  1.41590E+06  2.00000E-03  1.57158E+01
 -1.89211E+01  2.13397E-28  1.41590E+06  2.00000E-03  1.57158E+01
 -1.88275E+01  2.13426E-28  1.41603E+06  2.00000E-03  1.59541E+01
 -1.87340E+01  2.13323E-28  1.41557E+06  2.00000E-03  1.63776E+01
 -1.86404E+01  2.13241E-28  1.41521E+06  2.00000E-03  1.64579E+01
 -1.85468E+01  2.13007E-28  1.41417E+06  2.00000E-03  1.64749E+01
 -1.84532E+01  2.13035E-28  1.41429E+06  2.00000E-03  1.64958E+01
 -1.83596E+01  2.12951E-28  1.41393E+06  2.00000E-03  1.70199E+01
 -1.82661E+01  2.12913E-28  1.41376E+06  2.00000E-03  1.70596E+01
 -1.81725E+01  2.12902E-28  1.41371E+06  2.00000E-03  1.70558E+01
 -1.80789E+01  2.12717E-28  1.41289E+06  2.00000E-03  1.69943E+01
 -1.79853E+01  2.12603E-28  1.41239E+06  2.00000E-03  1.72431E+01
 -1.78917E+01  2.12300E-28  1.41105E+06  2.00000E-03  1.79527E+01
 -1.77982E+01  2.12227E-28  1.41073E+06  2.00000E-03  1.80632E+01
 -1.77046E+01  2.12127E-28  1.41029E+06  2.00000E-03  1.82145E+01
 -1.76110E+01  2.12090E-28  1.41012E+06  2.00000E-03  1.83169E+01
 -1.75174E+01  2.11817E-28  1.40892E+06  2.00000E-03  1.90764E+01
 -1.74238E+01  2.11794E-28  1.40882E+06  2.00000E-03  1.91405E+01
 -1.73303E+01  2.11794E-28  1.40882E+06  2.00000E-03  1.91405E+01
 -1.72367E+01  2.11794E-28  1.40882E+06  2.00000E-03  1.91405E+01
 -1.71431E+01  2.11614E-28  1.40803E+06  2.00000E-03  1.95958E+01
 -1.70495E+01  2.11385E-28  1.40703E+06  2.00000E-03  2.01735E+01
 -1.69559E+01  2.11256E-28  1.40646E+06  2.00000E-03  2.04129E+01
 -1.68624E+01  2.11129E-28  1.40589E+06  2.00000E-03  2.06505E+01
 -1.67688E+01  2.10920E-28  1.40497E+06  2.00000E-03  2.10779E+01
 -1.66752E+01  2.10522E-28  1.40322E+06  2.00000E-03  2.20218E+01
 -1.65816E+01  2.10442E-28  1.40286E+06  2.00000E-03  2.22127E+01
 -1.64880E+01  2.10335E-28  1.40239E+06  2.00000E-03  2.21956E+01
 -1.63945E+01  2.10194E-28  1.40176E+06  2.00000E-03  2.21730E+01
 -1.63009E+01  2.09808E-28  1.40006E+06  2.00000E-03  2.29572E+01
 -1.62073E+01  2.09289E-28  1.39776E+06  2.00000E-03  2.36398E+01
 -1.61137E+01  2.09092E-28  1.39688E+06  2.00000E-03  2.39644E+01
 -1.60201E+01  2.08847E-28  1.39579E+06  2.00000E-03  2.41885E+01
 -1.59266E+01  2.08418E-28  1.39388E+06  2.00000E-03  2.48239E+01
 -1.58330E+01  2.07631E-28  1.39040E+06  2.00000E-03  2.66486E+01
 -1.57394E+01  2.07541E-28  1.39000E+06  2.00000E-03  2.68615E+01
 -1.56458E+01  2.07541E-28  1.39000E+06  2.00000E-03  2.68615E+01
 -1.55522E+01  2.07541E-28  1.39000E+06  2.00000E-03  2.68615E+01
 -1.54587E+01  2.07109E-28  1.38809E+06  2.00000E-03  2.79459E+01
 -1.53651E+01  2.06787E-28  1.38666E+06  2.00000E-03  2.87502E+01
 -1.52715E+01  2.06601E-28  1.38583E+06  2.00000E-03  2.89963E+01
 -1.51779E+01  2.06206E-28  1.38405E+06  2.00000E-03  3.02682E+01
 -1.50843E+01  2.06076E-28  1.38346E+06  2.00000E-03  3.05784E+01
 -1.49908E+01  2.05529E-28  1.38105E+06  2.00000E-03  3.19532E+01
 -1.48972E+01  2.05261E-28  1.37984E+06  2.00000E-03  3.21840E+01
 -1.48036E+01  2.05004E-28  1.37872E+06  2.00000E-03  3.30145E+01
 -1.47100E+01  2.04842E-28  1.37800E+06  2.00000E-03  3.35958E+01
 -1.46164E+01  2.04614E-28  1.37698E+06  2.00000E-03  3.44616E+01
 -1.45229E+01  2.04412E-28  1.37607E+06  2.00000E-03  3.52850E+01
 -1.44293E+01  2.04312E-28  1.37562E+06  2.00000E-03  3.56422E+01
 -1.43357E+01  2.03791E-28  1.37326E+06  2.00000E-03  3.62713E+01
 -1.42421E+01  2.03578E-28  1.37232E+06  2.00000E-03  3.71808E+01
 -1.41485E+01  2.03398E-28  1.37150E+06  2.00000E-03  3.79940E+01
 -1.40550E+01  2.03237E-28  1.37077E+06  2.00000E-03  3.87216E+01
 -1.39614E+01  2.03127E-28  1.37028E+06  2.00000E-03  3.91136E+01
 -1.38678E+01  2.02665E-28  1.36820E+06  2.00000E-03  3.97343E+01
 -1.37742E+01  2.02572E-28  1.36780E+06  2.00000E-03  4.04270E+01
 -1.36806E+01  2.02381E-28  1.36694E+06  2.00000E-03  4.15915E+01
 -1.35871E+01  2.02397E-28  1.36700E+06  2.00000E-03  4.19919E+01
 -1.34935E+01  2.02556E-28  1.36770E+06  2.00000E-03  4.21339E+01
 -1.33999E+01  2.02426E-28  1.36713E+06  2.00000E-03  4.28364E+01
 -1.33063E+01  2.02494E-28  1.36746E+06  2.00000E-03  4.36014E+01
 -1.32127E+01  2.01830E-28  1.36453E+06  2.00000E-03  4.47145E+01
 -1.31192E+01  2.01498E-28  1.36293E+06  2.00000E-03  4.55567E+01
 -1.30256E+01  2.01327E-28  1.36213E+06  2.00000E-03  4.56620E+01
 -1.29320E+01  2.01120E-28  1.36117E+06  2.00000E-03  4.62631E+01
 -1.28384E+01  2.00141E-28  1.35684E+06  2.00000E-03  4.79761E+01
 -1.27448E+01  1.99811E-28  1.35468E+06  1.99999E-03  4.95463E+01
 -1.26513E+01  1.99672E-28  1.35285E+06  1.99999E-03  4.98899E+01
 -1.25577E+01  1.99513E-28  1.35243E+06  1.99996E-03  4.98861E+01
 -1.24641E+01  1.98528E-28  1.35231E+06  1.99978E-03  5.16902E+01
 -1.23705E+01  1.98366E-28  1.35331E+06  1.99965E-03  5.25627E+01
 -1.22769E+01  1.95566E-28  1.35200E+06  1.99668E-03  5.46097E+01
 -1.21834E+01  1.95429E-28  1.35178E+06  1.99653E-03  5.46432E+01
 -1.20898E+01  2.01347E-28  1.28882E+06  1.98113E-03  5.53713E+01
 -1.19962E+01  2.06459E-28  1.25137E+06  1.97113E-03  5.68569E+01
 -1.19026E+01  2.40696E-28  1.05476E+06  1.88788E-03  5.54332E+01
 -1.18090E+01  2.94387E-28  8.45582E+05  1.78723E-03  5.50377E+01
 -1.17155E+01  3.93603E-28  6.18194E+05  1.62485E-03  4.99483E+01
 -1.16219E+01  5.55517E-28  4.22369E+05  1.47977E-03  4.65592E+01
 -1.15283E+01  5.35681E-28  4.34098E+05  1.48565E-03  4.68537E+01
 -1.14347E+01  5.16601E-28  4.29890E+05  1.48257E-03  4.02559E+01
 -1.13411E+01  5.26356E-28  4.18200E+05  1.47678E-03  4.21970E+01
 -1.12476E+01  4.86036E-28  4.43673E+05  1.50115E-03  3.87467E+01
 -1.11540E+01  4.69788E-28  4.48802E+05  1.50950E-03  4.22813E+01
 -1.10604E+01  4.37094E-28  4.69747E+05  1.52513E-03  4.92335E+01
 -1.09668E+01  4.21756E-28  4.78288E+05  1.52905E-03  6.16386E+01
 -1.08732E+01  4.08221E-28  4.91192E+05  1.53519E-03  6.59805E+01
 -1.07797E+01  3.63049E-28  5.41423E+05  1.56635E-03  6.68767E+01
 -1.06861E+01  3.38435E-28  5.77177E+05  1.56887E-03  7.32222E+01
 -1.05925E+01  2.74698E-28  7.24695E+05  1.62451E-03  7.85466E+01
 -1.04989E+01  2.66433E-28  7.52812E+05  1.62723E-03  8.09381E+01
 -1.04053E+01  2.48207E-28  8.08316E+05  1.66708E-03  7.42301E+01
 -1.03118E+01  2.48014E-28  8.07981E+05  1.67349E-03  7.09683E+01
 -1.02182E+01  2.97574E-28  6.84106E+05  1.61309E-03  6.38979E+01
 -1.01246E+01  4.66716E-28  4.29009E+05  1.48508E-03  5.22979E+01
 -1.00310E+01  1.45893E-27  1.32308E+05  1.32046E-03  3.72688E+01
 -9.93744E+00  5.29422E-27  3.41545E+04  1.26718E-03  2.95658E+01
 -9.84387E+00  9.92301E-27  1.76052E+04  1.25859E-03  2.74077E+01
 -9.75029E+00  1.32988E-26  1.34445E+04  1.25384E-03  2.75982E+01
 -9.65670E+00  1.43194E-26  1.32160E+04  1.25227E-03  2.94160E+01
 -9.56313E+00  1.22595E-26  1.43231E+04  1.25201E-03  3.21013E+01
 -9.46955E+00  1.07000E-26  1.63625E+04  1.25172E-03  3.28571E+01
 -9.37597E+00  9.64256E-27  1.85683E+04  1.25287E-03  3.29806E+01
 -9.28239E+00  8.61015E-27  2.15434E+04  1.25627E-03  3.27724E+01
 -9.18881E+00  6.34143E-27  3.02971E+04  1.26095E-03  3.29622E+01
 -9.09523E+00  5.99098E-27  3.19926E+04  1.27338E-03  3.26456E+01
 -9.00165E+00  4.45688E-27  4.49787E+04  1.28656E-03  3.41892E+01
 -8.90807E+00  5.02083E-27  4.00929E+04  1.29121E-03  3.54075E+01
 -8.81449E+00  6.45987E-27  3.12274E+04  1.29339E-03  3.85620E+01
 -8.72091E+00  9.04534E-27  2.35930E+04  1.29867E-03  4.25660E+01
 -8.62733E+00  1.36566E-26  1.70774E+04  1.30220E-03  4.46696E+01
 -8.53375E+00  1.55426E-26  1.57726E+04  1.30544E-03  4.70926E+01
 -8.44017E+00  1.61519E-26  1.54596E+04  1.30024E-03  4.65445E+01
 -8.34659E+00  1.45700E-26  1.61443E+04  1.30057E-03  4.56107E+01
 -8.25301E+00  1.24681E-26  1.76198E+04  1.30184E-03  4.49155E+01
 -8.15943E+00  9.30557E-27  2.23366E+04  1.30998E-03  4.39283E+01
 -8.06585E+00  5.42157E-27  4.18599E+04  1.32818E-03  3.83181E+01
 -7.97227E+00  2.30565E-27  9.32268E+04  1.34931E-03  3.95011E+01
 -7.87869E+00  1.16612E-27  1.76648E+05  1.35280E-03  3.70875E+01
 -7.78511E+00  1.04570E-27  2.01786E+05  1.35086E-03  2.71529E+01
 -7.69153E+00  1.00552E-27  2.15177E+05  1.37390E-03  2.07686E+01
 -7.59795E+00  8.09216E-28  2.82306E+05  1.41999E-03  1.78745E+01
 -7.50437E+00  6.40044E-28  3.79871E+05  1.46739E-03  2.03937E+01
 -7.41079E+00  6.63914E-28  3.73123E+05  1.45888E-03  2.95619E+01
 -7.31721E+00  6.33512E-28  3.92655E+05  1.47443E-03  3.76879E+01
 -7.22363E+00  4.29793E-28  5.78067E+05  1.58532E-03  5.00074E+01
 -7.13005E+00  4.03124E-28  6.11917E+05  1.62659E-03  5.53687E+01
 -7.03647E+00  4.60763E-28  5.31373E+05  1.58232E-03  5.75425E+01
 -6.94289E+00  5.29522E-28  4.57220E+05  1.50042E-03  5.57394E+01
 -6.84931E+00  5.37059E-28  4.51755E+05  1.47221E-03  5.14140E+01
 -6.75573E+00  5.44687E-28  4.40122E+05  1.47175E-03  4.51823E+01
 -6.66215E+00  7.08948E-28  3.29991E+05  1.45035E-03  3.34239E+01
 -6.56857E+00  1.28326E-27  1.73728E+05  1.37704E-03  2.03555E+01
 -6.47499E+00  1.51316E-27  1.42982E+05  1.36205E-03  1.71073E+01
 -6.38141E+00  1.43421E-27  1.46615E+05  1.36099E-03  1.10077E+01
 -6.28783E+00  1.00774E-27  2.11804E+05  1.38865E-03  1.09617E+01
 -6.19425E+00  6.33289E-28  3.40681E+05  1.43782E-03  1.56617E+01
 -6.10067E+00  1.17493E-27  1.77548E+05  1.35304E-03  1.70839E+01
 -6.00709E+00  2.99777E-27  6.31699E+04  1.30734E-03  1.29810E+01
 -5.91351E+00  4.22991E-27  3.85316E+04  1.29918E-03  1.02849E+01
 -5.81993E+00  3.54732E-27  4.30055E+04  1.29930E-03  9.92585E+00
 -5.72635E+00  2.79250E-27  5.59061E+04  1.30217E-03  1.06604E+01
 -5.63277E+00  2.46595E-27  6.58646E+04  1.30639E-03  8.53597E+00
 -5.53919E+00  2.00240E-27  8.54946E+04  1.31515E-03  6.63019E+00
 -5.44561E+00  1.56822E-27  1.18642E+05  1.33308E-03  2.36501E+00
 -5.35203E+00  1.53034E-27  1.24782E+05  1.34027E-03  5.83442E+00
 -5.25845E+00  2.03546E-27  9.07106E+04  1.33142E-03  8.82141E+00
 -5.16487E+00  2.14806E-27  8.35947E+04  1.32632E-03  1.29516E+01
 -5.07129E+00  1.58087E-27  1.02040E+05  1.31765E-03  1.71962E+01
 -4.97771E+00  1.42029E-27  1.08193E+05  1.30521E-03  1.24228E+01
 -4.88413E+00  3.14652E-27  5.14317E+04  1.29234E-03  5.14702E+00
 -4.79055E+00  6.27406E-27  2.75359E+04  1.27029E-03  2.39432E+00
 -4.69697E+00  3.49656E-27  5.85076E+04  1.27853E-03 -4.04721E+00
 -4.60339E+00  2.86753E-27  7.52395E+04  1.29270E-03 -9.01146E+00
 -4.50981E+00  3.02177E-27  7.44846E+04  1.29438E-03 -8.96277E+00
 -4.41623E+00  2.21426E-27  1.04014E+05  1.30856E-03 -1.24230E+01
 -4.32265E+00  1.71694E-27  1.29466E+05  1.31686E-03 -1.73393E+01
 -4.22907E+00  1.56322E-27  1.33794E+05  1.31929E-03 -1.77077E+01
 -4.13549E+00  2.34815E-27  8.08867E+04  1.29885E-03 -1.09787E+01
 -4.04191E+00  4.36204E-27  4.27524E+04  1.26671E-03 -6.84975E+00
 -3.94833E+00  7.80855E-27  2.61438E+04  1.23820E-03 -5.33321E+00
 -3.85475E+00  9.30934E-27  2.46735E+04  1.22577E-03 -4.42162E+00
 -3.76117E+00  8.63894E-27  2.62388E+04  1.22501E-03 -2.82653E+00
 -3.66759E+00  1.14016E-26  1.86021E+04  1.22633E-03  1.84844E+00
 -3.57401E+00  1.34716E-26  1.46506E+04  1.22256E-03  5.92752E+00
 -3.48043E+00  1.27684E-26  1.41251E+04  1.21547E-03  5.00325E+00
 -3.38686E+00  1.39708E-26  1.39668E+04  1.21423E-03  1.67180E+00
 -3.29328E+00  1.67117E-26  1.38936E+04  1.21028E-03 -8.63804E-01
 -3.19970E+00  1.78717E-26  1.49776E+04  1.21427E-03 -2.82109E+00
 -3.10612E+00  1.24856E-26  2.20643E+04  1.23059E-03 -2.04203E+00
 -3.01254E+00  1.14091E-26  2.37556E+04  1.24573E-03  1.43159E+00
 -2.91896E+00  1.52640E-26  1.76580E+04  1.24867E-03  2.57578E+00
 -2.82538E+00  1.41733E-26  2.01741E+04  1.24954E-03  8.30807E-01
 -2.73180E+00  9.69279E-27  3.23315E+04  1.25040E-03  1.01890E+00
 -2.63822E+00  7.23310E-27  4.47396E+04  1.25677E-03  5.18330E+00
 -2.54464E+00  6.39017E-27  4.84161E+04  1.25391E-03  1.12213E+01
 -2.45106E+00  8.06537E-27  3.40298E+04  1.23269E-03  1.61908E+01
 -2.35748E+00  1.05422E-26  2.28527E+04  1.20865E-03  1.87329E+01
 -2.26390E+00  1.11977E-26  1.97429E+04  1.19727E-03  2.03641E+01
 -2.17032E+00  1.03543E-26  2.00531E+04  1.19810E-03  2.16002E+01
 -2.07674E+00  6.76899E-27  2.75059E+04  1.21714E-03  2.39208E+01
 -1.98316E+00  2.40082E-27  7.26962E+04  1.28199E-03  2.98491E+01
 -1.88958E+00  1.41981E-27  1.18750E+05  1.34171E-03  3.71405E+01
 -1.79600E+00  3.17296E-27  4.65313E+04  1.26147E-03  3.45555E+01
 -1.70242E+00  6.27831E-27  2.20976E+04  1.21388E-03  2.72574E+01
 -1.60884E+00  8.83408E-27  1.56987E+04  1.20053E-03  1.98210E+01
 -1.51526E+00  9.08510E-27  1.42999E+04  1.20558E-03  1.76019E+01
 -1.42168E+00  8.89911E-27  1.40248E+04  1.20868E-03  1.87433E+01
 -1.32810E+00  9.23485E-27  1.39901E+04  1.19708E-03  2.00817E+01
 -1.23452E+00  9.33751E-27  1.40759E+04  1.18180E-03  2.12233E+01
 -1.14094E+00  9.31327E-27  1.40271E+04  1.17898E-03  2.25084E+01
 -1.04736E+00  9.71327E-27  1.39696E+04  1.17869E-03  2.40605E+01
 -9.53779E-01  1.08611E-26  1.39764E+04  1.17888E-03  2.45839E+01
 -8.60199E-01  1.23527E-26  1.39766E+04  1.17664E-03  2.48103E+01
 -7.66619E-01  1.35517E-26  1.40258E+04  1.17293E-03  2.58938E+01
 -6.73039E-01  1.38279E-26  1.40941E+04  1.16858E-03  2.75971E+01
 -5.79459E-01  1.29047E-26  1.41549E+04  1.16541E-03  2.85258E+01
 -4.85880E-01  1.19153E-26  1.41260E+04  1.16863E-03  2.83263E+01
 -3.92300E-01  1.15589E-26  1.40216E+04  1.17362E-03  2.83837E+01
 -2.98720E-01  1.15672E-26  1.39801E+04  1.17001E-03  2.81517E+01
 -2.05140E-01  1.17405E-26  1.40362E+04  1.15233E-03  2.57389E+01
 -1.11560E-01  1.15934E-26  1.42367E+04  1.14721E-03  2.34915E+01
 -1.79803E-02  1.08002E-26  1.45572E+04  1.15351E-03  2.31190E+01
  7.55995E-02  9.38132E-27  1.48245E+04  1.16368E-03  2.15993E+01
  1.69179E-01  8.51608E-27  1.47737E+04  1.15877E-03  1.91578E+01
  2.62759E-01  8.07262E-27  1.48895E+04  1.12225E-03  1.90450E+01
  3.56339E-01  7.61676E-27  1.51284E+04  1.09592E-03  2.01625E+01
  4.49919E-01  7.28551E-27  1.50982E+04  1.09247E-03  2.06714E+01
  5.43499E-01  6.98648E-27  1.50536E+04  1.09627E-03  2.08276E+01
  6.37079E-01  6.82971E-27  1.52241E+04  1.10619E-03  2.11819E+01
  7.30659E-01  7.08176E-27  1.52519E+04  1.12468E-03  2.14967E+01
  8.24238E-01  7.43682E-27  1.51542E+04  1.13914E-03  2.07752E+01
  9.17818E-01  7.54492E-27  1.48630E+04  1.13305E-03  1.89736E+01
  1.01140E+00  7.59837E-27  1.45057E+04  1.13441E-03  1.80503E+01
  1.10498E+00  7.25844E-27  1.56634E+04  1.15623E-03  1.91812E+01
  1.19856E+00  7.33818E-27  1.74960E+04  1.17343E-03  2.19816E+01
  1.29214E+00  8.71522E-27  1.63533E+04  1.16078E-03  2.54699E+01
  1.38572E+00  9.59460E-27  1.48455E+04  1.14127E-03  2.61815E+01
  1.47930E+00  8.75749E-27  1.45997E+04  1.14163E-03  2.52009E+01
  1.57288E+00  7.82974E-27  1.44229E+04  1.12660E-03  2.38836E+01
  1.66646E+00  7.61999E-27  1.41688E+04  1.10584E-03  2.34833E+01
  1.76004E+00  7.86144E-27  1.39959E+04  1.09311E-03  2.34863E+01
  1.85362E+00  8.13291E-27  1.39172E+04  1.08394E-03  2.33127E+01
  1.94720E+00  8.50877E-27  1.39615E+04  1.08368E-03  2.36472E+01
  2.04078E+00  8.89330E-27  1.41151E+04  1.09041E-03  2.40284E+01
  2.13436E+00  9.20594E-27  1.42766E+04  1.09632E-03  2.43262E+01
  2.22794E+00  9.84602E-27  1.43241E+04  1.08553E-03  2.47800E+01
  2.32152E+00  1.04209E-26  1.43008E+04  1.07355E-03  2.51901E+01
  2.41510E+00  1.09175E-26  1.43094E+04  1.06715E-03  2.54573E+01
  2.50868E+00  1.12232E-26  1.43807E+04  1.06303E-03  2.56985E+01
  2.60226E+00  1.10773E-26  1.44792E+04  1.06164E-03  2.60574E+01
  2.69584E+00  1.05538E-26  1.45693E+04  1.06144E-03  2.59028E+01
  2.78942E+00  1.00078E-26  1.45725E+04  1.06158E-03  2.54568E+01
  2.88300E+00  9.78050E-27  1.44990E+04  1.06316E-03  2.54987E+01
  2.97658E+00  9.79878E-27  1.44310E+04  1.06620E-03  2.60126E+01
  3.07015E+00  1.00250E-26  1.43897E+04  1.06875E-03  2.67730E+01
  3.16373E+00  1.03578E-26  1.43705E+04  1.06939E-03  2.76762E+01
  3.25731E+00  1.07186E-26  1.43491E+04  1.06732E-03  2.85057E+01
  3.35089E+00  1.11616E-26  1.43343E+04  1.06454E-03  2.91772E+01
  3.44447E+00  1.17558E-26  1.43129E+04  1.06209E-03  2.96898E+01
  3.53805E+00  1.23044E-26  1.42947E+04  1.06109E-03  2.99635E+01
  3.63163E+00  1.28623E-26  1.43113E+04  1.06158E-03  3.02885E+01
  3.72521E+00  1.33247E-26  1.43457E+04  1.06170E-03  3.11232E+01
  3.81879E+00  1.37763E-26  1.44004E+04  1.06059E-03  3.22837E+01
  3.91237E+00  1.38934E-26  1.44357E+04  1.05957E-03  3.33573E+01
  4.00595E+00  1.37905E-26  1.44721E+04  1.05888E-03  3.43051E+01
  4.09953E+00  1.36282E-26  1.44969E+04  1.05909E-03  3.48163E+01
  4.19311E+00  1.32437E-26  1.44454E+04  1.06030E-03  3.47853E+01
  4.28669E+00  1.29084E-26  1.43428E+04  1.06206E-03  3.38633E+01
  4.38027E+00  1.30469E-26  1.42974E+04  1.06224E-03  3.15096E+01
  4.47385E+00  1.38968E-26  1.43273E+04  1.06061E-03  2.86799E+01
  4.56743E+00  1.59994E-26  1.43037E+04  1.05817E-03  2.62072E+01
  4.66101E+00  2.00696E-26  1.40741E+04  1.05675E-03  2.41479E+01
  4.75459E+00  2.33402E-26  1.37302E+04  1.07064E-03  2.21186E+01
  4.84817E+00  2.57274E-26  1.35459E+04  1.08847E-03  2.01377E+01
  4.94175E+00  2.72015E-26  1.35860E+04  1.08758E-03  1.88325E+01
  5.03533E+00  2.70795E-26  1.36317E+04  1.08201E-03  1.86443E+01
  5.12891E+00  2.72355E-26  1.36239E+04  1.07919E-03  2.04657E+01
  5.22249E+00  2.69887E-26  1.36495E+04  1.07689E-03  2.31448E+01
  5.31607E+00  2.56066E-26  1.36804E+04  1.06949E-03  2.55387E+01
  5.40965E+00  2.45974E-26  1.37181E+04  1.06030E-03  2.65531E+01
  5.50323E+00  2.40825E-26  1.37553E+04  1.05543E-03  2.69698E+01
  5.59681E+00  2.39770E-26  1.37861E+04  1.05299E-03  2.70005E+01
  5.69039E+00  2.38954E-26  1.38007E+04  1.05335E-03  2.69769E+01
  5.78397E+00  2.39489E-26  1.37928E+04  1.06143E-03  2.66107E+01
  5.87755E+00  2.39207E-26  1.37832E+04  1.10989E-03  2.55378E+01
  5.97113E+00  2.26182E-26  1.38012E+04  1.15063E-03  2.57676E+01
  6.06471E+00  2.02599E-26  1.38629E+04  1.14282E-03  2.73722E+01
  6.15829E+00  1.89205E-26  1.39132E+04  1.11443E-03  2.81130E+01
  6.25187E+00  1.75755E-26  1.39389E+04  1.10434E-03  2.87246E+01
  6.34545E+00  1.68354E-26  1.39291E+04  1.13518E-03  2.88003E+01
  6.43903E+00  1.60636E-26  1.40183E+04  1.15115E-03  2.90026E+01
  6.53261E+00  1.64634E-26  1.41741E+04  1.13977E-03  2.79620E+01
  6.62619E+00  1.79246E-26  1.41824E+04  1.11276E-03  2.60014E+01
  6.71977E+00  2.01119E-26  1.39050E+04  1.09339E-03  2.26636E+01
  6.81335E+00  2.15863E-26  1.40093E+04  1.11485E-03  2.10354E+01
  6.90693E+00  1.46194E-26  2.19412E+04  1.18749E-03  1.56546E+01
  7.00051E+00  3.84276E-27  8.81221E+04  1.29079E-03  6.15235E+00
  7.09409E+00  1.74537E-27  1.77575E+05  1.37138E-03 -3.36683E+00
  7.18767E+00  5.58948E-28  4.90818E+05  1.55739E-03 -1.62657E+01
  7.28125E+00  3.50132E-28  7.37052E+05  1.62242E-03 -2.48521E+01
  7.37483E+00  4.17091E-28  5.73663E+05  1.50975E-03 -3.16418E+01
  7.46841E+00  4.85427E-28  4.69394E+05  1.46826E-03 -3.78559E+01
  7.56199E+00  4.67313E-28  4.55135E+05  1.45343E-03 -4.34863E+01
  7.65557E+00  4.96487E-28  3.98299E+05  1.42396E-03 -4.18610E+01
  7.74915E+00  5.95888E-28  3.13051E+05  1.38283E-03 -3.63341E+01
  7.84273E+00  9.43191E-28  1.90271E+05  1.31514E-03 -2.38224E+01
  7.93631E+00  1.34989E-27  1.31941E+05  1.28124E-03 -1.76699E+01
  8.02989E+00  3.18722E-27  5.62290E+04  1.23805E-03 -1.12095E+01
  8.12347E+00  5.33218E-27  3.45405E+04  1.22350E-03 -9.25749E+00
  8.21705E+00  6.90063E-27  2.75228E+04  1.21468E-03 -8.83656E+00
  8.31063E+00  6.14647E-27  3.29958E+04  1.20976E-03 -8.82678E+00
  8.40421E+00  8.45425E-27  2.57344E+04  1.19496E-03 -8.65080E+00
  8.49779E+00  1.20025E-26  1.96896E+04  1.18226E-03 -7.01956E+00
  8.59137E+00  1.51714E-26  1.61865E+04  1.17463E-03 -7.20527E+00
  8.68495E+00  1.52171E-26  1.57950E+04  1.17347E-03 -7.37974E+00
  8.77853E+00  1.17132E-26  2.01112E+04  1.18588E-03 -3.04169E+00
  8.87211E+00  1.03470E-26  2.15020E+04  1.18556E-03  7.60004E-02
  8.96569E+00  8.62719E-27  2.01384E+04  1.17894E-03  1.66323E+00
  9.05927E+00  8.90668E-27  1.83309E+04  1.16695E-03  3.05601E-01
  9.15285E+00  9.33447E-27  1.71437E+04  1.15676E-03  4.72216E-03
  9.24643E+00  1.07990E-26  1.68200E+04  1.15239E-03 -2.16874E+00
  9.34000E+00  1.39759E-26  1.47221E+04  1.15015E-03 -5.03599E+00
  9.43359E+00  1.49174E-26  1.59698E+04  1.15749E-03 -6.61138E+00
  9.52716E+00  1.23694E-26  1.91604E+04  1.16435E-03 -7.35370E+00
  9.62074E+00  1.08227E-26  2.46571E+04  1.16198E-03 -5.29492E+00
  9.71432E+00  9.06843E-27  3.33940E+04  1.16682E-03 -2.25060E+00
  9.80790E+00  8.67120E-27  3.63154E+04  1.17075E-03  1.82812E+00
  9.90148E+00  8.50166E-27  3.59199E+04  1.17150E-03  4.57967E+00
  9.99506E+00  5.51251E-27  5.39810E+04  1.17997E-03  2.87324E+00
  1.00886E+01  8.90637E-27  2.93583E+04  1.15947E-03  5.68735E+00
  1.01822E+01  9.92063E-27  2.43005E+04  1.15343E-03  5.61255E+00
  1.02758E+01  1.02163E-26  2.30686E+04  1.15350E-03  5.51942E+00
  1.03694E+01  7.28139E-27  3.57719E+04  1.16116E-03  7.54299E+00
  1.04630E+01  6.83047E-27  3.81078E+04  1.16212E-03  7.20130E+00
  1.05565E+01  2.56691E-27  1.04349E+05  1.20091E-03  1.08514E+01
  1.06501E+01  3.77616E-27  6.93353E+04  1.18366E-03  1.25430E+01
  1.07437E+01  2.98794E-27  8.70104E+04  1.19492E-03  1.32740E+01
  1.08373E+01  6.74743E-28  3.94903E+05  1.37127E-03  1.78715E+01
  1.09309E+01  5.60087E-28  4.75207E+05  1.43036E-03  1.86200E+01
  1.10244E+01  3.84232E-28  6.87947E+05  1.59598E-03  2.04929E+01
  1.11180E+01  4.85688E-28  5.34862E+05  1.48322E-03  1.85470E+01
  1.12116E+01  2.61301E-28  9.81859E+05  1.80073E-03  2.55442E+01
  1.13052E+01  2.44010E-28  1.05063E+06  1.85816E-03  2.63132E+01
  1.13988E+01  2.28241E-28  1.11187E+06  1.87869E-03  2.63802E+01
  1.14923E+01  2.24901E-28  1.12866E+06  1.88603E-03  2.60863E+01
  1.15859E+01  2.29391E-28  1.10846E+06  1.86378E-03  2.21385E+01
  1.16795E+01  2.28667E-28  1.11949E+06  1.86374E-03  1.94591E+01
  1.17731E+01  2.33917E-28  1.09517E+06  1.84926E-03  1.76007E+01
  1.18667E+01  2.41600E-28  1.06109E+06  1.82888E-03  1.50923E+01
  1.19602E+01  2.39786E-28  1.07608E+06  1.83692E-03  1.20140E+01
  1.20538E+01  2.41127E-28  1.07441E+06  1.83320E-03  7.91846E+00
  1.21474E+01  2.37914E-28  1.09482E+06  1.84407E-03  5.76267E+00
  1.22410E+01  2.40764E-28  1.08302E+06  1.83872E-03  1.93757E+00
  1.23346E+01  2.43185E-28  1.07565E+06  1.83556E-03 -5.00500E-01
  1.24281E+01  2.60323E-28  1.00870E+06  1.80526E-03 -5.15253E+00
  1.25217E+01  2.79955E-28  9.41483E+05  1.77238E-03 -7.83242E+00
  1.26153E+01  3.18133E-28  8.31065E+05  1.72156E-03 -1.09478E+01
  1.27089E+01  3.82631E-28  6.92920E+05  1.65869E-03 -1.43096E+01
  1.28025E+01  4.09991E-28  6.47169E+05  1.63442E-03 -1.46677E+01
  1.28960E+01  5.05271E-28  5.27442E+05  1.56977E-03 -1.62999E+01
  1.29896E+01  5.26249E-28  5.07289E+05  1.56036E-03 -1.64454E+01
  1.30832E+01  6.30624E-28  4.29429E+05  1.52125E-03 -1.79622E+01
  1.31768E+01  6.29020E-28  4.31139E+05  1.52140E-03 -1.78918E+01
  1.32704E+01  6.12828E-28  4.50018E+05  1.52477E-03 -1.92494E+01
  1.33639E+01  5.92175E-28  4.68866E+05  1.53185E-03 -1.93397E+01
  1.34575E+01  5.17819E-28  5.41039E+05  1.55318E-03 -1.96192E+01
  1.35511E+01  4.48539E-28  6.30163E+05  1.57602E-03 -2.06692E+01
  1.36447E+01  4.18516E-28  6.76497E+05  1.59874E-03 -2.10812E+01
  1.37383E+01  3.42478E-28  8.31485E+05  1.67698E-03 -2.05035E+01
  1.38318E+01  3.34512E-28  8.51574E+05  1.68500E-03 -1.59304E+01
  1.39254E+01  3.04695E-28  9.41826E+05  1.75459E-03 -1.65878E+01
  1.40190E+01  3.01279E-28  9.53165E+05  1.76304E-03 -1.69780E+01
  1.41126E+01  2.74241E-28  1.04265E+06  1.80257E-03 -1.96060E+01
  1.42062E+01  2.81559E-28  1.01405E+06  1.78997E-03 -1.61268E+01
  1.42997E+01  3.12476E-28  9.04163E+05  1.74044E-03 -1.95644E+01
  1.43933E+01  3.58774E-28  7.80247E+05  1.68195E-03 -1.77283E+01
  1.44869E+01  3.79911E-28  7.31138E+05  1.65735E-03 -2.03081E+01
  1.45805E+01  4.00999E-28  6.83591E+05  1.63307E-03 -2.51815E+01
  1.46741E+01  4.31682E-28  6.28920E+05  1.60355E-03 -2.09600E+01
  1.47676E+01  4.76330E-28  5.54988E+05  1.56298E-03 -2.11513E+01
  1.48612E+01  5.01252E-28  5.22399E+05  1.54554E-03 -1.86240E+01
  1.49548E+01  4.87733E-28  5.35832E+05  1.54978E-03 -2.36827E+01
  1.50484E+01  4.88852E-28  5.32028E+05  1.54690E-03 -2.21632E+01
  1.51420E+01  4.72688E-28  5.53755E+05  1.55353E-03 -2.02649E+01
  1.52355E+01  4.73880E-28  5.56506E+05  1.54882E-03 -1.94330E+01
  1.53291E+01  4.65088E-28  5.72142E+05  1.55510E-03 -1.89978E+01
  1.54227E+01  4.09219E-28  6.74020E+05  1.60074E-03 -2.35928E+01
  1.55163E+01  3.95029E-28  6.99978E+05  1.61329E-03 -1.97098E+01
  1.56099E+01  3.44982E-28  8.17165E+05  1.69061E-03 -1.95712E+01
  1.57034E+01  3.77628E-28  7.51949E+05  1.66095E-03 -1.39306E+01
  1.57970E+01  4.11804E-28  6.96920E+05  1.63932E-03 -8.86024E+00
  1.58906E+01  4.11804E-28  6.96920E+05  1.63932E-03 -8.86024E+00
  1.59842E+01  2.94955E-28  9.96569E+05  1.78312E-03 -1.93791E+01
  1.60778E+01  2.37076E-28  1.25438E+06  1.90685E-03 -2.84294E+01
  1.61713E+01  2.37076E-28  1.25438E+06  1.90685E-03 -2.84294E+01
  1.62649E+01  2.37076E-28  1.25438E+06  1.90685E-03 -2.84294E+01
  1.63585E+01  2.35348E-28  1.26382E+06  1.91212E-03 -2.89284E+01
  1.64521E+01  2.13661E-28  1.39622E+06  1.98304E-03 -3.40857E+01
  1.65457E+01  2.14903E-28  1.38900E+06  1.97591E-03 -3.17885E+01
  1.66392E+01  2.17100E-28  1.37642E+06  1.96349E-03 -2.77918E+01
  1.67328E+01  2.17100E-28  1.37642E+06  1.96349E-03 -2.77918E+01
  1.68264E+01  2.14469E-28  1.38710E+06  1.97946E-03 -3.24380E+01
  1.69200E+01  2.12855E-28  1.39378E+06  1.98944E-03 -3.53434E+01
  1.70136E+01  2.12855E-28  1.39378E+06  1.98944E-03 -3.53434E+01
  1.71071E+01  2.12855E-28  1.39378E+06  1.98944E-03 -3.53434E+01
  1.72007E+01  2.12598E-28  1.39555E+06  1.99075E-03 -3.60360E+01
  1.72943E+01  2.12358E-28  1.39595E+06  1.99291E-03 -3.86772E+01
  1.73879E+01  2.13419E-28  1.38713E+06  1.98862E-03 -3.81630E+01
  1.74815E+01  2.14991E-28  1.37339E+06  1.98355E-03 -3.76174E+01
  1.75750E+01  2.16462E-28  1.36075E+06  1.97871E-03 -3.70559E+01
  1.76686E+01  2.12278E-28  1.39110E+06  1.99269E-03 -3.74792E+01
  1.77622E+01  2.10101E-28  1.40718E+06  1.99974E-03 -3.75760E+01
  1.78558E+01  2.10055E-28  1.40665E+06  1.99981E-03 -3.75486E+01
  1.79494E+01  2.10060E-28  1.40671E+06  1.99981E-03 -3.75520E+01
  1.80429E+01  2.10170E-28  1.40542E+06  1.99992E-03 -3.71828E+01
  1.81365E+01  2.10684E-28  1.40359E+06  2.00000E-03 -3.61736E+01
  1.82301E+01  2.10588E-28  1.40310E+06  2.00000E-03 -3.51680E+01
  1.83237E+01  2.10533E-28  1.40287E+06  2.00000E-03 -3.46776E+01
  1.84173E+01  2.10466E-28  1.40260E+06  2.00000E-03 -3.40829E+01
  1.85108E+01  2.10679E-28  1.40385E+06  2.00000E-03 -3.32024E+01
  1.86044E+01  2.10841E-28  1.40472E+06  2.00000E-03 -3.30747E+01
  1.86980E+01  2.10841E-28  1.40472E+06  2.00000E-03 -3.30747E+01
  1.87916E+01  2.10841E-28  1.40472E+06  2.00000E-03 -3.30747E+01
  1.88852E+01  2.10938E-28  1.40516E+06  2.00000E-03 -3.30116E+01
  1.89787E+01  2.11165E-28  1.40618E+06  2.00000E-03 -3.28644E+01
  1.90723E+01  2.11165E-28  1.40618E+06  2.00000E-03 -3.28644E+01
  1.91659E+01  2.11130E-28  1.40600E+06  2.00000E-03 -3.21993E+01
  1.92595E+01  2.11110E-28  1.40590E+06  2.00000E-03 -3.18172E+01
  1.93531E+01  2.11271E-28  1.40665E+06  2.00000E-03 -3.11250E+01
  1.94466E+01  2.11334E-28  1.40695E+06  2.00000E-03 -3.11777E+01
  1.95402E+01  2.11244E-28  1.40656E+06  2.00000E-03 -3.12745E+01
  1.96338E+01  2.11147E-28  1.40613E+06  2.00000E-03 -3.13803E+01
  1.97274E+01  2.11095E-28  1.40591E+06  2.00000E-03 -3.14672E+01
  1.98209E+01  2.11400E-28  1.40730E+06  2.00000E-03 -3.13151E+01
  1.99145E+01  2.11352E-28  1.40709E+06  2.00000E-03 -3.13700E+01
  2.00081E+01  2.11218E-28  1.40649E+06  2.00000E-03 -3.12759E+01
  2.01017E+01  2.11020E-28  1.40560E+06  2.00000E-03 -3.10248E+01
  2.01953E+01  2.11293E-28  1.40675E+06  2.00000E-03 -3.05045E+01
  2.02888E+01  2.11294E-28  1.40675E+06  2.00000E-03 -3.00591E+01
  2.03824E+01  2.11294E-28  1.40675E+06  2.00000E-03 -3.00591E+01
  2.04760E+01  2.11294E-28  1.40675E+06  2.00000E-03 -3.00591E+01
  2.05696E+01  2.11413E-28  1.40724E+06  2.00000E-03 -2.98798E+01
  2.06632E+01  2.11694E-28  1.40838E+06  2.00000E-03 -2.94562E+01
  2.07567E+01  2.11694E-28  1.40838E+06  2.00000E-03 -2.94562E+01
  2.08503E+01  2.11694E-28  1.40838E+06  2.00000E-03 -2.94562E+01
  2.09439E+01  2.11714E-28  1.40846E+06  2.00000E-03 -2.91849E+01
  2.10375E+01  2.11952E-28  1.40943E+06  2.00000E-03 -2.82213E+01
  2.11311E+01  2.12003E-28  1.40965E+06  2.00000E-03 -2.81445E+01
  2.12246E+01  2.12003E-28  1.40965E+06  2.00000E-03 -2.81445E+01
  2.13182E+01  2.12003E-28  1.40965E+06  2.00000E-03 -2.81445E+01
  2.14118E+01  2.12003E-28  1.40965E+06  2.00000E-03 -2.81445E+01
  2.15054E+01  2.12003E-28  1.40965E+06  2.00000E-03 -2.81445E+01
  2.15990E+01  2.12003E-28  1.40965E+06  2.00000E-03 -2.81445E+01
  2.16925E+01  2.12003E-28  1.40965E+06  2.00000E-03 -2.81445E+01
  2.17861E+01  2.12009E-28  1.40967E+06  2.00000E-03 -2.81229E+01
  2.18797E+01  2.12530E-28  1.41190E+06  2.00000E-03 -2.60939E+01
  2.19733E+01  2.12663E-28  1.41248E+06  2.00000E-03 -2.55479E+01
  2.20669E+01  2.12860E-28  1.41335E+06  2.00000E-03 -2.47116E+01
  2.21604E+01  2.12866E-28  1.41337E+06  2.00000E-03 -2.46854E+01
  2.22540E+01  2.12866E-28  1.41337E+06  2.00000E-03 -2.46854E+01
  2.23476E+01  2.12866E-28  1.41337E+06  2.00000E-03 -2.46854E+01
  2.24412E+01  2.12866E-28  1.41337E+06  2.00000E-03 -2.46854E+01
  2.25348E+01  2.12866E-28  1.41337E+06  2.00000E-03 -2.46854E+01
  2.26283E+01  2.12888E-28  1.41347E+06  2.00000E-03 -2.45603E+01
  2.27219E+01  2.13084E-28  1.41434E+06  2.00000E-03 -2.34109E+01
  2.28155E+01  2.13100E-28  1.41441E+06  2.00000E-03 -2.33159E+01
  2.29091E+01  2.13100E-28  1.41441E+06  2.00000E-03 -2.33159E+01
  2.30027E+01  2.13100E-28  1.41441E+06  2.00000E-03 -2.33159E+01
  2.30962E+01  2.13100E-28  1.41441E+06  2.00000E-03 -2.33159E+01
  2.31898E+01  2.13100E-28  1.41441E+06  2.00000E-03 -2.33159E+01
  2.32834E+01  2.13100E-28  1.41441E+06  2.00000E-03 -2.33159E+01
  2.33770E+01  2.13100E-28  1.41441E+06  2.00000E-03 -2.33159E+01
  2.34706E+01  2.13114E-28  1.41446E+06  2.00000E-03 -2.31492E+01
  2.35641E+01  2.13190E-28  1.41478E+06  2.00000E-03 -2.21824E+01
  2.36577E+01  2.13275E-28  1.41515E+06  2.00000E-03 -2.17729E+01
  2.37513E+01  2.13421E-28  1.41580E+06  2.00000E-03 -2.13473E+01
  2.38449E+01  2.13602E-28  1.41660E+06  2.00000E-03 -2.07802E+01
  2.39385E+01  2.13606E-28  1.41662E+06  2.00000E-03 -2.07499E+01
  2.40320E+01  2.13592E-28  1.41655E+06  2.00000E-03 -2.07634E+01
  2.41256E+01  2.13586E-28  1.41652E+06  2.00000E-03 -2.07700E+01
  2.42192E+01  2.13587E-28  1.41653E+06  2.00000E-03 -2.07683E+01
  2.43128E+01  2.13583E-28  1.41651E+06  2.00000E-03 -2.07116E+01
  2.44064E+01  2.13702E-28  1.41702E+06  2.00000E-03 -1.96212E+01
  2.44999E+01  2.13718E-28  1.41709E+06  2.00000E-03 -1.94986E+01
  2.45935E+01  2.13718E-28  1.41709E+06  2.00000E-03 -1.94986E+01
  2.46871E+01  2.13718E-28  1.41709E+06  2.00000E-03 -1.94986E+01
  2.47807E+01  2.13718E-28  1.41709E+06  2.00000E-03 -1.94986E+01
  2.48743E+01  2.13718E-28  1.41709E+06  2.00000E-03 -1.94986E+01
  2.49678E+01  2.13718E-28  1.41709E+06  2.00000E-03 -1.94986E+01
  2.50614E+01  2.13718E-28  1.41709E+06  2.00000E-03 -1.94986E+01
  2.51550E+01  2.13728E-28  1.41713E+06  2.00000E-03 -1.94229E+01
  2.52486E+01  2.13888E-28  1.41783E+06  2.00000E-03 -1.82526E+01
  2.53422E+01  2.13895E-28  1.41786E+06  2.00000E-03 -1.82057E+01
  2.54357E+01  2.13959E-28  1.41814E+06  2.00000E-03 -1.80412E+01
  2.55293E+01  2.14030E-28  1.41846E+06  2.00000E-03 -1.78578E+01
  2.56229E+01  2.14193E-28  1.41918E+06  2.00000E-03 -1.74380E+01
  2.57165E+01  2.14239E-28  1.41938E+06  2.00000E-03 -1.73222E+01
  2.58101E+01  2.14239E-28  1.41938E+06  2.00000E-03 -1.73222E+01
  2.59036E+01  2.14239E-28  1.41938E+06  2.00000E-03 -1.73222E+01
  2.59972E+01  2.14256E-28  1.41946E+06  2.00000E-03 -1.71864E+01
  2.60908E+01  2.14359E-28  1.41990E+06  2.00000E-03 -1.63701E+01
  2.61844E+01  2.14375E-28  1.41997E+06  2.00000E-03 -1.62495E+01
  2.62780E+01  2.14375E-28  1.41997E+06  2.00000E-03 -1.62495E+01
  2.63715E+01  2.14375E-28  1.41997E+06  2.00000E-03 -1.62495E+01
  2.64651E+01  2.14375E-28  1.41997E+06  2.00000E-03 -1.62495E+01
  2.65587E+01  2.14375E-28  1.41997E+06  2.00000E-03 -1.62495E+01
  2.66523E+01  2.14375E-28  1.41997E+06  2.00000E-03 -1.62495E+01
  2.67459E+01  2.14375E-28  1.41997E+06  2.00000E-03 -1.62495E+01
  2.68394E+01  2.14389E-28  1.42003E+06  2.00000E-03 -1.61131E+01
