 -2.66882E+01  2.17199E-28  1.43229E+06  2.00000E-03  1.32387E+00
 -2.65947E+01  2.17183E-28  1.43222E+06  2.00000E-03  1.32686E+00
 -2.65011E+01  2.17183E-28  1.43222E+06  2.00000E-03  1.32686E+00
 -2.64075E+01  2.17183E-28  1.43222E+06  2.00000E-03  1.32686E+00
 -2.63139E+01  2.17183E-28  1.43222E+06  2.00000E-03  1.32686E+00
 -2.62203E+01  2.17183E-28  1.43222E+06  2.00000E-03  1.32686E+00
 -2.61268E+01  2.17183E-28  1.43222E+06  2.00000E-03  1.32686E+00
 -2.60332E+01  2.17183E-28  1.43222E+06  2.00000E-03  1.32686E+00
 -2.59396E+01  2.17181E-28  1.43221E+06  2.00000E-03  1.35157E+00
 -2.58460E+01  2.17179E-28  1.43221E+06  2.00000E-03  1.38136E+00
 -2.57524E+01  2.17179E-28  1.43221E+06  2.00000E-03  1.38136E+00
 -2.56589E+01  2.17179E-28  1.43221E+06  2.00000E-03  1.38136E+00
 -2.55653E+01  2.17179E-28  1.43221E+06  2.00000E-03  1.38136E+00
 -2.54717E+01  2.17179E-28  1.43221E+06  2.00000E-03  1.38136E+00
 -2.53781E+01  2.17179E-28  1.43221E+06  2.00000E-03  1.38136E+00
 -2.52845E+01  2.17179E-28  1.43221E+06  2.00000E-03  1.38136E+00
 -2.51910E+01  2.17185E-28  1.43223E+06  2.00000E-03  1.38129E+00
 -2.50974E+01  2.17296E-28  1.43272E+06  2.00000E-03  1.37991E+00
 -2.50038E+01  2.17381E-28  1.43310E+06  2.00000E-03  1.36309E+00
 -2.49102E+01  2.17433E-28  1.43332E+06  2.00000E-03  1.34303E+00
 -2.48166E+01  2.17440E-28  1.43335E+06  2.00000E-03  1.34051E+00
 -2.47231E+01  2.17440E-28  1.43335E+06  2.00000E-03  1.34051E+00
 -2.46295E+01  2.17440E-28  1.43335E+06  2.00000E-03  1.34051E+00
 -2.45359E+01  2.17440E-28  1.43335E+06  2.00000E-03  1.34051E+00
 -2.44423E+01  2.17440E-28  1.43335E+06  2.00000E-03  1.34051E+00
 -2.43487E+01  2.17440E-28  1.43335E+06  2.00000E-03  1.34051E+00
 -2.42552E+01  2.17643E-28  1.43425E+06  2.00000E-03  1.27002E+00
 -2.41616E+01  2.17736E-28  1.43466E+06  2.00000E-03  1.23791E+00
 -2.40680E+01  2.17736E-28  1.43466E+06  2.00000E-03  1.23791E+00
 -2.39744E+01  2.17736E-28  1.43466E+06  2.00000E-03  1.23791E+00
 -2.38808E+01  2.17736E-28  1.43466E+06  2.00000E-03  1.23791E+00
 -2.37873E+01  2.17736E-28  1.43466E+06  2.00000E-03  1.23791E+00
 -2.36937E+01  2.17736E-28  1.43466E+06  2.00000E-03  1.23791E+00
 -2.36001E+01  2.17736E-28  1.43466E+06  2.00000E-03  1.23791E+00
 -2.35065E+01  2.17738E-28  1.43467E+06  2.00000E-03  1.23694E+00
 -2.34129E+01  2.17959E-28  1.43564E+06  2.00000E-03  1.13786E+00
 -2.33194E+01  2.18056E-28  1.43607E+06  2.00000E-03  1.08792E+00
 -2.32258E+01  2.18062E-28  1.43609E+06  2.00000E-03  1.07959E+00
 -2.31322E+01  2.18072E-28  1.43614E+06  2.00000E-03  1.06699E+00
 -2.30386E+01  2.18073E-28  1.43614E+06  2.00000E-03  1.06446E+00
 -2.29450E+01  2.18073E-28  1.43614E+06  2.00000E-03  1.06446E+00
 -2.28515E+01  2.18027E-28  1.43594E+06  2.00000E-03  1.11083E+00
 -2.27579E+01  2.18037E-28  1.43599E+06  2.00000E-03  1.10099E+00
 -2.26643E+01  2.18011E-28  1.43587E+06  2.00000E-03  1.12696E+00
 -2.25707E+01  2.18088E-28  1.43622E+06  2.00000E-03  1.09904E+00
 -2.24771E+01  2.18155E-28  1.43651E+06  2.00000E-03  1.07577E+00
 -2.23836E+01  2.18223E-28  1.43681E+06  2.00000E-03  1.07778E+00
 -2.22900E+01  2.18243E-28  1.43690E+06  2.00000E-03  1.07836E+00
 -2.21964E+01  2.18243E-28  1.43690E+06  2.00000E-03  1.07836E+00
 -2.21028E+01  2.18243E-28  1.43690E+06  2.00000E-03  1.07836E+00
 -2.20092E+01  2.18243E-28  1.43690E+06  2.00000E-03  1.07836E+00
 -2.19157E+01  2.18243E-28  1.43690E+06  2.00000E-03  1.07836E+00
 -2.18221E+01  2.18243E-28  1.43690E+06  2.00000E-03  1.07836E+00
 -2.17285E+01  2.18223E-28  1.43684E+06  2.00000E-03  1.09725E+00
 -2.16349E+01  2.18213E-28  1.43680E+06  2.00000E-03  1.10680E+00
 -2.15413E+01  2.18166E-28  1.43660E+06  2.00000E-03  1.13337E+00
 -2.14478E+01  2.18022E-28  1.43597E+06  2.00000E-03  1.21526E+00
 -2.13542E+01  2.17955E-28  1.43568E+06  2.00000E-03  1.25274E+00
 -2.12606E+01  2.17900E-28  1.43544E+06  2.00000E-03  1.28441E+00
 -2.11670E+01  2.17900E-28  1.43544E+06  2.00000E-03  1.28441E+00
 -2.10734E+01  2.17900E-28  1.43544E+06  2.00000E-03  1.28441E+00
 -2.09799E+01  2.17900E-28  1.43543E+06  2.00000E-03  1.28441E+00
 -2.08863E+01  2.17457E-28  1.43346E+06  2.00000E-03  1.54507E+00
 -2.07927E+01  2.17335E-28  1.43292E+06  2.00000E-03  1.61694E+00
 -2.06991E+01  2.17380E-28  1.43312E+06  2.00000E-03  1.60018E+00
 -2.06055E+01  2.17410E-28  1.43325E+06  2.00000E-03  1.59800E+00
 -2.05120E+01  2.17377E-28  1.43311E+06  2.00000E-03  1.61840E+00
 -2.04184E+01  2.17144E-28  1.43208E+06  2.00000E-03  1.74193E+00
 -2.03248E+01  2.17127E-28  1.43200E+06  2.00000E-03  1.74714E+00
 -2.02312E+01  2.17204E-28  1.43234E+06  2.00000E-03  1.72346E+00
 -2.01376E+01  2.17269E-28  1.43262E+06  2.00000E-03  1.70518E+00
 -2.00441E+01  2.17118E-28  1.43197E+06  2.00000E-03  1.77859E+00
 -1.99505E+01  2.17046E-28  1.43166E+06  2.00000E-03  1.81324E+00
 -1.98569E+01  2.17046E-28  1.43166E+06  2.00000E-03  1.81324E+00
 -1.97633E+01  2.17042E-28  1.43164E+06  2.00000E-03  1.81530E+00
 -1.96698E+01  2.16916E-28  1.43109E+06  2.00000E-03  1.87675E+00
 -1.95762E+01  2.16708E-28  1.43018E+06  2.00000E-03  1.99147E+00
 -1.94826E+01  2.16684E-28  1.43007E+06  2.00000E-03  2.00355E+00
 -1.93890E+01  2.16684E-28  1.43007E+06  2.00000E-03  2.00355E+00
 -1.92954E+01  2.16682E-28  1.43006E+06  2.00000E-03  2.00491E+00
 -1.92019E+01  2.16561E-28  1.42953E+06  2.00000E-03  2.09387E+00
 -1.91083E+01  2.16521E-28  1.42935E+06  2.00000E-03  2.12381E+00
 -1.90147E+01  2.16521E-28  1.42935E+06  2.00000E-03  2.12381E+00
 -1.89211E+01  2.16521E-28  1.42936E+06  2.00000E-03  2.12381E+00
 -1.88275E+01  2.16462E-28  1.42910E+06  2.00000E-03  2.17129E+00
 -1.87340E+01  2.16344E-28  1.42858E+06  2.00000E-03  2.25156E+00
 -1.86404E+01  2.16322E-28  1.42848E+06  2.00000E-03  2.26582E+00
 -1.85468E+01  2.16376E-28  1.42872E+06  2.00000E-03  2.27212E+00
 -1.84532E+01  2.16362E-28  1.42865E+06  2.00000E-03  2.27412E+00
 -1.83596E+01  2.16345E-28  1.42858E+06  2.00000E-03  2.30149E+00
 -1.82661E+01  2.16363E-28  1.42866E+06  2.00000E-03  2.30038E+00
 -1.81725E+01  2.16370E-28  1.42869E+06  2.00000E-03  2.29930E+00
 -1.80789E+01  2.16477E-28  1.42916E+06  2.00000E-03  2.28192E+00
 -1.79853E+01  2.16500E-28  1.42926E+06  2.00000E-03  2.27349E+00
 -1.78917E+01  2.16458E-28  1.42908E+06  2.00000E-03  2.28161E+00
 -1.77982E+01  2.16427E-28  1.42894E+06  2.00000E-03  2.29253E+00
 -1.77046E+01  2.16384E-28  1.42875E+06  2.00000E-03  2.30747E+00
 -1.76110E+01  2.16366E-28  1.42867E+06  2.00000E-03  2.31243E+00
 -1.75174E+01  2.16234E-28  1.42810E+06  2.00000E-03  2.34916E+00
 -1.74238E+01  2.16223E-28  1.42806E+06  2.00000E-03  2.35226E+00
 -1.73303E+01  2.16223E-28  1.42806E+06  2.00000E-03  2.35226E+00
 -1.72367E+01  2.16223E-28  1.42806E+06  2.00000E-03  2.35226E+00
 -1.71431E+01  2.16089E-28  1.42747E+06  2.00000E-03  2.39841E+00
 -1.70495E+01  2.15919E-28  1.42674E+06  2.00000E-03  2.45713E+00
 -1.69559E+01  2.15842E-28  1.42640E+06  2.00000E-03  2.48985E+00
 -1.68624E+01  2.15767E-28  1.42607E+06  2.00000E-03  2.52231E+00
 -1.67688E+01  2.15662E-28  1.42561E+06  2.00000E-03  2.56012E+00
 -1.66752E+01  2.15532E-28  1.42506E+06  2.00000E-03  2.57777E+00
 -1.65816E+01  2.15505E-28  1.42495E+06  2.00000E-03  2.58134E+00
 -1.64880E+01  2.15582E-28  1.42529E+06  2.00000E-03  2.55907E+00
 -1.63945E+01  2.15684E-28  1.42574E+06  2.00000E-03  2.52976E+00
 -1.63009E+01  2.15664E-28  1.42569E+06  2.00000E-03  2.49364E+00
 -1.62073E+01  2.15728E-28  1.42600E+06  2.00000E-03  2.44114E+00
 -1.61137E+01  2.15732E-28  1.42601E+06  2.00000E-03  2.43128E+00
 -1.60201E+01  2.15782E-28  1.42624E+06  2.00000E-03  2.41207E+00
 -1.59266E+01  2.15810E-28  1.42637E+06  2.00000E-03  2.38437E+00
 -1.58330E+01  2.15698E-28  1.42599E+06  2.00000E-03  2.31915E+00
 -1.57394E+01  2.15684E-28  1.42594E+06  2.00000E-03  2.31101E+00
 -1.56458E+01  2.15684E-28  1.42594E+06  2.00000E-03  2.31101E+00
 -1.55522E+01  2.15684E-28  1.42594E+06  2.00000E-03  2.31101E+00
 -1.54587E+01  2.15564E-28  1.42530E+06  2.00000E-03  2.37534E+00
 -1.53651E+01  2.15476E-28  1.42483E+06  2.00000E-03  2.42191E+00
 -1.52715E+01  2.15466E-28  1.42477E+06  2.00000E-03  2.42823E+00
 -1.51779E+01  2.15297E-28  1.42396E+06  2.00000E-03  2.55192E+00
 -1.50843E+01  2.15288E-28  1.42392E+06  2.00000E-03  2.55694E+00
 -1.49908E+01  2.15164E-28  1.42337E+06  2.00000E-03  2.64820E+00
 -1.48972E+01  2.15178E-28  1.42344E+06  2.00000E-03  2.63846E+00
 -1.48036E+01  2.15080E-28  1.42301E+06  2.00000E-03  2.71517E+00
 -1.47100E+01  2.15046E-28  1.42286E+06  2.00000E-03  2.73657E+00
 -1.46164E+01  2.14941E-28  1.42240E+06  2.00000E-03  2.81092E+00
 -1.45229E+01  2.14845E-28  1.42197E+06  2.00000E-03  2.87572E+00
 -1.44293E+01  2.14742E-28  1.42152E+06  2.00000E-03  2.95174E+00
 -1.43357E+01  2.14633E-28  1.42103E+06  2.00000E-03  3.05065E+00
 -1.42421E+01  2.14478E-28  1.42034E+06  2.00000E-03  3.15628E+00
 -1.41485E+01  2.14156E-28  1.41892E+06  2.00000E-03  3.38913E+00
 -1.40550E+01  2.14013E-28  1.41829E+06  2.00000E-03  3.48963E+00
 -1.39614E+01  2.13670E-28  1.41677E+06  2.00000E-03  3.74815E+00
 -1.38678E+01  2.13517E-28  1.41609E+06  2.00000E-03  3.84835E+00
 -1.37742E+01  2.13148E-28  1.41446E+06  2.00000E-03  4.13201E+00
 -1.36806E+01  2.12893E-28  1.41334E+06  2.00000E-03  4.34453E+00
 -1.35871E+01  2.12788E-28  1.41287E+06  2.00000E-03  4.44822E+00
 -1.34935E+01  2.12655E-28  1.41228E+06  2.00000E-03  4.58368E+00
 -1.33999E+01  2.12656E-28  1.41229E+06  2.00000E-03  4.61491E+00
 -1.33063E+01  2.12707E-28  1.41252E+06  2.00000E-03  4.68492E+00
 -1.32127E+01  2.12689E-28  1.41244E+06  2.00000E-03  4.69321E+00
 -1.31192E+01  2.12808E-28  1.41297E+06  2.00000E-03  4.69304E+00
 -1.30256E+01  2.12797E-28  1.41292E+06  2.00000E-03  4.69239E+00
 -1.29320E+01  2.13066E-28  1.41412E+06  2.00000E-03  4.62418E+00
 -1.28384E+01  2.12924E-28  1.41350E+06  2.00000E-03  4.63777E+00
 -1.27448E+01  2.13159E-28  1.41454E+06  2.00000E-03  4.57557E+00
 -1.26513E+01  2.13438E-28  1.41578E+06  2.00000E-03  4.48468E+00
 -1.25577E+01  2.13536E-28  1.41622E+06  2.00000E-03  4.44968E+00
 -1.24641E+01  2.14213E-28  1.41922E+06  2.00000E-03  4.22450E+00
 -1.23705E+01  2.14318E-28  1.41968E+06  2.00000E-03  4.19237E+00
 -1.22769E+01  2.14903E-28  1.42229E+06  2.00000E-03  3.91158E+00
 -1.21834E+01  2.14917E-28  1.42235E+06  2.00000E-03  3.90161E+00
 -1.20898E+01  2.15315E-28  1.42412E+06  2.00000E-03  3.65151E+00
 -1.19962E+01  2.15662E-28  1.42565E+06  2.00000E-03  3.48606E+00
 -1.19026E+01  2.15951E-28  1.42694E+06  2.00000E-03  3.30389E+00
 -1.18090E+01  2.16226E-28  1.42816E+06  2.00000E-03  3.12396E+00
 -1.17155E+01  2.16289E-28  1.42844E+06  2.00000E-03  3.07094E+00
 -1.16219E+01  2.16683E-28  1.43019E+06  2.00000E-03  2.93778E+00
 -1.15283E+01  2.16784E-28  1.43064E+06  2.00000E-03  2.92852E+00
 -1.14347E+01  2.17049E-28  1.43182E+06  2.00000E-03  2.91917E+00
 -1.13411E+01  2.17247E-28  1.43270E+06  2.00000E-03  2.87463E+00
 -1.12476E+01  2.17407E-28  1.43342E+06  2.00000E-03  2.93140E+00
 -1.11540E+01  2.17281E-28  1.43288E+06  2.00000E-03  2.98040E+00
 -1.10604E+01  2.17513E-28  1.43392E+06  2.00000E-03  2.97219E+00
 -1.09668E+01  2.17860E-28  1.43545E+06  2.00000E-03  2.88434E+00
 -1.08732E+01  2.18180E-28  1.43686E+06  2.00000E-03  2.77896E+00
 -1.07797E+01  2.18416E-28  1.43792E+06  2.00000E-03  2.73904E+00
 -1.06861E+01  2.18574E-28  1.43860E+06  2.00000E-03  2.67896E+00
 -1.05925E+01  2.18929E-28  1.44018E+06  2.00000E-03  2.55839E+00
 -1.04989E+01  2.19088E-28  1.44088E+06  2.00000E-03  2.48555E+00
 -1.04053E+01  2.19174E-28  1.44138E+06  2.00000E-03  2.43795E+00
 -1.03118E+01  2.19164E-28  1.44137E+06  2.00000E-03  2.44016E+00
 -1.02182E+01  2.18974E-28  1.44052E+06  2.00000E-03  2.52595E+00
 -1.01246E+01  2.18707E-28  1.43928E+06  2.00000E-03  2.71741E+00
 -1.00310E+01  2.18424E-28  1.43798E+06  2.00000E-03  2.93015E+00
 -9.93744E+00  2.17773E-28  1.43504E+06  2.00000E-03  3.31214E+00
 -9.84387E+00  2.17224E-28  1.43257E+06  2.00000E-03  3.65681E+00
 -9.75029E+00  2.16351E-28  1.42869E+06  2.00000E-03  4.18986E+00
 -9.65670E+00  2.15463E-28  1.42477E+06  2.00000E-03  4.71208E+00
 -9.56313E+00  2.14892E-28  1.42225E+06  2.00000E-03  5.17519E+00
 -9.46955E+00  2.14312E-28  1.41970E+06  2.00000E-03  5.55724E+00
 -9.37597E+00  2.13551E-28  1.41635E+06  2.00000E-03  6.01294E+00
 -9.28239E+00  2.12968E-28  1.41378E+06  2.00000E-03  6.36322E+00
 -9.18881E+00  2.12716E-28  1.41268E+06  2.00000E-03  6.53609E+00
 -9.09523E+00  2.12442E-28  1.41148E+06  2.00000E-03  6.68718E+00
 -9.00165E+00  2.12502E-28  1.41176E+06  2.00000E-03  6.60071E+00
 -8.90807E+00  2.12688E-28  1.41260E+06  2.00000E-03  6.44039E+00
 -8.81449E+00  2.13057E-28  1.41425E+06  2.00000E-03  6.13726E+00
 -8.72091E+00  2.13568E-28  1.41652E+06  2.00000E-03  5.75184E+00
 -8.62733E+00  2.14139E-28  1.41906E+06  2.00000E-03  5.39459E+00
 -8.53375E+00  2.14573E-28  1.42098E+06  2.00000E-03  5.00913E+00
 -8.44017E+00  2.15029E-28  1.42299E+06  2.00000E-03  4.75017E+00
 -8.34659E+00  2.15513E-28  1.42512E+06  2.00000E-03  4.57605E+00
 -8.25301E+00  2.16023E-28  1.42737E+06  2.00000E-03  4.42659E+00
 -8.15943E+00  2.16694E-28  1.43031E+06  2.00000E-03  4.23069E+00
 -8.06585E+00  2.17671E-28  1.43461E+06  2.00000E-03  3.89679E+00
 -7.97227E+00  2.18133E-28  1.43663E+06  2.00000E-03  3.72674E+00
 -7.87869E+00  2.18985E-28  1.44035E+06  2.00000E-03  3.37150E+00
 -7.78511E+00  2.20473E-28  1.44686E+06  2.00000E-03  2.72147E+00
 -7.69153E+00  2.21230E-28  1.45017E+06  2.00000E-03  2.39641E+00
 -7.59795E+00  2.21757E-28  1.45247E+06  2.00000E-03  2.19980E+00
 -7.50437E+00  2.22193E-28  1.45438E+06  2.00000E-03  2.07836E+00
 -7.41079E+00  2.22328E-28  1.45497E+06  2.00000E-03  2.12182E+00
 -7.31721E+00  2.22409E-28  1.45533E+06  2.00000E-03  2.18857E+00
 -7.22363E+00  2.22466E-28  1.45559E+06  2.00000E-03  2.26518E+00
 -7.13005E+00  2.22422E-28  1.45541E+06  2.00000E-03  2.38533E+00
 -7.03647E+00  2.22322E-28  1.45499E+06  2.00000E-03  2.54556E+00
 -6.94289E+00  2.22151E-28  1.45427E+06  2.00000E-03  2.73235E+00
 -6.84931E+00  2.21854E-28  1.45299E+06  2.00000E-03  2.97827E+00
 -6.75573E+00  2.21529E-28  1.45157E+06  2.00000E-03  3.22939E+00
 -6.66215E+00  2.21049E-28  1.44948E+06  2.00000E-03  3.57155E+00
 -6.56857E+00  2.20394E-28  1.44662E+06  2.00000E-03  4.01990E+00
 -6.47499E+00  2.19751E-28  1.44381E+06  2.00000E-03  4.47266E+00
 -6.38141E+00  2.19104E-28  1.44097E+06  2.00000E-03  4.96554E+00
 -6.28783E+00  2.18467E-28  1.43818E+06  2.00000E-03  5.45736E+00
 -6.19425E+00  2.17530E-28  1.43408E+06  2.00000E-03  6.21468E+00
 -6.10067E+00  2.16823E-28  1.43098E+06  2.00000E-03  6.85490E+00
 -6.00709E+00  2.16124E-28  1.42793E+06  2.00000E-03  7.54720E+00
 -5.91351E+00  2.15337E-28  1.42448E+06  2.00000E-03  8.31479E+00
 -5.81993E+00  2.14895E-28  1.42256E+06  2.00000E-03  8.98674E+00
 -5.72635E+00  2.14422E-28  1.42049E+06  2.00000E-03  9.65498E+00
 -5.63277E+00  2.14102E-28  1.41910E+06  2.00000E-03  1.02720E+01
 -5.53919E+00  2.14110E-28  1.41915E+06  2.00000E-03  1.06301E+01
 -5.44561E+00  2.14023E-28  1.41877E+06  2.00000E-03  1.12000E+01
 -5.35203E+00  2.13871E-28  1.41811E+06  2.00000E-03  1.18535E+01
 -5.25845E+00  2.13884E-28  1.41819E+06  2.00000E-03  1.25544E+01
 -5.16487E+00  2.13835E-28  1.41798E+06  2.00000E-03  1.31178E+01
 -5.07129E+00  2.13807E-28  1.41778E+06  1.99998E-03  1.38286E+01
 -4.97771E+00  2.13727E-28  1.41744E+06  1.99995E-03  1.47283E+01
 -4.88413E+00  2.13758E-28  1.41802E+06  1.99988E-03  1.57043E+01
 -4.79055E+00  2.13755E-28  1.41854E+06  1.99979E-03  1.69387E+01
 -4.69697E+00  2.13423E-28  1.41733E+06  1.99964E-03  1.84956E+01
 -4.60339E+00  2.12977E-28  1.41534E+06  1.99939E-03  2.01857E+01
 -4.50981E+00  2.12472E-28  1.41304E+06  1.99898E-03  2.18198E+01
 -4.41623E+00  2.11686E-28  1.40960E+06  1.99850E-03  2.38818E+01
 -4.32265E+00  2.11196E-28  1.40721E+06  1.99829E-03  2.60547E+01
 -4.22907E+00  2.10476E-28  1.40368E+06  1.99844E-03  2.85030E+01
 -4.13549E+00  2.09067E-28  1.39784E+06  1.99812E-03  3.16351E+01
 -4.04191E+00  2.08563E-28  1.38839E+06  1.99242E-03  3.44425E+01
 -3.94833E+00  2.09655E-28  1.36389E+06  1.97383E-03  3.75427E+01
 -3.85475E+00  2.12241E-28  1.32816E+06  1.94358E-03  4.24248E+01
 -3.76117E+00  2.18549E-28  1.27366E+06  1.90007E-03  5.05989E+01
 -3.66759E+00  2.49236E-28  1.06676E+06  1.71648E-03  6.40569E+01
 -3.57401E+00  4.27542E-28  5.75871E+05  1.28414E-03  5.75676E+01
 -3.48043E+00  1.23018E-27  2.00913E+05  9.18895E-04  4.11319E+01
 -3.38686E+00  1.22248E-27  2.13528E+05  9.03642E-04  3.30458E+01
 -3.29328E+00  6.85955E-28  3.88014E+05  1.03119E-03  3.17850E+01
 -3.19970E+00  5.69522E-28  4.61860E+05  1.08681E-03  2.28411E+01
 -3.10612E+00  7.12153E-28  3.59467E+05  1.01405E-03  1.02555E+01
 -3.01254E+00  8.67471E-28  2.94271E+05  9.70312E-04  8.90611E+00
 -2.91896E+00  7.72544E-28  3.40754E+05  1.00038E-03  1.37318E+01
 -2.82538E+00  6.43574E-28  4.21920E+05  1.05266E-03  1.77572E+01
 -2.73180E+00  6.05647E-28  4.61436E+05  1.07278E-03  1.68701E+01
 -2.63822E+00  6.02142E-28  4.86976E+05  1.08741E-03  1.39062E+01
 -2.54464E+00  6.31412E-28  4.93197E+05  1.08574E-03  1.72106E+01
 -2.45106E+00  6.39884E-28  5.03746E+05  1.08948E-03  2.68000E+01
 -2.35748E+00  5.86746E-28  5.41495E+05  1.11664E-03  3.45145E+01
 -2.26390E+00  5.44249E-28  5.61718E+05  1.13647E-03  3.94520E+01
 -2.17032E+00  5.32738E-28  5.50883E+05  1.12958E-03  4.26009E+01
 -2.07674E+00  5.44187E-28  5.23899E+05  1.10401E-03  4.48610E+01
 -1.98316E+00  5.83177E-28  4.84733E+05  1.06625E-03  4.61297E+01
 -1.88958E+00  6.06416E-28  4.71734E+05  1.04866E-03  4.94766E+01
 -1.79600E+00  5.89022E-28  4.98458E+05  1.07310E-03  5.72863E+01
 -1.70242E+00  5.41494E-28  5.57012E+05  1.13123E-03  6.28903E+01
 -1.60884E+00  5.40739E-28  5.77272E+05  1.15216E-03  5.79241E+01
 -1.51526E+00  5.90524E-28  5.49762E+05  1.12478E-03  4.48468E+01
 -1.42168E+00  1.21779E-27  2.73728E+05  9.78259E-04  3.98379E+01
 -1.32810E+00  8.41585E-27  3.85230E+04  7.20342E-04  3.82960E+01
 -1.23452E+00  1.79693E-26  1.56638E+04  6.39217E-04  3.52574E+01
 -1.14094E+00  1.91026E-26  1.44003E+04  6.08009E-04  3.42030E+01
 -1.04736E+00  1.92217E-26  1.45612E+04  6.00776E-04  3.38577E+01
 -9.53779E-01  1.79072E-26  1.47576E+04  6.00051E-04  3.25837E+01
 -8.60199E-01  1.63087E-26  1.47436E+04  6.00004E-04  3.10426E+01
 -7.66619E-01  1.55796E-26  1.46434E+04  6.00001E-04  3.02684E+01
 -6.73039E-01  1.54797E-26  1.45343E+04  6.00000E-04  3.01038E+01
 -5.79459E-01  1.57666E-26  1.44745E+04  6.00000E-04  3.03695E+01
 -4.85880E-01  1.61209E-26  1.44330E+04  6.00000E-04  3.07791E+01
 -3.92300E-01  1.65159E-26  1.43961E+04  6.00000E-04  3.12695E+01
 -2.98720E-01  1.69001E-26  1.43905E+04  6.00000E-04  3.17830E+01
 -2.05140E-01  1.72454E-26  1.44342E+04  6.00000E-04  3.21958E+01
 -1.11560E-01  1.74129E-26  1.45147E+04  6.00000E-04  3.23113E+01
 -1.79803E-02  1.74124E-26  1.45856E+04  6.00000E-04  3.21519E+01
  7.55995E-02  1.73466E-26  1.46279E+04  6.00000E-04  3.18080E+01
  1.69179E-01  1.73775E-26  1.46232E+04  6.00000E-04  3.14967E+01
  2.62759E-01  1.75776E-26  1.45905E+04  6.00000E-04  3.13030E+01
  3.56339E-01  1.81598E-26  1.45358E+04  6.00000E-04  3.11839E+01
  4.49919E-01  1.88919E-26  1.44731E+04  6.00000E-04  3.12012E+01
  5.43499E-01  1.97446E-26  1.44040E+04  6.00000E-04  3.13380E+01
  6.37079E-01  2.04549E-26  1.43455E+04  6.00000E-04  3.16047E+01
  7.30659E-01  2.09294E-26  1.43076E+04  6.00000E-04  3.20054E+01
  8.24238E-01  2.12251E-26  1.42963E+04  6.00000E-04  3.24583E+01
  9.17818E-01  2.14787E-26  1.43152E+04  6.00000E-04  3.28334E+01
  1.01140E+00  2.19242E-26  1.43497E+04  6.00000E-04  3.29334E+01
  1.10498E+00  2.27362E-26  1.43630E+04  6.00000E-04  3.27448E+01
  1.19856E+00  2.35607E-26  1.43315E+04  6.00000E-04  3.25133E+01
  1.29214E+00  2.41137E-26  1.42869E+04  6.00000E-04  3.24463E+01
  1.38572E+00  2.44046E-26  1.42646E+04  6.00000E-04  3.25473E+01
  1.47930E+00  2.47938E-26  1.42523E+04  6.00000E-04  3.27050E+01
  1.57288E+00  2.53214E-26  1.42301E+04  6.00000E-04  3.28856E+01
  1.66646E+00  2.57572E-26  1.42062E+04  6.00000E-04  3.32243E+01
  1.76004E+00  2.61140E-26  1.41807E+04  6.00000E-04  3.36559E+01
  1.85362E+00  2.62037E-26  1.41562E+04  6.00000E-04  3.41356E+01
  1.94720E+00  2.57685E-26  1.41374E+04  6.00000E-04  3.47217E+01
  2.04078E+00  2.47342E-26  1.41492E+04  6.00000E-04  3.53502E+01
  2.13436E+00  2.35053E-26  1.42154E+04  6.00000E-04  3.57742E+01
  2.22794E+00  2.25319E-26  1.43500E+04  6.00000E-04  3.57088E+01
  2.32152E+00  2.24553E-26  1.44648E+04  6.00000E-04  3.49945E+01
  2.41510E+00  2.31053E-26  1.44681E+04  6.00000E-04  3.38920E+01
  2.50868E+00  2.35776E-26  1.43429E+04  6.00000E-04  3.30392E+01
  2.60226E+00  2.31067E-26  1.42581E+04  6.00002E-04  3.29059E+01
  2.69584E+00  2.19690E-26  1.42210E+04  6.00011E-04  3.31763E+01
  2.78942E+00  2.08910E-26  1.42236E+04  6.00048E-04  3.35756E+01
  2.88300E+00  2.00863E-26  1.42400E+04  6.00151E-04  3.40440E+01
  2.97658E+00  1.95186E-26  1.42554E+04  6.00303E-04  3.45998E+01
  3.07015E+00  1.88599E-26  1.43161E+04  6.00664E-04  3.52293E+01
  3.16373E+00  1.87087E-26  1.44863E+04  6.02309E-04  3.53365E+01
  3.25731E+00  1.89643E-26  1.47675E+04  6.14834E-04  3.45077E+01
  3.35089E+00  1.49046E-26  1.78520E+04  6.49966E-04  3.42943E+01
  3.44447E+00  8.98867E-27  2.84037E+04  7.13488E-04  3.42495E+01
  3.53805E+00  9.82348E-27  2.65067E+04  7.15966E-04  3.14511E+01
  3.63163E+00  1.68190E-27  1.48591E+05  8.24098E-04  2.83105E+01
  3.72521E+00  5.15573E-28  4.62986E+05  1.11764E-03  2.12851E+01
  3.81879E+00  6.31463E-28  3.65586E+05  1.04145E-03  2.72545E+01
  3.91237E+00  5.11162E-28  4.09051E+05  1.08324E-03  3.82019E+01
  4.00595E+00  3.44394E-28  5.28203E+05  1.19790E-03  4.68755E+01
  4.09953E+00  3.62111E-28  5.17373E+05  1.17768E-03  3.43986E+01
  4.19311E+00  6.37580E-28  3.20475E+05  1.01032E-03  1.80238E+01
  4.28669E+00  7.83901E-28  2.79151E+05  9.90086E-04  1.01913E+01
  4.38027E+00  4.18756E-28  5.46294E+05  1.22413E-03  8.69000E+00
  4.47385E+00  3.50541E-28  6.72570E+05  1.31527E-03  1.68962E+01
  4.56743E+00  3.81507E-28  6.33550E+05  1.27756E-03  2.86192E+01
  4.66101E+00  4.37001E-28  5.60921E+05  1.21112E-03  4.01911E+01
  4.75459E+00  5.08825E-28  4.90390E+05  1.14843E-03  4.37557E+01
  4.84817E+00  5.06930E-28  5.14250E+05  1.16357E-03  3.81045E+01
  4.94175E+00  3.61486E-28  7.60255E+05  1.40324E-03  2.88849E+01
  5.03533E+00  3.70312E-28  7.76918E+05  1.41174E-03  1.53782E+01
  5.12891E+00  3.74921E-28  7.70099E+05  1.36439E-03  2.26368E-01
  5.22249E+00  2.68255E-28  1.06955E+06  1.65836E-03 -1.31854E+01
  5.31607E+00  2.36898E-28  1.21654E+06  1.83032E-03 -1.54146E+01
  5.40965E+00  2.28527E-28  1.26663E+06  1.87863E-03 -1.45557E+01
  5.50323E+00  2.43197E-28  1.19253E+06  1.79258E-03 -1.17411E+01
  5.59681E+00  2.93901E-28  9.80825E+05  1.57476E-03 -8.65005E+00
  5.69039E+00  3.23323E-28  8.79896E+05  1.47004E-03 -8.96163E+00
  5.78397E+00  3.35014E-28  8.25280E+05  1.42475E-03 -6.37368E+00
  5.87755E+00  3.27300E-28  8.27601E+05  1.42682E-03 -8.35265E+00
  5.97113E+00  3.07197E-28  8.81837E+05  1.47326E-03 -1.36116E+01
  6.06471E+00  2.79133E-28  9.81287E+05  1.57757E-03 -1.98346E+01
  6.15829E+00  2.51717E-28  1.10353E+06  1.70988E-03 -2.33170E+01
  6.25187E+00  2.26389E-28  1.24668E+06  1.86037E-03 -2.38405E+01
  6.34545E+00  2.16034E-28  1.29875E+06  1.91982E-03 -2.24589E+01
  6.43903E+00  2.04925E-28  1.35205E+06  1.97826E-03 -2.21364E+01
  6.53261E+00  2.00790E-28  1.36746E+06  1.99890E-03 -2.21921E+01
  6.62619E+00  2.00939E-28  1.36224E+06  1.99995E-03 -2.17076E+01
  6.71977E+00  2.01366E-28  1.36248E+06  2.00000E-03 -2.06212E+01
  6.81335E+00  2.02278E-28  1.36667E+06  2.00000E-03 -1.91722E+01
  6.90693E+00  2.03309E-28  1.37130E+06  2.00000E-03 -1.74910E+01
  7.00051E+00  2.04010E-28  1.37438E+06  2.00000E-03 -1.61635E+01
  7.09409E+00  2.04485E-28  1.37645E+06  2.00000E-03 -1.52903E+01
  7.18767E+00  2.04524E-28  1.37656E+06  2.00000E-03 -1.44200E+01
  7.28125E+00  2.04075E-28  1.37450E+06  2.00000E-03 -1.40823E+01
  7.37483E+00  2.03035E-28  1.36980E+06  2.00000E-03 -1.39284E+01
  7.46841E+00  2.01624E-28  1.36339E+06  2.00000E-03 -1.40081E+01
  7.56199E+00  2.01314E-28  1.36195E+06  2.00000E-03 -1.37746E+01
  7.65557E+00  2.01150E-28  1.36116E+06  2.00000E-03 -1.34271E+01
  7.74915E+00  2.01282E-28  1.36173E+06  2.00000E-03 -1.30662E+01
  7.84273E+00  2.01780E-28  1.36394E+06  2.00000E-03 -1.23253E+01
  7.93631E+00  2.02685E-28  1.36800E+06  2.00000E-03 -1.13028E+01
  8.02989E+00  2.03872E-28  1.37331E+06  2.00000E-03 -1.02318E+01
  8.12347E+00  2.04822E-28  1.37756E+06  2.00000E-03 -9.49836E+00
  8.21705E+00  2.05689E-28  1.38142E+06  2.00000E-03 -8.84115E+00
  8.31063E+00  2.06735E-28  1.38608E+06  2.00000E-03 -8.01399E+00
  8.40421E+00  2.07625E-28  1.39004E+06  2.00000E-03 -7.37536E+00
  8.49779E+00  2.08202E-28  1.39261E+06  2.00000E-03 -6.92343E+00
  8.59137E+00  2.08490E-28  1.39388E+06  2.00000E-03 -6.72822E+00
  8.68495E+00  2.08545E-28  1.39412E+06  2.00000E-03 -6.71158E+00
  8.77853E+00  2.08075E-28  1.39203E+06  2.00000E-03 -7.09437E+00
  8.87211E+00  2.07775E-28  1.39069E+06  2.00000E-03 -7.35472E+00
  8.96569E+00  2.07522E-28  1.38955E+06  2.00000E-03 -7.60167E+00
  9.05927E+00  2.07247E-28  1.38833E+06  2.00000E-03 -7.85011E+00
  9.15285E+00  2.07086E-28  1.38761E+06  2.00000E-03 -8.01190E+00
  9.24643E+00  2.06982E-28  1.38715E+06  2.00000E-03 -8.12847E+00
  9.34000E+00  2.07039E-28  1.38741E+06  2.00000E-03 -8.10545E+00
  9.43359E+00  2.07358E-28  1.38884E+06  2.00000E-03 -7.87279E+00
  9.52716E+00  2.07853E-28  1.39106E+06  2.00000E-03 -7.43937E+00
  9.62074E+00  2.08359E-28  1.39331E+06  2.00000E-03 -7.00961E+00
  9.71432E+00  2.08838E-28  1.39545E+06  2.00000E-03 -6.60528E+00
  9.80790E+00  2.09414E-28  1.39802E+06  2.00000E-03 -6.10908E+00
  9.90148E+00  2.09978E-28  1.40057E+06  2.00000E-03 -5.68731E+00
  9.99506E+00  2.10580E-28  1.40333E+06  2.00000E-03 -5.18817E+00
  1.00886E+01  2.11150E-28  1.40595E+06  2.00000E-03 -4.73902E+00
  1.01822E+01  2.11713E-28  1.40863E+06  2.00000E-03 -4.33661E+00
  1.02758E+01  2.12157E-28  1.41073E+06  2.00000E-03 -4.04905E+00
  1.03694E+01  2.12817E-28  1.41371E+06  2.00000E-03 -3.63978E+00
  1.04630E+01  2.12857E-28  1.41389E+06  2.00000E-03 -3.58580E+00
  1.05565E+01  2.13615E-28  1.41701E+06  2.00000E-03 -3.09235E+00
  1.06501E+01  2.13761E-28  1.41762E+06  2.00000E-03 -3.00858E+00
  1.07437E+01  2.14130E-28  1.41920E+06  2.00000E-03 -2.82789E+00
  1.08373E+01  2.14313E-28  1.41999E+06  2.00000E-03 -2.74314E+00
  1.09309E+01  2.14389E-28  1.42031E+06  2.00000E-03 -2.72090E+00
  1.10244E+01  2.14641E-28  1.42137E+06  2.00000E-03 -2.63277E+00
  1.11180E+01  2.14649E-28  1.42140E+06  2.00000E-03 -2.57805E+00
  1.12116E+01  2.14629E-28  1.42128E+06  2.00000E-03 -2.66445E+00
  1.13052E+01  2.14581E-28  1.42107E+06  2.00000E-03 -2.65777E+00
  1.13988E+01  2.14232E-28  1.41950E+06  2.00000E-03 -2.91069E+00
  1.14923E+01  2.14173E-28  1.41923E+06  2.00000E-03 -2.96778E+00
  1.15859E+01  2.13669E-28  1.41698E+06  2.00000E-03 -3.26106E+00
  1.16795E+01  2.13562E-28  1.41650E+06  2.00000E-03 -3.35326E+00
  1.17731E+01  2.13440E-28  1.41595E+06  2.00000E-03 -3.44806E+00
  1.18667E+01  2.13261E-28  1.41515E+06  2.00000E-03 -3.58708E+00
  1.19602E+01  2.13420E-28  1.41584E+06  2.00000E-03 -3.46064E+00
  1.20538E+01  2.13560E-28  1.41645E+06  2.00000E-03 -3.33919E+00
  1.21474E+01  2.13582E-28  1.41654E+06  2.00000E-03 -3.22842E+00
  1.22410E+01  2.13788E-28  1.41744E+06  2.00000E-03 -3.07608E+00
  1.23346E+01  2.13790E-28  1.41744E+06  2.00000E-03 -3.01901E+00
  1.24281E+01  2.13839E-28  1.41765E+06  2.00000E-03 -2.96120E+00
  1.25217E+01  2.13745E-28  1.41722E+06  2.00000E-03 -3.01267E+00
  1.26153E+01  2.13369E-28  1.41556E+06  2.00000E-03 -3.21463E+00
  1.27089E+01  2.12965E-28  1.41376E+06  2.00000E-03 -3.47670E+00
  1.28025E+01  2.12732E-28  1.41272E+06  2.00000E-03 -3.64979E+00
  1.28960E+01  2.12106E-28  1.40994E+06  2.00000E-03 -4.11037E+00
  1.29896E+01  2.11973E-28  1.40934E+06  2.00000E-03 -4.20739E+00
  1.30832E+01  2.11551E-28  1.40746E+06  2.00000E-03 -4.52118E+00
  1.31768E+01  2.11504E-28  1.40725E+06  2.00000E-03 -4.55382E+00
  1.32704E+01  2.11365E-28  1.40662E+06  2.00000E-03 -4.66244E+00
  1.33639E+01  2.11332E-28  1.40647E+06  2.00000E-03 -4.68805E+00
  1.34575E+01  2.11313E-28  1.40638E+06  2.00000E-03 -4.71029E+00
  1.35511E+01  2.11320E-28  1.40641E+06  2.00000E-03 -4.71807E+00
  1.36447E+01  2.11333E-28  1.40646E+06  2.00000E-03 -4.71789E+00
  1.37383E+01  2.11420E-28  1.40684E+06  2.00000E-03 -4.68633E+00
  1.38318E+01  2.11446E-28  1.40696E+06  2.00000E-03 -4.67235E+00
  1.39254E+01  2.11477E-28  1.40708E+06  2.00000E-03 -4.70841E+00
  1.40190E+01  2.11481E-28  1.40710E+06  2.00000E-03 -4.71227E+00
  1.41126E+01  2.11502E-28  1.40719E+06  2.00000E-03 -4.74755E+00
  1.42062E+01  2.11485E-28  1.40711E+06  2.00000E-03 -4.78167E+00
  1.42997E+01  2.11518E-28  1.40726E+06  2.00000E-03 -4.80200E+00
  1.43933E+01  2.11523E-28  1.40727E+06  2.00000E-03 -4.83421E+00
  1.44869E+01  2.11570E-28  1.40748E+06  2.00000E-03 -4.82342E+00
  1.45805E+01  2.11642E-28  1.40780E+06  2.00000E-03 -4.80225E+00
  1.46741E+01  2.11683E-28  1.40798E+06  2.00000E-03 -4.78987E+00
  1.47676E+01  2.11905E-28  1.40896E+06  2.00000E-03 -4.67138E+00
  1.48612E+01  2.11947E-28  1.40914E+06  2.00000E-03 -4.65020E+00
  1.49548E+01  2.12207E-28  1.41029E+06  2.00000E-03 -4.47847E+00
  1.50484E+01  2.12334E-28  1.41085E+06  2.00000E-03 -4.39689E+00
  1.51420E+01  2.12630E-28  1.41217E+06  2.00000E-03 -4.19088E+00
  1.52355E+01  2.12908E-28  1.41340E+06  2.00000E-03 -3.99189E+00
  1.53291E+01  2.13067E-28  1.41412E+06  2.00000E-03 -3.87376E+00
  1.54227E+01  2.13707E-28  1.41699E+06  2.00000E-03 -3.45089E+00
  1.55163E+01  2.13887E-28  1.41779E+06  2.00000E-03 -3.32871E+00
  1.56099E+01  2.14858E-28  1.42215E+06  2.00000E-03 -2.64414E+00
  1.57034E+01  2.15211E-28  1.42371E+06  2.00000E-03 -2.40746E+00
  1.57970E+01  2.15662E-28  1.42570E+06  2.00000E-03 -2.12214E+00
  1.58906E+01  2.15662E-28  1.42570E+06  2.00000E-03 -2.12214E+00
  1.59842E+01  2.16147E-28  1.42778E+06  2.00000E-03 -1.83390E+00
  1.60778E+01  2.16387E-28  1.42881E+06  2.00000E-03 -1.69161E+00
  1.61713E+01  2.16387E-28  1.42881E+06  2.00000E-03 -1.69161E+00
  1.62649E+01  2.16387E-28  1.42881E+06  2.00000E-03 -1.69161E+00
  1.63585E+01  2.16405E-28  1.42889E+06  2.00000E-03 -1.68351E+00
  1.64521E+01  2.16653E-28  1.42996E+06  2.00000E-03 -1.56602E+00
  1.65457E+01  2.16666E-28  1.43002E+06  2.00000E-03 -1.55503E+00
  1.66392E+01  2.16691E-28  1.43012E+06  2.00000E-03 -1.53561E+00
  1.67328E+01  2.16691E-28  1.43012E+06  2.00000E-03 -1.53561E+00
  1.68264E+01  2.16686E-28  1.43009E+06  2.00000E-03 -1.54031E+00
  1.69200E+01  2.16683E-28  1.43008E+06  2.00000E-03 -1.54319E+00
  1.70136E+01  2.16683E-28  1.43007E+06  2.00000E-03 -1.54319E+00
  1.71071E+01  2.16683E-28  1.43007E+06  2.00000E-03 -1.54319E+00
  1.72007E+01  2.16657E-28  1.42996E+06  2.00000E-03 -1.55525E+00
  1.72943E+01  2.16565E-28  1.42955E+06  2.00000E-03 -1.58588E+00
  1.73879E+01  2.16592E-28  1.42967E+06  2.00000E-03 -1.55900E+00
  1.74815E+01  2.16575E-28  1.42959E+06  2.00000E-03 -1.56752E+00
  1.75750E+01  2.16566E-28  1.42955E+06  2.00000E-03 -1.56936E+00
  1.76686E+01  2.16493E-28  1.42923E+06  2.00000E-03 -1.58576E+00
  1.77622E+01  2.16470E-28  1.42912E+06  2.00000E-03 -1.58305E+00
  1.78558E+01  2.16461E-28  1.42908E+06  2.00000E-03 -1.59179E+00
  1.79494E+01  2.16462E-28  1.42909E+06  2.00000E-03 -1.59070E+00
  1.80429E+01  2.16462E-28  1.42908E+06  2.00000E-03 -1.58901E+00
  1.81365E+01  2.16495E-28  1.42923E+06  2.00000E-03 -1.54989E+00
  1.82301E+01  2.16528E-28  1.42937E+06  2.00000E-03 -1.53170E+00
  1.83237E+01  2.16544E-28  1.42944E+06  2.00000E-03 -1.52313E+00
  1.84173E+01  2.16563E-28  1.42953E+06  2.00000E-03 -1.51273E+00
  1.85108E+01  2.16571E-28  1.42956E+06  2.00000E-03 -1.53718E+00
  1.86044E+01  2.16564E-28  1.42953E+06  2.00000E-03 -1.55746E+00
  1.86980E+01  2.16564E-28  1.42953E+06  2.00000E-03 -1.55746E+00
  1.87916E+01  2.16564E-28  1.42953E+06  2.00000E-03 -1.55746E+00
  1.88852E+01  2.16575E-28  1.42958E+06  2.00000E-03 -1.57049E+00
  1.89787E+01  2.16602E-28  1.42969E+06  2.00000E-03 -1.60089E+00
  1.90723E+01  2.16602E-28  1.42969E+06  2.00000E-03 -1.60089E+00
  1.91659E+01  2.16581E-28  1.42960E+06  2.00000E-03 -1.62683E+00
  1.92595E+01  2.16568E-28  1.42955E+06  2.00000E-03 -1.64173E+00
  1.93531E+01  2.16520E-28  1.42933E+06  2.00000E-03 -1.74559E+00
  1.94466E+01  2.16514E-28  1.42931E+06  2.00000E-03 -1.76676E+00
  1.95402E+01  2.16554E-28  1.42948E+06  2.00000E-03 -1.75314E+00
  1.96338E+01  2.16597E-28  1.42967E+06  2.00000E-03 -1.73827E+00
  1.97274E+01  2.16620E-28  1.42977E+06  2.00000E-03 -1.74703E+00
  1.98209E+01  2.16457E-28  1.42905E+06  2.00000E-03 -1.90464E+00
  1.99145E+01  2.16463E-28  1.42908E+06  2.00000E-03 -1.90673E+00
  2.00081E+01  2.16444E-28  1.42900E+06  2.00000E-03 -1.93341E+00
  2.01017E+01  2.16397E-28  1.42879E+06  2.00000E-03 -1.99271E+00
  2.01953E+01  2.16331E-28  1.42849E+06  2.00000E-03 -2.07487E+00
  2.02888E+01  2.16302E-28  1.42836E+06  2.00000E-03 -2.09927E+00
  2.03824E+01  2.16302E-28  1.42836E+06  2.00000E-03 -2.09927E+00
  2.04760E+01  2.16302E-28  1.42836E+06  2.00000E-03 -2.09927E+00
  2.05696E+01  2.16355E-28  1.42860E+06  2.00000E-03 -2.08389E+00
  2.06632E+01  2.16480E-28  1.42915E+06  2.00000E-03 -2.04751E+00
  2.07567E+01  2.16480E-28  1.42915E+06  2.00000E-03 -2.04751E+00
  2.08503E+01  2.16480E-28  1.42915E+06  2.00000E-03 -2.04751E+00
  2.09439E+01  2.16578E-28  1.42959E+06  2.00000E-03 -1.96589E+00
  2.10375E+01  2.17508E-28  1.43373E+06  2.00000E-03 -1.25215E+00
  2.11311E+01  2.17695E-28  1.43456E+06  2.00000E-03 -1.11325E+00
  2.12246E+01  2.17695E-28  1.43456E+06  2.00000E-03 -1.11325E+00
  2.13182E+01  2.17695E-28  1.43456E+06  2.00000E-03 -1.11325E+00
  2.14118E+01  2.17695E-28  1.43456E+06  2.00000E-03 -1.11325E+00
  2.15054E+01  2.17695E-28  1.43456E+06  2.00000E-03 -1.11325E+00
  2.15990E+01  2.17695E-28  1.43456E+06  2.00000E-03 -1.11325E+00
  2.16925E+01  2.17695E-28  1.43456E+06  2.00000E-03 -1.11325E+00
  2.17861E+01  2.17706E-28  1.43461E+06  2.00000E-03 -1.10544E+00
  2.18797E+01  2.18546E-28  1.43826E+06  2.00000E-03 -5.36476E-01
  2.19733E+01  2.18674E-28  1.43881E+06  2.00000E-03 -4.49158E-01
  2.20669E+01  2.18768E-28  1.43923E+06  2.00000E-03 -3.82655E-01
  2.21604E+01  2.18771E-28  1.43924E+06  2.00000E-03 -3.80575E-01
  2.22540E+01  2.18771E-28  1.43924E+06  2.00000E-03 -3.80575E-01
  2.23476E+01  2.18771E-28  1.43924E+06  2.00000E-03 -3.80575E-01
  2.24412E+01  2.18771E-28  1.43924E+06  2.00000E-03 -3.80575E-01
  2.25348E+01  2.18771E-28  1.43924E+06  2.00000E-03 -3.80575E-01
  2.26283E+01  2.18763E-28  1.43920E+06  2.00000E-03 -3.88335E-01
  2.27219E+01  2.18688E-28  1.43886E+06  2.00000E-03 -4.59703E-01
  2.28155E+01  2.18682E-28  1.43883E+06  2.00000E-03 -4.65612E-01
  2.29091E+01  2.18682E-28  1.43883E+06  2.00000E-03 -4.65612E-01
  2.30027E+01  2.18682E-28  1.43883E+06  2.00000E-03 -4.65612E-01
  2.30962E+01  2.18682E-28  1.43883E+06  2.00000E-03 -4.65612E-01
  2.31898E+01  2.18682E-28  1.43883E+06  2.00000E-03 -4.65612E-01
  2.32834E+01  2.18682E-28  1.43883E+06  2.00000E-03 -4.65612E-01
  2.33770E+01  2.18682E-28  1.43883E+06  2.00000E-03 -4.65612E-01
  2.34706E+01  2.18602E-28  1.43848E+06  2.00000E-03 -5.21430E-01
  2.35641E+01  2.18137E-28  1.43643E+06  2.00000E-03 -8.46182E-01
  2.36577E+01  2.17986E-28  1.43577E+06  2.00000E-03 -9.50962E-01
  2.37513E+01  2.17878E-28  1.43529E+06  2.00000E-03 -1.02463E+00
  2.38449E+01  2.17514E-28  1.43369E+06  2.00000E-03 -1.28896E+00
  2.39385E+01  2.17406E-28  1.43322E+06  2.00000E-03 -1.37034E+00
  2.40320E+01  2.17261E-28  1.43258E+06  2.00000E-03 -1.48039E+00
  2.41256E+01  2.17190E-28  1.43227E+06  2.00000E-03 -1.53424E+00
  2.42192E+01  2.17208E-28  1.43235E+06  2.00000E-03 -1.52090E+00
  2.43128E+01  2.17045E-28  1.43163E+06  2.00000E-03 -1.64008E+00
  2.44064E+01  2.16435E-28  1.42894E+06  2.00000E-03 -2.02500E+00
  2.44999E+01  2.16391E-28  1.42874E+06  2.00000E-03 -2.04961E+00
  2.45935E+01  2.16391E-28  1.42874E+06  2.00000E-03 -2.04961E+00
  2.46871E+01  2.16391E-28  1.42874E+06  2.00000E-03 -2.04961E+00
  2.47807E+01  2.16391E-28  1.42874E+06  2.00000E-03 -2.04961E+00
  2.48743E+01  2.16391E-28  1.42874E+06  2.00000E-03 -2.04961E+00
  2.49678E+01  2.16391E-28  1.42874E+06  2.00000E-03 -2.04961E+00
  2.50614E+01  2.16391E-28  1.42874E+06  2.00000E-03 -2.04961E+00
  2.51550E+01  2.16386E-28  1.42872E+06  2.00000E-03 -2.04912E+00
  2.52486E+01  2.16302E-28  1.42835E+06  2.00000E-03 -2.04159E+00
  2.53422E+01  2.16298E-28  1.42833E+06  2.00000E-03 -2.04129E+00
  2.54357E+01  2.16294E-28  1.42831E+06  2.00000E-03 -2.04083E+00
  2.55293E+01  2.16288E-28  1.42829E+06  2.00000E-03 -2.04032E+00
  2.56229E+01  2.16277E-28  1.42824E+06  2.00000E-03 -2.03914E+00
  2.57165E+01  2.16273E-28  1.42822E+06  2.00000E-03 -2.03881E+00
  2.58101E+01  2.16273E-28  1.42822E+06  2.00000E-03 -2.03881E+00
  2.59036E+01  2.16273E-28  1.42822E+06  2.00000E-03 -2.03881E+00
  2.59972E+01  2.16316E-28  1.42841E+06  2.00000E-03 -2.00236E+00
  2.60908E+01  2.16571E-28  1.42953E+06  2.00000E-03 -1.78357E+00
  2.61844E+01  2.16608E-28  1.42969E+06  2.00000E-03 -1.75125E+00
  2.62780E+01  2.16608E-28  1.42969E+06  2.00000E-03 -1.75125E+00
  2.63715E+01  2.16608E-28  1.42969E+06  2.00000E-03 -1.75125E+00
  2.64651E+01  2.16608E-28  1.42969E+06  2.00000E-03 -1.75125E+00
  2.65587E+01  2.16608E-28  1.42969E+06  2.00000E-03 -1.75125E+00
  2.66523E+01  2.16608E-28  1.42969E+06  2.00000E-03 -1.75125E+00
  2.67459E+01  2.16608E-28  1.42969E+06  2.00000E-03 -1.75125E+00
  2.68394E+01  2.16679E-28  1.43001E+06  2.00000E-03 -1.69486E+00
