 -2.38863E+01  2.16799E-28  1.43068E+06  2.00000E-03  9.72037E+00
 -2.38395E+01  2.16799E-28  1.43068E+06  2.00000E-03  9.72037E+00
 -2.37927E+01  2.16799E-28  1.43068E+06  2.00000E-03  9.72037E+00
 -2.37459E+01  2.16799E-28  1.43068E+06  2.00000E-03  9.72037E+00
 -2.36991E+01  2.16799E-28  1.43068E+06  2.00000E-03  9.72037E+00
 -2.36523E+01  2.16799E-28  1.43068E+06  2.00000E-03  9.72037E+00
 -2.36055E+01  2.16799E-28  1.43068E+06  2.00000E-03  9.72037E+00
 -2.35587E+01  2.16799E-28  1.43068E+06  2.00000E-03  9.72037E+00
 -2.35119E+01  2.16799E-28  1.43068E+06  2.00000E-03  9.72037E+00
 -2.34651E+01  2.16799E-28  1.43068E+06  2.00000E-03  9.72037E+00
 -2.34184E+01  2.16799E-28  1.43068E+06  2.00000E-03  9.72037E+00
 -2.33716E+01  2.16799E-28  1.43068E+06  2.00000E-03  9.72037E+00
 -2.33248E+01  2.16799E-28  1.43068E+06  2.00000E-03  9.72037E+00
 -2.32780E+01  2.16799E-28  1.43068E+06  2.00000E-03  9.72037E+00
 -2.32312E+01  2.16799E-28  1.43068E+06  2.00000E-03  9.72037E+00
 -2.31844E+01  2.16581E-28  1.42973E+06  2.00000E-03  9.89468E+00
 -2.31376E+01  2.16364E-28  1.42878E+06  2.00000E-03  1.00693E+01
 -2.30908E+01  2.16364E-28  1.42878E+06  2.00000E-03  1.00693E+01
 -2.30440E+01  2.16364E-28  1.42878E+06  2.00000E-03  1.00693E+01
 -2.29972E+01  2.16364E-28  1.42878E+06  2.00000E-03  1.00693E+01
 -2.29505E+01  2.16364E-28  1.42878E+06  2.00000E-03  1.00693E+01
 -2.29037E+01  2.16364E-28  1.42878E+06  2.00000E-03  1.00693E+01
 -2.28569E+01  2.16364E-28  1.42878E+06  2.00000E-03  1.00693E+01
 -2.28101E+01  2.16364E-28  1.42878E+06  2.00000E-03  1.00693E+01
 -2.27633E+01  2.16364E-28  1.42878E+06  2.00000E-03  1.00693E+01
 -2.27165E+01  2.16364E-28  1.42878E+06  2.00000E-03  1.00693E+01
 -2.26697E+01  2.16364E-28  1.42878E+06  2.00000E-03  1.00693E+01
 -2.26229E+01  2.16364E-28  1.42878E+06  2.00000E-03  1.00693E+01
 -2.25761E+01  2.16364E-28  1.42878E+06  2.00000E-03  1.00693E+01
 -2.25294E+01  2.16364E-28  1.42878E+06  2.00000E-03  1.00693E+01
 -2.24826E+01  2.16364E-28  1.42878E+06  2.00000E-03  1.00693E+01
 -2.24358E+01  2.16089E-28  1.42758E+06  2.00000E-03  1.02890E+01
 -2.23890E+01  2.15815E-28  1.42638E+06  2.00000E-03  1.05092E+01
 -2.23422E+01  2.15815E-28  1.42638E+06  2.00000E-03  1.05092E+01
 -2.22954E+01  2.15815E-28  1.42638E+06  2.00000E-03  1.05092E+01
 -2.22486E+01  2.15815E-28  1.42638E+06  2.00000E-03  1.05092E+01
 -2.22018E+01  2.15815E-28  1.42638E+06  2.00000E-03  1.05092E+01
 -2.21550E+01  2.15815E-28  1.42638E+06  2.00000E-03  1.05092E+01
 -2.21082E+01  2.15815E-28  1.42638E+06  2.00000E-03  1.05092E+01
 -2.20615E+01  2.15815E-28  1.42638E+06  2.00000E-03  1.05092E+01
 -2.20147E+01  2.15815E-28  1.42638E+06  2.00000E-03  1.05092E+01
 -2.19679E+01  2.15815E-28  1.42638E+06  2.00000E-03  1.05092E+01
 -2.19211E+01  2.15815E-28  1.42638E+06  2.00000E-03  1.05092E+01
 -2.18743E+01  2.15815E-28  1.42638E+06  2.00000E-03  1.05092E+01
 -2.18275E+01  2.15815E-28  1.42638E+06  2.00000E-03  1.05092E+01
 -2.17807E+01  2.15815E-28  1.42638E+06  2.00000E-03  1.05092E+01
 -2.17339E+01  2.15815E-28  1.42638E+06  2.00000E-03  1.05092E+01
 -2.16871E+01  2.15565E-28  1.42529E+06  2.00000E-03  1.07030E+01
 -2.16403E+01  2.15315E-28  1.42419E+06  2.00000E-03  1.08972E+01
 -2.15936E+01  2.15315E-28  1.42419E+06  2.00000E-03  1.08972E+01
 -2.15468E+01  2.15315E-28  1.42419E+06  2.00000E-03  1.08972E+01
 -2.15000E+01  2.15315E-28  1.42419E+06  2.00000E-03  1.08972E+01
 -2.14532E+01  2.15315E-28  1.42419E+06  2.00000E-03  1.08972E+01
 -2.14064E+01  2.15315E-28  1.42419E+06  2.00000E-03  1.08972E+01
 -2.13596E+01  2.15315E-28  1.42419E+06  2.00000E-03  1.08972E+01
 -2.13128E+01  2.15315E-28  1.42419E+06  2.00000E-03  1.08972E+01
 -2.12660E+01  2.15315E-28  1.42419E+06  2.00000E-03  1.08972E+01
 -2.12192E+01  2.15315E-28  1.42419E+06  2.00000E-03  1.08972E+01
 -2.11724E+01  2.15315E-28  1.42419E+06  2.00000E-03  1.08972E+01
 -2.11257E+01  2.15315E-28  1.42419E+06  2.00000E-03  1.08972E+01
 -2.10789E+01  2.15315E-28  1.42419E+06  2.00000E-03  1.08972E+01
 -2.10321E+01  2.15315E-28  1.42419E+06  2.00000E-03  1.08972E+01
 -2.09853E+01  2.15315E-28  1.42419E+06  2.00000E-03  1.08972E+01
 -2.09385E+01  2.15143E-28  1.42345E+06  2.00000E-03  1.10120E+01
 -2.08917E+01  2.14972E-28  1.42270E+06  2.00000E-03  1.11270E+01
 -2.08449E+01  2.14972E-28  1.42270E+06  2.00000E-03  1.11270E+01
 -2.07981E+01  2.14972E-28  1.42270E+06  2.00000E-03  1.11270E+01
 -2.07513E+01  2.14972E-28  1.42270E+06  2.00000E-03  1.11270E+01
 -2.07045E+01  2.14972E-28  1.42270E+06  2.00000E-03  1.11270E+01
 -2.06578E+01  2.14972E-28  1.42270E+06  2.00000E-03  1.11270E+01
 -2.06110E+01  2.14972E-28  1.42270E+06  2.00000E-03  1.11270E+01
 -2.05642E+01  2.14972E-28  1.42270E+06  2.00000E-03  1.11270E+01
 -2.05174E+01  2.14972E-28  1.42270E+06  2.00000E-03  1.11270E+01
 -2.04706E+01  2.14972E-28  1.42270E+06  2.00000E-03  1.11270E+01
 -2.04238E+01  2.14972E-28  1.42270E+06  2.00000E-03  1.11270E+01
 -2.03770E+01  2.14972E-28  1.42270E+06  2.00000E-03  1.11270E+01
 -2.03302E+01  2.14972E-28  1.42270E+06  2.00000E-03  1.11270E+01
 -2.02834E+01  2.14972E-28  1.42270E+06  2.00000E-03  1.11270E+01
 -2.02366E+01  2.14972E-28  1.42270E+06  2.00000E-03  1.11270E+01
 -2.01899E+01  2.14871E-28  1.42226E+06  2.00000E-03  1.11731E+01
 -2.01431E+01  2.14769E-28  1.42182E+06  2.00000E-03  1.12192E+01
 -2.00963E+01  2.14769E-28  1.42182E+06  2.00000E-03  1.12192E+01
 -2.00495E+01  2.14769E-28  1.42182E+06  2.00000E-03  1.12192E+01
 -2.00027E+01  2.14769E-28  1.42182E+06  2.00000E-03  1.12192E+01
 -1.99559E+01  2.14769E-28  1.42182E+06  2.00000E-03  1.12192E+01
 -1.99091E+01  2.14769E-28  1.42182E+06  2.00000E-03  1.12192E+01
 -1.98623E+01  2.14769E-28  1.42182E+06  2.00000E-03  1.12192E+01
 -1.98155E+01  2.14769E-28  1.42182E+06  2.00000E-03  1.12192E+01
 -1.97687E+01  2.14769E-28  1.42182E+06  2.00000E-03  1.12192E+01
 -1.97220E+01  2.14769E-28  1.42182E+06  2.00000E-03  1.12192E+01
 -1.96752E+01  2.14769E-28  1.42182E+06  2.00000E-03  1.12192E+01
 -1.96284E+01  2.14769E-28  1.42182E+06  2.00000E-03  1.12192E+01
 -1.95816E+01  2.14769E-28  1.42182E+06  2.00000E-03  1.12192E+01
 -1.95348E+01  2.14769E-28  1.42182E+06  2.00000E-03  1.12192E+01
 -1.94880E+01  2.14769E-28  1.42182E+06  2.00000E-03  1.12192E+01
 -1.94412E+01  2.14687E-28  1.42148E+06  2.00000E-03  1.12183E+01
 -1.93944E+01  2.14606E-28  1.42114E+06  2.00000E-03  1.12174E+01
 -1.93476E+01  2.14606E-28  1.42114E+06  2.00000E-03  1.12174E+01
 -1.93008E+01  2.14606E-28  1.42114E+06  2.00000E-03  1.12174E+01
 -1.92541E+01  2.14606E-28  1.42114E+06  2.00000E-03  1.12174E+01
 -1.92073E+01  2.14606E-28  1.42114E+06  2.00000E-03  1.12174E+01
 -1.91605E+01  2.14606E-28  1.42114E+06  2.00000E-03  1.12174E+01
 -1.91137E+01  2.14606E-28  1.42114E+06  2.00000E-03  1.12174E+01
 -1.90669E+01  2.14606E-28  1.42114E+06  2.00000E-03  1.12174E+01
 -1.90201E+01  2.14606E-28  1.42114E+06  2.00000E-03  1.12174E+01
 -1.89733E+01  2.14606E-28  1.42114E+06  2.00000E-03  1.12174E+01
 -1.89265E+01  2.14606E-28  1.42114E+06  2.00000E-03  1.12174E+01
 -1.88797E+01  2.14606E-28  1.42114E+06  2.00000E-03  1.12174E+01
 -1.88329E+01  2.14606E-28  1.42114E+06  2.00000E-03  1.12174E+01
 -1.87862E+01  2.14606E-28  1.42114E+06  2.00000E-03  1.12174E+01
 -1.87394E+01  2.14606E-28  1.42114E+06  2.00000E-03  1.12174E+01
 -1.86926E+01  2.14473E-28  1.42056E+06  2.00000E-03  1.12525E+01
 -1.86458E+01  2.14340E-28  1.41998E+06  2.00000E-03  1.12877E+01
 -1.85990E+01  2.14340E-28  1.41998E+06  2.00000E-03  1.12877E+01
 -1.85522E+01  2.14340E-28  1.41998E+06  2.00000E-03  1.12877E+01
 -1.85054E+01  2.14340E-28  1.41998E+06  2.00000E-03  1.12877E+01
 -1.84586E+01  2.14340E-28  1.41998E+06  2.00000E-03  1.12877E+01
 -1.84118E+01  2.14340E-28  1.41998E+06  2.00000E-03  1.12877E+01
 -1.83650E+01  2.14340E-28  1.41998E+06  2.00000E-03  1.12877E+01
 -1.83183E+01  2.14293E-28  1.41978E+06  2.00000E-03  1.12736E+01
 -1.82715E+01  2.14246E-28  1.41959E+06  2.00000E-03  1.12594E+01
 -1.82247E+01  2.14246E-28  1.41959E+06  2.00000E-03  1.12594E+01
 -1.81779E+01  2.14246E-28  1.41959E+06  2.00000E-03  1.12594E+01
 -1.81311E+01  2.14246E-28  1.41959E+06  2.00000E-03  1.12594E+01
 -1.80843E+01  2.14246E-28  1.41959E+06  2.00000E-03  1.12594E+01
 -1.80375E+01  2.14246E-28  1.41959E+06  2.00000E-03  1.12594E+01
 -1.79907E+01  2.14246E-28  1.41959E+06  2.00000E-03  1.12594E+01
 -1.79439E+01  2.14180E-28  1.41931E+06  2.00000E-03  1.12584E+01
 -1.78971E+01  2.14114E-28  1.41903E+06  2.00000E-03  1.12573E+01
 -1.78504E+01  2.14114E-28  1.41903E+06  2.00000E-03  1.12573E+01
 -1.78036E+01  2.14114E-28  1.41903E+06  2.00000E-03  1.12573E+01
 -1.77568E+01  2.14114E-28  1.41903E+06  2.00000E-03  1.12573E+01
 -1.77100E+01  2.14114E-28  1.41903E+06  2.00000E-03  1.12573E+01
 -1.76632E+01  2.14114E-28  1.41903E+06  2.00000E-03  1.12573E+01
 -1.76164E+01  2.14114E-28  1.41903E+06  2.00000E-03  1.12573E+01
 -1.75696E+01  2.14038E-28  1.41870E+06  2.00000E-03  1.12657E+01
 -1.75228E+01  2.13962E-28  1.41837E+06  2.00000E-03  1.12741E+01
 -1.74760E+01  2.13962E-28  1.41837E+06  2.00000E-03  1.12741E+01
 -1.74292E+01  2.13962E-28  1.41837E+06  2.00000E-03  1.12741E+01
 -1.73825E+01  2.13962E-28  1.41837E+06  2.00000E-03  1.12741E+01
 -1.73357E+01  2.13962E-28  1.41837E+06  2.00000E-03  1.12741E+01
 -1.72889E+01  2.13962E-28  1.41837E+06  2.00000E-03  1.12741E+01
 -1.72421E+01  2.13962E-28  1.41837E+06  2.00000E-03  1.12741E+01
 -1.71953E+01  2.13897E-28  1.41810E+06  2.00000E-03  1.12797E+01
 -1.71485E+01  2.13831E-28  1.41782E+06  2.00000E-03  1.12853E+01
 -1.71017E+01  2.13831E-28  1.41782E+06  2.00000E-03  1.12853E+01
 -1.70549E+01  2.13831E-28  1.41782E+06  2.00000E-03  1.12853E+01
 -1.70081E+01  2.13831E-28  1.41782E+06  2.00000E-03  1.12853E+01
 -1.69613E+01  2.13831E-28  1.41782E+06  2.00000E-03  1.12853E+01
 -1.69146E+01  2.13831E-28  1.41782E+06  2.00000E-03  1.12853E+01
 -1.68678E+01  2.13831E-28  1.41782E+06  2.00000E-03  1.12853E+01
 -1.68210E+01  2.13801E-28  1.41769E+06  2.00000E-03  1.12749E+01
 -1.67742E+01  2.13770E-28  1.41756E+06  2.00000E-03  1.12645E+01
 -1.67274E+01  2.13770E-28  1.41756E+06  2.00000E-03  1.12645E+01
 -1.66806E+01  2.13770E-28  1.41756E+06  2.00000E-03  1.12645E+01
 -1.66338E+01  2.13770E-28  1.41756E+06  2.00000E-03  1.12645E+01
 -1.65870E+01  2.13770E-28  1.41756E+06  2.00000E-03  1.12645E+01
 -1.65402E+01  2.13770E-28  1.41756E+06  2.00000E-03  1.12645E+01
 -1.64935E+01  2.13770E-28  1.41756E+06  2.00000E-03  1.12645E+01
 -1.64467E+01  2.13784E-28  1.41763E+06  2.00000E-03  1.12361E+01
 -1.63999E+01  2.13798E-28  1.41771E+06  2.00000E-03  1.12077E+01
 -1.63531E+01  2.13798E-28  1.41771E+06  2.00000E-03  1.12077E+01
 -1.63063E+01  2.13798E-28  1.41771E+06  2.00000E-03  1.12077E+01
 -1.62595E+01  2.13798E-28  1.41771E+06  2.00000E-03  1.12077E+01
 -1.62127E+01  2.13798E-28  1.41771E+06  2.00000E-03  1.12077E+01
 -1.61659E+01  2.13798E-28  1.41771E+06  2.00000E-03  1.12077E+01
 -1.61191E+01  2.13798E-28  1.41771E+06  2.00000E-03  1.12077E+01
 -1.60723E+01  2.13849E-28  1.41794E+06  2.00000E-03  1.11745E+01
 -1.60256E+01  2.13900E-28  1.41818E+06  2.00000E-03  1.11414E+01
 -1.59788E+01  2.13900E-28  1.41818E+06  2.00000E-03  1.11414E+01
 -1.59320E+01  2.13900E-28  1.41818E+06  2.00000E-03  1.11414E+01
 -1.58852E+01  2.13900E-28  1.41818E+06  2.00000E-03  1.11414E+01
 -1.58384E+01  2.13900E-28  1.41818E+06  2.00000E-03  1.11414E+01
 -1.57916E+01  2.13900E-28  1.41818E+06  2.00000E-03  1.11414E+01
 -1.57448E+01  2.13900E-28  1.41818E+06  2.00000E-03  1.11414E+01
 -1.56980E+01  2.13964E-28  1.41847E+06  2.00000E-03  1.11271E+01
 -1.56512E+01  2.14027E-28  1.41876E+06  2.00000E-03  1.11128E+01
 -1.56044E+01  2.14027E-28  1.41876E+06  2.00000E-03  1.11128E+01
 -1.55577E+01  2.14027E-28  1.41876E+06  2.00000E-03  1.11128E+01
 -1.55109E+01  2.14027E-28  1.41876E+06  2.00000E-03  1.11128E+01
 -1.54641E+01  2.14027E-28  1.41876E+06  2.00000E-03  1.11128E+01
 -1.54173E+01  2.14027E-28  1.41876E+06  2.00000E-03  1.11128E+01
 -1.53705E+01  2.14027E-28  1.41876E+06  2.00000E-03  1.11128E+01
 -1.53237E+01  2.14072E-28  1.41898E+06  2.00000E-03  1.11470E+01
 -1.52769E+01  2.14118E-28  1.41919E+06  2.00000E-03  1.11812E+01
 -1.52301E+01  2.14118E-28  1.41919E+06  2.00000E-03  1.11812E+01
 -1.51833E+01  2.14118E-28  1.41919E+06  2.00000E-03  1.11812E+01
 -1.51365E+01  2.14118E-28  1.41919E+06  2.00000E-03  1.11812E+01
 -1.50898E+01  2.14118E-28  1.41919E+06  2.00000E-03  1.11812E+01
 -1.50430E+01  2.14118E-28  1.41919E+06  2.00000E-03  1.11812E+01
 -1.49962E+01  2.14118E-28  1.41919E+06  2.00000E-03  1.11812E+01
 -1.49494E+01  2.14108E-28  1.41916E+06  2.00000E-03  1.13001E+01
 -1.49026E+01  2.14098E-28  1.41913E+06  2.00000E-03  1.14190E+01
 -1.48558E+01  2.14098E-28  1.41913E+06  2.00000E-03  1.14190E+01
 -1.48090E+01  2.14098E-28  1.41913E+06  2.00000E-03  1.14190E+01
 -1.47622E+01  2.14098E-28  1.41913E+06  2.00000E-03  1.14190E+01
 -1.47154E+01  2.14098E-28  1.41913E+06  2.00000E-03  1.14190E+01
 -1.46686E+01  2.14098E-28  1.41913E+06  2.00000E-03  1.14190E+01
 -1.46219E+01  2.14098E-28  1.41913E+06  2.00000E-03  1.14190E+01
 -1.45751E+01  2.13990E-28  1.41866E+06  2.00000E-03  1.16637E+01
 -1.45283E+01  2.13881E-28  1.41820E+06  2.00000E-03  1.19086E+01
 -1.44815E+01  2.13881E-28  1.41820E+06  2.00000E-03  1.19086E+01
 -1.44347E+01  2.13881E-28  1.41820E+06  2.00000E-03  1.19086E+01
 -1.43879E+01  2.13881E-28  1.41820E+06  2.00000E-03  1.19086E+01
 -1.43411E+01  2.13881E-28  1.41820E+06  2.00000E-03  1.19086E+01
 -1.42943E+01  2.13881E-28  1.41820E+06  2.00000E-03  1.19086E+01
 -1.42475E+01  2.13881E-28  1.41820E+06  2.00000E-03  1.19086E+01
 -1.42007E+01  2.13642E-28  1.41716E+06  2.00000E-03  1.23239E+01
 -1.41540E+01  2.13403E-28  1.41613E+06  2.00000E-03  1.27402E+01
 -1.41072E+01  2.13403E-28  1.41613E+06  2.00000E-03  1.27402E+01
 -1.40604E+01  2.13403E-28  1.41613E+06  2.00000E-03  1.27402E+01
 -1.40136E+01  2.13403E-28  1.41613E+06  2.00000E-03  1.27402E+01
 -1.39668E+01  2.13403E-28  1.41613E+06  2.00000E-03  1.27402E+01
 -1.39200E+01  2.13403E-28  1.41613E+06  2.00000E-03  1.27402E+01
 -1.38732E+01  2.13403E-28  1.41613E+06  2.00000E-03  1.27402E+01
 -1.38264E+01  2.13125E-28  1.41492E+06  2.00000E-03  1.32682E+01
 -1.37796E+01  2.12847E-28  1.41370E+06  2.00000E-03  1.37976E+01
 -1.37328E+01  2.12847E-28  1.41370E+06  2.00000E-03  1.37976E+01
 -1.36861E+01  2.12847E-28  1.41370E+06  2.00000E-03  1.37976E+01
 -1.36393E+01  2.12618E-28  1.41269E+06  2.00000E-03  1.41330E+01
 -1.35925E+01  2.12389E-28  1.41167E+06  2.00000E-03  1.44691E+01
 -1.35457E+01  2.12389E-28  1.41167E+06  2.00000E-03  1.44691E+01
 -1.34989E+01  2.12389E-28  1.41167E+06  2.00000E-03  1.44691E+01
 -1.34521E+01  2.12132E-28  1.41054E+06  2.00000E-03  1.48407E+01
 -1.34053E+01  2.11875E-28  1.40940E+06  2.00000E-03  1.52133E+01
 -1.33585E+01  2.11875E-28  1.40940E+06  2.00000E-03  1.52133E+01
 -1.33117E+01  2.11875E-28  1.40940E+06  2.00000E-03  1.52133E+01
 -1.32649E+01  2.11602E-28  1.40820E+06  2.00000E-03  1.56084E+01
 -1.32182E+01  2.11330E-28  1.40701E+06  2.00000E-03  1.60045E+01
 -1.31714E+01  2.11330E-28  1.40701E+06  2.00000E-03  1.60045E+01
 -1.31246E+01  2.11330E-28  1.40701E+06  2.00000E-03  1.60045E+01
 -1.30778E+01  2.11048E-28  1.40577E+06  2.00000E-03  1.64172E+01
 -1.30310E+01  2.10766E-28  1.40453E+06  2.00000E-03  1.68310E+01
 -1.29842E+01  2.10766E-28  1.40453E+06  2.00000E-03  1.68310E+01
 -1.29374E+01  2.10766E-28  1.40453E+06  2.00000E-03  1.68310E+01
 -1.28906E+01  2.10481E-28  1.40327E+06  2.00000E-03  1.72541E+01
 -1.28438E+01  2.10195E-28  1.40200E+06  2.00000E-03  1.76784E+01
 -1.27970E+01  2.10195E-28  1.40200E+06  2.00000E-03  1.76784E+01
 -1.27503E+01  2.10195E-28  1.40200E+06  2.00000E-03  1.76784E+01
 -1.27035E+01  2.09910E-28  1.40074E+06  2.00000E-03  1.81018E+01
 -1.26567E+01  2.09625E-28  1.39948E+06  2.00000E-03  1.85264E+01
 -1.26099E+01  2.09625E-28  1.39948E+06  2.00000E-03  1.85264E+01
 -1.25631E+01  2.09625E-28  1.39948E+06  2.00000E-03  1.85264E+01
 -1.25163E+01  2.09353E-28  1.39828E+06  2.00000E-03  1.89381E+01
 -1.24695E+01  2.09081E-28  1.39707E+06  2.00000E-03  1.93508E+01
 -1.24227E+01  2.09081E-28  1.39707E+06  2.00000E-03  1.93508E+01
 -1.23759E+01  2.09081E-28  1.39707E+06  2.00000E-03  1.93508E+01
 -1.23291E+01  2.08833E-28  1.39597E+06  2.00000E-03  1.97357E+01
 -1.22824E+01  2.08584E-28  1.39487E+06  2.00000E-03  2.01214E+01
 -1.22356E+01  2.08584E-28  1.39487E+06  2.00000E-03  2.01214E+01
 -1.21888E+01  2.08584E-28  1.39487E+06  2.00000E-03  2.01214E+01
 -1.21420E+01  2.08373E-28  1.39394E+06  2.00000E-03  2.04574E+01
 -1.20952E+01  2.08162E-28  1.39300E+06  2.00000E-03  2.07941E+01
 -1.20484E+01  2.08162E-28  1.39300E+06  2.00000E-03  2.07941E+01
 -1.20016E+01  2.08162E-28  1.39300E+06  2.00000E-03  2.07941E+01
 -1.19548E+01  2.07998E-28  1.39228E+06  2.00000E-03  2.10707E+01
 -1.19080E+01  2.07833E-28  1.39155E+06  2.00000E-03  2.13478E+01
 -1.18612E+01  2.07833E-28  1.39155E+06  2.00000E-03  2.13478E+01
 -1.18145E+01  2.07833E-28  1.39155E+06  2.00000E-03  2.13478E+01
 -1.17677E+01  2.07712E-28  1.39102E+06  2.00000E-03  2.15746E+01
 -1.17209E+01  2.07590E-28  1.39048E+06  2.00000E-03  2.18016E+01
 -1.16741E+01  2.07590E-28  1.39048E+06  2.00000E-03  2.18016E+01
 -1.16273E+01  2.07590E-28  1.39048E+06  2.00000E-03  2.18016E+01
 -1.15805E+01  2.07495E-28  1.39006E+06  2.00000E-03  2.19964E+01
 -1.15337E+01  2.07401E-28  1.38964E+06  2.00000E-03  2.21914E+01
 -1.14869E+01  2.07401E-28  1.38964E+06  2.00000E-03  2.21914E+01
 -1.14401E+01  2.07401E-28  1.38964E+06  2.00000E-03  2.21914E+01
 -1.13933E+01  2.07314E-28  1.38926E+06  2.00000E-03  2.23779E+01
 -1.13466E+01  2.07227E-28  1.38888E+06  2.00000E-03  2.25645E+01
 -1.12998E+01  2.07227E-28  1.38888E+06  2.00000E-03  2.25645E+01
 -1.12530E+01  2.07227E-28  1.38888E+06  2.00000E-03  2.25645E+01
 -1.12062E+01  2.07128E-28  1.38844E+06  2.00000E-03  2.27676E+01
 -1.11594E+01  2.07029E-28  1.38800E+06  2.00000E-03  2.29708E+01
 -1.11126E+01  2.07029E-28  1.38800E+06  2.00000E-03  2.29708E+01
 -1.10658E+01  2.07029E-28  1.38800E+06  2.00000E-03  2.29708E+01
 -1.10190E+01  2.06907E-28  1.38745E+06  2.00000E-03  2.32092E+01
 -1.09722E+01  2.06784E-28  1.38691E+06  2.00000E-03  2.34479E+01
 -1.09254E+01  2.06784E-28  1.38691E+06  2.00000E-03  2.34479E+01
 -1.08787E+01  2.06784E-28  1.38691E+06  2.00000E-03  2.34479E+01
 -1.08319E+01  2.06639E-28  1.38626E+06  2.00000E-03  2.37324E+01
 -1.07851E+01  2.06495E-28  1.38561E+06  2.00000E-03  2.40172E+01
 -1.07383E+01  2.06495E-28  1.38561E+06  2.00000E-03  2.40172E+01
 -1.06915E+01  2.06495E-28  1.38561E+06  2.00000E-03  2.40172E+01
 -1.06447E+01  2.06339E-28  1.38492E+06  2.00000E-03  2.43517E+01
 -1.05979E+01  2.06184E-28  1.38422E+06  2.00000E-03  2.46868E+01
 -1.05511E+01  2.06184E-28  1.38422E+06  2.00000E-03  2.46868E+01
 -1.05043E+01  2.06184E-28  1.38422E+06  2.00000E-03  2.46868E+01
 -1.04575E+01  2.06032E-28  1.38354E+06  2.00000E-03  2.50702E+01
 -1.04108E+01  2.05880E-28  1.38286E+06  2.00000E-03  2.54541E+01
 -1.03640E+01  2.05880E-28  1.38286E+06  2.00000E-03  2.54541E+01
 -1.03172E+01  2.05880E-28  1.38286E+06  2.00000E-03  2.54541E+01
 -1.02704E+01  2.05742E-28  1.38224E+06  2.00000E-03  2.58810E+01
 -1.02236E+01  2.05604E-28  1.38162E+06  2.00000E-03  2.63084E+01
 -1.01768E+01  2.05604E-28  1.38162E+06  2.00000E-03  2.63084E+01
 -1.01300E+01  2.05604E-28  1.38162E+06  2.00000E-03  2.63084E+01
 -1.00832E+01  2.05486E-28  1.38109E+06  2.00000E-03  2.67700E+01
 -1.00364E+01  2.05368E-28  1.38056E+06  2.00000E-03  2.72321E+01
 -9.98965E+00  2.05368E-28  1.38056E+06  2.00000E-03  2.72321E+01
 -9.94286E+00  2.05368E-28  1.38056E+06  2.00000E-03  2.72321E+01
 -9.89607E+00  2.05270E-28  1.38012E+06  2.00000E-03  2.77137E+01
 -9.84928E+00  2.05172E-28  1.37968E+06  2.00000E-03  2.81958E+01
 -9.80249E+00  2.05172E-28  1.37968E+06  2.00000E-03  2.81958E+01
 -9.75570E+00  2.05172E-28  1.37968E+06  2.00000E-03  2.81958E+01
 -9.70891E+00  2.05097E-28  1.37935E+06  2.00000E-03  2.86864E+01
 -9.66212E+00  2.05022E-28  1.37901E+06  2.00000E-03  2.91773E+01
 -9.61533E+00  2.05022E-28  1.37901E+06  2.00000E-03  2.91773E+01
 -9.56854E+00  2.05022E-28  1.37901E+06  2.00000E-03  2.91773E+01
 -9.52175E+00  2.04947E-28  1.37867E+06  2.00000E-03  2.96563E+01
 -9.47496E+00  2.04871E-28  1.37833E+06  2.00000E-03  3.01357E+01
 -9.42817E+00  2.04871E-28  1.37833E+06  2.00000E-03  3.01357E+01
 -9.38138E+00  2.04871E-28  1.37833E+06  2.00000E-03  3.01357E+01
 -9.33459E+00  2.04780E-28  1.37791E+06  2.00000E-03  3.05918E+01
 -9.28780E+00  2.04689E-28  1.37749E+06  2.00000E-03  3.10483E+01
 -9.24101E+00  2.04689E-28  1.37749E+06  2.00000E-03  3.10483E+01
 -9.19422E+00  2.04689E-28  1.37749E+06  2.00000E-03  3.10483E+01
 -9.14743E+00  2.04587E-28  1.37703E+06  2.00000E-03  3.12005E+01
 -9.10064E+00  2.04485E-28  1.37656E+06  2.00000E-03  3.13528E+01
 -9.05385E+00  2.04384E-28  1.37614E+06  2.00000E-03  3.15443E+01
 -9.00706E+00  2.04282E-28  1.37571E+06  2.00000E-03  3.17359E+01
 -8.96027E+00  2.04149E-28  1.37511E+06  2.00000E-03  3.19253E+01
 -8.91348E+00  2.04016E-28  1.37451E+06  2.00000E-03  3.21149E+01
 -8.86669E+00  2.03849E-28  1.37374E+06  2.00000E-03  3.22997E+01
 -8.81990E+00  2.03682E-28  1.37298E+06  2.00000E-03  3.24848E+01
 -8.77311E+00  2.03480E-28  1.37206E+06  2.00000E-03  3.26645E+01
 -8.72632E+00  2.03278E-28  1.37114E+06  2.00000E-03  3.28446E+01
 -8.67953E+00  2.03044E-28  1.37009E+06  2.00000E-03  3.30187E+01
 -8.63274E+00  2.02810E-28  1.36903E+06  2.00000E-03  3.31932E+01
 -8.58595E+00  2.02548E-28  1.36786E+06  2.00000E-03  3.33608E+01
 -8.53916E+00  2.02286E-28  1.36668E+06  2.00000E-03  3.35289E+01
 -8.49237E+00  2.02001E-28  1.36539E+06  2.00000E-03  3.36900E+01
 -8.44558E+00  2.01716E-28  1.36410E+06  2.00000E-03  3.38516E+01
 -8.39879E+00  2.01412E-28  1.36273E+06  2.00000E-03  3.40077E+01
 -8.35200E+00  2.01108E-28  1.36136E+06  2.00000E-03  3.41643E+01
 -8.30521E+00  2.00788E-28  1.35991E+06  2.00000E-03  3.43195E+01
 -8.25842E+00  2.00469E-28  1.35846E+06  2.00000E-03  3.44752E+01
 -8.21163E+00  2.00134E-28  1.35695E+06  2.00000E-03  3.46360E+01
 -8.16484E+00  1.99799E-28  1.35543E+06  2.00000E-03  3.47973E+01
 -8.11805E+00  1.99448E-28  1.35384E+06  2.00000E-03  3.49727E+01
 -8.07126E+00  1.99097E-28  1.35225E+06  2.00000E-03  3.51487E+01
 -8.02447E+00  1.98728E-28  1.35057E+06  2.00000E-03  3.53488E+01
 -7.97768E+00  1.98358E-28  1.34889E+06  2.00000E-03  3.55496E+01
 -7.93089E+00  1.97966E-28  1.34712E+06  2.00000E-03  3.57840E+01
 -7.88410E+00  1.97574E-28  1.34533E+06  2.00000E-03  3.60193E+01
 -7.83731E+00  1.97160E-28  1.34345E+06  2.00000E-03  3.62942E+01
 -7.79052E+00  1.96746E-28  1.34157E+06  2.00000E-03  3.65703E+01
 -7.74373E+00  1.96313E-28  1.33960E+06  2.00000E-03  3.68840E+01
 -7.69694E+00  1.95880E-28  1.33762E+06  2.00000E-03  3.71992E+01
 -7.65015E+00  1.95440E-28  1.33562E+06  2.00000E-03  3.75435E+01
 -7.60336E+00  1.94999E-28  1.33361E+06  2.00000E-03  3.78895E+01
 -7.55657E+00  1.94563E-28  1.33162E+06  2.00000E-03  3.82456E+01
 -7.50978E+00  1.94126E-28  1.32962E+06  2.00000E-03  3.86033E+01
 -7.46299E+00  1.93714E-28  1.32774E+06  2.00000E-03  3.89408E+01
 -7.41620E+00  1.93301E-28  1.32585E+06  2.00000E-03  3.92798E+01
 -7.36941E+00  1.92928E-28  1.32414E+06  2.00000E-03  3.95677E+01
 -7.32262E+00  1.92555E-28  1.32243E+06  2.00000E-03  3.98566E+01
 -7.27583E+00  1.92239E-28  1.32099E+06  2.00000E-03  4.00608E+01
 -7.22904E+00  1.91924E-28  1.31954E+06  2.00000E-03  4.02656E+01
 -7.18225E+00  1.91680E-28  1.31842E+06  2.00000E-03  4.03575E+01
 -7.13546E+00  1.91436E-28  1.31731E+06  2.00000E-03  4.04496E+01
 -7.08867E+00  1.91275E-28  1.31657E+06  2.00000E-03  4.04071E+01
 -7.04188E+00  1.91113E-28  1.31583E+06  2.00000E-03  4.03646E+01
 -6.99509E+00  1.91037E-28  1.31549E+06  2.00000E-03  4.01755E+01
 -6.94830E+00  1.90961E-28  1.31516E+06  2.00000E-03  3.99863E+01
 -6.90151E+00  1.90964E-28  1.31518E+06  2.00000E-03  3.96553E+01
 -6.85472E+00  1.90968E-28  1.31520E+06  2.00000E-03  3.93242E+01
 -6.80793E+00  1.91042E-28  1.31550E+06  2.00000E-03  3.88788E+01
 -6.76114E+00  1.91115E-28  1.31580E+06  2.00000E-03  3.84338E+01
 -6.71435E+00  1.91238E-28  1.31631E+06  2.00000E-03  3.79160E+01
 -6.66756E+00  1.91361E-28  1.31682E+06  2.00000E-03  3.73989E+01
 -6.62077E+00  1.91509E-28  1.31751E+06  1.99999E-03  3.68437E+01
 -6.57398E+00  1.91657E-28  1.31821E+06  1.99999E-03  3.62893E+01
 -6.52719E+00  1.91813E-28  1.31910E+06  1.99998E-03  3.57133E+01
 -6.48040E+00  1.91969E-28  1.31999E+06  1.99998E-03  3.51383E+01
 -6.43362E+00  1.92121E-28  1.32111E+06  1.99997E-03  3.45457E+01
 -6.38683E+00  1.92274E-28  1.32224E+06  1.99996E-03  3.39541E+01
 -6.34003E+00  1.92417E-28  1.32364E+06  1.99993E-03  3.33492E+01
 -6.29325E+00  1.92560E-28  1.32503E+06  1.99991E-03  3.27452E+01
 -6.24646E+00  1.92716E-28  1.32649E+06  1.99988E-03  3.21348E+01
 -6.19967E+00  1.92872E-28  1.32794E+06  1.99984E-03  3.15254E+01
 -6.15288E+00  1.93034E-28  1.32943E+06  1.99979E-03  3.09114E+01
 -6.10609E+00  1.93195E-28  1.33091E+06  1.99973E-03  3.02984E+01
 -6.05930E+00  1.93336E-28  1.33258E+06  1.99970E-03  2.96871E+01
 -6.01251E+00  1.93477E-28  1.33426E+06  1.99966E-03  2.90766E+01
 -5.96572E+00  1.93587E-28  1.33601E+06  1.99967E-03  2.84368E+01
 -5.91893E+00  1.93697E-28  1.33777E+06  1.99969E-03  2.77976E+01
 -5.87214E+00  1.93842E-28  1.33932E+06  1.99972E-03  2.70165E+01
 -5.82535E+00  1.93986E-28  1.34087E+06  1.99975E-03  2.62366E+01
 -5.77856E+00  1.94250E-28  1.34235E+06  1.99977E-03  2.52091E+01
 -5.73177E+00  1.94514E-28  1.34383E+06  1.99979E-03  2.41844E+01
 -5.68498E+00  1.94970E-28  1.34572E+06  1.99980E-03  2.29716E+01
 -5.63819E+00  1.95426E-28  1.34760E+06  1.99981E-03  2.17645E+01
 -5.59140E+00  1.96046E-28  1.35039E+06  1.99979E-03  2.06079E+01
 -5.54461E+00  1.96667E-28  1.35316E+06  1.99978E-03  1.94585E+01
 -5.49782E+00  1.97397E-28  1.35655E+06  1.99970E-03  1.85616E+01
 -5.45103E+00  1.98128E-28  1.35993E+06  1.99962E-03  1.76712E+01
 -5.40424E+00  1.99019E-28  1.36322E+06  1.99947E-03  1.71137E+01
 -5.35745E+00  1.99910E-28  1.36648E+06  1.99932E-03  1.65611E+01
 -5.31066E+00  2.00876E-28  1.36915E+06  1.99911E-03  1.63093E+01
 -5.26387E+00  2.01842E-28  1.37179E+06  1.99891E-03  1.60600E+01
 -5.21708E+00  2.02838E-28  1.37331E+06  1.99859E-03  1.59390E+01
 -5.17029E+00  2.03834E-28  1.37481E+06  1.99828E-03  1.58192E+01
 -5.12350E+00  2.04874E-28  1.37485E+06  1.99760E-03  1.56609E+01
 -5.07671E+00  2.05915E-28  1.37489E+06  1.99693E-03  1.55043E+01
 -5.02992E+00  2.06617E-28  1.37565E+06  1.99649E-03  1.52130E+01
 -4.98313E+00  2.07320E-28  1.37639E+06  1.99605E-03  1.49236E+01
 -4.93634E+00  2.07858E-28  1.37677E+06  1.99573E-03  1.44866E+01
 -4.88955E+00  2.08397E-28  1.37714E+06  1.99541E-03  1.40519E+01
 -4.84276E+00  2.10575E-28  1.36611E+06  1.99143E-03  1.36762E+01
 -4.79597E+00  2.12754E-28  1.35531E+06  1.98753E-03  1.33082E+01
 -4.74918E+00  2.20274E-28  1.31203E+06  1.97093E-03  1.33791E+01
 -4.70239E+00  2.27795E-28  1.27160E+06  1.95542E-03  1.34453E+01
 -4.65560E+00  2.43565E-28  1.19146E+06  1.91825E-03  1.40850E+01
 -4.60881E+00  2.59335E-28  1.12106E+06  1.88560E-03  1.46469E+01
 -4.56202E+00  2.73653E-28  1.06315E+06  1.85645E-03  1.53435E+01
 -4.51523E+00  2.87971E-28  1.01100E+06  1.83019E-03  1.59708E+01
 -4.46844E+00  2.87173E-28  1.01376E+06  1.83130E-03  1.62555E+01
 -4.42165E+00  2.86374E-28  1.01653E+06  1.83241E-03  1.65418E+01
 -4.37486E+00  2.73905E-28  1.06136E+06  1.85504E-03  1.63167E+01
 -4.32807E+00  2.61436E-28  1.11047E+06  1.87983E-03  1.60700E+01
 -4.28128E+00  2.49758E-28  1.16143E+06  1.90319E-03  1.52700E+01
 -4.23449E+00  2.38080E-28  1.21740E+06  1.92884E-03  1.43914E+01
 -4.18770E+00  2.31343E-28  1.25183E+06  1.94280E-03  1.32426E+01
 -4.14091E+00  2.24607E-28  1.28832E+06  1.95761E-03  1.20248E+01
 -4.09412E+00  2.20416E-28  1.31242E+06  1.96697E-03  1.10189E+01
 -4.04733E+00  2.16226E-28  1.33745E+06  1.97669E-03  9.97410E+00
 -4.00054E+00  2.13913E-28  1.35194E+06  1.98239E-03  9.44970E+00
 -3.95375E+00  2.11601E-28  1.36674E+06  1.98820E-03  8.91383E+00
 -3.90696E+00  2.10660E-28  1.37294E+06  1.99054E-03  8.88247E+00
 -3.86017E+00  2.09720E-28  1.37919E+06  1.99290E-03  8.85082E+00
 -3.81338E+00  2.09219E-28  1.38261E+06  1.99417E-03  9.11616E+00
 -3.76659E+00  2.08718E-28  1.38606E+06  1.99545E-03  9.38278E+00
 -3.71980E+00  2.08377E-28  1.38849E+06  1.99644E-03  9.72709E+00
 -3.67301E+00  2.08036E-28  1.39092E+06  1.99744E-03  1.00725E+01
 -3.62622E+00  2.07882E-28  1.39208E+06  1.99811E-03  1.03475E+01
 -3.57943E+00  2.07729E-28  1.39324E+06  1.99877E-03  1.06228E+01
 -3.53264E+00  2.07729E-28  1.39325E+06  1.99913E-03  1.07779E+01
 -3.48585E+00  2.07730E-28  1.39326E+06  1.99949E-03  1.09330E+01
 -3.43906E+00  2.07772E-28  1.39275E+06  1.99965E-03  1.09924E+01
 -3.39227E+00  2.07814E-28  1.39223E+06  1.99982E-03  1.10519E+01
 -3.34548E+00  2.07813E-28  1.39172E+06  1.99988E-03  1.10763E+01
 -3.29869E+00  2.07812E-28  1.39120E+06  1.99994E-03  1.11008E+01
 -3.25190E+00  2.07754E-28  1.39076E+06  1.99996E-03  1.11551E+01
 -3.20511E+00  2.07696E-28  1.39033E+06  1.99998E-03  1.12094E+01
 -3.15832E+00  2.07609E-28  1.38981E+06  1.99998E-03  1.13354E+01
 -3.11153E+00  2.07522E-28  1.38930E+06  1.99999E-03  1.14615E+01
 -3.06474E+00  2.07400E-28  1.38879E+06  1.99999E-03  1.16755E+01
 -3.01795E+00  2.07278E-28  1.38828E+06  1.99999E-03  1.18898E+01
 -2.97116E+00  2.07085E-28  1.38804E+06  1.99997E-03  1.21977E+01
 -2.92437E+00  2.06892E-28  1.38780E+06  1.99996E-03  1.25063E+01
 -2.87758E+00  2.06642E-28  1.38769E+06  1.99989E-03  1.29146E+01
 -2.83079E+00  2.06392E-28  1.38758E+06  1.99982E-03  1.33240E+01
 -2.78400E+00  2.06229E-28  1.38654E+06  1.99959E-03  1.38285E+01
 -2.73721E+00  2.06066E-28  1.38550E+06  1.99935E-03  1.43338E+01
 -2.69042E+00  2.06191E-28  1.38209E+06  1.99873E-03  1.49007E+01
 -2.64363E+00  2.06317E-28  1.37869E+06  1.99811E-03  1.54670E+01
 -2.59684E+00  2.06854E-28  1.37213E+06  1.99689E-03  1.60346E+01
 -2.55005E+00  2.07392E-28  1.36561E+06  1.99567E-03  1.65992E+01
 -2.50326E+00  2.08308E-28  1.35627E+06  1.99363E-03  1.70919E+01
 -2.45647E+00  2.09224E-28  1.34701E+06  1.99160E-03  1.75803E+01
 -2.40968E+00  2.10249E-28  1.33674E+06  1.98850E-03  1.79037E+01
 -2.36289E+00  2.11274E-28  1.32656E+06  1.98543E-03  1.82240E+01
 -2.31610E+00  2.12122E-28  1.31751E+06  1.98101E-03  1.83354E+01
 -2.26931E+00  2.12969E-28  1.30854E+06  1.97663E-03  1.84460E+01
 -2.22252E+00  2.13577E-28  1.30123E+06  1.97135E-03  1.84265E+01
 -2.17573E+00  2.14185E-28  1.29396E+06  1.96611E-03  1.84071E+01
 -2.12894E+00  2.14743E-28  1.28710E+06  1.96157E-03  1.83830E+01
 -2.08215E+00  2.15301E-28  1.28027E+06  1.95706E-03  1.83590E+01
 -2.03536E+00  2.15934E-28  1.27312E+06  1.95375E-03  1.84366E+01
 -1.98857E+00  2.16568E-28  1.26601E+06  1.95045E-03  1.85137E+01
 -1.94178E+00  2.17089E-28  1.25978E+06  1.94786E-03  1.87879E+01
 -1.89499E+00  2.17611E-28  1.25357E+06  1.94528E-03  1.90608E+01
 -1.84820E+00  2.17861E-28  1.24913E+06  1.94287E-03  1.95895E+01
 -1.80141E+00  2.18110E-28  1.24469E+06  1.94047E-03  2.01169E+01
 -1.75462E+00  2.18156E-28  1.24159E+06  1.93834E-03  2.08837E+01
 -1.70783E+00  2.18202E-28  1.23849E+06  1.93620E-03  2.16502E+01
 -1.66104E+00  2.18119E-28  1.23630E+06  1.93475E-03  2.25650E+01
 -1.61425E+00  2.18037E-28  1.23410E+06  1.93330E-03  2.34806E+01
 -1.56746E+00  2.17878E-28  1.23248E+06  1.93217E-03  2.44105E+01
 -1.52067E+00  2.17718E-28  1.23085E+06  1.93104E-03  2.53419E+01
 -1.47388E+00  2.18159E-28  1.22611E+06  1.92817E-03  2.61647E+01
 -1.42709E+00  2.18600E-28  1.22139E+06  1.92531E-03  2.69843E+01
 -1.38030E+00  2.20648E-28  1.20796E+06  1.91720E-03  2.75763E+01
 -1.33351E+00  2.22696E-28  1.19478E+06  1.90923E-03  2.81574E+01
 -1.28672E+00  2.27742E-28  1.16633E+06  1.89175E-03  2.84391E+01
 -1.23993E+00  2.32788E-28  1.13911E+06  1.87503E-03  2.87085E+01
 -1.19314E+00  2.40060E-28  1.10236E+06  1.85259E-03  2.87641E+01
 -1.14635E+00  2.47333E-28  1.06777E+06  1.83147E-03  2.88163E+01
 -1.09956E+00  2.52646E-28  1.04286E+06  1.81678E-03  2.89073E+01
 -1.05277E+00  2.57960E-28  1.01898E+06  1.80269E-03  2.89946E+01
 -1.00598E+00  2.59201E-28  1.01088E+06  1.80029E-03  2.93201E+01
 -9.59194E-01  2.60442E-28  1.00285E+06  1.79791E-03  2.96425E+01
 -9.12404E-01  2.62960E-28  9.88779E+05  1.79294E-03  3.00360E+01
 -8.65614E-01  2.65478E-28  9.74976E+05  1.78808E-03  3.04220E+01
 -8.18824E-01  2.74963E-28  9.36232E+05  1.76818E-03  3.04133E+01
 -7.72034E-01  2.84448E-28  9.00072E+05  1.74961E-03  3.04051E+01
 -7.25244E-01  2.98090E-28  8.54658E+05  1.72582E-03  2.97460E+01
 -6.78454E-01  3.11732E-28  8.13219E+05  1.70410E-03  2.91445E+01
 -6.31664E-01  3.57582E-28  7.06426E+05  1.65626E-03  2.76775E+01
 -5.84874E-01  4.03432E-28  6.23908E+05  1.61929E-03  2.65439E+01
 -5.38084E-01  4.74900E-28  5.30943E+05  1.56098E-03  2.46372E+01
 -4.91294E-01  5.46369E-28  4.62299E+05  1.51793E-03  2.32294E+01
 -4.44504E-01  6.79198E-28  3.73562E+05  1.44283E-03  2.19704E+01
 -3.97714E-01  8.12026E-28  3.13856E+05  1.39230E-03  2.11233E+01
 -3.50924E-01  8.20740E-28  3.09386E+05  1.37884E-03  2.05112E+01
 -3.04135E-01  8.29453E-28  3.05009E+05  1.36567E-03  1.99119E+01
 -2.57345E-01  8.75061E-28  2.79452E+05  1.35412E-03  1.75974E+01
 -2.10555E-01  9.20669E-28  2.56427E+05  1.34371E-03  1.55122E+01
 -1.63765E-01  1.84285E-27  1.19433E+05  1.23260E-03  7.00937E+00
 -1.16975E-01  2.76503E-27  7.38186E+04  1.19560E-03  4.17819E+00
 -7.01849E-02  4.14230E-27  4.62293E+04  1.17422E-03 -1.80893E+00
 -2.33950E-02  5.51957E-27  3.24085E+04  1.16350E-03 -4.80818E+00
  2.33950E-02  4.60037E-27  4.43802E+04  1.17151E-03 -5.44490E+00
  7.01849E-02  3.68117E-27  6.23306E+04  1.18352E-03 -6.39962E+00
  1.16975E-01  2.87649E-27  8.11067E+04  1.19389E-03 -4.29752E+00
  1.63765E-01  2.07182E-27  1.14468E+05  1.21232E-03 -5.62569E-01
  2.10555E-01  2.14309E-27  1.09584E+05  1.20403E-03  2.94406E+00
  2.57345E-01  2.21436E-27  1.05014E+05  1.19628E-03  6.22498E+00
  3.04135E-01  2.24841E-27  1.02416E+05  1.18886E-03  8.19188E+00
  3.50924E-01  2.28247E-27  9.98956E+04  1.18167E-03  1.01001E+01
  3.97714E-01  2.53400E-27  8.59964E+04  1.18032E-03  1.04891E+01
  4.44504E-01  2.78554E-27  7.46074E+04  1.17921E-03  1.08078E+01
  4.91294E-01  3.67893E-27  5.28617E+04  1.15664E-03  1.00277E+01
  5.38084E-01  4.57232E-27  3.96139E+04  1.14289E-03  9.55245E+00
  5.84874E-01  6.01808E-27  2.75615E+04  1.12078E-03  9.63222E+00
  6.31664E-01  7.46384E-27  2.01783E+04  1.10723E-03  9.68108E+00
  6.78454E-01  9.13112E-27  1.71668E+04  1.09744E-03  9.46298E+00
  7.25244E-01  1.07984E-26  1.50853E+04  1.09067E-03  9.31224E+00
  7.72034E-01  1.24949E-26  1.46062E+04  1.08726E-03  8.67849E+00
  8.18824E-01  1.41913E-26  1.42416E+04  1.08466E-03  8.19627E+00
  8.65614E-01  1.48254E-26  1.43071E+04  1.08352E-03  7.03525E+00
  9.12404E-01  1.54594E-26  1.43673E+04  1.08248E-03  5.96946E+00
  9.59194E-01  1.00296E-26  2.09943E+04  1.09786E-03  5.40878E+00
  1.00598E+00  4.59977E-27  4.32671E+04  1.14958E-03  3.52438E+00
  1.05277E+00  7.24016E-27  2.73791E+04  1.13345E-03  2.34303E+00
  1.09956E+00  9.88054E-27  1.99826E+04  1.12594E-03  1.79307E+00
  1.14635E+00  8.46235E-27  2.15237E+04  1.11966E-03  2.41726E+00
  1.19314E+00  7.04416E-27  2.36853E+04  1.11084E-03  3.29278E+00
  1.23993E+00  5.20077E-27  3.21271E+04  1.11677E-03  4.39947E+00
  1.28672E+00  3.35738E-27  4.98391E+04  1.12920E-03  6.72142E+00
  1.33351E+00  2.39297E-27  7.11456E+04  1.14790E-03  8.60745E+00
  1.38030E+00  1.42856E-27  1.21220E+05  1.19186E-03  1.30400E+01
  1.42709E+00  1.01423E-27  1.71478E+05  1.24657E-03  1.47084E+01
  1.47388E+00  5.99900E-28  2.91159E+05  1.37686E-03  1.86815E+01
  1.52067E+00  4.69158E-28  3.77121E+05  1.47008E-03  1.80568E+01
  1.56746E+00  3.38416E-28  5.29503E+05  1.63533E-03  1.69494E+01
  1.61425E+00  3.66495E-28  4.91467E+05  1.64404E-03  1.44436E+01
  1.66104E+00  3.94573E-28  4.58845E+05  1.65150E-03  1.22944E+01
  1.70783E+00  7.07920E-28  2.45089E+05  1.50892E-03  8.87149E+00
  1.75462E+00  1.02127E-27  1.62503E+05  1.45383E-03  7.54900E+00
  1.80141E+00  4.94469E-27  3.18866E+04  1.18471E-03  5.66161E+00
  1.84820E+00  8.86811E-27  1.68446E+04  1.15372E-03  5.44426E+00
  1.89499E+00  9.40491E-27  1.52905E+04  1.13425E-03  5.74598E+00
  1.94178E+00  9.94170E-27  1.39042E+04  1.11687E-03  6.01512E+00
  1.98857E+00  9.00393E-27  1.52798E+04  1.13677E-03  5.34863E+00
  2.03536E+00  8.06616E-27  1.69753E+04  1.16128E-03  4.52717E+00
  2.08215E+00  8.83311E-27  1.64522E+04  1.15779E-03  2.80671E+00
  2.12894E+00  9.60007E-27  1.60128E+04  1.15486E-03  1.36114E+00
  2.17573E+00  9.91352E-27  1.55405E+04  1.13492E-03  9.80705E-01
  2.22252E+00  1.02270E-26  1.50972E+04  1.11621E-03  6.23588E-01
  2.26931E+00  1.02986E-26  1.49308E+04  1.11097E-03  1.18821E+00
  2.31610E+00  1.03702E-26  1.47667E+04  1.10580E-03  1.74503E+00
  2.36289E+00  1.04120E-26  1.47495E+04  1.10597E-03  2.75181E+00
  2.40968E+00  1.04537E-26  1.47324E+04  1.10614E-03  3.75054E+00
  2.45647E+00  1.04001E-26  1.47470E+04  1.10730E-03  4.75794E+00
  2.50326E+00  1.03465E-26  1.47618E+04  1.10847E-03  5.77577E+00
  2.55005E+00  1.01356E-26  1.48281E+04  1.11010E-03  6.26147E+00
  2.59684E+00  9.92458E-27  1.48972E+04  1.11181E-03  6.76783E+00
  2.64363E+00  9.95659E-27  1.49226E+04  1.11404E-03  6.41227E+00
  2.69042E+00  9.98860E-27  1.49479E+04  1.11626E-03  6.05899E+00
  2.73721E+00  1.05112E-26  1.48444E+04  1.11967E-03  5.17562E+00
  2.78400E+00  1.10339E-26  1.47508E+04  1.12275E-03  4.37593E+00
  2.83079E+00  1.18996E-26  1.45725E+04  1.12768E-03  3.53144E+00
  2.87758E+00  1.27652E-26  1.44185E+04  1.13194E-03  2.80149E+00
  2.92437E+00  1.34614E-26  1.42679E+04  1.13453E-03  2.20728E+00
  2.97116E+00  1.41575E-26  1.41321E+04  1.13686E-03  1.67151E+00
  3.01795E+00  1.44910E-26  1.40298E+04  1.13591E-03  1.25681E+00
  3.06474E+00  1.48244E-26  1.39321E+04  1.13501E-03  8.60767E-01
  3.11153E+00  1.49736E-26  1.39004E+04  1.12920E-03  5.15794E-01
  3.15832E+00  1.51228E-26  1.38692E+04  1.12351E-03  1.77627E-01
  3.20511E+00  1.53887E-26  1.38674E+04  1.10693E-03  1.28492E-01
  3.25190E+00  1.56546E-26  1.38657E+04  1.09092E-03  8.10274E-02
  3.29869E+00  1.60430E-26  1.38784E+04  1.08296E-03  4.93353E-01
  3.34548E+00  1.64314E-26  1.38904E+04  1.07537E-03  8.86185E-01
  3.39227E+00  1.69354E-26  1.39170E+04  1.07337E-03  1.50484E+00
  3.43906E+00  1.74393E-26  1.39420E+04  1.07148E-03  2.08773E+00
  3.48585E+00  1.80209E-26  1.39471E+04  1.07446E-03  2.49215E+00
  3.53264E+00  1.86026E-26  1.39518E+04  1.07725E-03  2.87128E+00
  3.57943E+00  1.90832E-26  1.39379E+04  1.08004E-03  2.64635E+00
  3.62622E+00  1.95638E-26  1.39247E+04  1.08269E-03  2.43248E+00
  3.67301E+00  2.02743E-26  1.38962E+04  1.08058E-03  1.73476E+00
  3.71980E+00  2.09849E-26  1.38697E+04  1.07860E-03  1.08429E+00
  3.76659E+00  2.17186E-26  1.38171E+04  1.07480E-03  7.55523E-01
  3.81338E+00  2.24524E-26  1.37680E+04  1.07124E-03  4.48244E-01
  3.86017E+00  2.21105E-26  1.37491E+04  1.06965E-03  3.01776E-01
  3.90696E+00  2.17686E-26  1.37297E+04  1.06800E-03  1.50707E-01
  3.95375E+00  2.05035E-26  1.37977E+04  1.06993E-03 -6.68302E-01
  4.00054E+00  1.92385E-26  1.38747E+04  1.07210E-03 -1.59502E+00
  4.04733E+00  1.78465E-26  1.39347E+04  1.07217E-03 -2.78098E+00
  4.09412E+00  1.64546E-26  1.40048E+04  1.07225E-03 -4.16759E+00
  4.14091E+00  1.54033E-26  1.39756E+04  1.07309E-03 -4.97071E+00
  4.18770E+00  1.43521E-26  1.39421E+04  1.07405E-03 -5.89150E+00
  4.23449E+00  1.39161E-26  1.38849E+04  1.07554E-03 -6.07449E+00
  4.28128E+00  1.34801E-26  1.38240E+04  1.07713E-03 -6.26933E+00
  4.32807E+00  1.32099E-26  1.37888E+04  1.07893E-03 -5.86495E+00
  4.37486E+00  1.29396E-26  1.37521E+04  1.08080E-03 -5.44369E+00
  4.42165E+00  1.27732E-26  1.37455E+04  1.08303E-03 -4.62402E+00
  4.46844E+00  1.26068E-26  1.37388E+04  1.08532E-03 -3.78272E+00
  4.51523E+00  1.24578E-26  1.37610E+04  1.08797E-03 -2.91684E+00
  4.56202E+00  1.23089E-26  1.37837E+04  1.09069E-03 -2.03000E+00
  4.60881E+00  1.21168E-26  1.38266E+04  1.09404E-03 -1.28607E+00
  4.65560E+00  1.19246E-26  1.38708E+04  1.09749E-03 -5.18166E-01
  4.70239E+00  1.17610E-26  1.39333E+04  1.10188E-03  2.12901E-02
  4.74918E+00  1.15974E-26  1.39977E+04  1.10639E-03  5.75965E-01
  4.79597E+00  1.16142E-26  1.40641E+04  1.11042E-03  1.02166E+00
  4.84276E+00  1.16309E-26  1.41304E+04  1.11444E-03  1.46607E+00
  4.88955E+00  1.17834E-26  1.41727E+04  1.11667E-03  1.92184E+00
  4.93634E+00  1.19360E-26  1.42139E+04  1.11884E-03  2.36596E+00
  4.98313E+00  1.22516E-26  1.42369E+04  1.11938E-03  2.79840E+00
  5.02992E+00  1.25672E-26  1.42587E+04  1.11990E-03  3.20913E+00
  5.07671E+00  1.30616E-26  1.42697E+04  1.11907E-03  3.56713E+00
  5.12350E+00  1.35560E-26  1.42798E+04  1.11830E-03  3.89901E+00
  5.17029E+00  1.42690E-26  1.42759E+04  1.11696E-03  4.15332E+00
  5.21708E+00  1.49820E-26  1.42724E+04  1.11574E-03  4.38343E+00
  5.26387E+00  1.58955E-26  1.42530E+04  1.11478E-03  4.58604E+00
  5.31066E+00  1.68089E-26  1.42357E+04  1.11392E-03  4.76662E+00
  5.35745E+00  1.80515E-26  1.42030E+04  1.11522E-03  5.23633E+00
  5.40424E+00  1.92941E-26  1.41745E+04  1.11635E-03  5.64553E+00
  5.45103E+00  2.07174E-26  1.41665E+04  1.12026E-03  6.77550E+00
  5.49782E+00  2.21407E-26  1.41595E+04  1.12367E-03  7.76019E+00
  5.54461E+00  2.31935E-26  1.41038E+04  1.12549E-03  9.52648E+00
  5.59140E+00  2.42464E-26  1.40529E+04  1.12715E-03  1.11394E+01
  5.63819E+00  2.41729E-26  1.39703E+04  1.12511E-03  1.32703E+01
  5.68498E+00  2.40994E-26  1.38873E+04  1.12306E-03  1.54142E+01
  5.73177E+00  2.28562E-26  1.38136E+04  1.12113E-03  1.76194E+01
  5.77856E+00  2.16130E-26  1.37315E+04  1.11899E-03  2.00782E+01
  5.82535E+00  2.04140E-26  1.37287E+04  1.11693E-03  2.15341E+01
  5.87214E+00  1.92150E-26  1.37256E+04  1.11462E-03  2.31716E+01
  5.91893E+00  1.83158E-26  1.37869E+04  1.11351E-03  2.36125E+01
  5.96572E+00  1.74166E-26  1.38546E+04  1.11228E-03  2.40989E+01
  6.01251E+00  1.71211E-26  1.38375E+04  1.11196E-03  2.40800E+01
  6.05930E+00  1.68254E-26  1.38198E+04  1.11164E-03  2.40604E+01
  6.10609E+00  1.73210E-26  1.37229E+04  1.11229E-03  2.38601E+01
  6.15288E+00  1.78166E-26  1.36313E+04  1.11291E-03  2.36709E+01
  6.19967E+00  1.81613E-26  1.36622E+04  1.11521E-03  2.32374E+01
  6.24646E+00  1.85061E-26  1.36919E+04  1.11742E-03  2.28201E+01
  6.29325E+00  1.70517E-26  1.43800E+04  1.12422E-03  2.17236E+01
  6.34003E+00  1.55973E-26  1.51965E+04  1.13228E-03  2.04226E+01
  6.38683E+00  1.05505E-26  2.51529E+04  1.14181E-03  1.84405E+01
  6.43362E+00  5.50371E-27  5.33689E+04  1.16882E-03  1.28234E+01
  6.48040E+00  3.33007E-27  9.09915E+04  1.21054E-03  1.05650E+01
  6.52719E+00  1.15642E-27  2.70047E+05  1.40912E-03 -1.83056E-01
  6.57398E+00  1.98462E-27  1.54242E+05  1.28005E-03 -5.69107E+00
  6.62077E+00  2.81281E-27  1.06632E+05  1.22698E-03 -7.95556E+00
  6.66756E+00  3.21896E-27  9.05462E+04  1.20304E-03 -1.03156E+01
  6.71435E+00  3.62510E-27  7.80652E+04  1.18446E-03 -1.21469E+01
  6.76114E+00  2.94526E-27  9.67274E+04  1.20623E-03 -1.47326E+01
  6.80793E+00  2.26542E-27  1.26590E+05  1.24105E-03 -1.88703E+01
  6.85472E+00  1.75102E-27  1.65455E+05  1.28600E-03 -2.22759E+01
  6.90151E+00  1.23661E-27  2.36654E+05  1.36834E-03 -2.85149E+01
  6.94830E+00  1.53813E-27  1.90349E+05  1.33561E-03 -3.05676E+01
  6.99509E+00  1.83966E-27  1.59223E+05  1.31361E-03 -3.19474E+01
  7.04188E+00  2.20707E-27  1.30850E+05  1.30023E-03 -3.26623E+01
  7.08867E+00  2.57449E-27  1.10576E+05  1.29067E-03 -3.31732E+01
  7.13546E+00  2.70388E-27  1.03511E+05  1.28755E-03 -3.33614E+01
  7.18225E+00  2.83326E-27  9.70909E+04  1.28471E-03 -3.35323E+01
  7.22904E+00  2.76867E-27  9.76233E+04  1.28138E-03 -3.35249E+01
  7.27583E+00  2.70409E-27  9.81812E+04  1.27789E-03 -3.35172E+01
  7.32262E+00  2.50389E-27  1.04929E+05  1.27514E-03 -3.35249E+01
  7.36941E+00  2.30368E-27  1.12850E+05  1.27191E-03 -3.35339E+01
  7.41620E+00  2.12818E-27  1.22078E+05  1.27213E-03 -3.33097E+01
  7.46299E+00  1.95267E-27  1.32965E+05  1.27239E-03 -3.30453E+01
  7.50978E+00  1.82393E-27  1.43399E+05  1.27420E-03 -3.23246E+01
  7.55657E+00  1.69519E-27  1.55417E+05  1.27628E-03 -3.14944E+01
  7.60336E+00  1.56542E-27  1.70232E+05  1.28125E-03 -3.02047E+01
  7.65015E+00  1.43566E-27  1.87726E+05  1.28712E-03 -2.86818E+01
  7.69694E+00  1.29675E-27  2.10331E+05  1.29751E-03 -2.68548E+01
  7.74373E+00  1.15783E-27  2.38359E+05  1.31040E-03 -2.45893E+01
  7.79052E+00  1.03380E-27  2.69547E+05  1.32820E-03 -2.23457E+01
  7.83731E+00  9.09760E-28  3.09239E+05  1.35086E-03 -1.94904E+01
  7.88410E+00  8.15751E-28  3.47316E+05  1.37437E-03 -1.68253E+01
  7.93089E+00  7.21742E-28  3.95313E+05  1.40402E-03 -1.34660E+01
  7.97768E+00  6.54803E-28  4.37178E+05  1.43057E-03 -1.02723E+01
  8.02447E+00  5.87863E-28  4.88578E+05  1.46316E-03 -6.35128E+00
  8.07126E+00  5.44063E-28  5.27959E+05  1.48942E-03 -2.86392E+00
  8.11805E+00  5.00263E-28  5.74236E+05  1.52027E-03  1.23411E+00
  8.16484E+00  4.74203E-28  6.06163E+05  1.54093E-03  4.23697E+00
  8.21163E+00  4.48143E-28  6.41803E+05  1.56400E-03  7.58907E+00
  8.25842E+00  4.33358E-28  6.63852E+05  1.57681E-03  9.57652E+00
  8.30521E+00  4.18572E-28  6.87458E+05  1.59053E-03  1.17044E+01
  8.35200E+00  4.41948E-28  6.52934E+05  1.55475E-03  1.28056E+01
  8.39879E+00  4.65325E-28  6.21880E+05  1.52257E-03  1.37962E+01
  8.44558E+00  5.08006E-28  5.69558E+05  1.48120E-03  1.35657E+01
  8.49237E+00  5.50688E-28  5.25347E+05  1.44625E-03  1.33708E+01
  8.53916E+00  5.24493E-28  5.50053E+05  1.46768E-03  1.08973E+01
  8.58595E+00  4.98298E-28  5.77356E+05  1.49137E-03  8.16361E+00
  8.63274E+00  4.23116E-28  6.80296E+05  1.55933E-03  4.73314E+00
  8.67953E+00  3.47935E-28  8.27722E+05  1.65666E-03 -1.79853E-01
  8.72632E+00  3.36965E-28  8.54316E+05  1.67531E-03 -3.55728E+00
  8.77311E+00  3.25995E-28  8.82700E+05  1.69521E-03 -7.16201E+00
  8.81990E+00  3.42857E-28  8.38922E+05  1.67050E-03 -8.53790E+00
  8.86669E+00  3.59719E-28  7.99248E+05  1.64810E-03 -9.78479E+00
  8.91348E+00  3.99689E-28  7.18450E+05  1.60050E-03 -9.53372E+00
  8.96027E+00  4.39659E-28  6.52343E+05  1.56156E-03 -9.32829E+00
  9.00706E+00  5.24368E-28  5.47448E+05  1.48968E-03 -8.46121E+00
  9.05385E+00  6.09077E-28  4.71730E+05  1.43780E-03 -7.83531E+00
  9.10064E+00  7.24458E-28  3.96811E+05  1.37831E-03 -7.39434E+00
  9.14743E+00  8.39839E-28  3.42477E+05  1.33516E-03 -7.07453E+00
  9.19422E+00  8.08592E-28  3.54057E+05  1.33273E-03 -8.00722E+00
  9.24101E+00  7.77346E-28  3.66568E+05  1.33009E-03 -9.01489E+00
  9.28780E+00  7.77346E-28  3.66568E+05  1.33009E-03 -9.01489E+00
  9.33459E+00  7.77346E-28  3.66568E+05  1.33009E-03 -9.01489E+00
  9.38138E+00  5.55081E-28  5.17683E+05  1.41520E-03 -1.18909E+01
  9.42817E+00  3.32815E-28  8.70639E+05  1.61400E-03 -1.86084E+01
  9.47496E+00  3.32815E-28  8.70639E+05  1.61400E-03 -1.86084E+01
  9.52175E+00  3.32815E-28  8.70639E+05  1.61400E-03 -1.86084E+01
  9.56854E+00  2.92238E-28  9.90076E+05  1.70017E-03 -2.22906E+01
  9.61533E+00  2.51661E-28  1.14803E+06  1.81413E-03 -2.71602E+01
  9.66212E+00  2.51661E-28  1.14803E+06  1.81413E-03 -2.71602E+01
  9.70891E+00  2.51661E-28  1.14803E+06  1.81413E-03 -2.71602E+01
  9.75570E+00  2.39784E-28  1.19918E+06  1.85862E-03 -2.95957E+01
  9.80249E+00  2.27908E-28  1.25567E+06  1.90776E-03 -3.22851E+01
  9.84928E+00  2.27908E-28  1.25567E+06  1.90776E-03 -3.22851E+01
  9.89607E+00  2.27908E-28  1.25567E+06  1.90776E-03 -3.22851E+01
  9.94286E+00  2.20928E-28  1.28939E+06  1.93051E-03 -3.26290E+01
  9.98965E+00  2.13949E-28  1.32532E+06  1.95475E-03 -3.29954E+01
  1.00364E+01  2.13949E-28  1.32532E+06  1.95475E-03 -3.29954E+01
  1.00832E+01  2.13949E-28  1.32532E+06  1.95475E-03 -3.29954E+01
  1.01300E+01  2.18915E-28  1.28660E+06  1.94103E-03 -3.15524E+01
  1.01768E+01  2.23881E-28  1.24960E+06  1.92792E-03 -3.01733E+01
  1.02236E+01  2.23881E-28  1.24960E+06  1.92792E-03 -3.01733E+01
  1.02704E+01  2.23881E-28  1.24960E+06  1.92792E-03 -3.01733E+01
  1.03172E+01  2.44081E-28  1.13635E+06  1.87191E-03 -2.76521E+01
  1.03640E+01  2.64281E-28  1.04041E+06  1.82445E-03 -2.55164E+01
  1.04108E+01  2.64281E-28  1.04041E+06  1.82445E-03 -2.55164E+01
  1.04575E+01  2.64281E-28  1.04041E+06  1.82445E-03 -2.55164E+01
  1.05043E+01  3.02006E-28  8.95959E+05  1.75236E-03 -2.34615E+01
  1.05511E+01  3.39731E-28  7.83590E+05  1.69627E-03 -2.18630E+01
  1.05979E+01  3.39731E-28  7.83590E+05  1.69627E-03 -2.18630E+01
  1.06447E+01  3.39731E-28  7.83590E+05  1.69627E-03 -2.18630E+01
  1.06915E+01  3.85989E-28  6.79384E+05  1.64045E-03 -2.09336E+01
  1.07383E+01  4.32246E-28  5.97483E+05  1.59659E-03 -2.02031E+01
  1.07851E+01  4.32246E-28  5.97483E+05  1.59659E-03 -2.02031E+01
  1.08319E+01  4.32246E-28  5.97483E+05  1.59659E-03 -2.02031E+01
  1.08787E+01  4.60770E-28  5.55464E+05  1.57705E-03 -2.00482E+01
  1.09254E+01  4.89293E-28  5.18345E+05  1.55979E-03 -1.99114E+01
  1.09722E+01  4.89293E-28  5.18345E+05  1.55979E-03 -1.99114E+01
  1.10190E+01  4.89293E-28  5.18345E+05  1.55979E-03 -1.99114E+01
  1.10658E+01  4.91443E-28  5.17080E+05  1.56084E-03 -2.04016E+01
  1.11126E+01  4.93594E-28  5.15825E+05  1.56188E-03 -2.08874E+01
  1.11594E+01  4.93594E-28  5.15825E+05  1.56188E-03 -2.08874E+01
  1.12062E+01  4.93594E-28  5.15825E+05  1.56188E-03 -2.08874E+01
  1.12530E+01  4.69860E-28  5.47541E+05  1.58557E-03 -2.19306E+01
  1.12998E+01  4.46126E-28  5.82631E+05  1.61178E-03 -2.30847E+01
  1.13466E+01  4.46126E-28  5.82631E+05  1.61178E-03 -2.30847E+01
  1.13933E+01  4.46126E-28  5.82631E+05  1.61178E-03 -2.30847E+01
  1.14401E+01  4.13667E-28  6.35938E+05  1.64156E-03 -2.43934E+01
  1.14869E+01  3.81208E-28  6.98324E+05  1.67641E-03 -2.59250E+01
  1.15337E+01  3.81208E-28  6.98324E+05  1.67641E-03 -2.59250E+01
  1.15805E+01  3.81208E-28  6.98324E+05  1.67641E-03 -2.59250E+01
  1.16273E+01  3.85971E-28  6.94535E+05  1.66800E-03 -2.73397E+01
  1.16741E+01  3.90734E-28  6.90839E+05  1.65980E-03 -2.87199E+01
  1.17209E+01  3.90734E-28  6.90839E+05  1.65980E-03 -2.87199E+01
  1.17677E+01  3.90734E-28  6.90839E+05  1.65980E-03 -2.87199E+01
  1.18145E+01  4.35264E-28  6.21667E+05  1.62364E-03 -3.05235E+01
  1.18612E+01  4.79794E-28  5.65334E+05  1.59420E-03 -3.19924E+01
  1.19080E+01  4.79794E-28  5.65334E+05  1.59420E-03 -3.19924E+01
  1.19548E+01  4.79794E-28  5.65334E+05  1.59420E-03 -3.19924E+01
  1.20016E+01  4.83310E-28  5.62757E+05  1.59138E-03 -3.47143E+01
  1.20484E+01  4.86826E-28  5.60217E+05  1.58860E-03 -3.73970E+01
  1.20952E+01  4.86826E-28  5.60217E+05  1.58860E-03 -3.73970E+01
  1.21420E+01  4.86826E-28  5.60217E+05  1.58860E-03 -3.73970E+01
  1.21888E+01  4.24801E-28  6.46991E+05  1.63426E-03 -4.06023E+01
  1.22356E+01  3.62775E-28  7.63438E+05  1.69554E-03 -4.49038E+01
  1.22824E+01  3.62775E-28  7.63438E+05  1.69554E-03 -4.49038E+01
  1.23291E+01  3.62775E-28  7.63438E+05  1.69554E-03 -4.49038E+01
  1.23759E+01  3.06964E-28  9.12735E+05  1.77922E-03 -4.72444E+01
  1.24227E+01  2.51154E-28  1.12838E+06  1.90011E-03 -5.06252E+01
  1.24695E+01  2.51154E-28  1.12838E+06  1.90011E-03 -5.06252E+01
  1.25163E+01  2.51154E-28  1.12838E+06  1.90011E-03 -5.06252E+01
  1.25631E+01  2.30799E-28  1.24482E+06  1.93982E-03 -5.05894E+01
  1.26099E+01  2.10445E-28  1.38378E+06  1.98722E-03 -5.05467E+01
  1.26567E+01  2.10445E-28  1.38378E+06  1.98722E-03 -5.05467E+01
  1.27035E+01  2.10445E-28  1.38378E+06  1.98722E-03 -5.05467E+01
  1.27503E+01  2.10414E-28  1.38937E+06  1.98776E-03 -4.92374E+01
  1.27970E+01  2.10383E-28  1.39496E+06  1.98831E-03 -4.79277E+01
  1.28438E+01  2.10383E-28  1.39496E+06  1.98831E-03 -4.79277E+01
  1.28906E+01  2.10383E-28  1.39496E+06  1.98831E-03 -4.79277E+01
  1.29374E+01  2.11672E-28  1.39137E+06  1.98635E-03 -4.72224E+01
  1.29842E+01  2.12960E-28  1.38781E+06  1.98442E-03 -4.65256E+01
  1.30310E+01  2.12960E-28  1.38781E+06  1.98442E-03 -4.65256E+01
  1.30778E+01  2.12960E-28  1.38781E+06  1.98442E-03 -4.65256E+01
  1.31246E+01  2.13545E-28  1.38802E+06  1.98540E-03 -4.61727E+01
  1.31714E+01  2.14129E-28  1.38824E+06  1.98637E-03 -4.58217E+01
  1.32182E+01  2.14129E-28  1.38824E+06  1.98637E-03 -4.58217E+01
  1.32649E+01  2.14129E-28  1.38824E+06  1.98637E-03 -4.58217E+01
  1.33117E+01  2.14313E-28  1.39033E+06  1.98761E-03 -4.55613E+01
  1.33585E+01  2.14496E-28  1.39242E+06  1.98884E-03 -4.53015E+01
  1.34053E+01  2.14496E-28  1.39242E+06  1.98884E-03 -4.53015E+01
  1.34521E+01  2.14496E-28  1.39242E+06  1.98884E-03 -4.53015E+01
  1.34989E+01  2.14548E-28  1.39511E+06  1.99008E-03 -4.50107E+01
  1.35457E+01  2.14601E-28  1.39780E+06  1.99133E-03 -4.47201E+01
  1.35925E+01  2.14601E-28  1.39780E+06  1.99133E-03 -4.47201E+01
  1.36393E+01  2.14601E-28  1.39780E+06  1.99133E-03 -4.47201E+01
  1.36861E+01  2.14571E-28  1.40097E+06  1.99249E-03 -4.43494E+01
  1.37328E+01  2.14542E-28  1.40414E+06  1.99365E-03 -4.39786E+01
  1.37796E+01  2.14542E-28  1.40414E+06  1.99365E-03 -4.39786E+01
  1.38264E+01  2.14542E-28  1.40414E+06  1.99365E-03 -4.39786E+01
  1.38732E+01  2.14269E-28  1.40823E+06  1.99518E-03 -4.36392E+01
  1.39200E+01  2.13996E-28  1.41233E+06  1.99671E-03 -4.32989E+01
  1.39668E+01  2.13996E-28  1.41233E+06  1.99671E-03 -4.32989E+01
  1.40136E+01  2.13996E-28  1.41233E+06  1.99671E-03 -4.32989E+01
  1.40604E+01  2.13996E-28  1.41233E+06  1.99671E-03 -4.32989E+01
  1.41072E+01  2.13996E-28  1.41233E+06  1.99671E-03 -4.32989E+01
  1.41540E+01  2.13996E-28  1.41233E+06  1.99671E-03 -4.32989E+01
  1.42007E+01  2.13996E-28  1.41233E+06  1.99671E-03 -4.32989E+01
  1.42475E+01  2.13996E-28  1.41463E+06  1.99750E-03 -4.21388E+01
  1.42943E+01  2.13997E-28  1.41694E+06  1.99829E-03 -4.09786E+01
  1.43411E+01  2.13997E-28  1.41694E+06  1.99829E-03 -4.09786E+01
  1.43879E+01  2.13997E-28  1.41694E+06  1.99829E-03 -4.09786E+01
  1.44347E+01  2.13997E-28  1.41694E+06  1.99829E-03 -4.09786E+01
  1.44815E+01  2.13997E-28  1.41694E+06  1.99829E-03 -4.09786E+01
  1.45283E+01  2.13997E-28  1.41694E+06  1.99829E-03 -4.09786E+01
  1.45751E+01  2.13997E-28  1.41694E+06  1.99829E-03 -4.09786E+01
  1.46219E+01  2.13851E-28  1.41766E+06  1.99887E-03 -4.00146E+01
  1.46686E+01  2.13705E-28  1.41838E+06  1.99944E-03 -3.90493E+01
  1.47154E+01  2.13705E-28  1.41838E+06  1.99944E-03 -3.90493E+01
  1.47622E+01  2.13705E-28  1.41838E+06  1.99944E-03 -3.90493E+01
  1.48090E+01  2.13705E-28  1.41838E+06  1.99944E-03 -3.90493E+01
  1.48558E+01  2.13705E-28  1.41838E+06  1.99944E-03 -3.90493E+01
  1.49026E+01  2.13705E-28  1.41838E+06  1.99944E-03 -3.90493E+01
  1.49494E+01  2.13705E-28  1.41838E+06  1.99944E-03 -3.90493E+01
  1.49962E+01  2.13522E-28  1.41759E+06  1.99967E-03 -3.82791E+01
  1.50430E+01  2.13339E-28  1.41680E+06  1.99990E-03 -3.75076E+01
  1.50898E+01  2.13339E-28  1.41680E+06  1.99990E-03 -3.75076E+01
  1.51365E+01  2.13339E-28  1.41680E+06  1.99990E-03 -3.75076E+01
  1.51833E+01  2.13339E-28  1.41680E+06  1.99990E-03 -3.75076E+01
  1.52301E+01  2.13339E-28  1.41680E+06  1.99990E-03 -3.75076E+01
  1.52769E+01  2.13339E-28  1.41680E+06  1.99990E-03 -3.75076E+01
  1.53237E+01  2.13339E-28  1.41680E+06  1.99990E-03 -3.75076E+01
  1.53705E+01  2.13153E-28  1.41543E+06  1.99995E-03 -3.68643E+01
  1.54173E+01  2.12967E-28  1.41405E+06  1.99999E-03 -3.62200E+01
  1.54641E+01  2.12967E-28  1.41405E+06  1.99999E-03 -3.62200E+01
  1.55109E+01  2.12967E-28  1.41405E+06  1.99999E-03 -3.62200E+01
  1.55577E+01  2.12967E-28  1.41405E+06  1.99999E-03 -3.62200E+01
  1.56044E+01  2.12967E-28  1.41405E+06  1.99999E-03 -3.62200E+01
  1.56512E+01  2.12967E-28  1.41405E+06  1.99999E-03 -3.62200E+01
  1.56980E+01  2.12967E-28  1.41405E+06  1.99999E-03 -3.62200E+01
  1.57448E+01  2.12783E-28  1.41333E+06  2.00000E-03 -3.56513E+01
  1.57916E+01  2.12599E-28  1.41261E+06  2.00000E-03 -3.50815E+01
  1.58384E+01  2.12599E-28  1.41261E+06  2.00000E-03 -3.50815E+01
  1.58852E+01  2.12599E-28  1.41261E+06  2.00000E-03 -3.50815E+01
  1.59320E+01  2.12599E-28  1.41261E+06  2.00000E-03 -3.50815E+01
  1.59788E+01  2.12599E-28  1.41261E+06  2.00000E-03 -3.50815E+01
  1.60256E+01  2.12599E-28  1.41261E+06  2.00000E-03 -3.50815E+01
  1.60723E+01  2.12599E-28  1.41261E+06  2.00000E-03 -3.50815E+01
  1.61191E+01  2.12557E-28  1.41245E+06  2.00000E-03 -3.45235E+01
  1.61659E+01  2.12514E-28  1.41229E+06  2.00000E-03 -3.39652E+01
  1.62127E+01  2.12514E-28  1.41229E+06  2.00000E-03 -3.39652E+01
  1.62595E+01  2.12514E-28  1.41229E+06  2.00000E-03 -3.39652E+01
  1.63063E+01  2.12514E-28  1.41229E+06  2.00000E-03 -3.39652E+01
  1.63531E+01  2.12514E-28  1.41229E+06  2.00000E-03 -3.39652E+01
  1.63999E+01  2.12514E-28  1.41229E+06  2.00000E-03 -3.39652E+01
  1.64467E+01  2.12514E-28  1.41229E+06  2.00000E-03 -3.39652E+01
  1.64935E+01  2.12625E-28  1.41267E+06  2.00000E-03 -3.33820E+01
  1.65402E+01  2.12736E-28  1.41304E+06  2.00000E-03 -3.27994E+01
  1.65870E+01  2.12736E-28  1.41304E+06  2.00000E-03 -3.27994E+01
  1.66338E+01  2.12736E-28  1.41304E+06  2.00000E-03 -3.27994E+01
  1.66806E+01  2.12736E-28  1.41304E+06  2.00000E-03 -3.27994E+01
  1.67274E+01  2.12736E-28  1.41304E+06  2.00000E-03 -3.27994E+01
  1.67742E+01  2.12736E-28  1.41304E+06  2.00000E-03 -3.27994E+01
  1.68210E+01  2.12736E-28  1.41304E+06  2.00000E-03 -3.27994E+01
  1.68678E+01  2.12949E-28  1.41392E+06  2.00000E-03 -3.22066E+01
  1.69146E+01  2.13163E-28  1.41479E+06  2.00000E-03 -3.16149E+01
  1.69613E+01  2.13163E-28  1.41479E+06  2.00000E-03 -3.16149E+01
  1.70081E+01  2.13163E-28  1.41479E+06  2.00000E-03 -3.16149E+01
  1.70549E+01  2.13163E-28  1.41479E+06  2.00000E-03 -3.16149E+01
  1.71017E+01  2.13163E-28  1.41479E+06  2.00000E-03 -3.16149E+01
  1.71485E+01  2.13163E-28  1.41479E+06  2.00000E-03 -3.16149E+01
  1.71953E+01  2.13163E-28  1.41479E+06  2.00000E-03 -3.16149E+01
  1.72421E+01  2.13445E-28  1.41602E+06  2.00000E-03 -3.10310E+01
  1.72889E+01  2.13727E-28  1.41726E+06  2.00000E-03 -3.04486E+01
  1.73357E+01  2.13727E-28  1.41726E+06  2.00000E-03 -3.04486E+01
  1.73825E+01  2.13727E-28  1.41726E+06  2.00000E-03 -3.04486E+01
  1.74292E+01  2.13727E-28  1.41726E+06  2.00000E-03 -3.04486E+01
  1.74760E+01  2.13727E-28  1.41726E+06  2.00000E-03 -3.04486E+01
  1.75228E+01  2.13727E-28  1.41726E+06  2.00000E-03 -3.04486E+01
  1.75696E+01  2.13727E-28  1.41726E+06  2.00000E-03 -3.04486E+01
  1.76164E+01  2.14041E-28  1.41870E+06  2.00000E-03 -2.98751E+01
  1.76632E+01  2.14354E-28  1.42014E+06  2.00000E-03 -2.93032E+01
  1.77100E+01  2.14354E-28  1.42014E+06  2.00000E-03 -2.93032E+01
  1.77568E+01  2.14354E-28  1.42014E+06  2.00000E-03 -2.93032E+01
  1.78036E+01  2.14354E-28  1.42014E+06  2.00000E-03 -2.93032E+01
  1.78504E+01  2.14354E-28  1.42014E+06  2.00000E-03 -2.93032E+01
  1.78971E+01  2.14354E-28  1.42014E+06  2.00000E-03 -2.93032E+01
  1.79439E+01  2.14354E-28  1.42014E+06  2.00000E-03 -2.93032E+01
  1.79907E+01  2.14680E-28  1.42161E+06  2.00000E-03 -2.87359E+01
  1.80375E+01  2.15006E-28  1.42307E+06  2.00000E-03 -2.81703E+01
  1.80843E+01  2.15006E-28  1.42307E+06  2.00000E-03 -2.81703E+01
  1.81311E+01  2.15006E-28  1.42307E+06  2.00000E-03 -2.81703E+01
  1.81779E+01  2.15006E-28  1.42307E+06  2.00000E-03 -2.81703E+01
  1.82247E+01  2.15006E-28  1.42307E+06  2.00000E-03 -2.81703E+01
  1.82715E+01  2.15006E-28  1.42307E+06  2.00000E-03 -2.81703E+01
  1.83183E+01  2.15006E-28  1.42307E+06  2.00000E-03 -2.81703E+01
  1.83650E+01  2.15327E-28  1.42443E+06  2.00000E-03 -2.76113E+01
  1.84118E+01  2.15648E-28  1.42578E+06  2.00000E-03 -2.70540E+01
  1.84586E+01  2.15648E-28  1.42578E+06  2.00000E-03 -2.70540E+01
  1.85054E+01  2.15648E-28  1.42578E+06  2.00000E-03 -2.70540E+01
  1.85522E+01  2.15648E-28  1.42578E+06  2.00000E-03 -2.70540E+01
  1.85990E+01  2.15648E-28  1.42578E+06  2.00000E-03 -2.70540E+01
  1.86458E+01  2.15648E-28  1.42578E+06  2.00000E-03 -2.70540E+01
  1.86926E+01  2.15648E-28  1.42578E+06  2.00000E-03 -2.70540E+01
  1.87394E+01  2.15989E-28  1.42737E+06  2.00000E-03 -2.62314E+01
  1.87862E+01  2.16330E-28  1.42895E+06  2.00000E-03 -2.54115E+01
  1.88329E+01  2.16330E-28  1.42895E+06  2.00000E-03 -2.54115E+01
  1.88797E+01  2.16330E-28  1.42895E+06  2.00000E-03 -2.54115E+01
  1.89265E+01  2.16330E-28  1.42895E+06  2.00000E-03 -2.54115E+01
  1.89733E+01  2.16330E-28  1.42895E+06  2.00000E-03 -2.54115E+01
  1.90201E+01  2.16330E-28  1.42895E+06  2.00000E-03 -2.54115E+01
  1.90669E+01  2.16330E-28  1.42895E+06  2.00000E-03 -2.54115E+01
  1.91137E+01  2.16330E-28  1.42895E+06  2.00000E-03 -2.54115E+01
  1.91605E+01  2.16330E-28  1.42895E+06  2.00000E-03 -2.54115E+01
  1.92073E+01  2.16330E-28  1.42895E+06  2.00000E-03 -2.54115E+01
  1.92541E+01  2.16330E-28  1.42895E+06  2.00000E-03 -2.54115E+01
  1.93008E+01  2.16330E-28  1.42895E+06  2.00000E-03 -2.54115E+01
  1.93476E+01  2.16330E-28  1.42895E+06  2.00000E-03 -2.54115E+01
  1.93944E+01  2.16330E-28  1.42895E+06  2.00000E-03 -2.54115E+01
  1.94412E+01  2.16330E-28  1.42895E+06  2.00000E-03 -2.54115E+01
  1.94880E+01  2.16691E-28  1.43038E+06  2.00000E-03 -2.45427E+01
  1.95348E+01  2.17052E-28  1.43181E+06  2.00000E-03 -2.36767E+01
  1.95816E+01  2.17052E-28  1.43181E+06  2.00000E-03 -2.36767E+01
  1.96284E+01  2.17052E-28  1.43181E+06  2.00000E-03 -2.36767E+01
  1.96752E+01  2.17052E-28  1.43181E+06  2.00000E-03 -2.36767E+01
  1.97220E+01  2.17052E-28  1.43181E+06  2.00000E-03 -2.36767E+01
  1.97687E+01  2.17052E-28  1.43181E+06  2.00000E-03 -2.36767E+01
  1.98155E+01  2.17052E-28  1.43181E+06  2.00000E-03 -2.36767E+01
  1.98623E+01  2.17052E-28  1.43181E+06  2.00000E-03 -2.36767E+01
  1.99091E+01  2.17052E-28  1.43181E+06  2.00000E-03 -2.36767E+01
  1.99559E+01  2.17052E-28  1.43181E+06  2.00000E-03 -2.36767E+01
  2.00027E+01  2.17052E-28  1.43181E+06  2.00000E-03 -2.36767E+01
  2.00495E+01  2.17052E-28  1.43181E+06  2.00000E-03 -2.36767E+01
  2.00963E+01  2.17052E-28  1.43181E+06  2.00000E-03 -2.36767E+01
  2.01431E+01  2.17052E-28  1.43181E+06  2.00000E-03 -2.36767E+01
  2.01899E+01  2.17052E-28  1.43181E+06  2.00000E-03 -2.36767E+01
  2.02366E+01  2.17151E-28  1.43227E+06  2.00000E-03 -2.29993E+01
  2.02834E+01  2.17251E-28  1.43273E+06  2.00000E-03 -2.23224E+01
  2.03302E+01  2.17251E-28  1.43273E+06  2.00000E-03 -2.23224E+01
  2.03770E+01  2.17251E-28  1.43273E+06  2.00000E-03 -2.23224E+01
  2.04238E+01  2.17251E-28  1.43273E+06  2.00000E-03 -2.23224E+01
  2.04706E+01  2.17251E-28  1.43273E+06  2.00000E-03 -2.23224E+01
  2.05174E+01  2.17251E-28  1.43273E+06  2.00000E-03 -2.23224E+01
  2.05642E+01  2.17251E-28  1.43273E+06  2.00000E-03 -2.23224E+01
  2.06110E+01  2.17251E-28  1.43273E+06  2.00000E-03 -2.23224E+01
  2.06578E+01  2.17251E-28  1.43273E+06  2.00000E-03 -2.23224E+01
  2.07045E+01  2.17251E-28  1.43273E+06  2.00000E-03 -2.23224E+01
  2.07513E+01  2.17251E-28  1.43273E+06  2.00000E-03 -2.23224E+01
  2.07981E+01  2.17251E-28  1.43273E+06  2.00000E-03 -2.23224E+01
  2.08449E+01  2.17251E-28  1.43273E+06  2.00000E-03 -2.23224E+01
  2.08917E+01  2.17251E-28  1.43273E+06  2.00000E-03 -2.23224E+01
  2.09385E+01  2.17251E-28  1.43273E+06  2.00000E-03 -2.23224E+01
  2.09853E+01  2.17153E-28  1.43227E+06  2.00000E-03 -2.17927E+01
  2.10321E+01  2.17054E-28  1.43182E+06  2.00000E-03 -2.12626E+01
  2.10789E+01  2.17054E-28  1.43182E+06  2.00000E-03 -2.12626E+01
  2.11257E+01  2.17054E-28  1.43182E+06  2.00000E-03 -2.12626E+01
  2.11724E+01  2.17054E-28  1.43182E+06  2.00000E-03 -2.12626E+01
  2.12192E+01  2.17054E-28  1.43182E+06  2.00000E-03 -2.12626E+01
  2.12660E+01  2.17054E-28  1.43182E+06  2.00000E-03 -2.12626E+01
  2.13128E+01  2.17054E-28  1.43182E+06  2.00000E-03 -2.12626E+01
  2.13596E+01  2.17054E-28  1.43182E+06  2.00000E-03 -2.12626E+01
  2.14064E+01  2.17054E-28  1.43182E+06  2.00000E-03 -2.12626E+01
  2.14532E+01  2.17054E-28  1.43182E+06  2.00000E-03 -2.12626E+01
  2.15000E+01  2.17054E-28  1.43182E+06  2.00000E-03 -2.12626E+01
  2.15468E+01  2.17054E-28  1.43182E+06  2.00000E-03 -2.12626E+01
  2.15936E+01  2.17054E-28  1.43182E+06  2.00000E-03 -2.12626E+01
  2.16403E+01  2.17054E-28  1.43182E+06  2.00000E-03 -2.12626E+01
  2.16871E+01  2.17054E-28  1.43182E+06  2.00000E-03 -2.12626E+01
  2.17339E+01  2.16836E-28  1.43085E+06  2.00000E-03 -2.08327E+01
  2.17807E+01  2.16617E-28  1.42988E+06  2.00000E-03 -2.04020E+01
  2.18275E+01  2.16617E-28  1.42988E+06  2.00000E-03 -2.04020E+01
  2.18743E+01  2.16617E-28  1.42988E+06  2.00000E-03 -2.04020E+01
  2.19211E+01  2.16617E-28  1.42988E+06  2.00000E-03 -2.04020E+01
  2.19679E+01  2.16617E-28  1.42988E+06  2.00000E-03 -2.04020E+01
  2.20147E+01  2.16617E-28  1.42988E+06  2.00000E-03 -2.04020E+01
  2.20615E+01  2.16617E-28  1.42988E+06  2.00000E-03 -2.04020E+01
  2.21082E+01  2.16617E-28  1.42988E+06  2.00000E-03 -2.04020E+01
  2.21550E+01  2.16617E-28  1.42988E+06  2.00000E-03 -2.04020E+01
  2.22018E+01  2.16617E-28  1.42988E+06  2.00000E-03 -2.04020E+01
  2.22486E+01  2.16617E-28  1.42988E+06  2.00000E-03 -2.04020E+01
  2.22954E+01  2.16617E-28  1.42988E+06  2.00000E-03 -2.04020E+01
  2.23422E+01  2.16617E-28  1.42988E+06  2.00000E-03 -2.04020E+01
  2.23890E+01  2.16617E-28  1.42988E+06  2.00000E-03 -2.04020E+01
  2.24358E+01  2.16617E-28  1.42988E+06  2.00000E-03 -2.04020E+01
  2.24826E+01  2.16392E-28  1.42888E+06  2.00000E-03 -2.00044E+01
  2.25294E+01  2.16167E-28  1.42788E+06  2.00000E-03 -1.96059E+01
  2.25761E+01  2.16167E-28  1.42788E+06  2.00000E-03 -1.96059E+01
  2.26229E+01  2.16167E-28  1.42788E+06  2.00000E-03 -1.96059E+01
  2.26697E+01  2.16167E-28  1.42788E+06  2.00000E-03 -1.96059E+01
  2.27165E+01  2.16167E-28  1.42788E+06  2.00000E-03 -1.96059E+01
  2.27633E+01  2.16167E-28  1.42788E+06  2.00000E-03 -1.96059E+01
  2.28101E+01  2.16167E-28  1.42788E+06  2.00000E-03 -1.96059E+01
  2.28569E+01  2.16167E-28  1.42788E+06  2.00000E-03 -1.96059E+01
  2.29037E+01  2.16167E-28  1.42788E+06  2.00000E-03 -1.96059E+01
  2.29505E+01  2.16167E-28  1.42788E+06  2.00000E-03 -1.96059E+01
  2.29972E+01  2.16167E-28  1.42788E+06  2.00000E-03 -1.96059E+01
  2.30440E+01  2.16167E-28  1.42788E+06  2.00000E-03 -1.96059E+01
  2.30908E+01  2.16167E-28  1.42788E+06  2.00000E-03 -1.96059E+01
  2.31376E+01  2.16167E-28  1.42788E+06  2.00000E-03 -1.96059E+01
  2.31844E+01  2.16167E-28  1.42788E+06  2.00000E-03 -1.96059E+01
  2.32312E+01  2.16001E-28  1.42715E+06  2.00000E-03 -1.91858E+01
  2.32780E+01  2.15836E-28  1.42642E+06  2.00000E-03 -1.87652E+01
  2.33248E+01  2.15836E-28  1.42642E+06  2.00000E-03 -1.87652E+01
  2.33716E+01  2.15836E-28  1.42642E+06  2.00000E-03 -1.87652E+01
  2.34184E+01  2.15836E-28  1.42642E+06  2.00000E-03 -1.87652E+01
  2.34651E+01  2.15836E-28  1.42642E+06  2.00000E-03 -1.87652E+01
  2.35119E+01  2.15836E-28  1.42642E+06  2.00000E-03 -1.87652E+01
  2.35587E+01  2.15836E-28  1.42642E+06  2.00000E-03 -1.87652E+01
  2.36055E+01  2.15836E-28  1.42642E+06  2.00000E-03 -1.87652E+01
  2.36523E+01  2.15836E-28  1.42642E+06  2.00000E-03 -1.87652E+01
  2.36991E+01  2.15836E-28  1.42642E+06  2.00000E-03 -1.87652E+01
  2.37459E+01  2.15836E-28  1.42642E+06  2.00000E-03 -1.87652E+01
  2.37927E+01  2.15836E-28  1.42642E+06  2.00000E-03 -1.87652E+01
  2.38395E+01  2.15836E-28  1.42642E+06  2.00000E-03 -1.87652E+01
  2.38863E+01  2.15836E-28  1.42642E+06  2.00000E-03 -1.87652E+01
  2.39330E+01  2.15836E-28  1.42642E+06  2.00000E-03 -1.87652E+01
  2.39798E+01  2.15761E-28  1.42608E+06  2.00000E-03 -1.83124E+01
