 -2.99580E+01  2.16664E-28  1.43009E+06  2.00000E-03  1.03804E+01
 -2.98644E+01  2.16664E-28  1.43009E+06  2.00000E-03  1.03804E+01
 -2.97709E+01  2.16708E-28  1.43029E+06  2.00000E-03  1.03867E+01
 -2.96773E+01  2.16836E-28  1.43085E+06  2.00000E-03  1.04046E+01
 -2.95837E+01  2.17021E-28  1.43166E+06  2.00000E-03  1.04307E+01
 -2.94901E+01  2.17049E-28  1.43179E+06  2.00000E-03  1.04347E+01
 -2.93965E+01  2.17049E-28  1.43179E+06  2.00000E-03  1.04347E+01
 -2.93030E+01  2.17049E-28  1.43179E+06  2.00000E-03  1.04347E+01
 -2.92094E+01  2.17049E-28  1.43179E+06  2.00000E-03  1.04347E+01
 -2.91158E+01  2.17132E-28  1.43216E+06  2.00000E-03  1.05219E+01
 -2.90222E+01  2.17194E-28  1.43244E+06  2.00000E-03  1.05872E+01
 -2.89286E+01  2.17194E-28  1.43244E+06  2.00000E-03  1.05872E+01
 -2.88351E+01  2.17194E-28  1.43244E+06  2.00000E-03  1.05872E+01
 -2.87415E+01  2.17194E-28  1.43244E+06  2.00000E-03  1.05872E+01
 -2.86479E+01  2.17194E-28  1.43244E+06  2.00000E-03  1.05872E+01
 -2.85543E+01  2.17194E-28  1.43244E+06  2.00000E-03  1.05872E+01
 -2.84607E+01  2.17194E-28  1.43244E+06  2.00000E-03  1.05872E+01
 -2.83672E+01  2.17209E-28  1.43250E+06  2.00000E-03  1.05872E+01
 -2.82736E+01  2.17412E-28  1.43339E+06  2.00000E-03  1.05874E+01
 -2.81800E+01  2.17845E-28  1.43530E+06  2.00000E-03  1.05383E+01
 -2.80864E+01  2.18291E-28  1.43726E+06  2.00000E-03  1.04407E+01
 -2.79928E+01  2.18329E-28  1.43743E+06  2.00000E-03  1.04252E+01
 -2.78993E+01  2.18357E-28  1.43755E+06  2.00000E-03  1.04133E+01
 -2.78057E+01  2.18444E-28  1.43793E+06  2.00000E-03  1.03773E+01
 -2.77121E+01  2.18457E-28  1.43799E+06  2.00000E-03  1.03717E+01
 -2.76185E+01  2.18457E-28  1.43799E+06  2.00000E-03  1.03717E+01
 -2.75249E+01  2.18457E-28  1.43799E+06  2.00000E-03  1.03717E+01
 -2.74314E+01  2.18457E-28  1.43799E+06  2.00000E-03  1.03717E+01
 -2.73378E+01  2.18457E-28  1.43799E+06  2.00000E-03  1.03717E+01
 -2.72442E+01  2.18689E-28  1.43901E+06  2.00000E-03  1.03089E+01
 -2.71506E+01  2.19261E-28  1.44153E+06  2.00000E-03  1.01543E+01
 -2.70570E+01  2.19302E-28  1.44171E+06  2.00000E-03  1.01434E+01
 -2.69635E+01  2.19319E-28  1.44178E+06  2.00000E-03  1.01449E+01
 -2.68699E+01  2.19473E-28  1.44245E+06  2.00000E-03  1.01584E+01
 -2.67763E+01  2.19642E-28  1.44319E+06  2.00000E-03  1.01733E+01
 -2.66827E+01  2.19720E-28  1.44353E+06  2.00000E-03  1.01801E+01
 -2.65891E+01  2.19720E-28  1.44353E+06  2.00000E-03  1.01801E+01
 -2.64956E+01  2.19720E-28  1.44353E+06  2.00000E-03  1.01801E+01
 -2.64020E+01  2.19720E-28  1.44353E+06  2.00000E-03  1.01801E+01
 -2.63084E+01  2.20003E-28  1.44477E+06  2.00000E-03  1.01337E+01
 -2.62148E+01  2.20521E-28  1.44705E+06  2.00000E-03  1.00490E+01
 -2.61212E+01  2.20526E-28  1.44707E+06  2.00000E-03  1.00483E+01
 -2.60277E+01  2.20526E-28  1.44707E+06  2.00000E-03  1.00483E+01
 -2.59341E+01  2.20526E-28  1.44707E+06  2.00000E-03  1.00483E+01
 -2.58405E+01  2.20526E-28  1.44707E+06  2.00000E-03  1.00483E+01
 -2.57469E+01  2.20526E-28  1.44707E+06  2.00000E-03  1.00483E+01
 -2.56533E+01  2.20527E-28  1.44707E+06  2.00000E-03  1.00633E+01
 -2.55598E+01  2.20527E-28  1.44707E+06  2.00000E-03  1.00722E+01
 -2.54662E+01  2.20633E-28  1.44753E+06  2.00000E-03  1.01307E+01
 -2.53726E+01  2.20812E-28  1.44831E+06  2.00000E-03  1.02253E+01
 -2.52790E+01  2.21256E-28  1.45025E+06  2.00000E-03  1.04602E+01
 -2.51854E+01  2.21256E-28  1.45025E+06  2.00000E-03  1.04602E+01
 -2.50919E+01  2.21256E-28  1.45025E+06  2.00000E-03  1.04602E+01
 -2.49983E+01  2.21256E-28  1.45025E+06  2.00000E-03  1.04602E+01
 -2.49047E+01  2.21256E-28  1.45025E+06  2.00000E-03  1.04602E+01
 -2.48111E+01  2.21256E-28  1.45025E+06  2.00000E-03  1.04602E+01
 -2.47175E+01  2.21256E-28  1.45025E+06  2.00000E-03  1.04602E+01
 -2.46240E+01  2.21256E-28  1.45025E+06  2.00000E-03  1.04602E+01
 -2.45304E+01  2.21256E-28  1.45025E+06  2.00000E-03  1.04602E+01
 -2.44368E+01  2.21244E-28  1.45021E+06  2.00000E-03  1.05502E+01
 -2.43432E+01  2.21196E-28  1.45005E+06  2.00000E-03  1.09184E+01
 -2.42496E+01  2.21190E-28  1.45003E+06  2.00000E-03  1.09695E+01
 -2.41561E+01  2.21190E-28  1.45003E+06  2.00000E-03  1.09695E+01
 -2.40625E+01  2.21295E-28  1.45049E+06  2.00000E-03  1.10441E+01
 -2.39689E+01  2.21445E-28  1.45115E+06  2.00000E-03  1.11504E+01
 -2.38753E+01  2.21563E-28  1.45166E+06  2.00000E-03  1.12338E+01
 -2.37817E+01  2.21563E-28  1.45166E+06  2.00000E-03  1.12338E+01
 -2.36882E+01  2.21563E-28  1.45166E+06  2.00000E-03  1.12338E+01
 -2.35946E+01  2.21563E-28  1.45166E+06  2.00000E-03  1.12338E+01
 -2.35010E+01  2.21502E-28  1.45140E+06  2.00000E-03  1.13513E+01
 -2.34074E+01  2.21296E-28  1.45052E+06  2.00000E-03  1.17442E+01
 -2.33138E+01  2.21337E-28  1.45070E+06  2.00000E-03  1.18256E+01
 -2.32203E+01  2.21419E-28  1.45105E+06  2.00000E-03  1.18618E+01
 -2.31267E+01  2.21482E-28  1.45133E+06  2.00000E-03  1.18901E+01
 -2.30331E+01  2.21400E-28  1.45096E+06  2.00000E-03  1.21345E+01
 -2.29395E+01  2.21149E-28  1.44984E+06  2.00000E-03  1.26355E+01
 -2.28459E+01  2.21103E-28  1.44963E+06  2.00000E-03  1.27760E+01
 -2.27524E+01  2.21100E-28  1.44962E+06  2.00000E-03  1.27863E+01
 -2.26588E+01  2.21117E-28  1.44969E+06  2.00000E-03  1.27990E+01
 -2.25652E+01  2.21168E-28  1.44992E+06  2.00000E-03  1.30493E+01
 -2.24716E+01  2.21025E-28  1.44931E+06  2.00000E-03  1.36790E+01
 -2.23780E+01  2.21058E-28  1.44946E+06  2.00000E-03  1.37364E+01
 -2.22845E+01  2.21058E-28  1.44946E+06  2.00000E-03  1.37364E+01
 -2.21909E+01  2.21058E-28  1.44946E+06  2.00000E-03  1.37364E+01
 -2.20973E+01  2.20973E-28  1.44907E+06  2.00000E-03  1.39066E+01
 -2.20037E+01  2.20720E-28  1.44792E+06  2.00000E-03  1.44119E+01
 -2.19101E+01  2.20720E-28  1.44796E+06  1.99999E-03  1.46286E+01
 -2.18166E+01  2.20790E-28  1.44870E+06  1.99994E-03  1.47052E+01
 -2.17230E+01  2.20858E-28  1.44912E+06  1.99992E-03  1.47615E+01
 -2.16294E+01  2.20770E-28  1.44902E+06  1.99984E-03  1.47960E+01
 -2.15358E+01  2.20356E-28  1.44676E+06  1.99909E-03  1.56165E+01
 -2.14422E+01  2.20353E-28  1.44674E+06  1.99908E-03  1.56240E+01
 -2.13487E+01  2.20353E-28  1.44674E+06  1.99908E-03  1.56240E+01
 -2.12551E+01  2.20353E-28  1.44674E+06  1.99908E-03  1.56240E+01
 -2.11615E+01  2.20658E-28  1.44521E+06  1.99821E-03  1.61334E+01
 -2.10679E+01  2.21078E-28  1.44138E+06  1.99671E-03  1.69514E+01
 -2.09743E+01  2.21420E-28  1.43981E+06  1.99591E-03  1.73264E+01
 -2.08808E+01  2.21420E-28  1.43981E+06  1.99591E-03  1.73264E+01
 -2.07872E+01  2.21420E-28  1.43981E+06  1.99591E-03  1.73264E+01
 -2.06936E+01  2.21433E-28  1.43949E+06  1.99582E-03  1.74153E+01
 -2.06000E+01  2.22750E-28  1.42886E+06  1.99128E-03  1.79274E+01
 -2.05064E+01  2.24830E-28  1.41539E+06  1.98499E-03  1.80771E+01
 -2.04129E+01  2.27919E-28  1.39736E+06  1.97647E-03  1.83734E+01
 -2.03193E+01  2.31673E-28  1.37500E+06  1.96611E-03  1.85778E+01
 -2.02257E+01  2.33591E-28  1.36337E+06  1.96089E-03  1.85948E+01
 -2.01321E+01  2.37062E-28  1.34193E+06  1.95315E-03  1.89332E+01
 -2.00385E+01  2.37424E-28  1.33972E+06  1.95235E-03  1.89680E+01
 -1.99450E+01  2.37425E-28  1.33972E+06  1.95235E-03  1.89680E+01
 -1.98514E+01  2.37424E-28  1.33972E+06  1.95235E-03  1.89680E+01
 -1.97578E+01  2.40910E-28  1.32095E+06  1.94308E-03  1.90517E+01
 -1.96642E+01  2.52957E-28  1.25856E+06  1.90964E-03  1.90148E+01
 -1.95707E+01  2.56167E-28  1.24299E+06  1.90109E-03  1.90128E+01
 -1.94771E+01  2.56167E-28  1.24299E+06  1.90109E-03  1.90128E+01
 -1.93835E+01  2.56167E-28  1.24299E+06  1.90109E-03  1.90128E+01
 -1.92899E+01  2.81956E-28  1.12913E+06  1.83121E-03  1.84465E+01
 -1.91963E+01  3.03107E-28  1.05098E+06  1.78166E-03  1.80280E+01
 -1.91028E+01  3.28584E-28  9.70065E+05  1.72984E-03  1.75252E+01
 -1.90092E+01  3.34394E-28  9.53703E+05  1.71983E-03  1.74546E+01
 -1.89156E+01  3.33361E-28  9.57100E+05  1.72228E-03  1.75037E+01
 -1.88220E+01  3.33291E-28  9.57331E+05  1.72245E-03  1.75070E+01
 -1.87284E+01  3.18367E-28  1.00477E+06  1.75163E-03  1.86858E+01
 -1.86349E+01  3.16848E-28  1.00984E+06  1.75475E-03  1.88120E+01
 -1.85413E+01  3.16848E-28  1.00984E+06  1.75475E-03  1.88120E+01
 -1.84477E+01  3.16848E-28  1.00984E+06  1.75475E-03  1.88120E+01
 -1.83541E+01  3.04747E-28  1.05119E+06  1.77993E-03  1.96687E+01
 -1.82605E+01  2.79718E-28  1.14803E+06  1.83591E-03  2.18772E+01
 -1.81670E+01  2.62486E-28  1.22329E+06  1.87825E-03  2.42106E+01
 -1.80734E+01  2.75390E-28  1.16810E+06  1.84119E-03  2.38389E+01
 -1.79798E+01  2.75183E-28  1.16894E+06  1.84175E-03  2.38446E+01
 -1.78862E+01  2.80348E-28  1.14840E+06  1.82771E-03  2.37470E+01
 -1.77926E+01  2.68424E-28  1.20329E+06  1.85511E-03  2.57272E+01
 -1.76991E+01  2.61665E-28  1.23488E+06  1.87335E-03  2.68064E+01
 -1.76055E+01  2.65021E-28  1.21755E+06  1.86525E-03  2.85624E+01
 -1.75119E+01  2.66910E-28  1.20799E+06  1.86078E-03  2.95315E+01
 -1.74183E+01  2.67487E-28  1.20507E+06  1.85943E-03  2.98424E+01
 -1.73247E+01  2.54228E-28  1.26530E+06  1.89402E-03  3.17064E+01
 -1.72312E+01  2.56300E-28  1.25687E+06  1.88767E-03  3.29822E+01
 -1.71376E+01  2.55992E-28  1.25665E+06  1.88838E-03  3.44392E+01
 -1.70440E+01  2.48256E-28  1.29420E+06  1.91011E-03  3.62547E+01
 -1.69504E+01  2.50579E-28  1.28178E+06  1.90343E-03  3.66875E+01
 -1.68568E+01  2.52730E-28  1.26911E+06  1.89656E-03  3.86793E+01
 -1.67633E+01  2.55492E-28  1.25449E+06  1.88700E-03  4.01084E+01
 -1.66697E+01  2.53162E-28  1.26584E+06  1.89303E-03  4.04342E+01
 -1.65761E+01  2.49587E-28  1.28185E+06  1.90249E-03  4.25139E+01
 -1.64825E+01  2.57072E-28  1.24371E+06  1.88023E-03  4.36552E+01
 -1.63889E+01  2.54237E-28  1.25594E+06  1.88788E-03  4.55520E+01
 -1.62954E+01  2.52308E-28  1.26547E+06  1.89321E-03  4.59169E+01
 -1.62018E+01  2.54779E-28  1.25385E+06  1.88569E-03  4.71172E+01
 -1.61082E+01  2.55430E-28  1.25036E+06  1.88316E-03  4.92014E+01
 -1.60146E+01  2.58935E-28  1.23308E+06  1.87267E-03  4.98067E+01
 -1.59210E+01  2.50572E-28  1.27466E+06  1.89665E-03  5.15296E+01
 -1.58275E+01  2.55678E-28  1.24800E+06  1.88073E-03  5.23968E+01
 -1.57339E+01  2.59407E-28  1.22923E+06  1.86928E-03  5.35312E+01
 -1.56403E+01  2.55448E-28  1.24858E+06  1.88017E-03  5.53513E+01
 -1.55467E+01  2.55713E-28  1.24740E+06  1.87999E-03  5.52355E+01
 -1.54531E+01  2.53969E-28  1.25644E+06  1.88555E-03  5.59426E+01
 -1.53596E+01  2.52739E-28  1.26278E+06  1.88964E-03  5.61657E+01
 -1.52660E+01  2.49860E-28  1.27882E+06  1.89940E-03  5.59193E+01
 -1.51724E+01  2.48595E-28  1.28596E+06  1.90343E-03  5.69364E+01
 -1.50788E+01  2.50769E-28  1.27390E+06  1.89654E-03  5.75493E+01
 -1.49852E+01  2.50145E-28  1.28121E+06  1.90132E-03  5.69291E+01
 -1.48917E+01  2.49634E-28  1.28558E+06  1.90391E-03  5.63263E+01
 -1.47981E+01  2.53284E-28  1.26894E+06  1.89459E-03  5.51504E+01
 -1.47045E+01  2.58266E-28  1.24692E+06  1.88239E-03  5.42573E+01
 -1.46109E+01  2.59879E-28  1.24112E+06  1.87910E-03  5.35118E+01
 -1.45173E+01  2.68315E-28  1.20306E+06  1.85890E-03  5.09817E+01
 -1.44238E+01  2.76243E-28  1.17026E+06  1.84150E-03  4.91865E+01
 -1.43302E+01  2.84621E-28  1.13884E+06  1.82808E-03  4.71243E+01
 -1.42366E+01  2.84518E-28  1.14235E+06  1.83833E-03  4.27099E+01
 -1.41430E+01  2.85168E-28  1.14032E+06  1.83902E-03  4.22946E+01
 -1.40494E+01  2.69286E-28  1.21109E+06  1.87936E-03  4.02157E+01
 -1.39559E+01  2.57010E-28  1.27066E+06  1.90999E-03  3.89868E+01
 -1.38623E+01  2.52787E-28  1.29310E+06  1.91973E-03  3.86488E+01
 -1.37687E+01  2.41398E-28  1.35793E+06  1.94707E-03  3.74546E+01
 -1.36751E+01  2.46044E-28  1.33311E+06  1.93190E-03  3.64695E+01
 -1.35815E+01  2.71623E-28  1.21065E+06  1.86306E-03  3.39075E+01
 -1.34880E+01  2.93723E-28  1.11981E+06  1.81286E-03  3.23023E+01
 -1.33944E+01  3.13724E-28  1.04756E+06  1.77131E-03  3.16269E+01
 -1.33008E+01  3.53082E-28  9.30712E+05  1.70218E-03  2.99785E+01
 -1.32072E+01  3.72316E-28  8.82408E+05  1.67433E-03  2.93338E+01
 -1.31136E+01  3.57098E-28  9.17250E+05  1.69279E-03  2.97893E+01
 -1.30201E+01  3.56186E-28  9.16521E+05  1.69465E-03  3.01025E+01
 -1.29265E+01  3.52957E-28  9.22487E+05  1.69924E-03  3.07829E+01
 -1.28329E+01  3.18465E-28  1.01578E+06  1.74650E-03  3.37971E+01
 -1.27393E+01  3.14048E-28  1.02729E+06  1.75298E-03  3.44275E+01
 -1.26457E+01  3.20450E-28  1.00299E+06  1.74474E-03  3.65736E+01
 -1.25522E+01  3.24273E-28  9.87305E+05  1.73933E-03  3.82260E+01
 -1.24586E+01  3.40906E-28  9.34257E+05  1.71772E-03  3.94524E+01
 -1.23650E+01  3.89169E-28  8.15435E+05  1.66491E-03  4.12997E+01
 -1.22714E+01  3.99860E-28  7.90463E+05  1.65495E-03  4.12770E+01
 -1.21778E+01  4.47749E-28  7.02083E+05  1.61712E-03  4.21386E+01
 -1.20843E+01  4.94120E-28  6.34482E+05  1.58714E-03  4.31134E+01
 -1.19907E+01  4.95538E-28  6.32143E+05  1.58689E-03  4.31256E+01
 -1.18971E+01  5.11713E-28  6.10729E+05  1.57959E-03  4.34041E+01
 -1.18035E+01  5.19682E-28  6.00384E+05  1.57741E-03  4.33514E+01
 -1.17099E+01  5.33685E-28  5.84751E+05  1.56520E-03  4.41229E+01
 -1.16164E+01  5.43095E-28  5.74693E+05  1.55955E-03  4.51631E+01
 -1.15228E+01  5.41052E-28  5.77406E+05  1.56812E-03  4.55005E+01
 -1.14292E+01  5.49517E-28  5.69691E+05  1.56154E-03  4.59140E+01
 -1.13356E+01  5.53224E-28  5.65879E+05  1.56039E-03  4.62549E+01
 -1.12420E+01  5.54959E-28  5.65152E+05  1.56619E-03  4.67065E+01
 -1.11485E+01  5.56777E-28  5.63726E+05  1.56538E-03  4.71303E+01
 -1.10549E+01  5.47344E-28  5.74618E+05  1.56599E-03  4.57366E+01
 -1.09613E+01  5.37706E-28  5.85258E+05  1.57048E-03  4.36037E+01
 -1.08677E+01  5.09066E-28  6.18382E+05  1.58848E-03  4.04907E+01
 -1.07741E+01  4.63493E-28  6.79492E+05  1.61890E-03  3.63896E+01
 -1.06806E+01  4.73450E-28  6.64118E+05  1.62845E-03  3.42976E+01
 -1.05870E+01  6.01426E-28  5.20529E+05  1.60756E-03  3.30321E+01
 -1.04934E+01  6.72629E-28  4.61714E+05  1.60319E-03  3.18316E+01
 -1.03998E+01  5.12073E-28  6.01730E+05  1.65367E-03  2.93600E+01
 -1.03062E+01  3.70846E-28  8.26004E+05  1.72130E-03  2.58048E+01
 -1.02127E+01  3.46258E-28  8.83042E+05  1.72281E-03  2.02316E+01
 -1.01191E+01  3.51135E-28  8.68397E+05  1.70470E-03  1.56087E+01
 -1.00255E+01  3.46362E-28  8.83780E+05  1.69823E-03  9.93735E+00
 -9.93192E+00  4.41166E-28  6.96782E+05  1.60507E-03  1.21948E+01
 -9.83834E+00  1.53080E-27  1.97955E+05  1.33092E-03  3.29786E+01
 -9.74477E+00  3.70276E-27  7.63485E+04  1.25726E-03  3.74911E+01
 -9.65119E+00  1.92570E-26  1.50962E+04  1.20859E-03  4.51632E+01
 -9.55760E+00  2.04736E-26  1.55139E+04  1.20191E-03  4.42093E+01
 -9.46403E+00  1.66840E-26  1.98906E+04  1.19746E-03  3.74625E+01
 -9.37045E+00  7.91840E-27  4.23225E+04  1.21889E-03  3.70115E+01
 -9.27687E+00  3.47136E-27  1.01769E+05  1.26137E-03  4.40863E+01
 -9.18329E+00  3.31541E-27  1.06245E+05  1.27129E-03  4.98048E+01
 -9.08971E+00  2.91279E-27  1.20193E+05  1.27437E-03  5.46366E+01
 -8.99613E+00  2.54609E-27  1.32962E+05  1.26911E-03  5.83797E+01
 -8.90255E+00  2.53802E-27  1.33164E+05  1.25977E-03  6.31324E+01
 -8.80897E+00  2.86191E-27  1.12323E+05  1.24677E-03  6.69429E+01
 -8.71539E+00  5.42974E-27  4.69979E+04  1.21691E-03  7.47743E+01
 -8.62181E+00  4.75859E-27  4.35301E+04  1.24624E-03  8.23534E+01
 -8.52823E+00  2.88435E-27  7.42902E+04  1.30547E-03  8.78813E+01
 -8.43465E+00  2.47939E-27  1.05143E+05  1.31901E-03  8.18423E+01
 -8.34107E+00  2.86667E-27  1.06269E+05  1.27094E-03  7.36850E+01
 -8.24749E+00  4.97861E-27  5.35993E+04  1.21019E-03  6.86971E+01
 -8.15391E+00  1.24154E-26  1.83909E+04  1.13743E-03  6.12023E+01
 -8.06033E+00  1.44080E-26  1.42739E+04  1.11269E-03  5.62631E+01
 -7.96675E+00  1.47443E-26  1.39513E+04  1.10294E-03  5.54503E+01
 -7.87317E+00  1.53615E-26  1.40287E+04  1.10485E-03  5.53037E+01
 -7.77959E+00  1.51172E-26  1.40884E+04  1.11426E-03  5.39831E+01
 -7.68601E+00  1.47646E-26  1.40074E+04  1.12600E-03  5.23277E+01
 -7.59243E+00  1.51025E-26  1.39257E+04  1.13549E-03  5.17580E+01
 -7.49885E+00  1.59026E-26  1.38997E+04  1.13972E-03  5.22894E+01
 -7.40527E+00  1.60853E-26  1.39316E+04  1.14032E-03  5.36980E+01
 -7.31169E+00  1.60642E-26  1.39531E+04  1.13679E-03  5.53298E+01
 -7.21811E+00  1.58738E-26  1.39187E+04  1.13501E-03  5.65844E+01
 -7.12453E+00  1.52502E-26  1.38823E+04  1.12741E-03  5.90131E+01
 -7.03095E+00  1.45146E-26  1.38459E+04  1.12489E-03  6.07936E+01
 -6.93737E+00  1.37238E-26  1.37741E+04  1.12878E-03  6.22569E+01
 -6.84379E+00  1.28437E-26  1.37536E+04  1.12692E-03  6.40220E+01
 -6.75021E+00  1.21657E-26  1.37482E+04  1.13195E-03  6.51270E+01
 -6.65663E+00  1.14354E-26  1.37467E+04  1.13600E-03  6.59754E+01
 -6.56305E+00  1.08210E-26  1.37935E+04  1.12992E-03  6.59868E+01
 -6.46947E+00  1.00082E-26  1.38102E+04  1.12963E-03  6.51243E+01
 -6.37589E+00  9.54301E-27  1.37892E+04  1.13261E-03  6.47592E+01
 -6.28231E+00  8.92683E-27  1.37360E+04  1.13935E-03  6.47749E+01
 -6.18873E+00  8.64504E-27  1.37043E+04  1.15290E-03  6.50341E+01
 -6.09515E+00  8.18634E-27  1.36850E+04  1.16608E-03  6.56882E+01
 -6.00157E+00  8.05573E-27  1.36865E+04  1.16978E-03  6.63561E+01
 -5.90799E+00  7.95318E-27  1.36348E+04  1.17588E-03  6.79436E+01
 -5.81441E+00  7.71519E-27  1.36351E+04  1.16810E-03  6.89822E+01
 -5.72083E+00  7.40444E-27  1.37489E+04  1.15625E-03  7.04501E+01
 -5.62725E+00  7.52023E-27  1.40581E+04  1.14559E-03  6.99904E+01
 -5.53367E+00  8.19644E-27  1.43449E+04  1.14733E-03  6.87679E+01
 -5.44009E+00  8.92671E-27  1.45099E+04  1.15947E-03  6.69624E+01
 -5.34651E+00  9.31239E-27  1.46029E+04  1.18838E-03  6.39781E+01
 -5.25293E+00  9.00006E-27  1.45942E+04  1.20300E-03  6.17446E+01
 -5.15935E+00  8.52180E-27  1.45016E+04  1.19841E-03  5.98683E+01
 -5.06577E+00  8.52477E-27  1.44597E+04  1.20272E-03  5.79557E+01
 -4.97219E+00  9.24034E-27  1.44933E+04  1.20304E-03  5.66592E+01
 -4.87861E+00  1.02504E-26  1.45509E+04  1.19931E-03  5.64183E+01
 -4.78503E+00  1.10477E-26  1.45369E+04  1.19646E-03  5.67205E+01
 -4.69145E+00  1.16123E-26  1.43850E+04  1.19321E-03  5.70711E+01
 -4.59787E+00  1.21355E-26  1.41982E+04  1.19077E-03  5.75403E+01
 -4.50429E+00  1.28973E-26  1.40436E+04  1.18700E-03  5.88293E+01
 -4.41071E+00  1.36931E-26  1.39679E+04  1.18404E-03  6.07524E+01
 -4.31713E+00  1.43128E-26  1.39446E+04  1.18368E-03  6.31055E+01
 -4.22355E+00  1.45041E-26  1.39514E+04  1.18774E-03  6.54980E+01
 -4.12997E+00  1.41858E-26  1.39741E+04  1.19835E-03  6.65810E+01
 -4.03639E+00  1.31271E-26  1.40161E+04  1.20745E-03  6.58343E+01
 -3.94281E+00  1.15857E-26  1.40327E+04  1.20892E-03  6.40632E+01
 -3.84923E+00  1.03973E-26  1.39566E+04  1.19933E-03  6.27695E+01
 -3.75565E+00  1.03384E-26  1.37996E+04  1.18252E-03  6.27704E+01
 -3.66207E+00  1.09333E-26  1.36492E+04  1.16671E-03  6.34127E+01
 -3.56849E+00  1.19187E-26  1.36135E+04  1.14648E-03  6.48484E+01
 -3.47491E+00  1.27429E-26  1.36936E+04  1.11774E-03  6.69772E+01
 -3.38133E+00  1.32743E-26  1.38140E+04  1.09398E-03  6.92430E+01
 -3.28776E+00  1.32277E-26  1.38946E+04  1.10308E-03  7.07602E+01
 -3.19418E+00  1.26711E-26  1.39701E+04  1.14584E-03  7.04354E+01
 -3.10060E+00  1.17376E-26  1.40329E+04  1.16034E-03  6.97828E+01
 -3.00702E+00  1.10578E-26  1.40674E+04  1.15111E-03  6.91440E+01
 -2.91344E+00  1.07461E-26  1.40916E+04  1.13481E-03  6.91310E+01
 -2.81986E+00  1.07913E-26  1.41251E+04  1.12342E-03  7.02252E+01
 -2.72628E+00  1.02928E-26  1.41812E+04  1.11877E-03  7.20575E+01
 -2.63270E+00  9.85512E-27  1.42429E+04  1.11995E-03  7.25758E+01
 -2.53912E+00  9.32570E-27  1.43088E+04  1.12561E-03  7.27041E+01
 -2.44554E+00  8.98093E-27  1.44010E+04  1.12876E-03  7.11748E+01
 -2.35196E+00  9.60528E-27  1.47074E+04  1.13503E-03  7.07901E+01
 -2.25838E+00  1.14444E-26  1.46885E+04  1.14261E-03  7.01668E+01
 -2.16480E+00  1.51510E-26  1.41768E+04  1.14548E-03  6.65390E+01
 -2.07122E+00  1.64009E-26  1.39179E+04  1.13572E-03  6.37814E+01
 -1.97764E+00  1.75358E-26  1.38106E+04  1.12401E-03  6.09823E+01
 -1.88406E+00  1.86419E-26  1.37706E+04  1.12022E-03  5.99056E+01
 -1.79048E+00  1.96544E-26  1.38076E+04  1.12348E-03  6.00248E+01
 -1.69690E+00  2.08469E-26  1.37907E+04  1.14512E-03  5.94021E+01
 -1.60332E+00  2.09139E-26  1.37557E+04  1.16972E-03  5.90655E+01
 -1.50974E+00  2.03294E-26  1.37157E+04  1.19109E-03  5.94875E+01
 -1.41616E+00  2.01166E-26  1.36865E+04  1.21943E-03  5.97997E+01
 -1.32258E+00  2.04285E-26  1.36809E+04  1.23571E-03  6.07001E+01
 -1.22900E+00  2.06630E-26  1.36840E+04  1.23997E-03  6.17039E+01
 -1.13542E+00  2.06467E-26  1.36844E+04  1.23982E-03  6.26081E+01
 -1.04184E+00  2.02603E-26  1.36880E+04  1.23907E-03  6.34039E+01
 -9.48259E-01  1.99187E-26  1.37011E+04  1.23608E-03  6.38444E+01
 -8.54679E-01  1.96459E-26  1.37045E+04  1.23300E-03  6.41454E+01
 -7.61099E-01  1.94684E-26  1.36740E+04  1.22849E-03  6.36591E+01
 -6.67519E-01  1.97776E-26  1.36814E+04  1.21963E-03  6.37545E+01
 -5.73939E-01  1.96580E-26  1.37381E+04  1.21451E-03  6.44669E+01
 -4.80359E-01  1.99055E-26  1.39032E+04  1.20713E-03  6.61823E+01
 -3.86779E-01  1.94572E-26  1.45663E+04  1.19672E-03  6.83585E+01
 -2.93200E-01  1.96866E-26  1.43421E+04  1.17760E-03  7.07157E+01
 -1.99620E-01  1.89254E-26  1.43633E+04  1.17170E-03  7.30675E+01
 -1.06040E-01  1.87631E-26  1.44761E+04  1.17099E-03  7.46191E+01
 -1.24600E-02  1.91537E-26  1.45346E+04  1.16287E-03  7.56416E+01
  8.11199E-02  1.88876E-26  1.45752E+04  1.15823E-03  7.50886E+01
  1.74700E-01  1.99630E-26  1.44847E+04  1.15759E-03  7.26989E+01
  2.68280E-01  2.41598E-26  1.41089E+04  1.14941E-03  7.05812E+01
  3.61859E-01  2.58461E-26  1.36821E+04  1.12766E-03  6.82127E+01
  4.55439E-01  1.94282E-26  1.72982E+04  1.12989E-03  6.58709E+01
  5.49019E-01  8.38856E-27  4.22364E+04  1.15171E-03  6.15426E+01
  6.42599E-01  1.54007E-27  2.44589E+05  1.29748E-03  5.55182E+01
  7.36179E-01  4.71963E-28  7.93165E+05  1.66407E-03  4.67172E+01
  8.29759E-01  4.50926E-28  8.19624E+05  1.67397E-03  3.73878E+01
  9.23339E-01  5.11254E-28  7.11062E+05  1.62708E-03  3.27973E+01
  1.01692E+00  6.61110E-28  5.38598E+05  1.56433E-03  2.81230E+01
  1.11050E+00  7.02946E-28  5.01409E+05  1.55735E-03  2.78336E+01
  1.20408E+00  7.32973E-28  4.70882E+05  1.55512E-03  2.57110E+01
  1.29766E+00  7.22157E-28  4.61865E+05  1.55644E-03  2.51877E+01
  1.39124E+00  8.18091E-28  3.85590E+05  1.53299E-03  2.96028E+01
  1.48482E+00  1.13139E-27  2.61443E+05  1.45511E-03  4.22487E+01
  1.57840E+00  3.29126E-27  8.45673E+04  1.31051E-03  5.16306E+01
  1.67198E+00  1.04652E-26  2.63277E+04  1.28169E-03  4.62207E+01
  1.76556E+00  8.28508E-27  3.74759E+04  1.29493E-03  4.43492E+01
  1.85914E+00  2.00389E-27  1.65059E+05  1.37771E-03  3.52602E+01
  1.95272E+00  5.54210E-28  5.79672E+05  1.60634E-03  2.53143E+01
  2.04630E+00  4.34786E-28  7.26593E+05  1.66496E-03  2.70435E+01
  2.13988E+00  4.20770E-28  7.49979E+05  1.67617E-03  3.08706E+01
  2.23346E+00  4.06899E-28  7.70744E+05  1.68321E-03  3.62912E+01
  2.32704E+00  3.99416E-28  7.76384E+05  1.68724E-03  4.01849E+01
  2.42062E+00  3.76289E-28  8.09488E+05  1.70863E-03  4.29815E+01
  2.51420E+00  3.61956E-28  8.25034E+05  1.72545E-03  4.57370E+01
  2.60778E+00  3.16559E-28  9.13559E+05  1.78500E-03  4.98060E+01
  2.70136E+00  2.58285E-28  1.09528E+06  1.86833E-03  5.49369E+01
  2.79494E+00  2.10342E-28  1.30332E+06  1.95028E-03  6.55442E+01
  2.88852E+00  1.99393E-28  1.31510E+06  1.95733E-03  7.89274E+01
  2.98210E+00  2.05733E-28  1.21201E+06  1.93087E-03  9.01392E+01
  3.07568E+00  2.23705E-28  1.06205E+06  1.87287E-03  9.80437E+01
  3.16926E+00  2.48807E-28  9.21639E+05  1.80335E-03  1.03012E+02
  3.26284E+00  3.22162E-28  6.80683E+05  1.70102E-03  9.45674E+01
  3.35641E+00  4.66184E-28  4.63715E+05  1.59429E-03  8.12531E+01
  3.44999E+00  7.64127E-28  2.80768E+05  1.47612E-03  6.87347E+01
  3.54357E+00  8.68870E-28  2.28825E+05  1.42159E-03  5.37758E+01
  3.63715E+00  7.46285E-28  2.61639E+05  1.43997E-03  4.35217E+01
  3.73073E+00  5.90856E-28  3.46384E+05  1.49777E-03  3.84572E+01
  3.82431E+00  4.59820E-28  4.85179E+05  1.60307E-03  4.10410E+01
  3.91789E+00  5.88621E-28  3.96071E+05  1.55185E-03  4.46347E+01
  4.01147E+00  1.21934E-27  1.76656E+05  1.38811E-03  4.49462E+01
  4.10505E+00  3.32236E-27  5.47374E+04  1.28994E-03  3.60227E+01
  4.19863E+00  7.27142E-27  2.24468E+04  1.26000E-03  3.22924E+01
  4.29221E+00  1.09124E-26  1.62003E+04  1.25462E-03  2.94841E+01
  4.38579E+00  1.20884E-26  1.61887E+04  1.25834E-03  2.43925E+01
  4.47937E+00  7.27890E-27  3.22510E+04  1.28217E-03  1.90468E+01
  4.57295E+00  2.49526E-27  1.11113E+05  1.35678E-03  1.35212E+01
  4.66653E+00  9.50625E-28  3.03808E+05  1.47879E-03  1.30544E+01
  4.76011E+00  2.80321E-28  1.04051E+06  1.80161E-03  1.51950E+01
  4.85369E+00  2.18834E-28  1.32049E+06  1.94640E-03  2.08377E+01
  4.94727E+00  2.09752E-28  1.36252E+06  1.97992E-03  2.89814E+01
  5.04085E+00  2.10805E-28  1.34248E+06  1.97969E-03  3.27515E+01
  5.13443E+00  2.16101E-28  1.30500E+06  1.96478E-03  3.56050E+01
  5.22801E+00  2.24938E-28  1.25313E+06  1.94103E-03  3.90447E+01
  5.32159E+00  2.41073E-28  1.16956E+06  1.89917E-03  4.14817E+01
  5.41517E+00  2.54956E-28  1.10445E+06  1.86632E-03  4.30795E+01
  5.50875E+00  2.56957E-28  1.09841E+06  1.86221E-03  4.36572E+01
  5.60233E+00  2.53417E-28  1.11745E+06  1.86803E-03  4.36781E+01
  5.69591E+00  2.57627E-28  1.10560E+06  1.87120E-03  4.20705E+01
  5.78949E+00  3.20469E-28  8.92896E+05  1.79902E-03  3.99937E+01
  5.88307E+00  4.45690E-28  6.44875E+05  1.70114E-03  3.75663E+01
  5.97665E+00  9.50159E-28  3.06389E+05  1.55179E-03  3.42318E+01
  6.07023E+00  1.47038E-27  2.02188E+05  1.50433E-03  3.10487E+01
  6.16381E+00  1.29673E-27  2.33715E+05  1.51764E-03  2.76876E+01
  6.25739E+00  6.72343E-28  4.55172E+05  1.60841E-03  2.41305E+01
  6.35097E+00  2.58229E-28  1.18714E+06  1.91544E-03  1.69603E+01
  6.44455E+00  2.21273E-28  1.38077E+06  1.98615E-03  1.27291E+01
  6.53813E+00  2.14543E-28  1.41831E+06  1.99930E-03  7.91011E+00
  6.63171E+00  2.14133E-28  1.41868E+06  1.99993E-03  5.18913E+00
  6.72529E+00  2.13781E-28  1.41775E+06  1.99998E-03  2.67477E+00
  6.81887E+00  2.13503E-28  1.41769E+06  1.99997E-03  1.28219E+00
  6.91245E+00  2.13187E-28  1.41823E+06  1.99996E-03 -9.98140E-02
  7.00603E+00  2.12950E-28  1.41916E+06  1.99995E-03 -1.17900E+00
  7.09961E+00  2.12692E-28  1.41939E+06  1.99987E-03 -2.06973E+00
  7.19319E+00  2.12653E-28  1.41857E+06  1.99969E-03 -2.63321E+00
  7.28677E+00  2.13093E-28  1.41531E+06  1.99868E-03 -3.04835E+00
  7.38035E+00  2.13998E-28  1.40835E+06  1.99607E-03 -3.35417E+00
  7.47393E+00  2.15650E-28  1.39653E+06  1.99097E-03 -3.70033E+00
  7.56751E+00  2.17025E-28  1.38604E+06  1.98640E-03 -3.70345E+00
  7.66109E+00  2.18949E-28  1.37324E+06  1.98012E-03 -3.64867E+00
  7.75467E+00  2.21910E-28  1.35288E+06  1.97011E-03 -3.95981E+00
  7.84825E+00  2.23407E-28  1.34222E+06  1.96448E-03 -3.29839E+00
  7.94183E+00  2.29699E-28  1.30356E+06  1.94194E-03 -2.29970E+00
  8.03541E+00  2.36990E-28  1.26071E+06  1.91665E-03 -8.69363E-01
  8.12899E+00  2.48410E-28  1.20037E+06  1.88104E-03  1.35389E+00
  8.22257E+00  2.61203E-28  1.13878E+06  1.84570E-03  3.76334E+00
  8.31615E+00  2.68834E-28  1.10328E+06  1.82473E-03  6.28097E+00
  8.40973E+00  2.67993E-28  1.10429E+06  1.82608E-03  8.16000E+00
  8.50331E+00  2.62353E-28  1.12495E+06  1.83871E-03  9.94110E+00
  8.59689E+00  2.52331E-28  1.16895E+06  1.86532E-03  1.10936E+01
  8.69047E+00  2.41200E-28  1.22353E+06  1.90035E-03  1.22459E+01
  8.78405E+00  2.30303E-28  1.28311E+06  1.93408E-03  1.24030E+01
  8.87763E+00  2.26788E-28  1.30580E+06  1.94552E-03  1.17693E+01
  8.97121E+00  2.27378E-28  1.30625E+06  1.94380E-03  1.03783E+01
  9.06479E+00  2.32322E-28  1.28298E+06  1.92779E-03  8.14224E+00
  9.15837E+00  2.40344E-28  1.24698E+06  1.90211E-03  4.64668E+00
  9.25195E+00  2.44561E-28  1.23059E+06  1.89069E-03  1.43021E+00
  9.34553E+00  2.34596E-28  1.28875E+06  1.92356E-03 -2.41870E+00
  9.43911E+00  2.19633E-28  1.38020E+06  1.97473E-03 -7.15274E+00
  9.53269E+00  2.17783E-28  1.39313E+06  1.98400E-03 -1.31412E+01
  9.62627E+00  2.19306E-28  1.38270E+06  1.98049E-03 -1.59468E+01
  9.71984E+00  2.23933E-28  1.35171E+06  1.96591E-03 -1.87087E+01
  9.81343E+00  2.29848E-28  1.31396E+06  1.94632E-03 -2.00112E+01
  9.90700E+00  2.37073E-28  1.27016E+06  1.92146E-03 -2.17855E+01
  1.00006E+01  2.41824E-28  1.24257E+06  1.90476E-03 -2.08178E+01
  1.00942E+01  2.47758E-28  1.20572E+06  1.87964E-03 -1.61667E+01
  1.01877E+01  2.50613E-28  1.18918E+06  1.86735E-03 -1.54273E+01
  1.02813E+01  2.54149E-28  1.16839E+06  1.85122E-03 -1.24273E+01
  1.03749E+01  2.56457E-28  1.15309E+06  1.84036E-03 -9.04306E+00
  1.04685E+01  2.60172E-28  1.12622E+06  1.82302E-03 -2.53946E+00
  1.05621E+01  2.63224E-28  1.10919E+06  1.81160E-03 -1.75764E-01
  1.06556E+01  2.68573E-28  1.07886E+06  1.79248E-03  2.55059E+00
  1.07492E+01  2.74338E-28  1.04948E+06  1.77566E-03  4.34100E+00
  1.08428E+01  2.78908E-28  1.03232E+06  1.76592E-03  5.48529E+00
  1.09364E+01  2.83790E-28  1.01141E+06  1.75524E-03  5.41264E+00
  1.10300E+01  2.87372E-28  9.95931E+05  1.74671E-03  5.34300E+00
  1.11235E+01  2.89924E-28  9.86504E+05  1.74128E-03  6.04535E+00
  1.12171E+01  2.91062E-28  9.82989E+05  1.73910E-03  6.67003E+00
  1.13107E+01  2.91210E-28  9.83389E+05  1.73886E-03  7.13028E+00
  1.14043E+01  2.89701E-28  9.90168E+05  1.74237E-03  8.47207E+00
  1.14979E+01  2.88453E-28  9.96450E+05  1.74714E-03  8.69940E+00
  1.15914E+01  2.83149E-28  1.01986E+06  1.76384E-03  9.74206E+00
  1.16850E+01  2.76572E-28  1.04783E+06  1.78249E-03  1.00066E+01
  1.17786E+01  2.73905E-28  1.05839E+06  1.78975E-03  1.09965E+01
  1.18722E+01  2.68193E-28  1.08102E+06  1.80608E-03  1.34644E+01
  1.19658E+01  2.68356E-28  1.08275E+06  1.80569E-03  1.21127E+01
  1.20593E+01  2.74172E-28  1.05480E+06  1.78728E-03  1.32262E+01
  1.21529E+01  2.76324E-28  1.04455E+06  1.78054E-03  1.39141E+01
  1.22465E+01  2.91808E-28  9.91183E+05  1.74971E-03  1.18113E+01
  1.23401E+01  3.13985E-28  9.14830E+05  1.70362E-03  1.05305E+01
  1.24337E+01  3.13427E-28  9.15610E+05  1.70308E-03  1.07868E+01
  1.25272E+01  4.64847E-28  6.19363E+05  1.60022E-03  1.27125E+01
  1.26208E+01  5.40730E-28  5.32815E+05  1.57050E-03  1.49742E+01
  1.27144E+01  6.51957E-28  4.47250E+05  1.53850E-03  1.57794E+01
  1.28080E+01  8.82440E-28  3.34262E+05  1.50038E-03  1.75467E+01
  1.29016E+01  9.29320E-28  3.17996E+05  1.49831E-03  1.55522E+01
  1.29951E+01  8.55338E-28  3.43671E+05  1.51178E-03  1.31868E+01
  1.30887E+01  8.41046E-28  3.48192E+05  1.51410E-03  1.25928E+01
  1.31823E+01  8.17654E-28  3.57881E+05  1.51790E-03  1.23055E+01
  1.32759E+01  4.73718E-28  6.19130E+05  1.61857E-03  5.67670E+00
  1.33695E+01  4.64303E-28  6.33643E+05  1.62186E-03  7.11057E+00
  1.34630E+01  3.76478E-28  7.84003E+05  1.67747E-03  6.76081E+00
  1.35566E+01  2.89242E-28  1.02828E+06  1.77448E-03  4.28509E+00
  1.36502E+01  2.84473E-28  1.04750E+06  1.78145E-03  6.77478E+00
  1.37438E+01  2.67418E-28  1.11395E+06  1.81526E-03  8.17223E+00
  1.38374E+01  2.67272E-28  1.11761E+06  1.81588E-03  9.02848E+00
  1.39309E+01  2.79664E-28  1.07052E+06  1.79113E-03  8.04171E+00
  1.40245E+01  2.99551E-28  1.00171E+06  1.75604E-03  8.59981E+00
  1.41181E+01  3.20582E-28  9.39418E+05  1.72243E-03  7.70933E+00
  1.42117E+01  3.60416E-28  8.34559E+05  1.67458E-03  7.26348E+00
  1.43053E+01  3.65457E-28  8.22830E+05  1.67018E-03  7.39501E+00
  1.43988E+01  3.76647E-28  7.98139E+05  1.67209E-03  7.79400E+00
  1.44924E+01  3.41842E-28  8.80806E+05  1.72184E-03  6.24474E+00
  1.45860E+01  3.15910E-28  9.53275E+05  1.75842E-03  5.13775E+00
  1.46796E+01  2.68552E-28  1.11405E+06  1.83691E-03  3.15768E+00
  1.47732E+01  2.35322E-28  1.27093E+06  1.92189E-03 -3.15906E+00
  1.48667E+01  4.69617E-28  6.42145E+05  1.62840E-03  1.21480E+01
  1.49603E+01  6.03541E-28  5.02255E+05  1.56323E-03  1.57329E+01
  1.50539E+01  5.37725E-28  5.65400E+05  1.59511E-03  1.45044E+01
  1.51475E+01  2.70673E-28  1.12441E+06  1.85995E-03  2.13894E+00
  1.52411E+01  2.19792E-28  1.38371E+06  1.98150E-03 -4.08438E+00
  1.53346E+01  2.15414E-28  1.41245E+06  1.99568E-03 -5.85841E+00
  1.54282E+01  2.14524E-28  1.42089E+06  1.99994E-03 -6.69056E+00
  1.55218E+01  2.14604E-28  1.42109E+06  2.00000E-03 -6.93359E+00
  1.56154E+01  2.14371E-28  1.42013E+06  2.00000E-03 -8.59649E+00
  1.57090E+01  2.14462E-28  1.42060E+06  2.00000E-03 -8.73175E+00
  1.58025E+01  2.14906E-28  1.42272E+06  2.00000E-03 -9.27007E+00
  1.58961E+01  2.15272E-28  1.42434E+06  2.00000E-03 -9.58027E+00
  1.59897E+01  2.15537E-28  1.42549E+06  2.00000E-03 -9.76121E+00
  1.60833E+01  2.15841E-28  1.42683E+06  2.00000E-03 -1.02538E+01
  1.61769E+01  2.15955E-28  1.42733E+06  2.00000E-03 -1.01035E+01
  1.62704E+01  2.16171E-28  1.42827E+06  2.00000E-03 -1.03163E+01
  1.63640E+01  2.16309E-28  1.42888E+06  2.00000E-03 -1.06223E+01
  1.64576E+01  2.16471E-28  1.42959E+06  2.00000E-03 -1.06291E+01
  1.65512E+01  2.16652E-28  1.43039E+06  2.00000E-03 -1.08936E+01
  1.66448E+01  2.16876E-28  1.43137E+06  2.00000E-03 -1.09238E+01
  1.67383E+01  2.16892E-28  1.43144E+06  2.00000E-03 -1.11514E+01
  1.68319E+01  2.16966E-28  1.43177E+06  2.00000E-03 -1.14013E+01
  1.69255E+01  2.17062E-28  1.43219E+06  2.00000E-03 -1.13112E+01
  1.70191E+01  2.17058E-28  1.43217E+06  2.00000E-03 -1.17773E+01
  1.71127E+01  2.17056E-28  1.43216E+06  2.00000E-03 -1.17971E+01
  1.72062E+01  2.17033E-28  1.43205E+06  2.00000E-03 -1.19534E+01
  1.72998E+01  2.16908E-28  1.43149E+06  2.00000E-03 -1.22957E+01
  1.73934E+01  2.16845E-28  1.43121E+06  2.00000E-03 -1.23872E+01
  1.74870E+01  2.16277E-28  1.42868E+06  2.00000E-03 -1.31013E+01
  1.75806E+01  2.16128E-28  1.42801E+06  2.00000E-03 -1.32893E+01
  1.76741E+01  2.16129E-28  1.42801E+06  2.00000E-03 -1.32893E+01
  1.77677E+01  2.16128E-28  1.42801E+06  2.00000E-03 -1.32893E+01
  1.78613E+01  2.16047E-28  1.42765E+06  2.00000E-03 -1.33940E+01
  1.79549E+01  2.15386E-28  1.42474E+06  2.00000E-03 -1.42685E+01
  1.80485E+01  2.15172E-28  1.42379E+06  2.00000E-03 -1.45257E+01
  1.81420E+01  2.15167E-28  1.42377E+06  2.00000E-03 -1.45313E+01
  1.82356E+01  2.15051E-28  1.42325E+06  2.00000E-03 -1.44946E+01
  1.83292E+01  2.14978E-28  1.42293E+06  2.00000E-03 -1.45115E+01
  1.84228E+01  2.14669E-28  1.42156E+06  2.00000E-03 -1.49369E+01
  1.85164E+01  2.14591E-28  1.42121E+06  2.00000E-03 -1.48630E+01
  1.86099E+01  2.14552E-28  1.42104E+06  2.00000E-03 -1.48957E+01
  1.87035E+01  2.14505E-28  1.42083E+06  2.00000E-03 -1.49343E+01
  1.87971E+01  2.14472E-28  1.42068E+06  2.00000E-03 -1.49920E+01
  1.88907E+01  2.14467E-28  1.42065E+06  2.00000E-03 -1.51649E+01
  1.89843E+01  2.14466E-28  1.42065E+06  2.00000E-03 -1.52028E+01
  1.90778E+01  2.14466E-28  1.42065E+06  2.00000E-03 -1.52028E+01
  1.91714E+01  2.14466E-28  1.42065E+06  2.00000E-03 -1.52028E+01
  1.92650E+01  2.14467E-28  1.42065E+06  2.00000E-03 -1.52148E+01
  1.93586E+01  2.14455E-28  1.42059E+06  2.00000E-03 -1.52996E+01
  1.94522E+01  2.14402E-28  1.42035E+06  2.00000E-03 -1.52469E+01
  1.95457E+01  2.14440E-28  1.42051E+06  2.00000E-03 -1.50966E+01
  1.96393E+01  2.14479E-28  1.42069E+06  2.00000E-03 -1.49540E+01
  1.97329E+01  2.14478E-28  1.42069E+06  2.00000E-03 -1.49573E+01
  1.98265E+01  2.14615E-28  1.42128E+06  2.00000E-03 -1.46050E+01
  1.99200E+01  2.14624E-28  1.42132E+06  2.00000E-03 -1.45931E+01
  2.00136E+01  2.14550E-28  1.42099E+06  2.00000E-03 -1.46396E+01
  2.01072E+01  2.14421E-28  1.42042E+06  2.00000E-03 -1.47208E+01
  2.02008E+01  2.14378E-28  1.42023E+06  2.00000E-03 -1.47341E+01
  2.02944E+01  2.14425E-28  1.42043E+06  2.00000E-03 -1.46349E+01
  2.03879E+01  2.14448E-28  1.42053E+06  2.00000E-03 -1.45867E+01
  2.04815E+01  2.14448E-28  1.42053E+06  2.00000E-03 -1.45867E+01
  2.05751E+01  2.14448E-28  1.42053E+06  2.00000E-03 -1.45867E+01
  2.06687E+01  2.14436E-28  1.42048E+06  2.00000E-03 -1.45972E+01
  2.07623E+01  2.14570E-28  1.42107E+06  2.00000E-03 -1.43315E+01
  2.08558E+01  2.14626E-28  1.42131E+06  2.00000E-03 -1.41934E+01
  2.09494E+01  2.14626E-28  1.42131E+06  2.00000E-03 -1.41840E+01
  2.10430E+01  2.14685E-28  1.42157E+06  2.00000E-03 -1.40853E+01
  2.11366E+01  2.14726E-28  1.42175E+06  2.00000E-03 -1.40150E+01
  2.12302E+01  2.14910E-28  1.42256E+06  2.00000E-03 -1.38158E+01
  2.13237E+01  2.15006E-28  1.42298E+06  2.00000E-03 -1.37114E+01
  2.14173E+01  2.15024E-28  1.42306E+06  2.00000E-03 -1.37075E+01
  2.15109E+01  2.15054E-28  1.42319E+06  2.00000E-03 -1.37010E+01
  2.16045E+01  2.15098E-28  1.42338E+06  2.00000E-03 -1.36798E+01
  2.16981E+01  2.15343E-28  1.42446E+06  2.00000E-03 -1.34320E+01
  2.17916E+01  2.15453E-28  1.42493E+06  2.00000E-03 -1.33218E+01
  2.18852E+01  2.15452E-28  1.42493E+06  2.00000E-03 -1.33218E+01
  2.19788E+01  2.15543E-28  1.42533E+06  2.00000E-03 -1.32110E+01
  2.20724E+01  2.15551E-28  1.42537E+06  2.00000E-03 -1.32036E+01
  2.21660E+01  2.15986E-28  1.42727E+06  2.00000E-03 -1.28008E+01
  2.22595E+01  2.16273E-28  1.42853E+06  2.00000E-03 -1.25456E+01
  2.23531E+01  2.16403E-28  1.42910E+06  2.00000E-03 -1.24597E+01
  2.24467E+01  2.16406E-28  1.42911E+06  2.00000E-03 -1.24591E+01
  2.25403E+01  2.16426E-28  1.42920E+06  2.00000E-03 -1.24365E+01
  2.26339E+01  2.16615E-28  1.43002E+06  2.00000E-03 -1.22328E+01
  2.27274E+01  2.16670E-28  1.43025E+06  2.00000E-03 -1.21733E+01
  2.28210E+01  2.16671E-28  1.43026E+06  2.00000E-03 -1.21796E+01
  2.29146E+01  2.16676E-28  1.43028E+06  2.00000E-03 -1.21948E+01
  2.30082E+01  2.16682E-28  1.43030E+06  2.00000E-03 -1.22049E+01
  2.31018E+01  2.16709E-28  1.43041E+06  2.00000E-03 -1.21398E+01
  2.31953E+01  2.16734E-28  1.43052E+06  2.00000E-03 -1.20630E+01
  2.32889E+01  2.16749E-28  1.43058E+06  2.00000E-03 -1.20119E+01
  2.33825E+01  2.16752E-28  1.43060E+06  2.00000E-03 -1.20011E+01
  2.34761E+01  2.16758E-28  1.43062E+06  2.00000E-03 -1.19797E+01
  2.35697E+01  2.16342E-28  1.42880E+06  2.00000E-03 -1.22282E+01
  2.36632E+01  2.16187E-28  1.42812E+06  2.00000E-03 -1.23337E+01
  2.37568E+01  2.16187E-28  1.42812E+06  2.00000E-03 -1.23337E+01
  2.38504E+01  2.16187E-28  1.42812E+06  2.00000E-03 -1.23337E+01
  2.39440E+01  2.16187E-28  1.42812E+06  2.00000E-03 -1.23337E+01
  2.40376E+01  2.16187E-28  1.42812E+06  2.00000E-03 -1.23337E+01
  2.41311E+01  2.16187E-28  1.42812E+06  2.00000E-03 -1.23337E+01
  2.42247E+01  2.16187E-28  1.42812E+06  2.00000E-03 -1.23337E+01
  2.43183E+01  2.15889E-28  1.42680E+06  2.00000E-03 -1.25675E+01
  2.44119E+01  2.15577E-28  1.42543E+06  2.00000E-03 -1.28132E+01
  2.45055E+01  2.15249E-28  1.42394E+06  2.00000E-03 -1.29117E+01
  2.45990E+01  2.15081E-28  1.42317E+06  2.00000E-03 -1.27123E+01
  2.46926E+01  2.15075E-28  1.42314E+06  2.00000E-03 -1.26867E+01
  2.47862E+01  2.15052E-28  1.42304E+06  2.00000E-03 -1.25956E+01
  2.48798E+01  2.15033E-28  1.42295E+06  2.00000E-03 -1.25215E+01
  2.49734E+01  2.15033E-28  1.42295E+06  2.00000E-03 -1.25215E+01
  2.50669E+01  2.15033E-28  1.42295E+06  2.00000E-03 -1.25215E+01
  2.51605E+01  2.15033E-28  1.42295E+06  2.00000E-03 -1.25215E+01
  2.52541E+01  2.15033E-28  1.42295E+06  2.00000E-03 -1.25215E+01
  2.53477E+01  2.15033E-28  1.42295E+06  2.00000E-03 -1.25215E+01
  2.54413E+01  2.14948E-28  1.42257E+06  2.00000E-03 -1.24299E+01
  2.55348E+01  2.14897E-28  1.42234E+06  2.00000E-03 -1.23754E+01
  2.56284E+01  2.14897E-28  1.42234E+06  2.00000E-03 -1.23754E+01
  2.57220E+01  2.14851E-28  1.42213E+06  2.00000E-03 -1.23803E+01
  2.58156E+01  2.14762E-28  1.42174E+06  2.00000E-03 -1.23896E+01
  2.59092E+01  2.14723E-28  1.42156E+06  2.00000E-03 -1.23937E+01
  2.60027E+01  2.14723E-28  1.42156E+06  2.00000E-03 -1.23937E+01
  2.60963E+01  2.14723E-28  1.42156E+06  2.00000E-03 -1.23937E+01
  2.61899E+01  2.14723E-28  1.42156E+06  2.00000E-03 -1.23937E+01
  2.62835E+01  2.14723E-28  1.42156E+06  2.00000E-03 -1.23937E+01
  2.63771E+01  2.14661E-28  1.42128E+06  2.00000E-03 -1.23341E+01
  2.64706E+01  2.14583E-28  1.42092E+06  2.00000E-03 -1.22592E+01
  2.65642E+01  2.14583E-28  1.42092E+06  2.00000E-03 -1.22592E+01
  2.66578E+01  2.14583E-28  1.42092E+06  2.00000E-03 -1.22592E+01
  2.67514E+01  2.14583E-28  1.42092E+06  2.00000E-03 -1.22592E+01
  2.68450E+01  2.14583E-28  1.42092E+06  2.00000E-03 -1.22592E+01
  2.69385E+01  2.14583E-28  1.42092E+06  2.00000E-03 -1.22592E+01
  2.70321E+01  2.14611E-28  1.42105E+06  2.00000E-03 -1.21454E+01
  2.71257E+01  2.14583E-28  1.42092E+06  2.00000E-03 -1.20273E+01
  2.72193E+01  2.14534E-28  1.42071E+06  2.00000E-03 -1.19259E+01
  2.73129E+01  2.14594E-28  1.42096E+06  2.00000E-03 -1.16275E+01
  2.74064E+01  2.14682E-28  1.42134E+06  2.00000E-03 -1.13851E+01
  2.75000E+01  2.14684E-28  1.42135E+06  2.00000E-03 -1.13782E+01
  2.75936E+01  2.14684E-28  1.42135E+06  2.00000E-03 -1.13782E+01
  2.76872E+01  2.14684E-28  1.42135E+06  2.00000E-03 -1.13782E+01
  2.77808E+01  2.14684E-28  1.42135E+06  2.00000E-03 -1.13782E+01
  2.78743E+01  2.14684E-28  1.42135E+06  2.00000E-03 -1.13782E+01
  2.79679E+01  2.14684E-28  1.42135E+06  2.00000E-03 -1.13782E+01
  2.80615E+01  2.14684E-28  1.42135E+06  2.00000E-03 -1.13782E+01
  2.81551E+01  2.14684E-28  1.42135E+06  2.00000E-03 -1.13782E+01
  2.82487E+01  2.14785E-28  1.42179E+06  2.00000E-03 -1.12008E+01
  2.83422E+01  2.14935E-28  1.42245E+06  2.00000E-03 -1.09355E+01
  2.84358E+01  2.14935E-28  1.42245E+06  2.00000E-03 -1.09355E+01
  2.85294E+01  2.14889E-28  1.42224E+06  2.00000E-03 -1.09453E+01
  2.86230E+01  2.14719E-28  1.42149E+06  2.00000E-03 -1.09814E+01
  2.87166E+01  2.14473E-28  1.42041E+06  2.00000E-03 -1.10340E+01
  2.88101E+01  2.14473E-28  1.42041E+06  2.00000E-03 -1.10340E+01
  2.89037E+01  2.14473E-28  1.42041E+06  2.00000E-03 -1.10340E+01
  2.89973E+01  2.14473E-28  1.42041E+06  2.00000E-03 -1.10340E+01
  2.90909E+01  2.14473E-28  1.42041E+06  2.00000E-03 -1.10340E+01
  2.91845E+01  2.14490E-28  1.42048E+06  2.00000E-03 -1.09620E+01
  2.92780E+01  2.14541E-28  1.42069E+06  2.00000E-03 -1.07328E+01
  2.93716E+01  2.14541E-28  1.42069E+06  2.00000E-03 -1.07328E+01
  2.94652E+01  2.14543E-28  1.42070E+06  2.00000E-03 -1.07187E+01
  2.95588E+01  2.14567E-28  1.42081E+06  2.00000E-03 -1.05765E+01
  2.96524E+01  2.14566E-28  1.42080E+06  2.00000E-03 -1.05826E+01
  2.97459E+01  2.14581E-28  1.42087E+06  2.00000E-03 -1.04927E+01
  2.98395E+01  2.14597E-28  1.42094E+06  2.00000E-03 -1.04006E+01
  2.99331E+01  2.14478E-28  1.42042E+06  2.00000E-03 -1.04535E+01
  3.00267E+01  2.14027E-28  1.41843E+06  2.00000E-03 -1.06560E+01
  3.01203E+01  2.13747E-28  1.41718E+06  2.00000E-03 -1.07458E+01
