 -2.99580E+01  2.17514E-28  1.43368E+06  2.00000E-03  1.19853E+00
 -2.98644E+01  2.17514E-28  1.43368E+06  2.00000E-03  1.19853E+00
 -2.97709E+01  2.17502E-28  1.43363E+06  2.00000E-03  1.20626E+00
 -2.96773E+01  2.17467E-28  1.43348E+06  2.00000E-03  1.22838E+00
 -2.95837E+01  2.17418E-28  1.43326E+06  2.00000E-03  1.26048E+00
 -2.94901E+01  2.17410E-28  1.43322E+06  2.00000E-03  1.26546E+00
 -2.93965E+01  2.17410E-28  1.43322E+06  2.00000E-03  1.26546E+00
 -2.93030E+01  2.17410E-28  1.43322E+06  2.00000E-03  1.26546E+00
 -2.92094E+01  2.17410E-28  1.43322E+06  2.00000E-03  1.26546E+00
 -2.91158E+01  2.17570E-28  1.43393E+06  2.00000E-03  1.23780E+00
 -2.90222E+01  2.17690E-28  1.43446E+06  2.00000E-03  1.21712E+00
 -2.89286E+01  2.17690E-28  1.43446E+06  2.00000E-03  1.21712E+00
 -2.88351E+01  2.17690E-28  1.43446E+06  2.00000E-03  1.21712E+00
 -2.87415E+01  2.17690E-28  1.43446E+06  2.00000E-03  1.21712E+00
 -2.86479E+01  2.17690E-28  1.43446E+06  2.00000E-03  1.21712E+00
 -2.85543E+01  2.17690E-28  1.43446E+06  2.00000E-03  1.21712E+00
 -2.84607E+01  2.17690E-28  1.43446E+06  2.00000E-03  1.21712E+00
 -2.83672E+01  2.17681E-28  1.43442E+06  2.00000E-03  1.22098E+00
 -2.82736E+01  2.17548E-28  1.43383E+06  2.00000E-03  1.27504E+00
 -2.81800E+01  2.17541E-28  1.43380E+06  2.00000E-03  1.32763E+00
 -2.80864E+01  2.17754E-28  1.43474E+06  2.00000E-03  1.32954E+00
 -2.79928E+01  2.17754E-28  1.43474E+06  2.00000E-03  1.33086E+00
 -2.78993E+01  2.17754E-28  1.43474E+06  2.00000E-03  1.33187E+00
 -2.78057E+01  2.17753E-28  1.43474E+06  2.00000E-03  1.33493E+00
 -2.77121E+01  2.17753E-28  1.43474E+06  2.00000E-03  1.33540E+00
 -2.76185E+01  2.17753E-28  1.43474E+06  2.00000E-03  1.33540E+00
 -2.75249E+01  2.17753E-28  1.43474E+06  2.00000E-03  1.33540E+00
 -2.74314E+01  2.17753E-28  1.43474E+06  2.00000E-03  1.33540E+00
 -2.73378E+01  2.17753E-28  1.43474E+06  2.00000E-03  1.33540E+00
 -2.72442E+01  2.17856E-28  1.43520E+06  2.00000E-03  1.29925E+00
 -2.71506E+01  2.18113E-28  1.43633E+06  2.00000E-03  1.21006E+00
 -2.70570E+01  2.18132E-28  1.43641E+06  2.00000E-03  1.20373E+00
 -2.69635E+01  2.18124E-28  1.43638E+06  2.00000E-03  1.21103E+00
 -2.68699E+01  2.18053E-28  1.43607E+06  2.00000E-03  1.27553E+00
 -2.67763E+01  2.17976E-28  1.43574E+06  2.00000E-03  1.34683E+00
 -2.66827E+01  2.17940E-28  1.43558E+06  2.00000E-03  1.37971E+00
 -2.65891E+01  2.17940E-28  1.43558E+06  2.00000E-03  1.37971E+00
 -2.64956E+01  2.17940E-28  1.43558E+06  2.00000E-03  1.37971E+00
 -2.64020E+01  2.17940E-28  1.43558E+06  2.00000E-03  1.37971E+00
 -2.63084E+01  2.18154E-28  1.43653E+06  2.00000E-03  1.28755E+00
 -2.62148E+01  2.18546E-28  1.43827E+06  2.00000E-03  1.11911E+00
 -2.61212E+01  2.18549E-28  1.43828E+06  2.00000E-03  1.11771E+00
 -2.60277E+01  2.18549E-28  1.43828E+06  2.00000E-03  1.11771E+00
 -2.59341E+01  2.18549E-28  1.43828E+06  2.00000E-03  1.11771E+00
 -2.58405E+01  2.18549E-28  1.43828E+06  2.00000E-03  1.11771E+00
 -2.57469E+01  2.18549E-28  1.43828E+06  2.00000E-03  1.11771E+00
 -2.56533E+01  2.18556E-28  1.43831E+06  2.00000E-03  1.10410E+00
 -2.55598E+01  2.18560E-28  1.43833E+06  2.00000E-03  1.09603E+00
 -2.54662E+01  2.18508E-28  1.43810E+06  2.00000E-03  1.10719E+00
 -2.53726E+01  2.18489E-28  1.43803E+06  2.00000E-03  1.10924E+00
 -2.52790E+01  2.18838E-28  1.43960E+06  2.00000E-03  9.90473E-01
 -2.51854E+01  2.18838E-28  1.43960E+06  2.00000E-03  9.90473E-01
 -2.50919E+01  2.18838E-28  1.43960E+06  2.00000E-03  9.90473E-01
 -2.49983E+01  2.18838E-28  1.43960E+06  2.00000E-03  9.90473E-01
 -2.49047E+01  2.18838E-28  1.43960E+06  2.00000E-03  9.90473E-01
 -2.48111E+01  2.18838E-28  1.43960E+06  2.00000E-03  9.90473E-01
 -2.47175E+01  2.18838E-28  1.43960E+06  2.00000E-03  9.90473E-01
 -2.46240E+01  2.18838E-28  1.43960E+06  2.00000E-03  9.90473E-01
 -2.45304E+01  2.18838E-28  1.43960E+06  2.00000E-03  9.90473E-01
 -2.44368E+01  2.18797E-28  1.43943E+06  2.00000E-03  1.01284E+00
 -2.43432E+01  2.18630E-28  1.43876E+06  2.00000E-03  1.10435E+00
 -2.42496E+01  2.18607E-28  1.43866E+06  2.00000E-03  1.11705E+00
 -2.41561E+01  2.18607E-28  1.43866E+06  2.00000E-03  1.11705E+00
 -2.40625E+01  2.18625E-28  1.43875E+06  2.00000E-03  1.14933E+00
 -2.39689E+01  2.18652E-28  1.43887E+06  2.00000E-03  1.19541E+00
 -2.38753E+01  2.18673E-28  1.43896E+06  2.00000E-03  1.23156E+00
 -2.37817E+01  2.18673E-28  1.43896E+06  2.00000E-03  1.23156E+00
 -2.36882E+01  2.18673E-28  1.43896E+06  2.00000E-03  1.23156E+00
 -2.35946E+01  2.18673E-28  1.43896E+06  2.00000E-03  1.23156E+00
 -2.35010E+01  2.18576E-28  1.43851E+06  2.00000E-03  1.29925E+00
 -2.34074E+01  2.18254E-28  1.43701E+06  2.00000E-03  1.52587E+00
 -2.33138E+01  2.18233E-28  1.43691E+06  2.00000E-03  1.56865E+00
 -2.32203E+01  2.18259E-28  1.43702E+06  2.00000E-03  1.58452E+00
 -2.31267E+01  2.18279E-28  1.43711E+06  2.00000E-03  1.59697E+00
 -2.30331E+01  2.18254E-28  1.43700E+06  2.00000E-03  1.59068E+00
 -2.29395E+01  2.18204E-28  1.43675E+06  2.00000E-03  1.59842E+00
 -2.28459E+01  2.18214E-28  1.43679E+06  2.00000E-03  1.56790E+00
 -2.27524E+01  2.18215E-28  1.43679E+06  2.00000E-03  1.56545E+00
 -2.26588E+01  2.18216E-28  1.43680E+06  2.00000E-03  1.55969E+00
 -2.25652E+01  2.18239E-28  1.43690E+06  2.00000E-03  1.49405E+00
 -2.24716E+01  2.18349E-28  1.43739E+06  2.00000E-03  1.40967E+00
 -2.23780E+01  2.18365E-28  1.43746E+06  2.00000E-03  1.39815E+00
 -2.22845E+01  2.18365E-28  1.43746E+06  2.00000E-03  1.39815E+00
 -2.21909E+01  2.18365E-28  1.43746E+06  2.00000E-03  1.39815E+00
 -2.20973E+01  2.18400E-28  1.43761E+06  2.00000E-03  1.37503E+00
 -2.20037E+01  2.18503E-28  1.43807E+06  2.00000E-03  1.30656E+00
 -2.19101E+01  2.18549E-28  1.43827E+06  2.00000E-03  1.26219E+00
 -2.18166E+01  2.18574E-28  1.43838E+06  2.00000E-03  1.20398E+00
 -2.17230E+01  2.18588E-28  1.43844E+06  2.00000E-03  1.17575E+00
 -2.16294E+01  2.18597E-28  1.43848E+06  2.00000E-03  1.15342E+00
 -2.15358E+01  2.18688E-28  1.43889E+06  2.00000E-03  1.08793E+00
 -2.14422E+01  2.18689E-28  1.43889E+06  2.00000E-03  1.08761E+00
 -2.13487E+01  2.18689E-28  1.43889E+06  2.00000E-03  1.08761E+00
 -2.12551E+01  2.18689E-28  1.43889E+06  2.00000E-03  1.08761E+00
 -2.11615E+01  2.18643E-28  1.43869E+06  2.00000E-03  1.07937E+00
 -2.10679E+01  2.18600E-28  1.43851E+06  2.00000E-03  1.11334E+00
 -2.09743E+01  2.18592E-28  1.43848E+06  2.00000E-03  1.12284E+00
 -2.08808E+01  2.18592E-28  1.43848E+06  2.00000E-03  1.12284E+00
 -2.07872E+01  2.18592E-28  1.43848E+06  2.00000E-03  1.12284E+00
 -2.06936E+01  2.18559E-28  1.43833E+06  2.00000E-03  1.15135E+00
 -2.06000E+01  2.18261E-28  1.43704E+06  2.00000E-03  1.37852E+00
 -2.05064E+01  2.18089E-28  1.43629E+06  2.00000E-03  1.46458E+00
 -2.04129E+01  2.17935E-28  1.43561E+06  2.00000E-03  1.50010E+00
 -2.03193E+01  2.17816E-28  1.43509E+06  2.00000E-03  1.52841E+00
 -2.02257E+01  2.17741E-28  1.43476E+06  2.00000E-03  1.57122E+00
 -2.01321E+01  2.17364E-28  1.43312E+06  2.00000E-03  1.94911E+00
 -2.00385E+01  2.17324E-28  1.43295E+06  2.00000E-03  1.98868E+00
 -1.99450E+01  2.17324E-28  1.43295E+06  2.00000E-03  1.98868E+00
 -1.98514E+01  2.17324E-28  1.43295E+06  2.00000E-03  1.98868E+00
 -1.97578E+01  2.17151E-28  1.43219E+06  2.00000E-03  2.05664E+00
 -1.96642E+01  2.16796E-28  1.43064E+06  2.00000E-03  2.33140E+00
 -1.95707E+01  2.16723E-28  1.43032E+06  2.00000E-03  2.39045E+00
 -1.94771E+01  2.16723E-28  1.43032E+06  2.00000E-03  2.39045E+00
 -1.93835E+01  2.16723E-28  1.43032E+06  2.00000E-03  2.39045E+00
 -1.92899E+01  2.16678E-28  1.43013E+06  2.00000E-03  2.40591E+00
 -1.91963E+01  2.16748E-28  1.43046E+06  2.00000E-03  2.43525E+00
 -1.91028E+01  2.16734E-28  1.43040E+06  2.00000E-03  2.43745E+00
 -1.90092E+01  2.16555E-28  1.42961E+06  2.00000E-03  2.40982E+00
 -1.89156E+01  2.16399E-28  1.42892E+06  2.00000E-03  2.38500E+00
 -1.88220E+01  2.16389E-28  1.42887E+06  2.00000E-03  2.38331E+00
 -1.87284E+01  2.17028E-28  1.43172E+06  2.00000E-03  2.20475E+00
 -1.86349E+01  2.17093E-28  1.43201E+06  2.00000E-03  2.18664E+00
 -1.85413E+01  2.17093E-28  1.43201E+06  2.00000E-03  2.18664E+00
 -1.84477E+01  2.17093E-28  1.43201E+06  2.00000E-03  2.18664E+00
 -1.83541E+01  2.17004E-28  1.43163E+06  2.00000E-03  2.10407E+00
 -1.82605E+01  2.17286E-28  1.43291E+06  2.00000E-03  1.93748E+00
 -1.81670E+01  2.17302E-28  1.43300E+06  2.00000E-03  1.87858E+00
 -1.80734E+01  2.17248E-28  1.43277E+06  2.00000E-03  1.87486E+00
 -1.79798E+01  2.17249E-28  1.43277E+06  2.00000E-03  1.87492E+00
 -1.78862E+01  2.17236E-28  1.43272E+06  2.00000E-03  1.87275E+00
 -1.77926E+01  2.17608E-28  1.43448E+06  2.00000E-03  1.85033E+00
 -1.76991E+01  2.17670E-28  1.43479E+06  2.00000E-03  1.83453E+00
 -1.76055E+01  2.17145E-28  1.43251E+06  2.00000E-03  1.76937E+00
 -1.75119E+01  2.16849E-28  1.43121E+06  2.00000E-03  1.73255E+00
 -1.74183E+01  2.16755E-28  1.43080E+06  2.00000E-03  1.72089E+00
 -1.73247E+01  2.17215E-28  1.43269E+06  2.00000E-03  1.80975E+00
 -1.72312E+01  2.17063E-28  1.43198E+06  2.00000E-03  1.78781E+00
 -1.71376E+01  2.16750E-28  1.43057E+06  2.00000E-03  1.77699E+00
 -1.70440E+01  2.16750E-28  1.43048E+06  2.00000E-03  1.87984E+00
 -1.69504E+01  2.16603E-28  1.42982E+06  2.00000E-03  1.84862E+00
 -1.68568E+01  2.16113E-28  1.42763E+06  2.00000E-03  1.87659E+00
 -1.67633E+01  2.15738E-28  1.42597E+06  2.00000E-03  1.82203E+00
 -1.66697E+01  2.15683E-28  1.42572E+06  2.00000E-03  1.90234E+00
 -1.65761E+01  2.15236E-28  1.42374E+06  2.00000E-03  2.02823E+00
 -1.64825E+01  2.14764E-28  1.42166E+06  2.00000E-03  1.84726E+00
 -1.63889E+01  2.14299E-28  1.41960E+06  2.00000E-03  2.01961E+00
 -1.62954E+01  2.14245E-28  1.41936E+06  2.00000E-03  2.07323E+00
 -1.62018E+01  2.13933E-28  1.41799E+06  2.00000E-03  2.04140E+00
 -1.61082E+01  2.13374E-28  1.41552E+06  2.00000E-03  2.06948E+00
 -1.60146E+01  2.13022E-28  1.41396E+06  2.00000E-03  1.97656E+00
 -1.59210E+01  2.12968E-28  1.41372E+06  2.00000E-03  2.07604E+00
 -1.58275E+01  2.12580E-28  1.41201E+06  2.00000E-03  1.98297E+00
 -1.57339E+01  2.12232E-28  1.41047E+06  2.00000E-03  1.87279E+00
 -1.56403E+01  2.12152E-28  1.41012E+06  2.00000E-03  1.85579E+00
 -1.55467E+01  2.12050E-28  1.40967E+06  2.00000E-03  1.81707E+00
 -1.54531E+01  2.12018E-28  1.40953E+06  2.00000E-03  1.74606E+00
 -1.53596E+01  2.11673E-28  1.40800E+06  2.00000E-03  1.69536E+00
 -1.52660E+01  2.11803E-28  1.40858E+06  2.00000E-03  1.66146E+00
 -1.51724E+01  2.11996E-28  1.40944E+06  2.00000E-03  1.62580E+00
 -1.50788E+01  2.11863E-28  1.40885E+06  2.00000E-03  1.64302E+00
 -1.49852E+01  2.12450E-28  1.41146E+06  2.00000E-03  1.37407E+00
 -1.48917E+01  2.12601E-28  1.41212E+06  2.00000E-03  1.31791E+00
 -1.47981E+01  2.12796E-28  1.41300E+06  2.00000E-03  1.25273E+00
 -1.47045E+01  2.13416E-28  1.41573E+06  2.00000E-03  9.94910E-01
 -1.46109E+01  2.13287E-28  1.41516E+06  2.00000E-03  1.02680E+00
 -1.45173E+01  2.14102E-28  1.41878E+06  2.00000E-03  7.56827E-01
 -1.44238E+01  2.14561E-28  1.42080E+06  2.00000E-03  6.49190E-01
 -1.43302E+01  2.14342E-28  1.41983E+06  2.00000E-03  7.74986E-01
 -1.42366E+01  2.15390E-28  1.42445E+06  2.00000E-03  4.74443E-01
 -1.41430E+01  2.15370E-28  1.42437E+06  2.00000E-03  4.99392E-01
 -1.40494E+01  2.15836E-28  1.42643E+06  2.00000E-03  4.91006E-01
 -1.39559E+01  2.16157E-28  1.42783E+06  2.00000E-03  5.26313E-01
 -1.38623E+01  2.16460E-28  1.42918E+06  2.00000E-03  4.48861E-01
 -1.37687E+01  2.17311E-28  1.43292E+06  2.00000E-03  2.82376E-01
 -1.36751E+01  2.17186E-28  1.43237E+06  2.00000E-03  4.48154E-01
 -1.35815E+01  2.17671E-28  1.43451E+06  2.00000E-03  5.43072E-01
 -1.34880E+01  2.18039E-28  1.43613E+06  2.00000E-03  4.80620E-01
 -1.33944E+01  2.18027E-28  1.43608E+06  2.00000E-03  5.95283E-01
 -1.33008E+01  2.18447E-28  1.43795E+06  2.00000E-03  7.20314E-01
 -1.32072E+01  2.18492E-28  1.43815E+06  2.00000E-03  9.17464E-01
 -1.31136E+01  2.18708E-28  1.43913E+06  2.00000E-03  9.23932E-01
 -1.30201E+01  2.18789E-28  1.43950E+06  2.00000E-03  1.08185E+00
 -1.29265E+01  2.18786E-28  1.43950E+06  2.00000E-03  1.26547E+00
 -1.28329E+01  2.19014E-28  1.44053E+06  2.00000E-03  1.37928E+00
 -1.27393E+01  2.19029E-28  1.44060E+06  2.00000E-03  1.40435E+00
 -1.26457E+01  2.19011E-28  1.44056E+06  2.00000E-03  1.57672E+00
 -1.25522E+01  2.19179E-28  1.44134E+06  2.00000E-03  1.71097E+00
 -1.24586E+01  2.19248E-28  1.44165E+06  2.00000E-03  1.74564E+00
 -1.23650E+01  2.19280E-28  1.44184E+06  2.00000E-03  1.82650E+00
 -1.22714E+01  2.19309E-28  1.44199E+06  2.00000E-03  1.96407E+00
 -1.21778E+01  2.19374E-28  1.44234E+06  2.00000E-03  2.19275E+00
 -1.20843E+01  2.19427E-28  1.44261E+06  2.00000E-03  2.26926E+00
 -1.19907E+01  2.19457E-28  1.44275E+06  2.00000E-03  2.32484E+00
 -1.18971E+01  2.19579E-28  1.44330E+06  2.00000E-03  2.51067E+00
 -1.18035E+01  2.19627E-28  1.44349E+06  2.00000E-03  2.65723E+00
 -1.17099E+01  2.19938E-28  1.44494E+06  2.00000E-03  2.66408E+00
 -1.16164E+01  2.20060E-28  1.44552E+06  2.00000E-03  2.74911E+00
 -1.15228E+01  2.19952E-28  1.44503E+06  2.00000E-03  2.84826E+00
 -1.14292E+01  2.20454E-28  1.44725E+06  2.00000E-03  2.86246E+00
 -1.13356E+01  2.20798E-28  1.44873E+06  2.00000E-03  2.87527E+00
 -1.12420E+01  2.20980E-28  1.44948E+06  2.00000E-03  2.94091E+00
 -1.11485E+01  2.21185E-28  1.45032E+06  2.00000E-03  2.98503E+00
 -1.10549E+01  2.21446E-28  1.45137E+06  2.00000E-03  3.06692E+00
 -1.09613E+01  2.21647E-28  1.45216E+06  2.00000E-03  3.14835E+00
 -1.08677E+01  2.21782E-28  1.45267E+06  2.00000E-03  3.25774E+00
 -1.07741E+01  2.21952E-28  1.45334E+06  2.00000E-03  3.39723E+00
 -1.06806E+01  2.22235E-28  1.45454E+06  2.00000E-03  3.51915E+00
 -1.05870E+01  2.22265E-28  1.45466E+06  2.00000E-03  3.71325E+00
 -1.04934E+01  2.22633E-28  1.45627E+06  2.00000E-03  3.83151E+00
 -1.03998E+01  2.23039E-28  1.45805E+06  2.00000E-03  3.99922E+00
 -1.03062E+01  2.23372E-28  1.45952E+06  2.00000E-03  4.11555E+00
 -1.02127E+01  2.23429E-28  1.45977E+06  2.00000E-03  4.29989E+00
 -1.01191E+01  2.23908E-28  1.46186E+06  2.00000E-03  4.38807E+00
 -1.00255E+01  2.24406E-28  1.46403E+06  2.00000E-03  4.48136E+00
 -9.93192E+00  2.24665E-28  1.46517E+06  2.00000E-03  4.54782E+00
 -9.83834E+00  2.25107E-28  1.46709E+06  2.00000E-03  4.58541E+00
 -9.74477E+00  2.25002E-28  1.46664E+06  2.00000E-03  4.63913E+00
 -9.65119E+00  2.25262E-28  1.46778E+06  2.00000E-03  4.59422E+00
 -9.55760E+00  2.25495E-28  1.46880E+06  2.00000E-03  4.59928E+00
 -9.46403E+00  2.25518E-28  1.46891E+06  2.00000E-03  4.66360E+00
 -9.37045E+00  2.25824E-28  1.47023E+06  2.00000E-03  4.74150E+00
 -9.27687E+00  2.25409E-28  1.46842E+06  2.00000E-03  4.83420E+00
 -9.18329E+00  2.25369E-28  1.46824E+06  2.00000E-03  4.96982E+00
 -9.08971E+00  2.25172E-28  1.46738E+06  2.00000E-03  5.12619E+00
 -8.99613E+00  2.25026E-28  1.46673E+06  2.00000E-03  5.22087E+00
 -8.90255E+00  2.24880E-28  1.46610E+06  2.00000E-03  5.35293E+00
 -8.80897E+00  2.24726E-28  1.46542E+06  2.00000E-03  5.41070E+00
 -8.71539E+00  2.24532E-28  1.46458E+06  2.00000E-03  5.47576E+00
 -8.62181E+00  2.24504E-28  1.46447E+06  2.00000E-03  5.61031E+00
 -8.52823E+00  2.24513E-28  1.46452E+06  2.00000E-03  5.74052E+00
 -8.43465E+00  2.24423E-28  1.46414E+06  2.00000E-03  5.77324E+00
 -8.34107E+00  2.24470E-28  1.46435E+06  2.00000E-03  5.80930E+00
 -8.24749E+00  2.24585E-28  1.46485E+06  2.00000E-03  5.88145E+00
 -8.15391E+00  2.24708E-28  1.46540E+06  2.00000E-03  5.95214E+00
 -8.06033E+00  2.24895E-28  1.46620E+06  2.00000E-03  6.01398E+00
 -7.96675E+00  2.25019E-28  1.46675E+06  2.00000E-03  6.12544E+00
 -7.87317E+00  2.25189E-28  1.46750E+06  2.00000E-03  6.29251E+00
 -7.77959E+00  2.25377E-28  1.46833E+06  2.00000E-03  6.47381E+00
 -7.68601E+00  2.25555E-28  1.46913E+06  2.00000E-03  6.71945E+00
 -7.59243E+00  2.25693E-28  1.46974E+06  2.00000E-03  6.96631E+00
 -7.49885E+00  2.25866E-28  1.47050E+06  2.00000E-03  7.28907E+00
 -7.40527E+00  2.26024E-28  1.47117E+06  2.00000E-03  7.62004E+00
 -7.31169E+00  2.26174E-28  1.47182E+06  2.00000E-03  7.96249E+00
 -7.21811E+00  2.26317E-28  1.47244E+06  2.00000E-03  8.20760E+00
 -7.12453E+00  2.26524E-28  1.47333E+06  2.00000E-03  8.46748E+00
 -7.03095E+00  2.26696E-28  1.47409E+06  2.00000E-03  8.61035E+00
 -6.93737E+00  2.26933E-28  1.47515E+06  2.00000E-03  8.72304E+00
 -6.84379E+00  2.27104E-28  1.47590E+06  2.00000E-03  8.85252E+00
 -6.75021E+00  2.27296E-28  1.47676E+06  2.00000E-03  8.99236E+00
 -6.65663E+00  2.27454E-28  1.47747E+06  2.00000E-03  9.22082E+00
 -6.56305E+00  2.27562E-28  1.47797E+06  2.00000E-03  9.61298E+00
 -6.46947E+00  2.27578E-28  1.47808E+06  2.00000E-03  1.00814E+01
 -6.37589E+00  2.27678E-28  1.47852E+06  1.99999E-03  1.05865E+01
 -6.28231E+00  2.27894E-28  1.47955E+06  1.99993E-03  1.16309E+01
 -6.18873E+00  2.27885E-28  1.47967E+06  1.99981E-03  1.21781E+01
 -6.09515E+00  2.27745E-28  1.47976E+06  1.99881E-03  1.29285E+01
 -6.00157E+00  2.27807E-28  1.47989E+06  1.99806E-03  1.35454E+01
 -5.90799E+00  2.27650E-28  1.47959E+06  1.99792E-03  1.39949E+01
 -5.81441E+00  2.27848E-28  1.47931E+06  1.99665E-03  1.45289E+01
 -5.72083E+00  2.27839E-28  1.47917E+06  1.99625E-03  1.51700E+01
 -5.62725E+00  2.27891E-28  1.47992E+06  1.99635E-03  1.61356E+01
 -5.53367E+00  2.27575E-28  1.48254E+06  1.99850E-03  1.72716E+01
 -5.44009E+00  2.27792E-28  1.48263E+06  1.99725E-03  1.92443E+01
 -5.34651E+00  2.30380E-28  1.46666E+06  1.98182E-03  2.31357E+01
 -5.25293E+00  2.37896E-28  1.42114E+06  1.93281E-03  2.55269E+01
 -5.15935E+00  2.65366E-28  1.26991E+06  1.75830E-03  1.57025E+01
 -5.06577E+00  2.75477E-28  1.20245E+06  1.68570E-03  5.77217E-01
 -4.97219E+00  2.67912E-28  1.22540E+06  1.72111E-03 -1.56902E+00
 -4.87861E+00  2.63249E-28  1.26393E+06  1.75910E-03  8.18740E+00
 -4.78503E+00  2.59809E-28  1.29544E+06  1.78645E-03  2.35575E+01
 -4.69145E+00  2.49651E-28  1.34742E+06  1.84226E-03  3.97116E+01
 -4.59787E+00  2.52442E-28  1.32361E+06  1.82098E-03  4.50467E+01
 -4.50429E+00  2.66278E-28  1.25443E+06  1.74289E-03  4.25346E+01
 -4.41071E+00  2.75607E-28  1.20978E+06  1.68764E-03  4.46644E+01
 -4.31713E+00  2.80319E-28  1.17451E+06  1.65028E-03  5.40658E+01
 -4.22355E+00  2.80963E-28  1.14300E+06  1.62630E-03  6.33818E+01
 -4.12997E+00  2.80824E-28  1.12499E+06  1.61717E-03  6.61971E+01
 -4.03639E+00  2.83642E-28  1.12041E+06  1.61337E-03  5.75356E+01
 -3.94281E+00  2.92573E-28  1.08629E+06  1.57328E-03  4.06823E+01
 -3.84923E+00  3.02791E-28  1.05079E+06  1.53217E-03  3.25423E+01
 -3.75565E+00  3.13913E-28  1.00552E+06  1.48726E-03  3.58189E+01
 -3.66207E+00  2.98864E-28  1.05339E+06  1.54592E-03  3.49210E+01
 -3.56849E+00  2.44807E-28  1.30388E+06  1.82997E-03  2.89272E+01
 -3.47491E+00  2.22536E-28  1.44386E+06  1.98917E-03  2.49954E+01
 -3.38133E+00  2.20997E-28  1.45304E+06  1.99927E-03  2.34885E+01
 -3.28776E+00  2.22046E-28  1.44120E+06  1.98514E-03  2.13692E+01
 -3.19418E+00  2.38346E-28  1.33583E+06  1.88421E-03  1.87045E+01
 -3.10060E+00  2.69604E-28  1.17289E+06  1.70152E-03  1.68257E+01
 -3.00702E+00  2.86551E-28  1.09955E+06  1.61820E-03  1.49929E+01
 -2.91344E+00  2.93153E-28  1.07567E+06  1.60426E-03  1.52417E+01
 -2.81986E+00  2.83146E-28  1.12090E+06  1.66362E-03  1.98685E+01
 -2.72628E+00  2.42047E-28  1.31324E+06  1.86442E-03  2.17004E+01
 -2.63270E+00  2.22775E-28  1.42206E+06  1.97028E-03  2.04445E+01
 -2.53912E+00  2.16911E-28  1.43864E+06  1.99301E-03  1.81161E+01
 -2.44554E+00  2.15233E-28  1.43342E+06  1.99847E-03  1.53166E+01
 -2.35196E+00  2.13585E-28  1.42169E+06  1.99923E-03  1.21450E+01
 -2.25838E+00  2.12183E-28  1.41387E+06  1.99929E-03  1.00659E+01
 -2.16480E+00  2.09315E-28  1.39896E+06  1.99935E-03  6.43097E+00
 -2.07122E+00  2.07529E-28  1.38977E+06  1.99970E-03  3.53150E+00
 -1.97764E+00  2.05615E-28  1.38139E+06  1.99963E-03  9.63923E-01
 -1.88406E+00  2.04493E-28  1.37532E+06  1.99971E-03 -7.60320E-01
 -1.79048E+00  2.04229E-28  1.37429E+06  1.99970E-03 -2.18548E+00
 -1.69690E+00  2.03252E-28  1.37226E+06  1.99948E-03 -3.36661E+00
 -1.60332E+00  2.02414E-28  1.37142E+06  1.99906E-03 -4.62832E+00
 -1.50974E+00  2.02268E-28  1.37281E+06  1.99866E-03 -5.71856E+00
 -1.41616E+00  2.01289E-28  1.37120E+06  1.99767E-03 -7.41633E+00
 -1.32258E+00  2.00279E-28  1.36776E+06  1.99582E-03 -9.84353E+00
 -1.22900E+00  2.00627E-28  1.36871E+06  1.99554E-03 -1.14878E+01
 -1.13542E+00  2.01171E-28  1.37033E+06  1.99540E-03 -1.30053E+01
 -1.04184E+00  2.01097E-28  1.36872E+06  1.99386E-03 -1.47900E+01
 -9.48259E-01  2.00972E-28  1.36866E+06  1.99465E-03 -1.69211E+01
 -8.54679E-01  2.00984E-28  1.36836E+06  1.99557E-03 -1.86461E+01
 -7.61099E-01  2.00406E-28  1.36479E+06  1.99656E-03 -2.12573E+01
 -6.67519E-01  1.99810E-28  1.36106E+06  1.99688E-03 -2.35614E+01
 -5.73939E-01  1.99103E-28  1.35790E+06  1.99761E-03 -2.60697E+01
 -4.80359E-01  1.99198E-28  1.35504E+06  1.99897E-03 -2.70837E+01
 -3.86779E-01  1.99318E-28  1.35335E+06  1.99968E-03 -2.77059E+01
 -2.93200E-01  1.99759E-28  1.35506E+06  1.99989E-03 -2.67676E+01
 -1.99620E-01  2.00255E-28  1.35729E+06  1.99999E-03 -2.59719E+01
 -1.06040E-01  2.00809E-28  1.36013E+06  2.00000E-03 -2.48355E+01
 -1.24600E-02  2.01444E-28  1.36288E+06  2.00000E-03 -2.34998E+01
  8.11199E-02  2.01897E-28  1.36483E+06  2.00000E-03 -2.21028E+01
  1.74700E-01  2.01864E-28  1.36466E+06  2.00000E-03 -2.12398E+01
  2.68280E-01  2.02206E-28  1.36616E+06  2.00000E-03 -2.05148E+01
  3.61859E-01  2.01321E-28  1.36219E+06  2.00000E-03 -1.97325E+01
  4.55439E-01  2.00393E-28  1.35800E+06  2.00000E-03 -1.94239E+01
  5.49019E-01  2.00021E-28  1.35632E+06  2.00000E-03 -1.91356E+01
  6.42599E-01  2.00034E-28  1.35636E+06  2.00000E-03 -1.82586E+01
  7.36179E-01  2.00548E-28  1.35868E+06  2.00000E-03 -1.73699E+01
  8.29759E-01  2.01290E-28  1.36203E+06  2.00000E-03 -1.62497E+01
  9.23339E-01  2.02091E-28  1.36563E+06  2.00000E-03 -1.54616E+01
  1.01692E+00  2.04081E-28  1.37452E+06  2.00000E-03 -1.37104E+01
  1.11050E+00  2.04867E-28  1.37803E+06  2.00000E-03 -1.30148E+01
  1.20408E+00  2.05957E-28  1.38289E+06  2.00000E-03 -1.20411E+01
  1.29766E+00  2.06827E-28  1.38674E+06  2.00000E-03 -1.13435E+01
  1.39124E+00  2.07526E-28  1.38984E+06  2.00000E-03 -1.07872E+01
  1.48482E+00  2.07996E-28  1.39193E+06  2.00000E-03 -1.04181E+01
  1.57840E+00  2.08642E-28  1.39480E+06  2.00000E-03 -9.80449E+00
  1.67198E+00  2.09461E-28  1.39843E+06  2.00000E-03 -9.16322E+00
  1.76556E+00  2.09949E-28  1.40059E+06  2.00000E-03 -8.72894E+00
  1.85914E+00  2.10412E-28  1.40264E+06  2.00000E-03 -8.33777E+00
  1.95272E+00  2.10839E-28  1.40453E+06  2.00000E-03 -7.84361E+00
  2.04630E+00  2.11132E-28  1.40583E+06  2.00000E-03 -7.51573E+00
  2.13988E+00  2.11202E-28  1.40615E+06  2.00000E-03 -7.36714E+00
  2.23346E+00  2.11222E-28  1.40623E+06  2.00000E-03 -7.22386E+00
  2.32704E+00  2.11278E-28  1.40648E+06  2.00000E-03 -7.09709E+00
  2.42062E+00  2.11496E-28  1.40748E+06  2.00000E-03 -6.87715E+00
  2.51420E+00  2.11820E-28  1.40893E+06  2.00000E-03 -6.59573E+00
  2.60778E+00  2.12429E-28  1.41164E+06  2.00000E-03 -6.09766E+00
  2.70136E+00  2.12878E-28  1.41364E+06  2.00000E-03 -5.79520E+00
  2.79494E+00  2.13470E-28  1.41626E+06  2.00000E-03 -5.39201E+00
  2.88852E+00  2.14112E-28  1.41909E+06  2.00000E-03 -4.95222E+00
  2.98210E+00  2.14765E-28  1.42196E+06  2.00000E-03 -4.51620E+00
  3.07568E+00  2.15380E-28  1.42465E+06  2.00000E-03 -4.11008E+00
  3.16926E+00  2.16165E-28  1.42809E+06  2.00000E-03 -3.58854E+00
  3.26284E+00  2.17083E-28  1.43211E+06  2.00000E-03 -2.97918E+00
  3.35641E+00  2.17774E-28  1.43514E+06  2.00000E-03 -2.53480E+00
  3.44999E+00  2.18301E-28  1.43743E+06  2.00000E-03 -2.20940E+00
  3.54357E+00  2.18730E-28  1.43929E+06  2.00000E-03 -1.99218E+00
  3.63715E+00  2.18802E-28  1.43959E+06  2.00000E-03 -2.04789E+00
  3.73073E+00  2.18744E-28  1.43933E+06  2.00000E-03 -2.20504E+00
  3.82431E+00  2.18571E-28  1.43855E+06  2.00000E-03 -2.45421E+00
  3.91789E+00  2.18503E-28  1.43824E+06  2.00000E-03 -2.57934E+00
  4.01147E+00  2.18660E-28  1.43893E+06  2.00000E-03 -2.58204E+00
  4.10505E+00  2.19013E-28  1.44047E+06  2.00000E-03 -2.41258E+00
  4.19863E+00  2.19449E-28  1.44238E+06  2.00000E-03 -2.19499E+00
  4.29221E+00  2.19694E-28  1.44345E+06  2.00000E-03 -2.07490E+00
  4.38579E+00  2.20083E-28  1.44515E+06  2.00000E-03 -1.86581E+00
  4.47937E+00  2.20257E-28  1.44590E+06  2.00000E-03 -1.73220E+00
  4.57295E+00  2.20390E-28  1.44649E+06  2.00000E-03 -1.62005E+00
  4.66653E+00  2.20507E-28  1.44700E+06  2.00000E-03 -1.51775E+00
  4.76011E+00  2.20545E-28  1.44717E+06  2.00000E-03 -1.38153E+00
  4.85369E+00  2.20550E-28  1.44720E+06  2.00000E-03 -1.29023E+00
  4.94727E+00  2.20675E-28  1.44776E+06  2.00000E-03 -1.18105E+00
  5.04085E+00  2.20691E-28  1.44783E+06  2.00000E-03 -1.09273E+00
  5.13443E+00  2.20752E-28  1.44810E+06  2.00000E-03 -9.86171E-01
  5.22801E+00  2.20926E-28  1.44887E+06  2.00000E-03 -8.58235E-01
  5.32159E+00  2.21118E-28  1.44971E+06  2.00000E-03 -6.89930E-01
  5.41517E+00  2.21158E-28  1.44989E+06  2.00000E-03 -6.27305E-01
  5.50875E+00  2.21028E-28  1.44933E+06  2.00000E-03 -7.23615E-01
  5.60233E+00  2.20628E-28  1.44759E+06  2.00000E-03 -1.00871E+00
  5.69591E+00  2.19751E-28  1.44376E+06  2.00000E-03 -1.54466E+00
  5.78949E+00  2.18793E-28  1.43957E+06  2.00000E-03 -2.10643E+00
  5.88307E+00  2.18330E-28  1.43755E+06  2.00000E-03 -2.38137E+00
  5.97665E+00  2.17931E-28  1.43582E+06  2.00000E-03 -2.55254E+00
  6.07023E+00  2.17708E-28  1.43485E+06  2.00000E-03 -2.57585E+00
  6.16381E+00  2.17871E-28  1.43559E+06  2.00000E-03 -2.37441E+00
  6.25739E+00  2.18170E-28  1.43692E+06  2.00000E-03 -2.10825E+00
  6.35097E+00  2.18818E-28  1.43977E+06  2.00000E-03 -1.60596E+00
  6.44455E+00  2.19098E-28  1.44101E+06  2.00000E-03 -1.43889E+00
  6.53813E+00  2.19286E-28  1.44184E+06  2.00000E-03 -1.39694E+00
  6.63171E+00  2.19048E-28  1.44081E+06  2.00000E-03 -1.60936E+00
  6.72529E+00  2.18753E-28  1.43951E+06  2.00000E-03 -1.93668E+00
  6.81887E+00  2.18471E-28  1.43826E+06  2.00000E-03 -2.19070E+00
  6.91245E+00  2.18337E-28  1.43767E+06  2.00000E-03 -2.30522E+00
  7.00603E+00  2.18402E-28  1.43794E+06  2.00000E-03 -2.22065E+00
  7.09961E+00  2.18563E-28  1.43864E+06  2.00000E-03 -2.06180E+00
  7.19319E+00  2.18539E-28  1.43852E+06  2.00000E-03 -2.02299E+00
  7.28677E+00  2.18223E-28  1.43713E+06  2.00000E-03 -2.16305E+00
  7.38035E+00  2.17639E-28  1.43455E+06  2.00000E-03 -2.54533E+00
  7.47393E+00  2.16940E-28  1.43147E+06  2.00000E-03 -3.03968E+00
  7.56751E+00  2.15783E-28  1.42637E+06  2.00000E-03 -3.89692E+00
  7.66109E+00  2.15099E-28  1.42334E+06  2.00000E-03 -4.39429E+00
  7.75467E+00  2.14638E-28  1.42130E+06  2.00000E-03 -4.76889E+00
  7.84825E+00  2.14469E-28  1.42054E+06  2.00000E-03 -4.90360E+00
  7.94183E+00  2.14505E-28  1.42069E+06  2.00000E-03 -4.89127E+00
  8.03541E+00  2.14725E-28  1.42165E+06  2.00000E-03 -4.76297E+00
  8.12899E+00  2.15092E-28  1.42325E+06  2.00000E-03 -4.48276E+00
  8.22257E+00  2.15539E-28  1.42521E+06  2.00000E-03 -4.11895E+00
  8.31615E+00  2.16037E-28  1.42739E+06  2.00000E-03 -3.72087E+00
  8.40973E+00  2.16410E-28  1.42902E+06  2.00000E-03 -3.42435E+00
  8.50331E+00  2.16951E-28  1.43140E+06  2.00000E-03 -3.00988E+00
  8.59689E+00  2.17500E-28  1.43380E+06  2.00000E-03 -2.54752E+00
  8.69047E+00  2.18132E-28  1.43656E+06  2.00000E-03 -2.05135E+00
  8.78405E+00  2.18813E-28  1.43955E+06  2.00000E-03 -1.50183E+00
  8.87763E+00  2.19605E-28  1.44300E+06  2.00000E-03 -8.65101E-01
  8.97121E+00  2.20117E-28  1.44524E+06  2.00000E-03 -4.77618E-01
  9.06479E+00  2.20280E-28  1.44594E+06  2.00000E-03 -3.93651E-01
  9.15837E+00  2.19918E-28  1.44435E+06  2.00000E-03 -7.07881E-01
  9.25195E+00  2.19021E-28  1.44042E+06  2.00000E-03 -1.44459E+00
  9.34553E+00  2.17276E-28  1.43275E+06  2.00000E-03 -2.88904E+00
  9.43911E+00  2.15472E-28  1.42479E+06  2.00000E-03 -4.34458E+00
  9.53269E+00  2.14609E-28  1.42097E+06  2.00000E-03 -5.01819E+00
  9.62627E+00  2.14434E-28  1.42020E+06  2.00000E-03 -5.14221E+00
  9.71984E+00  2.14366E-28  1.41989E+06  2.00000E-03 -5.16112E+00
  9.81343E+00  2.14392E-28  1.42001E+06  2.00000E-03 -5.10080E+00
  9.90700E+00  2.14493E-28  1.42046E+06  2.00000E-03 -5.01585E+00
  1.00006E+01  2.14583E-28  1.42085E+06  2.00000E-03 -4.93421E+00
  1.00942E+01  2.14887E-28  1.42220E+06  2.00000E-03 -4.67980E+00
  1.01877E+01  2.15063E-28  1.42297E+06  2.00000E-03 -4.54558E+00
  1.02813E+01  2.15460E-28  1.42472E+06  2.00000E-03 -4.24393E+00
  1.03749E+01  2.15837E-28  1.42639E+06  2.00000E-03 -3.95178E+00
  1.04685E+01  2.16486E-28  1.42925E+06  2.00000E-03 -3.43213E+00
  1.05621E+01  2.16813E-28  1.43069E+06  2.00000E-03 -3.17387E+00
  1.06556E+01  2.17228E-28  1.43252E+06  2.00000E-03 -2.84900E+00
  1.07492E+01  2.17360E-28  1.43310E+06  2.00000E-03 -2.72767E+00
  1.08428E+01  2.17355E-28  1.43308E+06  2.00000E-03 -2.71712E+00
  1.09364E+01  2.17194E-28  1.43237E+06  2.00000E-03 -2.82473E+00
  1.10300E+01  2.16825E-28  1.43074E+06  2.00000E-03 -3.09096E+00
  1.11235E+01  2.16442E-28  1.42906E+06  2.00000E-03 -3.36734E+00
  1.12171E+01  2.16219E-28  1.42811E+06  2.00000E-03 -3.52409E+00
  1.13107E+01  2.16137E-28  1.42782E+06  2.00000E-03 -3.56997E+00
  1.14043E+01  2.16182E-28  1.42813E+06  2.00000E-03 -3.51730E+00
  1.14979E+01  2.16325E-28  1.42890E+06  2.00000E-03 -3.38742E+00
  1.15914E+01  2.16488E-28  1.42967E+06  2.00000E-03 -3.24631E+00
  1.16850E+01  2.16617E-28  1.43024E+06  2.00000E-03 -3.13216E+00
  1.17786E+01  2.16653E-28  1.43036E+06  2.00000E-03 -3.09918E+00
  1.18722E+01  2.16701E-28  1.43042E+06  2.00000E-03 -3.03452E+00
  1.19658E+01  2.16595E-28  1.42994E+06  2.00000E-03 -3.08005E+00
  1.20593E+01  2.16630E-28  1.43006E+06  2.00000E-03 -2.99168E+00
  1.21529E+01  2.16664E-28  1.43019E+06  2.00000E-03 -2.93391E+00
  1.22465E+01  2.16756E-28  1.43058E+06  2.00000E-03 -2.80530E+00
  1.23401E+01  2.17037E-28  1.43178E+06  2.00000E-03 -2.53196E+00
  1.24337E+01  2.17066E-28  1.43191E+06  2.00000E-03 -2.50454E+00
  1.25272E+01  2.17366E-28  1.43321E+06  2.00000E-03 -2.25190E+00
  1.26208E+01  2.17577E-28  1.43414E+06  2.00000E-03 -2.08585E+00
  1.27144E+01  2.17898E-28  1.43554E+06  2.00000E-03 -1.82377E+00
  1.28080E+01  2.18081E-28  1.43633E+06  2.00000E-03 -1.67443E+00
  1.29016E+01  2.18232E-28  1.43698E+06  2.00000E-03 -1.54819E+00
  1.29951E+01  2.18309E-28  1.43731E+06  2.00000E-03 -1.48233E+00
  1.30887E+01  2.18306E-28  1.43730E+06  2.00000E-03 -1.46029E+00
  1.31823E+01  2.18300E-28  1.43727E+06  2.00000E-03 -1.46173E+00
  1.32759E+01  2.18058E-28  1.43620E+06  2.00000E-03 -1.57509E+00
  1.33695E+01  2.17870E-28  1.43537E+06  2.00000E-03 -1.69368E+00
  1.34630E+01  2.17348E-28  1.43307E+06  2.00000E-03 -2.04678E+00
  1.35566E+01  2.16944E-28  1.43129E+06  2.00000E-03 -2.33521E+00
  1.36502E+01  2.16429E-28  1.42903E+06  2.00000E-03 -2.71368E+00
  1.37438E+01  2.15775E-28  1.42614E+06  2.00000E-03 -3.21056E+00
  1.38374E+01  2.15491E-28  1.42488E+06  2.00000E-03 -3.42009E+00
  1.39309E+01  2.15038E-28  1.42288E+06  2.00000E-03 -3.75442E+00
  1.40245E+01  2.14775E-28  1.42172E+06  2.00000E-03 -3.94273E+00
  1.41181E+01  2.14749E-28  1.42160E+06  2.00000E-03 -3.94813E+00
  1.42117E+01  2.14744E-28  1.42157E+06  2.00000E-03 -3.93244E+00
  1.43053E+01  2.14764E-28  1.42166E+06  2.00000E-03 -3.91625E+00
  1.43988E+01  2.15091E-28  1.42311E+06  2.00000E-03 -3.67141E+00
  1.44924E+01  2.15475E-28  1.42480E+06  2.00000E-03 -3.37486E+00
  1.45860E+01  2.15588E-28  1.42529E+06  2.00000E-03 -3.28390E+00
  1.46796E+01  2.16146E-28  1.42774E+06  2.00000E-03 -2.83689E+00
  1.47732E+01  2.16430E-28  1.42900E+06  2.00000E-03 -2.60595E+00
  1.48667E+01  2.16755E-28  1.43042E+06  2.00000E-03 -2.34081E+00
  1.49603E+01  2.16905E-28  1.43108E+06  2.00000E-03 -2.21564E+00
  1.50539E+01  2.16923E-28  1.43116E+06  2.00000E-03 -2.18145E+00
  1.51475E+01  2.17128E-28  1.43206E+06  2.00000E-03 -1.96721E+00
  1.52411E+01  2.17167E-28  1.43223E+06  2.00000E-03 -1.91605E+00
  1.53346E+01  2.17373E-28  1.43313E+06  2.00000E-03 -1.71265E+00
  1.54282E+01  2.17406E-28  1.43327E+06  2.00000E-03 -1.63976E+00
  1.55218E+01  2.17322E-28  1.43291E+06  2.00000E-03 -1.67344E+00
  1.56154E+01  2.17387E-28  1.43319E+06  2.00000E-03 -1.56400E+00
  1.57090E+01  2.17380E-28  1.43316E+06  2.00000E-03 -1.55552E+00
  1.58025E+01  2.17357E-28  1.43306E+06  2.00000E-03 -1.51480E+00
  1.58961E+01  2.17371E-28  1.43313E+06  2.00000E-03 -1.46172E+00
  1.59897E+01  2.17341E-28  1.43299E+06  2.00000E-03 -1.45516E+00
  1.60833E+01  2.17291E-28  1.43277E+06  2.00000E-03 -1.45311E+00
  1.61769E+01  2.17380E-28  1.43317E+06  2.00000E-03 -1.39083E+00
  1.62704E+01  2.17348E-28  1.43303E+06  2.00000E-03 -1.40022E+00
  1.63640E+01  2.17239E-28  1.43255E+06  2.00000E-03 -1.45738E+00
  1.64576E+01  2.17291E-28  1.43278E+06  2.00000E-03 -1.40317E+00
  1.65512E+01  2.17242E-28  1.43256E+06  2.00000E-03 -1.40698E+00
  1.66448E+01  2.17325E-28  1.43292E+06  2.00000E-03 -1.30855E+00
  1.67383E+01  2.17243E-28  1.43255E+06  2.00000E-03 -1.35255E+00
  1.68319E+01  2.17312E-28  1.43285E+06  2.00000E-03 -1.29491E+00
  1.69255E+01  2.17609E-28  1.43415E+06  2.00000E-03 -1.09951E+00
  1.70191E+01  2.17808E-28  1.43502E+06  2.00000E-03 -8.90106E-01
  1.71127E+01  2.17814E-28  1.43505E+06  2.00000E-03 -8.80682E-01
  1.72062E+01  2.18199E-28  1.43677E+06  2.00000E-03 -5.49166E-01
  1.72998E+01  2.18487E-28  1.43806E+06  2.00000E-03 -3.13570E-01
  1.73934E+01  2.18520E-28  1.43822E+06  2.00000E-03 -2.99018E-01
  1.74870E+01  2.18235E-28  1.43710E+06  2.00000E-03 -5.54122E-01
  1.75806E+01  2.18160E-28  1.43681E+06  2.00000E-03 -6.21191E-01
  1.76741E+01  2.18160E-28  1.43681E+06  2.00000E-03 -6.21191E-01
  1.77677E+01  2.18160E-28  1.43681E+06  2.00000E-03 -6.21191E-01
  1.78613E+01  2.17925E-28  1.43576E+06  2.00000E-03 -8.27718E-01
  1.79549E+01  2.16693E-28  1.43025E+06  2.00000E-03 -1.84839E+00
  1.80485E+01  2.15647E-28  1.42560E+06  2.00000E-03 -2.75483E+00
  1.81420E+01  2.15597E-28  1.42538E+06  2.00000E-03 -2.79894E+00
  1.82356E+01  2.15267E-28  1.42393E+06  2.00000E-03 -3.02901E+00
  1.83292E+01  2.15066E-28  1.42304E+06  2.00000E-03 -3.17031E+00
  1.84228E+01  2.14026E-28  1.41841E+06  2.00000E-03 -3.89082E+00
  1.85164E+01  2.13559E-28  1.41634E+06  2.00000E-03 -4.19953E+00
  1.86099E+01  2.13053E-28  1.41410E+06  2.00000E-03 -4.55587E+00
  1.87035E+01  2.12454E-28  1.41143E+06  2.00000E-03 -4.98030E+00
  1.87971E+01  2.12056E-28  1.40966E+06  2.00000E-03 -5.25087E+00
  1.88907E+01  2.12155E-28  1.41008E+06  2.00000E-03 -5.11371E+00
  1.89843E+01  2.12176E-28  1.41018E+06  2.00000E-03 -5.08359E+00
  1.90778E+01  2.12176E-28  1.41018E+06  2.00000E-03 -5.08359E+00
  1.91714E+01  2.12176E-28  1.41018E+06  2.00000E-03 -5.08359E+00
  1.92650E+01  2.12203E-28  1.41029E+06  2.00000E-03 -5.05281E+00
  1.93586E+01  2.12459E-28  1.41142E+06  2.00000E-03 -4.79759E+00
  1.94522E+01  2.12715E-28  1.41254E+06  2.00000E-03 -4.55522E+00
  1.95457E+01  2.12770E-28  1.41278E+06  2.00000E-03 -4.49834E+00
  1.96393E+01  2.12817E-28  1.41299E+06  2.00000E-03 -4.44919E+00
  1.97329E+01  2.12816E-28  1.41299E+06  2.00000E-03 -4.45034E+00
  1.98265E+01  2.13129E-28  1.41437E+06  2.00000E-03 -4.18291E+00
  1.99200E+01  2.13164E-28  1.41453E+06  2.00000E-03 -4.15536E+00
  2.00136E+01  2.13291E-28  1.41509E+06  2.00000E-03 -4.05659E+00
  2.01072E+01  2.13513E-28  1.41606E+06  2.00000E-03 -3.88433E+00
  2.02008E+01  2.13631E-28  1.41658E+06  2.00000E-03 -3.79200E+00
  2.02944E+01  2.13766E-28  1.41718E+06  2.00000E-03 -3.68483E+00
  2.03879E+01  2.13832E-28  1.41747E+06  2.00000E-03 -3.63290E+00
  2.04815E+01  2.13832E-28  1.41747E+06  2.00000E-03 -3.63290E+00
  2.05751E+01  2.13832E-28  1.41747E+06  2.00000E-03 -3.63290E+00
  2.06687E+01  2.13878E-28  1.41767E+06  2.00000E-03 -3.59633E+00
  2.07623E+01  2.14469E-28  1.42028E+06  2.00000E-03 -3.12580E+00
  2.08558E+01  2.14994E-28  1.42259E+06  2.00000E-03 -2.69535E+00
  2.09494E+01  2.15082E-28  1.42298E+06  2.00000E-03 -2.62216E+00
  2.10430E+01  2.15176E-28  1.42340E+06  2.00000E-03 -2.54225E+00
  2.11366E+01  2.15244E-28  1.42369E+06  2.00000E-03 -2.48537E+00
  2.12302E+01  2.15669E-28  1.42557E+06  2.00000E-03 -2.15283E+00
  2.13237E+01  2.15892E-28  1.42655E+06  2.00000E-03 -1.97889E+00
  2.14173E+01  2.16021E-28  1.42712E+06  2.00000E-03 -1.87351E+00
  2.15109E+01  2.16235E-28  1.42806E+06  2.00000E-03 -1.69905E+00
  2.16045E+01  2.16460E-28  1.42905E+06  2.00000E-03 -1.51536E+00
  2.16981E+01  2.16765E-28  1.43039E+06  2.00000E-03 -1.27081E+00
  2.17916E+01  2.16902E-28  1.43099E+06  2.00000E-03 -1.16200E+00
  2.18852E+01  2.16902E-28  1.43099E+06  2.00000E-03 -1.16200E+00
  2.19788E+01  2.16965E-28  1.43127E+06  2.00000E-03 -1.11003E+00
  2.20724E+01  2.16970E-28  1.43129E+06  2.00000E-03 -1.10567E+00
  2.21660E+01  2.17332E-28  1.43288E+06  2.00000E-03 -8.13579E-01
  2.22595E+01  2.17594E-28  1.43403E+06  2.00000E-03 -6.01915E-01
  2.23531E+01  2.17781E-28  1.43485E+06  2.00000E-03 -4.54295E-01
  2.24467E+01  2.17787E-28  1.43488E+06  2.00000E-03 -4.49620E-01
  2.25403E+01  2.17794E-28  1.43491E+06  2.00000E-03 -4.43178E-01
  2.26339E+01  2.17859E-28  1.43519E+06  2.00000E-03 -3.84942E-01
  2.27274E+01  2.17878E-28  1.43528E+06  2.00000E-03 -3.67899E-01
  2.28210E+01  2.17932E-28  1.43551E+06  2.00000E-03 -3.27525E-01
  2.29146E+01  2.18062E-28  1.43608E+06  2.00000E-03 -2.30104E-01
  2.30082E+01  2.18189E-28  1.43664E+06  2.00000E-03 -1.34688E-01
  2.31018E+01  2.18213E-28  1.43675E+06  2.00000E-03 -1.18645E-01
  2.31953E+01  2.18183E-28  1.43662E+06  2.00000E-03 -1.42913E-01
  2.32889E+01  2.18169E-28  1.43655E+06  2.00000E-03 -1.54771E-01
  2.33825E+01  2.18166E-28  1.43654E+06  2.00000E-03 -1.57286E-01
  2.34761E+01  2.18160E-28  1.43651E+06  2.00000E-03 -1.62244E-01
  2.35697E+01  2.18022E-28  1.43592E+06  2.00000E-03 -3.37472E-01
  2.36632E+01  2.17976E-28  1.43572E+06  2.00000E-03 -3.97333E-01
  2.37568E+01  2.17976E-28  1.43572E+06  2.00000E-03 -3.97333E-01
  2.38504E+01  2.17976E-28  1.43572E+06  2.00000E-03 -3.97333E-01
  2.39440E+01  2.17976E-28  1.43572E+06  2.00000E-03 -3.97333E-01
  2.40376E+01  2.17976E-28  1.43572E+06  2.00000E-03 -3.97333E-01
  2.41311E+01  2.17976E-28  1.43572E+06  2.00000E-03 -3.97333E-01
  2.42247E+01  2.17976E-28  1.43572E+06  2.00000E-03 -3.97333E-01
  2.43183E+01  2.17800E-28  1.43495E+06  2.00000E-03 -5.61980E-01
  2.44119E+01  2.17616E-28  1.43414E+06  2.00000E-03 -7.34828E-01
  2.45055E+01  2.17286E-28  1.43268E+06  2.00000E-03 -1.03155E+00
  2.45990E+01  2.17000E-28  1.43142E+06  2.00000E-03 -1.28123E+00
  2.46926E+01  2.16986E-28  1.43136E+06  2.00000E-03 -1.29361E+00
  2.47862E+01  2.16935E-28  1.43114E+06  2.00000E-03 -1.33765E+00
  2.48798E+01  2.16894E-28  1.43096E+06  2.00000E-03 -1.37352E+00
  2.49734E+01  2.16894E-28  1.43096E+06  2.00000E-03 -1.37352E+00
  2.50669E+01  2.16894E-28  1.43096E+06  2.00000E-03 -1.37352E+00
  2.51605E+01  2.16894E-28  1.43096E+06  2.00000E-03 -1.37352E+00
  2.52541E+01  2.16894E-28  1.43096E+06  2.00000E-03 -1.37352E+00
  2.53477E+01  2.16894E-28  1.43096E+06  2.00000E-03 -1.37352E+00
  2.54413E+01  2.16994E-28  1.43139E+06  2.00000E-03 -1.33449E+00
  2.55348E+01  2.17053E-28  1.43165E+06  2.00000E-03 -1.31128E+00
  2.56284E+01  2.17053E-28  1.43165E+06  2.00000E-03 -1.31128E+00
  2.57220E+01  2.17018E-28  1.43150E+06  2.00000E-03 -1.32496E+00
  2.58156E+01  2.16950E-28  1.43120E+06  2.00000E-03 -1.35103E+00
  2.59092E+01  2.16920E-28  1.43107E+06  2.00000E-03 -1.36251E+00
  2.60027E+01  2.16920E-28  1.43107E+06  2.00000E-03 -1.36251E+00
  2.60963E+01  2.16920E-28  1.43107E+06  2.00000E-03 -1.36251E+00
  2.61899E+01  2.16920E-28  1.43107E+06  2.00000E-03 -1.36251E+00
  2.62835E+01  2.16920E-28  1.43107E+06  2.00000E-03 -1.36251E+00
  2.63771E+01  2.17152E-28  1.43209E+06  2.00000E-03 -1.20291E+00
  2.64706E+01  2.17444E-28  1.43337E+06  2.00000E-03 -1.00279E+00
  2.65642E+01  2.17444E-28  1.43337E+06  2.00000E-03 -1.00279E+00
  2.66578E+01  2.17444E-28  1.43337E+06  2.00000E-03 -1.00279E+00
  2.67514E+01  2.17444E-28  1.43337E+06  2.00000E-03 -1.00280E+00
  2.68450E+01  2.17444E-28  1.43337E+06  2.00000E-03 -1.00279E+00
  2.69385E+01  2.17444E-28  1.43337E+06  2.00000E-03 -1.00280E+00
  2.70321E+01  2.17528E-28  1.43374E+06  2.00000E-03 -9.43817E-01
  2.71257E+01  2.17614E-28  1.43412E+06  2.00000E-03 -8.79039E-01
  2.72193E+01  2.17678E-28  1.43440E+06  2.00000E-03 -8.30190E-01
  2.73129E+01  2.17766E-28  1.43478E+06  2.00000E-03 -7.73405E-01
  2.74064E+01  2.17810E-28  1.43498E+06  2.00000E-03 -7.48058E-01
  2.75000E+01  2.17810E-28  1.43498E+06  2.00000E-03 -7.47782E-01
  2.75936E+01  2.17810E-28  1.43498E+06  2.00000E-03 -7.47782E-01
  2.76872E+01  2.17810E-28  1.43498E+06  2.00000E-03 -7.47782E-01
  2.77808E+01  2.17810E-28  1.43498E+06  2.00000E-03 -7.47782E-01
  2.78743E+01  2.17810E-28  1.43498E+06  2.00000E-03 -7.47782E-01
  2.79679E+01  2.17810E-28  1.43498E+06  2.00000E-03 -7.47782E-01
  2.80615E+01  2.17810E-28  1.43498E+06  2.00000E-03 -7.47782E-01
  2.81551E+01  2.17810E-28  1.43498E+06  2.00000E-03 -7.47782E-01
  2.82487E+01  2.17720E-28  1.43458E+06  2.00000E-03 -8.05760E-01
  2.83422E+01  2.17585E-28  1.43399E+06  2.00000E-03 -8.92682E-01
  2.84358E+01  2.17585E-28  1.43399E+06  2.00000E-03 -8.92682E-01
  2.85294E+01  2.17581E-28  1.43397E+06  2.00000E-03 -8.97893E-01
  2.86230E+01  2.17565E-28  1.43390E+06  2.00000E-03 -9.17034E-01
  2.87166E+01  2.17543E-28  1.43380E+06  2.00000E-03 -9.44812E-01
  2.88101E+01  2.17543E-28  1.43380E+06  2.00000E-03 -9.44812E-01
  2.89037E+01  2.17543E-28  1.43380E+06  2.00000E-03 -9.44812E-01
  2.89973E+01  2.17543E-28  1.43380E+06  2.00000E-03 -9.44812E-01
  2.90909E+01  2.17543E-28  1.43380E+06  2.00000E-03 -9.44812E-01
  2.91845E+01  2.17475E-28  1.43350E+06  2.00000E-03 -9.86412E-01
  2.92780E+01  2.17260E-28  1.43256E+06  2.00000E-03 -1.11902E+00
  2.93716E+01  2.17260E-28  1.43256E+06  2.00000E-03 -1.11902E+00
  2.94652E+01  2.17251E-28  1.43252E+06  2.00000E-03 -1.12379E+00
  2.95588E+01  2.17166E-28  1.43215E+06  2.00000E-03 -1.17189E+00
  2.96524E+01  2.17170E-28  1.43216E+06  2.00000E-03 -1.16984E+00
  2.97459E+01  2.17116E-28  1.43193E+06  2.00000E-03 -1.20024E+00
  2.98395E+01  2.17061E-28  1.43168E+06  2.00000E-03 -1.23145E+00
  2.99331E+01  2.17087E-28  1.43180E+06  2.00000E-03 -1.21516E+00
  3.00267E+01  2.17184E-28  1.43223E+06  2.00000E-03 -1.15305E+00
  3.01203E+01  2.17208E-28  1.43233E+06  2.00000E-03 -1.12825E+00
