 -2.47817E+01  2.18666E-28  1.43886E+06  2.00000E-03  7.60687E+00
 -2.46881E+01  2.18625E-28  1.43869E+06  2.00000E-03  7.61502E+00
 -2.45945E+01  2.18550E-28  1.43836E+06  2.00000E-03  7.63028E+00
 -2.45009E+01  2.18530E-28  1.43827E+06  2.00000E-03  7.63423E+00
 -2.44074E+01  2.18477E-28  1.43804E+06  2.00000E-03  7.64504E+00
 -2.43138E+01  2.18434E-28  1.43785E+06  2.00000E-03  7.65372E+00
 -2.42202E+01  2.18434E-28  1.43785E+06  2.00000E-03  7.65372E+00
 -2.41266E+01  2.18387E-28  1.43765E+06  2.00000E-03  7.73948E+00
 -2.40331E+01  2.18274E-28  1.43716E+06  2.00000E-03  7.94666E+00
 -2.39395E+01  2.18274E-28  1.43716E+06  2.00000E-03  7.94666E+00
 -2.38459E+01  2.18274E-28  1.43716E+06  2.00000E-03  7.94666E+00
 -2.37523E+01  2.18274E-28  1.43716E+06  2.00000E-03  7.94666E+00
 -2.36587E+01  2.18274E-28  1.43716E+06  2.00000E-03  7.94666E+00
 -2.35652E+01  2.18274E-28  1.43716E+06  2.00000E-03  7.94666E+00
 -2.34716E+01  2.18274E-28  1.43716E+06  2.00000E-03  7.94666E+00
 -2.33780E+01  2.18274E-28  1.43716E+06  2.00000E-03  7.94666E+00
 -2.32844E+01  2.18193E-28  1.43681E+06  2.00000E-03  8.14104E+00
 -2.31908E+01  2.18183E-28  1.43677E+06  2.00000E-03  8.16548E+00
 -2.30973E+01  2.18183E-28  1.43677E+06  2.00000E-03  8.16548E+00
 -2.30037E+01  2.18183E-28  1.43677E+06  2.00000E-03  8.16548E+00
 -2.29101E+01  2.18183E-28  1.43677E+06  2.00000E-03  8.16548E+00
 -2.28165E+01  2.18183E-28  1.43677E+06  2.00000E-03  8.16548E+00
 -2.27229E+01  2.18183E-28  1.43677E+06  2.00000E-03  8.16547E+00
 -2.26294E+01  2.18183E-28  1.43677E+06  2.00000E-03  8.16548E+00
 -2.25358E+01  2.18131E-28  1.43655E+06  2.00000E-03  8.27794E+00
 -2.24422E+01  2.18088E-28  1.43636E+06  2.00000E-03  8.37331E+00
 -2.23486E+01  2.18088E-28  1.43636E+06  2.00000E-03  8.37331E+00
 -2.22550E+01  2.18088E-28  1.43636E+06  2.00000E-03  8.37331E+00
 -2.21615E+01  2.18088E-28  1.43636E+06  2.00000E-03  8.37331E+00
 -2.20679E+01  2.18088E-28  1.43636E+06  2.00000E-03  8.37331E+00
 -2.19743E+01  2.18088E-28  1.43636E+06  2.00000E-03  8.37331E+00
 -2.18807E+01  2.17959E-28  1.43580E+06  2.00000E-03  8.43849E+00
 -2.17871E+01  2.17892E-28  1.43551E+06  2.00000E-03  8.49914E+00
 -2.16936E+01  2.17709E-28  1.43472E+06  2.00000E-03  8.75137E+00
 -2.16000E+01  2.17591E-28  1.43420E+06  2.00000E-03  8.81806E+00
 -2.15064E+01  2.17487E-28  1.43375E+06  2.00000E-03  8.87728E+00
 -2.14128E+01  2.17487E-28  1.43375E+06  2.00000E-03  8.87728E+00
 -2.13192E+01  2.17487E-28  1.43375E+06  2.00000E-03  8.87728E+00
 -2.12257E+01  2.17487E-28  1.43375E+06  2.00000E-03  8.87728E+00
 -2.11321E+01  2.17487E-28  1.43375E+06  2.00000E-03  8.87728E+00
 -2.10385E+01  2.17486E-28  1.43374E+06  2.00000E-03  8.88494E+00
 -2.09449E+01  2.17464E-28  1.43365E+06  2.00000E-03  9.06093E+00
 -2.08513E+01  2.17461E-28  1.43364E+06  2.00000E-03  9.08483E+00
 -2.07578E+01  2.17461E-28  1.43364E+06  2.00000E-03  9.08483E+00
 -2.06642E+01  2.17461E-28  1.43364E+06  2.00000E-03  9.08483E+00
 -2.05706E+01  2.17461E-28  1.43364E+06  2.00000E-03  9.08483E+00
 -2.04770E+01  2.17469E-28  1.43368E+06  2.00000E-03  9.16612E+00
 -2.03834E+01  2.17471E-28  1.43369E+06  2.00000E-03  9.17914E+00
 -2.02899E+01  2.17469E-28  1.43368E+06  2.00000E-03  9.16167E+00
 -2.01963E+01  2.17594E-28  1.43426E+06  2.00000E-03  9.25056E+00
 -2.01027E+01  2.17699E-28  1.43473E+06  2.00000E-03  9.33198E+00
 -2.00091E+01  2.17704E-28  1.43475E+06  2.00000E-03  9.34453E+00
 -1.99155E+01  2.17704E-28  1.43475E+06  2.00000E-03  9.34453E+00
 -1.98220E+01  2.17708E-28  1.43477E+06  2.00000E-03  9.35312E+00
 -1.97284E+01  2.17718E-28  1.43482E+06  2.00000E-03  9.37822E+00
 -1.96348E+01  2.17704E-28  1.43475E+06  2.00000E-03  9.34453E+00
 -1.95412E+01  2.17713E-28  1.43479E+06  2.00000E-03  9.36605E+00
 -1.94476E+01  2.17775E-28  1.43507E+06  2.00000E-03  9.38289E+00
 -1.93541E+01  2.17986E-28  1.43600E+06  2.00000E-03  9.43843E+00
 -1.92605E+01  2.18008E-28  1.43610E+06  2.00000E-03  9.48665E+00
 -1.91669E+01  2.18008E-28  1.43610E+06  2.00000E-03  9.48665E+00
 -1.90733E+01  2.18015E-28  1.43613E+06  2.00000E-03  9.49631E+00
 -1.89797E+01  2.18131E-28  1.43665E+06  2.00000E-03  9.63120E+00
 -1.88862E+01  2.18136E-28  1.43667E+06  2.00000E-03  9.63408E+00
 -1.87926E+01  2.18141E-28  1.43669E+06  2.00000E-03  9.63752E+00
 -1.86990E+01  2.18178E-28  1.43686E+06  2.00000E-03  9.66414E+00
 -1.86054E+01  2.18170E-28  1.43684E+06  2.00000E-03  9.78353E+00
 -1.85118E+01  2.18169E-28  1.43683E+06  2.00000E-03  9.79819E+00
 -1.84183E+01  2.18169E-28  1.43683E+06  2.00000E-03  9.79819E+00
 -1.83247E+01  2.18169E-28  1.43683E+06  2.00000E-03  9.79819E+00
 -1.82311E+01  2.18183E-28  1.43690E+06  2.00000E-03  9.79274E+00
 -1.81375E+01  2.18190E-28  1.43693E+06  2.00000E-03  9.78992E+00
 -1.80439E+01  2.18190E-28  1.43693E+06  2.00000E-03  9.78992E+00
 -1.79504E+01  2.18190E-28  1.43693E+06  2.00000E-03  9.78992E+00
 -1.78568E+01  2.18251E-28  1.43722E+06  2.00000E-03  9.61064E+00
 -1.77632E+01  2.18283E-28  1.43737E+06  2.00000E-03  9.51412E+00
 -1.76696E+01  2.18257E-28  1.43725E+06  2.00000E-03  9.59813E+00
 -1.75760E+01  2.18193E-28  1.43697E+06  2.00000E-03  9.79956E+00
 -1.74825E+01  2.18229E-28  1.43711E+06  2.00000E-03  9.71491E+00
 -1.73889E+01  2.18269E-28  1.43730E+06  2.00000E-03  9.71322E+00
 -1.72953E+01  2.18194E-28  1.43700E+06  2.00000E-03  1.00415E+01
 -1.72017E+01  2.18147E-28  1.43680E+06  2.00000E-03  1.02509E+01
 -1.71081E+01  2.18189E-28  1.43690E+06  2.00000E-03  1.01990E+01
 -1.70146E+01  2.18281E-28  1.43712E+06  2.00000E-03  1.00841E+01
 -1.69210E+01  2.18281E-28  1.43712E+06  2.00000E-03  1.00841E+01
 -1.68274E+01  2.18281E-28  1.43712E+06  2.00000E-03  1.00841E+01
 -1.67338E+01  2.18258E-28  1.43736E+06  1.99998E-03  1.00770E+01
 -1.66402E+01  2.18066E-28  1.43929E+06  1.99982E-03  1.00191E+01
 -1.65467E+01  2.18062E-28  1.43932E+06  1.99982E-03  1.00180E+01
 -1.64531E+01  2.18062E-28  1.43932E+06  1.99982E-03  1.00180E+01
 -1.63595E+01  2.18899E-28  1.43371E+06  1.99725E-03  9.97685E+00
 -1.62659E+01  2.38461E-28  1.31371E+06  1.94229E-03  9.09752E+00
 -1.61723E+01  2.35286E-28  1.33096E+06  1.95041E-03  9.32733E+00
 -1.60788E+01  2.30357E-28  1.35917E+06  1.96356E-03  9.64219E+00
 -1.59852E+01  2.26409E-28  1.38266E+06  1.97451E-03  9.90432E+00
 -1.58916E+01  2.35057E-28  1.33045E+06  1.95055E-03  9.00259E+00
 -1.57980E+01  2.38312E-28  1.31208E+06  1.94206E-03  8.73593E+00
 -1.57044E+01  2.38871E-28  1.30873E+06  1.93926E-03  8.99630E+00
 -1.56109E+01  2.39258E-28  1.30642E+06  1.93732E-03  9.17580E+00
 -1.55173E+01  2.86277E-28  1.09047E+06  1.83450E-03  7.88580E+00
 -1.54237E+01  3.12448E-28  9.98489E+05  1.79057E-03  7.35994E+00
 -1.53301E+01  3.12251E-28  9.99076E+05  1.78978E-03  7.59873E+00
 -1.52365E+01  3.12221E-28  9.99166E+05  1.78966E-03  7.63498E+00
 -1.51430E+01  3.20449E-28  9.70744E+05  1.76039E-03  5.26908E+00
 -1.50494E+01  3.26815E-28  9.50044E+05  1.74100E-03  3.84309E+00
 -1.49558E+01  3.28168E-28  9.46197E+05  1.74005E-03  4.09376E+00
 -1.48622E+01  3.26714E-28  9.50430E+05  1.74221E-03  4.06714E+00
 -1.47686E+01  2.95298E-28  1.05049E+06  1.79505E-03  2.74658E+00
 -1.46751E+01  2.80036E-28  1.10438E+06  1.82643E-03  4.34933E-01
 -1.45815E+01  2.84870E-28  1.08586E+06  1.81555E-03  5.28202E-01
 -1.44879E+01  2.81927E-28  1.09717E+06  1.82377E-03  1.44795E-01
 -1.43943E+01  2.71995E-28  1.13729E+06  1.84619E-03  4.10538E-02
 -1.43007E+01  2.27777E-28  1.35861E+06  1.95897E-03  1.50783E+00
 -1.42072E+01  2.27472E-28  1.36038E+06  1.95977E-03  1.53730E+00
 -1.41136E+01  2.39256E-28  1.29064E+06  1.91948E-03  1.86363E+00
 -1.40200E+01  2.38887E-28  1.29353E+06  1.91965E-03  2.42730E+00
 -1.39264E+01  2.54456E-28  1.21328E+06  1.87822E-03  2.20944E+00
 -1.38328E+01  2.55971E-28  1.20612E+06  1.87437E-03  2.34712E+00
 -1.37393E+01  2.75941E-28  1.11992E+06  1.83503E-03  2.80864E+00
 -1.36457E+01  2.77960E-28  1.11179E+06  1.83139E-03  2.75686E+00
 -1.35521E+01  2.87863E-28  1.07471E+06  1.81771E-03  2.27144E+00
 -1.34585E+01  2.89555E-28  1.06863E+06  1.81546E-03  2.19183E+00
 -1.33649E+01  2.80481E-28  1.10488E+06  1.83293E-03  2.15473E+00
 -1.32714E+01  2.79003E-28  1.11121E+06  1.83593E-03  2.26383E+00
 -1.31778E+01  2.69278E-28  1.15272E+06  1.85611E-03  2.89819E+00
 -1.30842E+01  2.62026E-28  1.18576E+06  1.87284E-03  3.23887E+00
 -1.29906E+01  2.40920E-28  1.29133E+06  1.92494E-03  3.87971E+00
 -1.28970E+01  2.32066E-28  1.34129E+06  1.94963E-03  4.15346E+00
 -1.28035E+01  2.24586E-28  1.38666E+06  1.97323E-03  4.89669E+00
 -1.27099E+01  2.18764E-28  1.42419E+06  1.99279E-03  5.51236E+00
 -1.26163E+01  2.17858E-28  1.43047E+06  1.99614E-03  6.06495E+00
 -1.25227E+01  2.16917E-28  1.43706E+06  1.99959E-03  6.77456E+00
 -1.24291E+01  2.16898E-28  1.43696E+06  1.99972E-03  6.94125E+00
 -1.23356E+01  2.16873E-28  1.43695E+06  1.99993E-03  7.39956E+00
 -1.22420E+01  2.16887E-28  1.43665E+06  1.99986E-03  7.32236E+00
 -1.21484E+01  2.16906E-28  1.43501E+06  1.99956E-03  7.37012E+00
 -1.20548E+01  2.17000E-28  1.43413E+06  1.99930E-03  7.39004E+00
 -1.19612E+01  2.17750E-28  1.42691E+06  1.99725E-03  7.77792E+00
 -1.18677E+01  2.18190E-28  1.42358E+06  1.99605E-03  7.95301E+00
 -1.17741E+01  2.21982E-28  1.39639E+06  1.98630E-03  8.31166E+00
 -1.16805E+01  2.22610E-28  1.39214E+06  1.98469E-03  8.39604E+00
 -1.15869E+01  2.41869E-28  1.27709E+06  1.93838E-03  9.40424E+00
 -1.14934E+01  2.45925E-28  1.25572E+06  1.92715E-03  9.47912E+00
 -1.13998E+01  3.02365E-28  1.01815E+06  1.79992E-03  1.02507E+01
 -1.13062E+01  3.08789E-28  9.96612E+05  1.78838E-03  1.03207E+01
 -1.12126E+01  4.60538E-28  6.64529E+05  1.60735E-03  1.09405E+01
 -1.11190E+01  4.78135E-28  6.39377E+05  1.59371E-03  1.11700E+01
 -1.10255E+01  5.72580E-28  5.30794E+05  1.54948E-03  1.09204E+01
 -1.09319E+01  5.79662E-28  5.23293E+05  1.54608E-03  1.09683E+01
 -1.08383E+01  5.59514E-28  5.41486E+05  1.55849E-03  1.08540E+01
 -1.07447E+01  5.48809E-28  5.51510E+05  1.56538E-03  1.05815E+01
 -1.06511E+01  4.81159E-28  6.29213E+05  1.60495E-03  1.06582E+01
 -1.05576E+01  4.01822E-28  7.54285E+05  1.66981E-03  1.07944E+01
 -1.04640E+01  3.13429E-28  9.68528E+05  1.77999E-03  1.12583E+01
 -1.03704E+01  2.72101E-28  1.11612E+06  1.85568E-03  1.13626E+01
 -1.02768E+01  2.48567E-28  1.22245E+06  1.90772E-03  1.13826E+01
 -1.01832E+01  2.25743E-28  1.34781E+06  1.96881E-03  1.16597E+01
 -1.00897E+01  2.21242E-28  1.37613E+06  1.98189E-03  1.16583E+01
 -9.99607E+00  2.16775E-28  1.40461E+06  1.99350E-03  1.15554E+01
 -9.90249E+00  2.16345E-28  1.40758E+06  1.99454E-03  1.13698E+01
 -9.80891E+00  2.14810E-28  1.42023E+06  1.99882E-03  1.08429E+01
 -9.71533E+00  2.14760E-28  1.42091E+06  1.99903E-03  1.06986E+01
 -9.62175E+00  2.14697E-28  1.42375E+06  1.99987E-03  1.01245E+01
 -9.52817E+00  2.14780E-28  1.42385E+06  1.99987E-03  1.00766E+01
 -9.43459E+00  2.14979E-28  1.42384E+06  1.99995E-03  9.49150E+00
 -9.34101E+00  2.15001E-28  1.42409E+06  1.99983E-03  9.01121E+00
 -9.24743E+00  2.15294E-28  1.42193E+06  1.99881E-03  8.50828E+00
 -9.15385E+00  2.26213E-28  1.35440E+06  1.97033E-03  8.47751E+00
 -9.06027E+00  2.85598E-28  1.07358E+06  1.82966E-03  8.79339E+00
 -8.96669E+00  3.94386E-28  7.76888E+05  1.67077E-03  8.49451E+00
 -8.87311E+00  4.77283E-28  6.41933E+05  1.60254E-03  8.34242E+00
 -8.77953E+00  5.05397E-28  6.07172E+05  1.58537E-03  8.69852E+00
 -8.68595E+00  5.06995E-28  6.05731E+05  1.58477E-03  8.44346E+00
 -8.59237E+00  4.95246E-28  6.20879E+05  1.59206E-03  7.74124E+00
 -8.49879E+00  4.53444E-28  6.78907E+05  1.61737E-03  7.27041E+00
 -8.40521E+00  4.42579E-28  6.96431E+05  1.62828E-03  8.23527E+00
 -8.31164E+00  4.08420E-28  7.55567E+05  1.65454E-03  8.87291E+00
 -8.21805E+00  3.80662E-28  8.11058E+05  1.67748E-03  9.72435E+00
 -8.12448E+00  3.64007E-28  8.47889E+05  1.69199E-03  1.06381E+01
 -8.03090E+00  3.43659E-28  8.98434E+05  1.71928E-03  1.14834E+01
 -7.93732E+00  3.34934E-28  9.22524E+05  1.73644E-03  1.16540E+01
 -7.84374E+00  3.25401E-28  9.49961E+05  1.75272E-03  1.13758E+01
 -7.75016E+00  3.09720E-28  9.99994E+05  1.78312E-03  1.10830E+01
 -7.65658E+00  2.75154E-28  1.12964E+06  1.84999E-03  1.09797E+01
 -7.56300E+00  2.57514E-28  1.20945E+06  1.88841E-03  1.07122E+01
 -7.46942E+00  2.34970E-28  1.32970E+06  1.94649E-03  1.04651E+01
 -7.37584E+00  2.23844E-28  1.39997E+06  1.98134E-03  1.04526E+01
 -7.28226E+00  2.18980E-28  1.43595E+06  1.99833E-03  1.08375E+01
 -7.18868E+00  2.18854E-28  1.43924E+06  1.99945E-03  1.09395E+01
 -7.09510E+00  2.18945E-28  1.44051E+06  1.99986E-03  1.11320E+01
 -7.00152E+00  2.19076E-28  1.44104E+06  1.99999E-03  1.10996E+01
 -6.90794E+00  2.19190E-28  1.44156E+06  2.00000E-03  1.10195E+01
 -6.81436E+00  2.19206E-28  1.44167E+06  2.00000E-03  1.09443E+01
 -6.72078E+00  2.19240E-28  1.44186E+06  2.00000E-03  1.07854E+01
 -6.62720E+00  2.19346E-28  1.44234E+06  2.00000E-03  1.05438E+01
 -6.53362E+00  2.19426E-28  1.44271E+06  2.00000E-03  1.03918E+01
 -6.44004E+00  2.19509E-28  1.44309E+06  2.00000E-03  1.02224E+01
 -6.34646E+00  2.19610E-28  1.44355E+06  2.00000E-03  1.00494E+01
 -6.25288E+00  2.19709E-28  1.44399E+06  2.00000E-03  9.81867E+00
 -6.15930E+00  2.19769E-28  1.44426E+06  2.00000E-03  9.69071E+00
 -6.06572E+00  2.19788E-28  1.44435E+06  2.00000E-03  9.60142E+00
 -5.97214E+00  2.19805E-28  1.44443E+06  2.00000E-03  9.47614E+00
 -5.87856E+00  2.19780E-28  1.44433E+06  2.00000E-03  9.40824E+00
 -5.78498E+00  2.19724E-28  1.44409E+06  2.00000E-03  9.37601E+00
 -5.69140E+00  2.19672E-28  1.44386E+06  2.00000E-03  9.33663E+00
 -5.59782E+00  2.19672E-28  1.44386E+06  2.00000E-03  9.23723E+00
 -5.50424E+00  2.19712E-28  1.44404E+06  2.00000E-03  9.10353E+00
 -5.41066E+00  2.19763E-28  1.44426E+06  2.00000E-03  8.98292E+00
 -5.31708E+00  2.19861E-28  1.44469E+06  2.00000E-03  8.79847E+00
 -5.22350E+00  2.20059E-28  1.44556E+06  2.00000E-03  8.53955E+00
 -5.12992E+00  2.20284E-28  1.44655E+06  2.00000E-03  8.24260E+00
 -5.03634E+00  2.20622E-28  1.44802E+06  2.00000E-03  7.80809E+00
 -4.94276E+00  2.20963E-28  1.44952E+06  2.00000E-03  7.38221E+00
 -4.84918E+00  2.21433E-28  1.45157E+06  2.00000E-03  6.78709E+00
 -4.75560E+00  2.21863E-28  1.45345E+06  2.00000E-03  6.18871E+00
 -4.66202E+00  2.22278E-28  1.45527E+06  2.00000E-03  5.59135E+00
 -4.56844E+00  2.22734E-28  1.45726E+06  2.00000E-03  4.90693E+00
 -4.47486E+00  2.23263E-28  1.45957E+06  2.00000E-03  4.02338E+00
 -4.38128E+00  2.23660E-28  1.46130E+06  2.00000E-03  3.29663E+00
 -4.28770E+00  2.24026E-28  1.46290E+06  2.00000E-03  2.55303E+00
 -4.19412E+00  2.24377E-28  1.46443E+06  2.00000E-03  1.59637E+00
 -4.10054E+00  2.24631E-28  1.46554E+06  2.00000E-03  7.94026E-01
 -4.00696E+00  2.24838E-28  1.46644E+06  2.00000E-03 -2.11164E-01
 -3.91338E+00  2.24995E-28  1.46711E+06  2.00000E-03 -1.32566E+00
 -3.81980E+00  2.24985E-28  1.46705E+06  2.00000E-03 -2.32985E+00
 -3.72622E+00  2.25025E-28  1.46723E+06  1.99999E-03 -3.37285E+00
 -3.63264E+00  2.25011E-28  1.46722E+06  1.99999E-03 -4.84598E+00
 -3.53906E+00  2.24935E-28  1.46697E+06  1.99997E-03 -6.07007E+00
 -3.44548E+00  2.24560E-28  1.46550E+06  1.99995E-03 -7.75543E+00
 -3.35190E+00  2.24333E-28  1.46494E+06  1.99992E-03 -9.29200E+00
 -3.25832E+00  2.24014E-28  1.46576E+06  1.99973E-03 -1.17708E+01
 -3.16474E+00  2.23832E-28  1.45804E+06  1.99565E-03 -1.32144E+01
 -3.07116E+00  2.38132E-28  1.35469E+06  1.94093E-03 -1.48422E+01
 -2.97758E+00  3.63334E-28  8.67145E+05  1.70365E-03 -1.94958E+01
 -2.88400E+00  6.69801E-28  4.51369E+05  1.50981E-03 -2.51131E+01
 -2.79042E+00  9.74819E-28  2.87933E+05  1.43334E-03 -2.37514E+01
 -2.69684E+00  1.04405E-27  2.45669E+05  1.40943E-03 -1.89562E+01
 -2.60326E+00  9.01759E-28  2.66662E+05  1.40898E-03 -1.63811E+01
 -2.50968E+00  7.20454E-28  3.26404E+05  1.43966E-03 -1.34180E+01
 -2.41610E+00  5.28873E-28  4.50687E+05  1.51379E-03 -8.45516E+00
 -2.32252E+00  3.22491E-28  7.99822E+05  1.73876E-03 -3.42826E+00
 -2.22894E+00  2.77415E-28  9.64821E+05  1.82965E-03 -6.93075E+00
 -2.13536E+00  2.50487E-28  1.09713E+06  1.88863E-03 -9.97463E+00
 -2.04178E+00  2.22220E-28  1.28857E+06  1.96019E-03 -1.29301E+01
 -1.94820E+00  2.23569E-28  1.29768E+06  1.95887E-03 -1.33382E+01
 -1.85462E+00  2.34252E-28  1.24470E+06  1.93069E-03 -1.23127E+01
 -1.76105E+00  2.56045E-28  1.14676E+06  1.86659E-03 -9.34556E+00
 -1.66747E+00  3.33320E-28  8.84946E+05  1.71725E-03 -1.36700E+00
 -1.57389E+00  4.33575E-28  6.77014E+05  1.60482E-03  4.76777E+00
 -1.48031E+00  5.84131E-28  4.95624E+05  1.50507E-03  1.12102E+01
 -1.38673E+00  7.25217E-28  3.95128E+05  1.45470E-03  1.53398E+01
 -1.29315E+00  8.25810E-28  3.43277E+05  1.42977E-03  1.79996E+01
 -1.19957E+00  5.53134E-28  5.27717E+05  1.51395E-03  1.80864E+01
 -1.10599E+00  3.33884E-28  8.97580E+05  1.70515E-03  1.56630E+01
 -1.01241E+00  2.36459E-28  1.28244E+06  1.91301E-03  1.21238E+01
 -9.18826E-01  2.15954E-28  1.41728E+06  1.99425E-03  4.30906E+00
 -8.25247E-01  2.15219E-28  1.42368E+06  1.99868E-03 -3.03801E-01
 -7.31667E-01  2.15460E-28  1.42588E+06  1.99963E-03 -4.52318E+00
 -6.38087E-01  2.14643E-28  1.42210E+06  1.99951E-03 -6.95606E+00
 -5.44507E-01  2.13380E-28  1.41632E+06  1.99942E-03 -9.11516E+00
 -4.50927E-01  2.12628E-28  1.41291E+06  1.99943E-03 -1.17680E+01
 -3.57347E-01  2.10509E-28  1.40919E+06  1.99947E-03 -1.54319E+01
 -2.63767E-01  2.06908E-28  1.40274E+06  1.99886E-03 -1.66634E+01
 -1.70188E-01  2.05028E-28  1.39396E+06  1.99351E-03 -1.90500E+01
 -7.66077E-02  2.09036E-28  1.34295E+06  1.97560E-03 -2.01557E+01
  1.69722E-02  2.28483E-28  1.20268E+06  1.92883E-03 -1.99260E+01
  1.10552E-01  2.71743E-28  9.79391E+05  1.86178E-03 -1.92389E+01
  2.04132E-01  3.25076E-28  7.98665E+05  1.79091E-03 -2.06149E+01
  2.97712E-01  3.98492E-28  6.42578E+05  1.68452E-03 -2.09260E+01
  3.91292E-01  5.97194E-28  4.18323E+05  1.48708E-03 -2.00172E+01
  4.84871E-01  1.43711E-27  1.58509E+05  1.28496E-03 -1.77581E+01
  5.78451E-01  2.09434E-27  1.01381E+05  1.24531E-03 -1.69306E+01
  6.72031E-01  2.92325E-27  6.73063E+04  1.22187E-03 -1.66130E+01
  7.65611E-01  2.02471E-27  9.08031E+04  1.23916E-03 -1.29466E+01
  8.59191E-01  9.25717E-28  1.75497E+05  1.30664E-03 -4.85666E+00
  9.52771E-01  4.80785E-28  3.41364E+05  1.41610E-03 -6.21428E-01
  1.04635E+00  3.07589E-28  5.52104E+05  1.57375E-03  4.74123E+00
  1.13993E+00  1.90401E-28  9.12068E+05  1.84328E-03  1.42177E+01
  1.23351E+00  1.70971E-28  1.05329E+06  1.93826E-03  1.78489E+01
  1.32709E+00  1.81048E-28  1.02130E+06  1.92315E-03  1.77864E+01
  1.42067E+00  1.93556E-28  9.77596E+05  1.90013E-03  1.60967E+01
  1.51425E+00  2.13761E-28  9.16556E+05  1.85819E-03  1.21641E+01
  1.60783E+00  2.18634E-28  9.09211E+05  1.84433E-03  8.61753E+00
  1.70141E+00  2.28402E-28  8.60692E+05  1.81420E-03  4.35399E+00
  1.79499E+00  2.17942E-28  9.08874E+05  1.83984E-03 -6.34252E-01
  1.88857E+00  2.21130E-28  9.01696E+05  1.83742E-03 -6.84986E+00
  1.98215E+00  2.74804E-28  6.95866E+05  1.72138E-03 -1.10143E+01
  2.07573E+00  4.20210E-28  4.33510E+05  1.52749E-03 -1.33939E+01
  2.16931E+00  5.34038E-28  3.45703E+05  1.44348E-03 -1.65654E+01
  2.26289E+00  5.38564E-28  3.75631E+05  1.45016E-03 -2.30859E+01
  2.35647E+00  5.20513E-28  3.97830E+05  1.47320E-03 -3.07065E+01
  2.45005E+00  4.13906E-28  5.07666E+05  1.55576E-03 -3.80019E+01
  2.54363E+00  2.26307E-28  9.86970E+05  1.86818E-03 -4.84548E+01
  2.63721E+00  2.04940E-28  1.14989E+06  1.91568E-03 -4.99897E+01
  2.73079E+00  2.11748E-28  1.13520E+06  1.89067E-03 -5.02107E+01
  2.82437E+00  2.19742E-28  1.11707E+06  1.87158E-03 -5.09973E+01
  2.91795E+00  2.18640E-28  1.16101E+06  1.87867E-03 -5.09850E+01
  3.01153E+00  2.20542E-28  1.16199E+06  1.86469E-03 -4.81188E+01
  3.10511E+00  2.36783E-28  1.08842E+06  1.79155E-03 -4.03454E+01
  3.19869E+00  2.54433E-28  1.00704E+06  1.78639E-03 -3.61355E+01
  3.29227E+00  2.98325E-28  8.49162E+05  1.69605E-03 -3.14651E+01
  3.38585E+00  3.23916E-28  7.88299E+05  1.64564E-03 -3.01166E+01
  3.47943E+00  3.41675E-28  7.56266E+05  1.61206E-03 -2.81866E+01
  3.57301E+00  3.60435E-28  7.25373E+05  1.58111E-03 -2.79222E+01
  3.66659E+00  3.59103E-28  7.39569E+05  1.57940E-03 -2.75315E+01
  3.76017E+00  3.40896E-28  7.86905E+05  1.60345E-03 -2.74704E+01
  3.85375E+00  3.12234E-28  8.70318E+05  1.64813E-03 -2.72952E+01
  3.94733E+00  2.96148E-28  9.27193E+05  1.67914E-03 -2.86955E+01
  4.04091E+00  2.86393E-28  9.70247E+05  1.70736E-03 -3.00032E+01
  4.13449E+00  2.74108E-28  1.02329E+06  1.74179E-03 -3.04639E+01
  4.22807E+00  2.54765E-28  1.11162E+06  1.80492E-03 -3.07679E+01
  4.32165E+00  2.34582E-28  1.21673E+06  1.87876E-03 -3.06646E+01
  4.41523E+00  2.20752E-28  1.30112E+06  1.93722E-03 -3.12187E+01
  4.50881E+00  2.12603E-28  1.35958E+06  1.97590E-03 -3.11495E+01
  4.60239E+00  2.17530E-28  1.33398E+06  1.96041E-03 -3.07477E+01
  4.69596E+00  2.39164E-28  1.21979E+06  1.88957E-03 -2.77890E+01
  4.78954E+00  2.92244E-28  1.00086E+06  1.77042E-03 -2.35506E+01
  4.88312E+00  3.27837E-28  8.94411E+05  1.71642E-03 -1.97260E+01
  4.97670E+00  3.52984E-28  8.31645E+05  1.68493E-03 -1.66606E+01
  5.07028E+00  3.66877E-28  7.99510E+05  1.67216E-03 -1.40842E+01
  5.16386E+00  3.64360E-28  8.06390E+05  1.67584E-03 -1.24197E+01
  5.25744E+00  3.59858E-28  8.18024E+05  1.68238E-03 -1.13153E+01
  5.35102E+00  3.56215E-28  8.27575E+05  1.68787E-03 -1.07547E+01
  5.44460E+00  3.68327E-28  8.00780E+05  1.67227E-03 -1.11444E+01
  5.53818E+00  3.99773E-28  7.37080E+05  1.63584E-03 -1.16447E+01
  5.63176E+00  4.47176E-28  6.56103E+05  1.58607E-03 -1.09333E+01
  5.72534E+00  4.94683E-28  5.87131E+05  1.54424E-03 -1.17462E+01
  5.81892E+00  5.22497E-28  5.51166E+05  1.53075E-03 -9.37867E+00
  5.91250E+00  5.42474E-28  5.27844E+05  1.52537E-03 -7.39607E+00
  6.00608E+00  5.39695E-28  5.31422E+05  1.52900E-03 -6.12538E+00
  6.09966E+00  4.94128E-28  5.84528E+05  1.55411E-03 -7.86345E+00
  6.19324E+00  3.85429E-28  7.55614E+05  1.64347E-03 -8.59515E+00
  6.28682E+00  2.70530E-28  1.08320E+06  1.82425E-03 -8.47073E+00
  6.38040E+00  2.31256E-28  1.26918E+06  1.92347E-03 -9.34166E+00
  6.47398E+00  2.33790E-28  1.25421E+06  1.90615E-03 -1.04054E+01
  6.56756E+00  2.71758E-28  1.07653E+06  1.80401E-03 -1.10861E+01
  6.66114E+00  3.19479E-28  9.13578E+05  1.70909E-03 -1.12398E+01
  6.75472E+00  3.69389E-28  7.87387E+05  1.63238E-03 -1.10241E+01
  6.84830E+00  4.02118E-28  7.20455E+05  1.59342E-03 -1.06136E+01
  6.94188E+00  4.13596E-28  6.99623E+05  1.58096E-03 -1.04052E+01
  7.03546E+00  4.17000E-28  6.93278E+05  1.57690E-03 -1.02680E+01
  7.12904E+00  4.15942E-28  6.95043E+05  1.57735E-03 -1.01562E+01
  7.22262E+00  4.12179E-28  7.01541E+05  1.57953E-03 -1.02314E+01
  7.31620E+00  3.96572E-28  7.29826E+05  1.59095E-03 -9.88881E+00
  7.40978E+00  3.83241E-28  7.56288E+05  1.60216E-03 -9.24884E+00
  7.50336E+00  3.60347E-28  8.05674E+05  1.62507E-03 -8.29052E+00
  7.59694E+00  3.27634E-28  8.87851E+05  1.66753E-03 -7.08222E+00
  7.69052E+00  2.79951E-28  1.04151E+06  1.77067E-03 -5.13293E+00
  7.78410E+00  2.34370E-28  1.24713E+06  1.90650E-03 -3.48114E+00
  7.87768E+00  2.15423E-28  1.36105E+06  1.97779E-03 -3.14710E+00
  7.97126E+00  2.11790E-28  1.38693E+06  1.99205E-03 -3.02517E+00
  8.06484E+00  2.10239E-28  1.40129E+06  1.99859E-03 -3.01754E+00
  8.15842E+00  2.10389E-28  1.40391E+06  1.99954E-03 -3.25222E+00
  8.25200E+00  2.10963E-28  1.40478E+06  1.99958E-03 -3.80479E+00
  8.34558E+00  2.11856E-28  1.40273E+06  1.99872E-03 -4.22866E+00
  8.43916E+00  2.13552E-28  1.39455E+06  1.99588E-03 -4.81940E+00
  8.53274E+00  2.17428E-28  1.37230E+06  1.98792E-03 -5.80935E+00
  8.62632E+00  2.32864E-28  1.28367E+06  1.95391E-03 -8.38930E+00
  8.71990E+00  2.53364E-28  1.18044E+06  1.90937E-03 -1.12281E+01
  8.81348E+00  2.79266E-28  1.07146E+06  1.85934E-03 -1.46615E+01
  8.90706E+00  2.91201E-28  1.02942E+06  1.83956E-03 -1.71185E+01
  9.00064E+00  2.91240E-28  1.03163E+06  1.84164E-03 -1.80122E+01
  9.09422E+00  2.88675E-28  1.04279E+06  1.84827E-03 -1.81875E+01
  9.18780E+00  2.91285E-28  1.03654E+06  1.84518E-03 -1.72975E+01
  9.28138E+00  2.88626E-28  1.04878E+06  1.84931E-03 -1.57121E+01
  9.37496E+00  2.81905E-28  1.07753E+06  1.85826E-03 -1.37784E+01
  9.46854E+00  2.59263E-28  1.17439E+06  1.89907E-03 -1.15359E+01
  9.56212E+00  2.24374E-28  1.35971E+06  1.97684E-03 -9.50108E+00
  9.65570E+00  2.15544E-28  1.41784E+06  1.99782E-03 -9.03635E+00
  9.74928E+00  2.15389E-28  1.41950E+06  1.99816E-03 -9.04719E+00
  9.84286E+00  2.14577E-28  1.42820E+06  1.99993E-03 -9.10390E+00
  9.93644E+00  2.14583E-28  1.42851E+06  1.99994E-03 -9.12136E+00
  1.00300E+01  2.14902E-28  1.43065E+06  1.99975E-03 -9.63459E+00
  1.01236E+01  2.14951E-28  1.43069E+06  1.99968E-03 -9.72653E+00
  1.02172E+01  2.15800E-28  1.42923E+06  1.99780E-03 -1.04768E+01
  1.03108E+01  2.15900E-28  1.42894E+06  1.99758E-03 -1.06133E+01
  1.04043E+01  2.18706E-28  1.41559E+06  1.99008E-03 -1.12234E+01
  1.04979E+01  2.18624E-28  1.41626E+06  1.99045E-03 -1.11154E+01
  1.05915E+01  2.24766E-28  1.38127E+06  1.97050E-03 -1.12123E+01
  1.06851E+01  2.26974E-28  1.37036E+06  1.96151E-03 -1.21732E+01
  1.07787E+01  2.39514E-28  1.30214E+06  1.91208E-03 -1.20508E+01
  1.08722E+01  2.42923E-28  1.28502E+06  1.89749E-03 -1.18674E+01
  1.09658E+01  2.58180E-28  1.20823E+06  1.84558E-03 -1.05127E+01
  1.10594E+01  2.73556E-28  1.14142E+06  1.79673E-03 -1.01039E+01
  1.11530E+01  3.05286E-28  1.01644E+06  1.74808E-03 -8.34784E+00
  1.12466E+01  3.22987E-28  9.57419E+05  1.72508E-03 -7.60339E+00
  1.13401E+01  3.39586E-28  9.07011E+05  1.70334E-03 -7.71373E+00
  1.14337E+01  3.53030E-28  8.70147E+05  1.68680E-03 -7.79055E+00
  1.15273E+01  3.55720E-28  8.63533E+05  1.68244E-03 -8.50606E+00
  1.16209E+01  3.60630E-28  8.51685E+05  1.67424E-03 -9.88334E+00
  1.17145E+01  3.61738E-28  8.49355E+05  1.67257E-03 -1.03461E+01
  1.18080E+01  3.63189E-28  8.45869E+05  1.67014E-03 -1.09300E+01
  1.19016E+01  3.62276E-28  8.48035E+05  1.67100E-03 -1.08451E+01
  1.19952E+01  3.59652E-28  8.54324E+05  1.67351E-03 -1.05986E+01
  1.20888E+01  3.57134E-28  8.60496E+05  1.67633E-03 -1.04931E+01
  1.21824E+01  3.38629E-28  9.09525E+05  1.69893E-03 -1.04528E+01
  1.22759E+01  3.34640E-28  9.20657E+05  1.70479E-03 -1.03834E+01
  1.23695E+01  3.13465E-28  9.84145E+05  1.73990E-03 -9.91219E+00
  1.24631E+01  3.08922E-28  9.99274E+05  1.74914E-03 -1.01715E+01
  1.25567E+01  2.92377E-28  1.05733E+06  1.79264E-03 -1.00485E+01
  1.26503E+01  2.90428E-28  1.06460E+06  1.79839E-03 -9.99826E+00
  1.27438E+01  2.93307E-28  1.05519E+06  1.79536E-03 -9.89104E+00
  1.28374E+01  2.93504E-28  1.05494E+06  1.79443E-03 -1.00884E+01
  1.29310E+01  2.90708E-28  1.06579E+06  1.80359E-03 -9.99954E+00
  1.30246E+01  2.91881E-28  1.06166E+06  1.80122E-03 -9.96911E+00
  1.31182E+01  2.83048E-28  1.09513E+06  1.82306E-03 -1.00640E+01
  1.32117E+01  2.86136E-28  1.08376E+06  1.81562E-03 -1.00257E+01
  1.33053E+01  2.84964E-28  1.08838E+06  1.81824E-03 -9.98499E+00
  1.33989E+01  2.84029E-28  1.09204E+06  1.82044E-03 -9.96066E+00
  1.34925E+01  2.85033E-28  1.08856E+06  1.81729E-03 -9.91906E+00
  1.35861E+01  2.87781E-28  1.07858E+06  1.81020E-03 -9.83015E+00
  1.36796E+01  2.87110E-28  1.08150E+06  1.81128E-03 -9.79584E+00
  1.37732E+01  2.81938E-28  1.10164E+06  1.82309E-03 -9.89927E+00
  1.38668E+01  2.82743E-28  1.09880E+06  1.82057E-03 -9.79972E+00
  1.39604E+01  2.84364E-28  1.09272E+06  1.81615E-03 -9.65064E+00
  1.40540E+01  2.80122E-28  1.10920E+06  1.82543E-03 -9.72526E+00
  1.41475E+01  2.72740E-28  1.13908E+06  1.84226E-03 -9.86063E+00
  1.42411E+01  2.69685E-28  1.15185E+06  1.84902E-03 -9.93289E+00
  1.43347E+01  2.62678E-28  1.18256E+06  1.86488E-03 -1.01148E+01
  1.44283E+01  2.61141E-28  1.18959E+06  1.86813E-03 -1.01139E+01
  1.45218E+01  2.56480E-28  1.21116E+06  1.87842E-03 -1.01106E+01
  1.46154E+01  2.56480E-28  1.21116E+06  1.87842E-03 -1.01106E+01
  1.47090E+01  2.56480E-28  1.21116E+06  1.87842E-03 -1.01106E+01
  1.48026E+01  2.54967E-28  1.21845E+06  1.88260E-03 -1.01434E+01
  1.48962E+01  2.38618E-28  1.30318E+06  1.93119E-03 -1.05245E+01
  1.49897E+01  2.38329E-28  1.30480E+06  1.93145E-03 -1.06079E+01
  1.50833E+01  2.38356E-28  1.30467E+06  1.93084E-03 -1.06664E+01
  1.51769E+01  2.37958E-28  1.30701E+06  1.93171E-03 -1.07219E+01
  1.52705E+01  2.31683E-28  1.34427E+06  1.95167E-03 -1.09740E+01
  1.53641E+01  2.30911E-28  1.34876E+06  1.95401E-03 -1.10386E+01
  1.54576E+01  2.30911E-28  1.34876E+06  1.95401E-03 -1.10386E+01
  1.55512E+01  2.30911E-28  1.34876E+06  1.95401E-03 -1.10386E+01
  1.56448E+01  2.28332E-28  1.36616E+06  1.96337E-03 -1.11177E+01
  1.57384E+01  2.27086E-28  1.37470E+06  1.96796E-03 -1.11565E+01
  1.58320E+01  2.27086E-28  1.37470E+06  1.96796E-03 -1.11565E+01
  1.59255E+01  2.27086E-28  1.37470E+06  1.96796E-03 -1.11565E+01
  1.60191E+01  2.24566E-28  1.39253E+06  1.97704E-03 -1.11330E+01
  1.61127E+01  2.22905E-28  1.40449E+06  1.98313E-03 -1.11171E+01
  1.62063E+01  2.22905E-28  1.40449E+06  1.98313E-03 -1.11171E+01
  1.62999E+01  2.22772E-28  1.40519E+06  1.98352E-03 -1.11472E+01
  1.63934E+01  2.21266E-28  1.41533E+06  1.98853E-03 -1.12202E+01
  1.64870E+01  2.19148E-28  1.43130E+06  1.99603E-03 -1.11481E+01
  1.65806E+01  2.19010E-28  1.43176E+06  1.99636E-03 -1.12187E+01
  1.66742E+01  2.18825E-28  1.43237E+06  1.99680E-03 -1.13130E+01
  1.67678E+01  2.18587E-28  1.43420E+06  1.99771E-03 -1.13252E+01
  1.68613E+01  2.18230E-28  1.43862E+06  1.99961E-03 -1.11690E+01
  1.69549E+01  2.18230E-28  1.43862E+06  1.99961E-03 -1.11690E+01
  1.70485E+01  2.18230E-28  1.43862E+06  1.99961E-03 -1.11690E+01
  1.71421E+01  2.18261E-28  1.43862E+06  1.99966E-03 -1.11434E+01
  1.72357E+01  2.18432E-28  1.43858E+06  1.99997E-03 -1.09988E+01
  1.73292E+01  2.18439E-28  1.43858E+06  1.99998E-03 -1.09929E+01
  1.74228E+01  2.18439E-28  1.43858E+06  1.99998E-03 -1.09929E+01
  1.75164E+01  2.18440E-28  1.43863E+06  1.99998E-03 -1.09795E+01
  1.76100E+01  2.18492E-28  1.43808E+06  2.00000E-03 -1.08893E+01
  1.77036E+01  2.18507E-28  1.43806E+06  2.00000E-03 -1.08736E+01
  1.77971E+01  2.18510E-28  1.43807E+06  2.00000E-03 -1.08906E+01
  1.78907E+01  2.18500E-28  1.43803E+06  2.00000E-03 -1.09194E+01
  1.79843E+01  2.18348E-28  1.43757E+06  2.00000E-03 -1.08990E+01
  1.80779E+01  2.18312E-28  1.43751E+06  2.00000E-03 -1.08992E+01
  1.81715E+01  2.18306E-28  1.43749E+06  2.00000E-03 -1.09039E+01
  1.82650E+01  2.18308E-28  1.43750E+06  2.00000E-03 -1.09038E+01
  1.83586E+01  2.18163E-28  1.43685E+06  2.00000E-03 -1.09074E+01
  1.84522E+01  2.18029E-28  1.43625E+06  2.00000E-03 -1.09123E+01
  1.85458E+01  2.18041E-28  1.43630E+06  2.00000E-03 -1.09111E+01
  1.86394E+01  2.18076E-28  1.43645E+06  2.00000E-03 -1.09074E+01
  1.87329E+01  2.17895E-28  1.43563E+06  2.00000E-03 -1.09288E+01
  1.88265E+01  2.17742E-28  1.43493E+06  2.00000E-03 -1.09468E+01
  1.89201E+01  2.17742E-28  1.43493E+06  2.00000E-03 -1.09468E+01
  1.90137E+01  2.17742E-28  1.43493E+06  2.00000E-03 -1.09468E+01
  1.91073E+01  2.17682E-28  1.43467E+06  2.00000E-03 -1.09510E+01
  1.92008E+01  2.17368E-28  1.43329E+06  2.00000E-03 -1.09715E+01
  1.92944E+01  2.17406E-28  1.43346E+06  2.00000E-03 -1.09421E+01
  1.93880E+01  2.17410E-28  1.43348E+06  2.00000E-03 -1.09384E+01
  1.94816E+01  2.17412E-28  1.43348E+06  2.00000E-03 -1.09178E+01
  1.95752E+01  2.17301E-28  1.43297E+06  2.00000E-03 -1.08291E+01
  1.96687E+01  2.17301E-28  1.43297E+06  2.00000E-03 -1.08291E+01
  1.97623E+01  2.17301E-28  1.43297E+06  2.00000E-03 -1.08291E+01
  1.98559E+01  2.17301E-28  1.43297E+06  2.00000E-03 -1.08291E+01
  1.99495E+01  2.17301E-28  1.43297E+06  2.00000E-03 -1.08291E+01
  2.00431E+01  2.17301E-28  1.43297E+06  2.00000E-03 -1.08291E+01
  2.01366E+01  2.17301E-28  1.43297E+06  2.00000E-03 -1.08291E+01
  2.02302E+01  2.17301E-28  1.43297E+06  2.00000E-03 -1.08291E+01
  2.03238E+01  2.17333E-28  1.43307E+06  2.00000E-03 -1.04590E+01
  2.04174E+01  2.17338E-28  1.43309E+06  2.00000E-03 -1.04073E+01
  2.05110E+01  2.17338E-28  1.43309E+06  2.00000E-03 -1.04073E+01
  2.06045E+01  2.17365E-28  1.43320E+06  2.00000E-03 -1.03895E+01
  2.06981E+01  2.17415E-28  1.43342E+06  2.00000E-03 -1.03561E+01
  2.07917E+01  2.17451E-28  1.43358E+06  2.00000E-03 -1.03329E+01
  2.08853E+01  2.17459E-28  1.43361E+06  2.00000E-03 -1.03274E+01
  2.09789E+01  2.17498E-28  1.43378E+06  2.00000E-03 -1.03015E+01
  2.10724E+01  2.17642E-28  1.43441E+06  2.00000E-03 -1.00535E+01
  2.11660E+01  2.17801E-28  1.43510E+06  2.00000E-03 -9.74880E+00
  2.12596E+01  2.17801E-28  1.43510E+06  2.00000E-03 -9.74880E+00
  2.13532E+01  2.17801E-28  1.43510E+06  2.00000E-03 -9.74880E+00
  2.14468E+01  2.17801E-28  1.43510E+06  2.00000E-03 -9.74880E+00
  2.15403E+01  2.17801E-28  1.43510E+06  2.00000E-03 -9.74880E+00
  2.16339E+01  2.17801E-28  1.43510E+06  2.00000E-03 -9.74880E+00
  2.17275E+01  2.17801E-28  1.43510E+06  2.00000E-03 -9.74880E+00
  2.18211E+01  2.17859E-28  1.43535E+06  2.00000E-03 -9.65324E+00
  2.19147E+01  2.18115E-28  1.43646E+06  2.00000E-03 -9.23522E+00
  2.20082E+01  2.18117E-28  1.43647E+06  2.00000E-03 -9.23289E+00
  2.21018E+01  2.18117E-28  1.43647E+06  2.00000E-03 -9.23289E+00
  2.21954E+01  2.18117E-28  1.43647E+06  2.00000E-03 -9.23289E+00
  2.22890E+01  2.18117E-28  1.43647E+06  2.00000E-03 -9.23289E+00
  2.23826E+01  2.18117E-28  1.43647E+06  2.00000E-03 -9.23289E+00
  2.24761E+01  2.18117E-28  1.43647E+06  2.00000E-03 -9.23289E+00
  2.25697E+01  2.18122E-28  1.43649E+06  2.00000E-03 -9.22461E+00
  2.26633E+01  2.18365E-28  1.43755E+06  2.00000E-03 -8.85755E+00
  2.27569E+01  2.18426E-28  1.43781E+06  2.00000E-03 -8.76621E+00
  2.28505E+01  2.18426E-28  1.43781E+06  2.00000E-03 -8.76621E+00
  2.29440E+01  2.18426E-28  1.43781E+06  2.00000E-03 -8.76621E+00
  2.30376E+01  2.18426E-28  1.43781E+06  2.00000E-03 -8.76621E+00
  2.31312E+01  2.18426E-28  1.43781E+06  2.00000E-03 -8.76621E+00
  2.32248E+01  2.18426E-28  1.43781E+06  2.00000E-03 -8.76621E+00
  2.33184E+01  2.18426E-28  1.43781E+06  2.00000E-03 -8.76621E+00
  2.34119E+01  2.18582E-28  1.43850E+06  2.00000E-03 -8.54385E+00
  2.35055E+01  2.18749E-28  1.43922E+06  2.00000E-03 -8.29318E+00
  2.35991E+01  2.18748E-28  1.43922E+06  2.00000E-03 -8.28804E+00
  2.36927E+01  2.18747E-28  1.43921E+06  2.00000E-03 -8.26718E+00
  2.37863E+01  2.18744E-28  1.43920E+06  2.00000E-03 -8.23722E+00
  2.38798E+01  2.18743E-28  1.43919E+06  2.00000E-03 -8.22154E+00
  2.39734E+01  2.18743E-28  1.43919E+06  2.00000E-03 -8.22154E+00
  2.40670E+01  2.18743E-28  1.43919E+06  2.00000E-03 -8.22154E+00
  2.41606E+01  2.18794E-28  1.43941E+06  2.00000E-03 -8.13455E+00
  2.42542E+01  2.18956E-28  1.44012E+06  2.00000E-03 -7.85808E+00
  2.43477E+01  2.18956E-28  1.44012E+06  2.00000E-03 -7.85808E+00
  2.44413E+01  2.18956E-28  1.44012E+06  2.00000E-03 -7.85808E+00
  2.45349E+01  2.18956E-28  1.44012E+06  2.00000E-03 -7.85808E+00
  2.46285E+01  2.18956E-28  1.44012E+06  2.00000E-03 -7.85808E+00
  2.47221E+01  2.18956E-28  1.44012E+06  2.00000E-03 -7.85808E+00
  2.48156E+01  2.18956E-28  1.44012E+06  2.00000E-03 -7.85808E+00
  2.49092E+01  2.18956E-28  1.44012E+06  2.00000E-03 -7.85808E+00
