 -2.47817E+01  2.16523E-28  1.42932E+06  2.00000E-03  1.94800E+00
 -2.46881E+01  2.16566E-28  1.42951E+06  2.00000E-03  1.92374E+00
 -2.45945E+01  2.16649E-28  1.42987E+06  2.00000E-03  1.87834E+00
 -2.45009E+01  2.16670E-28  1.42996E+06  2.00000E-03  1.86660E+00
 -2.44074E+01  2.16728E-28  1.43022E+06  2.00000E-03  1.83451E+00
 -2.43138E+01  2.16775E-28  1.43042E+06  2.00000E-03  1.80877E+00
 -2.42202E+01  2.16775E-28  1.43042E+06  2.00000E-03  1.80877E+00
 -2.41266E+01  2.16886E-28  1.43091E+06  2.00000E-03  1.74720E+00
 -2.40331E+01  2.17154E-28  1.43210E+06  2.00000E-03  1.59882E+00
 -2.39395E+01  2.17154E-28  1.43209E+06  2.00000E-03  1.59882E+00
 -2.38459E+01  2.17154E-28  1.43209E+06  2.00000E-03  1.59882E+00
 -2.37523E+01  2.17154E-28  1.43209E+06  2.00000E-03  1.59882E+00
 -2.36587E+01  2.17154E-28  1.43209E+06  2.00000E-03  1.59882E+00
 -2.35652E+01  2.17154E-28  1.43210E+06  2.00000E-03  1.59882E+00
 -2.34716E+01  2.17154E-28  1.43210E+06  2.00000E-03  1.59882E+00
 -2.33780E+01  2.17154E-28  1.43209E+06  2.00000E-03  1.59882E+00
 -2.32844E+01  2.17629E-28  1.43419E+06  2.00000E-03  1.28223E+00
 -2.31908E+01  2.17689E-28  1.43445E+06  2.00000E-03  1.24254E+00
 -2.30973E+01  2.17689E-28  1.43445E+06  2.00000E-03  1.24254E+00
 -2.30037E+01  2.17689E-28  1.43445E+06  2.00000E-03  1.24254E+00
 -2.29101E+01  2.17689E-28  1.43445E+06  2.00000E-03  1.24254E+00
 -2.28165E+01  2.17689E-28  1.43445E+06  2.00000E-03  1.24254E+00
 -2.27229E+01  2.17689E-28  1.43445E+06  2.00000E-03  1.24254E+00
 -2.26294E+01  2.17689E-28  1.43445E+06  2.00000E-03  1.24254E+00
 -2.25358E+01  2.17958E-28  1.43563E+06  2.00000E-03  1.04329E+00
 -2.24422E+01  2.18186E-28  1.43664E+06  2.00000E-03  8.74790E-01
 -2.23486E+01  2.18186E-28  1.43664E+06  2.00000E-03  8.74790E-01
 -2.22550E+01  2.18186E-28  1.43664E+06  2.00000E-03  8.74790E-01
 -2.21615E+01  2.18186E-28  1.43664E+06  2.00000E-03  8.74790E-01
 -2.20679E+01  2.18186E-28  1.43664E+06  2.00000E-03  8.74790E-01
 -2.19743E+01  2.18186E-28  1.43664E+06  2.00000E-03  8.74790E-01
 -2.18807E+01  2.18143E-28  1.43645E+06  2.00000E-03  8.75334E-01
 -2.17871E+01  2.18159E-28  1.43652E+06  2.00000E-03  8.48441E-01
 -2.16936E+01  2.18223E-28  1.43681E+06  2.00000E-03  7.63034E-01
 -2.16000E+01  2.18115E-28  1.43634E+06  2.00000E-03  8.16798E-01
 -2.15064E+01  2.18020E-28  1.43592E+06  2.00000E-03  8.64533E-01
 -2.14128E+01  2.18020E-28  1.43592E+06  2.00000E-03  8.64533E-01
 -2.13192E+01  2.18020E-28  1.43592E+06  2.00000E-03  8.64533E-01
 -2.12257E+01  2.18020E-28  1.43592E+06  2.00000E-03  8.64533E-01
 -2.11321E+01  2.18020E-28  1.43592E+06  2.00000E-03  8.64533E-01
 -2.10385E+01  2.18013E-28  1.43589E+06  2.00000E-03  8.69515E-01
 -2.09449E+01  2.17851E-28  1.43519E+06  2.00000E-03  9.84101E-01
 -2.08513E+01  2.17829E-28  1.43510E+06  2.00000E-03  9.99678E-01
 -2.07578E+01  2.17829E-28  1.43510E+06  2.00000E-03  9.99678E-01
 -2.06642E+01  2.17829E-28  1.43510E+06  2.00000E-03  9.99678E-01
 -2.05706E+01  2.17829E-28  1.43510E+06  2.00000E-03  9.99678E-01
 -2.04770E+01  2.17827E-28  1.43509E+06  2.00000E-03  1.01217E+00
 -2.03834E+01  2.17826E-28  1.43509E+06  2.00000E-03  1.01418E+00
 -2.02899E+01  2.17827E-28  1.43509E+06  2.00000E-03  1.01149E+00
 -2.01963E+01  2.17638E-28  1.43429E+06  2.00000E-03  1.15352E+00
 -2.01027E+01  2.17506E-28  1.43372E+06  2.00000E-03  1.25692E+00
 -2.00091E+01  2.17504E-28  1.43372E+06  2.00000E-03  1.25957E+00
 -1.99155E+01  2.17504E-28  1.43372E+06  2.00000E-03  1.25957E+00
 -1.98220E+01  2.17504E-28  1.43372E+06  2.00000E-03  1.26138E+00
 -1.97284E+01  2.17501E-28  1.43371E+06  2.00000E-03  1.26667E+00
 -1.96348E+01  2.17504E-28  1.43372E+06  2.00000E-03  1.25957E+00
 -1.95412E+01  2.17502E-28  1.43371E+06  2.00000E-03  1.26411E+00
 -1.94476E+01  2.17429E-28  1.43338E+06  2.00000E-03  1.33667E+00
 -1.93541E+01  2.17192E-28  1.43230E+06  2.00000E-03  1.57384E+00
 -1.92605E+01  2.17193E-28  1.43231E+06  2.00000E-03  1.57910E+00
 -1.91669E+01  2.17193E-28  1.43231E+06  2.00000E-03  1.57910E+00
 -1.90733E+01  2.17180E-28  1.43224E+06  2.00000E-03  1.59066E+00
 -1.89797E+01  2.17273E-28  1.43265E+06  2.00000E-03  1.60220E+00
 -1.88862E+01  2.17301E-28  1.43277E+06  2.00000E-03  1.58853E+00
 -1.87926E+01  2.17335E-28  1.43292E+06  2.00000E-03  1.57223E+00
 -1.86990E+01  2.17577E-28  1.43398E+06  2.00000E-03  1.45732E+00
 -1.86054E+01  2.17433E-28  1.43336E+06  2.00000E-03  1.57200E+00
 -1.85118E+01  2.17415E-28  1.43328E+06  2.00000E-03  1.58609E+00
 -1.84183E+01  2.17415E-28  1.43328E+06  2.00000E-03  1.58609E+00
 -1.83247E+01  2.17415E-28  1.43328E+06  2.00000E-03  1.58609E+00
 -1.82311E+01  2.17239E-28  1.43251E+06  2.00000E-03  1.71872E+00
 -1.81375E+01  2.17149E-28  1.43212E+06  2.00000E-03  1.78749E+00
 -1.80439E+01  2.17149E-28  1.43212E+06  2.00000E-03  1.78749E+00
 -1.79504E+01  2.17149E-28  1.43212E+06  2.00000E-03  1.78749E+00
 -1.78568E+01  2.16924E-28  1.43113E+06  2.00000E-03  1.95721E+00
 -1.77632E+01  2.16804E-28  1.43060E+06  2.00000E-03  2.04878E+00
 -1.76696E+01  2.16798E-28  1.43058E+06  2.00000E-03  2.06501E+00
 -1.75760E+01  2.16783E-28  1.43051E+06  2.00000E-03  2.10392E+00
 -1.74825E+01  2.16531E-28  1.42941E+06  2.00000E-03  2.29545E+00
 -1.73889E+01  2.16141E-28  1.42769E+06  2.00000E-03  2.58159E+00
 -1.72953E+01  2.16046E-28  1.42728E+06  2.00000E-03  2.67244E+00
 -1.72017E+01  2.15986E-28  1.42701E+06  2.00000E-03  2.73038E+00
 -1.71081E+01  2.15776E-28  1.42609E+06  2.00000E-03  2.87234E+00
 -1.70146E+01  2.15311E-28  1.42404E+06  2.00000E-03  3.18762E+00
 -1.69210E+01  2.15311E-28  1.42404E+06  2.00000E-03  3.18762E+00
 -1.68274E+01  2.15311E-28  1.42404E+06  2.00000E-03  3.18762E+00
 -1.67338E+01  2.15267E-28  1.42385E+06  2.00000E-03  3.21515E+00
 -1.66402E+01  2.14904E-28  1.42225E+06  2.00000E-03  3.44103E+00
 -1.65467E+01  2.14897E-28  1.42222E+06  2.00000E-03  3.44524E+00
 -1.64531E+01  2.14897E-28  1.42222E+06  2.00000E-03  3.44524E+00
 -1.63595E+01  2.14888E-28  1.42219E+06  2.00000E-03  3.45039E+00
 -1.62659E+01  2.14690E-28  1.42132E+06  2.00000E-03  3.57074E+00
 -1.61723E+01  2.14675E-28  1.42125E+06  2.00000E-03  3.60481E+00
 -1.60788E+01  2.14678E-28  1.42127E+06  2.00000E-03  3.62824E+00
 -1.59852E+01  2.14681E-28  1.42128E+06  2.00000E-03  3.64702E+00
 -1.58916E+01  2.14722E-28  1.42147E+06  2.00000E-03  3.63361E+00
 -1.57980E+01  2.14730E-28  1.42151E+06  2.00000E-03  3.62394E+00
 -1.57044E+01  2.14717E-28  1.42145E+06  2.00000E-03  3.63552E+00
 -1.56109E+01  2.14708E-28  1.42141E+06  2.00000E-03  3.64355E+00
 -1.55173E+01  2.14768E-28  1.42169E+06  2.00000E-03  3.58459E+00
 -1.54237E+01  2.14804E-28  1.42185E+06  2.00000E-03  3.54991E+00
 -1.53301E+01  2.14795E-28  1.42181E+06  2.00000E-03  3.55712E+00
 -1.52365E+01  2.14794E-28  1.42181E+06  2.00000E-03  3.55821E+00
 -1.51430E+01  2.14883E-28  1.42221E+06  2.00000E-03  3.49034E+00
 -1.50494E+01  2.14940E-28  1.42247E+06  2.00000E-03  3.44795E+00
 -1.49558E+01  2.14932E-28  1.42243E+06  2.00000E-03  3.45614E+00
 -1.48622E+01  2.14941E-28  1.42247E+06  2.00000E-03  3.45316E+00
 -1.47686E+01  2.15122E-28  1.42330E+06  2.00000E-03  3.37320E+00
 -1.46751E+01  2.15403E-28  1.42460E+06  2.00000E-03  3.22517E+00
 -1.45815E+01  2.15490E-28  1.42499E+06  2.00000E-03  3.19903E+00
 -1.44879E+01  2.15653E-28  1.42571E+06  2.00000E-03  3.11696E+00
 -1.43943E+01  2.15796E-28  1.42633E+06  2.00000E-03  3.04315E+00
 -1.43007E+01  2.15874E-28  1.42659E+06  2.00000E-03  2.99119E+00
 -1.42072E+01  2.15885E-28  1.42664E+06  2.00000E-03  2.98374E+00
 -1.41136E+01  2.16345E-28  1.42859E+06  2.00000E-03  2.66596E+00
 -1.40200E+01  2.16704E-28  1.43016E+06  2.00000E-03  2.45478E+00
 -1.39264E+01  2.17188E-28  1.43228E+06  2.00000E-03  2.15599E+00
 -1.38328E+01  2.17272E-28  1.43265E+06  2.00000E-03  2.10637E+00
 -1.37393E+01  2.17968E-28  1.43571E+06  2.00000E-03  1.71631E+00
 -1.36457E+01  2.18002E-28  1.43585E+06  2.00000E-03  1.69732E+00
 -1.35521E+01  2.18229E-28  1.43685E+06  2.00000E-03  1.59197E+00
 -1.34585E+01  2.18268E-28  1.43702E+06  2.00000E-03  1.57400E+00
 -1.33649E+01  2.18499E-28  1.43804E+06  2.00000E-03  1.49777E+00
 -1.32714E+01  2.18597E-28  1.43847E+06  2.00000E-03  1.46560E+00
 -1.31778E+01  2.18612E-28  1.43854E+06  2.00000E-03  1.48647E+00
 -1.30842E+01  2.18648E-28  1.43870E+06  2.00000E-03  1.49372E+00
 -1.29906E+01  2.18616E-28  1.43856E+06  2.00000E-03  1.53361E+00
 -1.28970E+01  2.18594E-28  1.43846E+06  2.00000E-03  1.55433E+00
 -1.28035E+01  2.18572E-28  1.43837E+06  2.00000E-03  1.57917E+00
 -1.27099E+01  2.18557E-28  1.43831E+06  2.00000E-03  1.59543E+00
 -1.26163E+01  2.18611E-28  1.43854E+06  2.00000E-03  1.55584E+00
 -1.25227E+01  2.18654E-28  1.43874E+06  2.00000E-03  1.51704E+00
 -1.24291E+01  2.18703E-28  1.43895E+06  2.00000E-03  1.47779E+00
 -1.23356E+01  2.18769E-28  1.43925E+06  2.00000E-03  1.41115E+00
 -1.22420E+01  2.18791E-28  1.43935E+06  2.00000E-03  1.37058E+00
 -1.21484E+01  2.18921E-28  1.43992E+06  2.00000E-03  1.25094E+00
 -1.20548E+01  2.18947E-28  1.44004E+06  2.00000E-03  1.22901E+00
 -1.19612E+01  2.19002E-28  1.44029E+06  2.00000E-03  1.10989E+00
 -1.18677E+01  2.18932E-28  1.43998E+06  2.00000E-03  1.12769E+00
 -1.17741E+01  2.18982E-28  1.44021E+06  2.00000E-03  1.05391E+00
 -1.16805E+01  2.18920E-28  1.43993E+06  2.00000E-03  1.08156E+00
 -1.15869E+01  2.18412E-28  1.43772E+06  2.00000E-03  1.34226E+00
 -1.14934E+01  2.18379E-28  1.43757E+06  2.00000E-03  1.36471E+00
 -1.13998E+01  2.17935E-28  1.43564E+06  2.00000E-03  1.67338E+00
 -1.13062E+01  2.17885E-28  1.43541E+06  2.00000E-03  1.70859E+00
 -1.12126E+01  2.16948E-28  1.43131E+06  2.00000E-03  2.37128E+00
 -1.11190E+01  2.16653E-28  1.43002E+06  2.00000E-03  2.55696E+00
 -1.10255E+01  2.15839E-28  1.42645E+06  2.00000E-03  3.17725E+00
 -1.09319E+01  2.15466E-28  1.42480E+06  2.00000E-03  3.43279E+00
 -1.08383E+01  2.15239E-28  1.42381E+06  2.00000E-03  3.61760E+00
 -1.07447E+01  2.15090E-28  1.42316E+06  2.00000E-03  3.74560E+00
 -1.06511E+01  2.14989E-28  1.42272E+06  2.00000E-03  3.83608E+00
 -1.05576E+01  2.14951E-28  1.42256E+06  2.00000E-03  3.88664E+00
 -1.04640E+01  2.15024E-28  1.42290E+06  2.00000E-03  3.85418E+00
 -1.03704E+01  2.15090E-28  1.42320E+06  2.00000E-03  3.82759E+00
 -1.02768E+01  2.15234E-28  1.42385E+06  2.00000E-03  3.74752E+00
 -1.01832E+01  2.15482E-28  1.42496E+06  2.00000E-03  3.60155E+00
 -1.00897E+01  2.15642E-28  1.42569E+06  2.00000E-03  3.50824E+00
 -9.99607E+00  2.15753E-28  1.42620E+06  2.00000E-03  3.44134E+00
 -9.90249E+00  2.15789E-28  1.42636E+06  2.00000E-03  3.43200E+00
 -9.80891E+00  2.16009E-28  1.42736E+06  2.00000E-03  3.36165E+00
 -9.71533E+00  2.16037E-28  1.42753E+06  2.00000E-03  3.35133E+00
 -9.62175E+00  2.16225E-28  1.42856E+06  2.00000E-03  3.28371E+00
 -9.52817E+00  2.16274E-28  1.42877E+06  2.00000E-03  3.26636E+00
 -9.43459E+00  2.16469E-28  1.42959E+06  2.00000E-03  3.17731E+00
 -9.34101E+00  2.16662E-28  1.43031E+06  2.00000E-03  3.08376E+00
 -9.24743E+00  2.16816E-28  1.43085E+06  2.00000E-03  3.00914E+00
 -9.15385E+00  2.17109E-28  1.43205E+06  2.00000E-03  2.86593E+00
 -9.06027E+00  2.17414E-28  1.43337E+06  2.00000E-03  2.69819E+00
 -8.96669E+00  2.17614E-28  1.43427E+06  2.00000E-03  2.57682E+00
 -8.87311E+00  2.17993E-28  1.43598E+06  2.00000E-03  2.34531E+00
 -8.77953E+00  2.18742E-28  1.43931E+06  2.00000E-03  1.86344E+00
 -8.68595E+00  2.19524E-28  1.44278E+06  2.00000E-03  1.37537E+00
 -8.59237E+00  2.20192E-28  1.44574E+06  2.00000E-03  9.45141E-01
 -8.49879E+00  2.20492E-28  1.44708E+06  2.00000E-03  7.42908E-01
 -8.40521E+00  2.20622E-28  1.44765E+06  2.00000E-03  6.41133E-01
 -8.31164E+00  2.20458E-28  1.44692E+06  2.00000E-03  7.25569E-01
 -8.21805E+00  2.20202E-28  1.44579E+06  2.00000E-03  8.75419E-01
 -8.12448E+00  2.19864E-28  1.44430E+06  2.00000E-03  1.05795E+00
 -8.03090E+00  2.19340E-28  1.44197E+06  2.00000E-03  1.33038E+00
 -7.93732E+00  2.19000E-28  1.44047E+06  2.00000E-03  1.50152E+00
 -7.84374E+00  2.18696E-28  1.43912E+06  2.00000E-03  1.65588E+00
 -7.75016E+00  2.18317E-28  1.43743E+06  2.00000E-03  1.83480E+00
 -7.65658E+00  2.17866E-28  1.43544E+06  2.00000E-03  2.05032E+00
 -7.56300E+00  2.17573E-28  1.43414E+06  2.00000E-03  2.20381E+00
 -7.46942E+00  2.17111E-28  1.43211E+06  2.00000E-03  2.45907E+00
 -7.37584E+00  2.16591E-28  1.42982E+06  2.00000E-03  2.75526E+00
 -7.28226E+00  2.15937E-28  1.42694E+06  2.00000E-03  3.11956E+00
 -7.18868E+00  2.15404E-28  1.42459E+06  2.00000E-03  3.44198E+00
 -7.09510E+00  2.14914E-28  1.42243E+06  2.00000E-03  3.73580E+00
 -7.00152E+00  2.14352E-28  1.41995E+06  2.00000E-03  4.08336E+00
 -6.90794E+00  2.13815E-28  1.41758E+06  2.00000E-03  4.39860E+00
 -6.81436E+00  2.13545E-28  1.41639E+06  2.00000E-03  4.56512E+00
 -6.72078E+00  2.13250E-28  1.41508E+06  2.00000E-03  4.73336E+00
 -6.62720E+00  2.12911E-28  1.41359E+06  2.00000E-03  4.89289E+00
 -6.53362E+00  2.12819E-28  1.41318E+06  2.00000E-03  4.91291E+00
 -6.44004E+00  2.12753E-28  1.41289E+06  2.00000E-03  4.90293E+00
 -6.34646E+00  2.12749E-28  1.41287E+06  2.00000E-03  4.84750E+00
 -6.25288E+00  2.12530E-28  1.41191E+06  2.00000E-03  4.90444E+00
 -6.15930E+00  2.12559E-28  1.41204E+06  2.00000E-03  4.83733E+00
 -6.06572E+00  2.12591E-28  1.41217E+06  2.00000E-03  4.77362E+00
 -5.97214E+00  2.12627E-28  1.41233E+06  2.00000E-03  4.72927E+00
 -5.87856E+00  2.12810E-28  1.41314E+06  2.00000E-03  4.62287E+00
 -5.78498E+00  2.13012E-28  1.41403E+06  2.00000E-03  4.52252E+00
 -5.69140E+00  2.13311E-28  1.41535E+06  2.00000E-03  4.40178E+00
 -5.59782E+00  2.14030E-28  1.41854E+06  2.00000E-03  4.10700E+00
 -5.50424E+00  2.15000E-28  1.42284E+06  2.00000E-03  3.71675E+00
 -5.41066E+00  2.15619E-28  1.42557E+06  2.00000E-03  3.48512E+00
 -5.31708E+00  2.16210E-28  1.42818E+06  2.00000E-03  3.28867E+00
 -5.22350E+00  2.17042E-28  1.43186E+06  2.00000E-03  2.97670E+00
 -5.12992E+00  2.17560E-28  1.43414E+06  2.00000E-03  2.80283E+00
 -5.03634E+00  2.18073E-28  1.43640E+06  2.00000E-03  2.63005E+00
 -4.94276E+00  2.18614E-28  1.43877E+06  2.00000E-03  2.41126E+00
 -4.84918E+00  2.19125E-28  1.44102E+06  2.00000E-03  2.12971E+00
 -4.75560E+00  2.19538E-28  1.44283E+06  2.00000E-03  1.89837E+00
 -4.66202E+00  2.19843E-28  1.44417E+06  2.00000E-03  1.70961E+00
 -4.56844E+00  2.20089E-28  1.44525E+06  2.00000E-03  1.52292E+00
 -4.47486E+00  2.20190E-28  1.44571E+06  2.00000E-03  1.37388E+00
 -4.38128E+00  2.20211E-28  1.44580E+06  2.00000E-03  1.32685E+00
 -4.28770E+00  2.20116E-28  1.44539E+06  2.00000E-03  1.34263E+00
 -4.19412E+00  2.19379E-28  1.44217E+06  2.00000E-03  1.66154E+00
 -4.10054E+00  2.18929E-28  1.44021E+06  2.00000E-03  1.88380E+00
 -4.00696E+00  2.18192E-28  1.43697E+06  2.00000E-03  2.28940E+00
 -3.91338E+00  2.17383E-28  1.43342E+06  2.00000E-03  2.73147E+00
 -3.81980E+00  2.16422E-28  1.42918E+06  2.00000E-03  3.22537E+00
 -3.72622E+00  2.15971E-28  1.42718E+06  2.00000E-03  3.43745E+00
 -3.63264E+00  2.15502E-28  1.42511E+06  2.00000E-03  3.66770E+00
 -3.53906E+00  2.15190E-28  1.42372E+06  2.00000E-03  3.78674E+00
 -3.44548E+00  2.14803E-28  1.42201E+06  2.00000E-03  3.94317E+00
 -3.35190E+00  2.14674E-28  1.42143E+06  2.00000E-03  3.96002E+00
 -3.25832E+00  2.14611E-28  1.42116E+06  2.00000E-03  3.90608E+00
 -3.16474E+00  2.14627E-28  1.42124E+06  2.00000E-03  3.83874E+00
 -3.07116E+00  2.14758E-28  1.42183E+06  2.00000E-03  3.70775E+00
 -2.97758E+00  2.14907E-28  1.42251E+06  2.00000E-03  3.47601E+00
 -2.88400E+00  2.15181E-28  1.42374E+06  2.00000E-03  3.19648E+00
 -2.79042E+00  2.15744E-28  1.42624E+06  2.00000E-03  2.71717E+00
 -2.69684E+00  2.16817E-28  1.43099E+06  2.00000E-03  1.99465E+00
 -2.60326E+00  2.17976E-28  1.43610E+06  2.00000E-03  1.11743E+00
 -2.50968E+00  2.18968E-28  1.44047E+06  2.00000E-03  3.84937E-01
 -2.41610E+00  2.19488E-28  1.44275E+06  2.00000E-03 -9.34563E-02
 -2.32252E+00  2.19920E-28  1.44465E+06  2.00000E-03 -4.65528E-01
 -2.22894E+00  2.19775E-28  1.44400E+06  2.00000E-03 -5.74336E-01
 -2.13536E+00  2.19495E-28  1.44275E+06  2.00000E-03 -5.80966E-01
 -2.04178E+00  2.18968E-28  1.44041E+06  2.00000E-03 -3.92520E-01
 -1.94820E+00  2.18409E-28  1.43794E+06  2.00000E-03 -3.09225E-01
 -1.85462E+00  2.17911E-28  1.43573E+06  2.00000E-03 -2.46428E-01
 -1.76105E+00  2.17387E-28  1.43340E+06  2.00000E-03 -1.55193E-01
 -1.66747E+00  2.16846E-28  1.43102E+06  2.00000E-03 -2.82351E-02
 -1.57389E+00  2.16459E-28  1.42931E+06  2.00000E-03  7.12655E-02
 -1.48031E+00  2.16157E-28  1.42799E+06  2.00000E-03  7.07410E-02
 -1.38673E+00  2.15818E-28  1.42650E+06  2.00000E-03  9.58773E-02
 -1.29315E+00  2.15429E-28  1.42480E+06  2.00000E-03  1.88655E-01
 -1.19957E+00  2.15129E-28  1.42348E+06  2.00000E-03  1.58559E-01
 -1.10599E+00  2.14918E-28  1.42256E+06  2.00000E-03  1.19591E-01
 -1.01241E+00  2.14715E-28  1.42166E+06  2.00000E-03  1.42822E-01
 -9.18826E-01  2.14537E-28  1.42087E+06  2.00000E-03  1.22376E-01
 -8.25247E-01  2.14447E-28  1.42048E+06  2.00000E-03  1.07738E-01
 -7.31667E-01  2.14266E-28  1.41969E+06  2.00000E-03  8.39005E-02
 -6.38087E-01  2.14056E-28  1.41877E+06  2.00000E-03  1.93948E-01
 -5.44507E-01  2.13727E-28  1.41733E+06  2.00000E-03  3.94547E-01
 -4.50927E-01  2.13293E-28  1.41542E+06  2.00000E-03  5.53460E-01
 -3.57347E-01  2.12612E-28  1.41241E+06  2.00000E-03  8.57511E-01
 -2.63767E-01  2.11938E-28  1.40943E+06  2.00000E-03  1.33609E+00
 -1.70188E-01  2.11499E-28  1.40748E+06  2.00000E-03  1.55887E+00
 -7.66077E-02  2.11129E-28  1.40585E+06  2.00000E-03  1.78309E+00
  1.69722E-02  2.10959E-28  1.40510E+06  2.00000E-03  1.92574E+00
  1.10552E-01  2.10718E-28  1.40402E+06  2.00000E-03  2.15926E+00
  2.04132E-01  2.10482E-28  1.40298E+06  2.00000E-03  2.28110E+00
  2.97712E-01  2.10416E-28  1.40269E+06  2.00000E-03  2.27770E+00
  3.91292E-01  2.10285E-28  1.40211E+06  2.00000E-03  2.28928E+00
  4.84871E-01  2.10314E-28  1.40223E+06  2.00000E-03  2.20810E+00
  5.78451E-01  2.10557E-28  1.40331E+06  2.00000E-03  1.93046E+00
  6.72031E-01  2.10633E-28  1.40363E+06  2.00000E-03  1.54313E+00
  7.65611E-01  2.10858E-28  1.40461E+06  2.00000E-03  1.08217E+00
  8.59191E-01  2.10658E-28  1.40372E+06  2.00000E-03  6.88407E-01
  9.52771E-01  2.10556E-28  1.40324E+06  2.00000E-03  1.78596E-01
  1.04635E+00  2.10507E-28  1.40301E+06  2.00000E-03 -1.45560E-01
  1.13993E+00  2.10265E-28  1.40192E+06  2.00000E-03 -3.54578E-01
  1.23351E+00  2.10213E-28  1.40167E+06  2.00000E-03 -4.53643E-01
  1.32709E+00  2.10135E-28  1.40131E+06  2.00000E-03 -5.25521E-01
  1.42067E+00  2.10090E-28  1.40110E+06  2.00000E-03 -5.86936E-01
  1.51425E+00  2.10246E-28  1.40179E+06  2.00000E-03 -6.88372E-01
  1.60783E+00  2.10393E-28  1.40244E+06  2.00000E-03 -7.76266E-01
  1.70141E+00  2.10523E-28  1.40302E+06  2.00000E-03 -8.77943E-01
  1.79499E+00  2.10774E-28  1.40414E+06  2.00000E-03 -1.04055E+00
  1.88857E+00  2.11049E-28  1.40536E+06  2.00000E-03 -1.24295E+00
  1.98215E+00  2.11250E-28  1.40625E+06  2.00000E-03 -1.33095E+00
  2.07573E+00  2.11529E-28  1.40750E+06  2.00000E-03 -1.42513E+00
  2.16931E+00  2.11637E-28  1.40799E+06  2.00000E-03 -1.56578E+00
  2.26289E+00  2.12025E-28  1.40972E+06  2.00000E-03 -1.69352E+00
  2.35647E+00  2.12381E-28  1.41132E+06  2.00000E-03 -1.70950E+00
  2.45005E+00  2.12783E-28  1.41312E+06  2.00000E-03 -1.67363E+00
  2.54363E+00  2.13312E-28  1.41547E+06  2.00000E-03 -1.70186E+00
  2.63721E+00  2.13770E-28  1.41749E+06  2.00000E-03 -1.75947E+00
  2.73079E+00  2.14263E-28  1.41967E+06  2.00000E-03 -1.67248E+00
  2.82437E+00  2.14709E-28  1.42163E+06  2.00000E-03 -1.63544E+00
  2.91795E+00  2.15108E-28  1.42338E+06  2.00000E-03 -1.70438E+00
  3.01153E+00  2.15493E-28  1.42509E+06  2.00000E-03 -1.67050E+00
  3.10511E+00  2.15773E-28  1.42635E+06  2.00000E-03 -1.70935E+00
  3.19869E+00  2.16066E-28  1.42766E+06  2.00000E-03 -1.71487E+00
  3.29227E+00  2.15921E-28  1.42705E+06  2.00000E-03 -1.94724E+00
  3.38585E+00  2.15987E-28  1.42735E+06  2.00000E-03 -2.05405E+00
  3.47943E+00  2.16024E-28  1.42751E+06  2.00000E-03 -2.17316E+00
  3.57301E+00  2.15923E-28  1.42705E+06  2.00000E-03 -2.33158E+00
  3.66659E+00  2.15838E-28  1.42666E+06  2.00000E-03 -2.50497E+00
  3.76017E+00  2.15787E-28  1.42643E+06  2.00000E-03 -2.62154E+00
  3.85375E+00  2.15822E-28  1.42658E+06  2.00000E-03 -2.73204E+00
  3.94733E+00  2.15676E-28  1.42595E+06  2.00000E-03 -2.84803E+00
  4.04091E+00  2.15577E-28  1.42553E+06  2.00000E-03 -2.95156E+00
  4.13449E+00  2.15573E-28  1.42554E+06  2.00000E-03 -3.01035E+00
  4.22807E+00  2.15668E-28  1.42599E+06  2.00000E-03 -3.05850E+00
  4.32165E+00  2.15702E-28  1.42616E+06  2.00000E-03 -3.08901E+00
  4.41523E+00  2.15587E-28  1.42568E+06  2.00000E-03 -3.15904E+00
  4.50881E+00  2.15667E-28  1.42606E+06  2.00000E-03 -3.20502E+00
  4.60239E+00  2.15612E-28  1.42584E+06  2.00000E-03 -3.27041E+00
  4.69596E+00  2.15608E-28  1.42581E+06  2.00000E-03 -3.30679E+00
  4.78954E+00  2.15687E-28  1.42615E+06  2.00000E-03 -3.34241E+00
  4.88312E+00  2.15857E-28  1.42687E+06  2.00000E-03 -3.34186E+00
  4.97670E+00  2.15962E-28  1.42730E+06  2.00000E-03 -3.34561E+00
  5.07028E+00  2.15944E-28  1.42718E+06  2.00000E-03 -3.38054E+00
  5.16386E+00  2.16107E-28  1.42786E+06  2.00000E-03 -3.33193E+00
  5.25744E+00  2.16282E-28  1.42860E+06  2.00000E-03 -3.28594E+00
  5.35102E+00  2.16441E-28  1.42928E+06  2.00000E-03 -3.23756E+00
  5.44460E+00  2.16589E-28  1.42990E+06  2.00000E-03 -3.15974E+00
  5.53818E+00  2.16709E-28  1.43043E+06  2.00000E-03 -3.13337E+00
  5.63176E+00  2.16879E-28  1.43117E+06  2.00000E-03 -3.08792E+00
  5.72534E+00  2.17004E-28  1.43173E+06  2.00000E-03 -3.02758E+00
  5.81892E+00  2.17226E-28  1.43270E+06  2.00000E-03 -2.94982E+00
  5.91250E+00  2.17433E-28  1.43361E+06  2.00000E-03 -2.90422E+00
  6.00608E+00  2.17545E-28  1.43410E+06  2.00000E-03 -2.87415E+00
  6.09966E+00  2.17624E-28  1.43444E+06  2.00000E-03 -2.86352E+00
  6.19324E+00  2.17660E-28  1.43459E+06  2.00000E-03 -2.87021E+00
  6.28682E+00  2.17674E-28  1.43465E+06  2.00000E-03 -2.89529E+00
  6.38040E+00  2.17677E-28  1.43466E+06  2.00000E-03 -2.92507E+00
  6.47398E+00  2.17547E-28  1.43408E+06  2.00000E-03 -2.97533E+00
  6.56756E+00  2.17391E-28  1.43339E+06  2.00000E-03 -3.02571E+00
  6.66114E+00  2.17265E-28  1.43284E+06  2.00000E-03 -3.06433E+00
  6.75472E+00  2.17217E-28  1.43263E+06  2.00000E-03 -3.09487E+00
  6.84830E+00  2.17190E-28  1.43251E+06  2.00000E-03 -3.12755E+00
  6.94188E+00  2.17141E-28  1.43230E+06  2.00000E-03 -3.13086E+00
  7.03546E+00  2.17158E-28  1.43236E+06  2.00000E-03 -3.11821E+00
  7.12904E+00  2.17226E-28  1.43264E+06  2.00000E-03 -3.08393E+00
  7.22262E+00  2.17242E-28  1.43270E+06  2.00000E-03 -3.03305E+00
  7.31620E+00  2.17407E-28  1.43340E+06  2.00000E-03 -2.94809E+00
  7.40978E+00  2.17556E-28  1.43404E+06  2.00000E-03 -2.84819E+00
  7.50336E+00  2.17673E-28  1.43454E+06  2.00000E-03 -2.73564E+00
  7.59694E+00  2.17737E-28  1.43481E+06  2.00000E-03 -2.64841E+00
  7.69052E+00  2.17824E-28  1.43518E+06  2.00000E-03 -2.58001E+00
  7.78410E+00  2.17878E-28  1.43541E+06  2.00000E-03 -2.53481E+00
  7.87768E+00  2.17852E-28  1.43529E+06  2.00000E-03 -2.52797E+00
  7.97126E+00  2.17820E-28  1.43513E+06  2.00000E-03 -2.57626E+00
  8.06484E+00  2.17706E-28  1.43462E+06  2.00000E-03 -2.67074E+00
  8.15842E+00  2.17519E-28  1.43379E+06  2.00000E-03 -2.78466E+00
  8.25200E+00  2.17327E-28  1.43294E+06  2.00000E-03 -2.90872E+00
  8.34558E+00  2.16996E-28  1.43148E+06  2.00000E-03 -3.06000E+00
  8.43916E+00  2.16554E-28  1.42953E+06  2.00000E-03 -3.24267E+00
  8.53274E+00  2.16261E-28  1.42824E+06  2.00000E-03 -3.34846E+00
  8.62632E+00  2.15833E-28  1.42635E+06  2.00000E-03 -3.48833E+00
  8.71990E+00  2.15657E-28  1.42557E+06  2.00000E-03 -3.53094E+00
  8.81348E+00  2.15489E-28  1.42483E+06  2.00000E-03 -3.56486E+00
  8.90706E+00  2.15438E-28  1.42460E+06  2.00000E-03 -3.53497E+00
  9.00064E+00  2.15463E-28  1.42470E+06  2.00000E-03 -3.46889E+00
  9.09422E+00  2.15456E-28  1.42469E+06  2.00000E-03 -3.42284E+00
  9.18780E+00  2.15516E-28  1.42501E+06  2.00000E-03 -3.35232E+00
  9.28138E+00  2.15551E-28  1.42524E+06  2.00000E-03 -3.31712E+00
  9.37496E+00  2.15587E-28  1.42551E+06  2.00000E-03 -3.27569E+00
  9.46854E+00  2.15611E-28  1.42571E+06  2.00000E-03 -3.26701E+00
  9.56212E+00  2.15615E-28  1.42579E+06  2.00000E-03 -3.28109E+00
  9.65570E+00  2.15593E-28  1.42572E+06  2.00000E-03 -3.30930E+00
  9.74928E+00  2.15651E-28  1.42595E+06  2.00000E-03 -3.29572E+00
  9.84286E+00  2.15956E-28  1.42715E+06  2.00000E-03 -3.22511E+00
  9.93644E+00  2.16004E-28  1.42736E+06  2.00000E-03 -3.20848E+00
  1.00300E+01  2.16334E-28  1.42878E+06  2.00000E-03 -3.09292E+00
  1.01236E+01  2.16306E-28  1.42865E+06  2.00000E-03 -3.10390E+00
  1.02172E+01  2.16669E-28  1.43020E+06  2.00000E-03 -2.97600E+00
  1.03108E+01  2.16657E-28  1.43014E+06  2.00000E-03 -2.98015E+00
  1.04043E+01  2.16874E-28  1.43107E+06  2.00000E-03 -2.93545E+00
  1.04979E+01  2.16835E-28  1.43089E+06  2.00000E-03 -2.95554E+00
  1.05915E+01  2.17264E-28  1.43276E+06  2.00000E-03 -2.85033E+00
  1.06851E+01  2.17239E-28  1.43264E+06  2.00000E-03 -2.85207E+00
  1.07787E+01  2.17320E-28  1.43298E+06  2.00000E-03 -2.87297E+00
  1.08722E+01  2.17336E-28  1.43305E+06  2.00000E-03 -2.88234E+00
  1.09658E+01  2.17259E-28  1.43270E+06  2.00000E-03 -2.96115E+00
  1.10594E+01  2.17299E-28  1.43287E+06  2.00000E-03 -2.92950E+00
  1.11530E+01  2.17193E-28  1.43239E+06  2.00000E-03 -3.02302E+00
  1.12466E+01  2.17135E-28  1.43214E+06  2.00000E-03 -3.07923E+00
  1.13401E+01  2.16899E-28  1.43110E+06  2.00000E-03 -3.19432E+00
  1.14337E+01  2.16784E-28  1.43059E+06  2.00000E-03 -3.20958E+00
  1.15273E+01  2.16660E-28  1.43004E+06  2.00000E-03 -3.23595E+00
  1.16209E+01  2.16441E-28  1.42908E+06  2.00000E-03 -3.30139E+00
  1.17145E+01  2.16448E-28  1.42911E+06  2.00000E-03 -3.22812E+00
  1.18080E+01  2.16274E-28  1.42834E+06  2.00000E-03 -3.24471E+00
  1.19016E+01  2.16226E-28  1.42813E+06  2.00000E-03 -3.24764E+00
  1.19952E+01  2.16086E-28  1.42751E+06  2.00000E-03 -3.25608E+00
  1.20888E+01  2.16090E-28  1.42753E+06  2.00000E-03 -3.24189E+00
  1.21824E+01  2.16066E-28  1.42742E+06  2.00000E-03 -3.11159E+00
  1.22759E+01  2.16096E-28  1.42755E+06  2.00000E-03 -3.08763E+00
  1.23695E+01  2.16149E-28  1.42778E+06  2.00000E-03 -3.03010E+00
  1.24631E+01  2.16066E-28  1.42741E+06  2.00000E-03 -3.03283E+00
  1.25567E+01  2.16116E-28  1.42762E+06  2.00000E-03 -2.99106E+00
  1.26503E+01  2.16145E-28  1.42775E+06  2.00000E-03 -2.98167E+00
  1.27438E+01  2.16325E-28  1.42854E+06  2.00000E-03 -2.92909E+00
  1.28374E+01  2.16175E-28  1.42787E+06  2.00000E-03 -2.96790E+00
  1.29310E+01  2.16276E-28  1.42831E+06  2.00000E-03 -2.95091E+00
  1.30246E+01  2.16273E-28  1.42829E+06  2.00000E-03 -2.95454E+00
  1.31182E+01  2.16401E-28  1.42886E+06  2.00000E-03 -2.93601E+00
  1.32117E+01  2.16190E-28  1.42792E+06  2.00000E-03 -2.99339E+00
  1.33053E+01  2.16436E-28  1.42900E+06  2.00000E-03 -2.91734E+00
  1.33989E+01  2.16570E-28  1.42959E+06  2.00000E-03 -2.87630E+00
  1.34925E+01  2.16732E-28  1.43030E+06  2.00000E-03 -2.79771E+00
  1.35861E+01  2.16747E-28  1.43036E+06  2.00000E-03 -2.76267E+00
  1.36796E+01  2.16866E-28  1.43088E+06  2.00000E-03 -2.66853E+00
  1.37732E+01  2.17007E-28  1.43150E+06  2.00000E-03 -2.57761E+00
  1.38668E+01  2.17092E-28  1.43187E+06  2.00000E-03 -2.47866E+00
  1.39604E+01  2.17301E-28  1.43278E+06  2.00000E-03 -2.33467E+00
  1.40540E+01  2.17496E-28  1.43364E+06  2.00000E-03 -2.22794E+00
  1.41475E+01  2.17836E-28  1.43515E+06  2.00000E-03 -2.04266E+00
  1.42411E+01  2.17953E-28  1.43569E+06  2.00000E-03 -1.96659E+00
  1.43347E+01  2.18029E-28  1.43607E+06  2.00000E-03 -1.83378E+00
  1.44283E+01  2.18078E-28  1.43631E+06  2.00000E-03 -1.79273E+00
  1.45218E+01  2.18368E-28  1.43765E+06  2.00000E-03 -1.63965E+00
  1.46154E+01  2.18368E-28  1.43765E+06  2.00000E-03 -1.63965E+00
  1.47090E+01  2.18368E-28  1.43765E+06  2.00000E-03 -1.63965E+00
  1.48026E+01  2.18372E-28  1.43767E+06  2.00000E-03 -1.64417E+00
  1.48962E+01  2.18418E-28  1.43778E+06  2.00000E-03 -1.69302E+00
  1.49897E+01  2.18231E-28  1.43695E+06  2.00000E-03 -1.69801E+00
  1.50833E+01  2.18085E-28  1.43630E+06  2.00000E-03 -1.70113E+00
  1.51769E+01  2.17977E-28  1.43582E+06  2.00000E-03 -1.71902E+00
  1.52705E+01  2.17740E-28  1.43477E+06  2.00000E-03 -1.94237E+00
  1.53641E+01  2.17581E-28  1.43406E+06  2.00000E-03 -1.96286E+00
  1.54576E+01  2.17581E-28  1.43406E+06  2.00000E-03 -1.96286E+00
  1.55512E+01  2.17581E-28  1.43406E+06  2.00000E-03 -1.96286E+00
  1.56448E+01  2.17251E-28  1.43260E+06  2.00000E-03 -2.27829E+00
  1.57384E+01  2.17092E-28  1.43190E+06  2.00000E-03 -2.43102E+00
  1.58320E+01  2.17092E-28  1.43190E+06  2.00000E-03 -2.43102E+00
  1.59255E+01  2.17092E-28  1.43190E+06  2.00000E-03 -2.43102E+00
  1.60191E+01  2.16841E-28  1.43079E+06  2.00000E-03 -2.69689E+00
  1.61127E+01  2.16675E-28  1.43006E+06  2.00000E-03 -2.87249E+00
  1.62063E+01  2.16675E-28  1.43006E+06  2.00000E-03 -2.87249E+00
  1.62999E+01  2.16640E-28  1.42990E+06  2.00000E-03 -2.87053E+00
  1.63934E+01  2.16503E-28  1.42930E+06  2.00000E-03 -2.92840E+00
  1.64870E+01  2.16424E-28  1.42895E+06  2.00000E-03 -3.08769E+00
  1.65806E+01  2.16286E-28  1.42834E+06  2.00000E-03 -3.10376E+00
  1.66742E+01  2.16101E-28  1.42753E+06  2.00000E-03 -3.12522E+00
  1.67678E+01  2.16088E-28  1.42747E+06  2.00000E-03 -3.12010E+00
  1.68613E+01  2.16424E-28  1.42894E+06  2.00000E-03 -3.06041E+00
  1.69549E+01  2.16424E-28  1.42894E+06  2.00000E-03 -3.06041E+00
  1.70485E+01  2.16424E-28  1.42894E+06  2.00000E-03 -3.06041E+00
  1.71421E+01  2.16575E-28  1.42961E+06  2.00000E-03 -2.99263E+00
  1.72357E+01  2.17423E-28  1.43334E+06  2.00000E-03 -2.61216E+00
  1.73292E+01  2.17458E-28  1.43349E+06  2.00000E-03 -2.59684E+00
  1.74228E+01  2.17458E-28  1.43349E+06  2.00000E-03 -2.59684E+00
  1.75164E+01  2.17358E-28  1.43305E+06  2.00000E-03 -2.65135E+00
  1.76100E+01  2.18434E-28  1.43777E+06  2.00000E-03 -2.10861E+00
  1.77036E+01  2.18529E-28  1.43818E+06  2.00000E-03 -2.06151E+00
  1.77971E+01  2.18274E-28  1.43707E+06  2.00000E-03 -2.13335E+00
  1.78907E+01  2.18017E-28  1.43594E+06  2.00000E-03 -2.20576E+00
  1.79843E+01  2.18539E-28  1.43823E+06  2.00000E-03 -1.93679E+00
  1.80779E+01  2.18507E-28  1.43808E+06  2.00000E-03 -1.87297E+00
  1.81715E+01  2.18464E-28  1.43789E+06  2.00000E-03 -1.87948E+00
  1.82650E+01  2.18461E-28  1.43788E+06  2.00000E-03 -1.88071E+00
  1.83586E+01  2.18706E-28  1.43895E+06  2.00000E-03 -1.76243E+00
  1.84522E+01  2.18915E-28  1.43986E+06  2.00000E-03 -1.66491E+00
  1.85458E+01  2.18910E-28  1.43983E+06  2.00000E-03 -1.66603E+00
  1.86394E+01  2.18894E-28  1.43977E+06  2.00000E-03 -1.66922E+00
  1.87329E+01  2.18982E-28  1.44015E+06  2.00000E-03 -1.60325E+00
  1.88265E+01  2.19056E-28  1.44047E+06  2.00000E-03 -1.55244E+00
  1.89201E+01  2.19056E-28  1.44047E+06  2.00000E-03 -1.55244E+00
  1.90137E+01  2.19056E-28  1.44047E+06  2.00000E-03 -1.55244E+00
  1.91073E+01  2.19056E-28  1.44047E+06  2.00000E-03 -1.53905E+00
  1.92008E+01  2.19053E-28  1.44047E+06  2.00000E-03 -1.46243E+00
  1.92944E+01  2.18969E-28  1.44010E+06  2.00000E-03 -1.37822E+00
  1.93880E+01  2.18958E-28  1.44005E+06  2.00000E-03 -1.36740E+00
  1.94816E+01  2.18920E-28  1.43989E+06  2.00000E-03 -1.33233E+00
  1.95752E+01  2.18855E-28  1.43966E+06  2.00000E-03 -1.29497E+00
  1.96687E+01  2.18855E-28  1.43966E+06  2.00000E-03 -1.29498E+00
  1.97623E+01  2.18855E-28  1.43966E+06  2.00000E-03 -1.29498E+00
  1.98559E+01  2.18855E-28  1.43966E+06  2.00000E-03 -1.29497E+00
  1.99495E+01  2.18855E-28  1.43966E+06  2.00000E-03 -1.29498E+00
  2.00431E+01  2.18855E-28  1.43966E+06  2.00000E-03 -1.29497E+00
  2.01366E+01  2.18855E-28  1.43966E+06  2.00000E-03 -1.29498E+00
  2.02302E+01  2.18855E-28  1.43966E+06  2.00000E-03 -1.29498E+00
  2.03238E+01  2.18600E-28  1.43850E+06  2.00000E-03 -1.33871E+00
  2.04174E+01  2.18564E-28  1.43833E+06  2.00000E-03 -1.34483E+00
  2.05110E+01  2.18564E-28  1.43833E+06  2.00000E-03 -1.34483E+00
  2.06045E+01  2.18604E-28  1.43851E+06  2.00000E-03 -1.29319E+00
  2.06981E+01  2.18678E-28  1.43884E+06  2.00000E-03 -1.19604E+00
  2.07917E+01  2.18730E-28  1.43907E+06  2.00000E-03 -1.12828E+00
  2.08853E+01  2.18743E-28  1.43912E+06  2.00000E-03 -1.11238E+00
  2.09789E+01  2.18801E-28  1.43938E+06  2.00000E-03 -1.03711E+00
  2.10724E+01  2.18721E-28  1.43902E+06  2.00000E-03 -1.03795E+00
  2.11660E+01  2.18576E-28  1.43837E+06  2.00000E-03 -1.09231E+00
  2.12596E+01  2.18576E-28  1.43837E+06  2.00000E-03 -1.09231E+00
  2.13532E+01  2.18576E-28  1.43837E+06  2.00000E-03 -1.09231E+00
  2.14468E+01  2.18576E-28  1.43837E+06  2.00000E-03 -1.09231E+00
  2.15403E+01  2.18576E-28  1.43837E+06  2.00000E-03 -1.09231E+00
  2.16339E+01  2.18576E-28  1.43837E+06  2.00000E-03 -1.09231E+00
  2.17275E+01  2.18576E-28  1.43837E+06  2.00000E-03 -1.09231E+00
  2.18211E+01  2.18478E-28  1.43794E+06  2.00000E-03 -1.13404E+00
  2.19147E+01  2.18052E-28  1.43606E+06  2.00000E-03 -1.31732E+00
  2.20082E+01  2.18049E-28  1.43605E+06  2.00000E-03 -1.31834E+00
  2.21018E+01  2.18049E-28  1.43605E+06  2.00000E-03 -1.31834E+00
  2.21954E+01  2.18049E-28  1.43605E+06  2.00000E-03 -1.31834E+00
  2.22890E+01  2.18049E-28  1.43605E+06  2.00000E-03 -1.31834E+00
  2.23826E+01  2.18049E-28  1.43605E+06  2.00000E-03 -1.31834E+00
  2.24761E+01  2.18049E-28  1.43605E+06  2.00000E-03 -1.31834E+00
  2.25697E+01  2.18044E-28  1.43602E+06  2.00000E-03 -1.32011E+00
  2.26633E+01  2.17793E-28  1.43492E+06  2.00000E-03 -1.39876E+00
  2.27569E+01  2.17731E-28  1.43464E+06  2.00000E-03 -1.41838E+00
  2.28505E+01  2.17731E-28  1.43464E+06  2.00000E-03 -1.41838E+00
  2.29440E+01  2.17731E-28  1.43464E+06  2.00000E-03 -1.41838E+00
  2.30376E+01  2.17731E-28  1.43464E+06  2.00000E-03 -1.41838E+00
  2.31312E+01  2.17731E-28  1.43464E+06  2.00000E-03 -1.41838E+00
  2.32248E+01  2.17731E-28  1.43464E+06  2.00000E-03 -1.41838E+00
  2.33184E+01  2.17731E-28  1.43464E+06  2.00000E-03 -1.41838E+00
  2.34119E+01  2.17732E-28  1.43464E+06  2.00000E-03 -1.39093E+00
  2.35055E+01  2.17721E-28  1.43459E+06  2.00000E-03 -1.36883E+00
  2.35991E+01  2.17716E-28  1.43457E+06  2.00000E-03 -1.37152E+00
  2.36927E+01  2.17698E-28  1.43449E+06  2.00000E-03 -1.38248E+00
  2.37863E+01  2.17671E-28  1.43437E+06  2.00000E-03 -1.39823E+00
  2.38798E+01  2.17658E-28  1.43431E+06  2.00000E-03 -1.40646E+00
  2.39734E+01  2.17658E-28  1.43431E+06  2.00000E-03 -1.40646E+00
  2.40670E+01  2.17657E-28  1.43431E+06  2.00000E-03 -1.40646E+00
  2.41606E+01  2.17685E-28  1.43443E+06  2.00000E-03 -1.38256E+00
  2.42542E+01  2.17774E-28  1.43482E+06  2.00000E-03 -1.30654E+00
  2.43477E+01  2.17774E-28  1.43482E+06  2.00000E-03 -1.30654E+00
  2.44413E+01  2.17774E-28  1.43482E+06  2.00000E-03 -1.30654E+00
  2.45349E+01  2.17774E-28  1.43482E+06  2.00000E-03 -1.30654E+00
  2.46285E+01  2.17774E-28  1.43482E+06  2.00000E-03 -1.30654E+00
  2.47221E+01  2.17774E-28  1.43482E+06  2.00000E-03 -1.30654E+00
  2.48156E+01  2.17774E-28  1.43482E+06  2.00000E-03 -1.30654E+00
  2.49092E+01  2.17774E-28  1.43482E+06  2.00000E-03 -1.30654E+00
