 -2.38863E+01  2.18934E-28  1.44005E+06  2.00000E-03  1.01342E+01
 -2.38395E+01  2.18934E-28  1.44005E+06  2.00000E-03  1.01342E+01
 -2.37927E+01  2.18934E-28  1.44005E+06  2.00000E-03  1.01342E+01
 -2.37459E+01  2.18934E-28  1.44005E+06  2.00000E-03  1.01342E+01
 -2.36991E+01  2.18934E-28  1.44005E+06  2.00000E-03  1.01342E+01
 -2.36523E+01  2.18934E-28  1.44005E+06  2.00000E-03  1.01342E+01
 -2.36055E+01  2.18934E-28  1.44005E+06  2.00000E-03  1.01342E+01
 -2.35587E+01  2.18934E-28  1.44005E+06  2.00000E-03  1.01342E+01
 -2.35119E+01  2.18934E-28  1.44005E+06  2.00000E-03  1.01342E+01
 -2.34651E+01  2.18934E-28  1.44005E+06  2.00000E-03  1.01342E+01
 -2.34184E+01  2.18934E-28  1.44005E+06  2.00000E-03  1.01342E+01
 -2.33716E+01  2.18934E-28  1.44005E+06  2.00000E-03  1.01342E+01
 -2.33248E+01  2.18934E-28  1.44005E+06  2.00000E-03  1.01342E+01
 -2.32780E+01  2.18934E-28  1.44005E+06  2.00000E-03  1.01342E+01
 -2.32312E+01  2.18934E-28  1.44005E+06  2.00000E-03  1.01342E+01
 -2.31844E+01  2.19200E-28  1.44122E+06  2.00000E-03  1.01504E+01
 -2.31376E+01  2.19465E-28  1.44239E+06  2.00000E-03  1.01666E+01
 -2.30908E+01  2.19465E-28  1.44239E+06  2.00000E-03  1.01666E+01
 -2.30440E+01  2.19465E-28  1.44239E+06  2.00000E-03  1.01666E+01
 -2.29972E+01  2.19465E-28  1.44239E+06  2.00000E-03  1.01666E+01
 -2.29505E+01  2.19465E-28  1.44239E+06  2.00000E-03  1.01666E+01
 -2.29037E+01  2.19465E-28  1.44239E+06  2.00000E-03  1.01666E+01
 -2.28569E+01  2.19465E-28  1.44239E+06  2.00000E-03  1.01666E+01
 -2.28101E+01  2.19465E-28  1.44239E+06  2.00000E-03  1.01666E+01
 -2.27633E+01  2.19465E-28  1.44239E+06  2.00000E-03  1.01666E+01
 -2.27165E+01  2.19465E-28  1.44239E+06  2.00000E-03  1.01666E+01
 -2.26697E+01  2.19465E-28  1.44239E+06  2.00000E-03  1.01666E+01
 -2.26229E+01  2.19465E-28  1.44239E+06  2.00000E-03  1.01666E+01
 -2.25761E+01  2.19465E-28  1.44239E+06  2.00000E-03  1.01666E+01
 -2.25294E+01  2.19465E-28  1.44239E+06  2.00000E-03  1.01666E+01
 -2.24826E+01  2.19465E-28  1.44239E+06  2.00000E-03  1.01666E+01
 -2.24358E+01  2.19822E-28  1.44396E+06  2.00000E-03  1.01067E+01
 -2.23890E+01  2.20178E-28  1.44553E+06  2.00000E-03  1.00469E+01
 -2.23422E+01  2.20178E-28  1.44553E+06  2.00000E-03  1.00469E+01
 -2.22954E+01  2.20178E-28  1.44553E+06  2.00000E-03  1.00469E+01
 -2.22486E+01  2.20178E-28  1.44553E+06  2.00000E-03  1.00469E+01
 -2.22018E+01  2.20178E-28  1.44553E+06  2.00000E-03  1.00469E+01
 -2.21550E+01  2.20178E-28  1.44553E+06  2.00000E-03  1.00469E+01
 -2.21082E+01  2.20178E-28  1.44553E+06  2.00000E-03  1.00469E+01
 -2.20615E+01  2.20178E-28  1.44553E+06  2.00000E-03  1.00469E+01
 -2.20147E+01  2.20178E-28  1.44553E+06  2.00000E-03  1.00469E+01
 -2.19679E+01  2.20178E-28  1.44553E+06  2.00000E-03  1.00469E+01
 -2.19211E+01  2.20178E-28  1.44553E+06  2.00000E-03  1.00469E+01
 -2.18743E+01  2.20178E-28  1.44553E+06  2.00000E-03  1.00469E+01
 -2.18275E+01  2.20178E-28  1.44553E+06  2.00000E-03  1.00469E+01
 -2.17807E+01  2.20178E-28  1.44553E+06  2.00000E-03  1.00469E+01
 -2.17339E+01  2.20178E-28  1.44553E+06  2.00000E-03  1.00469E+01
 -2.16871E+01  2.20622E-28  1.44748E+06  2.00000E-03  9.89367E+00
 -2.16403E+01  2.21066E-28  1.44942E+06  2.00000E-03  9.74104E+00
 -2.15936E+01  2.21066E-28  1.44942E+06  2.00000E-03  9.74104E+00
 -2.15468E+01  2.21066E-28  1.44942E+06  2.00000E-03  9.74104E+00
 -2.15000E+01  2.21066E-28  1.44942E+06  2.00000E-03  9.74104E+00
 -2.14532E+01  2.21066E-28  1.44942E+06  2.00000E-03  9.74104E+00
 -2.14064E+01  2.21066E-28  1.44942E+06  2.00000E-03  9.74104E+00
 -2.13596E+01  2.21066E-28  1.44942E+06  2.00000E-03  9.74104E+00
 -2.13128E+01  2.21066E-28  1.44942E+06  2.00000E-03  9.74104E+00
 -2.12660E+01  2.21066E-28  1.44942E+06  2.00000E-03  9.74104E+00
 -2.12192E+01  2.21066E-28  1.44942E+06  2.00000E-03  9.74104E+00
 -2.11724E+01  2.21066E-28  1.44942E+06  2.00000E-03  9.74104E+00
 -2.11257E+01  2.21066E-28  1.44942E+06  2.00000E-03  9.74104E+00
 -2.10789E+01  2.21066E-28  1.44942E+06  2.00000E-03  9.74104E+00
 -2.10321E+01  2.21066E-28  1.44942E+06  2.00000E-03  9.74104E+00
 -2.09853E+01  2.21066E-28  1.44942E+06  2.00000E-03  9.74104E+00
 -2.09385E+01  2.21472E-28  1.45121E+06  2.00000E-03  9.57628E+00
 -2.08917E+01  2.21878E-28  1.45299E+06  2.00000E-03  9.41212E+00
 -2.08449E+01  2.21878E-28  1.45299E+06  2.00000E-03  9.41212E+00
 -2.07981E+01  2.21878E-28  1.45299E+06  2.00000E-03  9.41212E+00
 -2.07513E+01  2.21878E-28  1.45299E+06  2.00000E-03  9.41212E+00
 -2.07045E+01  2.21878E-28  1.45299E+06  2.00000E-03  9.41212E+00
 -2.06578E+01  2.21878E-28  1.45299E+06  2.00000E-03  9.41212E+00
 -2.06110E+01  2.21878E-28  1.45299E+06  2.00000E-03  9.41212E+00
 -2.05642E+01  2.21878E-28  1.45299E+06  2.00000E-03  9.41212E+00
 -2.05174E+01  2.21878E-28  1.45299E+06  2.00000E-03  9.41212E+00
 -2.04706E+01  2.21878E-28  1.45299E+06  2.00000E-03  9.41212E+00
 -2.04238E+01  2.21878E-28  1.45299E+06  2.00000E-03  9.41212E+00
 -2.03770E+01  2.21878E-28  1.45299E+06  2.00000E-03  9.41212E+00
 -2.03302E+01  2.21878E-28  1.45299E+06  2.00000E-03  9.41212E+00
 -2.02834E+01  2.21878E-28  1.45299E+06  2.00000E-03  9.41212E+00
 -2.02366E+01  2.21878E-28  1.45299E+06  2.00000E-03  9.41212E+00
 -2.01899E+01  2.22060E-28  1.45379E+06  2.00000E-03  9.36864E+00
 -2.01431E+01  2.22241E-28  1.45459E+06  2.00000E-03  9.32524E+00
 -2.00963E+01  2.22241E-28  1.45459E+06  2.00000E-03  9.32524E+00
 -2.00495E+01  2.22241E-28  1.45459E+06  2.00000E-03  9.32524E+00
 -2.00027E+01  2.22241E-28  1.45459E+06  2.00000E-03  9.32524E+00
 -1.99559E+01  2.22241E-28  1.45459E+06  2.00000E-03  9.32524E+00
 -1.99091E+01  2.22241E-28  1.45459E+06  2.00000E-03  9.32524E+00
 -1.98623E+01  2.22241E-28  1.45459E+06  2.00000E-03  9.32524E+00
 -1.98155E+01  2.22241E-28  1.45459E+06  2.00000E-03  9.32524E+00
 -1.97687E+01  2.22241E-28  1.45459E+06  2.00000E-03  9.32524E+00
 -1.97220E+01  2.22241E-28  1.45459E+06  2.00000E-03  9.32524E+00
 -1.96752E+01  2.22241E-28  1.45459E+06  2.00000E-03  9.32524E+00
 -1.96284E+01  2.22241E-28  1.45459E+06  2.00000E-03  9.32524E+00
 -1.95816E+01  2.22241E-28  1.45459E+06  2.00000E-03  9.32524E+00
 -1.95348E+01  2.22241E-28  1.45459E+06  2.00000E-03  9.32524E+00
 -1.94880E+01  2.22241E-28  1.45459E+06  2.00000E-03  9.32524E+00
 -1.94412E+01  2.22128E-28  1.45414E+06  2.00000E-03  9.50097E+00
 -1.93944E+01  2.22016E-28  1.45368E+06  2.00000E-03  9.67687E+00
 -1.93476E+01  2.22016E-28  1.45368E+06  2.00000E-03  9.67687E+00
 -1.93008E+01  2.22016E-28  1.45368E+06  2.00000E-03  9.67687E+00
 -1.92541E+01  2.22016E-28  1.45368E+06  2.00000E-03  9.67687E+00
 -1.92073E+01  2.22016E-28  1.45368E+06  2.00000E-03  9.67687E+00
 -1.91605E+01  2.22016E-28  1.45368E+06  2.00000E-03  9.67687E+00
 -1.91137E+01  2.22016E-28  1.45368E+06  2.00000E-03  9.67687E+00
 -1.90669E+01  2.22016E-28  1.45368E+06  2.00000E-03  9.67687E+00
 -1.90201E+01  2.22016E-28  1.45368E+06  2.00000E-03  9.67687E+00
 -1.89733E+01  2.22016E-28  1.45368E+06  2.00000E-03  9.67687E+00
 -1.89265E+01  2.22016E-28  1.45368E+06  2.00000E-03  9.67687E+00
 -1.88797E+01  2.22016E-28  1.45368E+06  2.00000E-03  9.67687E+00
 -1.88329E+01  2.22016E-28  1.45368E+06  2.00000E-03  9.67687E+00
 -1.87862E+01  2.22016E-28  1.45368E+06  2.00000E-03  9.67687E+00
 -1.87394E+01  2.22016E-28  1.45368E+06  2.00000E-03  9.67687E+00
 -1.86926E+01  2.21832E-28  1.45288E+06  2.00000E-03  9.95417E+00
 -1.86458E+01  2.21648E-28  1.45208E+06  2.00000E-03  1.02319E+01
 -1.85990E+01  2.21648E-28  1.45208E+06  2.00000E-03  1.02319E+01
 -1.85522E+01  2.21648E-28  1.45208E+06  2.00000E-03  1.02319E+01
 -1.85054E+01  2.21648E-28  1.45208E+06  2.00000E-03  1.02319E+01
 -1.84586E+01  2.21648E-28  1.45208E+06  2.00000E-03  1.02319E+01
 -1.84118E+01  2.21648E-28  1.45208E+06  2.00000E-03  1.02319E+01
 -1.83650E+01  2.21648E-28  1.45208E+06  2.00000E-03  1.02319E+01
 -1.83183E+01  2.21445E-28  1.45119E+06  2.00000E-03  1.04135E+01
 -1.82715E+01  2.21242E-28  1.45030E+06  2.00000E-03  1.05953E+01
 -1.82247E+01  2.21242E-28  1.45030E+06  2.00000E-03  1.05953E+01
 -1.81779E+01  2.21242E-28  1.45030E+06  2.00000E-03  1.05953E+01
 -1.81311E+01  2.21242E-28  1.45030E+06  2.00000E-03  1.05953E+01
 -1.80843E+01  2.21242E-28  1.45030E+06  2.00000E-03  1.05953E+01
 -1.80375E+01  2.21242E-28  1.45030E+06  2.00000E-03  1.05953E+01
 -1.79907E+01  2.21242E-28  1.45030E+06  2.00000E-03  1.05953E+01
 -1.79439E+01  2.21081E-28  1.44960E+06  2.00000E-03  1.07499E+01
 -1.78971E+01  2.20919E-28  1.44890E+06  2.00000E-03  1.09048E+01
 -1.78504E+01  2.20919E-28  1.44890E+06  2.00000E-03  1.09048E+01
 -1.78036E+01  2.20919E-28  1.44890E+06  2.00000E-03  1.09048E+01
 -1.77568E+01  2.20919E-28  1.44890E+06  2.00000E-03  1.09048E+01
 -1.77100E+01  2.20919E-28  1.44890E+06  2.00000E-03  1.09048E+01
 -1.76632E+01  2.20919E-28  1.44890E+06  2.00000E-03  1.09048E+01
 -1.76164E+01  2.20919E-28  1.44890E+06  2.00000E-03  1.09048E+01
 -1.75696E+01  2.20844E-28  1.44858E+06  2.00000E-03  1.10040E+01
 -1.75228E+01  2.20769E-28  1.44826E+06  2.00000E-03  1.11033E+01
 -1.74760E+01  2.20769E-28  1.44826E+06  2.00000E-03  1.11033E+01
 -1.74292E+01  2.20769E-28  1.44826E+06  2.00000E-03  1.11033E+01
 -1.73825E+01  2.20769E-28  1.44826E+06  2.00000E-03  1.11033E+01
 -1.73357E+01  2.20769E-28  1.44826E+06  2.00000E-03  1.11033E+01
 -1.72889E+01  2.20769E-28  1.44826E+06  2.00000E-03  1.11033E+01
 -1.72421E+01  2.20769E-28  1.44826E+06  2.00000E-03  1.11033E+01
 -1.71953E+01  2.20798E-28  1.44840E+06  2.00000E-03  1.11380E+01
 -1.71485E+01  2.20827E-28  1.44853E+06  2.00000E-03  1.11728E+01
 -1.71017E+01  2.20827E-28  1.44853E+06  2.00000E-03  1.11728E+01
 -1.70549E+01  2.20827E-28  1.44853E+06  2.00000E-03  1.11728E+01
 -1.70081E+01  2.20827E-28  1.44853E+06  2.00000E-03  1.11728E+01
 -1.69613E+01  2.20827E-28  1.44853E+06  2.00000E-03  1.11728E+01
 -1.69146E+01  2.20827E-28  1.44853E+06  2.00000E-03  1.11728E+01
 -1.68678E+01  2.20827E-28  1.44853E+06  2.00000E-03  1.11728E+01
 -1.68210E+01  2.20959E-28  1.44912E+06  2.00000E-03  1.11262E+01
 -1.67742E+01  2.21090E-28  1.44970E+06  2.00000E-03  1.10797E+01
 -1.67274E+01  2.21090E-28  1.44970E+06  2.00000E-03  1.10797E+01
 -1.66806E+01  2.21090E-28  1.44970E+06  2.00000E-03  1.10797E+01
 -1.66338E+01  2.21090E-28  1.44970E+06  2.00000E-03  1.10797E+01
 -1.65870E+01  2.21090E-28  1.44970E+06  2.00000E-03  1.10797E+01
 -1.65402E+01  2.21090E-28  1.44970E+06  2.00000E-03  1.10797E+01
 -1.64935E+01  2.21090E-28  1.44970E+06  2.00000E-03  1.10797E+01
 -1.64467E+01  2.21286E-28  1.45056E+06  2.00000E-03  1.09799E+01
 -1.63999E+01  2.21482E-28  1.45143E+06  2.00000E-03  1.08803E+01
 -1.63531E+01  2.21482E-28  1.45143E+06  2.00000E-03  1.08803E+01
 -1.63063E+01  2.21482E-28  1.45143E+06  2.00000E-03  1.08803E+01
 -1.62595E+01  2.21482E-28  1.45143E+06  2.00000E-03  1.08803E+01
 -1.62127E+01  2.21482E-28  1.45143E+06  2.00000E-03  1.08803E+01
 -1.61659E+01  2.21482E-28  1.45143E+06  2.00000E-03  1.08803E+01
 -1.61191E+01  2.21482E-28  1.45143E+06  2.00000E-03  1.08803E+01
 -1.60723E+01  2.21676E-28  1.45229E+06  2.00000E-03  1.07721E+01
 -1.60256E+01  2.21871E-28  1.45315E+06  2.00000E-03  1.06640E+01
 -1.59788E+01  2.21871E-28  1.45315E+06  2.00000E-03  1.06640E+01
 -1.59320E+01  2.21871E-28  1.45315E+06  2.00000E-03  1.06640E+01
 -1.58852E+01  2.21871E-28  1.45315E+06  2.00000E-03  1.06640E+01
 -1.58384E+01  2.21871E-28  1.45315E+06  2.00000E-03  1.06640E+01
 -1.57916E+01  2.21871E-28  1.45315E+06  2.00000E-03  1.06640E+01
 -1.57448E+01  2.21871E-28  1.45315E+06  2.00000E-03  1.06640E+01
 -1.56980E+01  2.21993E-28  1.45370E+06  2.00000E-03  1.05974E+01
 -1.56512E+01  2.22115E-28  1.45425E+06  2.00000E-03  1.05309E+01
 -1.56044E+01  2.22115E-28  1.45425E+06  2.00000E-03  1.05309E+01
 -1.55577E+01  2.22115E-28  1.45425E+06  2.00000E-03  1.05309E+01
 -1.55109E+01  2.22115E-28  1.45425E+06  2.00000E-03  1.05309E+01
 -1.54641E+01  2.22115E-28  1.45425E+06  2.00000E-03  1.05309E+01
 -1.54173E+01  2.22115E-28  1.45425E+06  2.00000E-03  1.05309E+01
 -1.53705E+01  2.22115E-28  1.45425E+06  2.00000E-03  1.05309E+01
 -1.53237E+01  2.22123E-28  1.45429E+06  2.00000E-03  1.05330E+01
 -1.52769E+01  2.22130E-28  1.45434E+06  2.00000E-03  1.05351E+01
 -1.52301E+01  2.22130E-28  1.45434E+06  2.00000E-03  1.05351E+01
 -1.51833E+01  2.22130E-28  1.45434E+06  2.00000E-03  1.05351E+01
 -1.51365E+01  2.22130E-28  1.45434E+06  2.00000E-03  1.05351E+01
 -1.50898E+01  2.22130E-28  1.45434E+06  2.00000E-03  1.05351E+01
 -1.50430E+01  2.22130E-28  1.45434E+06  2.00000E-03  1.05351E+01
 -1.49962E+01  2.22130E-28  1.45434E+06  2.00000E-03  1.05351E+01
 -1.49494E+01  2.22022E-28  1.45388E+06  2.00000E-03  1.06078E+01
 -1.49026E+01  2.21914E-28  1.45343E+06  2.00000E-03  1.06806E+01
 -1.48558E+01  2.21914E-28  1.45343E+06  2.00000E-03  1.06806E+01
 -1.48090E+01  2.21914E-28  1.45343E+06  2.00000E-03  1.06806E+01
 -1.47622E+01  2.21914E-28  1.45343E+06  2.00000E-03  1.06806E+01
 -1.47154E+01  2.21914E-28  1.45343E+06  2.00000E-03  1.06806E+01
 -1.46686E+01  2.21914E-28  1.45343E+06  2.00000E-03  1.06806E+01
 -1.46219E+01  2.21914E-28  1.45343E+06  2.00000E-03  1.06806E+01
 -1.45751E+01  2.21712E-28  1.45255E+06  2.00000E-03  1.07855E+01
 -1.45283E+01  2.21510E-28  1.45166E+06  2.00000E-03  1.08906E+01
 -1.44815E+01  2.21510E-28  1.45166E+06  2.00000E-03  1.08906E+01
 -1.44347E+01  2.21510E-28  1.45166E+06  2.00000E-03  1.08906E+01
 -1.43879E+01  2.21510E-28  1.45166E+06  2.00000E-03  1.08906E+01
 -1.43411E+01  2.21510E-28  1.45166E+06  2.00000E-03  1.08906E+01
 -1.42943E+01  2.21510E-28  1.45166E+06  2.00000E-03  1.08906E+01
 -1.42475E+01  2.21510E-28  1.45166E+06  2.00000E-03  1.08906E+01
 -1.42007E+01  2.21255E-28  1.45059E+06  2.00000E-03  1.08899E+01
 -1.41540E+01  2.20999E-28  1.44951E+06  2.00000E-03  1.08892E+01
 -1.41072E+01  2.20999E-28  1.44951E+06  2.00000E-03  1.08892E+01
 -1.40604E+01  2.20999E-28  1.44951E+06  2.00000E-03  1.08892E+01
 -1.40136E+01  2.20999E-28  1.44951E+06  2.00000E-03  1.08892E+01
 -1.39668E+01  2.20999E-28  1.44951E+06  2.00000E-03  1.08892E+01
 -1.39200E+01  2.20999E-28  1.44951E+06  2.00000E-03  1.08892E+01
 -1.38732E+01  2.20999E-28  1.44951E+06  2.00000E-03  1.08892E+01
 -1.38264E+01  2.20773E-28  1.44852E+06  2.00000E-03  1.08694E+01
 -1.37796E+01  2.20546E-28  1.44753E+06  2.00000E-03  1.08496E+01
 -1.37328E+01  2.20546E-28  1.44753E+06  2.00000E-03  1.08496E+01
 -1.36861E+01  2.20546E-28  1.44753E+06  2.00000E-03  1.08496E+01
 -1.36393E+01  2.20484E-28  1.44725E+06  2.00000E-03  1.06845E+01
 -1.35925E+01  2.20422E-28  1.44698E+06  2.00000E-03  1.05193E+01
 -1.35457E+01  2.20422E-28  1.44698E+06  2.00000E-03  1.05193E+01
 -1.34989E+01  2.20422E-28  1.44698E+06  2.00000E-03  1.05193E+01
 -1.34521E+01  2.20403E-28  1.44682E+06  2.00000E-03  1.02099E+01
 -1.34053E+01  2.20383E-28  1.44666E+06  2.00000E-03  9.90040E+00
 -1.33585E+01  2.20383E-28  1.44666E+06  2.00000E-03  9.90040E+00
 -1.33117E+01  2.20383E-28  1.44666E+06  2.00000E-03  9.90040E+00
 -1.32649E+01  2.20159E-28  1.44685E+06  2.00000E-03  9.27508E+00
 -1.32182E+01  2.19935E-28  1.44704E+06  2.00000E-03  8.64849E+00
 -1.31714E+01  2.19935E-28  1.44704E+06  2.00000E-03  8.64849E+00
 -1.31246E+01  2.19935E-28  1.44704E+06  2.00000E-03  8.64849E+00
 -1.30778E+01  2.23967E-28  1.42343E+06  1.98981E-03  8.09663E+00
 -1.30310E+01  2.27998E-28  1.40064E+06  1.97998E-03  7.56428E+00
 -1.29842E+01  2.27998E-28  1.40064E+06  1.97998E-03  7.56428E+00
 -1.29374E+01  2.27998E-28  1.40064E+06  1.97998E-03  7.56428E+00
 -1.28906E+01  3.41882E-28  9.28644E+05  1.77131E-03  6.08992E+00
 -1.28438E+01  4.55766E-28  6.92524E+05  1.66693E-03  5.35237E+00
 -1.27970E+01  4.55766E-28  6.92524E+05  1.66693E-03  5.35237E+00
 -1.27503E+01  4.55766E-28  6.92524E+05  1.66693E-03  5.35237E+00
 -1.27035E+01  4.47447E-28  7.05845E+05  1.65909E-03  3.48248E+00
 -1.26567E+01  4.39128E-28  7.19672E+05  1.65095E-03  1.54176E+00
 -1.26099E+01  4.39128E-28  7.19672E+05  1.65095E-03  1.54176E+00
 -1.25631E+01  4.39128E-28  7.19672E+05  1.65095E-03  1.54176E+00
 -1.25163E+01  4.49645E-28  7.03830E+05  1.66149E-03  7.43263E-01
 -1.24695E+01  4.60162E-28  6.88712E+05  1.67154E-03 -1.87286E-02
 -1.24227E+01  4.60162E-28  6.88712E+05  1.67154E-03 -1.87286E-02
 -1.23759E+01  4.60162E-28  6.88712E+05  1.67154E-03 -1.87286E-02
 -1.23291E+01  4.56567E-28  6.93756E+05  1.67029E-03  1.25065E+00
 -1.22824E+01  4.52973E-28  6.98880E+05  1.66902E-03  2.54018E+00
 -1.22356E+01  4.52973E-28  6.98880E+05  1.66902E-03  2.54018E+00
 -1.21888E+01  4.52973E-28  6.98880E+05  1.66902E-03  2.54018E+00
 -1.21420E+01  4.43357E-28  7.10812E+05  1.67514E-03  5.27463E+00
 -1.20952E+01  4.33742E-28  7.23274E+05  1.68153E-03  8.13031E+00
 -1.20484E+01  4.33742E-28  7.23274E+05  1.68153E-03  8.13031E+00
 -1.20016E+01  4.33742E-28  7.23274E+05  1.68153E-03  8.13031E+00
 -1.19548E+01  3.90698E-28  7.96945E+05  1.71948E-03  1.07099E+01
 -1.19080E+01  3.47654E-28  8.88860E+05  1.76682E-03  1.39284E+01
 -1.18612E+01  3.47654E-28  8.88860E+05  1.76682E-03  1.39284E+01
 -1.18145E+01  3.47654E-28  8.88860E+05  1.76682E-03  1.39284E+01
 -1.17677E+01  3.09259E-28  9.98866E+05  1.81824E-03  1.49745E+01
 -1.17209E+01  2.70865E-28  1.14006E+06  1.88425E-03  1.63172E+01
 -1.16741E+01  2.70865E-28  1.14006E+06  1.88425E-03  1.63172E+01
 -1.16273E+01  2.70865E-28  1.14006E+06  1.88425E-03  1.63172E+01
 -1.15805E+01  2.53834E-28  1.22448E+06  1.91835E-03  1.58553E+01
 -1.15337E+01  2.36803E-28  1.32106E+06  1.95736E-03  1.53270E+01
 -1.14869E+01  2.36803E-28  1.32106E+06  1.95736E-03  1.53270E+01
 -1.14401E+01  2.36803E-28  1.32106E+06  1.95736E-03  1.53270E+01
 -1.13933E+01  2.31442E-28  1.35866E+06  1.97083E-03  1.41695E+01
 -1.13466E+01  2.26080E-28  1.39804E+06  1.98495E-03  1.29571E+01
 -1.12998E+01  2.26080E-28  1.39804E+06  1.98495E-03  1.29571E+01
 -1.12530E+01  2.26080E-28  1.39804E+06  1.98495E-03  1.29571E+01
 -1.12062E+01  2.24279E-28  1.41402E+06  1.98927E-03  1.17085E+01
 -1.11594E+01  2.22478E-28  1.43025E+06  1.99367E-03  1.04397E+01
 -1.11126E+01  2.22478E-28  1.43025E+06  1.99367E-03  1.04397E+01
 -1.10658E+01  2.22478E-28  1.43025E+06  1.99367E-03  1.04397E+01
 -1.10190E+01  2.22259E-28  1.43321E+06  1.99425E-03  9.70673E+00
 -1.09722E+01  2.22040E-28  1.43617E+06  1.99484E-03  8.97227E+00
 -1.09254E+01  2.22040E-28  1.43617E+06  1.99484E-03  8.97227E+00
 -1.08787E+01  2.22040E-28  1.43617E+06  1.99484E-03  8.97227E+00
 -1.08319E+01  2.22183E-28  1.43473E+06  1.99440E-03  8.84615E+00
 -1.07851E+01  2.22325E-28  1.43328E+06  1.99396E-03  8.72019E+00
 -1.07383E+01  2.22325E-28  1.43328E+06  1.99396E-03  8.72019E+00
 -1.06915E+01  2.22325E-28  1.43328E+06  1.99396E-03  8.72019E+00
 -1.06447E+01  2.22513E-28  1.43075E+06  1.99321E-03  9.00283E+00
 -1.05979E+01  2.22702E-28  1.42822E+06  1.99245E-03  9.28500E+00
 -1.05511E+01  2.22702E-28  1.42822E+06  1.99245E-03  9.28500E+00
 -1.05043E+01  2.22702E-28  1.42822E+06  1.99245E-03  9.28500E+00
 -1.04575E+01  2.23660E-28  1.42042E+06  1.98908E-03  9.69390E+00
 -1.04108E+01  2.24617E-28  1.41268E+06  1.98573E-03  1.00993E+01
 -1.03640E+01  2.24617E-28  1.41268E+06  1.98573E-03  1.00993E+01
 -1.03172E+01  2.24617E-28  1.41268E+06  1.98573E-03  1.00993E+01
 -1.02704E+01  2.27877E-28  1.39033E+06  1.97388E-03  1.01421E+01
 -1.02236E+01  2.31137E-28  1.36861E+06  1.96235E-03  1.01836E+01
 -1.01768E+01  2.31137E-28  1.36861E+06  1.96235E-03  1.01836E+01
 -1.01300E+01  2.31137E-28  1.36861E+06  1.96235E-03  1.01836E+01
 -1.00832E+01  2.38948E-28  1.32229E+06  1.93916E-03  9.36227E+00
 -1.00364E+01  2.46758E-28  1.27890E+06  1.91743E-03  8.59292E+00
 -9.98965E+00  2.46758E-28  1.27890E+06  1.91743E-03  8.59292E+00
 -9.94286E+00  2.46758E-28  1.27890E+06  1.91743E-03  8.59292E+00
 -9.89607E+00  2.58503E-28  1.21912E+06  1.88887E-03  6.74525E+00
 -9.84928E+00  2.70249E-28  1.16454E+06  1.86280E-03  5.05819E+00
 -9.80249E+00  2.70249E-28  1.16454E+06  1.86280E-03  5.05819E+00
 -9.75570E+00  2.70249E-28  1.16454E+06  1.86280E-03  5.05819E+00
 -9.70891E+00  2.86629E-28  1.09699E+06  1.82658E-03  2.65476E+00
 -9.66212E+00  3.03010E-28  1.03673E+06  1.79427E-03  5.11173E-01
 -9.61533E+00  3.03010E-28  1.03673E+06  1.79427E-03  5.11173E-01
 -9.56854E+00  3.03010E-28  1.03673E+06  1.79427E-03  5.11173E-01
 -9.52175E+00  3.08237E-28  1.01746E+06  1.77896E-03 -1.60860E+00
 -9.47496E+00  3.13464E-28  9.98820E+05  1.76416E-03 -3.65768E+00
 -9.42817E+00  3.13464E-28  9.98820E+05  1.76416E-03 -3.65768E+00
 -9.38138E+00  3.13464E-28  9.98820E+05  1.76416E-03 -3.65768E+00
 -9.33459E+00  3.02892E-28  1.03075E+06  1.78256E-03 -5.09475E+00
 -9.28780E+00  2.92319E-28  1.06499E+06  1.80230E-03 -6.63578E+00
 -9.24101E+00  2.92319E-28  1.06499E+06  1.80230E-03 -6.63578E+00
 -9.19422E+00  2.92319E-28  1.06499E+06  1.80230E-03 -6.63578E+00
 -9.14743E+00  2.83256E-28  1.09994E+06  1.83145E-03 -6.64358E+00
 -9.10064E+00  2.74192E-28  1.13719E+06  1.86252E-03 -6.65191E+00
 -9.05385E+00  2.69060E-28  1.15848E+06  1.87382E-03 -6.10344E+00
 -9.00706E+00  2.63927E-28  1.18059E+06  1.88556E-03 -5.53364E+00
 -8.96027E+00  2.59984E-28  1.19728E+06  1.89366E-03 -4.43809E+00
 -8.91348E+00  2.56042E-28  1.21448E+06  1.90202E-03 -3.30881E+00
 -8.86669E+00  2.55682E-28  1.21460E+06  1.90349E-03 -1.71816E+00
 -8.81990E+00  2.55321E-28  1.21473E+06  1.90496E-03 -1.23015E-01
 -8.77311E+00  2.57196E-28  1.20398E+06  1.90185E-03  1.88990E+00
 -8.72632E+00  2.59071E-28  1.19338E+06  1.89878E-03  3.87368E+00
 -8.67953E+00  2.69503E-28  1.14466E+06  1.87918E-03  6.23495E+00
 -8.63274E+00  2.79935E-28  1.09957E+06  1.86104E-03  8.42023E+00
 -8.58595E+00  2.98850E-28  1.02732E+06  1.83289E-03  1.06348E+01
 -8.53916E+00  3.17764E-28  9.63667E+05  1.80810E-03  1.25858E+01
 -8.49237E+00  3.27883E-28  9.30072E+05  1.81088E-03  1.34120E+01
 -8.44558E+00  3.38001E-28  8.98490E+05  1.81350E-03  1.41887E+01
 -8.39879E+00  3.42627E-28  8.84544E+05  1.83144E-03  1.38407E+01
 -8.35200E+00  3.47252E-28  8.70969E+05  1.84890E-03  1.35020E+01
 -8.30521E+00  3.38948E-28  8.90746E+05  1.86380E-03  1.29144E+01
 -8.25842E+00  3.30643E-28  9.11516E+05  1.87945E-03  1.22973E+01
 -8.21163E+00  3.09981E-28  9.71589E+05  1.89242E-03  1.20706E+01
 -8.16484E+00  2.89318E-28  1.04024E+06  1.90725E-03  1.18115E+01
 -8.11805E+00  2.71919E-28  1.10621E+06  1.92012E-03  1.23420E+01
 -8.07126E+00  2.54521E-28  1.18120E+06  1.93476E-03  1.29451E+01
 -8.02447E+00  2.43125E-28  1.23613E+06  1.95106E-03  1.42074E+01
 -7.97768E+00  2.31730E-28  1.29646E+06  1.96896E-03  1.55939E+01
 -7.93089E+00  2.25723E-28  1.33012E+06  1.97905E-03  1.72085E+01
 -7.88410E+00  2.19717E-28  1.36562E+06  1.98970E-03  1.89114E+01
 -7.83731E+00  2.17338E-28  1.37956E+06  1.99287E-03  2.03572E+01
 -7.79052E+00  2.14959E-28  1.39381E+06  1.99611E-03  2.18351E+01
 -7.74373E+00  2.13961E-28  1.39788E+06  1.99528E-03  2.26611E+01
 -7.69694E+00  2.12962E-28  1.40199E+06  1.99445E-03  2.34948E+01
 -7.65015E+00  2.14698E-28  1.38721E+06  1.98491E-03  2.34555E+01
 -7.60336E+00  2.16434E-28  1.37265E+06  1.97552E-03  2.34169E+01
 -7.55657E+00  2.23935E-28  1.32233E+06  1.94672E-03  2.24630E+01
 -7.50978E+00  2.31436E-28  1.27528E+06  1.91978E-03  2.15709E+01
 -7.46299E+00  2.41092E-28  1.21931E+06  1.88731E-03  2.00362E+01
 -7.41620E+00  2.50747E-28  1.16765E+06  1.85735E-03  1.86197E+01
 -7.36941E+00  2.57604E-28  1.13289E+06  1.83678E-03  1.70039E+01
 -7.32262E+00  2.64461E-28  1.09992E+06  1.81728E-03  1.54719E+01
 -7.27583E+00  2.64841E-28  1.09659E+06  1.81558E-03  1.39930E+01
 -7.22904E+00  2.65220E-28  1.09327E+06  1.81389E-03  1.25183E+01
 -7.18225E+00  2.60433E-28  1.11432E+06  1.82588E-03  1.13245E+01
 -7.13546E+00  2.55646E-28  1.13616E+06  1.83832E-03  1.00861E+01
 -7.08867E+00  2.50652E-28  1.16082E+06  1.85401E-03  9.71157E+00
 -7.04188E+00  2.45657E-28  1.18648E+06  1.87034E-03  9.32185E+00
 -6.99509E+00  2.42671E-28  1.20270E+06  1.88072E-03  1.00831E+01
 -6.94830E+00  2.39685E-28  1.21933E+06  1.89136E-03  1.08632E+01
 -6.90151E+00  2.38052E-28  1.22741E+06  1.89574E-03  1.25411E+01
 -6.85472E+00  2.36418E-28  1.23561E+06  1.90018E-03  1.42421E+01
 -6.80793E+00  2.39487E-28  1.21772E+06  1.89019E-03  1.60870E+01
 -6.76114E+00  2.42556E-28  1.20027E+06  1.88046E-03  1.78852E+01
 -6.71435E+00  2.49151E-28  1.16671E+06  1.86237E-03  1.92283E+01
 -6.66756E+00  2.55747E-28  1.13488E+06  1.84521E-03  2.05021E+01
 -6.62077E+00  2.62488E-28  1.10497E+06  1.82845E-03  2.11529E+01
 -6.57398E+00  2.69228E-28  1.07655E+06  1.81254E-03  2.17711E+01
 -6.52719E+00  2.72291E-28  1.06496E+06  1.80432E-03  2.17757E+01
 -6.48040E+00  2.75354E-28  1.05364E+06  1.79629E-03  2.17801E+01
 -6.43362E+00  2.72791E-28  1.06521E+06  1.80016E-03  2.13017E+01
 -6.38683E+00  2.70227E-28  1.07700E+06  1.80411E-03  2.08143E+01
 -6.34003E+00  2.67414E-28  1.09083E+06  1.81198E-03  2.00661E+01
 -6.29325E+00  2.64600E-28  1.10495E+06  1.82001E-03  1.93019E+01
 -6.24646E+00  2.69017E-28  1.08990E+06  1.81658E-03  1.85833E+01
 -6.19967E+00  2.73434E-28  1.07534E+06  1.81326E-03  1.78879E+01
 -6.15288E+00  2.86208E-28  1.03020E+06  1.79784E-03  1.75296E+01
 -6.10609E+00  2.98982E-28  9.88926E+05  1.78375E-03  1.72019E+01
 -6.05930E+00  3.04059E-28  9.73763E+05  1.78205E-03  1.73927E+01
 -6.01251E+00  3.09136E-28  9.59098E+05  1.78041E-03  1.75772E+01
 -5.96572E+00  3.24757E-28  9.10748E+05  1.76884E-03  1.80835E+01
 -5.91893E+00  3.40378E-28  8.66836E+05  1.75834E-03  1.85434E+01
 -5.87214E+00  3.87635E-28  7.55222E+05  1.72517E-03  1.84827E+01
 -5.82535E+00  4.34892E-28  6.67864E+05  1.69921E-03  1.84351E+01
 -5.77856E+00  4.46847E-28  6.46001E+05  1.69269E-03  1.78619E+01
 -5.73177E+00  4.58802E-28  6.25277E+05  1.68650E-03  1.73185E+01
 -5.68498E+00  4.52806E-28  6.34460E+05  1.68932E-03  1.62485E+01
 -5.63819E+00  4.46811E-28  6.43888E+05  1.69222E-03  1.51497E+01
 -5.59140E+00  4.34237E-28  6.65650E+05  1.69942E-03  1.35912E+01
 -5.54461E+00  4.21664E-28  6.88708E+05  1.70705E-03  1.19398E+01
 -5.49782E+00  4.19489E-28  6.95493E+05  1.71024E-03  9.64957E+00
 -5.45103E+00  4.17314E-28  7.02349E+05  1.71346E-03  7.33546E+00
 -5.40424E+00  4.40623E-28  6.68389E+05  1.69738E-03  5.02342E+00
 -5.35745E+00  4.63932E-28  6.37841E+05  1.68291E-03  2.94370E+00
 -5.31066E+00  5.00110E-28  5.94991E+05  1.66061E-03  1.84376E+00
 -5.26387E+00  5.36289E-28  5.57923E+05  1.64132E-03  8.92216E-01
 -5.21708E+00  5.45426E-28  5.51692E+05  1.63512E-03  1.00903E+00
 -5.17029E+00  5.54563E-28  5.45667E+05  1.62913E-03  1.12199E+00
 -5.12350E+00  5.28728E-28  5.74584E+05  1.63735E-03  1.98386E+00
 -5.07671E+00  5.02893E-28  6.06472E+05  1.64641E-03  2.93429E+00
 -5.02992E+00  4.60632E-28  6.63281E+05  1.66386E-03  3.92660E+00
 -4.98313E+00  4.18371E-28  7.31567E+05  1.68483E-03  5.11938E+00
 -4.93634E+00  3.83026E-28  7.98094E+05  1.70623E-03  5.50056E+00
 -4.88955E+00  3.47680E-28  8.78146E+05  1.73199E-03  5.95925E+00
 -4.84276E+00  3.37055E-28  9.02574E+05  1.74182E-03  5.23405E+00
 -4.79597E+00  3.26429E-28  9.28592E+05  1.75230E-03  4.46164E+00
 -4.74918E+00  3.30027E-28  9.13872E+05  1.74461E-03  2.81437E+00
 -4.70239E+00  3.33625E-28  8.99470E+05  1.73709E-03  1.20263E+00
 -4.65560E+00  3.39718E-28  8.78001E+05  1.72512E-03 -8.58852E-01
 -4.60881E+00  3.45810E-28  8.57288E+05  1.71358E-03 -2.84769E+00
 -4.56202E+00  3.47483E-28  8.48024E+05  1.70717E-03 -5.02204E+00
 -4.51523E+00  3.49156E-28  8.38849E+05  1.70082E-03 -7.17555E+00
 -4.46844E+00  3.48376E-28  8.36255E+05  1.69911E-03 -9.41191E+00
 -4.42165E+00  3.47596E-28  8.33649E+05  1.69738E-03 -1.16583E+01
 -4.37486E+00  3.49819E-28  8.33637E+05  1.69482E-03 -1.24102E+01
 -4.32807E+00  3.52041E-28  8.33626E+05  1.69229E-03 -1.31525E+01
 -4.28128E+00  3.68107E-28  8.07022E+05  1.67497E-03 -1.02380E+01
 -4.23449E+00  3.84174E-28  7.82643E+05  1.65910E-03 -7.56727E+00
 -4.18770E+00  4.10444E-28  7.32774E+05  1.62413E-03 -2.18186E+00
 -4.14091E+00  4.36714E-28  6.88905E+05  1.59337E-03  2.55564E+00
 -4.09412E+00  4.67672E-28  6.39307E+05  1.56755E-03  8.22387E+00
 -4.04733E+00  4.98629E-28  5.95868E+05  1.54493E-03  1.31883E+01
 -4.00054E+00  4.75214E-28  6.18913E+05  1.56541E-03  1.73430E+01
 -3.95375E+00  4.51800E-28  6.44346E+05  1.58801E-03  2.19283E+01
 -3.90696E+00  4.22082E-28  6.91196E+05  1.62556E-03  2.26620E+01
 -3.86017E+00  3.92364E-28  7.45143E+05  1.66879E-03  2.35069E+01
 -3.81338E+00  3.63222E-28  8.14868E+05  1.70104E-03  2.16942E+01
 -3.76659E+00  3.34080E-28  8.96758E+05  1.73891E-03  1.95653E+01
 -3.71980E+00  3.20929E-28  9.43498E+05  1.75447E-03  1.64629E+01
 -3.67301E+00  3.07778E-28  9.94233E+05  1.77136E-03  1.30953E+01
 -3.62622E+00  3.05021E-28  1.00985E+06  1.77560E-03  1.02307E+01
 -3.57943E+00  3.02264E-28  1.02575E+06  1.77992E-03  7.31387E+00
 -3.53264E+00  3.01561E-28  1.02912E+06  1.78279E-03  5.27237E+00
 -3.48585E+00  3.00858E-28  1.03251E+06  1.78567E-03  3.22133E+00
 -3.43906E+00  3.01961E-28  1.02463E+06  1.78368E-03  1.53979E+00
 -3.39227E+00  3.03065E-28  1.01681E+06  1.78170E-03 -1.29504E-01
 -3.34548E+00  3.08745E-28  9.92837E+05  1.77044E-03 -1.81748E+00
 -3.29869E+00  3.14426E-28  9.69731E+05  1.75958E-03 -3.44445E+00
 -3.25190E+00  3.22354E-28  9.42883E+05  1.74658E-03 -4.79063E+00
 -3.20511E+00  3.30282E-28  9.17325E+05  1.73421E-03 -6.07219E+00
 -3.15832E+00  3.34471E-28  9.05807E+05  1.73017E-03 -6.28560E+00
 -3.11153E+00  3.38660E-28  8.94573E+05  1.72623E-03 -6.49373E+00
 -3.06474E+00  3.29164E-28  9.22799E+05  1.74132E-03 -5.35529E+00
 -3.01795E+00  3.19667E-28  9.52702E+05  1.75731E-03 -4.14921E+00
 -2.97116E+00  3.05825E-28  9.98052E+05  1.77907E-03 -2.45079E+00
 -2.92437E+00  2.91983E-28  1.04770E+06  1.80288E-03 -5.91333E-01
 -2.87758E+00  2.81526E-28  1.08938E+06  1.82331E-03  7.59536E-01
 -2.83079E+00  2.71068E-28  1.13427E+06  1.84531E-03  2.21464E+00
 -2.78400E+00  2.64012E-28  1.16823E+06  1.86421E-03  2.81466E+00
 -2.73721E+00  2.56956E-28  1.20405E+06  1.88415E-03  3.44764E+00
 -2.69042E+00  2.53409E-28  1.22562E+06  1.89592E-03  3.34808E+00
 -2.64363E+00  2.49861E-28  1.24781E+06  1.90803E-03  3.24570E+00
 -2.59684E+00  2.48708E-28  1.25905E+06  1.91285E-03  2.68529E+00
 -2.55005E+00  2.47555E-28  1.27040E+06  1.91773E-03  2.11966E+00
 -2.50326E+00  2.47546E-28  1.27667E+06  1.91859E-03  1.52605E+00
 -2.45647E+00  2.47537E-28  1.28294E+06  1.91945E-03  9.32395E-01
 -2.40968E+00  2.47959E-28  1.28735E+06  1.91897E-03  6.63884E-01
 -2.36289E+00  2.48381E-28  1.29175E+06  1.91849E-03  3.96287E-01
 -2.31610E+00  2.49263E-28  1.29374E+06  1.91736E-03  5.37551E-01
 -2.26931E+00  2.50145E-28  1.29571E+06  1.91623E-03  6.77819E-01
 -2.22252E+00  2.51915E-28  1.29286E+06  1.91337E-03  1.11416E+00
 -2.17573E+00  2.53685E-28  1.29006E+06  1.91054E-03  1.54440E+00
 -2.12894E+00  2.56669E-28  1.28097E+06  1.90491E-03  2.09265E+00
 -2.08215E+00  2.59653E-28  1.27209E+06  1.89940E-03  2.62830E+00
 -2.03536E+00  2.62844E-28  1.26200E+06  1.89289E-03  3.07952E+00
 -1.98857E+00  2.66035E-28  1.25214E+06  1.88653E-03  3.51991E+00
 -1.94178E+00  2.68489E-28  1.24563E+06  1.88272E-03  3.71037E+00
 -1.89499E+00  2.70943E-28  1.23924E+06  1.87898E-03  3.89739E+00
 -1.84820E+00  2.76825E-28  1.21876E+06  1.87288E-03  4.12928E+00
 -1.80141E+00  2.82706E-28  1.19914E+06  1.86703E-03  4.35153E+00
 -1.75462E+00  3.04288E-28  1.11967E+06  1.81510E-03  5.59512E+00
 -1.70783E+00  3.25869E-28  1.05073E+06  1.77005E-03  6.67400E+00
 -1.66104E+00  3.46861E-28  9.89715E+05  1.70629E-03  9.22858E+00
 -1.61425E+00  3.67854E-28  9.35660E+05  1.64981E-03  1.14916E+01
 -1.56746E+00  3.56692E-28  9.63675E+05  1.65009E-03  1.45728E+01
 -1.52067E+00  3.45530E-28  9.93499E+05  1.65038E-03  1.78530E+01
 -1.47388E+00  3.45427E-28  9.89364E+05  1.65534E-03  2.10897E+01
 -1.42709E+00  3.45324E-28  9.85225E+05  1.66030E-03  2.43283E+01
 -1.38030E+00  3.23706E-28  1.04431E+06  1.70033E-03  2.78516E+01
 -1.33351E+00  3.02087E-28  1.11185E+06  1.74609E-03  3.18792E+01
 -1.28672E+00  2.84994E-28  1.17320E+06  1.79451E-03  3.50176E+01
 -1.23993E+00  2.67900E-28  1.24238E+06  1.84911E-03  3.85564E+01
 -1.19314E+00  2.58689E-28  1.28247E+06  1.87991E-03  4.08108E+01
 -1.14635E+00  2.49477E-28  1.32553E+06  1.91298E-03  4.32317E+01
 -1.09956E+00  2.46260E-28  1.33862E+06  1.92527E-03  4.47025E+01
 -1.05277E+00  2.43042E-28  1.35205E+06  1.93789E-03  4.62122E+01
 -1.00598E+00  2.42923E-28  1.34670E+06  1.93920E-03  4.72509E+01
 -9.59194E-01  2.42805E-28  1.34134E+06  1.94052E-03  4.82907E+01
 -9.12404E-01  2.45130E-28  1.32108E+06  1.93443E-03  4.91904E+01
 -8.65614E-01  2.47455E-28  1.30121E+06  1.92847E-03  5.00732E+01
 -8.18824E-01  2.52548E-28  1.26600E+06  1.91479E-03  5.11634E+01
 -7.72034E-01  2.57642E-28  1.23220E+06  1.90166E-03  5.22106E+01
 -7.25244E-01  2.65313E-28  1.18490E+06  1.88113E-03  5.37335E+01
 -6.78454E-01  2.72985E-28  1.14026E+06  1.86175E-03  5.51708E+01
 -6.31664E-01  2.81759E-28  1.08777E+06  1.83481E-03  5.70488E+01
 -5.84874E-01  2.90534E-28  1.03846E+06  1.80949E-03  5.88134E+01
 -5.38084E-01  3.00023E-28  9.80312E+05  1.77687E-03  6.07618E+01
 -4.91294E-01  3.09511E-28  9.25728E+05  1.74626E-03  6.25909E+01
 -4.44504E-01  3.08301E-28  8.95603E+05  1.72144E-03  6.46686E+01
 -3.97714E-01  3.07092E-28  8.65241E+05  1.69643E-03  6.67627E+01
 -3.50924E-01  2.79290E-28  9.16983E+05  1.72985E-03  6.94134E+01
 -3.04135E-01  2.51489E-28  9.80165E+05  1.77066E-03  7.26502E+01
 -2.57345E-01  3.13989E-28  7.45360E+05  1.68921E-03  6.77563E+01
 -2.10555E-01  3.76490E-28  5.88514E+05  1.63480E-03  6.44873E+01
 -1.63765E-01  7.38459E-28  2.92901E+05  1.47469E-03  5.06662E+01
 -1.16975E-01  1.10043E-27  1.91762E+05  1.41992E-03  4.59375E+01
 -7.01849E-02  1.49920E-27  1.42789E+05  1.37795E-03  4.12173E+01
 -2.33950E-02  1.89797E-27  1.14395E+05  1.35362E-03  3.84805E+01
  2.33950E-02  2.18363E-27  1.02350E+05  1.34240E-03  3.73923E+01
  7.01849E-02  2.46929E-27  9.30925E+04  1.33378E-03  3.65558E+01
  1.16975E-01  2.50249E-27  9.26424E+04  1.33757E-03  3.84931E+01
  1.63765E-01  2.53569E-27  9.22041E+04  1.34126E-03  4.03797E+01
  2.10555E-01  2.47903E-27  9.86667E+04  1.35407E-03  4.18769E+01
  2.57345E-01  2.42237E-27  1.05432E+05  1.36747E-03  4.34441E+01
  3.04135E-01  2.33795E-27  1.16816E+05  1.38487E-03  4.35724E+01
  3.50924E-01  2.25353E-27  1.29053E+05  1.40358E-03  4.37104E+01
  3.97714E-01  2.37783E-27  1.26482E+05  1.40485E-03  4.27133E+01
  4.44504E-01  2.50214E-27  1.24166E+05  1.40599E-03  4.18153E+01
  4.91294E-01  2.85377E-27  1.11546E+05  1.38005E-03  3.93415E+01
  5.38084E-01  3.20539E-27  1.01694E+05  1.35981E-03  3.74105E+01
  5.84874E-01  4.40884E-27  7.65922E+04  1.32448E-03  3.27100E+01
  6.31664E-01  5.61228E-27  6.22554E+04  1.30430E-03  3.00255E+01
  6.78454E-01  1.44097E-26  2.48270E+04  1.25137E-03  1.88958E+01
  7.25244E-01  2.32072E-26  1.57756E+04  1.23857E-03  1.62042E+01
  7.72034E-01  3.01241E-26  1.43912E+04  1.22320E-03  1.07379E+01
  8.18824E-01  3.70410E-26  1.35239E+04  1.21357E-03  7.31306E+00
  8.65614E-01  3.86709E-26  1.34922E+04  1.21129E-03  5.41533E+00
  9.12404E-01  4.03008E-26  1.34630E+04  1.20920E-03  3.67110E+00
  9.59194E-01  3.91858E-26  1.35517E+04  1.21284E-03  2.12512E+00
  1.00598E+00  3.80708E-26  1.36455E+04  1.21670E-03  4.88579E-01
  1.05277E+00  3.49726E-26  1.37232E+04  1.22386E-03 -1.11471E+00
  1.09956E+00  3.18745E-26  1.38160E+04  1.23241E-03 -3.02968E+00
  1.14635E+00  2.93299E-26  1.38834E+04  1.24204E-03 -4.06633E+00
  1.19314E+00  2.67854E-26  1.39638E+04  1.25350E-03 -5.29994E+00
  1.23993E+00  2.00136E-26  1.57240E+04  1.26603E-03 -6.38892E+00
  1.28672E+00  1.32419E-26  1.92844E+04  1.29139E-03 -8.59170E+00
  1.33351E+00  9.21206E-27  2.55258E+04  1.29124E-03 -9.22951E+00
  1.38030E+00  5.18227E-27  4.14738E+04  1.29086E-03 -1.08593E+01
  1.42709E+00  5.54800E-27  3.68464E+04  1.27837E-03 -1.21946E+01
  1.47388E+00  5.91372E-27  3.27914E+04  1.26742E-03 -1.33648E+01
  1.52067E+00  6.12197E-27  3.21098E+04  1.26591E-03 -1.47478E+01
  1.56746E+00  6.33023E-27  3.14732E+04  1.26450E-03 -1.60398E+01
  1.61425E+00  5.29863E-27  4.18001E+04  1.27118E-03 -1.79521E+01
  1.66104E+00  4.26703E-27  5.71203E+04  1.28109E-03 -2.07891E+01
  1.70783E+00  3.03237E-27  8.65583E+04  1.30036E-03 -2.35467E+01
  1.75462E+00  1.79771E-27  1.56432E+05  1.34612E-03 -3.00923E+01
  1.80141E+00  1.43744E-27  2.03322E+05  1.37560E-03 -3.28812E+01
  1.84820E+00  1.07717E-27  2.81577E+05  1.42479E-03 -3.75356E+01
  1.89499E+00  1.01297E-27  3.03356E+05  1.43911E-03 -3.89534E+01
  1.94178E+00  9.48763E-28  3.28083E+05  1.45536E-03 -4.05630E+01
  1.98857E+00  9.51849E-28  3.27053E+05  1.45277E-03 -4.10329E+01
  2.03536E+00  9.54935E-28  3.26030E+05  1.45020E-03 -4.14997E+01
  2.08215E+00  9.43331E-28  3.26434E+05  1.44646E-03 -4.17949E+01
  2.12894E+00  9.31727E-28  3.26849E+05  1.44263E-03 -4.20974E+01
  2.17573E+00  9.27233E-28  3.24231E+05  1.43719E-03 -4.19201E+01
  2.22252E+00  9.22738E-28  3.21588E+05  1.43170E-03 -4.17410E+01
  2.26931E+00  9.54366E-28  3.09517E+05  1.42438E-03 -4.05412E+01
  2.31610E+00  9.85995E-28  2.98220E+05  1.41754E-03 -3.94184E+01
  2.36289E+00  1.02708E-27  2.88068E+05  1.41547E-03 -3.78819E+01
  2.40968E+00  1.06816E-27  2.78696E+05  1.41356E-03 -3.64636E+01
  2.45647E+00  1.01342E-27  2.97196E+05  1.42276E-03 -3.58631E+01
  2.50326E+00  9.58668E-28  3.17808E+05  1.43300E-03 -3.51940E+01
  2.55005E+00  8.71716E-28  3.54680E+05  1.44886E-03 -3.48213E+01
  2.59684E+00  7.84764E-28  3.99722E+05  1.46823E-03 -3.43660E+01
  2.64363E+00  7.39564E-28  4.30008E+05  1.48752E-03 -3.38854E+01
  2.69042E+00  6.94364E-28  4.64236E+05  1.50931E-03 -3.33424E+01
  2.73721E+00  6.58921E-28  4.93423E+05  1.52707E-03 -3.35975E+01
  2.78400E+00  6.23478E-28  5.25928E+05  1.54686E-03 -3.38816E+01
  2.83079E+00  6.15773E-28  5.35250E+05  1.55317E-03 -3.49747E+01
  2.87758E+00  6.08068E-28  5.44809E+05  1.55965E-03 -3.60954E+01
  2.92437E+00  6.48769E-28  5.12568E+05  1.55134E-03 -3.69922E+01
  2.97116E+00  6.89470E-28  4.84134E+05  1.54402E-03 -3.77831E+01
  3.01795E+00  8.09149E-28  4.12991E+05  1.52230E-03 -3.77455E+01
  3.06474E+00  9.28827E-28  3.60182E+05  1.50619E-03 -3.77176E+01
  3.11153E+00  1.17814E-27  2.83810E+05  1.48112E-03 -3.65751E+01
  3.15832E+00  1.42745E-27  2.34116E+05  1.46481E-03 -3.58317E+01
  3.20511E+00  1.80990E-27  1.84225E+05  1.44941E-03 -3.41458E+01
  3.25190E+00  2.19235E-27  1.51741E+05  1.43939E-03 -3.30481E+01
  3.29869E+00  2.52907E-27  1.30910E+05  1.43458E-03 -3.16625E+01
  3.34548E+00  2.86579E-27  1.14974E+05  1.43089E-03 -3.06026E+01
  3.39227E+00  3.01414E-27  1.08960E+05  1.42972E-03 -2.95544E+01
  3.43906E+00  3.16248E-27  1.03510E+05  1.42866E-03 -2.86046E+01
  3.48585E+00  3.20535E-27  1.01718E+05  1.42851E-03 -2.76853E+01
  3.53264E+00  3.24823E-27  9.99736E+04  1.42836E-03 -2.67903E+01
  3.57943E+00  3.31545E-27  9.76922E+04  1.42829E-03 -2.60231E+01
  3.62622E+00  3.38267E-27  9.55015E+04  1.42822E-03 -2.52863E+01
  3.67301E+00  3.54580E-27  9.09260E+04  1.42771E-03 -2.48488E+01
  3.71980E+00  3.70894E-27  8.67529E+04  1.42725E-03 -2.44497E+01
  3.76659E+00  3.91140E-27  8.21207E+04  1.42664E-03 -2.45758E+01
  3.81338E+00  4.11386E-27  7.79444E+04  1.42610E-03 -2.46895E+01
  3.86017E+00  4.14660E-27  7.77353E+04  1.42621E-03 -2.55645E+01
  3.90696E+00  4.17934E-27  7.75294E+04  1.42632E-03 -2.64259E+01
  3.95375E+00  3.89597E-27  8.35441E+04  1.42826E-03 -2.78728E+01
  4.00054E+00  3.61259E-27  9.05025E+04  1.43051E-03 -2.95468E+01
  4.04733E+00  3.02140E-27  1.08466E+05  1.43652E-03 -3.11251E+01
  4.09412E+00  2.43022E-27  1.35170E+05  1.44546E-03 -3.34714E+01
  4.14091E+00  1.85552E-27  1.76887E+05  1.45963E-03 -3.48157E+01
  4.18770E+00  1.28081E-27  2.56040E+05  1.48653E-03 -3.73664E+01
  4.23449E+00  1.01491E-27  3.23064E+05  1.51289E-03 -3.84067E+01
  4.28128E+00  7.48999E-28  4.37676E+05  1.55796E-03 -4.01855E+01
  4.32807E+00  6.01549E-28  5.45788E+05  1.59496E-03 -4.09958E+01
  4.37486E+00  4.54099E-28  7.24112E+05  1.65600E-03 -4.23325E+01
  4.42165E+00  3.84782E-28  8.55265E+05  1.70388E-03 -4.33507E+01
  4.46844E+00  3.15465E-28  1.04406E+06  1.77281E-03 -4.48165E+01
  4.51523E+00  2.86966E-28  1.14833E+06  1.82429E-03 -4.63332E+01
  4.56202E+00  2.58467E-28  1.27560E+06  1.88712E-03 -4.81843E+01
  4.60881E+00  2.47587E-28  1.33139E+06  1.91926E-03 -5.00064E+01
  4.65560E+00  2.36707E-28  1.39230E+06  1.95436E-03 -5.19959E+01
  4.70239E+00  2.33156E-28  1.41224E+06  1.96558E-03 -5.37549E+01
  4.74918E+00  2.29605E-28  1.43279E+06  1.97716E-03 -5.55682E+01
  4.79597E+00  2.28932E-28  1.43540E+06  1.98017E-03 -5.69042E+01
  4.84276E+00  2.28260E-28  1.43803E+06  1.98320E-03 -5.82481E+01
  4.88955E+00  2.28226E-28  1.43684E+06  1.98393E-03 -5.90643E+01
  4.93634E+00  2.28191E-28  1.43565E+06  1.98466E-03 -5.98807E+01
  4.98313E+00  2.27975E-28  1.43593E+06  1.98577E-03 -6.03831E+01
  5.02992E+00  2.27758E-28  1.43621E+06  1.98689E-03 -6.08866E+01
  5.07671E+00  2.27219E-28  1.43844E+06  1.98846E-03 -6.12913E+01
  5.12350E+00  2.26680E-28  1.44068E+06  1.99004E-03 -6.16979E+01
  5.17029E+00  2.26067E-28  1.44355E+06  1.99129E-03 -6.20890E+01
  5.21708E+00  2.25454E-28  1.44643E+06  1.99255E-03 -6.24822E+01
  5.26387E+00  2.24954E-28  1.44893E+06  1.99328E-03 -6.28036E+01
  5.31066E+00  2.24453E-28  1.45145E+06  1.99402E-03 -6.31265E+01
  5.35745E+00  2.24105E-28  1.45349E+06  1.99451E-03 -6.32571E+01
  5.40424E+00  2.23758E-28  1.45554E+06  1.99500E-03 -6.33881E+01
  5.45103E+00  2.23590E-28  1.45710E+06  1.99550E-03 -6.32303E+01
  5.49782E+00  2.23423E-28  1.45866E+06  1.99599E-03 -6.30723E+01
  5.54461E+00  2.23387E-28  1.46002E+06  1.99649E-03 -6.26100E+01
  5.59140E+00  2.23352E-28  1.46137E+06  1.99698E-03 -6.21476E+01
  5.63819E+00  2.23419E-28  1.46243E+06  1.99740E-03 -6.14844E+01
  5.68498E+00  2.23487E-28  1.46348E+06  1.99781E-03 -6.08216E+01
  5.73177E+00  2.23584E-28  1.46447E+06  1.99811E-03 -6.01362E+01
  5.77856E+00  2.23681E-28  1.46546E+06  1.99840E-03 -5.94513E+01
  5.82535E+00  2.23750E-28  1.46675E+06  1.99858E-03 -5.88416E+01
  5.87214E+00  2.23818E-28  1.46804E+06  1.99876E-03 -5.82324E+01
  5.91893E+00  2.23927E-28  1.46932E+06  1.99871E-03 -5.76286E+01
  5.96572E+00  2.24035E-28  1.47059E+06  1.99866E-03 -5.70254E+01
  6.01251E+00  2.24412E-28  1.47047E+06  1.99809E-03 -5.62455E+01
  6.05930E+00  2.24789E-28  1.47036E+06  1.99752E-03 -5.54682E+01
  6.10609E+00  2.25755E-28  1.46680E+06  1.99586E-03 -5.43475E+01
  6.15288E+00  2.26721E-28  1.46327E+06  1.99422E-03 -5.32364E+01
  6.19967E+00  2.28294E-28  1.45603E+06  1.99066E-03 -5.17743E+01
  6.24646E+00  2.29867E-28  1.44888E+06  1.98715E-03 -5.03321E+01
  6.29325E+00  2.31405E-28  1.44187E+06  1.98216E-03 -4.87856E+01
  6.34003E+00  2.32943E-28  1.43496E+06  1.97723E-03 -4.72596E+01
  6.38683E+00  2.33428E-28  1.43436E+06  1.97387E-03 -4.59444E+01
  6.43362E+00  2.33912E-28  1.43378E+06  1.97052E-03 -4.46347E+01
  6.48040E+00  2.33137E-28  1.44074E+06  1.97158E-03 -4.37048E+01
  6.52719E+00  2.32361E-28  1.44775E+06  1.97263E-03 -4.27687E+01
  6.57398E+00  2.31573E-28  1.45475E+06  1.97685E-03 -4.21350E+01
  6.62077E+00  2.30785E-28  1.46179E+06  1.98109E-03 -4.14970E+01
  6.66756E+00  2.30899E-28  1.46256E+06  1.98408E-03 -4.09385E+01
  6.71435E+00  2.31013E-28  1.46333E+06  1.98707E-03 -4.03804E+01
  6.76114E+00  2.32578E-28  1.45433E+06  1.98441E-03 -3.96282E+01
  6.80793E+00  2.34144E-28  1.44545E+06  1.98179E-03 -3.88861E+01
  6.85472E+00  2.38820E-28  1.41693E+06  1.96917E-03 -3.77109E+01
  6.90151E+00  2.43497E-28  1.38950E+06  1.95703E-03 -3.65808E+01
  6.94830E+00  2.55565E-28  1.32245E+06  1.92388E-03 -3.49213E+01
  6.99509E+00  2.67634E-28  1.26146E+06  1.89372E-03 -3.34114E+01
  7.04188E+00  2.94217E-28  1.14475E+06  1.83408E-03 -3.14181E+01
  7.08867E+00  3.20800E-28  1.04738E+06  1.78431E-03 -2.97552E+01
  7.13546E+00  3.64684E-28  9.18522E+05  1.72276E-03 -2.79496E+01
  7.18225E+00  4.08568E-28  8.17345E+05  1.67443E-03 -2.65319E+01
  7.22904E+00  4.53363E-28  7.33893E+05  1.63989E-03 -2.55217E+01
  7.27583E+00  4.98159E-28  6.65449E+05  1.61156E-03 -2.46931E+01
  7.32262E+00  5.19958E-28  6.35530E+05  1.60230E-03 -2.45934E+01
  7.36941E+00  5.41758E-28  6.08020E+05  1.59378E-03 -2.45018E+01
  7.41620E+00  5.32880E-28  6.17066E+05  1.60128E-03 -2.50400E+01
  7.46299E+00  5.24002E-28  6.26420E+05  1.60903E-03 -2.55965E+01
  7.50978E+00  4.90273E-28  6.69531E+05  1.63186E-03 -2.63406E+01
  7.55657E+00  4.56543E-28  7.19013E+05  1.65806E-03 -2.71946E+01
  7.60336E+00  4.11070E-28  8.00459E+05  1.70234E-03 -2.76809E+01
  7.65015E+00  3.65597E-28  9.02166E+05  1.75763E-03 -2.82881E+01
  7.69694E+00  3.25306E-28  1.01899E+06  1.81750E-03 -2.81021E+01
  7.74373E+00  2.85015E-28  1.16885E+06  1.89429E-03 -2.78635E+01
  7.79052E+00  2.61267E-28  1.28084E+06  1.93407E-03 -2.70984E+01
  7.83731E+00  2.37519E-28  1.41522E+06  1.98180E-03 -2.61802E+01
  7.88410E+00  2.32610E-28  1.44759E+06  1.99055E-03 -2.55944E+01
  7.93089E+00  2.27701E-28  1.48136E+06  1.99969E-03 -2.49833E+01
  7.97768E+00  2.27984E-28  1.48167E+06  1.99984E-03 -2.48768E+01
  8.02447E+00  2.28267E-28  1.48197E+06  2.00000E-03 -2.47706E+01
  8.07126E+00  2.28436E-28  1.48205E+06  2.00000E-03 -2.47968E+01
  8.11805E+00  2.28606E-28  1.48213E+06  2.00000E-03 -2.48230E+01
  8.16484E+00  2.28611E-28  1.48242E+06  2.00000E-03 -2.48884E+01
  8.21163E+00  2.28617E-28  1.48272E+06  2.00000E-03 -2.49537E+01
  8.25842E+00  2.28634E-28  1.48272E+06  2.00000E-03 -2.50428E+01
  8.30521E+00  2.28651E-28  1.48273E+06  2.00000E-03 -2.51319E+01
  8.35200E+00  2.28652E-28  1.48274E+06  2.00000E-03 -2.52107E+01
  8.39879E+00  2.28653E-28  1.48276E+06  2.00000E-03 -2.52894E+01
  8.44558E+00  2.28658E-28  1.48277E+06  2.00000E-03 -2.53392E+01
  8.49237E+00  2.28663E-28  1.48277E+06  2.00000E-03 -2.53890E+01
  8.53916E+00  2.28673E-28  1.48280E+06  2.00000E-03 -2.53991E+01
  8.58595E+00  2.28683E-28  1.48283E+06  2.00000E-03 -2.54091E+01
  8.63274E+00  2.28699E-28  1.48290E+06  2.00000E-03 -2.53739E+01
  8.67953E+00  2.28715E-28  1.48296E+06  2.00000E-03 -2.53386E+01
  8.72632E+00  2.28739E-28  1.48306E+06  2.00000E-03 -2.52568E+01
  8.77311E+00  2.28763E-28  1.48316E+06  2.00000E-03 -2.51750E+01
  8.81990E+00  2.28795E-28  1.48329E+06  2.00000E-03 -2.50469E+01
  8.86669E+00  2.28827E-28  1.48342E+06  2.00000E-03 -2.49189E+01
  8.91348E+00  2.28866E-28  1.48354E+06  2.00000E-03 -2.47470E+01
  8.96027E+00  2.28905E-28  1.48367E+06  2.00000E-03 -2.45751E+01
  9.00706E+00  2.28952E-28  1.48383E+06  2.00000E-03 -2.43542E+01
  9.05385E+00  2.28999E-28  1.48398E+06  2.00000E-03 -2.41333E+01
  9.10064E+00  2.29015E-28  1.48412E+06  2.00000E-03 -2.38833E+01
  9.14743E+00  2.29031E-28  1.48425E+06  2.00000E-03 -2.36334E+01
  9.19422E+00  2.29142E-28  1.48524E+06  2.00000E-03 -2.31778E+01
  9.24101E+00  2.29254E-28  1.48623E+06  2.00000E-03 -2.27226E+01
  9.28780E+00  2.29254E-28  1.48623E+06  2.00000E-03 -2.27226E+01
  9.33459E+00  2.29254E-28  1.48623E+06  2.00000E-03 -2.27226E+01
  9.38138E+00  2.29128E-28  1.48523E+06  2.00000E-03 -2.22262E+01
  9.42817E+00  2.29002E-28  1.48423E+06  2.00000E-03 -2.17293E+01
  9.47496E+00  2.29002E-28  1.48423E+06  2.00000E-03 -2.17293E+01
  9.52175E+00  2.29002E-28  1.48423E+06  2.00000E-03 -2.17293E+01
  9.56854E+00  2.29074E-28  1.48454E+06  2.00000E-03 -2.14466E+01
  9.61533E+00  2.29147E-28  1.48485E+06  2.00000E-03 -2.11641E+01
  9.66212E+00  2.29147E-28  1.48485E+06  2.00000E-03 -2.11641E+01
  9.70891E+00  2.29147E-28  1.48485E+06  2.00000E-03 -2.11641E+01
  9.75570E+00  2.29103E-28  1.48466E+06  2.00000E-03 -2.08869E+01
  9.80249E+00  2.29059E-28  1.48448E+06  2.00000E-03 -2.06095E+01
  9.84928E+00  2.29059E-28  1.48448E+06  2.00000E-03 -2.06095E+01
  9.89607E+00  2.29059E-28  1.48448E+06  2.00000E-03 -2.06095E+01
  9.94286E+00  2.29030E-28  1.48436E+06  2.00000E-03 -2.04358E+01
  9.98965E+00  2.29001E-28  1.48424E+06  2.00000E-03 -2.02620E+01
  1.00364E+01  2.29001E-28  1.48424E+06  2.00000E-03 -2.02620E+01
  1.00832E+01  2.29001E-28  1.48424E+06  2.00000E-03 -2.02620E+01
  1.01300E+01  2.28951E-28  1.48403E+06  2.00000E-03 -2.01330E+01
  1.01768E+01  2.28901E-28  1.48382E+06  2.00000E-03 -2.00039E+01
  1.02236E+01  2.28901E-28  1.48382E+06  2.00000E-03 -2.00039E+01
  1.02704E+01  2.28901E-28  1.48382E+06  2.00000E-03 -2.00039E+01
  1.03172E+01  2.28837E-28  1.48354E+06  2.00000E-03 -1.99073E+01
  1.03640E+01  2.28772E-28  1.48327E+06  2.00000E-03 -1.98106E+01
  1.04108E+01  2.28772E-28  1.48327E+06  2.00000E-03 -1.98106E+01
  1.04575E+01  2.28772E-28  1.48327E+06  2.00000E-03 -1.98106E+01
  1.05043E+01  2.28702E-28  1.48296E+06  2.00000E-03 -1.97353E+01
  1.05511E+01  2.28632E-28  1.48266E+06  2.00000E-03 -1.96599E+01
  1.05979E+01  2.28632E-28  1.48266E+06  2.00000E-03 -1.96599E+01
  1.06447E+01  2.28632E-28  1.48266E+06  2.00000E-03 -1.96599E+01
  1.06915E+01  2.28559E-28  1.48234E+06  2.00000E-03 -1.95990E+01
  1.07383E+01  2.28485E-28  1.48202E+06  2.00000E-03 -1.95380E+01
  1.07851E+01  2.28485E-28  1.48202E+06  2.00000E-03 -1.95380E+01
  1.08319E+01  2.28485E-28  1.48202E+06  2.00000E-03 -1.95380E+01
  1.08787E+01  2.28404E-28  1.48167E+06  2.00000E-03 -1.94912E+01
  1.09254E+01  2.28323E-28  1.48132E+06  2.00000E-03 -1.94444E+01
  1.09722E+01  2.28323E-28  1.48132E+06  2.00000E-03 -1.94444E+01
  1.10190E+01  2.28323E-28  1.48132E+06  2.00000E-03 -1.94444E+01
  1.10658E+01  2.28228E-28  1.48091E+06  2.00000E-03 -1.94147E+01
  1.11126E+01  2.28133E-28  1.48050E+06  2.00000E-03 -1.93851E+01
  1.11594E+01  2.28133E-28  1.48050E+06  2.00000E-03 -1.93851E+01
  1.12062E+01  2.28133E-28  1.48050E+06  2.00000E-03 -1.93851E+01
  1.12530E+01  2.28019E-28  1.48001E+06  2.00000E-03 -1.93760E+01
  1.12998E+01  2.27905E-28  1.47952E+06  2.00000E-03 -1.93669E+01
  1.13466E+01  2.27905E-28  1.47952E+06  2.00000E-03 -1.93669E+01
  1.13933E+01  2.27905E-28  1.47952E+06  2.00000E-03 -1.93669E+01
  1.14401E+01  2.27770E-28  1.47894E+06  2.00000E-03 -1.93798E+01
  1.14869E+01  2.27636E-28  1.47836E+06  2.00000E-03 -1.93926E+01
  1.15337E+01  2.27636E-28  1.47836E+06  2.00000E-03 -1.93926E+01
  1.15805E+01  2.27636E-28  1.47836E+06  2.00000E-03 -1.93926E+01
  1.16273E+01  2.27486E-28  1.47770E+06  2.00000E-03 -1.94251E+01
  1.16741E+01  2.27336E-28  1.47704E+06  2.00000E-03 -1.94577E+01
  1.17209E+01  2.27336E-28  1.47704E+06  2.00000E-03 -1.94577E+01
  1.17677E+01  2.27336E-28  1.47704E+06  2.00000E-03 -1.94577E+01
  1.18145E+01  2.27179E-28  1.47634E+06  2.00000E-03 -1.95026E+01
  1.18612E+01  2.27022E-28  1.47564E+06  2.00000E-03 -1.95476E+01
  1.19080E+01  2.27022E-28  1.47564E+06  2.00000E-03 -1.95476E+01
  1.19548E+01  2.27022E-28  1.47564E+06  2.00000E-03 -1.95476E+01
  1.20016E+01  2.26869E-28  1.47495E+06  2.00000E-03 -1.95923E+01
  1.20484E+01  2.26717E-28  1.47425E+06  2.00000E-03 -1.96370E+01
  1.20952E+01  2.26717E-28  1.47425E+06  2.00000E-03 -1.96370E+01
  1.21420E+01  2.26717E-28  1.47425E+06  2.00000E-03 -1.96370E+01
  1.21888E+01  2.26581E-28  1.47363E+06  2.00000E-03 -1.96646E+01
  1.22356E+01  2.26445E-28  1.47301E+06  2.00000E-03 -1.96923E+01
  1.22824E+01  2.26445E-28  1.47301E+06  2.00000E-03 -1.96923E+01
  1.23291E+01  2.26445E-28  1.47301E+06  2.00000E-03 -1.96923E+01
  1.23759E+01  2.26338E-28  1.47252E+06  2.00000E-03 -1.96863E+01
  1.24227E+01  2.26231E-28  1.47203E+06  2.00000E-03 -1.96803E+01
  1.24695E+01  2.26231E-28  1.47203E+06  2.00000E-03 -1.96803E+01
  1.25163E+01  2.26231E-28  1.47203E+06  2.00000E-03 -1.96803E+01
  1.25631E+01  2.26160E-28  1.47170E+06  2.00000E-03 -1.96302E+01
  1.26099E+01  2.26089E-28  1.47138E+06  2.00000E-03 -1.95801E+01
  1.26567E+01  2.26089E-28  1.47138E+06  2.00000E-03 -1.95801E+01
  1.27035E+01  2.26089E-28  1.47138E+06  2.00000E-03 -1.95801E+01
  1.27503E+01  2.26052E-28  1.47121E+06  2.00000E-03 -1.94872E+01
  1.27970E+01  2.26016E-28  1.47104E+06  2.00000E-03 -1.93944E+01
  1.28438E+01  2.26016E-28  1.47104E+06  2.00000E-03 -1.93944E+01
  1.28906E+01  2.26016E-28  1.47104E+06  2.00000E-03 -1.93944E+01
  1.29374E+01  2.25999E-28  1.47098E+06  2.00000E-03 -1.92739E+01
  1.29842E+01  2.25982E-28  1.47091E+06  2.00000E-03 -1.91534E+01
  1.30310E+01  2.25982E-28  1.47091E+06  2.00000E-03 -1.91534E+01
  1.30778E+01  2.25982E-28  1.47091E+06  2.00000E-03 -1.91534E+01
  1.31246E+01  2.25961E-28  1.47083E+06  1.99999E-03 -1.90306E+01
  1.31714E+01  2.25940E-28  1.47076E+06  1.99999E-03 -1.89078E+01
  1.32182E+01  2.25940E-28  1.47076E+06  1.99999E-03 -1.89078E+01
  1.32649E+01  2.25940E-28  1.47076E+06  1.99999E-03 -1.89078E+01
  1.33117E+01  2.25885E-28  1.47053E+06  1.99999E-03 -1.88114E+01
  1.33585E+01  2.25830E-28  1.47031E+06  1.99999E-03 -1.87149E+01
  1.34053E+01  2.25830E-28  1.47031E+06  1.99999E-03 -1.87149E+01
  1.34521E+01  2.25830E-28  1.47031E+06  1.99999E-03 -1.87149E+01
  1.34989E+01  2.25715E-28  1.46981E+06  1.99999E-03 -1.86652E+01
  1.35457E+01  2.25600E-28  1.46931E+06  1.99999E-03 -1.86154E+01
  1.35925E+01  2.25600E-28  1.46931E+06  1.99999E-03 -1.86154E+01
  1.36393E+01  2.25600E-28  1.46931E+06  1.99999E-03 -1.86154E+01
  1.36861E+01  2.25411E-28  1.46854E+06  1.99999E-03 -1.86163E+01
  1.37328E+01  2.25222E-28  1.46776E+06  1.99999E-03 -1.86173E+01
  1.37796E+01  2.25222E-28  1.46776E+06  1.99999E-03 -1.86173E+01
  1.38264E+01  2.25222E-28  1.46776E+06  1.99999E-03 -1.86173E+01
  1.38732E+01  2.24831E-28  1.46602E+06  1.99999E-03 -1.88377E+01
  1.39200E+01  2.24439E-28  1.46427E+06  1.99998E-03 -1.90588E+01
  1.39668E+01  2.24439E-28  1.46427E+06  1.99998E-03 -1.90588E+01
  1.40136E+01  2.24439E-28  1.46427E+06  1.99998E-03 -1.90588E+01
  1.40604E+01  2.24439E-28  1.46427E+06  1.99998E-03 -1.90588E+01
  1.41072E+01  2.24439E-28  1.46427E+06  1.99998E-03 -1.90588E+01
  1.41540E+01  2.24439E-28  1.46427E+06  1.99998E-03 -1.90588E+01
  1.42007E+01  2.24439E-28  1.46427E+06  1.99998E-03 -1.90588E+01
  1.42475E+01  2.24016E-28  1.46241E+06  1.99999E-03 -1.89961E+01
  1.42943E+01  2.23594E-28  1.46055E+06  1.99999E-03 -1.89331E+01
  1.43411E+01  2.23594E-28  1.46055E+06  1.99999E-03 -1.89331E+01
  1.43879E+01  2.23594E-28  1.46055E+06  1.99999E-03 -1.89331E+01
  1.44347E+01  2.23594E-28  1.46055E+06  1.99999E-03 -1.89331E+01
  1.44815E+01  2.23594E-28  1.46055E+06  1.99999E-03 -1.89331E+01
  1.45283E+01  2.23594E-28  1.46055E+06  1.99999E-03 -1.89331E+01
  1.45751E+01  2.23594E-28  1.46055E+06  1.99999E-03 -1.89331E+01
  1.46219E+01  2.23418E-28  1.45981E+06  1.99999E-03 -1.87437E+01
  1.46686E+01  2.23242E-28  1.45907E+06  2.00000E-03 -1.85541E+01
  1.47154E+01  2.23242E-28  1.45907E+06  2.00000E-03 -1.85541E+01
  1.47622E+01  2.23242E-28  1.45907E+06  2.00000E-03 -1.85541E+01
  1.48090E+01  2.23242E-28  1.45907E+06  2.00000E-03 -1.85541E+01
  1.48558E+01  2.23242E-28  1.45907E+06  2.00000E-03 -1.85541E+01
  1.49026E+01  2.23242E-28  1.45907E+06  2.00000E-03 -1.85541E+01
  1.49494E+01  2.23242E-28  1.45907E+06  2.00000E-03 -1.85541E+01
  1.49962E+01  2.23228E-28  1.45901E+06  2.00000E-03 -1.82373E+01
  1.50430E+01  2.23214E-28  1.45894E+06  2.00000E-03 -1.79205E+01
  1.50898E+01  2.23214E-28  1.45894E+06  2.00000E-03 -1.79205E+01
  1.51365E+01  2.23214E-28  1.45894E+06  2.00000E-03 -1.79205E+01
  1.51833E+01  2.23214E-28  1.45894E+06  2.00000E-03 -1.79205E+01
  1.52301E+01  2.23214E-28  1.45894E+06  2.00000E-03 -1.79205E+01
  1.52769E+01  2.23214E-28  1.45894E+06  2.00000E-03 -1.79205E+01
  1.53237E+01  2.23214E-28  1.45894E+06  2.00000E-03 -1.79205E+01
  1.53705E+01  2.23291E-28  1.45926E+06  2.00000E-03 -1.75527E+01
  1.54173E+01  2.23368E-28  1.45958E+06  2.00000E-03 -1.71852E+01
  1.54641E+01  2.23368E-28  1.45958E+06  2.00000E-03 -1.71852E+01
  1.55109E+01  2.23368E-28  1.45958E+06  2.00000E-03 -1.71852E+01
  1.55577E+01  2.23368E-28  1.45958E+06  2.00000E-03 -1.71852E+01
  1.56044E+01  2.23368E-28  1.45958E+06  2.00000E-03 -1.71852E+01
  1.56512E+01  2.23368E-28  1.45958E+06  2.00000E-03 -1.71852E+01
  1.56980E+01  2.23368E-28  1.45958E+06  2.00000E-03 -1.71852E+01
  1.57448E+01  2.23476E-28  1.46004E+06  2.00000E-03 -1.68085E+01
  1.57916E+01  2.23584E-28  1.46050E+06  2.00000E-03 -1.64321E+01
  1.58384E+01  2.23584E-28  1.46050E+06  2.00000E-03 -1.64321E+01
  1.58852E+01  2.23584E-28  1.46050E+06  2.00000E-03 -1.64321E+01
  1.59320E+01  2.23584E-28  1.46050E+06  2.00000E-03 -1.64321E+01
  1.59788E+01  2.23584E-28  1.46050E+06  2.00000E-03 -1.64321E+01
  1.60256E+01  2.23584E-28  1.46050E+06  2.00000E-03 -1.64321E+01
  1.60723E+01  2.23584E-28  1.46050E+06  2.00000E-03 -1.64321E+01
  1.61191E+01  2.23691E-28  1.46096E+06  2.00000E-03 -1.60712E+01
  1.61659E+01  2.23798E-28  1.46142E+06  2.00000E-03 -1.57106E+01
  1.62127E+01  2.23798E-28  1.46142E+06  2.00000E-03 -1.57106E+01
  1.62595E+01  2.23798E-28  1.46142E+06  2.00000E-03 -1.57106E+01
  1.63063E+01  2.23798E-28  1.46142E+06  2.00000E-03 -1.57106E+01
  1.63531E+01  2.23798E-28  1.46142E+06  2.00000E-03 -1.57106E+01
  1.63999E+01  2.23798E-28  1.46142E+06  2.00000E-03 -1.57106E+01
  1.64467E+01  2.23798E-28  1.46142E+06  2.00000E-03 -1.57106E+01
  1.64935E+01  2.23879E-28  1.46177E+06  2.00000E-03 -1.53867E+01
  1.65402E+01  2.23961E-28  1.46212E+06  2.00000E-03 -1.50631E+01
  1.65870E+01  2.23961E-28  1.46212E+06  2.00000E-03 -1.50631E+01
  1.66338E+01  2.23961E-28  1.46212E+06  2.00000E-03 -1.50631E+01
  1.66806E+01  2.23961E-28  1.46212E+06  2.00000E-03 -1.50631E+01
  1.67274E+01  2.23961E-28  1.46212E+06  2.00000E-03 -1.50631E+01
  1.67742E+01  2.23961E-28  1.46212E+06  2.00000E-03 -1.50631E+01
  1.68210E+01  2.23961E-28  1.46212E+06  2.00000E-03 -1.50631E+01
  1.68678E+01  2.23997E-28  1.46228E+06  2.00000E-03 -1.47933E+01
  1.69146E+01  2.24034E-28  1.46244E+06  2.00000E-03 -1.45235E+01
  1.69613E+01  2.24034E-28  1.46244E+06  2.00000E-03 -1.45235E+01
  1.70081E+01  2.24034E-28  1.46244E+06  2.00000E-03 -1.45235E+01
  1.70549E+01  2.24034E-28  1.46244E+06  2.00000E-03 -1.45235E+01
  1.71017E+01  2.24034E-28  1.46244E+06  2.00000E-03 -1.45235E+01
  1.71485E+01  2.24034E-28  1.46244E+06  2.00000E-03 -1.45235E+01
  1.71953E+01  2.24034E-28  1.46244E+06  2.00000E-03 -1.45235E+01
  1.72421E+01  2.24024E-28  1.46240E+06  2.00000E-03 -1.43062E+01
  1.72889E+01  2.24014E-28  1.46236E+06  2.00000E-03 -1.40888E+01
  1.73357E+01  2.24014E-28  1.46236E+06  2.00000E-03 -1.40888E+01
  1.73825E+01  2.24014E-28  1.46236E+06  2.00000E-03 -1.40888E+01
  1.74292E+01  2.24014E-28  1.46236E+06  2.00000E-03 -1.40888E+01
  1.74760E+01  2.24014E-28  1.46236E+06  2.00000E-03 -1.40888E+01
  1.75228E+01  2.24014E-28  1.46236E+06  2.00000E-03 -1.40888E+01
  1.75696E+01  2.24014E-28  1.46236E+06  2.00000E-03 -1.40888E+01
  1.76164E+01  2.23964E-28  1.46215E+06  2.00000E-03 -1.39124E+01
  1.76632E+01  2.23915E-28  1.46194E+06  2.00000E-03 -1.37359E+01
  1.77100E+01  2.23915E-28  1.46194E+06  2.00000E-03 -1.37359E+01
  1.77568E+01  2.23915E-28  1.46194E+06  2.00000E-03 -1.37359E+01
  1.78036E+01  2.23915E-28  1.46194E+06  2.00000E-03 -1.37359E+01
  1.78504E+01  2.23915E-28  1.46194E+06  2.00000E-03 -1.37359E+01
  1.78971E+01  2.23915E-28  1.46194E+06  2.00000E-03 -1.37359E+01
  1.79439E+01  2.23915E-28  1.46194E+06  2.00000E-03 -1.37359E+01
  1.79907E+01  2.23831E-28  1.46156E+06  2.00000E-03 -1.35878E+01
  1.80375E+01  2.23747E-28  1.46117E+06  2.00000E-03 -1.34397E+01
  1.80843E+01  2.23747E-28  1.46117E+06  2.00000E-03 -1.34397E+01
  1.81311E+01  2.23747E-28  1.46117E+06  2.00000E-03 -1.34397E+01
  1.81779E+01  2.23747E-28  1.46117E+06  2.00000E-03 -1.34397E+01
  1.82247E+01  2.23747E-28  1.46117E+06  2.00000E-03 -1.34397E+01
  1.82715E+01  2.23747E-28  1.46117E+06  2.00000E-03 -1.34397E+01
  1.83183E+01  2.23747E-28  1.46117E+06  2.00000E-03 -1.34397E+01
  1.83650E+01  2.23644E-28  1.46069E+06  2.00000E-03 -1.33032E+01
  1.84118E+01  2.23541E-28  1.46022E+06  2.00000E-03 -1.31665E+01
  1.84586E+01  2.23541E-28  1.46022E+06  2.00000E-03 -1.31665E+01
  1.85054E+01  2.23541E-28  1.46022E+06  2.00000E-03 -1.31665E+01
  1.85522E+01  2.23541E-28  1.46022E+06  2.00000E-03 -1.31665E+01
  1.85990E+01  2.23541E-28  1.46022E+06  2.00000E-03 -1.31665E+01
  1.86458E+01  2.23541E-28  1.46022E+06  2.00000E-03 -1.31665E+01
  1.86926E+01  2.23541E-28  1.46022E+06  2.00000E-03 -1.31665E+01
  1.87394E+01  2.23392E-28  1.45956E+06  2.00000E-03 -1.28777E+01
  1.87862E+01  2.23243E-28  1.45891E+06  2.00000E-03 -1.25885E+01
  1.88329E+01  2.23243E-28  1.45891E+06  2.00000E-03 -1.25885E+01
  1.88797E+01  2.23243E-28  1.45891E+06  2.00000E-03 -1.25885E+01
  1.89265E+01  2.23243E-28  1.45891E+06  2.00000E-03 -1.25885E+01
  1.89733E+01  2.23243E-28  1.45891E+06  2.00000E-03 -1.25885E+01
  1.90201E+01  2.23243E-28  1.45891E+06  2.00000E-03 -1.25885E+01
  1.90669E+01  2.23243E-28  1.45891E+06  2.00000E-03 -1.25885E+01
  1.91137E+01  2.23243E-28  1.45891E+06  2.00000E-03 -1.25885E+01
  1.91605E+01  2.23243E-28  1.45891E+06  2.00000E-03 -1.25885E+01
  1.92073E+01  2.23243E-28  1.45891E+06  2.00000E-03 -1.25885E+01
  1.92541E+01  2.23243E-28  1.45891E+06  2.00000E-03 -1.25885E+01
  1.93008E+01  2.23243E-28  1.45891E+06  2.00000E-03 -1.25885E+01
  1.93476E+01  2.23243E-28  1.45891E+06  2.00000E-03 -1.25885E+01
  1.93944E+01  2.23243E-28  1.45891E+06  2.00000E-03 -1.25885E+01
  1.94412E+01  2.23243E-28  1.45891E+06  2.00000E-03 -1.25885E+01
  1.94880E+01  2.23008E-28  1.45787E+06  2.00000E-03 -1.24034E+01
  1.95348E+01  2.22773E-28  1.45684E+06  2.00000E-03 -1.22179E+01
  1.95816E+01  2.22773E-28  1.45684E+06  2.00000E-03 -1.22179E+01
  1.96284E+01  2.22773E-28  1.45684E+06  2.00000E-03 -1.22179E+01
  1.96752E+01  2.22773E-28  1.45684E+06  2.00000E-03 -1.22179E+01
  1.97220E+01  2.22773E-28  1.45684E+06  2.00000E-03 -1.22179E+01
  1.97687E+01  2.22773E-28  1.45684E+06  2.00000E-03 -1.22179E+01
  1.98155E+01  2.22773E-28  1.45684E+06  2.00000E-03 -1.22179E+01
  1.98623E+01  2.22773E-28  1.45684E+06  2.00000E-03 -1.22179E+01
  1.99091E+01  2.22773E-28  1.45684E+06  2.00000E-03 -1.22179E+01
  1.99559E+01  2.22773E-28  1.45684E+06  2.00000E-03 -1.22179E+01
  2.00027E+01  2.22773E-28  1.45684E+06  2.00000E-03 -1.22179E+01
  2.00495E+01  2.22773E-28  1.45684E+06  2.00000E-03 -1.22179E+01
  2.00963E+01  2.22773E-28  1.45684E+06  2.00000E-03 -1.22179E+01
  2.01431E+01  2.22773E-28  1.45684E+06  2.00000E-03 -1.22179E+01
  2.01899E+01  2.22773E-28  1.45684E+06  2.00000E-03 -1.22179E+01
  2.02366E+01  2.22558E-28  1.45590E+06  2.00000E-03 -1.20603E+01
  2.02834E+01  2.22343E-28  1.45495E+06  2.00000E-03 -1.19023E+01
  2.03302E+01  2.22343E-28  1.45495E+06  2.00000E-03 -1.19023E+01
  2.03770E+01  2.22343E-28  1.45495E+06  2.00000E-03 -1.19023E+01
  2.04238E+01  2.22343E-28  1.45495E+06  2.00000E-03 -1.19023E+01
  2.04706E+01  2.22343E-28  1.45495E+06  2.00000E-03 -1.19023E+01
  2.05174E+01  2.22343E-28  1.45495E+06  2.00000E-03 -1.19023E+01
  2.05642E+01  2.22343E-28  1.45495E+06  2.00000E-03 -1.19023E+01
  2.06110E+01  2.22343E-28  1.45495E+06  2.00000E-03 -1.19023E+01
  2.06578E+01  2.22343E-28  1.45495E+06  2.00000E-03 -1.19023E+01
  2.07045E+01  2.22343E-28  1.45495E+06  2.00000E-03 -1.19023E+01
  2.07513E+01  2.22343E-28  1.45495E+06  2.00000E-03 -1.19023E+01
  2.07981E+01  2.22343E-28  1.45495E+06  2.00000E-03 -1.19023E+01
  2.08449E+01  2.22343E-28  1.45495E+06  2.00000E-03 -1.19023E+01
  2.08917E+01  2.22343E-28  1.45495E+06  2.00000E-03 -1.19023E+01
  2.09385E+01  2.22343E-28  1.45495E+06  2.00000E-03 -1.19023E+01
  2.09853E+01  2.22161E-28  1.45415E+06  2.00000E-03 -1.17373E+01
  2.10321E+01  2.21979E-28  1.45335E+06  2.00000E-03 -1.15721E+01
  2.10789E+01  2.21979E-28  1.45335E+06  2.00000E-03 -1.15721E+01
  2.11257E+01  2.21979E-28  1.45335E+06  2.00000E-03 -1.15721E+01
  2.11724E+01  2.21979E-28  1.45335E+06  2.00000E-03 -1.15721E+01
  2.12192E+01  2.21979E-28  1.45335E+06  2.00000E-03 -1.15721E+01
  2.12660E+01  2.21979E-28  1.45335E+06  2.00000E-03 -1.15721E+01
  2.13128E+01  2.21979E-28  1.45335E+06  2.00000E-03 -1.15721E+01
  2.13596E+01  2.21979E-28  1.45335E+06  2.00000E-03 -1.15721E+01
  2.14064E+01  2.21979E-28  1.45335E+06  2.00000E-03 -1.15721E+01
  2.14532E+01  2.21979E-28  1.45335E+06  2.00000E-03 -1.15721E+01
  2.15000E+01  2.21979E-28  1.45335E+06  2.00000E-03 -1.15721E+01
  2.15468E+01  2.21979E-28  1.45335E+06  2.00000E-03 -1.15721E+01
  2.15936E+01  2.21979E-28  1.45335E+06  2.00000E-03 -1.15721E+01
  2.16403E+01  2.21979E-28  1.45335E+06  2.00000E-03 -1.15721E+01
  2.16871E+01  2.21979E-28  1.45335E+06  2.00000E-03 -1.15721E+01
  2.17339E+01  2.21840E-28  1.45274E+06  2.00000E-03 -1.14057E+01
  2.17807E+01  2.21700E-28  1.45212E+06  2.00000E-03 -1.12390E+01
  2.18275E+01  2.21700E-28  1.45212E+06  2.00000E-03 -1.12390E+01
  2.18743E+01  2.21700E-28  1.45212E+06  2.00000E-03 -1.12390E+01
  2.19211E+01  2.21700E-28  1.45212E+06  2.00000E-03 -1.12390E+01
  2.19679E+01  2.21700E-28  1.45212E+06  2.00000E-03 -1.12390E+01
  2.20147E+01  2.21700E-28  1.45212E+06  2.00000E-03 -1.12390E+01
  2.20615E+01  2.21700E-28  1.45212E+06  2.00000E-03 -1.12390E+01
  2.21082E+01  2.21700E-28  1.45212E+06  2.00000E-03 -1.12390E+01
  2.21550E+01  2.21700E-28  1.45212E+06  2.00000E-03 -1.12390E+01
  2.22018E+01  2.21700E-28  1.45212E+06  2.00000E-03 -1.12390E+01
  2.22486E+01  2.21700E-28  1.45212E+06  2.00000E-03 -1.12390E+01
  2.22954E+01  2.21700E-28  1.45212E+06  2.00000E-03 -1.12390E+01
  2.23422E+01  2.21700E-28  1.45212E+06  2.00000E-03 -1.12390E+01
  2.23890E+01  2.21700E-28  1.45212E+06  2.00000E-03 -1.12390E+01
  2.24358E+01  2.21700E-28  1.45212E+06  2.00000E-03 -1.12390E+01
  2.24826E+01  2.21585E-28  1.45161E+06  2.00000E-03 -1.10820E+01
  2.25294E+01  2.21469E-28  1.45111E+06  2.00000E-03 -1.09249E+01
  2.25761E+01  2.21469E-28  1.45111E+06  2.00000E-03 -1.09249E+01
  2.26229E+01  2.21469E-28  1.45111E+06  2.00000E-03 -1.09249E+01
  2.26697E+01  2.21469E-28  1.45111E+06  2.00000E-03 -1.09249E+01
  2.27165E+01  2.21469E-28  1.45111E+06  2.00000E-03 -1.09249E+01
  2.27633E+01  2.21469E-28  1.45111E+06  2.00000E-03 -1.09249E+01
  2.28101E+01  2.21469E-28  1.45111E+06  2.00000E-03 -1.09249E+01
  2.28569E+01  2.21469E-28  1.45111E+06  2.00000E-03 -1.09249E+01
  2.29037E+01  2.21469E-28  1.45111E+06  2.00000E-03 -1.09249E+01
  2.29505E+01  2.21469E-28  1.45111E+06  2.00000E-03 -1.09249E+01
  2.29972E+01  2.21469E-28  1.45111E+06  2.00000E-03 -1.09249E+01
  2.30440E+01  2.21469E-28  1.45111E+06  2.00000E-03 -1.09249E+01
  2.30908E+01  2.21469E-28  1.45111E+06  2.00000E-03 -1.09249E+01
  2.31376E+01  2.21469E-28  1.45111E+06  2.00000E-03 -1.09249E+01
  2.31844E+01  2.21469E-28  1.45111E+06  2.00000E-03 -1.09249E+01
  2.32312E+01  2.21366E-28  1.45065E+06  2.00000E-03 -1.07826E+01
  2.32780E+01  2.21262E-28  1.45020E+06  2.00000E-03 -1.06401E+01
  2.33248E+01  2.21262E-28  1.45020E+06  2.00000E-03 -1.06401E+01
  2.33716E+01  2.21262E-28  1.45020E+06  2.00000E-03 -1.06401E+01
  2.34184E+01  2.21262E-28  1.45020E+06  2.00000E-03 -1.06401E+01
  2.34651E+01  2.21262E-28  1.45020E+06  2.00000E-03 -1.06401E+01
  2.35119E+01  2.21262E-28  1.45020E+06  2.00000E-03 -1.06401E+01
  2.35587E+01  2.21262E-28  1.45020E+06  2.00000E-03 -1.06401E+01
  2.36055E+01  2.21262E-28  1.45020E+06  2.00000E-03 -1.06401E+01
  2.36523E+01  2.21262E-28  1.45020E+06  2.00000E-03 -1.06401E+01
  2.36991E+01  2.21262E-28  1.45020E+06  2.00000E-03 -1.06401E+01
  2.37459E+01  2.21262E-28  1.45020E+06  2.00000E-03 -1.06401E+01
  2.37927E+01  2.21262E-28  1.45020E+06  2.00000E-03 -1.06401E+01
  2.38395E+01  2.21262E-28  1.45020E+06  2.00000E-03 -1.06401E+01
  2.38863E+01  2.21262E-28  1.45020E+06  2.00000E-03 -1.06401E+01
  2.39330E+01  2.21262E-28  1.45020E+06  2.00000E-03 -1.06401E+01
  2.39798E+01  2.21177E-28  1.44982E+06  2.00000E-03 -1.05034E+01
