 -4.05076E+01  2.14956E-28  1.42254E+06  2.00000E-03  7.56168E+00
 -4.04141E+01  2.15051E-28  1.42296E+06  2.00000E-03  7.37564E+00
 -4.03205E+01  2.15098E-28  1.42316E+06  2.00000E-03  7.28349E+00
 -4.02269E+01  2.15098E-28  1.42316E+06  2.00000E-03  7.28350E+00
 -4.01333E+01  2.15098E-28  1.42316E+06  2.00000E-03  7.28349E+00
 -4.00397E+01  2.15098E-28  1.42316E+06  2.00000E-03  7.28349E+00
 -3.99462E+01  2.15098E-28  1.42316E+06  2.00000E-03  7.28349E+00
 -3.98526E+01  2.15098E-28  1.42316E+06  2.00000E-03  7.28349E+00
 -3.97590E+01  2.15098E-28  1.42316E+06  2.00000E-03  7.28349E+00
 -3.96654E+01  2.15098E-28  1.42316E+06  2.00000E-03  7.28349E+00
 -3.95718E+01  2.15111E-28  1.42322E+06  2.00000E-03  7.26413E+00
 -3.94783E+01  2.15309E-28  1.42410E+06  2.00000E-03  6.95836E+00
 -3.93847E+01  2.15416E-28  1.42457E+06  2.00000E-03  6.82144E+00
 -3.92911E+01  2.15653E-28  1.42562E+06  2.00000E-03  6.76421E+00
 -3.91975E+01  2.15722E-28  1.42593E+06  2.00000E-03  6.74743E+00
 -3.91039E+01  2.15722E-28  1.42593E+06  2.00000E-03  6.74743E+00
 -3.90104E+01  2.15722E-28  1.42593E+06  2.00000E-03  6.74743E+00
 -3.89168E+01  2.15722E-28  1.42593E+06  2.00000E-03  6.74743E+00
 -3.88232E+01  2.15722E-28  1.42593E+06  2.00000E-03  6.74743E+00
 -3.87296E+01  2.15722E-28  1.42593E+06  2.00000E-03  6.74743E+00
 -3.86360E+01  2.15731E-28  1.42597E+06  2.00000E-03  6.73431E+00
 -3.85425E+01  2.15933E-28  1.42687E+06  2.00000E-03  6.44528E+00
 -3.84489E+01  2.16082E-28  1.42752E+06  2.00000E-03  6.23322E+00
 -3.83553E+01  2.16082E-28  1.42752E+06  2.00000E-03  6.23322E+00
 -3.82617E+01  2.16082E-28  1.42752E+06  2.00000E-03  6.23322E+00
 -3.81681E+01  2.16101E-28  1.42761E+06  2.00000E-03  6.23246E+00
 -3.80746E+01  2.16177E-28  1.42794E+06  2.00000E-03  6.22942E+00
 -3.79810E+01  2.16318E-28  1.42857E+06  2.00000E-03  6.22376E+00
 -3.78874E+01  2.16332E-28  1.42863E+06  2.00000E-03  6.22321E+00
 -3.77938E+01  2.16332E-28  1.42863E+06  2.00000E-03  6.22321E+00
 -3.77002E+01  2.16333E-28  1.42864E+06  2.00000E-03  6.21974E+00
 -3.76067E+01  2.16387E-28  1.42888E+06  2.00000E-03  6.03141E+00
 -3.75131E+01  2.16416E-28  1.42901E+06  2.00000E-03  5.93426E+00
 -3.74195E+01  2.16416E-28  1.42901E+06  2.00000E-03  5.93426E+00
 -3.73259E+01  2.16416E-28  1.42901E+06  2.00000E-03  5.93426E+00
 -3.72323E+01  2.16416E-28  1.42901E+06  2.00000E-03  5.93426E+00
 -3.71388E+01  2.16416E-28  1.42901E+06  2.00000E-03  5.93426E+00
 -3.70452E+01  2.16416E-28  1.42901E+06  2.00000E-03  5.93426E+00
 -3.69516E+01  2.16416E-28  1.42901E+06  2.00000E-03  5.93426E+00
 -3.68580E+01  2.16422E-28  1.42903E+06  2.00000E-03  5.95867E+00
 -3.67645E+01  2.16443E-28  1.42914E+06  2.00000E-03  6.04764E+00
 -3.66709E+01  2.16309E-28  1.42855E+06  2.00000E-03  6.09299E+00
 -3.65773E+01  2.16182E-28  1.42799E+06  2.00000E-03  6.09150E+00
 -3.64837E+01  2.16182E-28  1.42799E+06  2.00000E-03  6.09150E+00
 -3.63901E+01  2.16182E-28  1.42799E+06  2.00000E-03  6.09150E+00
 -3.62966E+01  2.16182E-28  1.42799E+06  2.00000E-03  6.09150E+00
 -3.62030E+01  2.16182E-28  1.42799E+06  2.00000E-03  6.09150E+00
 -3.61094E+01  2.16167E-28  1.42793E+06  2.00000E-03  6.14285E+00
 -3.60158E+01  2.16141E-28  1.42782E+06  2.00000E-03  6.23312E+00
 -3.59222E+01  2.16141E-28  1.42782E+06  2.00000E-03  6.23289E+00
 -3.58287E+01  2.16129E-28  1.42776E+06  2.00000E-03  6.27414E+00
 -3.57351E+01  2.15869E-28  1.42662E+06  2.00000E-03  6.34750E+00
 -3.56415E+01  2.15723E-28  1.42598E+06  2.00000E-03  6.41292E+00
 -3.55479E+01  2.15556E-28  1.42525E+06  2.00000E-03  6.63793E+00
 -3.54543E+01  2.15298E-28  1.42412E+06  2.00000E-03  6.97108E+00
 -3.53608E+01  2.15234E-28  1.42384E+06  2.00000E-03  7.04820E+00
 -3.52672E+01  2.15234E-28  1.42384E+06  2.00000E-03  7.04820E+00
 -3.51736E+01  2.15234E-28  1.42384E+06  2.00000E-03  7.04820E+00
 -3.50800E+01  2.15234E-28  1.42384E+06  2.00000E-03  7.04820E+00
 -3.49864E+01  2.15234E-28  1.42384E+06  2.00000E-03  7.04820E+00
 -3.48929E+01  2.15234E-28  1.42384E+06  2.00000E-03  7.04820E+00
 -3.47993E+01  2.15059E-28  1.42307E+06  2.00000E-03  7.09889E+00
 -3.47057E+01  2.14813E-28  1.42198E+06  2.00000E-03  7.17019E+00
 -3.46121E+01  2.14813E-28  1.42199E+06  2.00000E-03  7.17019E+00
 -3.45185E+01  2.14813E-28  1.42199E+06  2.00000E-03  7.17019E+00
 -3.44250E+01  2.14813E-28  1.42198E+06  2.00000E-03  7.17019E+00
 -3.43314E+01  2.14797E-28  1.42191E+06  2.00000E-03  7.18551E+00
 -3.42378E+01  2.14566E-28  1.42090E+06  2.00000E-03  7.40390E+00
 -3.41442E+01  2.14442E-28  1.42036E+06  2.00000E-03  7.52148E+00
 -3.40506E+01  2.14406E-28  1.42020E+06  2.00000E-03  7.55534E+00
 -3.39571E+01  2.14406E-28  1.42020E+06  2.00000E-03  7.55534E+00
 -3.38635E+01  2.14367E-28  1.42003E+06  2.00000E-03  7.50896E+00
 -3.37699E+01  2.14312E-28  1.41979E+06  2.00000E-03  7.44430E+00
 -3.36763E+01  2.14312E-28  1.41979E+06  2.00000E-03  7.44429E+00
 -3.35827E+01  2.14312E-28  1.41979E+06  2.00000E-03  7.44430E+00
 -3.34892E+01  2.14312E-28  1.41979E+06  2.00000E-03  7.44429E+00
 -3.33956E+01  2.14312E-28  1.41979E+06  2.00000E-03  7.44430E+00
 -3.33020E+01  2.14312E-28  1.41979E+06  2.00000E-03  7.44430E+00
 -3.32084E+01  2.14312E-28  1.41979E+06  2.00000E-03  7.44430E+00
 -3.31148E+01  2.14312E-28  1.41979E+06  2.00000E-03  7.44430E+00
 -3.30213E+01  2.14257E-28  1.41956E+06  2.00000E-03  7.48267E+00
 -3.29277E+01  2.14110E-28  1.41895E+06  2.00000E-03  7.53772E+00
 -3.28341E+01  2.14182E-28  1.41927E+06  2.00000E-03  7.40723E+00
 -3.27405E+01  2.14182E-28  1.41927E+06  2.00000E-03  7.40723E+00
 -3.26469E+01  2.14182E-28  1.41927E+06  2.00000E-03  7.40723E+00
 -3.25534E+01  2.14182E-28  1.41927E+06  2.00000E-03  7.40723E+00
 -3.24598E+01  2.14182E-28  1.41927E+06  2.00000E-03  7.40723E+00
 -3.23662E+01  2.14182E-28  1.41927E+06  2.00000E-03  7.40723E+00
 -3.22726E+01  2.14182E-28  1.41927E+06  2.00000E-03  7.40723E+00
 -3.21790E+01  2.14182E-28  1.41927E+06  2.00000E-03  7.40723E+00
 -3.20855E+01  2.14182E-28  1.41927E+06  2.00000E-03  7.40723E+00
 -3.19919E+01  2.14289E-28  1.41975E+06  2.00000E-03  7.31592E+00
 -3.18983E+01  2.14361E-28  1.42006E+06  2.00000E-03  7.25523E+00
 -3.18047E+01  2.14318E-28  1.41988E+06  2.00000E-03  7.28650E+00
 -3.17111E+01  2.14186E-28  1.41930E+06  2.00000E-03  7.38189E+00
 -3.16176E+01  2.13988E-28  1.41843E+06  2.00000E-03  7.52499E+00
 -3.15240E+01  2.14027E-28  1.41860E+06  2.00000E-03  7.50075E+00
 -3.14304E+01  2.14081E-28  1.41884E+06  2.00000E-03  7.46733E+00
 -3.13368E+01  2.14081E-28  1.41884E+06  2.00000E-03  7.46733E+00
 -3.12432E+01  2.14081E-28  1.41884E+06  2.00000E-03  7.46733E+00
 -3.11497E+01  2.14075E-28  1.41881E+06  2.00000E-03  7.47136E+00
 -3.10561E+01  2.14058E-28  1.41874E+06  2.00000E-03  7.48975E+00
 -3.09625E+01  2.14125E-28  1.41905E+06  2.00000E-03  7.45872E+00
 -3.08689E+01  2.14124E-28  1.41904E+06  2.00000E-03  7.45952E+00
 -3.07753E+01  2.14124E-28  1.41904E+06  2.00000E-03  7.45952E+00
 -3.06818E+01  2.14177E-28  1.41928E+06  2.00000E-03  7.43777E+00
 -3.05882E+01  2.14237E-28  1.41954E+06  2.00000E-03  7.40150E+00
 -3.04946E+01  2.14420E-28  1.42035E+06  2.00000E-03  7.29947E+00
 -3.04010E+01  2.14508E-28  1.42074E+06  2.00000E-03  7.24797E+00
 -3.03074E+01  2.14593E-28  1.42113E+06  2.00000E-03  7.19793E+00
 -3.02139E+01  2.14597E-28  1.42114E+06  2.00000E-03  7.19597E+00
 -3.01203E+01  2.14768E-28  1.42190E+06  2.00000E-03  7.09458E+00
 -3.00267E+01  2.14899E-28  1.42247E+06  2.00000E-03  7.00769E+00
 -2.99331E+01  2.14958E-28  1.42273E+06  2.00000E-03  6.97816E+00
 -2.98395E+01  2.15026E-28  1.42304E+06  2.00000E-03  6.93742E+00
 -2.97460E+01  2.15262E-28  1.42408E+06  2.00000E-03  6.79737E+00
 -2.96524E+01  2.15360E-28  1.42451E+06  2.00000E-03  6.73672E+00
 -2.95588E+01  2.15475E-28  1.42501E+06  2.00000E-03  6.66503E+00
 -2.94652E+01  2.15482E-28  1.42505E+06  2.00000E-03  6.66034E+00
 -2.93716E+01  2.15482E-28  1.42505E+06  2.00000E-03  6.66034E+00
 -2.92781E+01  2.15482E-28  1.42505E+06  2.00000E-03  6.66034E+00
 -2.91845E+01  2.15630E-28  1.42570E+06  2.00000E-03  6.57408E+00
 -2.90909E+01  2.15863E-28  1.42673E+06  2.00000E-03  6.44249E+00
 -2.89973E+01  2.15886E-28  1.42683E+06  2.00000E-03  6.43141E+00
 -2.89037E+01  2.15886E-28  1.42683E+06  2.00000E-03  6.43141E+00
 -2.88102E+01  2.15886E-28  1.42683E+06  2.00000E-03  6.43141E+00
 -2.87166E+01  2.15922E-28  1.42699E+06  2.00000E-03  6.40627E+00
 -2.86230E+01  2.16030E-28  1.42747E+06  2.00000E-03  6.33795E+00
 -2.85294E+01  2.16067E-28  1.42764E+06  2.00000E-03  6.33052E+00
 -2.84358E+01  2.16110E-28  1.42783E+06  2.00000E-03  6.32770E+00
 -2.83423E+01  2.16110E-28  1.42783E+06  2.00000E-03  6.32770E+00
 -2.82487E+01  2.16129E-28  1.42792E+06  2.00000E-03  6.31140E+00
 -2.81551E+01  2.16166E-28  1.42808E+06  2.00000E-03  6.28040E+00
 -2.80615E+01  2.16173E-28  1.42811E+06  2.00000E-03  6.27491E+00
 -2.79679E+01  2.16106E-28  1.42782E+06  2.00000E-03  6.33349E+00
 -2.78744E+01  2.16101E-28  1.42780E+06  2.00000E-03  6.35467E+00
 -2.77808E+01  2.15992E-28  1.42733E+06  2.00000E-03  6.45736E+00
 -2.76872E+01  2.15910E-28  1.42697E+06  2.00000E-03  6.51384E+00
 -2.75936E+01  2.15878E-28  1.42683E+06  2.00000E-03  6.53823E+00
 -2.75000E+01  2.15895E-28  1.42690E+06  2.00000E-03  6.52469E+00
 -2.74065E+01  2.15839E-28  1.42666E+06  2.00000E-03  6.56870E+00
 -2.73129E+01  2.15696E-28  1.42603E+06  2.00000E-03  6.68604E+00
 -2.72193E+01  2.15327E-28  1.42442E+06  2.00000E-03  6.98481E+00
 -2.71257E+01  2.15247E-28  1.42407E+06  2.00000E-03  7.05417E+00
 -2.70321E+01  2.15247E-28  1.42407E+06  2.00000E-03  7.05417E+00
 -2.69386E+01  2.15247E-28  1.42407E+06  2.00000E-03  7.05417E+00
 -2.68450E+01  2.15152E-28  1.42365E+06  2.00000E-03  7.12310E+00
 -2.67514E+01  2.14945E-28  1.42275E+06  2.00000E-03  7.27349E+00
 -2.66578E+01  2.14867E-28  1.42240E+06  2.00000E-03  7.34050E+00
 -2.65642E+01  2.14734E-28  1.42183E+06  2.00000E-03  7.47103E+00
 -2.64707E+01  2.14655E-28  1.42150E+06  2.00000E-03  7.54811E+00
 -2.63771E+01  2.14581E-28  1.42117E+06  2.00000E-03  7.60103E+00
 -2.62835E+01  2.14369E-28  1.42024E+06  2.00000E-03  7.75312E+00
 -2.61899E+01  2.14334E-28  1.42009E+06  2.00000E-03  7.77832E+00
 -2.60963E+01  2.14334E-28  1.42009E+06  2.00000E-03  7.77832E+00
 -2.60028E+01  2.14261E-28  1.41978E+06  2.00000E-03  7.86262E+00
 -2.59092E+01  2.14181E-28  1.41944E+06  2.00000E-03  7.94578E+00
 -2.58156E+01  2.14097E-28  1.41907E+06  2.00000E-03  7.97317E+00
 -2.57220E+01  2.14078E-28  1.41900E+06  2.00000E-03  7.97685E+00
 -2.56284E+01  2.14078E-28  1.41900E+06  2.00000E-03  7.97685E+00
 -2.55349E+01  2.14078E-28  1.41900E+06  2.00000E-03  7.97685E+00
 -2.54413E+01  2.14104E-28  1.41912E+06  2.00000E-03  7.94373E+00
 -2.53477E+01  2.14284E-28  1.41993E+06  2.00000E-03  7.76003E+00
 -2.52541E+01  2.14431E-28  1.42059E+06  2.00000E-03  7.64725E+00
 -2.51605E+01  2.14437E-28  1.42062E+06  2.00000E-03  7.65089E+00
 -2.50670E+01  2.14446E-28  1.42066E+06  2.00000E-03  7.65674E+00
 -2.49734E+01  2.14508E-28  1.42093E+06  2.00000E-03  7.59606E+00
 -2.48798E+01  2.14832E-28  1.42238E+06  2.00000E-03  7.22963E+00
 -2.47862E+01  2.14887E-28  1.42262E+06  2.00000E-03  7.18957E+00
 -2.46926E+01  2.15045E-28  1.42333E+06  2.00000E-03  7.09450E+00
 -2.45991E+01  2.15160E-28  1.42384E+06  2.00000E-03  7.02818E+00
 -2.45055E+01  2.15180E-28  1.42393E+06  2.00000E-03  7.01008E+00
 -2.44119E+01  2.15181E-28  1.42394E+06  2.00000E-03  6.89245E+00
 -2.43183E+01  2.15181E-28  1.42394E+06  2.00000E-03  6.85946E+00
 -2.42248E+01  2.15181E-28  1.42394E+06  2.00000E-03  6.85946E+00
 -2.41312E+01  2.15157E-28  1.42384E+06  2.00000E-03  6.88184E+00
 -2.40376E+01  2.15048E-28  1.42338E+06  2.00000E-03  6.95767E+00
 -2.39440E+01  2.14596E-28  1.42139E+06  2.00000E-03  7.18136E+00
 -2.38504E+01  2.14581E-28  1.42132E+06  2.00000E-03  7.18833E+00
 -2.37569E+01  2.14581E-28  1.42132E+06  2.00000E-03  7.18833E+00
 -2.36633E+01  2.14581E-28  1.42132E+06  2.00000E-03  7.18833E+00
 -2.35697E+01  2.14542E-28  1.42115E+06  2.00000E-03  7.20757E+00
 -2.34761E+01  2.13988E-28  1.41869E+06  2.00000E-03  7.51840E+00
 -2.33825E+01  2.13869E-28  1.41816E+06  2.00000E-03  7.64766E+00
 -2.32890E+01  2.13717E-28  1.41748E+06  2.00000E-03  7.73710E+00
 -2.31954E+01  2.13560E-28  1.41679E+06  2.00000E-03  7.82878E+00
 -2.31018E+01  2.13499E-28  1.41651E+06  2.00000E-03  7.89973E+00
 -2.30082E+01  2.13307E-28  1.41566E+06  2.00000E-03  7.96267E+00
 -2.29146E+01  2.13281E-28  1.41554E+06  2.00000E-03  7.97122E+00
 -2.28211E+01  2.13217E-28  1.41525E+06  2.00000E-03  8.00545E+00
 -2.27275E+01  2.13158E-28  1.41499E+06  2.00000E-03  8.02104E+00
 -2.26339E+01  2.13158E-28  1.41499E+06  2.00000E-03  8.02433E+00
 -2.25403E+01  2.13123E-28  1.41482E+06  2.00000E-03  7.97349E+00
 -2.24467E+01  2.13149E-28  1.41494E+06  2.00000E-03  7.96440E+00
 -2.23532E+01  2.13182E-28  1.41508E+06  2.00000E-03  7.92671E+00
 -2.22596E+01  2.13231E-28  1.41530E+06  2.00000E-03  7.83917E+00
 -2.21660E+01  2.13288E-28  1.41555E+06  2.00000E-03  7.81937E+00
 -2.20724E+01  2.13456E-28  1.41629E+06  2.00000E-03  7.63371E+00
 -2.19788E+01  2.13489E-28  1.41644E+06  2.00000E-03  7.59163E+00
 -2.18853E+01  2.13616E-28  1.41700E+06  2.00000E-03  7.48556E+00
 -2.17917E+01  2.13814E-28  1.41787E+06  2.00000E-03  7.30626E+00
 -2.16981E+01  2.13826E-28  1.41793E+06  2.00000E-03  7.29973E+00
 -2.16045E+01  2.14040E-28  1.41887E+06  2.00000E-03  7.09086E+00
 -2.15109E+01  2.14112E-28  1.41918E+06  2.00000E-03  7.04999E+00
 -2.14174E+01  2.14239E-28  1.41975E+06  2.00000E-03  6.97552E+00
 -2.13238E+01  2.14400E-28  1.42045E+06  2.00000E-03  6.84491E+00
 -2.12302E+01  2.14408E-28  1.42049E+06  2.00000E-03  6.88961E+00
 -2.11366E+01  2.14637E-28  1.42150E+06  2.00000E-03  6.72121E+00
 -2.10430E+01  2.14687E-28  1.42172E+06  2.00000E-03  6.69820E+00
 -2.09495E+01  2.14771E-28  1.42209E+06  2.00000E-03  6.66913E+00
 -2.08559E+01  2.14853E-28  1.42246E+06  2.00000E-03  6.72825E+00
 -2.07623E+01  2.14826E-28  1.42234E+06  2.00000E-03  6.80773E+00
 -2.06687E+01  2.14949E-28  1.42288E+06  2.00000E-03  6.84231E+00
 -2.05751E+01  2.14894E-28  1.42264E+06  2.00000E-03  7.02096E+00
 -2.04816E+01  2.14807E-28  1.42225E+06  2.00000E-03  7.28293E+00
 -2.03880E+01  2.14874E-28  1.42255E+06  2.00000E-03  7.44156E+00
 -2.02944E+01  2.14770E-28  1.42209E+06  2.00000E-03  7.61840E+00
 -2.02008E+01  2.14601E-28  1.42134E+06  2.00000E-03  8.14618E+00
 -2.01072E+01  2.14611E-28  1.42138E+06  2.00000E-03  8.27102E+00
 -2.00137E+01  2.14551E-28  1.42112E+06  2.00000E-03  8.49638E+00
 -1.99201E+01  2.14430E-28  1.42058E+06  2.00000E-03  8.81044E+00
 -1.98265E+01  2.14371E-28  1.42032E+06  2.00000E-03  8.92330E+00
 -1.97329E+01  2.14289E-28  1.41997E+06  2.00000E-03  9.32467E+00
 -1.96393E+01  2.14269E-28  1.41987E+06  2.00000E-03  9.31005E+00
 -1.95458E+01  2.14216E-28  1.41964E+06  2.00000E-03  9.35319E+00
 -1.94522E+01  2.14219E-28  1.41965E+06  2.00000E-03  9.55080E+00
 -1.93586E+01  2.14232E-28  1.41971E+06  2.00000E-03  9.51570E+00
 -1.92650E+01  2.14307E-28  1.42005E+06  2.00000E-03  9.46666E+00
 -1.91714E+01  2.14350E-28  1.42024E+06  2.00000E-03  9.45617E+00
 -1.90779E+01  2.14403E-28  1.42047E+06  2.00000E-03  9.40624E+00
 -1.89843E+01  2.14532E-28  1.42105E+06  2.00000E-03  9.30129E+00
 -1.88907E+01  2.14605E-28  1.42137E+06  2.00000E-03  9.18473E+00
 -1.87971E+01  2.14640E-28  1.42153E+06  2.00000E-03  9.22141E+00
 -1.87035E+01  2.14686E-28  1.42174E+06  2.00000E-03  9.15850E+00
 -1.86100E+01  2.14701E-28  1.42181E+06  2.00000E-03  9.11340E+00
 -1.85164E+01  2.14695E-28  1.42179E+06  2.00000E-03  9.17587E+00
 -1.84228E+01  2.14676E-28  1.42171E+06  2.00000E-03  9.19568E+00
 -1.83292E+01  2.14592E-28  1.42134E+06  2.00000E-03  9.29972E+00
 -1.82356E+01  2.14533E-28  1.42109E+06  2.00000E-03  9.36064E+00
 -1.81421E+01  2.14495E-28  1.42092E+06  2.00000E-03  9.42215E+00
 -1.80485E+01  2.14332E-28  1.42021E+06  2.00000E-03  9.61823E+00
 -1.79549E+01  2.14267E-28  1.41993E+06  2.00000E-03  9.65991E+00
 -1.78613E+01  2.14199E-28  1.41963E+06  2.00000E-03  9.78716E+00
 -1.77677E+01  2.14104E-28  1.41922E+06  2.00000E-03  9.91556E+00
 -1.76742E+01  2.14049E-28  1.41898E+06  2.00000E-03  9.98837E+00
 -1.75806E+01  2.14047E-28  1.41898E+06  2.00000E-03  1.01001E+01
 -1.74870E+01  2.14049E-28  1.41899E+06  2.00000E-03  1.01084E+01
 -1.73934E+01  2.14106E-28  1.41924E+06  2.00000E-03  1.01456E+01
 -1.72998E+01  2.14179E-28  1.41958E+06  2.00000E-03  1.01510E+01
 -1.72063E+01  2.14222E-28  1.41977E+06  2.00000E-03  1.01423E+01
 -1.71127E+01  2.14426E-28  1.42067E+06  2.00000E-03  1.00902E+01
 -1.70191E+01  2.14497E-28  1.42100E+06  2.00000E-03  1.00639E+01
 -1.69255E+01  2.14702E-28  1.42190E+06  2.00000E-03  9.97892E+00
 -1.68319E+01  2.14867E-28  1.42263E+06  2.00000E-03  9.92105E+00
 -1.67384E+01  2.14961E-28  1.42306E+06  2.00000E-03  9.89077E+00
 -1.66448E+01  2.15262E-28  1.42439E+06  2.00000E-03  9.78505E+00
 -1.65512E+01  2.15274E-28  1.42444E+06  2.00000E-03  9.78742E+00
 -1.64576E+01  2.15478E-28  1.42535E+06  2.00000E-03  9.74782E+00
 -1.63640E+01  2.15586E-28  1.42583E+06  2.00000E-03  9.73975E+00
 -1.62705E+01  2.15620E-28  1.42598E+06  2.00000E-03  9.74822E+00
 -1.61769E+01  2.15810E-28  1.42682E+06  2.00000E-03  9.72295E+00
 -1.60833E+01  2.15800E-28  1.42678E+06  2.00000E-03  9.76338E+00
 -1.59897E+01  2.15899E-28  1.42722E+06  2.00000E-03  9.75295E+00
 -1.58961E+01  2.15983E-28  1.42759E+06  2.00000E-03  9.74785E+00
 -1.58026E+01  2.15984E-28  1.42759E+06  2.00000E-03  9.78060E+00
 -1.57090E+01  2.16153E-28  1.42834E+06  2.00000E-03  9.74076E+00
 -1.56154E+01  2.16179E-28  1.42846E+06  2.00000E-03  9.76360E+00
 -1.55218E+01  2.16318E-28  1.42907E+06  2.00000E-03  9.74729E+00
 -1.54282E+01  2.16414E-28  1.42949E+06  2.00000E-03  9.76387E+00
 -1.53347E+01  2.16419E-28  1.42951E+06  2.00000E-03  9.76137E+00
 -1.52411E+01  2.16577E-28  1.43021E+06  2.00000E-03  9.74027E+00
 -1.51475E+01  2.16564E-28  1.43015E+06  2.00000E-03  9.79285E+00
 -1.50539E+01  2.16609E-28  1.43036E+06  2.00000E-03  9.86458E+00
 -1.49603E+01  2.16677E-28  1.43066E+06  2.00000E-03  9.87827E+00
 -1.48668E+01  2.16560E-28  1.43014E+06  2.00000E-03  9.99126E+00
 -1.47732E+01  2.16471E-28  1.42975E+06  2.00000E-03  1.01458E+01
 -1.46796E+01  2.16471E-28  1.42975E+06  2.00000E-03  1.01557E+01
 -1.45860E+01  2.16329E-28  1.42913E+06  2.00000E-03  1.03160E+01
 -1.44924E+01  2.16146E-28  1.42832E+06  2.00000E-03  1.05051E+01
 -1.43989E+01  2.16082E-28  1.42803E+06  2.00000E-03  1.05714E+01
 -1.43053E+01  2.15980E-28  1.42759E+06  2.00000E-03  1.07785E+01
 -1.42117E+01  2.15825E-28  1.42691E+06  2.00000E-03  1.09143E+01
 -1.41181E+01  2.15671E-28  1.42623E+06  2.00000E-03  1.10932E+01
 -1.40245E+01  2.15626E-28  1.42603E+06  2.00000E-03  1.11957E+01
 -1.39310E+01  2.15504E-28  1.42550E+06  2.00000E-03  1.13111E+01
 -1.38374E+01  2.15373E-28  1.42493E+06  2.00000E-03  1.14068E+01
 -1.37438E+01  2.15334E-28  1.42475E+06  2.00000E-03  1.14920E+01
 -1.36502E+01  2.15265E-28  1.42445E+06  2.00000E-03  1.15304E+01
 -1.35566E+01  2.15198E-28  1.42415E+06  2.00000E-03  1.15524E+01
 -1.34631E+01  2.15190E-28  1.42412E+06  2.00000E-03  1.15483E+01
 -1.33695E+01  2.15203E-28  1.42417E+06  2.00000E-03  1.15449E+01
 -1.32759E+01  2.15209E-28  1.42408E+06  2.00000E-03  1.14855E+01
 -1.31823E+01  2.15250E-28  1.42414E+06  2.00000E-03  1.15497E+01
 -1.30887E+01  2.15291E-28  1.42434E+06  2.00000E-03  1.17089E+01
 -1.29952E+01  2.15271E-28  1.42484E+06  1.99998E-03  1.18663E+01
 -1.29016E+01  2.15430E-28  1.42560E+06  1.99966E-03  1.25673E+01
 -1.28080E+01  2.15494E-28  1.42537E+06  1.99944E-03  1.27797E+01
 -1.27144E+01  2.16003E-28  1.42416E+06  1.99838E-03  1.32086E+01
 -1.26208E+01  2.19841E-28  1.40166E+06  1.98627E-03  1.40666E+01
 -1.25273E+01  2.20808E-28  1.39641E+06  1.98343E-03  1.43311E+01
 -1.24337E+01  2.21080E-28  1.39711E+06  1.98337E-03  1.49560E+01
 -1.23401E+01  2.25258E-28  1.37383E+06  1.97064E-03  1.54782E+01
 -1.22465E+01  2.28859E-28  1.35411E+06  1.96000E-03  1.59923E+01
 -1.21529E+01  2.25654E-28  1.37600E+06  1.97114E-03  1.62188E+01
 -1.20594E+01  2.28865E-28  1.35767E+06  1.96011E-03  1.62387E+01
 -1.19658E+01  2.28626E-28  1.36156E+06  1.96168E-03  1.61428E+01
 -1.18722E+01  2.28033E-28  1.36621E+06  1.96463E-03  1.61313E+01
 -1.17786E+01  2.25535E-28  1.38292E+06  1.97330E-03  1.58400E+01
 -1.16851E+01  2.24502E-28  1.39135E+06  1.97749E-03  1.50018E+01
 -1.15915E+01  2.24450E-28  1.39330E+06  1.97810E-03  1.45200E+01
 -1.14979E+01  2.22280E-28  1.40809E+06  1.98566E-03  1.40153E+01
 -1.14043E+01  2.22133E-28  1.41002E+06  1.98642E-03  1.34483E+01
 -1.13107E+01  2.22178E-28  1.41021E+06  1.98627E-03  1.29436E+01
 -1.12172E+01  2.20445E-28  1.42096E+06  1.99195E-03  1.27504E+01
 -1.11236E+01  2.20577E-28  1.42019E+06  1.99130E-03  1.26272E+01
 -1.10300E+01  2.20375E-28  1.41961E+06  1.99116E-03  1.22198E+01
 -1.09364E+01  2.20087E-28  1.42062E+06  1.99182E-03  1.21982E+01
 -1.08428E+01  2.19600E-28  1.42308E+06  1.99317E-03  1.21912E+01
 -1.07493E+01  2.19250E-28  1.42237E+06  1.99337E-03  1.20795E+01
 -1.06557E+01  2.19756E-28  1.41787E+06  1.99128E-03  1.20278E+01
 -1.05621E+01  2.18803E-28  1.42231E+06  1.99411E-03  1.20618E+01
 -1.04685E+01  2.18740E-28  1.42119E+06  1.99379E-03  1.21663E+01
 -1.03749E+01  2.18877E-28  1.41896E+06  1.99268E-03  1.23050E+01
 -1.02814E+01  2.17635E-28  1.42588E+06  1.99639E-03  1.24083E+01
 -1.01878E+01  2.17796E-28  1.42466E+06  1.99542E-03  1.24242E+01
 -1.00942E+01  2.17947E-28  1.42364E+06  1.99421E-03  1.26306E+01
 -1.00006E+01  2.17547E-28  1.42657E+06  1.99545E-03  1.28169E+01
 -9.90703E+00  2.17269E-28  1.42896E+06  1.99633E-03  1.24313E+01
 -9.81345E+00  2.17146E-28  1.43202E+06  1.99672E-03  1.19501E+01
 -9.71987E+00  2.17579E-28  1.42979E+06  1.99526E-03  1.22315E+01
 -9.62629E+00  2.17119E-28  1.43536E+06  1.99740E-03  1.05836E+01
 -9.53271E+00  2.17299E-28  1.43609E+06  1.99722E-03  1.00444E+01
 -9.43913E+00  2.18710E-28  1.42838E+06  1.99242E-03  9.50332E+00
 -9.34555E+00  2.23188E-28  1.40082E+06  1.97637E-03  6.32543E+00
 -9.25197E+00  2.24297E-28  1.39398E+06  1.97236E-03  6.17117E+00
 -9.15839E+00  2.34819E-28  1.33133E+06  1.93596E-03  2.75702E+00
 -9.06481E+00  2.42802E-28  1.28702E+06  1.90950E-03  3.59864E-01
 -8.97123E+00  2.43257E-28  1.28455E+06  1.90848E-03 -9.26912E-01
 -8.87766E+00  2.49110E-28  1.25354E+06  1.89264E-03 -6.05652E+00
 -8.78407E+00  2.56264E-28  1.21734E+06  1.87321E-03 -4.90028E+00
 -8.69050E+00  2.63951E-28  1.17947E+06  1.85565E-03 -7.55146E+00
 -8.59692E+00  2.67922E-28  1.16100E+06  1.84721E-03 -8.78900E+00
 -8.50333E+00  3.10348E-28  1.00129E+06  1.75550E-03 -6.30624E+00
 -8.40976E+00  3.46970E-28  8.94944E+05  1.69682E-03 -7.24500E+00
 -8.31618E+00  3.46492E-28  8.96260E+05  1.69705E-03 -7.00054E+00
 -8.22260E+00  3.38983E-28  9.18115E+05  1.70598E-03 -5.20893E+00
 -8.12902E+00  3.22511E-28  9.66407E+05  1.73308E-03 -4.19012E+00
 -8.03544E+00  3.38705E-28  9.21021E+05  1.71157E-03 -3.98671E+00
 -7.94186E+00  4.16486E-28  7.50205E+05  1.63393E-03 -3.97389E+00
 -7.84828E+00  4.64392E-28  6.72244E+05  1.60114E-03 -4.29925E+00
 -7.75470E+00  4.96530E-28  6.28821E+05  1.57941E-03 -3.72056E+00
 -7.66112E+00  4.90279E-28  6.37265E+05  1.58064E-03 -3.19313E+00
 -7.56754E+00  4.39700E-28  7.09835E+05  1.61480E-03 -3.23752E+00
 -7.47396E+00  3.85053E-28  8.08863E+05  1.66479E-03 -2.91031E+00
 -7.38038E+00  3.77471E-28  8.24629E+05  1.67388E-03 -2.92411E+00
 -7.28680E+00  3.47404E-28  8.96532E+05  1.71328E-03 -1.75246E+00
 -7.19322E+00  3.18083E-28  9.78776E+05  1.76180E-03 -1.47679E+00
 -7.09964E+00  3.05827E-28  1.01836E+06  1.78460E-03 -1.23927E+00
 -7.00606E+00  2.74857E-28  1.13554E+06  1.84951E-03  5.44160E-01
 -6.91248E+00  2.66621E-28  1.16969E+06  1.87120E-03 -5.19131E-01
 -6.81890E+00  2.52676E-28  1.23452E+06  1.90602E-03 -6.69602E-01
 -6.72532E+00  2.37436E-28  1.31540E+06  1.94640E-03  9.40809E-01
 -6.63174E+00  2.33828E-28  1.33458E+06  1.95552E-03  6.33182E-02
 -6.53816E+00  2.24839E-28  1.38716E+06  1.97925E-03  6.75529E-01
 -6.44458E+00  2.23368E-28  1.39610E+06  1.98325E-03  8.32387E-01
 -6.35100E+00  2.20337E-28  1.41425E+06  1.99064E-03  1.66284E+00
 -6.25742E+00  2.19627E-28  1.41642E+06  1.99152E-03  8.13180E-01
 -6.16384E+00  2.19312E-28  1.41748E+06  1.99205E-03  8.86934E-01
 -6.07026E+00  2.18146E-28  1.42343E+06  1.99461E-03  1.48756E+00
 -5.97668E+00  2.18702E-28  1.41898E+06  1.99260E-03  8.05034E-01
 -5.88310E+00  2.18722E-28  1.41551E+06  1.99157E-03  6.00836E-01
 -5.78952E+00  2.17920E-28  1.41962E+06  1.99364E-03  1.21654E+00
 -5.69594E+00  2.19846E-28  1.40585E+06  1.98723E-03  5.28604E-01
 -5.60236E+00  2.19339E-28  1.40587E+06  1.98799E-03  8.00894E-01
 -5.50878E+00  2.19263E-28  1.40626E+06  1.98825E-03  4.55366E-01
 -5.41520E+00  2.18215E-28  1.41100E+06  1.99088E-03  1.11990E+00
 -5.32162E+00  2.20091E-28  1.39563E+06  1.98425E-03  7.29881E-01
 -5.22804E+00  2.20312E-28  1.39288E+06  1.98327E-03  6.72408E-01
 -5.13446E+00  2.18512E-28  1.40220E+06  1.98824E-03  1.40640E+00
 -5.04088E+00  2.20178E-28  1.38976E+06  1.98269E-03  1.27913E+00
 -4.94730E+00  2.20732E-28  1.38303E+06  1.98024E-03  1.47101E+00
 -4.85372E+00  2.18500E-28  1.39579E+06  1.98672E-03  2.06672E+00
 -4.76014E+00  2.20134E-28  1.38481E+06  1.98126E-03  2.01911E+00
 -4.66656E+00  2.20683E-28  1.37812E+06  1.97877E-03  2.74340E+00
 -4.57298E+00  2.20267E-28  1.37985E+06  1.97991E-03  3.00912E+00
 -4.47940E+00  2.19369E-28  1.38419E+06  1.98223E-03  3.50268E+00
 -4.38582E+00  2.22316E-28  1.36358E+06  1.97254E-03  4.20996E+00
 -4.29224E+00  2.23473E-28  1.35584E+06  1.96895E-03  4.49911E+00
 -4.19866E+00  2.21867E-28  1.36405E+06  1.97345E-03  5.16903E+00
 -4.10508E+00  2.27135E-28  1.33249E+06  1.95739E-03  5.42863E+00
 -4.01150E+00  2.27047E-28  1.33375E+06  1.95811E-03  5.80157E+00
 -3.91792E+00  2.24605E-28  1.34772E+06  1.96542E-03  6.26843E+00
 -3.82434E+00  2.26456E-28  1.33751E+06  1.95954E-03  6.59424E+00
 -3.73076E+00  2.25892E-28  1.34167E+06  1.96132E-03  6.93467E+00
 -3.63718E+00  2.25502E-28  1.34572E+06  1.96326E-03  7.23170E+00
 -3.54360E+00  2.23069E-28  1.36195E+06  1.97132E-03  7.54869E+00
 -3.45002E+00  2.20597E-28  1.38089E+06  1.98024E-03  7.92177E+00
 -3.35644E+00  2.21396E-28  1.38124E+06  1.97917E-03  8.00290E+00
 -3.26286E+00  2.20117E-28  1.39238E+06  1.98422E-03  8.18160E+00
 -3.16928E+00  2.18863E-28  1.40572E+06  1.98973E-03  8.26493E+00
 -3.07570E+00  2.19458E-28  1.40513E+06  1.98900E-03  8.20938E+00
 -2.98212E+00  2.18307E-28  1.41597E+06  1.99350E-03  8.33629E+00
 -2.88854E+00  2.18333E-28  1.41850E+06  1.99417E-03  8.36662E+00
 -2.79496E+00  2.18258E-28  1.42198E+06  1.99528E-03  8.42104E+00
 -2.70138E+00  2.17755E-28  1.42796E+06  1.99741E-03  8.61120E+00
 -2.60780E+00  2.18064E-28  1.42702E+06  1.99714E-03  8.67954E+00
 -2.51422E+00  2.17711E-28  1.42938E+06  1.99821E-03  8.80756E+00
 -2.42064E+00  2.17803E-28  1.42905E+06  1.99821E-03  8.85115E+00
 -2.32706E+00  2.17765E-28  1.42941E+06  1.99839E-03  8.84868E+00
 -2.23348E+00  2.17622E-28  1.42955E+06  1.99857E-03  8.82255E+00
 -2.13991E+00  2.17657E-28  1.42915E+06  1.99848E-03  8.80809E+00
 -2.04633E+00  2.17570E-28  1.42909E+06  1.99848E-03  8.80145E+00
 -1.95275E+00  2.17760E-28  1.42695E+06  1.99794E-03  8.88264E+00
 -1.85917E+00  2.17548E-28  1.42607E+06  1.99797E-03  9.01916E+00
 -1.76559E+00  2.17265E-28  1.42496E+06  1.99789E-03  9.16508E+00
 -1.67201E+00  2.17029E-28  1.42381E+06  1.99765E-03  9.24337E+00
 -1.57843E+00  2.16563E-28  1.42238E+06  1.99782E-03  9.59470E+00
 -1.48485E+00  2.16221E-28  1.42123E+06  1.99772E-03  9.80435E+00
 -1.39127E+00  2.15998E-28  1.41823E+06  1.99734E-03  1.00644E+01
 -1.29769E+00  2.15697E-28  1.41618E+06  1.99732E-03  1.03689E+01
 -1.20411E+00  2.15392E-28  1.41569E+06  1.99732E-03  1.05131E+01
 -1.11053E+00  2.15077E-28  1.41564E+06  1.99752E-03  1.06306E+01
 -1.01695E+00  2.15020E-28  1.41521E+06  1.99745E-03  1.06676E+01
 -9.23367E-01  2.14934E-28  1.41515E+06  1.99748E-03  1.06527E+01
 -8.29787E-01  2.14680E-28  1.41674E+06  1.99797E-03  1.06501E+01
 -7.36207E-01  2.14602E-28  1.41588E+06  1.99782E-03  1.06890E+01
 -6.42628E-01  2.14304E-28  1.41526E+06  1.99778E-03  1.08316E+01
 -5.49048E-01  2.14075E-28  1.41392E+06  1.99761E-03  1.10522E+01
 -4.55468E-01  2.13422E-28  1.41303E+06  1.99786E-03  1.14061E+01
 -3.61888E-01  2.13095E-28  1.41043E+06  1.99757E-03  1.18256E+01
 -2.68308E-01  2.12689E-28  1.40724E+06  1.99721E-03  1.23027E+01
 -1.74728E-01  2.12100E-28  1.40526E+06  1.99722E-03  1.27526E+01
 -8.11484E-02  2.11696E-28  1.40205E+06  1.99702E-03  1.32502E+01
  1.24314E-02  2.11297E-28  1.39781E+06  1.99644E-03  1.38272E+01
  1.06011E-01  2.10686E-28  1.39457E+06  1.99591E-03  1.43487E+01
  1.99591E-01  2.10186E-28  1.39248E+06  1.99616E-03  1.47218E+01
  2.93171E-01  2.09509E-28  1.39062E+06  1.99653E-03  1.51748E+01
  3.86751E-01  2.09098E-28  1.38889E+06  1.99669E-03  1.54625E+01
  4.80331E-01  2.08325E-28  1.38810E+06  1.99745E-03  1.57832E+01
  5.73911E-01  2.07888E-28  1.38593E+06  1.99746E-03  1.60754E+01
  6.67490E-01  2.07435E-28  1.38345E+06  1.99765E-03  1.64090E+01
  7.61070E-01  2.06888E-28  1.37993E+06  1.99753E-03  1.68393E+01
  8.54650E-01  2.06470E-28  1.37838E+06  1.99766E-03  1.70078E+01
  9.48230E-01  2.05988E-28  1.37696E+06  1.99792E-03  1.71257E+01
  1.04181E+00  2.05782E-28  1.37501E+06  1.99780E-03  1.72050E+01
  1.13539E+00  2.05438E-28  1.37385E+06  1.99791E-03  1.71932E+01
  1.22897E+00  2.05159E-28  1.37327E+06  1.99804E-03  1.71498E+01
  1.32255E+00  2.05061E-28  1.37059E+06  1.99760E-03  1.71654E+01
  1.41613E+00  2.04977E-28  1.37067E+06  1.99764E-03  1.69277E+01
  1.50971E+00  2.05138E-28  1.37286E+06  1.99789E-03  1.64450E+01
  1.60329E+00  2.05471E-28  1.37506E+06  1.99797E-03  1.58400E+01
  1.69687E+00  2.05719E-28  1.37689E+06  1.99807E-03  1.53560E+01
  1.79045E+00  2.06058E-28  1.37889E+06  1.99812E-03  1.47416E+01
  1.88403E+00  2.06257E-28  1.38140E+06  1.99843E-03  1.41416E+01
  1.97761E+00  2.06213E-28  1.38002E+06  1.99818E-03  1.38542E+01
  2.07119E+00  2.06221E-28  1.37873E+06  1.99790E-03  1.35555E+01
  2.16477E+00  2.06127E-28  1.37928E+06  1.99808E-03  1.31491E+01
  2.25835E+00  2.05910E-28  1.37877E+06  1.99819E-03  1.28469E+01
  2.35193E+00  2.05677E-28  1.37875E+06  1.99838E-03  1.24757E+01
  2.44551E+00  2.05396E-28  1.37847E+06  1.99857E-03  1.21258E+01
  2.53909E+00  2.05106E-28  1.37814E+06  1.99876E-03  1.17670E+01
  2.63267E+00  2.04942E-28  1.37844E+06  1.99898E-03  1.13619E+01
  2.72625E+00  2.04514E-28  1.37677E+06  1.99898E-03  1.09471E+01
  2.81983E+00  2.04137E-28  1.37544E+06  1.99903E-03  1.05762E+01
  2.91341E+00  2.04109E-28  1.37590E+06  1.99918E-03  1.03863E+01
  3.00699E+00  2.03932E-28  1.37574E+06  1.99929E-03  1.03653E+01
  3.10057E+00  2.03774E-28  1.37655E+06  1.99927E-03  1.05271E+01
  3.19415E+00  2.04133E-28  1.37472E+06  1.99720E-03  1.10158E+01
  3.28773E+00  2.07398E-28  1.35238E+06  1.98775E-03  1.13335E+01
  3.38131E+00  2.33013E-28  1.20127E+06  1.92066E-03  1.14016E+01
  3.47489E+00  3.35260E-28  8.30976E+05  1.73567E-03  1.16679E+01
  3.56847E+00  3.85147E-28  7.22053E+05  1.68105E-03  1.31162E+01
  3.66205E+00  4.05639E-28  6.85232E+05  1.65937E-03  1.51608E+01
  3.75563E+00  4.04180E-28  6.87396E+05  1.65523E-03  1.62129E+01
  3.84921E+00  4.13035E-28  6.77174E+05  1.64052E-03  1.65667E+01
  3.94279E+00  4.29482E-28  6.57922E+05  1.62172E-03  1.62395E+01
  4.03637E+00  4.38713E-28  6.50437E+05  1.61114E-03  1.54838E+01
  4.12995E+00  3.35229E-28  8.72552E+05  1.74054E-03  1.30087E+01
  4.22353E+00  2.72308E-28  1.08886E+06  1.85452E-03  1.17064E+01
  4.31710E+00  2.25440E-28  1.33927E+06  1.96971E-03  9.24361E+00
  4.41068E+00  2.17929E-28  1.40144E+06  1.99083E-03  6.90034E+00
  4.50426E+00  2.16047E-28  1.42766E+06  1.99814E-03  5.03286E+00
  4.59784E+00  2.17285E-28  1.43441E+06  1.99957E-03  3.72737E+00
  4.69142E+00  2.18593E-28  1.43995E+06  1.99984E-03  2.33903E+00
  4.78500E+00  2.19224E-28  1.44283E+06  1.99986E-03  1.75298E+00
  4.87858E+00  2.20301E-28  1.44850E+06  1.99981E-03  4.94764E-01
  4.97216E+00  2.21311E-28  1.45356E+06  1.99971E-03 -1.03025E+00
  5.06574E+00  2.22519E-28  1.45906E+06  1.99972E-03 -3.17174E+00
  5.15932E+00  2.23638E-28  1.46399E+06  1.99973E-03 -5.31309E+00
  5.25290E+00  2.24754E-28  1.46889E+06  1.99981E-03 -7.77602E+00
  5.34648E+00  2.25663E-28  1.47231E+06  1.99988E-03 -1.00748E+01
  5.44006E+00  2.27164E-28  1.47798E+06  1.99989E-03 -1.35532E+01
  5.53364E+00  2.28413E-28  1.48536E+06  1.99972E-03 -1.69672E+01
  5.62722E+00  2.28626E-28  1.49066E+06  1.99873E-03 -1.90418E+01
  5.72080E+00  2.33933E-28  1.46772E+06  1.98521E-03 -2.20930E+01
  5.81438E+00  2.45450E-28  1.40398E+06  1.95186E-03 -2.44389E+01
  5.90796E+00  2.74323E-28  1.25984E+06  1.87115E-03 -2.90128E+01
  6.00154E+00  3.06396E-28  1.12577E+06  1.79988E-03 -3.25883E+01
  6.09512E+00  5.20597E-28  6.59653E+05  1.57125E-03 -3.46852E+01
  6.18870E+00  2.08861E-27  1.63333E+05  1.30997E-03 -4.04580E+01
  6.28228E+00  9.71687E-27  3.23987E+04  1.23583E-03 -4.96714E+01
  6.37586E+00  1.72822E-26  1.71745E+04  1.21821E-03 -5.71891E+01
  6.46944E+00  1.52212E-26  1.93114E+04  1.21408E-03 -6.51679E+01
  6.56302E+00  9.39955E-27  2.72531E+04  1.21763E-03 -7.21992E+01
  6.65660E+00  6.39578E-27  3.94374E+04  1.22509E-03 -7.60558E+01
  6.75018E+00  5.36659E-27  4.56786E+04  1.23915E-03 -7.87572E+01
  6.84376E+00  2.52171E-27  1.02625E+05  1.27406E-03 -8.05565E+01
  6.93734E+00  1.33022E-27  1.99312E+05  1.32643E-03 -8.11150E+01
  7.03092E+00  8.76997E-28  3.14529E+05  1.39341E-03 -8.08483E+01
  7.12450E+00  8.26920E-28  3.43255E+05  1.41011E-03 -7.89770E+01
  7.21808E+00  7.75327E-28  3.75232E+05  1.42510E-03 -7.87720E+01
  7.31166E+00  7.60992E-28  3.89947E+05  1.42707E-03 -7.77353E+01
  7.40524E+00  6.88723E-28  4.32777E+05  1.45828E-03 -7.81258E+01
  7.49882E+00  5.90584E-28  5.03338E+05  1.50467E-03 -7.94483E+01
  7.59240E+00  5.70631E-28  5.21173E+05  1.51205E-03 -7.61918E+01
  7.68598E+00  5.19570E-28  5.77439E+05  1.53608E-03 -7.33335E+01
  7.77956E+00  4.49012E-28  6.75334E+05  1.57754E-03 -6.85108E+01
  7.87314E+00  4.10345E-28  7.43033E+05  1.60901E-03 -6.34323E+01
  7.96672E+00  3.46687E-28  8.83256E+05  1.68006E-03 -5.81122E+01
  8.06030E+00  3.11718E-28  9.83113E+05  1.73258E-03 -5.27964E+01
  8.15388E+00  2.90370E-28  1.05907E+06  1.77927E-03 -4.90006E+01
  8.24746E+00  2.88371E-28  1.06852E+06  1.78579E-03 -4.71557E+01
  8.34104E+00  2.82340E-28  1.09156E+06  1.79654E-03 -4.53414E+01
  8.43462E+00  2.78397E-28  1.10938E+06  1.80263E-03 -4.43342E+01
  8.52820E+00  2.75868E-28  1.12214E+06  1.79864E-03 -4.44099E+01
  8.62178E+00  2.65351E-28  1.17275E+06  1.80468E-03 -4.51311E+01
  8.71536E+00  2.61284E-28  1.19716E+06  1.79324E-03 -4.59888E+01
  8.80894E+00  2.91268E-28  1.07768E+06  1.72258E-03 -4.87124E+01
  8.90252E+00  2.81421E-28  1.11930E+06  1.77830E-03 -4.85052E+01
  8.99610E+00  2.70187E-28  1.16915E+06  1.81850E-03 -4.60049E+01
  9.08968E+00  3.18355E-28  9.97426E+05  1.72376E-03 -3.81502E+01
  9.18326E+00  3.85478E-28  8.30037E+05  1.63521E-03 -3.02828E+01
  9.27684E+00  4.16362E-28  7.70804E+05  1.60971E-03 -2.87939E+01
  9.37042E+00  4.78332E-28  6.70398E+05  1.57637E-03 -2.86710E+01
  9.46400E+00  5.19311E-28  6.15991E+05  1.56222E-03 -2.87617E+01
  9.55758E+00  5.88129E-28  5.40971E+05  1.53503E-03 -3.27877E+01
  9.65116E+00  5.66473E-28  5.63093E+05  1.54900E-03 -3.59083E+01
  9.74474E+00  4.69738E-28  6.86046E+05  1.61346E-03 -3.85276E+01
  9.83832E+00  3.59681E-28  9.05505E+05  1.71027E-03 -4.29244E+01
  9.93190E+00  3.41438E-28  9.56516E+05  1.70937E-03 -4.59065E+01
  1.00255E+01  4.01028E-28  8.14596E+05  1.57571E-03 -4.98407E+01
  1.01191E+01  6.50011E-28  5.03335E+05  1.44011E-03 -5.16536E+01
  1.02126E+01  1.47392E-27  2.23161E+05  1.30200E-03 -5.80631E+01
  1.03062E+01  2.44840E-27  1.28621E+05  1.26041E-03 -6.73875E+01
  1.03998E+01  2.15673E-27  1.38358E+05  1.27007E-03 -7.36629E+01
  1.04934E+01  1.46839E-27  1.93562E+05  1.29769E-03 -7.78622E+01
  1.05870E+01  1.33550E-27  2.14946E+05  1.30224E-03 -7.67446E+01
  1.06805E+01  9.49326E-28  3.08787E+05  1.36323E-03 -7.32039E+01
  1.07741E+01  6.75289E-28  4.31472E+05  1.45100E-03 -6.87275E+01
  1.08677E+01  3.83243E-28  7.52180E+05  1.66548E-03 -6.04074E+01
  1.09613E+01  3.41736E-28  8.37391E+05  1.70937E-03 -4.92009E+01
  1.10549E+01  3.66314E-28  7.71258E+05  1.67386E-03 -4.36979E+01
  1.11484E+01  5.00132E-28  5.51701E+05  1.55781E-03 -3.88949E+01
  1.12420E+01  5.57223E-28  4.74834E+05  1.52012E-03 -3.33521E+01
  1.13356E+01  5.61962E-28  4.47316E+05  1.50195E-03 -2.77637E+01
  1.14292E+01  5.34980E-28  4.52590E+05  1.52208E-03 -2.85859E+01
  1.15228E+01  7.37221E-28  3.19908E+05  1.43783E-03 -3.95012E+01
  1.16163E+01  7.03984E-28  3.44998E+05  1.44210E-03 -4.41990E+01
  1.17099E+01  7.77943E-28  3.13501E+05  1.41547E-03 -5.53072E+01
  1.18035E+01  1.00381E-27  2.42980E+05  1.38234E-03 -6.50379E+01
  1.18971E+01  1.47413E-27  1.66680E+05  1.32704E-03 -7.41462E+01
  1.19907E+01  1.83956E-27  1.36317E+05  1.29569E-03 -7.76367E+01
  1.20842E+01  1.96148E-27  1.31892E+05  1.28674E-03 -7.67716E+01
  1.21778E+01  1.80157E-27  1.48132E+05  1.29673E-03 -7.47463E+01
  1.22714E+01  1.03628E-27  2.61004E+05  1.36875E-03 -7.47232E+01
  1.23650E+01  6.23551E-28  4.43733E+05  1.48865E-03 -7.47509E+01
  1.24586E+01  4.90266E-28  5.72585E+05  1.56930E-03 -7.42939E+01
  1.25521E+01  3.48449E-28  8.20147E+05  1.70494E-03 -7.29690E+01
  1.26457E+01  3.18007E-28  9.15313E+05  1.75480E-03 -7.08629E+01
  1.27393E+01  3.09136E-28  9.63614E+05  1.77491E-03 -6.55167E+01
  1.28329E+01  3.03525E-28  9.96397E+05  1.78734E-03 -6.22039E+01
  1.29265E+01  2.94710E-28  1.04484E+06  1.79943E-03 -5.71918E+01
  1.30200E+01  2.93390E-28  1.06436E+06  1.80183E-03 -5.17545E+01
  1.31136E+01  2.89444E-28  1.09112E+06  1.80914E-03 -4.73054E+01
  1.32072E+01  2.79343E-28  1.13897E+06  1.82220E-03 -3.99744E+01
  1.33008E+01  2.52089E-28  1.25624E+06  1.88956E-03 -3.29395E+01
  1.33944E+01  2.71283E-28  1.16218E+06  1.83043E-03 -2.79282E+01
  1.34879E+01  2.77415E-28  1.12958E+06  1.80732E-03 -2.37290E+01
  1.35815E+01  2.80588E-28  1.10882E+06  1.80140E-03 -2.03452E+01
  1.36751E+01  2.90242E-28  1.05657E+06  1.78394E-03 -1.56616E+01
  1.37687E+01  2.55577E-28  1.19187E+06  1.86375E-03 -1.39880E+01
  1.38623E+01  2.63332E-28  1.13855E+06  1.83616E-03 -1.51530E+01
  1.39558E+01  4.27744E-28  6.86301E+05  1.59253E-03 -2.55351E+01
  1.40494E+01  7.27150E-28  3.98992E+05  1.45883E-03 -3.44893E+01
  1.41430E+01  8.46752E-28  3.36756E+05  1.45024E-03 -3.91508E+01
  1.42366E+01  6.76394E-28  4.14474E+05  1.53764E-03 -4.23283E+01
  1.43301E+01  5.05816E-28  5.47458E+05  1.61983E-03 -4.29459E+01
  1.44237E+01  4.19606E-28  6.62697E+05  1.63522E-03 -4.16669E+01
  1.45173E+01  3.86383E-28  7.29202E+05  1.65147E-03 -4.66887E+01
  1.46109E+01  3.90337E-28  7.42397E+05  1.64259E-03 -5.20620E+01
  1.47045E+01  3.74660E-28  7.84905E+05  1.66657E-03 -5.40171E+01
  1.47980E+01  3.38633E-28  8.74745E+05  1.72260E-03 -5.81754E+01
  1.48916E+01  3.30757E-28  8.92877E+05  1.73878E-03 -6.26544E+01
  1.49852E+01  3.32111E-28  8.85705E+05  1.73577E-03 -6.50950E+01
  1.50788E+01  3.51150E-28  8.31528E+05  1.71132E-03 -6.62959E+01
  1.51724E+01  3.60514E-28  8.06535E+05  1.70025E-03 -6.72510E+01
  1.52659E+01  3.80599E-28  7.62226E+05  1.67849E-03 -6.78313E+01
  1.53595E+01  4.15169E-28  6.99479E+05  1.64801E-03 -6.62289E+01
  1.54531E+01  4.38879E-28  6.68241E+05  1.63891E-03 -6.46817E+01
  1.55467E+01  5.30124E-28  5.57139E+05  1.59779E-03 -5.92215E+01
  1.56403E+01  5.92277E-28  5.05922E+05  1.57181E-03 -5.39973E+01
  1.57338E+01  6.42230E-28  4.69966E+05  1.56342E-03 -5.04198E+01
  1.58274E+01  6.84257E-28  4.42285E+05  1.54621E-03 -4.39629E+01
  1.59210E+01  7.26239E-28  4.24761E+05  1.54168E-03 -4.29250E+01
  1.60146E+01  1.00260E-27  3.14954E+05  1.49560E-03 -3.68784E+01
  1.61082E+01  9.17421E-28  3.44637E+05  1.48088E-03 -3.58169E+01
  1.62017E+01  9.19143E-28  3.46619E+05  1.48277E-03 -3.45546E+01
  1.62953E+01  9.65350E-28  3.34471E+05  1.49900E-03 -3.37697E+01
  1.63889E+01  1.11001E-27  2.94443E+05  1.46539E-03 -3.40452E+01
  1.64825E+01  1.65831E-27  1.98581E+05  1.46210E-03 -3.29124E+01
  1.65761E+01  1.66377E-27  1.99213E+05  1.48038E-03 -3.35894E+01
  1.66696E+01  1.90913E-27  1.74177E+05  1.48873E-03 -3.52905E+01
  1.67632E+01  2.34768E-27  1.41459E+05  1.47627E-03 -3.53844E+01
  1.68568E+01  2.05817E-27  1.60350E+05  1.48761E-03 -3.48089E+01
  1.69504E+01  1.63571E-27  1.98259E+05  1.50472E-03 -3.41201E+01
  1.70440E+01  1.25607E-27  2.56165E+05  1.51972E-03 -3.29522E+01
  1.71375E+01  8.75065E-28  3.65271E+05  1.56164E-03 -3.10853E+01
  1.72311E+01  6.40911E-28  4.96285E+05  1.62510E-03 -2.93175E+01
  1.73247E+01  5.57171E-28  5.71228E+05  1.65089E-03 -2.77658E+01
  1.74183E+01  4.74007E-28  6.70097E+05  1.68219E-03 -2.83634E+01
  1.75119E+01  4.37879E-28  7.25815E+05  1.71024E-03 -2.84080E+01
  1.76054E+01  4.07202E-28  7.82238E+05  1.73189E-03 -2.72560E+01
  1.76990E+01  3.95002E-28  8.05700E+05  1.71912E-03 -2.77356E+01
  1.77926E+01  3.79862E-28  8.39622E+05  1.73636E-03 -2.70473E+01
  1.78862E+01  3.73762E-28  8.56213E+05  1.74769E-03 -2.53232E+01
  1.79798E+01  3.79246E-28  8.44309E+05  1.73880E-03 -2.43735E+01
  1.80733E+01  3.93283E-28  8.14114E+05  1.72304E-03 -2.43593E+01
  1.81669E+01  3.65114E-28  8.77684E+05  1.75392E-03 -2.04950E+01
  1.82605E+01  3.42306E-28  9.36682E+05  1.78309E-03 -1.80319E+01
  1.83541E+01  3.73767E-28  8.57972E+05  1.74115E-03 -1.75508E+01
  1.84477E+01  3.40256E-28  9.42783E+05  1.78074E-03 -1.59311E+01
  1.85412E+01  3.01947E-28  1.06400E+06  1.84085E-03 -1.37521E+01
  1.86348E+01  3.09086E-28  1.04152E+06  1.83121E-03 -1.28965E+01
  1.87284E+01  2.92545E-28  1.10145E+06  1.85653E-03 -1.30602E+01
  1.88220E+01  2.69072E-28  1.20122E+06  1.89890E-03 -1.32531E+01
  1.89156E+01  2.40714E-28  1.34408E+06  1.95976E-03 -1.36753E+01
  1.90091E+01  2.40731E-28  1.34517E+06  1.96008E-03 -1.37763E+01
  1.91027E+01  2.33021E-28  1.39422E+06  1.97724E-03 -1.52675E+01
  1.91963E+01  2.27199E-28  1.42910E+06  1.98966E-03 -1.57658E+01
  1.92899E+01  2.25155E-28  1.44434E+06  1.99454E-03 -1.55589E+01
  1.93835E+01  2.23979E-28  1.45187E+06  1.99687E-03 -1.51185E+01
  1.94770E+01  2.23342E-28  1.45505E+06  1.99790E-03 -1.45225E+01
  1.95706E+01  2.23527E-28  1.45567E+06  1.99749E-03 -1.28561E+01
  1.96642E+01  2.23618E-28  1.45451E+06  1.99709E-03 -1.26277E+01
  1.97578E+01  2.28840E-28  1.41780E+06  1.98019E-03 -9.32049E+00
  1.98514E+01  2.34911E-28  1.37683E+06  1.96127E-03 -7.03200E+00
  1.99449E+01  2.40420E-28  1.34378E+06  1.94559E-03 -5.79979E+00
  2.00385E+01  2.52016E-28  1.27645E+06  1.91471E-03 -1.44996E+00
  2.01321E+01  2.54525E-28  1.25996E+06  1.90662E-03 -5.26000E-01
  2.02257E+01  2.61112E-28  1.22657E+06  1.89132E-03  1.88145E+00
  2.03193E+01  2.84157E-28  1.11943E+06  1.84163E-03  5.03768E+00
  2.04128E+01  2.98339E-28  1.06031E+06  1.81375E-03  6.52208E+00
  2.05064E+01  2.96300E-28  1.06629E+06  1.81596E-03  8.21394E+00
  2.06000E+01  2.97467E-28  1.06150E+06  1.81372E-03  8.08874E+00
  2.06936E+01  2.92935E-28  1.07829E+06  1.82119E-03  7.52309E+00
  2.07872E+01  2.89517E-28  1.09181E+06  1.82693E-03  6.47719E+00
  2.08807E+01  2.86271E-28  1.10576E+06  1.83339E-03  6.02013E+00
  2.09743E+01  2.67968E-28  1.19072E+06  1.87336E-03  2.90419E+00
  2.10679E+01  2.71006E-28  1.17611E+06  1.86784E-03  1.42459E+00
  2.11615E+01  2.60340E-28  1.23044E+06  1.89409E-03 -1.37439E+00
  2.12551E+01  2.64502E-28  1.21316E+06  1.88568E-03 -2.69975E+00
  2.13486E+01  2.60757E-28  1.23015E+06  1.89508E-03 -4.61359E+00
  2.14422E+01  2.39587E-28  1.35051E+06  1.95160E-03 -8.55287E+00
  2.15358E+01  2.38609E-28  1.35653E+06  1.95453E-03 -8.79499E+00
  2.16294E+01  2.32549E-28  1.39806E+06  1.97250E-03 -1.09872E+01
  2.17230E+01  2.28021E-28  1.42722E+06  1.98533E-03 -1.23281E+01
  2.18165E+01  2.27919E-28  1.43156E+06  1.98650E-03 -1.34543E+01
  2.19101E+01  2.25221E-28  1.45373E+06  1.99482E-03 -1.46538E+01
  2.20037E+01  2.24549E-28  1.45451E+06  1.99561E-03 -1.48738E+01
  2.20973E+01  2.24187E-28  1.45986E+06  1.99724E-03 -1.56866E+01
  2.21909E+01  2.24049E-28  1.46583E+06  1.99882E-03 -1.65028E+01
  2.22844E+01  2.23763E-28  1.46491E+06  1.99904E-03 -1.69256E+01
  2.23780E+01  2.23944E-28  1.46643E+06  1.99951E-03 -1.77943E+01
  2.24716E+01  2.23941E-28  1.46607E+06  1.99936E-03 -1.81430E+01
  2.25652E+01  2.24024E-28  1.46629E+06  1.99939E-03 -1.87592E+01
  2.26588E+01  2.23929E-28  1.46605E+06  1.99940E-03 -1.92178E+01
  2.27523E+01  2.23816E-28  1.46553E+06  1.99939E-03 -1.91794E+01
  2.28459E+01  2.24089E-28  1.46662E+06  1.99957E-03 -1.95755E+01
  2.29395E+01  2.23859E-28  1.46583E+06  1.99953E-03 -1.95766E+01
  2.30331E+01  2.23816E-28  1.46556E+06  1.99955E-03 -1.97647E+01
  2.31267E+01  2.23995E-28  1.46649E+06  1.99967E-03 -1.99772E+01
  2.32202E+01  2.23700E-28  1.46622E+06  1.99960E-03 -2.01213E+01
  2.33138E+01  2.23645E-28  1.46582E+06  1.99968E-03 -2.02674E+01
  2.34074E+01  2.23627E-28  1.46571E+06  1.99970E-03 -2.03015E+01
  2.35010E+01  2.23925E-28  1.46531E+06  1.99981E-03 -2.04235E+01
  2.35946E+01  2.23769E-28  1.46275E+06  1.99990E-03 -2.02490E+01
  2.36881E+01  2.23683E-28  1.46211E+06  1.99991E-03 -2.01830E+01
  2.37817E+01  2.23683E-28  1.46211E+06  1.99991E-03 -2.01830E+01
  2.38753E+01  2.23682E-28  1.46227E+06  1.99983E-03 -2.03136E+01
  2.39689E+01  2.23882E-28  1.46285E+06  1.99981E-03 -2.05264E+01
  2.40625E+01  2.24142E-28  1.46345E+06  1.99990E-03 -2.06967E+01
  2.41560E+01  2.23923E-28  1.46230E+06  1.99991E-03 -2.04834E+01
  2.42496E+01  2.23682E-28  1.46110E+06  1.99992E-03 -2.03146E+01
  2.43432E+01  2.23500E-28  1.46019E+06  1.99993E-03 -2.02293E+01
  2.44368E+01  2.23542E-28  1.46035E+06  1.99993E-03 -2.03374E+01
  2.45304E+01  2.23655E-28  1.46071E+06  1.99996E-03 -2.03485E+01
  2.46239E+01  2.23672E-28  1.46076E+06  1.99997E-03 -2.03308E+01
  2.47175E+01  2.23650E-28  1.46067E+06  1.99997E-03 -2.02479E+01
  2.48111E+01  2.23571E-28  1.46037E+06  1.99998E-03 -1.99598E+01
  2.49047E+01  2.23481E-28  1.46007E+06  1.99999E-03 -1.94972E+01
  2.49983E+01  2.23475E-28  1.46009E+06  2.00000E-03 -1.93441E+01
  2.50918E+01  2.23475E-28  1.46009E+06  2.00000E-03 -1.93441E+01
  2.51854E+01  2.23475E-28  1.46009E+06  2.00000E-03 -1.93441E+01
  2.52790E+01  2.23475E-28  1.46009E+06  2.00000E-03 -1.93441E+01
  2.53726E+01  2.23451E-28  1.45999E+06  2.00000E-03 -1.92030E+01
  2.54662E+01  2.23382E-28  1.45967E+06  2.00000E-03 -1.85776E+01
  2.55597E+01  2.23365E-28  1.45959E+06  2.00000E-03 -1.83782E+01
  2.56533E+01  2.23365E-28  1.45959E+06  2.00000E-03 -1.83782E+01
  2.57469E+01  2.23365E-28  1.45959E+06  2.00000E-03 -1.83782E+01
  2.58405E+01  2.23326E-28  1.45941E+06  2.00000E-03 -1.82928E+01
  2.59341E+01  2.23212E-28  1.45890E+06  2.00000E-03 -1.80486E+01
  2.60276E+01  2.23241E-28  1.45903E+06  2.00000E-03 -1.78920E+01
  2.61212E+01  2.23284E-28  1.45921E+06  2.00000E-03 -1.76615E+01
  2.62148E+01  2.23330E-28  1.45940E+06  2.00000E-03 -1.74130E+01
  2.63084E+01  2.23273E-28  1.45915E+06  2.00000E-03 -1.72735E+01
  2.64020E+01  2.23165E-28  1.45868E+06  2.00000E-03 -1.70140E+01
  2.64955E+01  2.23165E-28  1.45868E+06  2.00000E-03 -1.70140E+01
  2.65891E+01  2.23139E-28  1.45857E+06  2.00000E-03 -1.70922E+01
  2.66827E+01  2.23184E-28  1.45876E+06  2.00000E-03 -1.69379E+01
  2.67763E+01  2.23214E-28  1.45888E+06  2.00000E-03 -1.65442E+01
  2.68699E+01  2.23141E-28  1.45856E+06  2.00000E-03 -1.60510E+01
  2.69634E+01  2.23128E-28  1.45850E+06  2.00000E-03 -1.60846E+01
  2.70570E+01  2.23121E-28  1.45847E+06  2.00000E-03 -1.61014E+01
  2.71506E+01  2.23078E-28  1.45828E+06  2.00000E-03 -1.62095E+01
  2.72442E+01  2.23004E-28  1.45796E+06  2.00000E-03 -1.60734E+01
  2.73377E+01  2.22978E-28  1.45784E+06  2.00000E-03 -1.54398E+01
  2.74313E+01  2.23070E-28  1.45822E+06  2.00000E-03 -1.51397E+01
  2.75249E+01  2.23095E-28  1.45833E+06  2.00000E-03 -1.50571E+01
  2.76185E+01  2.23095E-28  1.45833E+06  2.00000E-03 -1.50571E+01
  2.77121E+01  2.23055E-28  1.45816E+06  2.00000E-03 -1.49387E+01
  2.78056E+01  2.22920E-28  1.45757E+06  2.00000E-03 -1.45398E+01
  2.78992E+01  2.22935E-28  1.45763E+06  2.00000E-03 -1.44966E+01
  2.79928E+01  2.23026E-28  1.45802E+06  2.00000E-03 -1.42312E+01
  2.80864E+01  2.23114E-28  1.45839E+06  2.00000E-03 -1.39793E+01
  2.81800E+01  2.23084E-28  1.45826E+06  2.00000E-03 -1.39055E+01
  2.82735E+01  2.22928E-28  1.45758E+06  2.00000E-03 -1.35238E+01
  2.83671E+01  2.22927E-28  1.45757E+06  2.00000E-03 -1.35209E+01
  2.84607E+01  2.22927E-28  1.45758E+06  2.00000E-03 -1.35209E+01
  2.85543E+01  2.22930E-28  1.45759E+06  2.00000E-03 -1.35143E+01
  2.86479E+01  2.22905E-28  1.45748E+06  2.00000E-03 -1.30834E+01
  2.87414E+01  2.22861E-28  1.45729E+06  2.00000E-03 -1.26703E+01
  2.88350E+01  2.22871E-28  1.45733E+06  2.00000E-03 -1.26491E+01
  2.89286E+01  2.22871E-28  1.45733E+06  2.00000E-03 -1.26491E+01
  2.90222E+01  2.22871E-28  1.45733E+06  2.00000E-03 -1.26491E+01
  2.91158E+01  2.22781E-28  1.45694E+06  2.00000E-03 -1.25344E+01
  2.92093E+01  2.22595E-28  1.45614E+06  2.00000E-03 -1.22031E+01
  2.93029E+01  2.22633E-28  1.45632E+06  2.00000E-03 -1.20137E+01
  2.93965E+01  2.22653E-28  1.45641E+06  2.00000E-03 -1.19361E+01
  2.94901E+01  2.22648E-28  1.45639E+06  2.00000E-03 -1.19498E+01
  2.95837E+01  2.22571E-28  1.45605E+06  2.00000E-03 -1.18512E+01
  2.96772E+01  2.22349E-28  1.45510E+06  2.00000E-03 -1.16298E+01
  2.97708E+01  2.22333E-28  1.45503E+06  2.00000E-03 -1.16134E+01
  2.98644E+01  2.22336E-28  1.45505E+06  2.00000E-03 -1.15303E+01
  2.99580E+01  2.22341E-28  1.45508E+06  2.00000E-03 -1.13809E+01
  3.00516E+01  2.22268E-28  1.45476E+06  2.00000E-03 -1.12659E+01
  3.01451E+01  2.22079E-28  1.45393E+06  2.00000E-03 -1.10349E+01
  3.02387E+01  2.22070E-28  1.45389E+06  2.00000E-03 -1.10238E+01
  3.03323E+01  2.22070E-28  1.45389E+06  2.00000E-03 -1.10238E+01
  3.04259E+01  2.22070E-28  1.45389E+06  2.00000E-03 -1.10238E+01
  3.05195E+01  2.22013E-28  1.45363E+06  2.00000E-03 -1.08551E+01
  3.06130E+01  2.21921E-28  1.45322E+06  2.00000E-03 -1.05483E+01
  3.07066E+01  2.21921E-28  1.45322E+06  2.00000E-03 -1.04959E+01
  3.08002E+01  2.21921E-28  1.45322E+06  2.00000E-03 -1.04959E+01
  3.08938E+01  2.21921E-28  1.45322E+06  2.00000E-03 -1.04959E+01
  3.09874E+01  2.21884E-28  1.45306E+06  2.00000E-03 -1.04139E+01
  3.10809E+01  2.21811E-28  1.45273E+06  2.00000E-03 -1.02332E+01
  3.11745E+01  2.21800E-28  1.45268E+06  2.00000E-03 -1.01020E+01
  3.12681E+01  2.21803E-28  1.45268E+06  2.00000E-03 -9.99318E+00
  3.13617E+01  2.21803E-28  1.45268E+06  2.00000E-03 -9.99318E+00
  3.14553E+01  2.21789E-28  1.45262E+06  2.00000E-03 -9.94887E+00
  3.15488E+01  2.21739E-28  1.45240E+06  2.00000E-03 -9.78539E+00
  3.16424E+01  2.21734E-28  1.45237E+06  2.00000E-03 -9.76758E+00
  3.17360E+01  2.21704E-28  1.45224E+06  2.00000E-03 -9.75988E+00
  3.18296E+01  2.21534E-28  1.45149E+06  2.00000E-03 -9.71558E+00
  3.19232E+01  2.21428E-28  1.45102E+06  2.00000E-03 -9.62055E+00
  3.20167E+01  2.21381E-28  1.45081E+06  2.00000E-03 -9.33813E+00
  3.21103E+01  2.21376E-28  1.45078E+06  2.00000E-03 -9.29245E+00
  3.22039E+01  2.21376E-28  1.45078E+06  2.00000E-03 -9.29245E+00
  3.22975E+01  2.21376E-28  1.45078E+06  2.00000E-03 -9.29245E+00
  3.23911E+01  2.21376E-28  1.45078E+06  2.00000E-03 -9.29245E+00
  3.24846E+01  2.21376E-28  1.45078E+06  2.00000E-03 -9.29245E+00
  3.25782E+01  2.21376E-28  1.45078E+06  2.00000E-03 -9.29245E+00
  3.26718E+01  2.21376E-28  1.45078E+06  2.00000E-03 -9.29245E+00
  3.27654E+01  2.21376E-28  1.45078E+06  2.00000E-03 -9.29245E+00
  3.28590E+01  2.21408E-28  1.45092E+06  2.00000E-03 -9.24999E+00
  3.29525E+01  2.21506E-28  1.45135E+06  2.00000E-03 -9.12013E+00
  3.30461E+01  2.21375E-28  1.45078E+06  2.00000E-03 -9.02506E+00
  3.31397E+01  2.20943E-28  1.44886E+06  2.00000E-03 -8.81122E+00
  3.32333E+01  2.20919E-28  1.44876E+06  2.00000E-03 -8.79930E+00
  3.33269E+01  2.20919E-28  1.44876E+06  2.00000E-03 -8.79930E+00
  3.34204E+01  2.20919E-28  1.44876E+06  2.00000E-03 -8.79930E+00
  3.35140E+01  2.20919E-28  1.44876E+06  2.00000E-03 -8.79930E+00
  3.36076E+01  2.20919E-28  1.44876E+06  2.00000E-03 -8.79930E+00
  3.37012E+01  2.20919E-28  1.44876E+06  2.00000E-03 -8.79930E+00
  3.37948E+01  2.20961E-28  1.44894E+06  2.00000E-03 -8.77722E+00
  3.38883E+01  2.21126E-28  1.44966E+06  2.00000E-03 -8.69011E+00
  3.39819E+01  2.21166E-28  1.44984E+06  2.00000E-03 -8.66875E+00
  3.40755E+01  2.21166E-28  1.44984E+06  2.00000E-03 -8.66875E+00
  3.41691E+01  2.21166E-28  1.44984E+06  2.00000E-03 -8.66875E+00
  3.42627E+01  2.21072E-28  1.44943E+06  2.00000E-03 -8.62699E+00
  3.43562E+01  2.20844E-28  1.44843E+06  2.00000E-03 -8.52567E+00
  3.44498E+01  2.20549E-28  1.44714E+06  2.00000E-03 -8.39450E+00
  3.45434E+01  2.20549E-28  1.44714E+06  2.00000E-03 -8.39450E+00
  3.46370E+01  2.20549E-28  1.44714E+06  2.00000E-03 -8.39451E+00
  3.47306E+01  2.20588E-28  1.44731E+06  2.00000E-03 -8.42511E+00
  3.48241E+01  2.20837E-28  1.44841E+06  2.00000E-03 -8.29894E+00
  3.49177E+01  2.20972E-28  1.44900E+06  2.00000E-03 -8.28741E+00
  3.50113E+01  2.20962E-28  1.44896E+06  2.00000E-03 -8.27283E+00
  3.51049E+01  2.20973E-28  1.44901E+06  2.00000E-03 -8.28844E+00
  3.51985E+01  2.20982E-28  1.44905E+06  2.00000E-03 -8.30190E+00
  3.52920E+01  2.20989E-28  1.44908E+06  2.00000E-03 -8.31221E+00
  3.53856E+01  2.21013E-28  1.44919E+06  2.00000E-03 -8.34626E+00
  3.54792E+01  2.21040E-28  1.44930E+06  2.00000E-03 -8.38338E+00
  3.55728E+01  2.20915E-28  1.44876E+06  2.00000E-03 -8.32150E+00
  3.56664E+01  2.20701E-28  1.44782E+06  2.00000E-03 -8.18824E+00
  3.57599E+01  2.20917E-28  1.44877E+06  2.00000E-03 -7.86584E+00
  3.58535E+01  2.20952E-28  1.44892E+06  2.00000E-03 -7.84521E+00
  3.59471E+01  2.20952E-28  1.44892E+06  2.00000E-03 -7.84521E+00
  3.60407E+01  2.20952E-28  1.44892E+06  2.00000E-03 -7.84521E+00
  3.61343E+01  2.20952E-28  1.44892E+06  2.00000E-03 -7.84521E+00
  3.62278E+01  2.20952E-28  1.44892E+06  2.00000E-03 -7.84521E+00
  3.63214E+01  2.20951E-28  1.44892E+06  2.00000E-03 -7.84521E+00
  3.64150E+01  2.20952E-28  1.44892E+06  2.00000E-03 -7.84521E+00
  3.65086E+01  2.20951E-28  1.44892E+06  2.00000E-03 -7.84521E+00
  3.66022E+01  2.20962E-28  1.44896E+06  2.00000E-03 -7.83610E+00
  3.66957E+01  2.21229E-28  1.45014E+06  2.00000E-03 -7.60654E+00
  3.67893E+01  2.21265E-28  1.45029E+06  2.00000E-03 -7.57530E+00
  3.68829E+01  2.21065E-28  1.44942E+06  2.00000E-03 -7.53659E+00
  3.69765E+01  2.20820E-28  1.44834E+06  2.00000E-03 -7.48900E+00
  3.70701E+01  2.20789E-28  1.44820E+06  2.00000E-03 -7.48313E+00
  3.71636E+01  2.20789E-28  1.44820E+06  2.00000E-03 -7.48313E+00
  3.72572E+01  2.20789E-28  1.44820E+06  2.00000E-03 -7.48313E+00
  3.73508E+01  2.20789E-28  1.44820E+06  2.00000E-03 -7.48313E+00
  3.74444E+01  2.20789E-28  1.44820E+06  2.00000E-03 -7.48313E+00
  3.75380E+01  2.20789E-28  1.44820E+06  2.00000E-03 -7.48313E+00
  3.76315E+01  2.20874E-28  1.44857E+06  2.00000E-03 -7.39474E+00
  3.77251E+01  2.20899E-28  1.44868E+06  2.00000E-03 -7.36851E+00
  3.78187E+01  2.20899E-28  1.44868E+06  2.00000E-03 -7.36851E+00
  3.79123E+01  2.20899E-28  1.44868E+06  2.00000E-03 -7.36851E+00
  3.80059E+01  2.20899E-28  1.44868E+06  2.00000E-03 -7.36851E+00
  3.80994E+01  2.20818E-28  1.44833E+06  2.00000E-03 -7.37316E+00
  3.81930E+01  2.20580E-28  1.44728E+06  2.00000E-03 -7.38683E+00
  3.82866E+01  2.20348E-28  1.44626E+06  2.00000E-03 -7.40017E+00
  3.83802E+01  2.20348E-28  1.44626E+06  2.00000E-03 -7.40017E+00
  3.84738E+01  2.20348E-28  1.44626E+06  2.00000E-03 -7.40017E+00
  3.85673E+01  2.20303E-28  1.44606E+06  2.00000E-03 -7.35568E+00
  3.86609E+01  2.20287E-28  1.44599E+06  2.00000E-03 -7.33962E+00
  3.87545E+01  2.20287E-28  1.44599E+06  2.00000E-03 -7.33962E+00
  3.88481E+01  2.20287E-28  1.44599E+06  2.00000E-03 -7.33962E+00
  3.89417E+01  2.20287E-28  1.44599E+06  2.00000E-03 -7.33962E+00
  3.90352E+01  2.20287E-28  1.44599E+06  2.00000E-03 -7.33962E+00
  3.91288E+01  2.20287E-28  1.44599E+06  2.00000E-03 -7.33962E+00
  3.92224E+01  2.20287E-28  1.44599E+06  2.00000E-03 -7.33962E+00
  3.93160E+01  2.20253E-28  1.44584E+06  2.00000E-03 -7.33978E+00
  3.94095E+01  2.20112E-28  1.44522E+06  2.00000E-03 -7.34044E+00
  3.95031E+01  2.19819E-28  1.44393E+06  2.00000E-03 -7.24509E+00
  3.95967E+01  2.19807E-28  1.44387E+06  2.00000E-03 -7.21133E+00
  3.96903E+01  2.19807E-28  1.44387E+06  2.00000E-03 -7.21133E+00
  3.97839E+01  2.19807E-28  1.44387E+06  2.00000E-03 -7.21133E+00
  3.98774E+01  2.19807E-28  1.44387E+06  2.00000E-03 -7.21133E+00
  3.99710E+01  2.19807E-28  1.44387E+06  2.00000E-03 -7.21133E+00
  4.00646E+01  2.19807E-28  1.44387E+06  2.00000E-03 -7.21133E+00
  4.01582E+01  2.19807E-28  1.44387E+06  2.00000E-03 -7.21133E+00
  4.02518E+01  2.19811E-28  1.44390E+06  2.00000E-03 -7.21123E+00
  4.03453E+01  2.19815E-28  1.44391E+06  2.00000E-03 -7.21115E+00
  4.04389E+01  2.19739E-28  1.44357E+06  2.00000E-03 -7.11851E+00
  4.05325E+01  2.19660E-28  1.44323E+06  2.00000E-03 -7.02482E+00
  4.06261E+01  2.19670E-28  1.44327E+06  2.00000E-03 -6.99773E+00
