 -4.05076E+01  2.17860E-28  1.43520E+06  2.00000E-03  1.86427E-01
 -4.04141E+01  2.17739E-28  1.43467E+06  2.00000E-03  2.57511E-01
 -4.03205E+01  2.17680E-28  1.43441E+06  2.00000E-03  2.92772E-01
 -4.02269E+01  2.17680E-28  1.43441E+06  2.00000E-03  2.92772E-01
 -4.01333E+01  2.17680E-28  1.43441E+06  2.00000E-03  2.92772E-01
 -4.00397E+01  2.17680E-28  1.43441E+06  2.00000E-03  2.92772E-01
 -3.99462E+01  2.17680E-28  1.43441E+06  2.00000E-03  2.92772E-01
 -3.98526E+01  2.17680E-28  1.43441E+06  2.00000E-03  2.92772E-01
 -3.97590E+01  2.17680E-28  1.43441E+06  2.00000E-03  2.92772E-01
 -3.96654E+01  2.17680E-28  1.43441E+06  2.00000E-03  2.92772E-01
 -3.95718E+01  2.17661E-28  1.43433E+06  2.00000E-03  3.07715E-01
 -3.94783E+01  2.17363E-28  1.43302E+06  2.00000E-03  5.44200E-01
 -3.93847E+01  2.17215E-28  1.43237E+06  2.00000E-03  6.62699E-01
 -3.92911E+01  2.17003E-28  1.43144E+06  2.00000E-03  8.37755E-01
 -3.91975E+01  2.16940E-28  1.43116E+06  2.00000E-03  8.89231E-01
 -3.91039E+01  2.16940E-28  1.43116E+06  2.00000E-03  8.89231E-01
 -3.90104E+01  2.16940E-28  1.43116E+06  2.00000E-03  8.89231E-01
 -3.89168E+01  2.16940E-28  1.43116E+06  2.00000E-03  8.89231E-01
 -3.88232E+01  2.16940E-28  1.43116E+06  2.00000E-03  8.89231E-01
 -3.87296E+01  2.16940E-28  1.43116E+06  2.00000E-03  8.89231E-01
 -3.86360E+01  2.16933E-28  1.43113E+06  2.00000E-03  8.95004E-01
 -3.85425E+01  2.16768E-28  1.43040E+06  2.00000E-03  1.02238E+00
 -3.84489E+01  2.16646E-28  1.42987E+06  2.00000E-03  1.11610E+00
 -3.83553E+01  2.16646E-28  1.42987E+06  2.00000E-03  1.11610E+00
 -3.82617E+01  2.16646E-28  1.42987E+06  2.00000E-03  1.11610E+00
 -3.81681E+01  2.16646E-28  1.42987E+06  2.00000E-03  1.11854E+00
 -3.80746E+01  2.16646E-28  1.42987E+06  2.00000E-03  1.12818E+00
 -3.79810E+01  2.16646E-28  1.42987E+06  2.00000E-03  1.14615E+00
 -3.78874E+01  2.16646E-28  1.42987E+06  2.00000E-03  1.14788E+00
 -3.77938E+01  2.16646E-28  1.42987E+06  2.00000E-03  1.14788E+00
 -3.77002E+01  2.16646E-28  1.42987E+06  2.00000E-03  1.14805E+00
 -3.76067E+01  2.16644E-28  1.42986E+06  2.00000E-03  1.15739E+00
 -3.75131E+01  2.16643E-28  1.42986E+06  2.00000E-03  1.16222E+00
 -3.74195E+01  2.16643E-28  1.42986E+06  2.00000E-03  1.16222E+00
 -3.73259E+01  2.16643E-28  1.42986E+06  2.00000E-03  1.16222E+00
 -3.72323E+01  2.16643E-28  1.42986E+06  2.00000E-03  1.16222E+00
 -3.71388E+01  2.16643E-28  1.42986E+06  2.00000E-03  1.16222E+00
 -3.70452E+01  2.16643E-28  1.42986E+06  2.00000E-03  1.16222E+00
 -3.69516E+01  2.16643E-28  1.42986E+06  2.00000E-03  1.16222E+00
 -3.68580E+01  2.16697E-28  1.43010E+06  2.00000E-03  1.12993E+00
 -3.67645E+01  2.16892E-28  1.43096E+06  2.00000E-03  1.01242E+00
 -3.66709E+01  2.17091E-28  1.43184E+06  2.00000E-03  8.71886E-01
 -3.65773E+01  2.17173E-28  1.43219E+06  2.00000E-03  8.04138E-01
 -3.64837E+01  2.17173E-28  1.43219E+06  2.00000E-03  8.04138E-01
 -3.63901E+01  2.17173E-28  1.43219E+06  2.00000E-03  8.04138E-01
 -3.62966E+01  2.17173E-28  1.43219E+06  2.00000E-03  8.04138E-01
 -3.62030E+01  2.17173E-28  1.43219E+06  2.00000E-03  8.04138E-01
 -3.61094E+01  2.17201E-28  1.43232E+06  2.00000E-03  7.90509E-01
 -3.60158E+01  2.17250E-28  1.43253E+06  2.00000E-03  7.66562E-01
 -3.59222E+01  2.17250E-28  1.43253E+06  2.00000E-03  7.66625E-01
 -3.58287E+01  2.17272E-28  1.43263E+06  2.00000E-03  7.55688E-01
 -3.57351E+01  2.17292E-28  1.43272E+06  2.00000E-03  7.33716E-01
 -3.56415E+01  2.17304E-28  1.43277E+06  2.00000E-03  7.24624E-01
 -3.55479E+01  2.17303E-28  1.43277E+06  2.00000E-03  7.54132E-01
 -3.54543E+01  2.17287E-28  1.43270E+06  2.00000E-03  8.10905E-01
 -3.53608E+01  2.17278E-28  1.43266E+06  2.00000E-03  8.28878E-01
 -3.52672E+01  2.17278E-28  1.43266E+06  2.00000E-03  8.28878E-01
 -3.51736E+01  2.17278E-28  1.43266E+06  2.00000E-03  8.28878E-01
 -3.50800E+01  2.17278E-28  1.43266E+06  2.00000E-03  8.28878E-01
 -3.49864E+01  2.17278E-28  1.43266E+06  2.00000E-03  8.28878E-01
 -3.48929E+01  2.17278E-28  1.43266E+06  2.00000E-03  8.28878E-01
 -3.47993E+01  2.17203E-28  1.43233E+06  2.00000E-03  8.80321E-01
 -3.47057E+01  2.17098E-28  1.43187E+06  2.00000E-03  9.52604E-01
 -3.46121E+01  2.17098E-28  1.43187E+06  2.00000E-03  9.52604E-01
 -3.45185E+01  2.17098E-28  1.43187E+06  2.00000E-03  9.52604E-01
 -3.44250E+01  2.17098E-28  1.43187E+06  2.00000E-03  9.52604E-01
 -3.43314E+01  2.17092E-28  1.43184E+06  2.00000E-03  9.59559E-01
 -3.42378E+01  2.17008E-28  1.43148E+06  2.00000E-03  1.05861E+00
 -3.41442E+01  2.16963E-28  1.43128E+06  2.00000E-03  1.11189E+00
 -3.40506E+01  2.16950E-28  1.43123E+06  2.00000E-03  1.12722E+00
 -3.39571E+01  2.16950E-28  1.43123E+06  2.00000E-03  1.12722E+00
 -3.38635E+01  2.16894E-28  1.43098E+06  2.00000E-03  1.16260E+00
 -3.37699E+01  2.16817E-28  1.43064E+06  2.00000E-03  1.21193E+00
 -3.36763E+01  2.16817E-28  1.43064E+06  2.00000E-03  1.21193E+00
 -3.35827E+01  2.16817E-28  1.43064E+06  2.00000E-03  1.21193E+00
 -3.34892E+01  2.16817E-28  1.43064E+06  2.00000E-03  1.21193E+00
 -3.33956E+01  2.16817E-28  1.43064E+06  2.00000E-03  1.21193E+00
 -3.33020E+01  2.16817E-28  1.43064E+06  2.00000E-03  1.21193E+00
 -3.32084E+01  2.16817E-28  1.43064E+06  2.00000E-03  1.21193E+00
 -3.31148E+01  2.16817E-28  1.43064E+06  2.00000E-03  1.21193E+00
 -3.30213E+01  2.16809E-28  1.43061E+06  2.00000E-03  1.22910E+00
 -3.29277E+01  2.16745E-28  1.43035E+06  2.00000E-03  1.31050E+00
 -3.28341E+01  2.16682E-28  1.43007E+06  2.00000E-03  1.34893E+00
 -3.27405E+01  2.16682E-28  1.43007E+06  2.00000E-03  1.34893E+00
 -3.26469E+01  2.16682E-28  1.43007E+06  2.00000E-03  1.34893E+00
 -3.25534E+01  2.16682E-28  1.43007E+06  2.00000E-03  1.34893E+00
 -3.24598E+01  2.16682E-28  1.43007E+06  2.00000E-03  1.34893E+00
 -3.23662E+01  2.16682E-28  1.43007E+06  2.00000E-03  1.34893E+00
 -3.22726E+01  2.16682E-28  1.43007E+06  2.00000E-03  1.34893E+00
 -3.21790E+01  2.16682E-28  1.43007E+06  2.00000E-03  1.34893E+00
 -3.20855E+01  2.16682E-28  1.43007E+06  2.00000E-03  1.34893E+00
 -3.19919E+01  2.16693E-28  1.43012E+06  2.00000E-03  1.29932E+00
 -3.18983E+01  2.16701E-28  1.43015E+06  2.00000E-03  1.26632E+00
 -3.18047E+01  2.16738E-28  1.43031E+06  2.00000E-03  1.25711E+00
 -3.17111E+01  2.16853E-28  1.43080E+06  2.00000E-03  1.22907E+00
 -3.16176E+01  2.17025E-28  1.43154E+06  2.00000E-03  1.18712E+00
 -3.15240E+01  2.17093E-28  1.43184E+06  2.00000E-03  1.11347E+00
 -3.14304E+01  2.17187E-28  1.43225E+06  2.00000E-03  1.01195E+00
 -3.13368E+01  2.17187E-28  1.43226E+06  2.00000E-03  1.01195E+00
 -3.12432E+01  2.17187E-28  1.43225E+06  2.00000E-03  1.01195E+00
 -3.11497E+01  2.17203E-28  1.43232E+06  2.00000E-03  1.00357E+00
 -3.10561E+01  2.17403E-28  1.43320E+06  2.00000E-03  8.68941E-01
 -3.09625E+01  2.17565E-28  1.43390E+06  2.00000E-03  7.62195E-01
 -3.08689E+01  2.17570E-28  1.43393E+06  2.00000E-03  7.60171E-01
 -3.07753E+01  2.17570E-28  1.43393E+06  2.00000E-03  7.60171E-01
 -3.06818E+01  2.17587E-28  1.43400E+06  2.00000E-03  7.63888E-01
 -3.05882E+01  2.17579E-28  1.43397E+06  2.00000E-03  7.38276E-01
 -3.04946E+01  2.17606E-28  1.43409E+06  2.00000E-03  7.07048E-01
 -3.04010E+01  2.17631E-28  1.43419E+06  2.00000E-03  7.16891E-01
 -3.03074E+01  2.17648E-28  1.43427E+06  2.00000E-03  7.27095E-01
 -3.02139E+01  2.17648E-28  1.43427E+06  2.00000E-03  7.27620E-01
 -3.01203E+01  2.17632E-28  1.43420E+06  2.00000E-03  7.29970E-01
 -3.00267E+01  2.17610E-28  1.43410E+06  2.00000E-03  7.18553E-01
 -2.99331E+01  2.17616E-28  1.43413E+06  2.00000E-03  7.24722E-01
 -2.98395E+01  2.17579E-28  1.43397E+06  2.00000E-03  7.54121E-01
 -2.97460E+01  2.17452E-28  1.43341E+06  2.00000E-03  8.55425E-01
 -2.96524E+01  2.17443E-28  1.43337E+06  2.00000E-03  8.42877E-01
 -2.95588E+01  2.17449E-28  1.43340E+06  2.00000E-03  8.08220E-01
 -2.94652E+01  2.17449E-28  1.43340E+06  2.00000E-03  8.05952E-01
 -2.93716E+01  2.17449E-28  1.43340E+06  2.00000E-03  8.05952E-01
 -2.92781E+01  2.17449E-28  1.43340E+06  2.00000E-03  8.05952E-01
 -2.91845E+01  2.17368E-28  1.43304E+06  2.00000E-03  8.34708E-01
 -2.90909E+01  2.17287E-28  1.43269E+06  2.00000E-03  8.49141E-01
 -2.89973E+01  2.17270E-28  1.43261E+06  2.00000E-03  8.59811E-01
 -2.89037E+01  2.17270E-28  1.43261E+06  2.00000E-03  8.59811E-01
 -2.88102E+01  2.17270E-28  1.43261E+06  2.00000E-03  8.59811E-01
 -2.87166E+01  2.17278E-28  1.43265E+06  2.00000E-03  8.40931E-01
 -2.86230E+01  2.17280E-28  1.43266E+06  2.00000E-03  8.04949E-01
 -2.85294E+01  2.17231E-28  1.43244E+06  2.00000E-03  8.38729E-01
 -2.84358E+01  2.17157E-28  1.43212E+06  2.00000E-03  8.94062E-01
 -2.83423E+01  2.17157E-28  1.43212E+06  2.00000E-03  8.94062E-01
 -2.82487E+01  2.17159E-28  1.43213E+06  2.00000E-03  8.85733E-01
 -2.81551E+01  2.17164E-28  1.43215E+06  2.00000E-03  8.69894E-01
 -2.80615E+01  2.17164E-28  1.43215E+06  2.00000E-03  8.67088E-01
 -2.79679E+01  2.17183E-28  1.43224E+06  2.00000E-03  8.62454E-01
 -2.78744E+01  2.17201E-28  1.43231E+06  2.00000E-03  8.59141E-01
 -2.77808E+01  2.17256E-28  1.43256E+06  2.00000E-03  8.42304E-01
 -2.76872E+01  2.17254E-28  1.43255E+06  2.00000E-03  8.52644E-01
 -2.75936E+01  2.17266E-28  1.43260E+06  2.00000E-03  8.47300E-01
 -2.75000E+01  2.17257E-28  1.43256E+06  2.00000E-03  8.51537E-01
 -2.74065E+01  2.17286E-28  1.43269E+06  2.00000E-03  8.37765E-01
 -2.73129E+01  2.17341E-28  1.43293E+06  2.00000E-03  8.23042E-01
 -2.72193E+01  2.17363E-28  1.43303E+06  2.00000E-03  8.55083E-01
 -2.71257E+01  2.17372E-28  1.43307E+06  2.00000E-03  8.59961E-01
 -2.70321E+01  2.17372E-28  1.43307E+06  2.00000E-03  8.59961E-01
 -2.69386E+01  2.17372E-28  1.43307E+06  2.00000E-03  8.59961E-01
 -2.68450E+01  2.17328E-28  1.43288E+06  2.00000E-03  8.95841E-01
 -2.67514E+01  2.17230E-28  1.43245E+06  2.00000E-03  9.74070E-01
 -2.66578E+01  2.17240E-28  1.43249E+06  2.00000E-03  9.74862E-01
 -2.65642E+01  2.17344E-28  1.43295E+06  2.00000E-03  9.24046E-01
 -2.64707E+01  2.17405E-28  1.43322E+06  2.00000E-03  8.94087E-01
 -2.63771E+01  2.17397E-28  1.43318E+06  2.00000E-03  9.01005E-01
 -2.62835E+01  2.17375E-28  1.43309E+06  2.00000E-03  9.20865E-01
 -2.61899E+01  2.17371E-28  1.43307E+06  2.00000E-03  9.24153E-01
 -2.60963E+01  2.17371E-28  1.43307E+06  2.00000E-03  9.24152E-01
 -2.60028E+01  2.17480E-28  1.43355E+06  2.00000E-03  8.50363E-01
 -2.59092E+01  2.17573E-28  1.43396E+06  2.00000E-03  7.89030E-01
 -2.58156E+01  2.17496E-28  1.43363E+06  2.00000E-03  8.54594E-01
 -2.57220E+01  2.17473E-28  1.43353E+06  2.00000E-03  8.73350E-01
 -2.56284E+01  2.17473E-28  1.43353E+06  2.00000E-03  8.73350E-01
 -2.55349E+01  2.17473E-28  1.43353E+06  2.00000E-03  8.73350E-01
 -2.54413E+01  2.17420E-28  1.43330E+06  2.00000E-03  9.17823E-01
 -2.53477E+01  2.17161E-28  1.43217E+06  2.00000E-03  1.12737E+00
 -2.52541E+01  2.17021E-28  1.43155E+06  2.00000E-03  1.23189E+00
 -2.51605E+01  2.16981E-28  1.43138E+06  2.00000E-03  1.25731E+00
 -2.50670E+01  2.16917E-28  1.43110E+06  2.00000E-03  1.29817E+00
 -2.49734E+01  2.16797E-28  1.43057E+06  2.00000E-03  1.38971E+00
 -2.48798E+01  2.16351E-28  1.42861E+06  2.00000E-03  1.75908E+00
 -2.47862E+01  2.16267E-28  1.42825E+06  2.00000E-03  1.81685E+00
 -2.46926E+01  2.15983E-28  1.42700E+06  2.00000E-03  2.00785E+00
 -2.45991E+01  2.15782E-28  1.42612E+06  2.00000E-03  2.14398E+00
 -2.45055E+01  2.15699E-28  1.42575E+06  2.00000E-03  2.20475E+00
 -2.44119E+01  2.15485E-28  1.42481E+06  2.00000E-03  2.39115E+00
 -2.43183E+01  2.15425E-28  1.42455E+06  2.00000E-03  2.44350E+00
 -2.42248E+01  2.15425E-28  1.42455E+06  2.00000E-03  2.44350E+00
 -2.41312E+01  2.15377E-28  1.42435E+06  2.00000E-03  2.46927E+00
 -2.40376E+01  2.15228E-28  1.42373E+06  2.00000E-03  2.56534E+00
 -2.39440E+01  2.14848E-28  1.42208E+06  2.00000E-03  2.88696E+00
 -2.38504E+01  2.14837E-28  1.42203E+06  2.00000E-03  2.89721E+00
 -2.37569E+01  2.14837E-28  1.42203E+06  2.00000E-03  2.89721E+00
 -2.36633E+01  2.14837E-28  1.42203E+06  2.00000E-03  2.89721E+00
 -2.35697E+01  2.14813E-28  1.42193E+06  2.00000E-03  2.91863E+00
 -2.34761E+01  2.14409E-28  1.42015E+06  2.00000E-03  3.25882E+00
 -2.33825E+01  2.14193E-28  1.41913E+06  2.00000E-03  3.40449E+00
 -2.32890E+01  2.14065E-28  1.41857E+06  2.00000E-03  3.53433E+00
 -2.31954E+01  2.13986E-28  1.41821E+06  2.00000E-03  3.62326E+00
 -2.31018E+01  2.13847E-28  1.41756E+06  2.00000E-03  3.73548E+00
 -2.30082E+01  2.14079E-28  1.41858E+06  2.00000E-03  3.57233E+00
 -2.29146E+01  2.14123E-28  1.41877E+06  2.00000E-03  3.53961E+00
 -2.28211E+01  2.14528E-28  1.42056E+06  2.00000E-03  3.22057E+00
 -2.27275E+01  2.15219E-28  1.42361E+06  2.00000E-03  2.67577E+00
 -2.26339E+01  2.15272E-28  1.42384E+06  2.00000E-03  2.63066E+00
 -2.25403E+01  2.16927E-28  1.43115E+06  2.00000E-03  1.29806E+00
 -2.24467E+01  2.17796E-28  1.43497E+06  2.00000E-03  5.81063E-01
 -2.23532E+01  2.18710E-28  1.43899E+06  2.00000E-03 -1.75982E-01
 -2.22596E+01  2.19807E-28  1.44379E+06  2.00000E-03 -1.05382E+00
 -2.21660E+01  2.20080E-28  1.44498E+06  2.00000E-03 -1.29169E+00
 -2.20724E+01  2.20626E-28  1.44738E+06  2.00000E-03 -1.74688E+00
 -2.19788E+01  2.20712E-28  1.44775E+06  2.00000E-03 -1.81056E+00
 -2.18853E+01  2.20789E-28  1.44809E+06  2.00000E-03 -1.88018E+00
 -2.17917E+01  2.20744E-28  1.44790E+06  2.00000E-03 -1.85712E+00
 -2.16981E+01  2.20733E-28  1.44785E+06  2.00000E-03 -1.85078E+00
 -2.16045E+01  2.20345E-28  1.44616E+06  2.00000E-03 -1.54962E+00
 -2.15109E+01  2.20153E-28  1.44532E+06  2.00000E-03 -1.40409E+00
 -2.14174E+01  2.19783E-28  1.44370E+06  2.00000E-03 -1.11181E+00
 -2.13238E+01  2.19389E-28  1.44198E+06  2.00000E-03 -7.85714E-01
 -2.12302E+01  2.19229E-28  1.44128E+06  2.00000E-03 -6.60456E-01
 -2.11366E+01  2.18695E-28  1.43895E+06  2.00000E-03 -1.94146E-01
 -2.10430E+01  2.18584E-28  1.43846E+06  2.00000E-03 -1.02061E-01
 -2.09495E+01  2.18316E-28  1.43728E+06  2.00000E-03  1.29023E-01
 -2.08559E+01  2.17876E-28  1.43536E+06  2.00000E-03  5.04091E-01
 -2.07623E+01  2.17797E-28  1.43501E+06  2.00000E-03  5.69498E-01
 -2.06687E+01  2.17365E-28  1.43311E+06  2.00000E-03  9.35478E-01
 -2.05751E+01  2.16977E-28  1.43141E+06  2.00000E-03  1.25389E+00
 -2.04816E+01  2.16734E-28  1.43034E+06  2.00000E-03  1.45354E+00
 -2.03880E+01  2.16341E-28  1.42861E+06  2.00000E-03  1.78556E+00
 -2.02944E+01  2.16234E-28  1.42814E+06  2.00000E-03  1.87308E+00
 -2.02008E+01  2.16017E-28  1.42719E+06  2.00000E-03  2.06595E+00
 -2.01072E+01  2.15971E-28  1.42698E+06  2.00000E-03  2.11176E+00
 -2.00137E+01  2.15990E-28  1.42707E+06  2.00000E-03  2.10417E+00
 -1.99201E+01  2.16084E-28  1.42748E+06  2.00000E-03  2.04297E+00
 -1.98265E+01  2.16154E-28  1.42779E+06  2.00000E-03  1.99177E+00
 -1.97329E+01  2.16333E-28  1.42858E+06  2.00000E-03  1.85675E+00
 -1.96393E+01  2.16424E-28  1.42898E+06  2.00000E-03  1.78327E+00
 -1.95458E+01  2.16531E-28  1.42946E+06  2.00000E-03  1.70587E+00
 -1.94522E+01  2.16639E-28  1.42993E+06  2.00000E-03  1.63187E+00
 -1.93586E+01  2.16659E-28  1.43002E+06  2.00000E-03  1.62086E+00
 -1.92650E+01  2.16663E-28  1.43004E+06  2.00000E-03  1.64248E+00
 -1.91714E+01  2.16659E-28  1.43002E+06  2.00000E-03  1.67081E+00
 -1.90779E+01  2.16639E-28  1.42994E+06  2.00000E-03  1.70229E+00
 -1.89843E+01  2.16592E-28  1.42973E+06  2.00000E-03  1.77632E+00
 -1.88907E+01  2.16598E-28  1.42976E+06  2.00000E-03  1.78713E+00
 -1.87971E+01  2.16613E-28  1.42982E+06  2.00000E-03  1.79756E+00
 -1.87035E+01  2.16694E-28  1.43019E+06  2.00000E-03  1.75702E+00
 -1.86100E+01  2.16853E-28  1.43089E+06  2.00000E-03  1.64822E+00
 -1.85164E+01  2.17090E-28  1.43194E+06  2.00000E-03  1.48459E+00
 -1.84228E+01  2.17273E-28  1.43275E+06  2.00000E-03  1.34944E+00
 -1.83292E+01  2.17927E-28  1.43564E+06  2.00000E-03  8.54773E-01
 -1.82356E+01  2.18273E-28  1.43716E+06  2.00000E-03  5.87152E-01
 -1.81421E+01  2.18471E-28  1.43803E+06  2.00000E-03  4.36202E-01
 -1.80485E+01  2.18908E-28  1.43995E+06  2.00000E-03  9.24620E-02
 -1.79549E+01  2.18948E-28  1.44013E+06  2.00000E-03  4.86409E-02
 -1.78613E+01  2.19049E-28  1.44058E+06  2.00000E-03 -2.30827E-02
 -1.77677E+01  2.19017E-28  1.44044E+06  2.00000E-03 -1.25771E-02
 -1.76742E+01  2.18859E-28  1.43976E+06  2.00000E-03  8.93896E-02
 -1.75806E+01  2.18646E-28  1.43882E+06  2.00000E-03  2.65448E-01
 -1.74870E+01  2.18527E-28  1.43830E+06  2.00000E-03  3.50319E-01
 -1.73934E+01  2.18073E-28  1.43630E+06  2.00000E-03  6.96296E-01
 -1.72998E+01  2.17640E-28  1.43440E+06  2.00000E-03  1.01272E+00
 -1.72063E+01  2.17585E-28  1.43415E+06  2.00000E-03  1.05860E+00
 -1.71127E+01  2.17296E-28  1.43287E+06  2.00000E-03  1.27987E+00
 -1.70191E+01  2.17145E-28  1.43222E+06  2.00000E-03  1.35694E+00
 -1.69255E+01  2.17175E-28  1.43234E+06  2.00000E-03  1.33265E+00
 -1.68319E+01  2.17231E-28  1.43259E+06  2.00000E-03  1.27738E+00
 -1.67384E+01  2.17290E-28  1.43285E+06  2.00000E-03  1.20649E+00
 -1.66448E+01  2.17495E-28  1.43374E+06  2.00000E-03  1.04778E+00
 -1.65512E+01  2.17503E-28  1.43378E+06  2.00000E-03  1.04127E+00
 -1.64576E+01  2.17557E-28  1.43402E+06  2.00000E-03  1.00004E+00
 -1.63640E+01  2.17531E-28  1.43390E+06  2.00000E-03  1.02303E+00
 -1.62705E+01  2.17524E-28  1.43388E+06  2.00000E-03  1.03825E+00
 -1.61769E+01  2.17475E-28  1.43365E+06  2.00000E-03  1.10102E+00
 -1.60833E+01  2.17471E-28  1.43364E+06  2.00000E-03  1.11359E+00
 -1.59897E+01  2.17484E-28  1.43369E+06  2.00000E-03  1.11097E+00
 -1.58961E+01  2.17532E-28  1.43389E+06  2.00000E-03  1.08813E+00
 -1.58026E+01  2.17636E-28  1.43435E+06  2.00000E-03  1.03049E+00
 -1.57090E+01  2.17859E-28  1.43532E+06  2.00000E-03  8.63788E-01
 -1.56154E+01  2.18016E-28  1.43602E+06  2.00000E-03  7.80986E-01
 -1.55218E+01  2.18587E-28  1.43853E+06  2.00000E-03  3.88147E-01
 -1.54282E+01  2.19202E-28  1.44124E+06  2.00000E-03 -2.28801E-02
 -1.53347E+01  2.19258E-28  1.44148E+06  2.00000E-03 -6.65290E-02
 -1.52411E+01  2.19674E-28  1.44331E+06  2.00000E-03 -3.91538E-01
 -1.51475E+01  2.19819E-28  1.44395E+06  2.00000E-03 -4.65810E-01
 -1.50539E+01  2.19884E-28  1.44424E+06  2.00000E-03 -5.09842E-01
 -1.49603E+01  2.19877E-28  1.44421E+06  2.00000E-03 -5.45596E-01
 -1.48668E+01  2.19859E-28  1.44414E+06  2.00000E-03 -5.18137E-01
 -1.47732E+01  2.19591E-28  1.44297E+06  2.00000E-03 -3.62828E-01
 -1.46796E+01  2.19555E-28  1.44281E+06  2.00000E-03 -3.43612E-01
 -1.45860E+01  2.19103E-28  1.44083E+06  2.00000E-03 -3.44885E-02
 -1.44924E+01  2.18648E-28  1.43883E+06  2.00000E-03  3.00018E-01
 -1.43989E+01  2.18393E-28  1.43772E+06  2.00000E-03  4.84735E-01
 -1.43053E+01  2.17745E-28  1.43488E+06  2.00000E-03  9.78745E-01
 -1.42117E+01  2.17657E-28  1.43450E+06  2.00000E-03  1.05704E+00
 -1.41181E+01  2.17373E-28  1.43326E+06  2.00000E-03  1.29966E+00
 -1.40245E+01  2.17097E-28  1.43205E+06  2.00000E-03  1.53121E+00
 -1.39310E+01  2.17099E-28  1.43207E+06  2.00000E-03  1.55576E+00
 -1.38374E+01  2.16920E-28  1.43129E+06  2.00000E-03  1.73501E+00
 -1.37438E+01  2.16919E-28  1.43129E+06  2.00000E-03  1.76531E+00
 -1.36502E+01  2.16935E-28  1.43136E+06  2.00000E-03  1.78456E+00
 -1.35566E+01  2.16991E-28  1.43162E+06  2.00000E-03  1.78714E+00
 -1.34631E+01  2.17071E-28  1.43197E+06  2.00000E-03  1.72555E+00
 -1.33695E+01  2.17418E-28  1.43349E+06  2.00000E-03  1.45744E+00
 -1.32759E+01  2.17603E-28  1.43431E+06  2.00000E-03  1.31731E+00
 -1.31823E+01  2.18290E-28  1.43733E+06  2.00000E-03  8.04644E-01
 -1.30887E+01  2.18906E-28  1.44002E+06  2.00000E-03  3.45466E-01
 -1.29952E+01  2.19225E-28  1.44142E+06  2.00000E-03  9.94195E-02
 -1.29016E+01  2.20026E-28  1.44494E+06  2.00000E-03 -5.25437E-01
 -1.28080E+01  2.20150E-28  1.44548E+06  2.00000E-03 -6.15281E-01
 -1.27144E+01  2.20294E-28  1.44612E+06  2.00000E-03 -7.30162E-01
 -1.26208E+01  2.20258E-28  1.44596E+06  2.00000E-03 -6.91652E-01
 -1.25273E+01  2.20176E-28  1.44560E+06  2.00000E-03 -6.31812E-01
 -1.24337E+01  2.20014E-28  1.44490E+06  2.00000E-03 -5.33746E-01
 -1.23401E+01  2.19873E-28  1.44429E+06  2.00000E-03 -4.55102E-01
 -1.22465E+01  2.19795E-28  1.44395E+06  2.00000E-03 -4.25796E-01
 -1.21529E+01  2.19717E-28  1.44359E+06  2.00000E-03 -3.92636E-01
 -1.20594E+01  2.19699E-28  1.44351E+06  2.00000E-03 -4.01490E-01
 -1.19658E+01  2.19639E-28  1.44323E+06  2.00000E-03 -3.88504E-01
 -1.18722E+01  2.19591E-28  1.44301E+06  2.00000E-03 -3.74533E-01
 -1.17786E+01  2.19485E-28  1.44254E+06  2.00000E-03 -2.90526E-01
 -1.16851E+01  2.19147E-28  1.44105E+06  2.00000E-03 -6.70450E-02
 -1.15915E+01  2.18760E-28  1.43937E+06  2.00000E-03  1.82187E-01
 -1.14979E+01  2.18203E-28  1.43692E+06  2.00000E-03  6.23187E-01
 -1.14043E+01  2.17760E-28  1.43498E+06  2.00000E-03  9.39545E-01
 -1.13107E+01  2.17093E-28  1.43205E+06  2.00000E-03  1.41967E+00
 -1.12172E+01  2.16550E-28  1.42966E+06  2.00000E-03  1.85041E+00
 -1.11236E+01  2.16376E-28  1.42890E+06  2.00000E-03  1.96315E+00
 -1.10300E+01  2.15911E-28  1.42684E+06  2.00000E-03  2.30078E+00
 -1.09364E+01  2.15807E-28  1.42639E+06  2.00000E-03  2.36450E+00
 -1.08428E+01  2.15783E-28  1.42629E+06  2.00000E-03  2.37188E+00
 -1.07493E+01  2.15877E-28  1.42669E+06  2.00000E-03  2.28382E+00
 -1.06557E+01  2.15988E-28  1.42717E+06  2.00000E-03  2.18669E+00
 -1.05621E+01  2.16122E-28  1.42776E+06  2.00000E-03  2.04459E+00
 -1.04685E+01  2.16246E-28  1.42830E+06  2.00000E-03  1.92453E+00
 -1.03749E+01  2.16334E-28  1.42868E+06  2.00000E-03  1.81544E+00
 -1.02814E+01  2.16363E-28  1.42880E+06  2.00000E-03  1.70581E+00
 -1.01878E+01  2.16279E-28  1.42844E+06  2.00000E-03  1.73350E+00
 -1.00942E+01  2.16138E-28  1.42781E+06  2.00000E-03  1.73504E+00
 -1.00006E+01  2.16005E-28  1.42723E+06  2.00000E-03  1.77539E+00
 -9.90703E+00  2.15875E-28  1.42666E+06  2.00000E-03  1.83015E+00
 -9.81345E+00  2.15649E-28  1.42566E+06  2.00000E-03  1.89068E+00
 -9.71987E+00  2.15671E-28  1.42576E+06  2.00000E-03  1.87473E+00
 -9.62629E+00  2.15613E-28  1.42550E+06  2.00000E-03  1.84863E+00
 -9.53271E+00  2.15652E-28  1.42567E+06  2.00000E-03  1.79968E+00
 -9.43913E+00  2.15769E-28  1.42619E+06  2.00000E-03  1.71580E+00
 -9.34555E+00  2.16009E-28  1.42724E+06  2.00000E-03  1.49736E+00
 -9.25197E+00  2.16040E-28  1.42738E+06  2.00000E-03  1.46987E+00
 -9.15839E+00  2.16421E-28  1.42906E+06  2.00000E-03  1.14846E+00
 -9.06481E+00  2.16665E-28  1.43014E+06  2.00000E-03  9.28251E-01
 -8.97123E+00  2.16801E-28  1.43074E+06  2.00000E-03  8.14572E-01
 -8.87766E+00  2.17396E-28  1.43336E+06  2.00000E-03  3.04336E-01
 -8.78407E+00  2.17373E-28  1.43327E+06  2.00000E-03  2.65776E-01
 -8.69050E+00  2.17754E-28  1.43496E+06  2.00000E-03 -8.75037E-02
 -8.59692E+00  2.17935E-28  1.43576E+06  2.00000E-03 -2.57102E-01
 -8.50333E+00  2.18061E-28  1.43632E+06  2.00000E-03 -3.97560E-01
 -8.40976E+00  2.18318E-28  1.43746E+06  2.00000E-03 -6.17141E-01
 -8.31618E+00  2.18313E-28  1.43744E+06  2.00000E-03 -6.27773E-01
 -8.22260E+00  2.18213E-28  1.43702E+06  2.00000E-03 -6.12252E-01
 -8.12902E+00  2.18065E-28  1.43638E+06  2.00000E-03 -5.29747E-01
 -8.03544E+00  2.17986E-28  1.43604E+06  2.00000E-03 -4.50152E-01
 -7.94186E+00  2.17676E-28  1.43468E+06  2.00000E-03 -1.91321E-01
 -7.84828E+00  2.17508E-28  1.43394E+06  2.00000E-03 -1.09991E-01
 -7.75470E+00  2.17221E-28  1.43268E+06  2.00000E-03  1.14870E-01
 -7.66112E+00  2.17137E-28  1.43231E+06  2.00000E-03  2.11809E-01
 -7.56754E+00  2.16987E-28  1.43166E+06  2.00000E-03  2.91963E-01
 -7.47396E+00  2.16758E-28  1.43066E+06  2.00000E-03  4.00877E-01
 -7.38038E+00  2.16746E-28  1.43060E+06  2.00000E-03  4.09309E-01
 -7.28680E+00  2.16725E-28  1.43052E+06  2.00000E-03  4.01525E-01
 -7.19322E+00  2.16758E-28  1.43066E+06  2.00000E-03  3.50922E-01
 -7.09964E+00  2.16767E-28  1.43070E+06  2.00000E-03  3.42759E-01
 -7.00606E+00  2.16817E-28  1.43093E+06  2.00000E-03  3.18538E-01
 -6.91248E+00  2.16887E-28  1.43122E+06  2.00000E-03  2.37815E-01
 -6.81890E+00  2.16831E-28  1.43098E+06  2.00000E-03  2.54298E-01
 -6.72532E+00  2.16701E-28  1.43041E+06  2.00000E-03  3.49696E-01
 -6.63174E+00  2.16613E-28  1.43001E+06  2.00000E-03  3.78173E-01
 -6.53816E+00  2.16178E-28  1.42809E+06  2.00000E-03  6.37167E-01
 -6.44458E+00  2.16090E-28  1.42771E+06  2.00000E-03  6.89767E-01
 -6.35100E+00  2.15497E-28  1.42512E+06  2.00000E-03  1.06049E+00
 -6.25742E+00  2.15051E-28  1.42317E+06  2.00000E-03  1.30363E+00
 -6.16384E+00  2.14856E-28  1.42232E+06  2.00000E-03  1.41990E+00
 -6.07026E+00  2.14256E-28  1.41974E+06  2.00000E-03  1.80823E+00
 -5.97668E+00  2.14086E-28  1.41903E+06  2.00000E-03  1.90144E+00
 -5.88310E+00  2.13784E-28  1.41772E+06  2.00000E-03  2.08201E+00
 -5.78952E+00  2.13661E-28  1.41719E+06  2.00000E-03  2.17490E+00
 -5.69594E+00  2.13564E-28  1.41677E+06  2.00000E-03  2.22617E+00
 -5.60236E+00  2.13296E-28  1.41562E+06  2.00000E-03  2.45089E+00
 -5.50878E+00  2.13157E-28  1.41508E+06  2.00000E-03  2.55755E+00
 -5.41520E+00  2.12910E-28  1.41400E+06  2.00000E-03  2.77213E+00
 -5.32162E+00  2.12553E-28  1.41241E+06  2.00000E-03  3.01347E+00
 -5.22804E+00  2.12460E-28  1.41199E+06  2.00000E-03  3.06567E+00
 -5.13446E+00  2.12352E-28  1.41152E+06  2.00000E-03  3.14601E+00
 -5.04088E+00  2.12347E-28  1.41148E+06  2.00000E-03  3.11255E+00
 -4.94730E+00  2.12576E-28  1.41248E+06  2.00000E-03  2.87445E+00
 -4.85372E+00  2.12744E-28  1.41324E+06  2.00000E-03  2.73554E+00
 -4.76014E+00  2.12995E-28  1.41436E+06  2.00000E-03  2.50632E+00
 -4.66656E+00  2.13512E-28  1.41667E+06  2.00000E-03  2.08764E+00
 -4.57298E+00  2.13856E-28  1.41820E+06  2.00000E-03  1.82184E+00
 -4.47940E+00  2.14395E-28  1.42061E+06  2.00000E-03  1.42878E+00
 -4.38582E+00  2.15078E-28  1.42364E+06  2.00000E-03  9.12454E-01
 -4.29224E+00  2.15502E-28  1.42553E+06  2.00000E-03  6.11773E-01
 -4.19866E+00  2.15863E-28  1.42711E+06  2.00000E-03  3.50537E-01
 -4.10508E+00  2.16127E-28  1.42828E+06  2.00000E-03  1.98716E-01
 -4.01150E+00  2.16184E-28  1.42848E+06  2.00000E-03  2.34908E-01
 -3.91792E+00  2.15966E-28  1.42751E+06  2.00000E-03  4.12422E-01
 -3.82434E+00  2.15665E-28  1.42616E+06  2.00000E-03  6.86220E-01
 -3.73076E+00  2.15414E-28  1.42504E+06  2.00000E-03  9.00901E-01
 -3.63718E+00  2.15074E-28  1.42354E+06  2.00000E-03  1.19879E+00
 -3.54360E+00  2.14740E-28  1.42207E+06  2.00000E-03  1.43047E+00
 -3.45002E+00  2.14454E-28  1.42079E+06  2.00000E-03  1.70624E+00
 -3.35644E+00  2.14274E-28  1.41997E+06  2.00000E-03  1.95031E+00
 -3.26286E+00  2.14005E-28  1.41881E+06  2.00000E-03  2.10576E+00
 -3.16928E+00  2.13824E-28  1.41801E+06  2.00000E-03  2.26961E+00
 -3.07570E+00  2.13823E-28  1.41805E+06  2.00000E-03  2.27636E+00
 -2.98212E+00  2.13881E-28  1.41836E+06  2.00000E-03  2.22797E+00
 -2.88854E+00  2.14108E-28  1.41940E+06  2.00000E-03  2.09800E+00
 -2.79496E+00  2.14585E-28  1.42152E+06  2.00000E-03  1.83615E+00
 -2.70138E+00  2.15020E-28  1.42345E+06  2.00000E-03  1.60730E+00
 -2.60780E+00  2.15265E-28  1.42453E+06  2.00000E-03  1.48387E+00
 -2.51422E+00  2.15228E-28  1.42445E+06  2.00000E-03  1.50427E+00
 -2.42064E+00  2.15145E-28  1.42409E+06  2.00000E-03  1.58602E+00
 -2.32706E+00  2.14970E-28  1.42332E+06  2.00000E-03  1.73392E+00
 -2.23348E+00  2.14726E-28  1.42227E+06  2.00000E-03  1.90480E+00
 -2.13991E+00  2.14513E-28  1.42126E+06  2.00000E-03  2.09420E+00
 -2.04633E+00  2.14300E-28  1.42024E+06  2.00000E-03  2.27891E+00
 -1.95275E+00  2.14074E-28  1.41910E+06  2.00000E-03  2.49360E+00
 -1.85917E+00  2.13995E-28  1.41869E+06  2.00000E-03  2.57565E+00
 -1.76559E+00  2.13987E-28  1.41862E+06  2.00000E-03  2.60195E+00
 -1.67201E+00  2.13995E-28  1.41864E+06  2.00000E-03  2.59948E+00
 -1.57843E+00  2.14041E-28  1.41880E+06  2.00000E-03  2.58858E+00
 -1.48485E+00  2.14109E-28  1.41912E+06  2.00000E-03  2.53607E+00
 -1.39127E+00  2.14140E-28  1.41920E+06  2.00000E-03  2.50593E+00
 -1.29769E+00  2.14248E-28  1.41965E+06  2.00000E-03  2.43599E+00
 -1.20411E+00  2.14389E-28  1.42029E+06  2.00000E-03  2.34063E+00
 -1.11053E+00  2.14549E-28  1.42099E+06  2.00000E-03  2.23880E+00
 -1.01695E+00  2.14659E-28  1.42148E+06  2.00000E-03  2.17847E+00
 -9.23367E-01  2.14775E-28  1.42198E+06  2.00000E-03  2.12399E+00
 -8.29787E-01  2.14849E-28  1.42231E+06  2.00000E-03  2.10460E+00
 -7.36207E-01  2.14941E-28  1.42267E+06  2.00000E-03  2.11128E+00
 -6.42628E-01  2.14979E-28  1.42281E+06  2.00000E-03  2.15092E+00
 -5.49048E-01  2.14936E-28  1.42261E+06  2.00000E-03  2.21343E+00
 -4.55468E-01  2.14852E-28  1.42222E+06  2.00000E-03  2.34498E+00
 -3.61888E-01  2.14753E-28  1.42178E+06  2.00000E-03  2.45327E+00
 -2.68308E-01  2.14553E-28  1.42088E+06  2.00000E-03  2.63543E+00
 -1.74728E-01  2.14310E-28  1.41980E+06  2.00000E-03  2.85144E+00
 -8.11484E-02  2.14028E-28  1.41856E+06  2.00000E-03  3.06650E+00
  1.24314E-02  2.13652E-28  1.41689E+06  2.00000E-03  3.36571E+00
  1.06011E-01  2.13059E-28  1.41426E+06  2.00000E-03  3.77164E+00
  1.99591E-01  2.12631E-28  1.41236E+06  2.00000E-03  4.01576E+00
  2.93171E-01  2.12230E-28  1.41058E+06  2.00000E-03  4.23091E+00
  3.86751E-01  2.12030E-28  1.40969E+06  2.00000E-03  4.30338E+00
  4.80331E-01  2.12054E-28  1.40980E+06  2.00000E-03  4.15716E+00
  5.73911E-01  2.12420E-28  1.41143E+06  2.00000E-03  3.83598E+00
  6.67490E-01  2.13177E-28  1.41478E+06  2.00000E-03  3.26209E+00
  7.61070E-01  2.14524E-28  1.42072E+06  2.00000E-03  2.28219E+00
  8.54650E-01  2.15414E-28  1.42465E+06  2.00000E-03  1.61765E+00
  9.48230E-01  2.16135E-28  1.42781E+06  2.00000E-03  1.07348E+00
  1.04181E+00  2.16451E-28  1.42918E+06  2.00000E-03  8.45851E-01
  1.13539E+00  2.16572E-28  1.42970E+06  2.00000E-03  7.24912E-01
  1.22897E+00  2.16453E-28  1.42917E+06  2.00000E-03  7.52121E-01
  1.32255E+00  2.15939E-28  1.42690E+06  2.00000E-03  9.90846E-01
  1.41613E+00  2.15103E-28  1.42321E+06  2.00000E-03  1.42546E+00
  1.50971E+00  2.14519E-28  1.42064E+06  2.00000E-03  1.75433E+00
  1.60329E+00  2.13753E-28  1.41725E+06  2.00000E-03  2.18717E+00
  1.69687E+00  2.13207E-28  1.41484E+06  2.00000E-03  2.48025E+00
  1.79045E+00  2.12631E-28  1.41228E+06  2.00000E-03  2.78222E+00
  1.88403E+00  2.12240E-28  1.41055E+06  2.00000E-03  2.95980E+00
  1.97761E+00  2.11767E-28  1.40846E+06  2.00000E-03  3.19636E+00
  2.07119E+00  2.11604E-28  1.40774E+06  2.00000E-03  3.26119E+00
  2.16477E+00  2.11566E-28  1.40757E+06  2.00000E-03  3.23150E+00
  2.25835E+00  2.11523E-28  1.40738E+06  2.00000E-03  3.21821E+00
  2.35193E+00  2.11467E-28  1.40714E+06  2.00000E-03  3.18965E+00
  2.44551E+00  2.11452E-28  1.40707E+06  2.00000E-03  3.16290E+00
  2.53909E+00  2.11426E-28  1.40696E+06  2.00000E-03  3.14372E+00
  2.63267E+00  2.11346E-28  1.40661E+06  2.00000E-03  3.12440E+00
  2.72625E+00  2.11603E-28  1.40776E+06  2.00000E-03  3.01710E+00
  2.81983E+00  2.12066E-28  1.40983E+06  2.00000E-03  2.82327E+00
  2.91341E+00  2.12225E-28  1.41054E+06  2.00000E-03  2.71125E+00
  3.00699E+00  2.12673E-28  1.41254E+06  2.00000E-03  2.47470E+00
  3.10057E+00  2.13069E-28  1.41430E+06  2.00000E-03  2.26231E+00
  3.19415E+00  2.13852E-28  1.41777E+06  2.00000E-03  1.81526E+00
  3.28773E+00  2.14300E-28  1.41975E+06  2.00000E-03  1.52735E+00
  3.38131E+00  2.15406E-28  1.42466E+06  2.00000E-03  9.63920E-01
  3.47489E+00  2.16270E-28  1.42849E+06  2.00000E-03  5.03597E-01
  3.56847E+00  2.16756E-28  1.43066E+06  2.00000E-03  1.73053E-01
  3.66205E+00  2.17293E-28  1.43304E+06  2.00000E-03 -2.18039E-01
  3.75563E+00  2.17454E-28  1.43377E+06  2.00000E-03 -3.73874E-01
  3.84921E+00  2.17560E-28  1.43424E+06  2.00000E-03 -4.98156E-01
  3.94279E+00  2.17468E-28  1.43384E+06  2.00000E-03 -4.84542E-01
  4.03637E+00  2.17175E-28  1.43255E+06  2.00000E-03 -3.42092E-01
  4.12995E+00  2.16483E-28  1.42949E+06  2.00000E-03  1.25411E-02
  4.22353E+00  2.16292E-28  1.42862E+06  2.00000E-03  1.38016E-01
  4.31710E+00  2.16186E-28  1.42811E+06  2.00000E-03  2.44186E-01
  4.41068E+00  2.16250E-28  1.42836E+06  2.00000E-03  2.39591E-01
  4.50426E+00  2.16624E-28  1.42997E+06  2.00000E-03  9.75338E-02
  4.59784E+00  2.17531E-28  1.43395E+06  2.00000E-03 -3.51310E-01
  4.69142E+00  2.19219E-28  1.44135E+06  2.00000E-03 -1.32257E+00
  4.78500E+00  2.20327E-28  1.44619E+06  2.00000E-03 -1.92930E+00
  4.87858E+00  2.21796E-28  1.45260E+06  2.00000E-03 -2.75380E+00
  4.97216E+00  2.22572E-28  1.45598E+06  2.00000E-03 -3.19520E+00
  5.06574E+00  2.23126E-28  1.45838E+06  2.00000E-03 -3.48356E+00
  5.15932E+00  2.23251E-28  1.45892E+06  2.00000E-03 -3.56452E+00
  5.25290E+00  2.23272E-28  1.45901E+06  2.00000E-03 -3.56652E+00
  5.34648E+00  2.23249E-28  1.45891E+06  2.00000E-03 -3.52711E+00
  5.44006E+00  2.22736E-28  1.45668E+06  2.00000E-03 -3.31461E+00
  5.53364E+00  2.22096E-28  1.45389E+06  2.00000E-03 -3.05380E+00
  5.62722E+00  2.21814E-28  1.45266E+06  2.00000E-03 -2.92619E+00
  5.72080E+00  2.21470E-28  1.45115E+06  2.00000E-03 -2.77302E+00
  5.81438E+00  2.21214E-28  1.45003E+06  2.00000E-03 -2.67879E+00
  5.90796E+00  2.20904E-28  1.44868E+06  2.00000E-03 -2.57270E+00
  6.00154E+00  2.20807E-28  1.44825E+06  2.00000E-03 -2.53012E+00
  6.09512E+00  2.20387E-28  1.44641E+06  2.00000E-03 -2.39660E+00
  6.18870E+00  2.20193E-28  1.44556E+06  2.00000E-03 -2.32150E+00
  6.28228E+00  2.20082E-28  1.44507E+06  2.00000E-03 -2.28769E+00
  6.37586E+00  2.19788E-28  1.44379E+06  2.00000E-03 -2.21514E+00
  6.46944E+00  2.19665E-28  1.44325E+06  2.00000E-03 -2.19403E+00
  6.56302E+00  2.19411E-28  1.44214E+06  2.00000E-03 -2.15440E+00
  6.65660E+00  2.19143E-28  1.44097E+06  2.00000E-03 -2.11792E+00
  6.75018E+00  2.18914E-28  1.43997E+06  2.00000E-03 -2.12399E+00
  6.84376E+00  2.18611E-28  1.43865E+06  2.00000E-03 -2.08273E+00
  6.93734E+00  2.18483E-28  1.43810E+06  2.00000E-03 -2.11148E+00
  7.03092E+00  2.18357E-28  1.43755E+06  2.00000E-03 -2.18327E+00
  7.12450E+00  2.18309E-28  1.43734E+06  2.00000E-03 -2.25401E+00
  7.21808E+00  2.18223E-28  1.43697E+06  2.00000E-03 -2.32234E+00
  7.31166E+00  2.18226E-28  1.43697E+06  2.00000E-03 -2.42589E+00
  7.40524E+00  2.18318E-28  1.43737E+06  2.00000E-03 -2.52217E+00
  7.49882E+00  2.18468E-28  1.43801E+06  2.00000E-03 -2.64746E+00
  7.59240E+00  2.18743E-28  1.43920E+06  2.00000E-03 -2.78785E+00
  7.68598E+00  2.18748E-28  1.43922E+06  2.00000E-03 -2.79573E+00
  7.77956E+00  2.18687E-28  1.43894E+06  2.00000E-03 -2.74265E+00
  7.87314E+00  2.18617E-28  1.43863E+06  2.00000E-03 -2.66501E+00
  7.96672E+00  2.18474E-28  1.43800E+06  2.00000E-03 -2.56060E+00
  8.06030E+00  2.18272E-28  1.43712E+06  2.00000E-03 -2.43914E+00
  8.15388E+00  2.18140E-28  1.43654E+06  2.00000E-03 -2.31454E+00
  8.24746E+00  2.17935E-28  1.43565E+06  2.00000E-03 -2.13994E+00
  8.34104E+00  2.17705E-28  1.43464E+06  2.00000E-03 -2.03910E+00
  8.43462E+00  2.17461E-28  1.43358E+06  2.00000E-03 -1.96174E+00
  8.52820E+00  2.17326E-28  1.43298E+06  2.00000E-03 -1.89906E+00
  8.62178E+00  2.17098E-28  1.43198E+06  2.00000E-03 -1.84712E+00
  8.71536E+00  2.16976E-28  1.43144E+06  2.00000E-03 -1.82712E+00
  8.80894E+00  2.17379E-28  1.43321E+06  2.00000E-03 -1.90353E+00
  8.90252E+00  2.17329E-28  1.43299E+06  2.00000E-03 -1.90518E+00
  8.99610E+00  2.17461E-28  1.43358E+06  2.00000E-03 -1.92315E+00
  9.08968E+00  2.17696E-28  1.43461E+06  2.00000E-03 -1.95030E+00
  9.18326E+00  2.17608E-28  1.43423E+06  2.00000E-03 -1.91542E+00
  9.27684E+00  2.17764E-28  1.43491E+06  2.00000E-03 -1.91936E+00
  9.37042E+00  2.17847E-28  1.43528E+06  2.00000E-03 -1.91316E+00
  9.46400E+00  2.17791E-28  1.43503E+06  2.00000E-03 -1.88441E+00
  9.55758E+00  2.18093E-28  1.43636E+06  2.00000E-03 -1.88856E+00
  9.65116E+00  2.18090E-28  1.43634E+06  2.00000E-03 -1.87048E+00
  9.74474E+00  2.17977E-28  1.43584E+06  2.00000E-03 -1.84743E+00
  9.83832E+00  2.17849E-28  1.43527E+06  2.00000E-03 -1.82208E+00
  9.93190E+00  2.17778E-28  1.43495E+06  2.00000E-03 -1.80086E+00
  1.00255E+01  2.17578E-28  1.43407E+06  2.00000E-03 -1.73974E+00
  1.01191E+01  2.17398E-28  1.43328E+06  2.00000E-03 -1.69188E+00
  1.02126E+01  2.17213E-28  1.43247E+06  2.00000E-03 -1.62184E+00
  1.03062E+01  2.16940E-28  1.43127E+06  2.00000E-03 -1.53219E+00
  1.03998E+01  2.16665E-28  1.43007E+06  2.00000E-03 -1.45430E+00
  1.04934E+01  2.16227E-28  1.42815E+06  2.00000E-03 -1.32257E+00
  1.05870E+01  2.15922E-28  1.42682E+06  2.00000E-03 -1.26527E+00
  1.06805E+01  2.15492E-28  1.42494E+06  2.00000E-03 -1.10513E+00
  1.07741E+01  2.15037E-28  1.42295E+06  2.00000E-03 -9.14707E-01
  1.08677E+01  2.14651E-28  1.42127E+06  2.00000E-03 -7.40007E-01
  1.09613E+01  2.13851E-28  1.41778E+06  2.00000E-03 -3.71090E-01
  1.10549E+01  2.13604E-28  1.41671E+06  2.00000E-03 -2.51705E-01
  1.11484E+01  2.13297E-28  1.41537E+06  2.00000E-03 -9.15007E-02
  1.12420E+01  2.12976E-28  1.41396E+06  2.00000E-03  6.06722E-02
  1.13356E+01  2.12843E-28  1.41336E+06  2.00000E-03  1.47687E-01
  1.14292E+01  2.12799E-28  1.41316E+06  2.00000E-03  1.69824E-01
  1.15228E+01  2.12961E-28  1.41387E+06  2.00000E-03  6.88913E-02
  1.16163E+01  2.13159E-28  1.41474E+06  2.00000E-03 -9.61094E-05
  1.17099E+01  2.13531E-28  1.41638E+06  2.00000E-03 -1.77796E-01
  1.18035E+01  2.13913E-28  1.41806E+06  2.00000E-03 -3.72881E-01
  1.18971E+01  2.14520E-28  1.42074E+06  2.00000E-03 -6.80460E-01
  1.19907E+01  2.15035E-28  1.42301E+06  2.00000E-03 -9.61290E-01
  1.20842E+01  2.15599E-28  1.42551E+06  2.00000E-03 -1.22993E+00
  1.21778E+01  2.16048E-28  1.42749E+06  2.00000E-03 -1.43748E+00
  1.22714E+01  2.16507E-28  1.42951E+06  2.00000E-03 -1.66067E+00
  1.23650E+01  2.16801E-28  1.43080E+06  2.00000E-03 -1.83030E+00
  1.24586E+01  2.16974E-28  1.43156E+06  2.00000E-03 -1.88106E+00
  1.25521E+01  2.17137E-28  1.43226E+06  2.00000E-03 -1.88688E+00
  1.26457E+01  2.17122E-28  1.43219E+06  2.00000E-03 -1.86006E+00
  1.27393E+01  2.17056E-28  1.43190E+06  2.00000E-03 -1.77331E+00
  1.28329E+01  2.16992E-28  1.43162E+06  2.00000E-03 -1.68799E+00
  1.29265E+01  2.16852E-28  1.43102E+06  2.00000E-03 -1.55524E+00
  1.30200E+01  2.16782E-28  1.43071E+06  2.00000E-03 -1.46030E+00
  1.31136E+01  2.16675E-28  1.43023E+06  2.00000E-03 -1.38374E+00
  1.32072E+01  2.16558E-28  1.42971E+06  2.00000E-03 -1.30515E+00
  1.33008E+01  2.16504E-28  1.42947E+06  2.00000E-03 -1.26154E+00
  1.33944E+01  2.16318E-28  1.42866E+06  2.00000E-03 -1.17229E+00
  1.34879E+01  2.16083E-28  1.42765E+06  2.00000E-03 -1.06752E+00
  1.35815E+01  2.15805E-28  1.42645E+06  2.00000E-03 -9.41441E-01
  1.36751E+01  2.15410E-28  1.42475E+06  2.00000E-03 -7.52964E-01
  1.37687E+01  2.15243E-28  1.42403E+06  2.00000E-03 -7.25808E-01
  1.38623E+01  2.15096E-28  1.42340E+06  2.00000E-03 -7.29021E-01
  1.39558E+01  2.15016E-28  1.42303E+06  2.00000E-03 -7.56543E-01
  1.40494E+01  2.14931E-28  1.42262E+06  2.00000E-03 -8.38776E-01
  1.41430E+01  2.15019E-28  1.42296E+06  2.00000E-03 -9.46737E-01
  1.42366E+01  2.15091E-28  1.42324E+06  2.00000E-03 -1.05301E+00
  1.43301E+01  2.15147E-28  1.42347E+06  2.00000E-03 -1.17356E+00
  1.44237E+01  2.15301E-28  1.42413E+06  2.00000E-03 -1.31451E+00
  1.45173E+01  2.15440E-28  1.42472E+06  2.00000E-03 -1.40852E+00
  1.46109E+01  2.15735E-28  1.42600E+06  2.00000E-03 -1.56283E+00
  1.47045E+01  2.15981E-28  1.42707E+06  2.00000E-03 -1.67466E+00
  1.47980E+01  2.16078E-28  1.42749E+06  2.00000E-03 -1.78731E+00
  1.48916E+01  2.16123E-28  1.42769E+06  2.00000E-03 -1.87984E+00
  1.49852E+01  2.16291E-28  1.42845E+06  2.00000E-03 -1.99931E+00
  1.50788E+01  2.16663E-28  1.43013E+06  2.00000E-03 -2.15484E+00
  1.51724E+01  2.16544E-28  1.42965E+06  2.00000E-03 -2.17817E+00
  1.52659E+01  2.16317E-28  1.42873E+06  2.00000E-03 -2.18090E+00
  1.53595E+01  2.16295E-28  1.42867E+06  2.00000E-03 -2.17535E+00
  1.54531E+01  2.16071E-28  1.42775E+06  2.00000E-03 -2.15104E+00
  1.55467E+01  2.15936E-28  1.42722E+06  2.00000E-03 -2.11186E+00
  1.56403E+01  2.15779E-28  1.42655E+06  2.00000E-03 -2.06146E+00
  1.57338E+01  2.15689E-28  1.42618E+06  2.00000E-03 -2.03783E+00
  1.58274E+01  2.15963E-28  1.42742E+06  2.00000E-03 -2.00072E+00
  1.59210E+01  2.15782E-28  1.42651E+06  2.00000E-03 -1.94806E+00
  1.60146E+01  2.16109E-28  1.42784E+06  2.00000E-03 -1.91635E+00
  1.61082E+01  2.16259E-28  1.42850E+06  2.00000E-03 -1.94306E+00
  1.62017E+01  2.16465E-28  1.42939E+06  2.00000E-03 -1.94306E+00
  1.62953E+01  2.16859E-28  1.43108E+06  2.00000E-03 -1.94036E+00
  1.63889E+01  2.17030E-28  1.43183E+06  2.00000E-03 -2.00550E+00
  1.64825E+01  2.17657E-28  1.43457E+06  2.00000E-03 -2.15470E+00
  1.65761E+01  2.17775E-28  1.43506E+06  2.00000E-03 -2.12376E+00
  1.66696E+01  2.18124E-28  1.43657E+06  2.00000E-03 -2.15951E+00
  1.67632E+01  2.18560E-28  1.43848E+06  2.00000E-03 -2.28704E+00
  1.68568E+01  2.18553E-28  1.43843E+06  2.00000E-03 -2.21482E+00
  1.69504E+01  2.18935E-28  1.44010E+06  2.00000E-03 -2.27412E+00
  1.70440E+01  2.19073E-28  1.44069E+06  2.00000E-03 -2.30825E+00
  1.71375E+01  2.19151E-28  1.44103E+06  2.00000E-03 -2.30897E+00
  1.72311E+01  2.19352E-28  1.44191E+06  2.00000E-03 -2.32085E+00
  1.73247E+01  2.19378E-28  1.44202E+06  2.00000E-03 -2.31567E+00
  1.74183E+01  2.19410E-28  1.44217E+06  2.00000E-03 -2.35871E+00
  1.75119E+01  2.19429E-28  1.44225E+06  2.00000E-03 -2.36849E+00
  1.76054E+01  2.19394E-28  1.44209E+06  2.00000E-03 -2.35937E+00
  1.76990E+01  2.19275E-28  1.44156E+06  2.00000E-03 -2.36658E+00
  1.77926E+01  2.19193E-28  1.44120E+06  2.00000E-03 -2.37376E+00
  1.78862E+01  2.18977E-28  1.44025E+06  2.00000E-03 -2.39319E+00
  1.79798E+01  2.18892E-28  1.43987E+06  2.00000E-03 -2.42377E+00
  1.80733E+01  2.18654E-28  1.43883E+06  2.00000E-03 -2.39555E+00
  1.81669E+01  2.18424E-28  1.43782E+06  2.00000E-03 -2.45013E+00
  1.82605E+01  2.18447E-28  1.43791E+06  2.00000E-03 -2.49217E+00
  1.83541E+01  2.17933E-28  1.43566E+06  2.00000E-03 -2.41341E+00
  1.84477E+01  2.17941E-28  1.43569E+06  2.00000E-03 -2.44986E+00
  1.85412E+01  2.17863E-28  1.43534E+06  2.00000E-03 -2.46918E+00
  1.86348E+01  2.17380E-28  1.43321E+06  2.00000E-03 -2.34914E+00
  1.87284E+01  2.17390E-28  1.43325E+06  2.00000E-03 -2.34199E+00
  1.88220E+01  2.17096E-28  1.43195E+06  2.00000E-03 -2.23018E+00
  1.89156E+01  2.17136E-28  1.43211E+06  2.00000E-03 -2.21400E+00
  1.90091E+01  2.16953E-28  1.43131E+06  2.00000E-03 -2.15939E+00
  1.91027E+01  2.16470E-28  1.42917E+06  2.00000E-03 -1.95992E+00
  1.91963E+01  2.16711E-28  1.43023E+06  2.00000E-03 -1.98534E+00
  1.92899E+01  2.16342E-28  1.42860E+06  2.00000E-03 -1.84025E+00
  1.93835E+01  2.16360E-28  1.42867E+06  2.00000E-03 -1.75090E+00
  1.94770E+01  2.16467E-28  1.42914E+06  2.00000E-03 -1.72220E+00
  1.95706E+01  2.15940E-28  1.42682E+06  2.00000E-03 -1.53308E+00
  1.96642E+01  2.15996E-28  1.42707E+06  2.00000E-03 -1.53566E+00
  1.97578E+01  2.15806E-28  1.42623E+06  2.00000E-03 -1.44871E+00
  1.98514E+01  2.15759E-28  1.42601E+06  2.00000E-03 -1.42418E+00
  1.99449E+01  2.15534E-28  1.42502E+06  2.00000E-03 -1.39563E+00
  2.00385E+01  2.15243E-28  1.42374E+06  2.00000E-03 -1.33294E+00
  2.01321E+01  2.15610E-28  1.42536E+06  2.00000E-03 -1.38890E+00
  2.02257E+01  2.15097E-28  1.42310E+06  2.00000E-03 -1.34112E+00
  2.03193E+01  2.14929E-28  1.42235E+06  2.00000E-03 -1.35157E+00
  2.04128E+01  2.15026E-28  1.42278E+06  2.00000E-03 -1.39590E+00
  2.05064E+01  2.14514E-28  1.42052E+06  2.00000E-03 -1.38103E+00
  2.06000E+01  2.14584E-28  1.42083E+06  2.00000E-03 -1.39408E+00
  2.06936E+01  2.14450E-28  1.42024E+06  2.00000E-03 -1.41006E+00
  2.07872E+01  2.14411E-28  1.42006E+06  2.00000E-03 -1.41442E+00
  2.08807E+01  2.14326E-28  1.41969E+06  2.00000E-03 -1.40145E+00
  2.09743E+01  2.13908E-28  1.41785E+06  2.00000E-03 -1.31322E+00
  2.10679E+01  2.14282E-28  1.41950E+06  2.00000E-03 -1.30278E+00
  2.11615E+01  2.14050E-28  1.41847E+06  2.00000E-03 -1.19894E+00
  2.12551E+01  2.13673E-28  1.41681E+06  2.00000E-03 -1.15233E+00
  2.13486E+01  2.14151E-28  1.41892E+06  2.00000E-03 -1.05158E+00
  2.14422E+01  2.13962E-28  1.41809E+06  2.00000E-03 -8.25680E-01
  2.15358E+01  2.13953E-28  1.41805E+06  2.00000E-03 -8.15321E-01
  2.16294E+01  2.14001E-28  1.41827E+06  2.00000E-03 -6.41640E-01
  2.17230E+01  2.14264E-28  1.41943E+06  2.00000E-03 -4.94565E-01
  2.18165E+01  2.14165E-28  1.41899E+06  2.00000E-03 -4.83972E-01
  2.19101E+01  2.14245E-28  1.41935E+06  2.00000E-03 -3.92374E-01
  2.20037E+01  2.14625E-28  1.42103E+06  2.00000E-03 -3.12817E-01
  2.20973E+01  2.14771E-28  1.42167E+06  2.00000E-03 -2.93228E-01
  2.21909E+01  2.14758E-28  1.42161E+06  2.00000E-03 -3.06582E-01
  2.22844E+01  2.15111E-28  1.42316E+06  2.00000E-03 -2.82695E-01
  2.23780E+01  2.15395E-28  1.42441E+06  2.00000E-03 -3.42718E-01
  2.24716E+01  2.15455E-28  1.42467E+06  2.00000E-03 -3.51399E-01
  2.25652E+01  2.15664E-28  1.42559E+06  2.00000E-03 -4.22714E-01
  2.26588E+01  2.15941E-28  1.42680E+06  2.00000E-03 -4.49945E-01
  2.27523E+01  2.16018E-28  1.42714E+06  2.00000E-03 -4.38677E-01
  2.28459E+01  2.16232E-28  1.42809E+06  2.00000E-03 -5.96457E-01
  2.29395E+01  2.16324E-28  1.42850E+06  2.00000E-03 -6.03834E-01
  2.30331E+01  2.16491E-28  1.42925E+06  2.00000E-03 -6.83270E-01
  2.31267E+01  2.16540E-28  1.42946E+06  2.00000E-03 -7.54311E-01
  2.32202E+01  2.16548E-28  1.42953E+06  2.00000E-03 -7.79313E-01
  2.33138E+01  2.16597E-28  1.42977E+06  2.00000E-03 -8.62649E-01
  2.34074E+01  2.16608E-28  1.42983E+06  2.00000E-03 -8.81558E-01
  2.35010E+01  2.16526E-28  1.42949E+06  2.00000E-03 -9.71380E-01
  2.35946E+01  2.16395E-28  1.42898E+06  2.00000E-03 -1.17362E+00
  2.36881E+01  2.16371E-28  1.42889E+06  2.00000E-03 -1.21618E+00
  2.37817E+01  2.16371E-28  1.42889E+06  2.00000E-03 -1.21618E+00
  2.38753E+01  2.16344E-28  1.42877E+06  2.00000E-03 -1.20124E+00
  2.39689E+01  2.16079E-28  1.42763E+06  2.00000E-03 -1.16546E+00
  2.40625E+01  2.15726E-28  1.42610E+06  2.00000E-03 -1.12994E+00
  2.41560E+01  2.15801E-28  1.42639E+06  2.00000E-03 -1.20560E+00
  2.42496E+01  2.15873E-28  1.42667E+06  2.00000E-03 -1.27921E+00
  2.43432E+01  2.15914E-28  1.42682E+06  2.00000E-03 -1.33263E+00
  2.44368E+01  2.15680E-28  1.42579E+06  2.00000E-03 -1.27624E+00
  2.45304E+01  2.15187E-28  1.42364E+06  2.00000E-03 -1.15741E+00
  2.46239E+01  2.15124E-28  1.42336E+06  2.00000E-03 -1.14215E+00
  2.47175E+01  2.15190E-28  1.42365E+06  2.00000E-03 -1.15572E+00
  2.48111E+01  2.15418E-28  1.42464E+06  2.00000E-03 -1.20273E+00
  2.49047E+01  2.15280E-28  1.42402E+06  2.00000E-03 -1.15762E+00
  2.49983E+01  2.14899E-28  1.42234E+06  2.00000E-03 -1.06264E+00
  2.50918E+01  2.14899E-28  1.42234E+06  2.00000E-03 -1.06264E+00
  2.51854E+01  2.14899E-28  1.42234E+06  2.00000E-03 -1.06264E+00
  2.52790E+01  2.14899E-28  1.42234E+06  2.00000E-03 -1.06264E+00
  2.53726E+01  2.14497E-28  1.42056E+06  2.00000E-03 -9.70234E-01
  2.54662E+01  2.14458E-28  1.42035E+06  2.00000E-03 -9.86525E-01
  2.55597E+01  2.14696E-28  1.42139E+06  2.00000E-03 -1.05285E+00
  2.56533E+01  2.14696E-28  1.42139E+06  2.00000E-03 -1.05285E+00
  2.57469E+01  2.14696E-28  1.42139E+06  2.00000E-03 -1.05285E+00
  2.58405E+01  2.14412E-28  1.42013E+06  2.00000E-03 -1.01095E+00
  2.59341E+01  2.13602E-28  1.41654E+06  2.00000E-03 -8.90528E-01
  2.60276E+01  2.13793E-28  1.41738E+06  2.00000E-03 -9.51319E-01
  2.61212E+01  2.14076E-28  1.41862E+06  2.00000E-03 -1.04066E+00
  2.62148E+01  2.14380E-28  1.41996E+06  2.00000E-03 -1.13671E+00
  2.63084E+01  2.13960E-28  1.41811E+06  2.00000E-03 -1.07872E+00
  2.64020E+01  2.13180E-28  1.41466E+06  2.00000E-03 -9.70269E-01
  2.64955E+01  2.13180E-28  1.41466E+06  2.00000E-03 -9.70269E-01
  2.65891E+01  2.13154E-28  1.41455E+06  2.00000E-03 -9.73069E-01
  2.66827E+01  2.13389E-28  1.41559E+06  2.00000E-03 -1.04019E+00
  2.67763E+01  2.13419E-28  1.41572E+06  2.00000E-03 -1.06969E+00
  2.68699E+01  2.12701E-28  1.41255E+06  2.00000E-03 -9.46072E-01
  2.69634E+01  2.12687E-28  1.41248E+06  2.00000E-03 -9.42965E-01
  2.70570E+01  2.12680E-28  1.41245E+06  2.00000E-03 -9.41415E-01
  2.71506E+01  2.12635E-28  1.41225E+06  2.00000E-03 -9.31432E-01
  2.72442E+01  2.12305E-28  1.41080E+06  2.00000E-03 -8.74785E-01
  2.73377E+01  2.11971E-28  1.40932E+06  2.00000E-03 -8.06941E-01
  2.74313E+01  2.12277E-28  1.41067E+06  2.00000E-03 -8.45833E-01
  2.75249E+01  2.12361E-28  1.41104E+06  2.00000E-03 -8.56532E-01
  2.76185E+01  2.12361E-28  1.41104E+06  2.00000E-03 -8.56532E-01
  2.77121E+01  2.12183E-28  1.41025E+06  2.00000E-03 -8.37087E-01
  2.78056E+01  2.11585E-28  1.40761E+06  2.00000E-03 -7.71406E-01
  2.78992E+01  2.11637E-28  1.40784E+06  2.00000E-03 -7.77243E-01
  2.79928E+01  2.11954E-28  1.40924E+06  2.00000E-03 -8.13098E-01
  2.80864E+01  2.12256E-28  1.41057E+06  2.00000E-03 -8.47050E-01
  2.81800E+01  2.12149E-28  1.41010E+06  2.00000E-03 -8.45658E-01
  2.82735E+01  2.11600E-28  1.40766E+06  2.00000E-03 -8.38444E-01
  2.83671E+01  2.11596E-28  1.40764E+06  2.00000E-03 -8.38389E-01
  2.84607E+01  2.11596E-28  1.40764E+06  2.00000E-03 -8.38389E-01
  2.85543E+01  2.11607E-28  1.40769E+06  2.00000E-03 -8.38598E-01
  2.86479E+01  2.11853E-28  1.40877E+06  2.00000E-03 -8.50886E-01
  2.87414E+01  2.11808E-28  1.40856E+06  2.00000E-03 -8.42859E-01
  2.88350E+01  2.11831E-28  1.40866E+06  2.00000E-03 -8.42096E-01
  2.89286E+01  2.11831E-28  1.40866E+06  2.00000E-03 -8.42096E-01
  2.90222E+01  2.11831E-28  1.40866E+06  2.00000E-03 -8.42096E-01
  2.91158E+01  2.11789E-28  1.40847E+06  2.00000E-03 -8.54783E-01
  2.92093E+01  2.11847E-28  1.40873E+06  2.00000E-03 -8.50264E-01
  2.93029E+01  2.12206E-28  1.41031E+06  2.00000E-03 -7.82107E-01
  2.93965E+01  2.12356E-28  1.41097E+06  2.00000E-03 -7.55120E-01
  2.94901E+01  2.12303E-28  1.41074E+06  2.00000E-03 -7.71984E-01
  2.95837E+01  2.12346E-28  1.41093E+06  2.00000E-03 -7.67449E-01
  2.96772E+01  2.12322E-28  1.41082E+06  2.00000E-03 -8.10651E-01
  2.97708E+01  2.12326E-28  1.41083E+06  2.00000E-03 -8.13198E-01
  2.98644E+01  2.12576E-28  1.41194E+06  2.00000E-03 -7.24719E-01
  2.99580E+01  2.13024E-28  1.41392E+06  2.00000E-03 -5.68636E-01
  3.00516E+01  2.13119E-28  1.41434E+06  2.00000E-03 -5.59437E-01
  3.01451E+01  2.13176E-28  1.41459E+06  2.00000E-03 -6.02800E-01
  3.02387E+01  2.13179E-28  1.41460E+06  2.00000E-03 -6.04883E-01
  3.03323E+01  2.13179E-28  1.41460E+06  2.00000E-03 -6.04883E-01
  3.04259E+01  2.13179E-28  1.41460E+06  2.00000E-03 -6.04883E-01
  3.05195E+01  2.13644E-28  1.41665E+06  2.00000E-03 -5.23292E-01
  3.06130E+01  2.14163E-28  1.41894E+06  2.00000E-03 -4.27204E-01
  3.07066E+01  2.14238E-28  1.41927E+06  2.00000E-03 -3.80969E-01
  3.08002E+01  2.14238E-28  1.41927E+06  2.00000E-03 -3.80969E-01
  3.08938E+01  2.14238E-28  1.41927E+06  2.00000E-03 -3.80969E-01
  3.09874E+01  2.14409E-28  1.42003E+06  2.00000E-03 -4.51037E-01
  3.10809E+01  2.14771E-28  1.42162E+06  2.00000E-03 -5.62045E-01
  3.11745E+01  2.14970E-28  1.42251E+06  2.00000E-03 -4.51229E-01
  3.12681E+01  2.15116E-28  1.42316E+06  2.00000E-03 -3.01875E-01
  3.13617E+01  2.15116E-28  1.42316E+06  2.00000E-03 -3.01875E-01
  3.14553E+01  2.15206E-28  1.42356E+06  2.00000E-03 -3.50561E-01
  3.15488E+01  2.15538E-28  1.42503E+06  2.00000E-03 -5.29796E-01
  3.16424E+01  2.15575E-28  1.42519E+06  2.00000E-03 -5.49286E-01
  3.17360E+01  2.15592E-28  1.42527E+06  2.00000E-03 -5.20635E-01
  3.18296E+01  2.15692E-28  1.42574E+06  2.00000E-03 -3.56091E-01
  3.19232E+01  2.15857E-28  1.42648E+06  2.00000E-03 -3.38109E-01
  3.20167E+01  2.16295E-28  1.42843E+06  2.00000E-03 -6.34383E-01
  3.21103E+01  2.16365E-28  1.42874E+06  2.00000E-03 -6.85922E-01
  3.22039E+01  2.16365E-28  1.42874E+06  2.00000E-03 -6.85922E-01
  3.22975E+01  2.16365E-28  1.42874E+06  2.00000E-03 -6.85922E-01
  3.23911E+01  2.16365E-28  1.42874E+06  2.00000E-03 -6.85922E-01
  3.24846E+01  2.16365E-28  1.42874E+06  2.00000E-03 -6.85922E-01
  3.25782E+01  2.16365E-28  1.42874E+06  2.00000E-03 -6.85922E-01
  3.26718E+01  2.16365E-28  1.42874E+06  2.00000E-03 -6.85922E-01
  3.27654E+01  2.16365E-28  1.42874E+06  2.00000E-03 -6.85922E-01
  3.28590E+01  2.16595E-28  1.42976E+06  2.00000E-03 -7.50331E-01
  3.29525E+01  2.17297E-28  1.43287E+06  2.00000E-03 -9.46579E-01
  3.30461E+01  2.17287E-28  1.43280E+06  2.00000E-03 -9.19899E-01
  3.31397E+01  2.16898E-28  1.43104E+06  2.00000E-03 -7.41606E-01
  3.32333E+01  2.16877E-28  1.43094E+06  2.00000E-03 -7.31671E-01
  3.33269E+01  2.16877E-28  1.43094E+06  2.00000E-03 -7.31671E-01
  3.34204E+01  2.16877E-28  1.43094E+06  2.00000E-03 -7.31671E-01
  3.35140E+01  2.16877E-28  1.43094E+06  2.00000E-03 -7.31671E-01
  3.36076E+01  2.16877E-28  1.43094E+06  2.00000E-03 -7.31671E-01
  3.37012E+01  2.16877E-28  1.43094E+06  2.00000E-03 -7.31671E-01
  3.37948E+01  2.16998E-28  1.43148E+06  2.00000E-03 -7.65008E-01
  3.38883E+01  2.17478E-28  1.43359E+06  2.00000E-03 -8.96302E-01
  3.39819E+01  2.17595E-28  1.43411E+06  2.00000E-03 -9.28436E-01
  3.40755E+01  2.17595E-28  1.43411E+06  2.00000E-03 -9.28435E-01
  3.41691E+01  2.17595E-28  1.43411E+06  2.00000E-03 -9.28436E-01
  3.42627E+01  2.17509E-28  1.43372E+06  2.00000E-03 -9.19283E-01
  3.43562E+01  2.17301E-28  1.43280E+06  2.00000E-03 -8.97082E-01
  3.44498E+01  2.17033E-28  1.43160E+06  2.00000E-03 -8.68344E-01
  3.45434E+01  2.17033E-28  1.43160E+06  2.00000E-03 -8.68344E-01
  3.46370E+01  2.17033E-28  1.43160E+06  2.00000E-03 -8.68344E-01
  3.47306E+01  2.17067E-28  1.43175E+06  2.00000E-03 -8.78878E-01
  3.48241E+01  2.17332E-28  1.43291E+06  2.00000E-03 -9.92841E-01
  3.49177E+01  2.17461E-28  1.43347E+06  2.00000E-03 -1.04200E+00
  3.50113E+01  2.17455E-28  1.43345E+06  2.00000E-03 -1.04173E+00
  3.51049E+01  2.17461E-28  1.43347E+06  2.00000E-03 -1.04202E+00
  3.51985E+01  2.17466E-28  1.43350E+06  2.00000E-03 -1.04227E+00
  3.52920E+01  2.17470E-28  1.43351E+06  2.00000E-03 -1.04246E+00
  3.53856E+01  2.17483E-28  1.43357E+06  2.00000E-03 -1.04308E+00
  3.54792E+01  2.17497E-28  1.43363E+06  2.00000E-03 -1.04377E+00
  3.55728E+01  2.17405E-28  1.43323E+06  2.00000E-03 -1.03280E+00
  3.56664E+01  2.17245E-28  1.43251E+06  2.00000E-03 -1.01463E+00
  3.57599E+01  2.17355E-28  1.43299E+06  2.00000E-03 -1.04531E+00
  3.58535E+01  2.17376E-28  1.43308E+06  2.00000E-03 -1.04935E+00
  3.59471E+01  2.17376E-28  1.43308E+06  2.00000E-03 -1.04935E+00
  3.60407E+01  2.17376E-28  1.43308E+06  2.00000E-03 -1.04935E+00
  3.61343E+01  2.17376E-28  1.43308E+06  2.00000E-03 -1.04935E+00
  3.62278E+01  2.17376E-28  1.43308E+06  2.00000E-03 -1.04935E+00
  3.63214E+01  2.17376E-28  1.43308E+06  2.00000E-03 -1.04935E+00
  3.64150E+01  2.17376E-28  1.43308E+06  2.00000E-03 -1.04935E+00
  3.65086E+01  2.17376E-28  1.43308E+06  2.00000E-03 -1.04935E+00
  3.66022E+01  2.17378E-28  1.43309E+06  2.00000E-03 -1.04721E+00
  3.66957E+01  2.17420E-28  1.43327E+06  2.00000E-03 -9.93263E-01
  3.67893E+01  2.17426E-28  1.43330E+06  2.00000E-03 -9.85918E-01
  3.68829E+01  2.17382E-28  1.43310E+06  2.00000E-03 -9.81370E-01
  3.69765E+01  2.17328E-28  1.43286E+06  2.00000E-03 -9.75788E-01
  3.70701E+01  2.17321E-28  1.43283E+06  2.00000E-03 -9.75099E-01
  3.71636E+01  2.17321E-28  1.43283E+06  2.00000E-03 -9.75099E-01
  3.72572E+01  2.17321E-28  1.43283E+06  2.00000E-03 -9.75099E-01
  3.73508E+01  2.17321E-28  1.43283E+06  2.00000E-03 -9.75099E-01
  3.74444E+01  2.17321E-28  1.43283E+06  2.00000E-03 -9.75099E-01
  3.75380E+01  2.17321E-28  1.43283E+06  2.00000E-03 -9.75099E-01
  3.76315E+01  2.17309E-28  1.43278E+06  2.00000E-03 -9.38298E-01
  3.77251E+01  2.17305E-28  1.43276E+06  2.00000E-03 -9.27371E-01
  3.78187E+01  2.17305E-28  1.43276E+06  2.00000E-03 -9.27371E-01
  3.79123E+01  2.17305E-28  1.43276E+06  2.00000E-03 -9.27371E-01
  3.80059E+01  2.17305E-28  1.43276E+06  2.00000E-03 -9.27371E-01
  3.80994E+01  2.17288E-28  1.43269E+06  2.00000E-03 -9.30712E-01
  3.81930E+01  2.17239E-28  1.43247E+06  2.00000E-03 -9.40514E-01
  3.82866E+01  2.17191E-28  1.43226E+06  2.00000E-03 -9.50070E-01
  3.83802E+01  2.17191E-28  1.43226E+06  2.00000E-03 -9.50070E-01
  3.84738E+01  2.17191E-28  1.43226E+06  2.00000E-03 -9.50070E-01
  3.85673E+01  2.17173E-28  1.43218E+06  2.00000E-03 -9.22244E-01
  3.86609E+01  2.17166E-28  1.43215E+06  2.00000E-03 -9.12200E-01
  3.87545E+01  2.17166E-28  1.43215E+06  2.00000E-03 -9.12200E-01
  3.88481E+01  2.17166E-28  1.43215E+06  2.00000E-03 -9.12200E-01
  3.89417E+01  2.17166E-28  1.43215E+06  2.00000E-03 -9.12200E-01
  3.90352E+01  2.17166E-28  1.43215E+06  2.00000E-03 -9.12200E-01
  3.91288E+01  2.17166E-28  1.43215E+06  2.00000E-03 -9.12201E-01
  3.92224E+01  2.17166E-28  1.43215E+06  2.00000E-03 -9.12200E-01
  3.93160E+01  2.17153E-28  1.43209E+06  2.00000E-03 -9.17298E-01
  3.94095E+01  2.17095E-28  1.43184E+06  2.00000E-03 -9.38503E-01
  3.95031E+01  2.16977E-28  1.43132E+06  2.00000E-03 -9.47806E-01
  3.95967E+01  2.16973E-28  1.43130E+06  2.00000E-03 -9.37492E-01
  3.96903E+01  2.16973E-28  1.43130E+06  2.00000E-03 -9.37492E-01
  3.97839E+01  2.16973E-28  1.43130E+06  2.00000E-03 -9.37492E-01
  3.98774E+01  2.16973E-28  1.43130E+06  2.00000E-03 -9.37492E-01
  3.99710E+01  2.16973E-28  1.43130E+06  2.00000E-03 -9.37492E-01
  4.00646E+01  2.16973E-28  1.43130E+06  2.00000E-03 -9.37492E-01
  4.01582E+01  2.16973E-28  1.43130E+06  2.00000E-03 -9.37492E-01
  4.02518E+01  2.16991E-28  1.43138E+06  2.00000E-03 -9.36390E-01
  4.03453E+01  2.17004E-28  1.43144E+06  2.00000E-03 -9.35553E-01
  4.04389E+01  2.17031E-28  1.43155E+06  2.00000E-03 -9.22874E-01
  4.05325E+01  2.17058E-28  1.43167E+06  2.00000E-03 -9.10287E-01
  4.06261E+01  2.17019E-28  1.43150E+06  2.00000E-03 -9.24915E-01
