 -2.38863E+01  2.20236E-28  1.44574E+06  2.00000E-03  1.01999E+01
 -2.38395E+01  2.20236E-28  1.44574E+06  2.00000E-03  1.01999E+01
 -2.37927E+01  2.20236E-28  1.44574E+06  2.00000E-03  1.01999E+01
 -2.37459E+01  2.20236E-28  1.44574E+06  2.00000E-03  1.01999E+01
 -2.36991E+01  2.20236E-28  1.44574E+06  2.00000E-03  1.01999E+01
 -2.36523E+01  2.20236E-28  1.44574E+06  2.00000E-03  1.01999E+01
 -2.36055E+01  2.20236E-28  1.44574E+06  2.00000E-03  1.01999E+01
 -2.35587E+01  2.20236E-28  1.44574E+06  2.00000E-03  1.01999E+01
 -2.35119E+01  2.20236E-28  1.44574E+06  2.00000E-03  1.01999E+01
 -2.34651E+01  2.20236E-28  1.44574E+06  2.00000E-03  1.01999E+01
 -2.34184E+01  2.20236E-28  1.44574E+06  2.00000E-03  1.01999E+01
 -2.33716E+01  2.20236E-28  1.44574E+06  2.00000E-03  1.01999E+01
 -2.33248E+01  2.20236E-28  1.44574E+06  2.00000E-03  1.01999E+01
 -2.32780E+01  2.20236E-28  1.44574E+06  2.00000E-03  1.01999E+01
 -2.32312E+01  2.20236E-28  1.44574E+06  2.00000E-03  1.01999E+01
 -2.31844E+01  2.20531E-28  1.44703E+06  2.00000E-03  1.02110E+01
 -2.31376E+01  2.20825E-28  1.44833E+06  2.00000E-03  1.02221E+01
 -2.30908E+01  2.20825E-28  1.44833E+06  2.00000E-03  1.02221E+01
 -2.30440E+01  2.20825E-28  1.44833E+06  2.00000E-03  1.02221E+01
 -2.29972E+01  2.20825E-28  1.44833E+06  2.00000E-03  1.02221E+01
 -2.29505E+01  2.20825E-28  1.44833E+06  2.00000E-03  1.02221E+01
 -2.29037E+01  2.20825E-28  1.44833E+06  2.00000E-03  1.02221E+01
 -2.28569E+01  2.20825E-28  1.44833E+06  2.00000E-03  1.02221E+01
 -2.28101E+01  2.20825E-28  1.44833E+06  2.00000E-03  1.02221E+01
 -2.27633E+01  2.20825E-28  1.44833E+06  2.00000E-03  1.02221E+01
 -2.27165E+01  2.20825E-28  1.44833E+06  2.00000E-03  1.02221E+01
 -2.26697E+01  2.20825E-28  1.44833E+06  2.00000E-03  1.02221E+01
 -2.26229E+01  2.20825E-28  1.44833E+06  2.00000E-03  1.02221E+01
 -2.25761E+01  2.20825E-28  1.44833E+06  2.00000E-03  1.02221E+01
 -2.25294E+01  2.20825E-28  1.44833E+06  2.00000E-03  1.02221E+01
 -2.24826E+01  2.20825E-28  1.44833E+06  2.00000E-03  1.02221E+01
 -2.24358E+01  2.21034E-28  1.44924E+06  2.00000E-03  1.02770E+01
 -2.23890E+01  2.21242E-28  1.45016E+06  2.00000E-03  1.03318E+01
 -2.23422E+01  2.21242E-28  1.45016E+06  2.00000E-03  1.03318E+01
 -2.22954E+01  2.21242E-28  1.45016E+06  2.00000E-03  1.03318E+01
 -2.22486E+01  2.21242E-28  1.45016E+06  2.00000E-03  1.03318E+01
 -2.22018E+01  2.21242E-28  1.45016E+06  2.00000E-03  1.03318E+01
 -2.21550E+01  2.21242E-28  1.45016E+06  2.00000E-03  1.03318E+01
 -2.21082E+01  2.21242E-28  1.45016E+06  2.00000E-03  1.03318E+01
 -2.20615E+01  2.21242E-28  1.45016E+06  2.00000E-03  1.03318E+01
 -2.20147E+01  2.21242E-28  1.45016E+06  2.00000E-03  1.03318E+01
 -2.19679E+01  2.21242E-28  1.45016E+06  2.00000E-03  1.03318E+01
 -2.19211E+01  2.21242E-28  1.45016E+06  2.00000E-03  1.03318E+01
 -2.18743E+01  2.21242E-28  1.45016E+06  2.00000E-03  1.03318E+01
 -2.18275E+01  2.21242E-28  1.45016E+06  2.00000E-03  1.03318E+01
 -2.17807E+01  2.21242E-28  1.45016E+06  2.00000E-03  1.03318E+01
 -2.17339E+01  2.21242E-28  1.45016E+06  2.00000E-03  1.03318E+01
 -2.16871E+01  2.21363E-28  1.45069E+06  2.00000E-03  1.04355E+01
 -2.16403E+01  2.21484E-28  1.45123E+06  2.00000E-03  1.05391E+01
 -2.15936E+01  2.21484E-28  1.45123E+06  2.00000E-03  1.05391E+01
 -2.15468E+01  2.21484E-28  1.45123E+06  2.00000E-03  1.05391E+01
 -2.15000E+01  2.21484E-28  1.45123E+06  2.00000E-03  1.05391E+01
 -2.14532E+01  2.21484E-28  1.45123E+06  2.00000E-03  1.05391E+01
 -2.14064E+01  2.21484E-28  1.45123E+06  2.00000E-03  1.05391E+01
 -2.13596E+01  2.21484E-28  1.45123E+06  2.00000E-03  1.05391E+01
 -2.13128E+01  2.21484E-28  1.45123E+06  2.00000E-03  1.05391E+01
 -2.12660E+01  2.21484E-28  1.45123E+06  2.00000E-03  1.05391E+01
 -2.12192E+01  2.21484E-28  1.45123E+06  2.00000E-03  1.05391E+01
 -2.11724E+01  2.21484E-28  1.45123E+06  2.00000E-03  1.05391E+01
 -2.11257E+01  2.21484E-28  1.45123E+06  2.00000E-03  1.05391E+01
 -2.10789E+01  2.21484E-28  1.45123E+06  2.00000E-03  1.05391E+01
 -2.10321E+01  2.21484E-28  1.45123E+06  2.00000E-03  1.05391E+01
 -2.09853E+01  2.21484E-28  1.45123E+06  2.00000E-03  1.05391E+01
 -2.09385E+01  2.21574E-28  1.45163E+06  2.00000E-03  1.06849E+01
 -2.08917E+01  2.21664E-28  1.45204E+06  2.00000E-03  1.08305E+01
 -2.08449E+01  2.21664E-28  1.45204E+06  2.00000E-03  1.08305E+01
 -2.07981E+01  2.21664E-28  1.45204E+06  2.00000E-03  1.08305E+01
 -2.07513E+01  2.21664E-28  1.45204E+06  2.00000E-03  1.08305E+01
 -2.07045E+01  2.21664E-28  1.45204E+06  2.00000E-03  1.08305E+01
 -2.06578E+01  2.21664E-28  1.45204E+06  2.00000E-03  1.08305E+01
 -2.06110E+01  2.21664E-28  1.45204E+06  2.00000E-03  1.08305E+01
 -2.05642E+01  2.21664E-28  1.45204E+06  2.00000E-03  1.08305E+01
 -2.05174E+01  2.21664E-28  1.45204E+06  2.00000E-03  1.08305E+01
 -2.04706E+01  2.21664E-28  1.45204E+06  2.00000E-03  1.08305E+01
 -2.04238E+01  2.21664E-28  1.45204E+06  2.00000E-03  1.08305E+01
 -2.03770E+01  2.21664E-28  1.45204E+06  2.00000E-03  1.08305E+01
 -2.03302E+01  2.21664E-28  1.45204E+06  2.00000E-03  1.08305E+01
 -2.02834E+01  2.21664E-28  1.45204E+06  2.00000E-03  1.08305E+01
 -2.02366E+01  2.21664E-28  1.45204E+06  2.00000E-03  1.08305E+01
 -2.01899E+01  2.21786E-28  1.45257E+06  2.00000E-03  1.10276E+01
 -2.01431E+01  2.21907E-28  1.45309E+06  2.00000E-03  1.12245E+01
 -2.00963E+01  2.21907E-28  1.45309E+06  2.00000E-03  1.12245E+01
 -2.00495E+01  2.21907E-28  1.45309E+06  2.00000E-03  1.12245E+01
 -2.00027E+01  2.21907E-28  1.45309E+06  2.00000E-03  1.12245E+01
 -1.99559E+01  2.21907E-28  1.45309E+06  2.00000E-03  1.12245E+01
 -1.99091E+01  2.21907E-28  1.45309E+06  2.00000E-03  1.12245E+01
 -1.98623E+01  2.21907E-28  1.45309E+06  2.00000E-03  1.12245E+01
 -1.98155E+01  2.21907E-28  1.45309E+06  2.00000E-03  1.12245E+01
 -1.97687E+01  2.21907E-28  1.45309E+06  2.00000E-03  1.12245E+01
 -1.97220E+01  2.21907E-28  1.45309E+06  2.00000E-03  1.12245E+01
 -1.96752E+01  2.21907E-28  1.45309E+06  2.00000E-03  1.12245E+01
 -1.96284E+01  2.21907E-28  1.45309E+06  2.00000E-03  1.12245E+01
 -1.95816E+01  2.21907E-28  1.45309E+06  2.00000E-03  1.12245E+01
 -1.95348E+01  2.21907E-28  1.45309E+06  2.00000E-03  1.12245E+01
 -1.94880E+01  2.21907E-28  1.45309E+06  2.00000E-03  1.12245E+01
 -1.94412E+01  2.22073E-28  1.45382E+06  2.00000E-03  1.15877E+01
 -1.93944E+01  2.22238E-28  1.45454E+06  2.00000E-03  1.19505E+01
 -1.93476E+01  2.22238E-28  1.45454E+06  2.00000E-03  1.19505E+01
 -1.93008E+01  2.22238E-28  1.45454E+06  2.00000E-03  1.19505E+01
 -1.92541E+01  2.22238E-28  1.45454E+06  2.00000E-03  1.19505E+01
 -1.92073E+01  2.22238E-28  1.45454E+06  2.00000E-03  1.19505E+01
 -1.91605E+01  2.22238E-28  1.45454E+06  2.00000E-03  1.19505E+01
 -1.91137E+01  2.22238E-28  1.45454E+06  2.00000E-03  1.19505E+01
 -1.90669E+01  2.22238E-28  1.45454E+06  2.00000E-03  1.19505E+01
 -1.90201E+01  2.22238E-28  1.45454E+06  2.00000E-03  1.19505E+01
 -1.89733E+01  2.22238E-28  1.45454E+06  2.00000E-03  1.19505E+01
 -1.89265E+01  2.22238E-28  1.45454E+06  2.00000E-03  1.19505E+01
 -1.88797E+01  2.22238E-28  1.45454E+06  2.00000E-03  1.19505E+01
 -1.88329E+01  2.22238E-28  1.45454E+06  2.00000E-03  1.19505E+01
 -1.87862E+01  2.22238E-28  1.45454E+06  2.00000E-03  1.19505E+01
 -1.87394E+01  2.22238E-28  1.45454E+06  2.00000E-03  1.19505E+01
 -1.86926E+01  2.22289E-28  1.45488E+06  2.00000E-03  1.23152E+01
 -1.86458E+01  2.22340E-28  1.45523E+06  2.00000E-03  1.26798E+01
 -1.85990E+01  2.22340E-28  1.45523E+06  2.00000E-03  1.26798E+01
 -1.85522E+01  2.22340E-28  1.45523E+06  2.00000E-03  1.26798E+01
 -1.85054E+01  2.22340E-28  1.45523E+06  2.00000E-03  1.26798E+01
 -1.84586E+01  2.22340E-28  1.45523E+06  2.00000E-03  1.26798E+01
 -1.84118E+01  2.22340E-28  1.45523E+06  2.00000E-03  1.26798E+01
 -1.83650E+01  2.22340E-28  1.45523E+06  2.00000E-03  1.26798E+01
 -1.83183E+01  2.22149E-28  1.45684E+06  1.99989E-03  1.30577E+01
 -1.82715E+01  2.21958E-28  1.45846E+06  1.99977E-03  1.34364E+01
 -1.82247E+01  2.21958E-28  1.45846E+06  1.99977E-03  1.34364E+01
 -1.81779E+01  2.21958E-28  1.45846E+06  1.99977E-03  1.34364E+01
 -1.81311E+01  2.21958E-28  1.45846E+06  1.99977E-03  1.34364E+01
 -1.80843E+01  2.21958E-28  1.45846E+06  1.99977E-03  1.34364E+01
 -1.80375E+01  2.21958E-28  1.45846E+06  1.99977E-03  1.34364E+01
 -1.79907E+01  2.21958E-28  1.45846E+06  1.99977E-03  1.34364E+01
 -1.79439E+01  2.25971E-28  1.43110E+06  1.98808E-03  1.35606E+01
 -1.78971E+01  2.29984E-28  1.40469E+06  1.97680E-03  1.36805E+01
 -1.78504E+01  2.29984E-28  1.40469E+06  1.97680E-03  1.36805E+01
 -1.78036E+01  2.29984E-28  1.40469E+06  1.97680E-03  1.36805E+01
 -1.77568E+01  2.29984E-28  1.40469E+06  1.97680E-03  1.36805E+01
 -1.77100E+01  2.29984E-28  1.40469E+06  1.97680E-03  1.36805E+01
 -1.76632E+01  2.29984E-28  1.40469E+06  1.97680E-03  1.36805E+01
 -1.76164E+01  2.29984E-28  1.40469E+06  1.97680E-03  1.36805E+01
 -1.75696E+01  2.39962E-28  1.34294E+06  1.94309E-03  1.28089E+01
 -1.75228E+01  2.49939E-28  1.28612E+06  1.91208E-03  1.20068E+01
 -1.74760E+01  2.49939E-28  1.28612E+06  1.91208E-03  1.20068E+01
 -1.74292E+01  2.49939E-28  1.28612E+06  1.91208E-03  1.20068E+01
 -1.73825E+01  2.49939E-28  1.28612E+06  1.91208E-03  1.20068E+01
 -1.73357E+01  2.49939E-28  1.28612E+06  1.91208E-03  1.20068E+01
 -1.72889E+01  2.49939E-28  1.28612E+06  1.91208E-03  1.20068E+01
 -1.72421E+01  2.49939E-28  1.28612E+06  1.91208E-03  1.20068E+01
 -1.71953E+01  2.62632E-28  1.22208E+06  1.86776E-03  1.01798E+01
 -1.71485E+01  2.75325E-28  1.16395E+06  1.82752E-03  8.52123E+00
 -1.71017E+01  2.75325E-28  1.16395E+06  1.82752E-03  8.52123E+00
 -1.70549E+01  2.75325E-28  1.16395E+06  1.82752E-03  8.52123E+00
 -1.70081E+01  2.75325E-28  1.16395E+06  1.82752E-03  8.52123E+00
 -1.69613E+01  2.75325E-28  1.16395E+06  1.82752E-03  8.52123E+00
 -1.69146E+01  2.75325E-28  1.16395E+06  1.82752E-03  8.52123E+00
 -1.68678E+01  2.75325E-28  1.16395E+06  1.82752E-03  8.52123E+00
 -1.68210E+01  2.81694E-28  1.13724E+06  1.81586E-03  6.78771E+00
 -1.67742E+01  2.88063E-28  1.11170E+06  1.80471E-03  5.13085E+00
 -1.67274E+01  2.88063E-28  1.11170E+06  1.80471E-03  5.13085E+00
 -1.66806E+01  2.88063E-28  1.11170E+06  1.80471E-03  5.13085E+00
 -1.66338E+01  2.88063E-28  1.11170E+06  1.80471E-03  5.13085E+00
 -1.65870E+01  2.88063E-28  1.11170E+06  1.80471E-03  5.13085E+00
 -1.65402E+01  2.88063E-28  1.11170E+06  1.80471E-03  5.13085E+00
 -1.64935E+01  2.88063E-28  1.11170E+06  1.80471E-03  5.13085E+00
 -1.64467E+01  3.01728E-28  1.06034E+06  1.78173E-03  4.06907E+00
 -1.63999E+01  3.15392E-28  1.01342E+06  1.76075E-03  3.09929E+00
 -1.63531E+01  3.15392E-28  1.01342E+06  1.76075E-03  3.09929E+00
 -1.63063E+01  3.15392E-28  1.01342E+06  1.76075E-03  3.09929E+00
 -1.62595E+01  3.15392E-28  1.01342E+06  1.76075E-03  3.09929E+00
 -1.62127E+01  3.15392E-28  1.01342E+06  1.76075E-03  3.09929E+00
 -1.61659E+01  3.15392E-28  1.01342E+06  1.76075E-03  3.09929E+00
 -1.61191E+01  3.15392E-28  1.01342E+06  1.76075E-03  3.09929E+00
 -1.60723E+01  3.24238E-28  9.84929E+05  1.74112E-03  2.79300E+00
 -1.60256E+01  3.33084E-28  9.57954E+05  1.72255E-03  2.50298E+00
 -1.59788E+01  3.33084E-28  9.57954E+05  1.72255E-03  2.50298E+00
 -1.59320E+01  3.33084E-28  9.57954E+05  1.72255E-03  2.50298E+00
 -1.58852E+01  3.33084E-28  9.57954E+05  1.72255E-03  2.50298E+00
 -1.58384E+01  3.33084E-28  9.57954E+05  1.72255E-03  2.50298E+00
 -1.57916E+01  3.33084E-28  9.57954E+05  1.72255E-03  2.50298E+00
 -1.57448E+01  3.33084E-28  9.57954E+05  1.72255E-03  2.50298E+00
 -1.56980E+01  3.35235E-28  9.51826E+05  1.71689E-03  2.82300E+00
 -1.56512E+01  3.37385E-28  9.45776E+05  1.71130E-03  3.13895E+00
 -1.56044E+01  3.37385E-28  9.45776E+05  1.71130E-03  3.13895E+00
 -1.55577E+01  3.37385E-28  9.45776E+05  1.71130E-03  3.13895E+00
 -1.55109E+01  3.37385E-28  9.45776E+05  1.71130E-03  3.13895E+00
 -1.54641E+01  3.37385E-28  9.45776E+05  1.71130E-03  3.13895E+00
 -1.54173E+01  3.37385E-28  9.45776E+05  1.71130E-03  3.13895E+00
 -1.53705E+01  3.37385E-28  9.45776E+05  1.71130E-03  3.13895E+00
 -1.53237E+01  3.34417E-28  9.54956E+05  1.71685E-03  3.88623E+00
 -1.52769E+01  3.31450E-28  9.64301E+05  1.72251E-03  4.64689E+00
 -1.52301E+01  3.31450E-28  9.64301E+05  1.72251E-03  4.64689E+00
 -1.51833E+01  3.31450E-28  9.64301E+05  1.72251E-03  4.64689E+00
 -1.51365E+01  3.31450E-28  9.64301E+05  1.72251E-03  4.64689E+00
 -1.50898E+01  3.31450E-28  9.64301E+05  1.72251E-03  4.64689E+00
 -1.50430E+01  3.31450E-28  9.64301E+05  1.72251E-03  4.64689E+00
 -1.49962E+01  3.31450E-28  9.64301E+05  1.72251E-03  4.64689E+00
 -1.49494E+01  3.24455E-28  9.86530E+05  1.73575E-03  5.55850E+00
 -1.49026E+01  3.17460E-28  1.00974E+06  1.74957E-03  6.51028E+00
 -1.48558E+01  3.17460E-28  1.00974E+06  1.74957E-03  6.51028E+00
 -1.48090E+01  3.17460E-28  1.00974E+06  1.74957E-03  6.51028E+00
 -1.47622E+01  3.17460E-28  1.00974E+06  1.74957E-03  6.51028E+00
 -1.47154E+01  3.17460E-28  1.00974E+06  1.74957E-03  6.51028E+00
 -1.46686E+01  3.17460E-28  1.00974E+06  1.74957E-03  6.51028E+00
 -1.46219E+01  3.17460E-28  1.00974E+06  1.74957E-03  6.51028E+00
 -1.45751E+01  3.06533E-28  1.04791E+06  1.77172E-03  7.39646E+00
 -1.45283E+01  2.95606E-28  1.08891E+06  1.79550E-03  8.34816E+00
 -1.44815E+01  2.95606E-28  1.08891E+06  1.79550E-03  8.34816E+00
 -1.44347E+01  2.95606E-28  1.08891E+06  1.79550E-03  8.34816E+00
 -1.43879E+01  2.95606E-28  1.08891E+06  1.79550E-03  8.34816E+00
 -1.43411E+01  2.95606E-28  1.08891E+06  1.79550E-03  8.34816E+00
 -1.42943E+01  2.95606E-28  1.08891E+06  1.79550E-03  8.34816E+00
 -1.42475E+01  2.95606E-28  1.08891E+06  1.79550E-03  8.34816E+00
 -1.42007E+01  2.80862E-28  1.14827E+06  1.82710E-03  9.26324E+00
 -1.41540E+01  2.66118E-28  1.21421E+06  1.86220E-03  1.02797E+01
 -1.41072E+01  2.66118E-28  1.21421E+06  1.86220E-03  1.02797E+01
 -1.40604E+01  2.66118E-28  1.21421E+06  1.86220E-03  1.02797E+01
 -1.40136E+01  2.66118E-28  1.21421E+06  1.86220E-03  1.02797E+01
 -1.39668E+01  2.66118E-28  1.21421E+06  1.86220E-03  1.02797E+01
 -1.39200E+01  2.66118E-28  1.21421E+06  1.86220E-03  1.02797E+01
 -1.38732E+01  2.66118E-28  1.21421E+06  1.86220E-03  1.02797E+01
 -1.38264E+01  2.63509E-28  1.22682E+06  1.86793E-03  9.99935E+00
 -1.37796E+01  2.60901E-28  1.23968E+06  1.87377E-03  9.71338E+00
 -1.37328E+01  2.60901E-28  1.23968E+06  1.87377E-03  9.71338E+00
 -1.36861E+01  2.60901E-28  1.23968E+06  1.87377E-03  9.71338E+00
 -1.36393E+01  2.57385E-28  1.25629E+06  1.88282E-03  9.75072E+00
 -1.35925E+01  2.53869E-28  1.27336E+06  1.89213E-03  9.78910E+00
 -1.35457E+01  2.53869E-28  1.27336E+06  1.89213E-03  9.78910E+00
 -1.34989E+01  2.53869E-28  1.27336E+06  1.89213E-03  9.78910E+00
 -1.34521E+01  2.51266E-28  1.28645E+06  1.89892E-03  9.99329E+00
 -1.34053E+01  2.48664E-28  1.29981E+06  1.90585E-03  1.02017E+01
 -1.33585E+01  2.48664E-28  1.29981E+06  1.90585E-03  1.02017E+01
 -1.33117E+01  2.48664E-28  1.29981E+06  1.90585E-03  1.02017E+01
 -1.32649E+01  2.49106E-28  1.29759E+06  1.90429E-03  1.06455E+01
 -1.32182E+01  2.49549E-28  1.29538E+06  1.90274E-03  1.10877E+01
 -1.31714E+01  2.49549E-28  1.29538E+06  1.90274E-03  1.10877E+01
 -1.31246E+01  2.49549E-28  1.29538E+06  1.90274E-03  1.10877E+01
 -1.30778E+01  2.50510E-28  1.29064E+06  1.90093E-03  1.16164E+01
 -1.30310E+01  2.51471E-28  1.28594E+06  1.89914E-03  1.21411E+01
 -1.29842E+01  2.51471E-28  1.28594E+06  1.89914E-03  1.21411E+01
 -1.29374E+01  2.51471E-28  1.28594E+06  1.89914E-03  1.21411E+01
 -1.28906E+01  2.45341E-28  1.31585E+06  1.91902E-03  1.19270E+01
 -1.28438E+01  2.39212E-28  1.34729E+06  1.93991E-03  1.17020E+01
 -1.27970E+01  2.39212E-28  1.34729E+06  1.93991E-03  1.17020E+01
 -1.27503E+01  2.39212E-28  1.34729E+06  1.93991E-03  1.17020E+01
 -1.27035E+01  2.41182E-28  1.33407E+06  1.93521E-03  1.00131E+01
 -1.26567E+01  2.43151E-28  1.32107E+06  1.93058E-03  8.35163E+00
 -1.26099E+01  2.43151E-28  1.32107E+06  1.93058E-03  8.35163E+00
 -1.25631E+01  2.43151E-28  1.32107E+06  1.93058E-03  8.35163E+00
 -1.25163E+01  2.85108E-28  1.12390E+06  1.81795E-03  5.63670E+00
 -1.24695E+01  3.27065E-28  9.77320E+05  1.73421E-03  3.61832E+00
 -1.24227E+01  3.27065E-28  9.77320E+05  1.73421E-03  3.61832E+00
 -1.23759E+01  3.27065E-28  9.77320E+05  1.73421E-03  3.61832E+00
 -1.23291E+01  3.44926E-28  9.20352E+05  1.70295E-03  1.47926E+00
 -1.22824E+01  3.62787E-28  8.68993E+05  1.67477E-03 -4.49179E-01
 -1.22356E+01  3.62787E-28  8.68993E+05  1.67477E-03 -4.49179E-01
 -1.21888E+01  3.62787E-28  8.68993E+05  1.67477E-03 -4.49179E-01
 -1.21420E+01  3.60100E-28  8.71414E+05  1.67773E-03 -1.40601E+00
 -1.20952E+01  3.57413E-28  8.73871E+05  1.68074E-03 -2.37723E+00
 -1.20484E+01  3.57413E-28  8.73871E+05  1.68074E-03 -2.37723E+00
 -1.20016E+01  3.57413E-28  8.73871E+05  1.68074E-03 -2.37723E+00
 -1.19548E+01  3.49723E-28  8.95336E+05  1.69137E-03 -2.32622E+00
 -1.19080E+01  3.42034E-28  9.17765E+05  1.70247E-03 -2.27292E+00
 -1.18612E+01  3.42034E-28  9.17765E+05  1.70247E-03 -2.27292E+00
 -1.18145E+01  3.42034E-28  9.17765E+05  1.70247E-03 -2.27292E+00
 -1.17677E+01  3.26739E-28  9.66518E+05  1.72854E-03 -1.58603E+00
 -1.17209E+01  3.11443E-28  1.02006E+06  1.75718E-03 -8.31670E-01
 -1.16741E+01  3.11443E-28  1.02006E+06  1.75718E-03 -8.31670E-01
 -1.16273E+01  3.11443E-28  1.02006E+06  1.75718E-03 -8.31670E-01
 -1.15805E+01  2.94913E-28  1.08258E+06  1.79216E-03  4.68156E-02
 -1.15337E+01  2.78383E-28  1.15252E+06  1.83130E-03  1.02963E+00
 -1.14869E+01  2.78383E-28  1.15252E+06  1.83130E-03  1.02963E+00
 -1.14401E+01  2.78383E-28  1.15252E+06  1.83130E-03  1.02963E+00
 -1.13933E+01  2.70741E-28  1.18949E+06  1.85181E-03  2.23226E+00
 -1.13466E+01  2.63100E-28  1.22861E+06  1.87350E-03  3.50476E+00
 -1.12998E+01  2.63100E-28  1.22861E+06  1.87350E-03  3.50476E+00
 -1.12530E+01  2.63100E-28  1.22861E+06  1.87350E-03  3.50476E+00
 -1.12062E+01  2.67138E-28  1.21062E+06  1.86856E-03  5.00650E+00
 -1.11594E+01  2.71177E-28  1.19316E+06  1.86376E-03  6.46350E+00
 -1.11126E+01  2.71177E-28  1.19316E+06  1.86376E-03  6.46350E+00
 -1.10658E+01  2.71177E-28  1.19316E+06  1.86376E-03  6.46350E+00
 -1.10190E+01  2.81296E-28  1.15024E+06  1.84310E-03  7.72114E+00
 -1.09722E+01  2.91414E-28  1.11030E+06  1.82389E-03  8.89144E+00
 -1.09254E+01  2.91414E-28  1.11030E+06  1.82389E-03  8.89144E+00
 -1.08787E+01  2.91414E-28  1.11030E+06  1.82389E-03  8.89144E+00
 -1.08319E+01  2.96136E-28  1.09356E+06  1.81549E-03  1.00178E+01
 -1.07851E+01  3.00858E-28  1.07734E+06  1.80736E-03  1.11088E+01
 -1.07383E+01  3.00858E-28  1.07734E+06  1.80736E-03  1.11088E+01
 -1.06915E+01  3.00858E-28  1.07734E+06  1.80736E-03  1.11088E+01
 -1.06447E+01  3.00044E-28  1.08155E+06  1.80847E-03  1.25670E+01
 -1.05979E+01  2.99230E-28  1.08579E+06  1.80958E-03  1.40332E+01
 -1.05511E+01  2.99230E-28  1.08579E+06  1.80958E-03  1.40332E+01
 -1.05043E+01  2.99230E-28  1.08579E+06  1.80958E-03  1.40332E+01
 -1.04575E+01  3.01319E-28  1.07798E+06  1.80532E-03  1.59500E+01
 -1.04108E+01  3.03408E-28  1.07029E+06  1.80112E-03  1.78405E+01
 -1.03640E+01  3.03408E-28  1.07029E+06  1.80112E-03  1.78405E+01
 -1.03172E+01  3.03408E-28  1.07029E+06  1.80112E-03  1.78405E+01
 -1.02704E+01  3.08224E-28  1.05236E+06  1.79265E-03  1.99195E+01
 -1.02236E+01  3.13040E-28  1.03499E+06  1.78444E-03  2.19346E+01
 -1.01768E+01  3.13040E-28  1.03499E+06  1.78444E-03  2.19346E+01
 -1.01300E+01  3.13040E-28  1.03499E+06  1.78444E-03  2.19346E+01
 -1.00832E+01  3.12406E-28  1.03549E+06  1.78524E-03  2.35643E+01
 -1.00364E+01  3.11771E-28  1.03599E+06  1.78604E-03  2.52007E+01
 -9.98965E+00  3.11771E-28  1.03599E+06  1.78604E-03  2.52007E+01
 -9.94286E+00  3.11771E-28  1.03599E+06  1.78604E-03  2.52007E+01
 -9.89607E+00  3.10864E-28  1.03878E+06  1.79463E-03  2.60830E+01
 -9.84928E+00  3.09958E-28  1.04159E+06  1.80327E-03  2.69706E+01
 -9.80249E+00  3.09958E-28  1.04159E+06  1.80327E-03  2.69706E+01
 -9.75570E+00  3.09958E-28  1.04159E+06  1.80327E-03  2.69706E+01
 -9.70891E+00  3.66456E-28  8.79373E+05  1.74450E-03  2.64730E+01
 -9.66212E+00  4.22954E-28  7.60490E+05  1.70144E-03  2.61083E+01
 -9.61533E+00  4.22954E-28  7.60490E+05  1.70144E-03  2.61083E+01
 -9.56854E+00  4.22954E-28  7.60490E+05  1.70144E-03  2.61083E+01
 -9.52175E+00  5.27607E-28  6.06114E+05  1.63951E-03  2.50332E+01
 -9.47496E+00  6.32259E-28  5.02844E+05  1.59809E-03  2.43141E+01
 -9.42817E+00  6.32259E-28  5.02844E+05  1.59809E-03  2.43141E+01
 -9.38138E+00  6.32259E-28  5.02844E+05  1.59809E-03  2.43141E+01
 -9.33459E+00  6.86676E-28  4.57637E+05  1.57732E-03  2.29993E+01
 -9.28780E+00  7.41093E-28  4.19070E+05  1.55960E-03  2.18776E+01
 -9.24101E+00  7.41093E-28  4.19070E+05  1.55960E-03  2.18776E+01
 -9.19422E+00  7.41093E-28  4.19070E+05  1.55960E-03  2.18776E+01
 -9.14743E+00  7.43979E-28  4.15026E+05  1.55313E-03  2.02045E+01
 -9.10064E+00  7.46865E-28  4.11014E+05  1.54672E-03  1.85444E+01
 -9.05385E+00  7.04013E-28  4.33174E+05  1.55082E-03  1.71296E+01
 -9.00706E+00  6.61161E-28  4.58208E+05  1.55545E-03  1.55313E+01
 -8.96027E+00  6.18023E-28  4.88342E+05  1.56432E-03  1.40374E+01
 -8.91348E+00  5.74884E-28  5.23000E+05  1.57452E-03  1.23192E+01
 -8.86669E+00  5.57113E-28  5.37784E+05  1.58023E-03  1.11573E+01
 -8.81990E+00  5.39342E-28  5.53542E+05  1.58632E-03  9.91881E+00
 -8.77311E+00  5.36097E-28  5.54699E+05  1.58767E-03  9.08221E+00
 -8.72632E+00  5.32852E-28  5.55870E+05  1.58904E-03  8.23542E+00
 -8.67953E+00  5.26865E-28  5.59742E+05  1.59097E-03  7.55078E+00
 -8.63274E+00  5.20879E-28  5.63704E+05  1.59294E-03  6.85040E+00
 -8.58595E+00  5.09714E-28  5.73614E+05  1.59695E-03  6.25672E+00
 -8.53916E+00  4.98549E-28  5.83969E+05  1.60114E-03  5.63644E+00
 -8.49237E+00  4.85516E-28  5.97305E+05  1.60658E-03  5.19059E+00
 -8.44558E+00  4.72482E-28  6.11377E+05  1.61232E-03  4.72014E+00
 -8.39879E+00  4.59966E-28  6.25804E+05  1.61860E-03  4.45214E+00
 -8.35200E+00  4.47449E-28  6.41039E+05  1.62523E-03  4.16914E+00
 -8.30521E+00  4.36750E-28  6.54702E+05  1.63193E-03  4.05138E+00
 -8.25842E+00  4.26051E-28  6.69052E+05  1.63897E-03  3.92772E+00
 -8.21163E+00  4.17284E-28  6.81394E+05  1.64570E-03  3.93644E+00
 -8.16484E+00  4.08518E-28  6.94267E+05  1.65271E-03  3.94553E+00
 -8.11805E+00  4.01021E-28  7.05899E+05  1.65943E-03  4.08719E+00
 -8.07126E+00  3.93524E-28  7.17974E+05  1.66641E-03  4.23424E+00
 -8.02447E+00  3.86644E-28  7.29507E+05  1.67285E-03  4.51916E+00
 -7.97768E+00  3.79764E-28  7.41458E+05  1.67952E-03  4.81440E+00
 -7.93089E+00  3.73824E-28  7.52070E+05  1.68510E-03  5.21829E+00
 -7.88410E+00  3.67883E-28  7.63024E+05  1.69086E-03  5.63524E+00
 -7.83731E+00  3.63526E-28  7.71103E+05  1.69480E-03  6.10193E+00
 -7.79052E+00  3.59170E-28  7.79378E+05  1.69884E-03  6.57995E+00
 -7.74373E+00  3.56204E-28  7.84878E+05  1.70115E-03  7.06186E+00
 -7.69694E+00  3.53238E-28  7.90470E+05  1.70350E-03  7.55186E+00
 -7.65015E+00  3.51060E-28  7.94437E+05  1.70473E-03  8.03467E+00
 -7.60336E+00  3.48882E-28  7.98453E+05  1.70598E-03  8.52351E+00
 -7.55657E+00  3.46990E-28  8.01919E+05  1.70698E-03  9.03047E+00
 -7.50978E+00  3.45099E-28  8.05423E+05  1.70800E-03  9.54298E+00
 -7.46299E+00  3.43258E-28  8.09182E+05  1.70929E-03  1.01200E+01
 -7.41620E+00  3.41418E-28  8.12982E+05  1.71058E-03  1.07033E+01
 -7.36941E+00  3.39813E-28  8.16545E+05  1.71171E-03  1.14355E+01
 -7.32262E+00  3.38207E-28  8.20142E+05  1.71285E-03  1.21746E+01
 -7.27583E+00  3.37388E-28  8.21777E+05  1.71205E-03  1.31955E+01
 -7.22904E+00  3.36568E-28  8.23421E+05  1.71124E-03  1.42214E+01
 -7.18225E+00  3.38053E-28  8.19639E+05  1.70723E-03  1.56171E+01
 -7.13546E+00  3.39538E-28  8.15892E+05  1.70325E-03  1.70005E+01
 -7.08867E+00  3.42185E-28  8.09415E+05  1.69848E-03  1.87000E+01
 -7.04188E+00  3.44832E-28  8.03037E+05  1.69378E-03  2.03735E+01
 -6.99509E+00  3.47680E-28  7.96212E+05  1.68989E-03  2.22528E+01
 -6.94830E+00  3.50528E-28  7.89498E+05  1.68606E-03  2.41017E+01
 -6.90151E+00  3.52789E-28  7.83973E+05  1.68380E-03  2.60513E+01
 -6.85472E+00  3.55050E-28  7.78519E+05  1.68158E-03  2.79762E+01
 -6.80793E+00  3.57876E-28  7.71623E+05  1.67907E-03  2.99320E+01
 -6.76114E+00  3.60701E-28  7.64834E+05  1.67661E-03  3.18572E+01
 -6.71435E+00  3.65224E-28  7.54188E+05  1.67255E-03  3.37750E+01
 -6.66756E+00  3.69747E-28  7.43803E+05  1.66858E-03  3.56459E+01
 -6.62077E+00  3.78047E-28  7.25940E+05  1.66152E-03  3.74472E+01
 -6.57398E+00  3.86347E-28  7.08845E+05  1.65477E-03  3.91712E+01
 -6.52719E+00  4.01364E-28  6.80288E+05  1.64221E-03  4.06689E+01
 -6.48040E+00  4.16381E-28  6.53791E+05  1.63055E-03  4.20587E+01
 -6.43362E+00  4.39431E-28  6.17756E+05  1.61249E-03  4.30266E+01
 -6.38683E+00  4.62481E-28  5.85313E+05  1.59623E-03  4.38981E+01
 -6.34003E+00  4.87119E-28  5.54637E+05  1.58042E-03  4.41343E+01
 -6.29325E+00  5.11758E-28  5.26915E+05  1.56613E-03  4.43477E+01
 -6.24646E+00  5.30632E-28  5.08577E+05  1.55656E-03  4.36993E+01
 -6.19967E+00  5.49507E-28  4.91498E+05  1.54765E-03  4.30954E+01
 -6.15288E+00  5.67300E-28  4.77970E+05  1.54201E-03  4.16558E+01
 -6.10609E+00  5.85093E-28  4.65264E+05  1.53670E-03  4.03038E+01
 -6.05930E+00  5.99624E-28  4.56796E+05  1.53307E-03  3.83318E+01
 -6.01251E+00  6.14155E-28  4.48728E+05  1.52960E-03  3.64530E+01
 -5.96572E+00  6.20662E-28  4.46873E+05  1.52881E-03  3.42276E+01
 -5.91893E+00  6.27170E-28  4.45056E+05  1.52804E-03  3.20484E+01
 -5.87214E+00  6.24330E-28  4.49420E+05  1.53028E-03  2.98228E+01
 -5.82535E+00  6.21489E-28  4.53823E+05  1.53253E-03  2.75769E+01
 -5.77856E+00  6.18603E-28  4.57524E+05  1.53562E-03  2.55354E+01
 -5.73177E+00  6.15717E-28  4.61259E+05  1.53873E-03  2.34749E+01
 -5.68498E+00  6.15810E-28  4.62114E+05  1.54074E-03  2.17652E+01
 -5.63819E+00  6.15904E-28  4.62969E+05  1.54275E-03  2.00560E+01
 -5.59140E+00  6.35787E-28  4.48752E+05  1.53690E-03  1.87024E+01
 -5.54461E+00  6.55670E-28  4.35396E+05  1.53141E-03  1.74308E+01
 -5.49782E+00  6.68956E-28  4.26783E+05  1.52749E-03  1.63689E+01
 -5.45103E+00  6.82242E-28  4.18505E+05  1.52372E-03  1.53483E+01
 -5.40424E+00  7.58188E-28  3.72701E+05  1.49226E-03  1.33019E+01
 -5.35745E+00  8.34133E-28  3.35237E+05  1.46653E-03  1.16281E+01
 -5.31066E+00  8.70702E-27  3.07539E+04  1.21571E-03  3.69015E+00
 -5.26387E+00  1.65799E-26  1.54354E+04  1.20309E-03  3.29079E+00
 -5.21708E+00  1.74655E-26  1.45756E+04  1.19317E-03  9.66118E-01
 -5.17029E+00  1.83512E-26  1.37988E+04  1.18421E-03 -1.13418E+00
 -5.12350E+00  1.71465E-26  1.38060E+04  1.18795E-03 -1.40218E+00
 -5.07671E+00  1.59418E-26  1.38143E+04  1.19227E-03 -1.71069E+00
 -5.02992E+00  1.54127E-26  1.38217E+04  1.19245E-03 -1.41595E+00
 -4.98313E+00  1.48835E-26  1.38296E+04  1.19265E-03 -1.10025E+00
 -4.93634E+00  1.48572E-26  1.39045E+04  1.19252E-03 -2.79220E-02
 -4.88955E+00  1.48309E-26  1.39796E+04  1.19239E-03  1.04821E+00
 -4.84276E+00  1.39350E-26  1.48340E+04  1.18574E-03  1.93473E+00
 -4.79597E+00  1.30391E-26  1.58058E+04  1.17818E-03  2.94307E+00
 -4.74918E+00  1.26979E-26  1.64543E+04  1.17437E-03  3.60576E+00
 -4.70239E+00  1.23566E-26  1.71387E+04  1.17035E-03  4.30504E+00
 -4.65560E+00  1.27731E-26  1.60024E+04  1.17063E-03  4.63142E+00
 -4.60881E+00  1.31896E-26  1.49380E+04  1.17089E-03  4.93718E+00
 -4.56202E+00  1.29233E-26  1.47111E+04  1.16021E-03  3.97240E+00
 -4.51523E+00  1.20732E-26  1.44887E+04  1.14758E-03  2.54149E+00
 -4.46844E+00  1.10227E-26  1.44980E+04  1.14610E-03  1.54419E+00
 -4.42165E+00  1.02103E-26  1.44356E+04  1.14888E-03  4.38919E-01
 -4.37486E+00  9.66717E-27  1.42924E+04  1.15768E-03 -5.70971E-01
 -4.32807E+00  9.40942E-27  1.41285E+04  1.17389E-03 -1.32229E+00
 -4.28128E+00  9.38308E-27  1.39855E+04  1.19718E-03 -1.75601E+00
 -4.23449E+00  9.52185E-27  1.38829E+04  1.21722E-03 -1.89651E+00
 -4.18770E+00  9.76937E-27  1.38303E+04  1.22765E-03 -1.75635E+00
 -4.14091E+00  1.00606E-26  1.38108E+04  1.22968E-03 -1.36321E+00
 -4.09412E+00  1.03327E-26  1.37948E+04  1.22666E-03 -8.52575E-01
 -4.04733E+00  1.05675E-26  1.37694E+04  1.22430E-03 -4.65118E-01
 -4.00054E+00  1.08447E-26  1.37574E+04  1.21823E-03 -3.00269E-01
 -3.95375E+00  1.12382E-26  1.37874E+04  1.20327E-03 -1.04726E-01
 -3.90696E+00  1.17013E-26  1.38400E+04  1.18881E-03  4.21310E-01
 -3.86017E+00  1.21450E-26  1.38831E+04  1.18198E-03  1.29536E+00
 -3.81338E+00  1.25011E-26  1.39119E+04  1.17789E-03  2.36647E+00
 -3.76659E+00  1.27184E-26  1.39229E+04  1.17376E-03  3.50064E+00
 -3.71980E+00  1.27677E-26  1.39164E+04  1.16964E-03  4.57261E+00
 -3.67301E+00  1.26975E-26  1.39098E+04  1.16715E-03  5.34400E+00
 -3.62622E+00  1.26978E-26  1.39366E+04  1.16906E-03  5.47165E+00
 -3.57943E+00  1.29812E-26  1.40209E+04  1.17874E-03  4.75965E+00
 -3.53264E+00  1.33624E-26  1.41296E+04  1.19951E-03  3.14673E+00
 -3.48585E+00  1.36534E-26  1.42012E+04  1.21951E-03  7.85221E-01
 -3.43906E+00  1.37509E-26  1.42037E+04  1.22144E-03 -1.35084E+00
 -3.39227E+00  1.32377E-26  1.41273E+04  1.21123E-03 -2.59602E+00
 -3.34548E+00  1.23098E-26  1.39448E+04  1.21316E-03 -3.39674E+00
 -3.29869E+00  1.17141E-26  1.39551E+04  1.24066E-03 -4.02412E+00
 -3.25190E+00  1.15608E-26  1.39317E+04  1.25396E-03 -4.51177E+00
 -3.20511E+00  1.16912E-26  1.36008E+04  1.21470E-03 -5.03734E+00
 -3.15832E+00  1.19683E-26  1.35743E+04  1.16798E-03 -5.70975E+00
 -3.11153E+00  1.24434E-26  1.38065E+04  1.15117E-03 -6.65160E+00
 -3.06474E+00  1.32915E-26  1.39526E+04  1.14864E-03 -7.47212E+00
 -3.01795E+00  1.44300E-26  1.40147E+04  1.14794E-03 -7.59145E+00
 -2.97116E+00  1.57309E-26  1.40021E+04  1.14833E-03 -6.65730E+00
 -2.92437E+00  1.69603E-26  1.39201E+04  1.15177E-03 -4.72939E+00
 -2.87758E+00  1.79322E-26  1.38058E+04  1.15605E-03 -2.29426E+00
 -2.83079E+00  1.83974E-26  1.37256E+04  1.15871E-03  1.15816E-01
 -2.78400E+00  1.82349E-26  1.37100E+04  1.15879E-03  2.23509E+00
 -2.73721E+00  1.76174E-26  1.37261E+04  1.15700E-03  4.00452E+00
 -2.69042E+00  1.67764E-26  1.37278E+04  1.15518E-03  5.41852E+00
 -2.64363E+00  1.59748E-26  1.36973E+04  1.15450E-03  6.46830E+00
 -2.59684E+00  1.53768E-26  1.36422E+04  1.15500E-03  7.14980E+00
 -2.55005E+00  1.49879E-26  1.35984E+04  1.15601E-03  7.38914E+00
 -2.50326E+00  1.51612E-26  1.37377E+04  1.15761E-03  6.90088E+00
 -2.45647E+00  1.73628E-26  1.41819E+04  1.16197E-03  4.71921E+00
 -2.40968E+00  2.26740E-26  1.41469E+04  1.16402E-03  1.04396E+00
 -2.36289E+00  2.73306E-26  1.36560E+04  1.16040E-03 -1.67043E+00
 -2.31610E+00  2.72156E-26  1.33442E+04  1.16037E-03 -2.86317E+00
 -2.26931E+00  2.25686E-26  1.42995E+04  1.17286E-03 -4.20214E+00
 -2.22252E+00  1.37476E-26  2.29539E+04  1.19374E-03 -8.24440E+00
 -2.17573E+00  5.41409E-27  6.45638E+04  1.22685E-03 -1.60212E+01
 -2.12894E+00  1.98033E-27  1.85913E+05  1.29269E-03 -2.24076E+01
 -2.08215E+00  1.27025E-27  2.85138E+05  1.33188E-03 -2.63888E+01
 -2.03536E+00  1.24061E-27  2.83533E+05  1.31647E-03 -3.08976E+01
 -1.98857E+00  1.41149E-27  2.41365E+05  1.31157E-03 -3.54860E+01
 -1.94178E+00  1.71701E-27  1.93235E+05  1.31613E-03 -3.87003E+01
 -1.89499E+00  2.27169E-27  1.43145E+05  1.30384E-03 -3.96573E+01
 -1.84820E+00  3.18604E-27  1.00251E+05  1.27430E-03 -3.86767E+01
 -1.80141E+00  4.62418E-27  6.77991E+04  1.24058E-03 -3.61910E+01
 -1.75462E+00  6.80391E-27  4.50624E+04  1.21422E-03 -3.33123E+01
 -1.70783E+00  9.37958E-27  3.16107E+04  1.19798E-03 -3.12735E+01
 -1.66104E+00  1.12475E-26  2.52720E+04  1.18905E-03 -3.02863E+01
 -1.61425E+00  1.15954E-26  2.38922E+04  1.18534E-03 -3.00513E+01
 -1.56746E+00  1.01916E-26  2.74907E+04  1.18705E-03 -3.03292E+01
 -1.52067E+00  7.20847E-27  4.07979E+04  1.19619E-03 -3.10532E+01
 -1.47388E+00  3.85237E-27  8.07622E+04  1.22036E-03 -3.25660E+01
 -1.42709E+00  1.72221E-27  1.86568E+05  1.29214E-03 -3.65216E+01
 -1.38030E+00  9.19773E-28  3.53855E+05  1.42854E-03 -4.45641E+01
 -1.33351E+00  7.10529E-28  4.56498E+05  1.51530E-03 -5.40179E+01
 -1.28672E+00  7.74055E-28  4.10548E+05  1.49334E-03 -5.94148E+01
 -1.23993E+00  8.93899E-28  3.46945E+05  1.45992E-03 -6.14274E+01
 -1.19314E+00  9.65161E-28  3.14860E+05  1.44196E-03 -6.15170E+01
 -1.14635E+00  9.91621E-28  3.02315E+05  1.43551E-03 -5.99144E+01
 -1.09956E+00  9.92295E-28  2.99814E+05  1.43502E-03 -5.69962E+01
 -1.05277E+00  9.81093E-28  3.01650E+05  1.43675E-03 -5.35286E+01
 -1.00598E+00  9.62219E-28  3.05864E+05  1.43974E-03 -5.03144E+01
 -9.59194E-01  9.32225E-28  3.13976E+05  1.44504E-03 -4.77123E+01
 -9.12404E-01  8.90677E-28  3.27095E+05  1.45344E-03 -4.55216E+01
 -8.65614E-01  8.44763E-28  3.43395E+05  1.46364E-03 -4.34022E+01
 -8.18824E-01  8.02397E-28  3.59896E+05  1.47347E-03 -4.14027E+01
 -7.72034E-01  7.66725E-28  3.74927E+05  1.48217E-03 -4.01413E+01
 -7.25244E-01  7.37687E-28  3.88221E+05  1.48967E-03 -4.05518E+01
 -6.78454E-01  7.16962E-28  3.98796E+05  1.49464E-03 -4.33654E+01
 -6.31664E-01  7.10033E-28  4.02392E+05  1.49438E-03 -4.83911E+01
 -5.84874E-01  7.18517E-28  3.96426E+05  1.48966E-03 -5.40906E+01
 -5.38084E-01  7.25184E-28  3.89678E+05  1.48878E-03 -5.88124E+01
 -4.91294E-01  6.99287E-28  3.99324E+05  1.50100E-03 -6.22299E+01
 -4.44504E-01  6.24715E-28  4.41995E+05  1.53117E-03 -6.45853E+01
 -3.97714E-01  5.26688E-28  5.20080E+05  1.57712E-03 -6.58083E+01
 -3.50924E-01  4.49872E-28  6.05098E+05  1.62285E-03 -6.57336E+01
 -3.04135E-01  4.08501E-28  6.62124E+05  1.65012E-03 -6.48804E+01
 -2.57345E-01  3.90865E-28  6.87197E+05  1.65545E-03 -6.45453E+01
 -2.10555E-01  3.86859E-28  6.89813E+05  1.64188E-03 -6.58553E+01
 -1.63765E-01  3.93119E-28  6.75351E+05  1.61826E-03 -6.88574E+01
 -1.16975E-01  4.09986E-28  6.44394E+05  1.59423E-03 -7.24672E+01
 -7.01849E-02  4.36110E-28  6.03422E+05  1.57294E-03 -7.52526E+01
 -2.33950E-02  4.65794E-28  5.65868E+05  1.55574E-03 -7.65801E+01
  2.33950E-02  4.93694E-28  5.37638E+05  1.54267E-03 -7.64216E+01
  7.01849E-02  5.20361E-28  5.13577E+05  1.53027E-03 -7.47054E+01
  1.16975E-01  5.52389E-28  4.85945E+05  1.51319E-03 -7.15917E+01
  1.63765E-01  5.97871E-28  4.48442E+05  1.48616E-03 -6.74131E+01
  2.10555E-01  6.73214E-28  3.93233E+05  1.44509E-03 -6.21643E+01
  2.57345E-01  8.22078E-28  3.14340E+05  1.39130E-03 -5.61362E+01
  3.04135E-01  1.12955E-27  2.22324E+05  1.33508E-03 -5.01286E+01
  3.50924E-01  1.70469E-27  1.45255E+05  1.29110E-03 -4.49749E+01
  3.97714E-01  2.54576E-27  9.94629E+04  1.26696E-03 -4.14510E+01
  4.44504E-01  3.21102E-27  8.34881E+04  1.26105E-03 -3.98405E+01
  4.91294E-01  2.98641E-27  9.70008E+04  1.27174E-03 -3.95356E+01
  5.38084E-01  1.99341E-27  1.55680E+05  1.31326E-03 -4.01580E+01
  5.84874E-01  1.06132E-27  3.01919E+05  1.42488E-03 -4.21059E+01
  6.31664E-01  5.65022E-28  5.69307E+05  1.59855E-03 -4.54558E+01
  6.78454E-01  3.84620E-28  8.31938E+05  1.70438E-03 -4.86034E+01
  7.25244E-01  3.32881E-28  9.53387E+05  1.74222E-03 -4.99062E+01
  7.72034E-01  3.15301E-28  9.98070E+05  1.76286E-03 -4.89599E+01
  8.18824E-01  3.08178E-28  1.01326E+06  1.76675E-03 -4.67054E+01
  8.65614E-01  3.07964E-28  1.00710E+06  1.76092E-03 -4.44740E+01
  9.12404E-01  3.09917E-28  9.94698E+05  1.75215E-03 -4.26328E+01
  9.59194E-01  3.11694E-28  9.82945E+05  1.74498E-03 -4.07177E+01
  1.00598E+00  3.12546E-28  9.74266E+05  1.74071E-03 -3.82207E+01
  1.05277E+00  3.13031E-28  9.68437E+05  1.73944E-03 -3.47780E+01
  1.09956E+00  3.13925E-28  9.64275E+05  1.74091E-03 -3.06730E+01
  1.14635E+00  3.16148E-28  9.58938E+05  1.74270E-03 -2.71043E+01
  1.19314E+00  3.22929E-28  9.42572E+05  1.73836E-03 -2.51338E+01
  1.23993E+00  3.44663E-28  8.88696E+05  1.71599E-03 -2.48006E+01
  1.28672E+00  4.02077E-28  7.67621E+05  1.66183E-03 -2.56357E+01
  1.33351E+00  4.98581E-28  6.23866E+05  1.59514E-03 -2.76496E+01
  1.38030E+00  5.84637E-28  5.36158E+05  1.55124E-03 -3.10798E+01
  1.42709E+00  6.21817E-28  5.07455E+05  1.53222E-03 -3.57981E+01
  1.47388E+00  6.21538E-28  5.09998E+05  1.52734E-03 -4.07528E+01
  1.52067E+00  5.88877E-28  5.40934E+05  1.53705E-03 -4.46068E+01
  1.56746E+00  5.18242E-28  6.17786E+05  1.57326E-03 -4.69872E+01
  1.61425E+00  4.29240E-28  7.49012E+05  1.64342E-03 -4.84053E+01
  1.66104E+00  3.58724E-28  9.00820E+05  1.72227E-03 -4.93357E+01
  1.70783E+00  3.22338E-28  1.00828E+06  1.76878E-03 -5.00799E+01
  1.75462E+00  3.10959E-28  1.05051E+06  1.78245E-03 -5.11543E+01
  1.80141E+00  3.12867E-28  1.04773E+06  1.77972E-03 -5.29023E+01
  1.84820E+00  3.22216E-28  1.01869E+06  1.76756E-03 -5.51726E+01
  1.89499E+00  3.32341E-28  9.86142E+05  1.75331E-03 -5.75780E+01
  1.94178E+00  3.37317E-28  9.67157E+05  1.74469E-03 -5.96589E+01
  1.98857E+00  3.37216E-28  9.60463E+05  1.74247E-03 -6.11762E+01
  2.03536E+00  3.36924E-28  9.54749E+05  1.74126E-03 -6.20723E+01
  2.08215E+00  3.40440E-28  9.42804E+05  1.73646E-03 -6.23040E+01
  2.12894E+00  3.47760E-28  9.26131E+05  1.72708E-03 -6.21778E+01
  2.17573E+00  3.57535E-28  9.07912E+05  1.71246E-03 -6.22201E+01
  2.22252E+00  3.69825E-28  8.85865E+05  1.69129E-03 -6.27162E+01
  2.26931E+00  3.85467E-28  8.56771E+05  1.66548E-03 -6.35730E+01
  2.31610E+00  4.03528E-28  8.24297E+05  1.64177E-03 -6.43386E+01
  2.36289E+00  4.19934E-28  7.96236E+05  1.62688E-03 -6.46740E+01
  2.40968E+00  4.30701E-28  7.78083E+05  1.62185E-03 -6.46962E+01
  2.45647E+00  4.34615E-28  7.71126E+05  1.62356E-03 -6.47498E+01
  2.50326E+00  4.32536E-28  7.73181E+05  1.62909E-03 -6.51856E+01
  2.55005E+00  4.28068E-28  7.78098E+05  1.63570E-03 -6.61532E+01
  2.59684E+00  4.27719E-28  7.74554E+05  1.63832E-03 -6.74417E+01
  2.64363E+00  4.40608E-28  7.47443E+05  1.62988E-03 -6.85403E+01
  2.69042E+00  4.82951E-28  6.78069E+05  1.60206E-03 -6.89371E+01
  2.73721E+00  5.63768E-28  5.78351E+05  1.55859E-03 -6.84644E+01
  2.78400E+00  6.60784E-28  4.92625E+05  1.51876E-03 -6.73413E+01
  2.83079E+00  7.41487E-28  4.39866E+05  1.49289E-03 -6.59255E+01
  2.87758E+00  7.97776E-28  4.10821E+05  1.47842E-03 -6.46474E+01
  2.92437E+00  8.37861E-28  3.93552E+05  1.47026E-03 -6.38211E+01
  2.97116E+00  8.66000E-28  3.83122E+05  1.46544E-03 -6.33689E+01
  3.01795E+00  8.81993E-28  3.78396E+05  1.46294E-03 -6.28563E+01
  3.06474E+00  8.86359E-28  3.78483E+05  1.46230E-03 -6.17099E+01
  3.11153E+00  8.76589E-28  3.84017E+05  1.46357E-03 -5.94498E+01
  3.15832E+00  8.39034E-28  4.01601E+05  1.46861E-03 -5.59997E+01
  3.20511E+00  7.72550E-28  4.35826E+05  1.48026E-03 -5.15958E+01
  3.25190E+00  7.06809E-28  4.75959E+05  1.49615E-03 -4.68291E+01
  3.29869E+00  6.62339E-28  5.08127E+05  1.51024E-03 -4.28432E+01
  3.34548E+00  6.36814E-28  5.29309E+05  1.51945E-03 -4.04492E+01
  3.39227E+00  6.30837E-28  5.35235E+05  1.52178E-03 -3.96599E+01
  3.43906E+00  6.51305E-28  5.19140E+05  1.51593E-03 -4.00058E+01
  3.48585E+00  7.01858E-28  4.82379E+05  1.50197E-03 -4.08236E+01
  3.53264E+00  7.85700E-28  4.31572E+05  1.48346E-03 -4.15346E+01
  3.57943E+00  8.81785E-28  3.85300E+05  1.46904E-03 -4.18887E+01
  3.62622E+00  9.47036E-28  3.59624E+05  1.46247E-03 -4.19459E+01
  3.67301E+00  9.60351E-28  3.55654E+05  1.46299E-03 -4.18772E+01
  3.71980E+00  9.18135E-28  3.73157E+05  1.47119E-03 -4.19151E+01
  3.76659E+00  8.18770E-28  4.19728E+05  1.49018E-03 -4.23166E+01
  3.81338E+00  6.69969E-28  5.14502E+05  1.52957E-03 -4.34026E+01
  3.86017E+00  5.05177E-28  6.84304E+05  1.60506E-03 -4.55811E+01
  3.90696E+00  3.76611E-28  9.20295E+05  1.71908E-03 -4.89461E+01
  3.95375E+00  3.04906E-28  1.13936E+06  1.83060E-03 -5.27305E+01
  4.00054E+00  2.70871E-28  1.28517E+06  1.90038E-03 -5.60560E+01
  4.04733E+00  2.55232E-28  1.36648E+06  1.93469E-03 -5.85283E+01
  4.09412E+00  2.48302E-28  1.40718E+06  1.95113E-03 -6.01285E+01
  4.14091E+00  2.45440E-28  1.42595E+06  1.95868E-03 -6.10459E+01
  4.18770E+00  2.44596E-28  1.43290E+06  1.96141E-03 -6.14970E+01
  4.23449E+00  2.44947E-28  1.43256E+06  1.96098E-03 -6.16587E+01
  4.28128E+00  2.46190E-28  1.42678E+06  1.95797E-03 -6.16703E+01
  4.32807E+00  2.48305E-28  1.41590E+06  1.95240E-03 -6.16171E+01
  4.37486E+00  2.51419E-28  1.39956E+06  1.94398E-03 -6.15275E+01
  4.42165E+00  2.55729E-28  1.37721E+06  1.93244E-03 -6.13951E+01
  4.46844E+00  2.61474E-28  1.34834E+06  1.91761E-03 -6.11999E+01
  4.51523E+00  2.68893E-28  1.31272E+06  1.89931E-03 -6.09218E+01
  4.56202E+00  2.78109E-28  1.27096E+06  1.87763E-03 -6.05587E+01
  4.60881E+00  2.90767E-28  1.21983E+06  1.84848E-03 -5.96902E+01
  4.65560E+00  2.98365E-28  1.19202E+06  1.83164E-03 -5.90530E+01
  4.70239E+00  3.13737E-28  1.13514E+06  1.79949E-03 -5.85668E+01
  4.74918E+00  3.29108E-28  1.08357E+06  1.77034E-03 -5.81261E+01
  4.79597E+00  3.44238E-28  1.03711E+06  1.74326E-03 -5.77117E+01
  4.84276E+00  3.59369E-28  9.94564E+05  1.71846E-03 -5.73322E+01
  4.88955E+00  3.73784E-28  9.56498E+05  1.69738E-03 -5.69498E+01
  4.93634E+00  3.88200E-28  9.21261E+05  1.67787E-03 -5.65959E+01
  4.98313E+00  4.00460E-28  8.92581E+05  1.66497E-03 -5.61884E+01
  5.02992E+00  4.12719E-28  8.65605E+05  1.65283E-03 -5.58051E+01
  5.07671E+00  4.24173E-28  8.41068E+05  1.64585E-03 -5.52760E+01
  5.12350E+00  4.35627E-28  8.17822E+05  1.63924E-03 -5.47748E+01
  5.17029E+00  4.50031E-28  7.89898E+05  1.63225E-03 -5.40553E+01
  5.21708E+00  4.64435E-28  7.63706E+05  1.62570E-03 -5.33804E+01
  5.26387E+00  4.87825E-28  7.25061E+05  1.61343E-03 -5.24513E+01
  5.31066E+00  5.11215E-28  6.89952E+05  1.60229E-03 -5.16072E+01
  5.35745E+00  5.44754E-28  6.45728E+05  1.58453E-03 -5.04468E+01
  5.40424E+00  5.78294E-28  6.06634E+05  1.56883E-03 -4.94210E+01
  5.45103E+00  6.10855E-28  5.73895E+05  1.55342E-03 -4.79303E+01
  5.49782E+00  6.43417E-28  5.44470E+05  1.53956E-03 -4.65905E+01
  5.54461E+00  6.49795E-28  5.41246E+05  1.53697E-03 -4.46807E+01
  5.59140E+00  6.56173E-28  5.38084E+05  1.53443E-03 -4.28080E+01
  5.63819E+00  6.21057E-28  5.71974E+05  1.54972E-03 -4.07017E+01
  5.68498E+00  5.85941E-28  6.09925E+05  1.56685E-03 -3.83430E+01
  5.73177E+00  5.32925E-28  6.74555E+05  1.59488E-03 -3.61717E+01
  5.77856E+00  4.79910E-28  7.53465E+05  1.62910E-03 -3.35207E+01
  5.82535E+00  4.43555E-28  8.18093E+05  1.65604E-03 -3.13981E+01
  5.87214E+00  4.07200E-28  8.94262E+05  1.68780E-03 -2.88965E+01
  5.91893E+00  3.91903E-28  9.29911E+05  1.70258E-03 -2.74457E+01
  5.96572E+00  3.76606E-28  9.68456E+05  1.71856E-03 -2.58771E+01
  6.01251E+00  3.72844E-28  9.78580E+05  1.72023E-03 -2.55606E+01
  6.05930E+00  3.69081E-28  9.88910E+05  1.72192E-03 -2.52377E+01
  6.10609E+00  3.72743E-28  9.80083E+05  1.71700E-03 -2.56851E+01
  6.15288E+00  3.76405E-28  9.71428E+05  1.71218E-03 -2.61237E+01
  6.19967E+00  3.75251E-28  9.75458E+05  1.71446E-03 -2.67229E+01
  6.24646E+00  3.74098E-28  9.79511E+05  1.71675E-03 -2.73257E+01
  6.29325E+00  3.61076E-28  1.01549E+06  1.73524E-03 -2.77652E+01
  6.34003E+00  3.48054E-28  1.05415E+06  1.75511E-03 -2.82375E+01
  6.38683E+00  3.26762E-28  1.12331E+06  1.79010E-03 -2.84873E+01
  6.43362E+00  3.05470E-28  1.20211E+06  1.82997E-03 -2.87719E+01
  6.48040E+00  2.87419E-28  1.27777E+06  1.86908E-03 -2.88915E+01
  6.52719E+00  2.69367E-28  1.36358E+06  1.91343E-03 -2.90271E+01
  6.57398E+00  2.60695E-28  1.40881E+06  1.93740E-03 -2.90315E+01
  6.62077E+00  2.52024E-28  1.45715E+06  1.96303E-03 -2.90363E+01
  6.66756E+00  2.48334E-28  1.47841E+06  1.97313E-03 -2.89433E+01
  6.71435E+00  2.44644E-28  1.50032E+06  1.98354E-03 -2.88475E+01
  6.76114E+00  2.43012E-28  1.50974E+06  1.98785E-03 -2.86468E+01
  6.80793E+00  2.41381E-28  1.51929E+06  1.99222E-03 -2.84433E+01
  6.85472E+00  2.40659E-28  1.52287E+06  1.99398E-03 -2.81304E+01
  6.90151E+00  2.39937E-28  1.52648E+06  1.99575E-03 -2.78156E+01
  6.94830E+00  2.39621E-28  1.52717E+06  1.99635E-03 -2.74081E+01
  6.99509E+00  2.39305E-28  1.52787E+06  1.99696E-03 -2.69994E+01
  7.04188E+00  2.39172E-28  1.52704E+06  1.99704E-03 -2.65266E+01
  7.08867E+00  2.39040E-28  1.52621E+06  1.99712E-03 -2.60532E+01
  7.13546E+00  2.38946E-28  1.52480E+06  1.99701E-03 -2.55418E+01
  7.18225E+00  2.38851E-28  1.52340E+06  1.99689E-03 -2.50301E+01
  7.22904E+00  2.38722E-28  1.52194E+06  1.99675E-03 -2.44965E+01
  7.27583E+00  2.38593E-28  1.52049E+06  1.99660E-03 -2.39624E+01
  7.32262E+00  2.38419E-28  1.51912E+06  1.99648E-03 -2.34116E+01
  7.36941E+00  2.38246E-28  1.51775E+06  1.99635E-03 -2.28599E+01
  7.41620E+00  2.38041E-28  1.51649E+06  1.99627E-03 -2.22856E+01
  7.46299E+00  2.37836E-28  1.51522E+06  1.99619E-03 -2.17103E+01
  7.50978E+00  2.37614E-28  1.51405E+06  1.99615E-03 -2.10999E+01
  7.55657E+00  2.37392E-28  1.51287E+06  1.99610E-03 -2.04883E+01
  7.60336E+00  2.37160E-28  1.51177E+06  1.99610E-03 -1.98319E+01
  7.65015E+00  2.36927E-28  1.51067E+06  1.99609E-03 -1.91743E+01
  7.69694E+00  2.36686E-28  1.50964E+06  1.99612E-03 -1.84706E+01
  7.74373E+00  2.36445E-28  1.50861E+06  1.99614E-03 -1.77655E+01
  7.79052E+00  2.36198E-28  1.50767E+06  1.99620E-03 -1.70199E+01
  7.83731E+00  2.35951E-28  1.50673E+06  1.99626E-03 -1.62727E+01
  7.88410E+00  2.35697E-28  1.50584E+06  1.99635E-03 -1.55017E+01
  7.93089E+00  2.35443E-28  1.50496E+06  1.99643E-03 -1.47289E+01
  7.97768E+00  2.35185E-28  1.50412E+06  1.99653E-03 -1.39584E+01
  8.02447E+00  2.34927E-28  1.50327E+06  1.99663E-03 -1.31861E+01
  8.07126E+00  2.34670E-28  1.50243E+06  1.99673E-03 -1.24460E+01
  8.11805E+00  2.34413E-28  1.50159E+06  1.99683E-03 -1.17043E+01
  8.16484E+00  2.34166E-28  1.50067E+06  1.99691E-03 -1.10280E+01
  8.21163E+00  2.33920E-28  1.49976E+06  1.99698E-03 -1.03502E+01
  8.25842E+00  2.33696E-28  1.49870E+06  1.99700E-03 -9.76948E+00
  8.30521E+00  2.33473E-28  1.49764E+06  1.99701E-03 -9.18768E+00
  8.35200E+00  2.33275E-28  1.49643E+06  1.99694E-03 -8.72672E+00
  8.39879E+00  2.33077E-28  1.49522E+06  1.99687E-03 -8.26499E+00
  8.44558E+00  2.32911E-28  1.49387E+06  1.99672E-03 -7.93527E+00
  8.49237E+00  2.32744E-28  1.49252E+06  1.99657E-03 -7.60508E+00
  8.53916E+00  2.32616E-28  1.49098E+06  1.99635E-03 -7.40910E+00
  8.58595E+00  2.32488E-28  1.48944E+06  1.99612E-03 -7.21290E+00
  8.63274E+00  2.32410E-28  1.48765E+06  1.99580E-03 -7.14975E+00
  8.67953E+00  2.32332E-28  1.48586E+06  1.99548E-03 -7.08655E+00
  8.72632E+00  2.32322E-28  1.48367E+06  1.99501E-03 -7.15043E+00
  8.77311E+00  2.32312E-28  1.48148E+06  1.99454E-03 -7.21432E+00
  8.81990E+00  2.32432E-28  1.47851E+06  1.99375E-03 -7.38296E+00
  8.86669E+00  2.32553E-28  1.47554E+06  1.99295E-03 -7.55142E+00
  8.91348E+00  2.32975E-28  1.47072E+06  1.99135E-03 -7.77520E+00
  8.96027E+00  2.33397E-28  1.46591E+06  1.98976E-03 -7.99817E+00
  9.00706E+00  2.34560E-28  1.45663E+06  1.98609E-03 -8.19547E+00
  9.05385E+00  2.35722E-28  1.44745E+06  1.98244E-03 -8.39081E+00
  9.10064E+00  2.38425E-28  1.42917E+06  1.97441E-03 -8.47181E+00
  9.14743E+00  2.41128E-28  1.41130E+06  1.96655E-03 -8.55099E+00
  9.19422E+00  2.47462E-28  1.37336E+06  1.94803E-03 -8.05857E+00
  9.24101E+00  2.53796E-28  1.33732E+06  1.93044E-03 -7.59072E+00
  9.28780E+00  2.53796E-28  1.33732E+06  1.93044E-03 -7.59072E+00
  9.33459E+00  2.53796E-28  1.33732E+06  1.93044E-03 -7.59072E+00
  9.38138E+00  2.65552E-28  1.27599E+06  1.90031E-03 -6.84602E+00
  9.42817E+00  2.77308E-28  1.21986E+06  1.87274E-03 -6.16446E+00
  9.47496E+00  2.77308E-28  1.21986E+06  1.87274E-03 -6.16446E+00
  9.52175E+00  2.77308E-28  1.21986E+06  1.87274E-03 -6.16446E+00
  9.56854E+00  2.89446E-28  1.16710E+06  1.84654E-03 -5.36022E+00
  9.61533E+00  3.01584E-28  1.11859E+06  1.82245E-03 -4.62071E+00
  9.66212E+00  3.01584E-28  1.11859E+06  1.82245E-03 -4.62071E+00
  9.70891E+00  3.01584E-28  1.11859E+06  1.82245E-03 -4.62071E+00
  9.75570E+00  3.09318E-28  1.08971E+06  1.80687E-03 -3.88499E+00
  9.80249E+00  3.17052E-28  1.06225E+06  1.79205E-03 -3.18516E+00
  9.84928E+00  3.17052E-28  1.06225E+06  1.79205E-03 -3.18516E+00
  9.89607E+00  3.17052E-28  1.06225E+06  1.79205E-03 -3.18516E+00
  9.94286E+00  3.21932E-28  1.04545E+06  1.78217E-03 -2.52456E+00
  9.98965E+00  3.26811E-28  1.02916E+06  1.77258E-03 -1.88369E+00
  1.00364E+01  3.26811E-28  1.02916E+06  1.77258E-03 -1.88369E+00
  1.00832E+01  3.26811E-28  1.02916E+06  1.77258E-03 -1.88369E+00
  1.01300E+01  3.34741E-28  1.00198E+06  1.76116E-03 -1.59098E+00
  1.01768E+01  3.42670E-28  9.76053E+05  1.75026E-03 -1.31181E+00
  1.02236E+01  3.42670E-28  9.76053E+05  1.75026E-03 -1.31181E+00
  1.02704E+01  3.42670E-28  9.76053E+05  1.75026E-03 -1.31181E+00
  1.03172E+01  3.47975E-28  9.58475E+05  1.74525E-03 -1.60672E+00
  1.03640E+01  3.53280E-28  9.41425E+05  1.74039E-03 -1.89278E+00
  1.04108E+01  3.53280E-28  9.41425E+05  1.74039E-03 -1.89278E+00
  1.04575E+01  3.53280E-28  9.41425E+05  1.74039E-03 -1.89278E+00
  1.05043E+01  3.49200E-28  9.49955E+05  1.74676E-03 -2.64744E+00
  1.05511E+01  3.45121E-28  9.58686E+05  1.75328E-03 -3.41994E+00
  1.05979E+01  3.45121E-28  9.58686E+05  1.75328E-03 -3.41994E+00
  1.06447E+01  3.45121E-28  9.58686E+05  1.75328E-03 -3.41994E+00
  1.06915E+01  3.35172E-28  9.85781E+05  1.76589E-03 -4.56929E+00
  1.07383E+01  3.25222E-28  1.01453E+06  1.77928E-03 -5.78897E+00
  1.07851E+01  3.25222E-28  1.01453E+06  1.77928E-03 -5.78897E+00
  1.08319E+01  3.25222E-28  1.01453E+06  1.77928E-03 -5.78897E+00
  1.08787E+01  3.18128E-28  1.03649E+06  1.78925E-03 -7.44354E+00
  1.09254E+01  3.11035E-28  1.05944E+06  1.79967E-03 -9.17358E+00
  1.09722E+01  3.11035E-28  1.05944E+06  1.79967E-03 -9.17358E+00
  1.10190E+01  3.11035E-28  1.05944E+06  1.79967E-03 -9.17358E+00
  1.10658E+01  3.07926E-28  1.06948E+06  1.80477E-03 -1.12075E+01
  1.11126E+01  3.04817E-28  1.07973E+06  1.80998E-03 -1.32829E+01
  1.11594E+01  3.04817E-28  1.07973E+06  1.80998E-03 -1.32829E+01
  1.12062E+01  3.04817E-28  1.07973E+06  1.80998E-03 -1.32829E+01
  1.12530E+01  3.06388E-28  1.07405E+06  1.80665E-03 -1.51630E+01
  1.12998E+01  3.07958E-28  1.06843E+06  1.80335E-03 -1.70239E+01
  1.13466E+01  3.07958E-28  1.06843E+06  1.80335E-03 -1.70239E+01
  1.13933E+01  3.07958E-28  1.06843E+06  1.80335E-03 -1.70239E+01
  1.14401E+01  3.15999E-28  1.04136E+06  1.78980E-03 -1.80075E+01
  1.14869E+01  3.24040E-28  1.01563E+06  1.77692E-03 -1.89422E+01
  1.15337E+01  3.24040E-28  1.01563E+06  1.77692E-03 -1.89422E+01
  1.15805E+01  3.24040E-28  1.01563E+06  1.77692E-03 -1.89422E+01
  1.16273E+01  3.36392E-28  9.78218E+05  1.75928E-03 -1.86707E+01
  1.16741E+01  3.48745E-28  9.43456E+05  1.74290E-03 -1.84184E+01
  1.17209E+01  3.48745E-28  9.43456E+05  1.74290E-03 -1.84184E+01
  1.17677E+01  3.48745E-28  9.43456E+05  1.74290E-03 -1.84184E+01
  1.18145E+01  3.66175E-28  8.98143E+05  1.72241E-03 -1.70649E+01
  1.18612E+01  3.83606E-28  8.56948E+05  1.70378E-03 -1.58344E+01
  1.19080E+01  3.83606E-28  8.56948E+05  1.70378E-03 -1.58344E+01
  1.19548E+01  3.83606E-28  8.56948E+05  1.70378E-03 -1.58344E+01
  1.20016E+01  4.07006E-28  8.06943E+05  1.68696E-03 -1.39249E+01
  1.20484E+01  4.30406E-28  7.62376E+05  1.67198E-03 -1.22230E+01
  1.20952E+01  4.30406E-28  7.62376E+05  1.67198E-03 -1.22230E+01
  1.21420E+01  4.30406E-28  7.62376E+05  1.67198E-03 -1.22230E+01
  1.21888E+01  4.42097E-28  7.41370E+05  1.66712E-03 -1.05444E+01
  1.22356E+01  4.53789E-28  7.21447E+05  1.66251E-03 -8.95231E+00
  1.22824E+01  4.53789E-28  7.21447E+05  1.66251E-03 -8.95231E+00
  1.23291E+01  4.53789E-28  7.21447E+05  1.66251E-03 -8.95231E+00
  1.23759E+01  4.47694E-28  7.30321E+05  1.66797E-03 -8.19631E+00
  1.24227E+01  4.41600E-28  7.39441E+05  1.67357E-03 -7.41945E+00
  1.24695E+01  4.41600E-28  7.39441E+05  1.67357E-03 -7.41945E+00
  1.25163E+01  4.41600E-28  7.39441E+05  1.67357E-03 -7.41945E+00
  1.25631E+01  4.19264E-28  7.77497E+05  1.68944E-03 -8.15726E+00
  1.26099E+01  3.96929E-28  8.19837E+05  1.70709E-03 -8.97810E+00
  1.26567E+01  3.96929E-28  8.19837E+05  1.70709E-03 -8.97810E+00
  1.27035E+01  3.96929E-28  8.19837E+05  1.70709E-03 -8.97810E+00
  1.27503E+01  3.71413E-28  8.75295E+05  1.73103E-03 -1.09177E+01
  1.27970E+01  3.45897E-28  9.38936E+05  1.75849E-03 -1.31434E+01
  1.28438E+01  3.45897E-28  9.38936E+05  1.75849E-03 -1.31434E+01
  1.28906E+01  3.45897E-28  9.38936E+05  1.75849E-03 -1.31434E+01
  1.29374E+01  3.35225E-28  9.66973E+05  1.77388E-03 -1.52740E+01
  1.29842E+01  3.24552E-28  9.96854E+05  1.79029E-03 -1.75448E+01
  1.30310E+01  3.24552E-28  9.96854E+05  1.79029E-03 -1.75448E+01
  1.30778E+01  3.24552E-28  9.96854E+05  1.79029E-03 -1.75448E+01
  1.31246E+01  3.26505E-28  9.90809E+05  1.78932E-03 -1.91682E+01
  1.31714E+01  3.28458E-28  9.84836E+05  1.78837E-03 -2.07723E+01
  1.32182E+01  3.28458E-28  9.84836E+05  1.78837E-03 -2.07723E+01
  1.32649E+01  3.28458E-28  9.84836E+05  1.78837E-03 -2.07723E+01
  1.33117E+01  3.32484E-28  9.74507E+05  1.78701E-03 -2.14325E+01
  1.33585E+01  3.36509E-28  9.64425E+05  1.78568E-03 -2.20768E+01
  1.34053E+01  3.36509E-28  9.64425E+05  1.78568E-03 -2.20768E+01
  1.34521E+01  3.36509E-28  9.64425E+05  1.78568E-03 -2.20768E+01
  1.34989E+01  3.34147E-28  9.73622E+05  1.79559E-03 -2.18636E+01
  1.35457E+01  3.31784E-28  9.82949E+05  1.80564E-03 -2.16474E+01
  1.35925E+01  3.31784E-28  9.82949E+05  1.80564E-03 -2.16474E+01
  1.36393E+01  3.31784E-28  9.82949E+05  1.80564E-03 -2.16474E+01
  1.36861E+01  3.25656E-28  1.00376E+06  1.81974E-03 -2.10573E+01
  1.37328E+01  3.19527E-28  1.02536E+06  1.83437E-03 -2.04447E+01
  1.37796E+01  3.19527E-28  1.02536E+06  1.83437E-03 -2.04447E+01
  1.38264E+01  3.19527E-28  1.02536E+06  1.83437E-03 -2.04447E+01
  1.38732E+01  3.12130E-28  1.05434E+06  1.85150E-03 -1.96293E+01
  1.39200E+01  3.04732E-28  1.08472E+06  1.86945E-03 -1.87743E+01
  1.39668E+01  3.04732E-28  1.08472E+06  1.86945E-03 -1.87743E+01
  1.40136E+01  3.04732E-28  1.08472E+06  1.86945E-03 -1.87743E+01
  1.40604E+01  3.04732E-28  1.08472E+06  1.86945E-03 -1.87743E+01
  1.41072E+01  3.04732E-28  1.08472E+06  1.86945E-03 -1.87743E+01
  1.41540E+01  3.04732E-28  1.08472E+06  1.86945E-03 -1.87743E+01
  1.42007E+01  3.04732E-28  1.08472E+06  1.86945E-03 -1.87743E+01
  1.42475E+01  2.90180E-28  1.14278E+06  1.89867E-03 -1.80671E+01
  1.42943E+01  2.75628E-28  1.20696E+06  1.93097E-03 -1.72853E+01
  1.43411E+01  2.75628E-28  1.20696E+06  1.93097E-03 -1.72853E+01
  1.43879E+01  2.75628E-28  1.20696E+06  1.93097E-03 -1.72853E+01
  1.44347E+01  2.75628E-28  1.20696E+06  1.93097E-03 -1.72853E+01
  1.44815E+01  2.75628E-28  1.20696E+06  1.93097E-03 -1.72853E+01
  1.45283E+01  2.75628E-28  1.20696E+06  1.93097E-03 -1.72853E+01
  1.45751E+01  2.75628E-28  1.20696E+06  1.93097E-03 -1.72853E+01
  1.46219E+01  2.65370E-28  1.25410E+06  1.94488E-03 -1.69050E+01
  1.46686E+01  2.55113E-28  1.30502E+06  1.95991E-03 -1.64942E+01
  1.47154E+01  2.55113E-28  1.30502E+06  1.95991E-03 -1.64942E+01
  1.47622E+01  2.55113E-28  1.30502E+06  1.95991E-03 -1.64942E+01
  1.48090E+01  2.55113E-28  1.30502E+06  1.95991E-03 -1.64942E+01
  1.48558E+01  2.55113E-28  1.30502E+06  1.95991E-03 -1.64942E+01
  1.49026E+01  2.55113E-28  1.30502E+06  1.95991E-03 -1.64942E+01
  1.49494E+01  2.55113E-28  1.30502E+06  1.95991E-03 -1.64942E+01
  1.49962E+01  2.45010E-28  1.35769E+06  1.97227E-03 -1.63228E+01
  1.50430E+01  2.34907E-28  1.41488E+06  1.98570E-03 -1.61366E+01
  1.50898E+01  2.34907E-28  1.41488E+06  1.98570E-03 -1.61366E+01
  1.51365E+01  2.34907E-28  1.41488E+06  1.98570E-03 -1.61366E+01
  1.51833E+01  2.34907E-28  1.41488E+06  1.98570E-03 -1.61366E+01
  1.52301E+01  2.34907E-28  1.41488E+06  1.98570E-03 -1.61366E+01
  1.52769E+01  2.34907E-28  1.41488E+06  1.98570E-03 -1.61366E+01
  1.53237E+01  2.34907E-28  1.41488E+06  1.98570E-03 -1.61366E+01
  1.53705E+01  2.30580E-28  1.43932E+06  1.99178E-03 -1.60317E+01
  1.54173E+01  2.26253E-28  1.46469E+06  1.99810E-03 -1.59229E+01
  1.54641E+01  2.26253E-28  1.46469E+06  1.99810E-03 -1.59229E+01
  1.55109E+01  2.26253E-28  1.46469E+06  1.99810E-03 -1.59229E+01
  1.55577E+01  2.26253E-28  1.46469E+06  1.99810E-03 -1.59229E+01
  1.56044E+01  2.26253E-28  1.46469E+06  1.99810E-03 -1.59229E+01
  1.56512E+01  2.26253E-28  1.46469E+06  1.99810E-03 -1.59229E+01
  1.56980E+01  2.26253E-28  1.46469E+06  1.99810E-03 -1.59229E+01
  1.57448E+01  2.25583E-28  1.46695E+06  1.99901E-03 -1.58331E+01
  1.57916E+01  2.24912E-28  1.46922E+06  1.99991E-03 -1.57427E+01
  1.58384E+01  2.24912E-28  1.46922E+06  1.99991E-03 -1.57427E+01
  1.58852E+01  2.24912E-28  1.46922E+06  1.99991E-03 -1.57427E+01
  1.59320E+01  2.24912E-28  1.46922E+06  1.99991E-03 -1.57427E+01
  1.59788E+01  2.24912E-28  1.46922E+06  1.99991E-03 -1.57427E+01
  1.60256E+01  2.24912E-28  1.46922E+06  1.99991E-03 -1.57427E+01
  1.60723E+01  2.24912E-28  1.46922E+06  1.99991E-03 -1.57427E+01
  1.61191E+01  2.24918E-28  1.46770E+06  1.99996E-03 -1.56258E+01
  1.61659E+01  2.24923E-28  1.46618E+06  2.00000E-03 -1.55089E+01
  1.62127E+01  2.24923E-28  1.46618E+06  2.00000E-03 -1.55089E+01
  1.62595E+01  2.24923E-28  1.46618E+06  2.00000E-03 -1.55089E+01
  1.63063E+01  2.24923E-28  1.46618E+06  2.00000E-03 -1.55089E+01
  1.63531E+01  2.24923E-28  1.46618E+06  2.00000E-03 -1.55089E+01
  1.63999E+01  2.24923E-28  1.46618E+06  2.00000E-03 -1.55089E+01
  1.64467E+01  2.24923E-28  1.46618E+06  2.00000E-03 -1.55089E+01
  1.64935E+01  2.24837E-28  1.46571E+06  2.00000E-03 -1.53539E+01
  1.65402E+01  2.24751E-28  1.46524E+06  2.00000E-03 -1.51989E+01
  1.65870E+01  2.24751E-28  1.46524E+06  2.00000E-03 -1.51989E+01
  1.66338E+01  2.24751E-28  1.46524E+06  2.00000E-03 -1.51989E+01
  1.66806E+01  2.24751E-28  1.46524E+06  2.00000E-03 -1.51989E+01
  1.67274E+01  2.24751E-28  1.46524E+06  2.00000E-03 -1.51989E+01
  1.67742E+01  2.24751E-28  1.46524E+06  2.00000E-03 -1.51989E+01
  1.68210E+01  2.24751E-28  1.46524E+06  2.00000E-03 -1.51989E+01
  1.68678E+01  2.24649E-28  1.46497E+06  2.00000E-03 -1.50308E+01
  1.69146E+01  2.24548E-28  1.46470E+06  2.00000E-03 -1.48626E+01
  1.69613E+01  2.24548E-28  1.46470E+06  2.00000E-03 -1.48626E+01
  1.70081E+01  2.24548E-28  1.46470E+06  2.00000E-03 -1.48626E+01
  1.70549E+01  2.24548E-28  1.46470E+06  2.00000E-03 -1.48626E+01
  1.71017E+01  2.24548E-28  1.46470E+06  2.00000E-03 -1.48626E+01
  1.71485E+01  2.24548E-28  1.46470E+06  2.00000E-03 -1.48626E+01
  1.71953E+01  2.24548E-28  1.46470E+06  2.00000E-03 -1.48626E+01
  1.72421E+01  2.24450E-28  1.46420E+06  2.00000E-03 -1.47090E+01
  1.72889E+01  2.24353E-28  1.46369E+06  2.00000E-03 -1.45553E+01
  1.73357E+01  2.24353E-28  1.46369E+06  2.00000E-03 -1.45553E+01
  1.73825E+01  2.24353E-28  1.46369E+06  2.00000E-03 -1.45553E+01
  1.74292E+01  2.24353E-28  1.46369E+06  2.00000E-03 -1.45553E+01
  1.74760E+01  2.24353E-28  1.46369E+06  2.00000E-03 -1.45553E+01
  1.75228E+01  2.24353E-28  1.46369E+06  2.00000E-03 -1.45553E+01
  1.75696E+01  2.24353E-28  1.46369E+06  2.00000E-03 -1.45553E+01
  1.76164E+01  2.24215E-28  1.46313E+06  2.00000E-03 -1.44321E+01
  1.76632E+01  2.24078E-28  1.46256E+06  2.00000E-03 -1.43088E+01
  1.77100E+01  2.24078E-28  1.46256E+06  2.00000E-03 -1.43088E+01
  1.77568E+01  2.24078E-28  1.46256E+06  2.00000E-03 -1.43088E+01
  1.78036E+01  2.24078E-28  1.46256E+06  2.00000E-03 -1.43088E+01
  1.78504E+01  2.24078E-28  1.46256E+06  2.00000E-03 -1.43088E+01
  1.78971E+01  2.24078E-28  1.46256E+06  2.00000E-03 -1.43088E+01
  1.79439E+01  2.24078E-28  1.46256E+06  2.00000E-03 -1.43088E+01
  1.79907E+01  2.23916E-28  1.46186E+06  2.00000E-03 -1.42172E+01
  1.80375E+01  2.23754E-28  1.46116E+06  2.00000E-03 -1.41254E+01
  1.80843E+01  2.23754E-28  1.46116E+06  2.00000E-03 -1.41254E+01
  1.81311E+01  2.23754E-28  1.46116E+06  2.00000E-03 -1.41254E+01
  1.81779E+01  2.23754E-28  1.46116E+06  2.00000E-03 -1.41254E+01
  1.82247E+01  2.23754E-28  1.46116E+06  2.00000E-03 -1.41254E+01
  1.82715E+01  2.23754E-28  1.46116E+06  2.00000E-03 -1.41254E+01
  1.83183E+01  2.23754E-28  1.46116E+06  2.00000E-03 -1.41254E+01
  1.83650E+01  2.23575E-28  1.46041E+06  2.00000E-03 -1.40546E+01
  1.84118E+01  2.23397E-28  1.45965E+06  2.00000E-03 -1.39837E+01
  1.84586E+01  2.23397E-28  1.45965E+06  2.00000E-03 -1.39837E+01
  1.85054E+01  2.23397E-28  1.45965E+06  2.00000E-03 -1.39837E+01
  1.85522E+01  2.23397E-28  1.45965E+06  2.00000E-03 -1.39837E+01
  1.85990E+01  2.23397E-28  1.45965E+06  2.00000E-03 -1.39837E+01
  1.86458E+01  2.23397E-28  1.45965E+06  2.00000E-03 -1.39837E+01
  1.86926E+01  2.23397E-28  1.45965E+06  2.00000E-03 -1.39837E+01
  1.87394E+01  2.23202E-28  1.45880E+06  2.00000E-03 -1.37489E+01
  1.87862E+01  2.23006E-28  1.45795E+06  2.00000E-03 -1.35137E+01
  1.88329E+01  2.23006E-28  1.45795E+06  2.00000E-03 -1.35137E+01
  1.88797E+01  2.23006E-28  1.45795E+06  2.00000E-03 -1.35137E+01
  1.89265E+01  2.23006E-28  1.45795E+06  2.00000E-03 -1.35137E+01
  1.89733E+01  2.23006E-28  1.45795E+06  2.00000E-03 -1.35137E+01
  1.90201E+01  2.23006E-28  1.45795E+06  2.00000E-03 -1.35137E+01
  1.90669E+01  2.23006E-28  1.45795E+06  2.00000E-03 -1.35137E+01
  1.91137E+01  2.23006E-28  1.45795E+06  2.00000E-03 -1.35137E+01
  1.91605E+01  2.23006E-28  1.45795E+06  2.00000E-03 -1.35137E+01
  1.92073E+01  2.23006E-28  1.45795E+06  2.00000E-03 -1.35137E+01
  1.92541E+01  2.23006E-28  1.45795E+06  2.00000E-03 -1.35137E+01
  1.93008E+01  2.23006E-28  1.45795E+06  2.00000E-03 -1.35137E+01
  1.93476E+01  2.23006E-28  1.45795E+06  2.00000E-03 -1.35137E+01
  1.93944E+01  2.23006E-28  1.45795E+06  2.00000E-03 -1.35137E+01
  1.94412E+01  2.23006E-28  1.45795E+06  2.00000E-03 -1.35137E+01
  1.94880E+01  2.22718E-28  1.45664E+06  2.00000E-03 -1.33462E+01
  1.95348E+01  2.22429E-28  1.45532E+06  2.00000E-03 -1.31783E+01
  1.95816E+01  2.22429E-28  1.45532E+06  2.00000E-03 -1.31783E+01
  1.96284E+01  2.22429E-28  1.45532E+06  2.00000E-03 -1.31783E+01
  1.96752E+01  2.22429E-28  1.45532E+06  2.00000E-03 -1.31783E+01
  1.97220E+01  2.22429E-28  1.45532E+06  2.00000E-03 -1.31783E+01
  1.97687E+01  2.22429E-28  1.45532E+06  2.00000E-03 -1.31783E+01
  1.98155E+01  2.22429E-28  1.45532E+06  2.00000E-03 -1.31783E+01
  1.98623E+01  2.22429E-28  1.45532E+06  2.00000E-03 -1.31783E+01
  1.99091E+01  2.22429E-28  1.45532E+06  2.00000E-03 -1.31783E+01
  1.99559E+01  2.22429E-28  1.45532E+06  2.00000E-03 -1.31783E+01
  2.00027E+01  2.22429E-28  1.45532E+06  2.00000E-03 -1.31783E+01
  2.00495E+01  2.22429E-28  1.45532E+06  2.00000E-03 -1.31783E+01
  2.00963E+01  2.22429E-28  1.45532E+06  2.00000E-03 -1.31783E+01
  2.01431E+01  2.22429E-28  1.45532E+06  2.00000E-03 -1.31783E+01
  2.01899E+01  2.22429E-28  1.45532E+06  2.00000E-03 -1.31783E+01
  2.02366E+01  2.22095E-28  1.45388E+06  2.00000E-03 -1.31000E+01
  2.02834E+01  2.21762E-28  1.45243E+06  2.00000E-03 -1.30214E+01
  2.03302E+01  2.21762E-28  1.45243E+06  2.00000E-03 -1.30214E+01
  2.03770E+01  2.21762E-28  1.45243E+06  2.00000E-03 -1.30214E+01
  2.04238E+01  2.21762E-28  1.45243E+06  2.00000E-03 -1.30214E+01
  2.04706E+01  2.21762E-28  1.45243E+06  2.00000E-03 -1.30214E+01
  2.05174E+01  2.21762E-28  1.45243E+06  2.00000E-03 -1.30214E+01
  2.05642E+01  2.21762E-28  1.45243E+06  2.00000E-03 -1.30214E+01
  2.06110E+01  2.21762E-28  1.45243E+06  2.00000E-03 -1.30214E+01
  2.06578E+01  2.21762E-28  1.45243E+06  2.00000E-03 -1.30214E+01
  2.07045E+01  2.21762E-28  1.45243E+06  2.00000E-03 -1.30214E+01
  2.07513E+01  2.21762E-28  1.45243E+06  2.00000E-03 -1.30214E+01
  2.07981E+01  2.21762E-28  1.45243E+06  2.00000E-03 -1.30214E+01
  2.08449E+01  2.21762E-28  1.45243E+06  2.00000E-03 -1.30214E+01
  2.08917E+01  2.21762E-28  1.45243E+06  2.00000E-03 -1.30214E+01
  2.09385E+01  2.21762E-28  1.45243E+06  2.00000E-03 -1.30214E+01
  2.09853E+01  2.21399E-28  1.45084E+06  2.00000E-03 -1.29718E+01
  2.10321E+01  2.21036E-28  1.44924E+06  2.00000E-03 -1.29220E+01
  2.10789E+01  2.21036E-28  1.44924E+06  2.00000E-03 -1.29220E+01
  2.11257E+01  2.21036E-28  1.44924E+06  2.00000E-03 -1.29220E+01
  2.11724E+01  2.21036E-28  1.44924E+06  2.00000E-03 -1.29220E+01
  2.12192E+01  2.21036E-28  1.44924E+06  2.00000E-03 -1.29220E+01
  2.12660E+01  2.21036E-28  1.44924E+06  2.00000E-03 -1.29220E+01
  2.13128E+01  2.21036E-28  1.44924E+06  2.00000E-03 -1.29220E+01
  2.13596E+01  2.21036E-28  1.44924E+06  2.00000E-03 -1.29220E+01
  2.14064E+01  2.21036E-28  1.44924E+06  2.00000E-03 -1.29220E+01
  2.14532E+01  2.21036E-28  1.44924E+06  2.00000E-03 -1.29220E+01
  2.15000E+01  2.21036E-28  1.44924E+06  2.00000E-03 -1.29220E+01
  2.15468E+01  2.21036E-28  1.44924E+06  2.00000E-03 -1.29220E+01
  2.15936E+01  2.21036E-28  1.44924E+06  2.00000E-03 -1.29220E+01
  2.16403E+01  2.21036E-28  1.44924E+06  2.00000E-03 -1.29220E+01
  2.16871E+01  2.21036E-28  1.44924E+06  2.00000E-03 -1.29220E+01
  2.17339E+01  2.20778E-28  1.44810E+06  2.00000E-03 -1.28204E+01
  2.17807E+01  2.20519E-28  1.44697E+06  2.00000E-03 -1.27185E+01
  2.18275E+01  2.20519E-28  1.44697E+06  2.00000E-03 -1.27185E+01
  2.18743E+01  2.20519E-28  1.44697E+06  2.00000E-03 -1.27185E+01
  2.19211E+01  2.20519E-28  1.44697E+06  2.00000E-03 -1.27185E+01
  2.19679E+01  2.20519E-28  1.44697E+06  2.00000E-03 -1.27185E+01
  2.20147E+01  2.20519E-28  1.44697E+06  2.00000E-03 -1.27185E+01
  2.20615E+01  2.20519E-28  1.44697E+06  2.00000E-03 -1.27185E+01
  2.21082E+01  2.20519E-28  1.44697E+06  2.00000E-03 -1.27185E+01
  2.21550E+01  2.20519E-28  1.44697E+06  2.00000E-03 -1.27185E+01
  2.22018E+01  2.20519E-28  1.44697E+06  2.00000E-03 -1.27185E+01
  2.22486E+01  2.20519E-28  1.44697E+06  2.00000E-03 -1.27185E+01
  2.22954E+01  2.20519E-28  1.44697E+06  2.00000E-03 -1.27185E+01
  2.23422E+01  2.20519E-28  1.44697E+06  2.00000E-03 -1.27185E+01
  2.23890E+01  2.20519E-28  1.44697E+06  2.00000E-03 -1.27185E+01
  2.24358E+01  2.20519E-28  1.44697E+06  2.00000E-03 -1.27185E+01
  2.24826E+01  2.20435E-28  1.44660E+06  2.00000E-03 -1.25074E+01
  2.25294E+01  2.20350E-28  1.44622E+06  2.00000E-03 -1.22962E+01
  2.25761E+01  2.20350E-28  1.44622E+06  2.00000E-03 -1.22962E+01
  2.26229E+01  2.20350E-28  1.44622E+06  2.00000E-03 -1.22962E+01
  2.26697E+01  2.20350E-28  1.44622E+06  2.00000E-03 -1.22962E+01
  2.27165E+01  2.20350E-28  1.44622E+06  2.00000E-03 -1.22962E+01
  2.27633E+01  2.20350E-28  1.44622E+06  2.00000E-03 -1.22962E+01
  2.28101E+01  2.20350E-28  1.44622E+06  2.00000E-03 -1.22962E+01
  2.28569E+01  2.20350E-28  1.44622E+06  2.00000E-03 -1.22962E+01
  2.29037E+01  2.20350E-28  1.44622E+06  2.00000E-03 -1.22962E+01
  2.29505E+01  2.20350E-28  1.44622E+06  2.00000E-03 -1.22962E+01
  2.29972E+01  2.20350E-28  1.44622E+06  2.00000E-03 -1.22962E+01
  2.30440E+01  2.20350E-28  1.44622E+06  2.00000E-03 -1.22962E+01
  2.30908E+01  2.20350E-28  1.44622E+06  2.00000E-03 -1.22962E+01
  2.31376E+01  2.20350E-28  1.44622E+06  2.00000E-03 -1.22962E+01
  2.31844E+01  2.20350E-28  1.44622E+06  2.00000E-03 -1.22962E+01
  2.32312E+01  2.20410E-28  1.44648E+06  2.00000E-03 -1.20099E+01
  2.32780E+01  2.20470E-28  1.44674E+06  2.00000E-03 -1.17238E+01
  2.33248E+01  2.20470E-28  1.44674E+06  2.00000E-03 -1.17238E+01
  2.33716E+01  2.20470E-28  1.44674E+06  2.00000E-03 -1.17238E+01
  2.34184E+01  2.20470E-28  1.44674E+06  2.00000E-03 -1.17238E+01
  2.34651E+01  2.20470E-28  1.44674E+06  2.00000E-03 -1.17238E+01
  2.35119E+01  2.20470E-28  1.44674E+06  2.00000E-03 -1.17238E+01
  2.35587E+01  2.20470E-28  1.44674E+06  2.00000E-03 -1.17238E+01
  2.36055E+01  2.20470E-28  1.44674E+06  2.00000E-03 -1.17238E+01
  2.36523E+01  2.20470E-28  1.44674E+06  2.00000E-03 -1.17238E+01
  2.36991E+01  2.20470E-28  1.44674E+06  2.00000E-03 -1.17238E+01
  2.37459E+01  2.20470E-28  1.44674E+06  2.00000E-03 -1.17238E+01
  2.37927E+01  2.20470E-28  1.44674E+06  2.00000E-03 -1.17238E+01
  2.38395E+01  2.20470E-28  1.44674E+06  2.00000E-03 -1.17238E+01
  2.38863E+01  2.20470E-28  1.44674E+06  2.00000E-03 -1.17238E+01
  2.39330E+01  2.20470E-28  1.44674E+06  2.00000E-03 -1.17238E+01
  2.39798E+01  2.20583E-28  1.44723E+06  2.00000E-03 -1.14188E+01
