 -2.38863E+01  2.13512E-28  1.41616E+06  2.00000E-03  9.56650E+00
 -2.38395E+01  2.13512E-28  1.41616E+06  2.00000E-03  9.56650E+00
 -2.37927E+01  2.13512E-28  1.41616E+06  2.00000E-03  9.56650E+00
 -2.37459E+01  2.13512E-28  1.41616E+06  2.00000E-03  9.56650E+00
 -2.36991E+01  2.13512E-28  1.41616E+06  2.00000E-03  9.56650E+00
 -2.36523E+01  2.13512E-28  1.41616E+06  2.00000E-03  9.56650E+00
 -2.36055E+01  2.13512E-28  1.41616E+06  2.00000E-03  9.56650E+00
 -2.35587E+01  2.13512E-28  1.41616E+06  2.00000E-03  9.56650E+00
 -2.35119E+01  2.13512E-28  1.41616E+06  2.00000E-03  9.56650E+00
 -2.34651E+01  2.13512E-28  1.41616E+06  2.00000E-03  9.56650E+00
 -2.34184E+01  2.13512E-28  1.41616E+06  2.00000E-03  9.56650E+00
 -2.33716E+01  2.13512E-28  1.41616E+06  2.00000E-03  9.56650E+00
 -2.33248E+01  2.13512E-28  1.41616E+06  2.00000E-03  9.56650E+00
 -2.32780E+01  2.13512E-28  1.41616E+06  2.00000E-03  9.56650E+00
 -2.32312E+01  2.13512E-28  1.41616E+06  2.00000E-03  9.56650E+00
 -2.31844E+01  2.13288E-28  1.41518E+06  2.00000E-03  9.77306E+00
 -2.31376E+01  2.13063E-28  1.41419E+06  2.00000E-03  9.98006E+00
 -2.30908E+01  2.13063E-28  1.41419E+06  2.00000E-03  9.98006E+00
 -2.30440E+01  2.13063E-28  1.41419E+06  2.00000E-03  9.98006E+00
 -2.29972E+01  2.13063E-28  1.41419E+06  2.00000E-03  9.98006E+00
 -2.29505E+01  2.13063E-28  1.41419E+06  2.00000E-03  9.98006E+00
 -2.29037E+01  2.13063E-28  1.41419E+06  2.00000E-03  9.98006E+00
 -2.28569E+01  2.13063E-28  1.41419E+06  2.00000E-03  9.98006E+00
 -2.28101E+01  2.13063E-28  1.41419E+06  2.00000E-03  9.98006E+00
 -2.27633E+01  2.13063E-28  1.41419E+06  2.00000E-03  9.98006E+00
 -2.27165E+01  2.13063E-28  1.41419E+06  2.00000E-03  9.98006E+00
 -2.26697E+01  2.13063E-28  1.41419E+06  2.00000E-03  9.98006E+00
 -2.26229E+01  2.13063E-28  1.41419E+06  2.00000E-03  9.98006E+00
 -2.25761E+01  2.13063E-28  1.41419E+06  2.00000E-03  9.98006E+00
 -2.25294E+01  2.13063E-28  1.41419E+06  2.00000E-03  9.98006E+00
 -2.24826E+01  2.13063E-28  1.41419E+06  2.00000E-03  9.98006E+00
 -2.24358E+01  2.12988E-28  1.41386E+06  2.00000E-03  1.00842E+01
 -2.23890E+01  2.12912E-28  1.41353E+06  2.00000E-03  1.01885E+01
 -2.23422E+01  2.12912E-28  1.41353E+06  2.00000E-03  1.01885E+01
 -2.22954E+01  2.12912E-28  1.41353E+06  2.00000E-03  1.01885E+01
 -2.22486E+01  2.12912E-28  1.41353E+06  2.00000E-03  1.01885E+01
 -2.22018E+01  2.12912E-28  1.41353E+06  2.00000E-03  1.01885E+01
 -2.21550E+01  2.12912E-28  1.41353E+06  2.00000E-03  1.01885E+01
 -2.21082E+01  2.12912E-28  1.41353E+06  2.00000E-03  1.01885E+01
 -2.20615E+01  2.12912E-28  1.41353E+06  2.00000E-03  1.01885E+01
 -2.20147E+01  2.12912E-28  1.41353E+06  2.00000E-03  1.01885E+01
 -2.19679E+01  2.12912E-28  1.41353E+06  2.00000E-03  1.01885E+01
 -2.19211E+01  2.12912E-28  1.41353E+06  2.00000E-03  1.01885E+01
 -2.18743E+01  2.12912E-28  1.41353E+06  2.00000E-03  1.01885E+01
 -2.18275E+01  2.12912E-28  1.41353E+06  2.00000E-03  1.01885E+01
 -2.17807E+01  2.12912E-28  1.41353E+06  2.00000E-03  1.01885E+01
 -2.17339E+01  2.12912E-28  1.41353E+06  2.00000E-03  1.01885E+01
 -2.16871E+01  2.12866E-28  1.41333E+06  2.00000E-03  1.02667E+01
 -2.16403E+01  2.12820E-28  1.41314E+06  2.00000E-03  1.03449E+01
 -2.15936E+01  2.12820E-28  1.41314E+06  2.00000E-03  1.03449E+01
 -2.15468E+01  2.12820E-28  1.41314E+06  2.00000E-03  1.03449E+01
 -2.15000E+01  2.12820E-28  1.41314E+06  2.00000E-03  1.03449E+01
 -2.14532E+01  2.12820E-28  1.41314E+06  2.00000E-03  1.03449E+01
 -2.14064E+01  2.12820E-28  1.41314E+06  2.00000E-03  1.03449E+01
 -2.13596E+01  2.12820E-28  1.41314E+06  2.00000E-03  1.03449E+01
 -2.13128E+01  2.12820E-28  1.41314E+06  2.00000E-03  1.03449E+01
 -2.12660E+01  2.12820E-28  1.41314E+06  2.00000E-03  1.03449E+01
 -2.12192E+01  2.12820E-28  1.41314E+06  2.00000E-03  1.03449E+01
 -2.11724E+01  2.12820E-28  1.41314E+06  2.00000E-03  1.03449E+01
 -2.11257E+01  2.12820E-28  1.41314E+06  2.00000E-03  1.03449E+01
 -2.10789E+01  2.12820E-28  1.41314E+06  2.00000E-03  1.03449E+01
 -2.10321E+01  2.12820E-28  1.41314E+06  2.00000E-03  1.03449E+01
 -2.09853E+01  2.12820E-28  1.41314E+06  2.00000E-03  1.03449E+01
 -2.09385E+01  2.12685E-28  1.41254E+06  2.00000E-03  1.05126E+01
 -2.08917E+01  2.12549E-28  1.41195E+06  2.00000E-03  1.06805E+01
 -2.08449E+01  2.12549E-28  1.41195E+06  2.00000E-03  1.06805E+01
 -2.07981E+01  2.12549E-28  1.41195E+06  2.00000E-03  1.06805E+01
 -2.07513E+01  2.12549E-28  1.41195E+06  2.00000E-03  1.06805E+01
 -2.07045E+01  2.12549E-28  1.41195E+06  2.00000E-03  1.06805E+01
 -2.06578E+01  2.12549E-28  1.41195E+06  2.00000E-03  1.06805E+01
 -2.06110E+01  2.12549E-28  1.41195E+06  2.00000E-03  1.06805E+01
 -2.05642E+01  2.12549E-28  1.41195E+06  2.00000E-03  1.06805E+01
 -2.05174E+01  2.12549E-28  1.41195E+06  2.00000E-03  1.06805E+01
 -2.04706E+01  2.12549E-28  1.41195E+06  2.00000E-03  1.06805E+01
 -2.04238E+01  2.12549E-28  1.41195E+06  2.00000E-03  1.06805E+01
 -2.03770E+01  2.12549E-28  1.41195E+06  2.00000E-03  1.06805E+01
 -2.03302E+01  2.12549E-28  1.41195E+06  2.00000E-03  1.06805E+01
 -2.02834E+01  2.12549E-28  1.41195E+06  2.00000E-03  1.06805E+01
 -2.02366E+01  2.12549E-28  1.41195E+06  2.00000E-03  1.06805E+01
 -2.01899E+01  2.12265E-28  1.41070E+06  2.00000E-03  1.10013E+01
 -2.01431E+01  2.11981E-28  1.40945E+06  2.00000E-03  1.13230E+01
 -2.00963E+01  2.11981E-28  1.40945E+06  2.00000E-03  1.13230E+01
 -2.00495E+01  2.11981E-28  1.40945E+06  2.00000E-03  1.13230E+01
 -2.00027E+01  2.11981E-28  1.40945E+06  2.00000E-03  1.13230E+01
 -1.99559E+01  2.11981E-28  1.40945E+06  2.00000E-03  1.13230E+01
 -1.99091E+01  2.11981E-28  1.40945E+06  2.00000E-03  1.13230E+01
 -1.98623E+01  2.11981E-28  1.40945E+06  2.00000E-03  1.13230E+01
 -1.98155E+01  2.11981E-28  1.40945E+06  2.00000E-03  1.13230E+01
 -1.97687E+01  2.11981E-28  1.40945E+06  2.00000E-03  1.13230E+01
 -1.97220E+01  2.11981E-28  1.40945E+06  2.00000E-03  1.13230E+01
 -1.96752E+01  2.11981E-28  1.40945E+06  2.00000E-03  1.13230E+01
 -1.96284E+01  2.11981E-28  1.40945E+06  2.00000E-03  1.13230E+01
 -1.95816E+01  2.11981E-28  1.40945E+06  2.00000E-03  1.13230E+01
 -1.95348E+01  2.11981E-28  1.40945E+06  2.00000E-03  1.13230E+01
 -1.94880E+01  2.11981E-28  1.40945E+06  2.00000E-03  1.13230E+01
 -1.94412E+01  2.11648E-28  1.40801E+06  2.00000E-03  1.17474E+01
 -1.93944E+01  2.11314E-28  1.40657E+06  2.00000E-03  1.21732E+01
 -1.93476E+01  2.11314E-28  1.40657E+06  2.00000E-03  1.21732E+01
 -1.93008E+01  2.11314E-28  1.40657E+06  2.00000E-03  1.21732E+01
 -1.92541E+01  2.11314E-28  1.40657E+06  2.00000E-03  1.21732E+01
 -1.92073E+01  2.11314E-28  1.40657E+06  2.00000E-03  1.21732E+01
 -1.91605E+01  2.11314E-28  1.40657E+06  2.00000E-03  1.21732E+01
 -1.91137E+01  2.11314E-28  1.40657E+06  2.00000E-03  1.21732E+01
 -1.90669E+01  2.11314E-28  1.40657E+06  2.00000E-03  1.21732E+01
 -1.90201E+01  2.11314E-28  1.40657E+06  2.00000E-03  1.21732E+01
 -1.89733E+01  2.11314E-28  1.40657E+06  2.00000E-03  1.21732E+01
 -1.89265E+01  2.11314E-28  1.40657E+06  2.00000E-03  1.21732E+01
 -1.88797E+01  2.11314E-28  1.40657E+06  2.00000E-03  1.21732E+01
 -1.88329E+01  2.11314E-28  1.40657E+06  2.00000E-03  1.21732E+01
 -1.87862E+01  2.11314E-28  1.40657E+06  2.00000E-03  1.21732E+01
 -1.87394E+01  2.11314E-28  1.40657E+06  2.00000E-03  1.21732E+01
 -1.86926E+01  2.11211E-28  1.40610E+06  2.00000E-03  1.24715E+01
 -1.86458E+01  2.11107E-28  1.40564E+06  2.00000E-03  1.27701E+01
 -1.85990E+01  2.11107E-28  1.40564E+06  2.00000E-03  1.27701E+01
 -1.85522E+01  2.11107E-28  1.40564E+06  2.00000E-03  1.27701E+01
 -1.85054E+01  2.11107E-28  1.40564E+06  2.00000E-03  1.27701E+01
 -1.84586E+01  2.11107E-28  1.40564E+06  2.00000E-03  1.27701E+01
 -1.84118E+01  2.11107E-28  1.40564E+06  2.00000E-03  1.27701E+01
 -1.83650E+01  2.11107E-28  1.40564E+06  2.00000E-03  1.27701E+01
 -1.83183E+01  2.11123E-28  1.40571E+06  2.00000E-03  1.28983E+01
 -1.82715E+01  2.11139E-28  1.40578E+06  2.00000E-03  1.30264E+01
 -1.82247E+01  2.11139E-28  1.40578E+06  2.00000E-03  1.30264E+01
 -1.81779E+01  2.11139E-28  1.40578E+06  2.00000E-03  1.30264E+01
 -1.81311E+01  2.11139E-28  1.40578E+06  2.00000E-03  1.30264E+01
 -1.80843E+01  2.11139E-28  1.40578E+06  2.00000E-03  1.30264E+01
 -1.80375E+01  2.11139E-28  1.40578E+06  2.00000E-03  1.30264E+01
 -1.79907E+01  2.11139E-28  1.40578E+06  2.00000E-03  1.30264E+01
 -1.79439E+01  2.11177E-28  1.40595E+06  2.00000E-03  1.31265E+01
 -1.78971E+01  2.11215E-28  1.40613E+06  2.00000E-03  1.32265E+01
 -1.78504E+01  2.11215E-28  1.40613E+06  2.00000E-03  1.32265E+01
 -1.78036E+01  2.11215E-28  1.40613E+06  2.00000E-03  1.32265E+01
 -1.77568E+01  2.11215E-28  1.40613E+06  2.00000E-03  1.32265E+01
 -1.77100E+01  2.11215E-28  1.40613E+06  2.00000E-03  1.32265E+01
 -1.76632E+01  2.11215E-28  1.40613E+06  2.00000E-03  1.32265E+01
 -1.76164E+01  2.11215E-28  1.40613E+06  2.00000E-03  1.32265E+01
 -1.75696E+01  2.11257E-28  1.40632E+06  2.00000E-03  1.33032E+01
 -1.75228E+01  2.11299E-28  1.40651E+06  2.00000E-03  1.33798E+01
 -1.74760E+01  2.11299E-28  1.40651E+06  2.00000E-03  1.33798E+01
 -1.74292E+01  2.11299E-28  1.40651E+06  2.00000E-03  1.33798E+01
 -1.73825E+01  2.11299E-28  1.40651E+06  2.00000E-03  1.33798E+01
 -1.73357E+01  2.11299E-28  1.40651E+06  2.00000E-03  1.33798E+01
 -1.72889E+01  2.11299E-28  1.40651E+06  2.00000E-03  1.33798E+01
 -1.72421E+01  2.11299E-28  1.40651E+06  2.00000E-03  1.33798E+01
 -1.71953E+01  2.11316E-28  1.40659E+06  2.00000E-03  1.34569E+01
 -1.71485E+01  2.11332E-28  1.40667E+06  2.00000E-03  1.35339E+01
 -1.71017E+01  2.11332E-28  1.40667E+06  2.00000E-03  1.35339E+01
 -1.70549E+01  2.11332E-28  1.40667E+06  2.00000E-03  1.35339E+01
 -1.70081E+01  2.11332E-28  1.40667E+06  2.00000E-03  1.35339E+01
 -1.69613E+01  2.11332E-28  1.40667E+06  2.00000E-03  1.35339E+01
 -1.69146E+01  2.11332E-28  1.40667E+06  2.00000E-03  1.35339E+01
 -1.68678E+01  2.11332E-28  1.40667E+06  2.00000E-03  1.35339E+01
 -1.68210E+01  2.11327E-28  1.40666E+06  2.00000E-03  1.36261E+01
 -1.67742E+01  2.11322E-28  1.40665E+06  2.00000E-03  1.37182E+01
 -1.67274E+01  2.11322E-28  1.40665E+06  2.00000E-03  1.37182E+01
 -1.66806E+01  2.11322E-28  1.40665E+06  2.00000E-03  1.37182E+01
 -1.66338E+01  2.11322E-28  1.40665E+06  2.00000E-03  1.37182E+01
 -1.65870E+01  2.11322E-28  1.40665E+06  2.00000E-03  1.37182E+01
 -1.65402E+01  2.11322E-28  1.40665E+06  2.00000E-03  1.37182E+01
 -1.64935E+01  2.11322E-28  1.40665E+06  2.00000E-03  1.37182E+01
 -1.64467E+01  2.11308E-28  1.40665E+06  2.00000E-03  1.37844E+01
 -1.63999E+01  2.11293E-28  1.40665E+06  2.00000E-03  1.38506E+01
 -1.63531E+01  2.11293E-28  1.40665E+06  2.00000E-03  1.38506E+01
 -1.63063E+01  2.11293E-28  1.40665E+06  2.00000E-03  1.38506E+01
 -1.62595E+01  2.11293E-28  1.40665E+06  2.00000E-03  1.38506E+01
 -1.62127E+01  2.11293E-28  1.40665E+06  2.00000E-03  1.38506E+01
 -1.61659E+01  2.11293E-28  1.40665E+06  2.00000E-03  1.38506E+01
 -1.61191E+01  2.11293E-28  1.40665E+06  2.00000E-03  1.38506E+01
 -1.60723E+01  2.11270E-28  1.40627E+06  2.00000E-03  1.36296E+01
 -1.60256E+01  2.11248E-28  1.40589E+06  2.00000E-03  1.34086E+01
 -1.59788E+01  2.11248E-28  1.40589E+06  2.00000E-03  1.34086E+01
 -1.59320E+01  2.11248E-28  1.40589E+06  2.00000E-03  1.34086E+01
 -1.58852E+01  2.11248E-28  1.40589E+06  2.00000E-03  1.34086E+01
 -1.58384E+01  2.11248E-28  1.40589E+06  2.00000E-03  1.34086E+01
 -1.57916E+01  2.11248E-28  1.40589E+06  2.00000E-03  1.34086E+01
 -1.57448E+01  2.11248E-28  1.40589E+06  2.00000E-03  1.34086E+01
 -1.56980E+01  2.10919E-28  1.40854E+06  1.99988E-03  1.27256E+01
 -1.56512E+01  2.10590E-28  1.41121E+06  1.99976E-03  1.20405E+01
 -1.56044E+01  2.10590E-28  1.41121E+06  1.99976E-03  1.20405E+01
 -1.55577E+01  2.10590E-28  1.41121E+06  1.99976E-03  1.20405E+01
 -1.55109E+01  2.10590E-28  1.41121E+06  1.99976E-03  1.20405E+01
 -1.54641E+01  2.10590E-28  1.41121E+06  1.99976E-03  1.20405E+01
 -1.54173E+01  2.10590E-28  1.41121E+06  1.99976E-03  1.20405E+01
 -1.53705E+01  2.10590E-28  1.41121E+06  1.99976E-03  1.20405E+01
 -1.53237E+01  2.19037E-28  1.35605E+06  1.96784E-03  1.09613E+01
 -1.52769E+01  2.27484E-28  1.30498E+06  1.93829E-03  9.96212E+00
 -1.52301E+01  2.27484E-28  1.30498E+06  1.93829E-03  9.96212E+00
 -1.51833E+01  2.27484E-28  1.30498E+06  1.93829E-03  9.96212E+00
 -1.51365E+01  2.27484E-28  1.30498E+06  1.93829E-03  9.96212E+00
 -1.50898E+01  2.27484E-28  1.30498E+06  1.93829E-03  9.96212E+00
 -1.50430E+01  2.27484E-28  1.30498E+06  1.93829E-03  9.96212E+00
 -1.49962E+01  2.27484E-28  1.30498E+06  1.93829E-03  9.96212E+00
 -1.49494E+01  3.30425E-28  8.95036E+05  1.70560E-03  8.26945E+00
 -1.49026E+01  4.33365E-28  6.79844E+05  1.58346E-03  7.38093E+00
 -1.48558E+01  4.33365E-28  6.79844E+05  1.58346E-03  7.38093E+00
 -1.48090E+01  4.33365E-28  6.79844E+05  1.58346E-03  7.38093E+00
 -1.47622E+01  4.33365E-28  6.79844E+05  1.58346E-03  7.38093E+00
 -1.47154E+01  4.33365E-28  6.79844E+05  1.58346E-03  7.38093E+00
 -1.46686E+01  4.33365E-28  6.79844E+05  1.58346E-03  7.38093E+00
 -1.46219E+01  4.33365E-28  6.79844E+05  1.58346E-03  7.38093E+00
 -1.45751E+01  5.87033E-28  4.95922E+05  1.46713E-03  6.31968E+00
 -1.45283E+01  7.40701E-28  3.88314E+05  1.39907E-03  5.69877E+00
 -1.44815E+01  7.40701E-28  3.88314E+05  1.39907E-03  5.69877E+00
 -1.44347E+01  7.40701E-28  3.88314E+05  1.39907E-03  5.69877E+00
 -1.43879E+01  7.40701E-28  3.88314E+05  1.39907E-03  5.69877E+00
 -1.43411E+01  7.40701E-28  3.88314E+05  1.39907E-03  5.69877E+00
 -1.42943E+01  7.40701E-28  3.88314E+05  1.39907E-03  5.69877E+00
 -1.42475E+01  7.40701E-28  3.88314E+05  1.39907E-03  5.69877E+00
 -1.42007E+01  7.46799E-28  3.79178E+05  1.38864E-03  5.36892E+00
 -1.41540E+01  7.52897E-28  3.70191E+05  1.37838E-03  5.04441E+00
 -1.41072E+01  7.52897E-28  3.70191E+05  1.37838E-03  5.04441E+00
 -1.40604E+01  7.52897E-28  3.70191E+05  1.37838E-03  5.04441E+00
 -1.40136E+01  7.52897E-28  3.70191E+05  1.37838E-03  5.04441E+00
 -1.39668E+01  7.52897E-28  3.70191E+05  1.37838E-03  5.04441E+00
 -1.39200E+01  7.52897E-28  3.70191E+05  1.37838E-03  5.04441E+00
 -1.38732E+01  7.52897E-28  3.70191E+05  1.37838E-03  5.04441E+00
 -1.38264E+01  6.17525E-28  4.45493E+05  1.41451E-03  3.96235E+00
 -1.37796E+01  4.82153E-28  5.63080E+05  1.47094E-03  2.27268E+00
 -1.37328E+01  4.82153E-28  5.63080E+05  1.47094E-03  2.27268E+00
 -1.36861E+01  4.82153E-28  5.63080E+05  1.47094E-03  2.27268E+00
 -1.36393E+01  4.99891E-28  5.36395E+05  1.44904E-03 -1.58708E+00
 -1.35925E+01  5.17629E-28  5.11539E+05  1.42864E-03 -5.18229E+00
 -1.35457E+01  5.17629E-28  5.11539E+05  1.42864E-03 -5.18229E+00
 -1.34989E+01  5.17629E-28  5.11539E+05  1.42864E-03 -5.18229E+00
 -1.34521E+01  5.21386E-28  5.06996E+05  1.42548E-03 -9.64488E+00
 -1.34053E+01  5.25144E-28  5.02518E+05  1.42236E-03 -1.40436E+01
 -1.33585E+01  5.25144E-28  5.02518E+05  1.42236E-03 -1.40436E+01
 -1.33117E+01  5.25144E-28  5.02518E+05  1.42236E-03 -1.40436E+01
 -1.32649E+01  5.10409E-28  5.16768E+05  1.43795E-03 -1.62834E+01
 -1.32182E+01  4.95675E-28  5.31866E+05  1.45447E-03 -1.86563E+01
 -1.31714E+01  4.95675E-28  5.31866E+05  1.45447E-03 -1.86563E+01
 -1.31246E+01  4.95675E-28  5.31866E+05  1.45447E-03 -1.86563E+01
 -1.30778E+01  4.45498E-28  5.92432E+05  1.49461E-03 -1.90249E+01
 -1.30310E+01  3.95321E-28  6.68372E+05  1.54494E-03 -1.94871E+01
 -1.29842E+01  3.95321E-28  6.68372E+05  1.54494E-03 -1.94871E+01
 -1.29374E+01  3.95321E-28  6.68372E+05  1.54494E-03 -1.94871E+01
 -1.28906E+01  3.44332E-28  7.70687E+05  1.60713E-03 -1.88287E+01
 -1.28438E+01  2.93343E-28  9.08570E+05  1.69094E-03 -1.79414E+01
 -1.27970E+01  2.93343E-28  9.08570E+05  1.69094E-03 -1.79414E+01
 -1.27503E+01  2.93343E-28  9.08570E+05  1.69094E-03 -1.79414E+01
 -1.27035E+01  2.70215E-28  9.93039E+05  1.74953E-03 -1.58426E+01
 -1.26567E+01  2.47086E-28  1.09332E+06  1.81908E-03 -1.33509E+01
 -1.26099E+01  2.47086E-28  1.09332E+06  1.81908E-03 -1.33509E+01
 -1.25631E+01  2.47086E-28  1.09332E+06  1.81908E-03 -1.33509E+01
 -1.25163E+01  2.32628E-28  1.16877E+06  1.87069E-03 -9.54299E+00
 -1.24695E+01  2.18169E-28  1.25422E+06  1.92913E-03 -5.23036E+00
 -1.24227E+01  2.18169E-28  1.25422E+06  1.92913E-03 -5.23036E+00
 -1.23759E+01  2.18169E-28  1.25422E+06  1.92913E-03 -5.23036E+00
 -1.23291E+01  2.14305E-28  1.27851E+06  1.94719E-03 -3.87656E-01
 -1.22824E+01  2.10440E-28  1.30369E+06  1.96592E-03  4.63291E+00
 -1.22356E+01  2.10440E-28  1.30369E+06  1.96592E-03  4.63291E+00
 -1.21888E+01  2.10440E-28  1.30369E+06  1.96592E-03  4.63291E+00
 -1.21420E+01  2.10747E-28  1.29855E+06  1.96563E-03  9.02296E+00
 -1.20952E+01  2.11054E-28  1.29343E+06  1.96533E-03  1.34002E+01
 -1.20484E+01  2.11054E-28  1.29343E+06  1.96533E-03  1.34002E+01
 -1.20016E+01  2.11054E-28  1.29343E+06  1.96533E-03  1.34002E+01
 -1.19548E+01  2.11953E-28  1.28256E+06  1.96017E-03  1.66233E+01
 -1.19080E+01  2.12852E-28  1.27179E+06  1.95506E-03  1.98190E+01
 -1.18612E+01  2.12852E-28  1.27179E+06  1.95506E-03  1.98190E+01
 -1.18145E+01  2.12852E-28  1.27179E+06  1.95506E-03  1.98190E+01
 -1.17677E+01  2.11120E-28  1.27552E+06  1.95534E-03  2.16237E+01
 -1.17209E+01  2.09387E-28  1.27931E+06  1.95562E-03  2.34582E+01
 -1.16741E+01  2.09387E-28  1.27931E+06  1.95562E-03  2.34582E+01
 -1.16273E+01  2.09387E-28  1.27931E+06  1.95562E-03  2.34582E+01
 -1.15805E+01  2.06175E-28  1.29496E+06  1.96390E-03  2.40828E+01
 -1.15337E+01  2.02963E-28  1.31111E+06  1.97244E-03  2.47271E+01
 -1.14869E+01  2.02963E-28  1.31111E+06  1.97244E-03  2.47271E+01
 -1.14401E+01  2.02963E-28  1.31111E+06  1.97244E-03  2.47271E+01
 -1.13933E+01  2.08201E-28  1.27902E+06  1.95553E-03  2.57108E+01
 -1.13466E+01  2.13439E-28  1.24850E+06  1.93946E-03  2.66462E+01
 -1.12998E+01  2.13439E-28  1.24850E+06  1.93946E-03  2.66462E+01
 -1.12530E+01  2.13439E-28  1.24850E+06  1.93946E-03  2.66462E+01
 -1.12062E+01  2.21108E-28  1.20164E+06  1.91434E-03  2.82959E+01
 -1.11594E+01  2.28777E-28  1.15792E+06  1.89091E-03  2.98350E+01
 -1.11126E+01  2.28777E-28  1.15792E+06  1.89091E-03  2.98350E+01
 -1.10658E+01  2.28777E-28  1.15792E+06  1.89091E-03  2.98350E+01
 -1.10190E+01  2.30103E-28  1.14509E+06  1.88448E-03  2.95877E+01
 -1.09722E+01  2.31429E-28  1.13240E+06  1.87813E-03  2.93434E+01
 -1.09254E+01  2.31429E-28  1.13240E+06  1.87813E-03  2.93434E+01
 -1.08787E+01  2.31429E-28  1.13240E+06  1.87813E-03  2.93434E+01
 -1.08319E+01  2.25509E-28  1.16471E+06  1.89519E-03  2.54870E+01
 -1.07851E+01  2.19590E-28  1.19876E+06  1.91316E-03  2.14228E+01
 -1.07383E+01  2.19590E-28  1.19876E+06  1.91316E-03  2.14228E+01
 -1.06915E+01  2.19590E-28  1.19876E+06  1.91316E-03  2.14228E+01
 -1.06447E+01  2.18132E-28  1.21105E+06  1.92076E-03  1.42807E+01
 -1.05979E+01  2.16675E-28  1.22352E+06  1.92846E-03  7.04255E+00
 -1.05511E+01  2.16675E-28  1.22352E+06  1.92846E-03  7.04255E+00
 -1.05043E+01  2.16675E-28  1.22352E+06  1.92846E-03  7.04255E+00
 -1.04575E+01  3.25055E-28  8.15723E+05  1.70745E-03 -2.94752E+00
 -1.04108E+01  4.33434E-28  6.11867E+05  1.59696E-03 -7.94159E+00
 -1.03640E+01  4.33434E-28  6.11867E+05  1.59696E-03 -7.94159E+00
 -1.03172E+01  4.33434E-28  6.11867E+05  1.59696E-03 -7.94159E+00
 -1.02704E+01  6.69154E-28  3.88961E+05  1.44640E-03 -1.63925E+01
 -1.02236E+01  9.04874E-28  2.82190E+05  1.37428E-03 -2.04404E+01
 -1.01768E+01  9.04874E-28  2.82190E+05  1.37428E-03 -2.04404E+01
 -1.01300E+01  9.04874E-28  2.82190E+05  1.37428E-03 -2.04404E+01
 -1.00832E+01  9.54753E-28  2.61637E+05  1.36290E-03 -2.55215E+01
 -1.00364E+01  1.00463E-27  2.43125E+05  1.35265E-03 -3.00980E+01
 -9.98965E+00  1.00463E-27  2.43125E+05  1.35265E-03 -3.00980E+01
 -9.94286E+00  1.00463E-27  2.43125E+05  1.35265E-03 -3.00980E+01
 -9.89607E+00  8.80422E-28  2.75586E+05  1.36646E-03 -3.21199E+01
 -9.84928E+00  7.56212E-28  3.18711E+05  1.38481E-03 -3.48060E+01
 -9.80249E+00  7.56212E-28  3.18711E+05  1.38481E-03 -3.48060E+01
 -9.75570E+00  7.56212E-28  3.18711E+05  1.38481E-03 -3.48060E+01
 -9.70891E+00  6.35477E-28  3.78108E+05  1.42082E-03 -3.48208E+01
 -9.66212E+00  5.14741E-28  4.65370E+05  1.47372E-03 -3.48426E+01
 -9.61533E+00  5.14741E-28  4.65370E+05  1.47372E-03 -3.48426E+01
 -9.56854E+00  5.14741E-28  4.65370E+05  1.47372E-03 -3.48426E+01
 -9.52175E+00  4.62667E-28  5.19669E+05  1.50920E-03 -3.33757E+01
 -9.47496E+00  4.10592E-28  5.87742E+05  1.55367E-03 -3.15367E+01
 -9.42817E+00  4.10592E-28  5.87742E+05  1.55367E-03 -3.15367E+01
 -9.38138E+00  4.10592E-28  5.87742E+05  1.55367E-03 -3.15367E+01
 -9.33459E+00  3.97579E-28  6.11019E+05  1.56300E-03 -2.90330E+01
 -9.28780E+00  3.84566E-28  6.35872E+05  1.57297E-03 -2.63598E+01
 -9.24101E+00  3.84566E-28  6.35872E+05  1.57297E-03 -2.63598E+01
 -9.19422E+00  3.84566E-28  6.35872E+05  1.57297E-03 -2.63598E+01
 -9.14743E+00  4.11631E-28  5.99036E+05  1.55053E-03 -2.34913E+01
 -9.10064E+00  4.38696E-28  5.66745E+05  1.53086E-03 -2.09767E+01
 -9.05385E+00  4.38696E-28  5.66745E+05  1.53086E-03 -2.09767E+01
 -9.00706E+00  4.38696E-28  5.66745E+05  1.53086E-03 -2.09767E+01
 -8.96027E+00  5.39584E-28  4.63418E+05  1.46996E-03 -1.87925E+01
 -8.91348E+00  6.40472E-28  3.92643E+05  1.42824E-03 -1.72964E+01
 -8.86669E+00  6.40472E-28  3.92643E+05  1.42824E-03 -1.72964E+01
 -8.81990E+00  6.40472E-28  3.92643E+05  1.42824E-03 -1.72964E+01
 -8.77311E+00  7.84723E-28  3.24644E+05  1.39843E-03 -1.56793E+01
 -8.72632E+00  9.28975E-28  2.77763E+05  1.37787E-03 -1.45645E+01
 -8.67953E+00  9.28975E-28  2.77763E+05  1.37787E-03 -1.45645E+01
 -8.63274E+00  9.28975E-28  2.77763E+05  1.37787E-03 -1.45645E+01
 -8.58595E+00  8.79969E-28  2.98209E+05  1.39535E-03 -1.27497E+01
 -8.53916E+00  8.30963E-28  3.21067E+05  1.41488E-03 -1.07209E+01
 -8.49237E+00  8.30963E-28  3.21067E+05  1.41488E-03 -1.07209E+01
 -8.44558E+00  8.30963E-28  3.21067E+05  1.41488E-03 -1.07209E+01
 -8.39879E+00  6.61464E-28  4.06058E+05  1.47206E-03 -8.33833E+00
 -8.35200E+00  4.91966E-28  5.49614E+05  1.56863E-03 -4.31401E+00
 -8.30521E+00  4.91966E-28  5.49614E+05  1.56863E-03 -4.31401E+00
 -8.25842E+00  4.91966E-28  5.49614E+05  1.56863E-03 -4.31401E+00
 -8.21163E+00  3.85329E-28  7.01316E+05  1.64978E-03 -1.09784E+00
 -8.16484E+00  2.78693E-28  9.69110E+05  1.79303E-03  4.57954E+00
 -8.11805E+00  2.78693E-28  9.69110E+05  1.79303E-03  4.57954E+00
 -8.07126E+00  2.78693E-28  9.69110E+05  1.79303E-03  4.57954E+00
 -8.02447E+00  2.57761E-28  1.04374E+06  1.83193E-03  9.24376E+00
 -7.97768E+00  2.36829E-28  1.13157E+06  1.87770E-03  1.47325E+01
 -7.93089E+00  2.36829E-28  1.13157E+06  1.87770E-03  1.47325E+01
 -7.88410E+00  2.36829E-28  1.13157E+06  1.87770E-03  1.47325E+01
 -7.83731E+00  2.40669E-28  1.10685E+06  1.86429E-03  1.95916E+01
 -7.79052E+00  2.44509E-28  1.08290E+06  1.85130E-03  2.42981E+01
 -7.74373E+00  2.44509E-28  1.08290E+06  1.85130E-03  2.42981E+01
 -7.69694E+00  2.44509E-28  1.08290E+06  1.85130E-03  2.42981E+01
 -7.65015E+00  2.62832E-28  1.00001E+06  1.79688E-03  2.80007E+01
 -7.60336E+00  2.81155E-28  9.27917E+05  1.74956E-03  3.12208E+01
 -7.55657E+00  2.81155E-28  9.27917E+05  1.74956E-03  3.12208E+01
 -7.50978E+00  2.81155E-28  9.27917E+05  1.74956E-03  3.12208E+01
 -7.46299E+00  3.05600E-28  8.32563E+05  1.69601E-03  3.15098E+01
 -7.41620E+00  3.30044E-28  7.51334E+05  1.65039E-03  3.17559E+01
 -7.36941E+00  3.30044E-28  7.51334E+05  1.65039E-03  3.17559E+01
 -7.32262E+00  3.30044E-28  7.51334E+05  1.65039E-03  3.17559E+01
 -7.27583E+00  3.15099E-28  7.74461E+05  1.65251E-03  2.86350E+01
 -7.22904E+00  3.00154E-28  7.99890E+05  1.65483E-03  2.52033E+01
 -7.18225E+00  3.00154E-28  7.99890E+05  1.65483E-03  2.52033E+01
 -7.13546E+00  3.00154E-28  7.99890E+05  1.65483E-03  2.52033E+01
 -7.08867E+00  2.68774E-28  8.89572E+05  1.70841E-03  1.99691E+01
 -7.04188E+00  2.37394E-28  1.00296E+06  1.77616E-03  1.33511E+01
 -6.99509E+00  2.37394E-28  1.00296E+06  1.77616E-03  1.33511E+01
 -6.94830E+00  2.37394E-28  1.00296E+06  1.77616E-03  1.33511E+01
 -6.90151E+00  2.24383E-28  1.06086E+06  1.82861E-03  7.62813E+00
 -6.85472E+00  2.11372E-28  1.12587E+06  1.88752E-03  1.20059E+00
 -6.80793E+00  2.11372E-28  1.12587E+06  1.88752E-03  1.20059E+00
 -6.76114E+00  2.11372E-28  1.12587E+06  1.88752E-03  1.20059E+00
 -6.71435E+00  2.23569E-28  1.07005E+06  1.86166E-03 -6.95320E-01
 -6.66756E+00  2.35765E-28  1.02000E+06  1.83848E-03 -2.39508E+00
 -6.62077E+00  2.35765E-28  1.02000E+06  1.83848E-03 -2.39508E+00
 -6.57398E+00  2.35765E-28  1.02000E+06  1.83848E-03 -2.39508E+00
 -6.52719E+00  3.27879E-28  7.34478E+05  1.66433E-03  4.60329E-01
 -6.48040E+00  4.19994E-28  5.74197E+05  1.56657E-03  2.06322E+00
 -6.43362E+00  4.19994E-28  5.74197E+05  1.56657E-03  2.06322E+00
 -6.38683E+00  4.19994E-28  5.74197E+05  1.56657E-03  2.06322E+00
 -6.34003E+00  4.85710E-28  4.95095E+05  1.50628E-03  4.98772E+00
 -6.29325E+00  5.51426E-28  4.34846E+05  1.46037E-03  7.21517E+00
 -6.24646E+00  5.51426E-28  4.34846E+05  1.46037E-03  7.21517E+00
 -6.19967E+00  5.51426E-28  4.34846E+05  1.46037E-03  7.21517E+00
 -6.15288E+00  5.92916E-28  4.02642E+05  1.43836E-03  9.20152E+00
 -6.10609E+00  6.34406E-28  3.74649E+05  1.41923E-03  1.09281E+01
 -6.05930E+00  6.34406E-28  3.74649E+05  1.41923E-03  1.09281E+01
 -6.01251E+00  6.34406E-28  3.74649E+05  1.41923E-03  1.09281E+01
 -5.96572E+00  7.11904E-28  3.30060E+05  1.40411E-03  1.27310E+01
 -5.91893E+00  7.89402E-28  2.94225E+05  1.39196E-03  1.41799E+01
 -5.87214E+00  7.89402E-28  2.94225E+05  1.39196E-03  1.41799E+01
 -5.82535E+00  7.89402E-28  2.94225E+05  1.39196E-03  1.41799E+01
 -5.77856E+00  9.20228E-28  2.47401E+05  1.37646E-03  1.53806E+01
 -5.73177E+00  1.05105E-27  2.12234E+05  1.36482E-03  1.62824E+01
 -5.68498E+00  1.05105E-27  2.12234E+05  1.36482E-03  1.62824E+01
 -5.63819E+00  1.05105E-27  2.12234E+05  1.36482E-03  1.62824E+01
 -5.59140E+00  1.10247E-27  1.97912E+05  1.35666E-03  1.67648E+01
 -5.54461E+00  1.15388E-27  1.84866E+05  1.34922E-03  1.72042E+01
 -5.49782E+00  1.15388E-27  1.84866E+05  1.34922E-03  1.72042E+01
 -5.45103E+00  1.15388E-27  1.84866E+05  1.34922E-03  1.72042E+01
 -5.40424E+00  1.03659E-27  2.04270E+05  1.35249E-03  1.84855E+01
 -5.35745E+00  9.19292E-28  2.28626E+05  1.35659E-03  2.00938E+01
 -5.31066E+00  9.19292E-28  2.28626E+05  1.35659E-03  2.00938E+01
 -5.26387E+00  9.19292E-28  2.28626E+05  1.35659E-03  2.00938E+01
 -5.21708E+00  7.99621E-28  2.63126E+05  1.36184E-03  2.37877E+01
 -5.17029E+00  6.79950E-28  3.09770E+05  1.36895E-03  2.87818E+01
 -5.12350E+00  6.79950E-28  3.09770E+05  1.36895E-03  2.87818E+01
 -5.07671E+00  6.79950E-28  3.09770E+05  1.36895E-03  2.87818E+01
 -5.02992E+00  5.79777E-28  3.59977E+05  1.40259E-03  3.40171E+01
 -4.98313E+00  4.79604E-28  4.31157E+05  1.45030E-03  4.14394E+01
 -4.93634E+00  4.79604E-28  4.31157E+05  1.45030E-03  4.14394E+01
 -4.88955E+00  4.79604E-28  4.31157E+05  1.45030E-03  4.14394E+01
 -4.84276E+00  4.03379E-28  5.13410E+05  1.51805E-03  4.62060E+01
 -4.79597E+00  3.27155E-28  6.33992E+05  1.61738E-03  5.31937E+01
 -4.74918E+00  3.27155E-28  6.33992E+05  1.61738E-03  5.31937E+01
 -4.70239E+00  3.27155E-28  6.33992E+05  1.61738E-03  5.31937E+01
 -4.65560E+00  2.93700E-28  7.01557E+05  1.67552E-03  5.78328E+01
 -4.60881E+00  2.60245E-28  7.86492E+05  1.74860E-03  6.36646E+01
 -4.56202E+00  2.60245E-28  7.86492E+05  1.74860E-03  6.36646E+01
 -4.51523E+00  2.60245E-28  7.86492E+05  1.74860E-03  6.36646E+01
 -4.46844E+00  2.71454E-28  6.97934E+05  1.70468E-03  6.43278E+01
 -4.42165E+00  2.82663E-28  6.16400E+05  1.66425E-03  6.49384E+01
 -4.37486E+00  2.82663E-28  6.16400E+05  1.66425E-03  6.49384E+01
 -4.32807E+00  2.82663E-28  6.16400E+05  1.66425E-03  6.49384E+01
 -4.28128E+00  4.01643E-28  4.09089E+05  1.49631E-03  5.32245E+01
 -4.23449E+00  5.20623E-28  2.96533E+05  1.40513E-03  4.68646E+01
 -4.18770E+00  5.20623E-28  2.96533E+05  1.40513E-03  4.68646E+01
 -4.14091E+00  5.20623E-28  2.96533E+05  1.40513E-03  4.68646E+01
 -4.09412E+00  7.80317E-28  1.93271E+05  1.32868E-03  3.20617E+01
 -4.04733E+00  1.04001E-27  1.41579E+05  1.29040E-03  2.46515E+01
 -4.00054E+00  1.04001E-27  1.41579E+05  1.29040E-03  2.46515E+01
 -3.95375E+00  1.04001E-27  1.41579E+05  1.29040E-03  2.46515E+01
 -3.90696E+00  1.54372E-27  8.49812E+04  1.23905E-03  1.29691E+01
 -3.86017E+00  2.04743E-27  5.62317E+04  1.21296E-03  7.03501E+00
 -3.81338E+00  2.04743E-27  5.62317E+04  1.21296E-03  7.03501E+00
 -3.76659E+00  2.04743E-27  5.62317E+04  1.21296E-03  7.03501E+00
 -3.71980E+00  3.84198E-27  2.68954E+04  1.19551E-03 -2.82957E+00
 -3.67301E+00  5.63653E-27  1.62392E+04  1.18916E-03 -6.41281E+00
 -3.62622E+00  5.63653E-27  1.62392E+04  1.18916E-03 -6.41281E+00
 -3.57943E+00  5.63653E-27  1.62392E+04  1.18916E-03 -6.41281E+00
 -3.53264E+00  4.67412E-27  1.91672E+04  1.19636E-03 -8.66822E+00
 -3.48585E+00  3.71171E-27  2.36135E+04  1.20729E-03 -1.20932E+01
 -3.43906E+00  3.71171E-27  2.36135E+04  1.20729E-03 -1.20932E+01
 -3.39227E+00  3.71171E-27  2.36135E+04  1.20729E-03 -1.20932E+01
 -3.34548E+00  2.69895E-27  3.46436E+04  1.21828E-03 -1.25673E+01
 -3.29869E+00  1.68619E-27  5.89234E+04  1.24246E-03 -1.36109E+01
 -3.25190E+00  1.68619E-27  5.89234E+04  1.24246E-03 -1.36109E+01
 -3.20511E+00  1.68619E-27  5.89234E+04  1.24246E-03 -1.36109E+01
 -3.15832E+00  2.69159E-27  3.68303E+04  1.22693E-03 -1.43536E+01
 -3.11153E+00  3.69699E-27  2.67537E+04  1.21985E-03 -1.46923E+01
 -3.06474E+00  3.69699E-27  2.67537E+04  1.21985E-03 -1.46923E+01
 -3.01795E+00  3.69699E-27  2.67537E+04  1.21985E-03 -1.46923E+01
 -2.97116E+00  4.96071E-27  2.08909E+04  1.21571E-03 -1.62565E+01
 -2.92437E+00  6.22443E-27  1.74087E+04  1.21325E-03 -1.71856E+01
 -2.87758E+00  6.22443E-27  1.74087E+04  1.21325E-03 -1.71856E+01
 -2.83079E+00  6.22443E-27  1.74087E+04  1.21325E-03 -1.71856E+01
 -2.78400E+00  5.88664E-27  2.12462E+04  1.22244E-03 -1.73919E+01
 -2.73721E+00  5.54886E-27  2.55509E+04  1.23276E-03 -1.76234E+01
 -2.69042E+00  5.54886E-27  2.55509E+04  1.23276E-03 -1.76234E+01
 -2.64363E+00  5.54886E-27  2.55509E+04  1.23276E-03 -1.76234E+01
 -2.59684E+00  4.62693E-27  3.24911E+04  1.24506E-03 -1.77732E+01
 -2.55005E+00  3.70500E-27  4.28852E+04  1.26348E-03 -1.79975E+01
 -2.50326E+00  3.70500E-27  4.28852E+04  1.26348E-03 -1.79975E+01
 -2.45647E+00  3.70500E-27  4.28852E+04  1.26348E-03 -1.79975E+01
 -2.40968E+00  3.51558E-27  4.62427E+04  1.27488E-03 -1.79619E+01
 -2.36289E+00  3.32617E-27  4.99825E+04  1.28757E-03 -1.79222E+01
 -2.31610E+00  3.32617E-27  4.99825E+04  1.28757E-03 -1.79222E+01
 -2.26931E+00  3.32617E-27  4.99825E+04  1.28757E-03 -1.79222E+01
 -2.22252E+00  3.74267E-27  4.75693E+04  1.29613E-03 -1.59882E+01
 -2.17573E+00  4.15917E-27  4.56395E+04  1.30297E-03 -1.44414E+01
 -2.12894E+00  4.15917E-27  4.56395E+04  1.30297E-03 -1.44414E+01
 -2.08215E+00  4.15917E-27  4.56395E+04  1.30297E-03 -1.44414E+01
 -2.03536E+00  3.93798E-27  4.83550E+04  1.32443E-03 -1.28719E+01
 -1.98857E+00  3.71679E-27  5.13938E+04  1.34845E-03 -1.11155E+01
 -1.94178E+00  3.71679E-27  5.13938E+04  1.34845E-03 -1.11155E+01
 -1.89499E+00  3.71679E-27  5.13938E+04  1.34845E-03 -1.11155E+01
 -1.84820E+00  3.93072E-27  4.58804E+04  1.34162E-03 -8.93678E+00
 -1.80141E+00  4.14466E-27  4.09362E+04  1.33550E-03 -6.98301E+00
 -1.75462E+00  4.14466E-27  4.09362E+04  1.33550E-03 -6.98301E+00
 -1.70783E+00  4.14466E-27  4.09362E+04  1.33550E-03 -6.98301E+00
 -1.66104E+00  4.96740E-27  3.32808E+04  1.28745E-03 -4.42149E+00
 -1.61425E+00  5.79014E-27  2.78010E+04  1.25305E-03 -2.58793E+00
 -1.56746E+00  5.79014E-27  2.78010E+04  1.25305E-03 -2.58793E+00
 -1.52067E+00  5.79014E-27  2.78010E+04  1.25305E-03 -2.58793E+00
 -1.47388E+00  5.96324E-27  2.64704E+04  1.21715E-03 -2.85438E-01
 -1.42709E+00  6.13634E-27  2.52149E+04  1.18327E-03  1.88715E+00
 -1.38030E+00  6.13634E-27  2.52149E+04  1.18327E-03  1.88715E+00
 -1.33351E+00  6.13634E-27  2.52149E+04  1.18327E-03  1.88715E+00
 -1.28672E+00  6.09643E-27  2.29356E+04  1.17783E-03  3.30276E+00
 -1.23993E+00  6.05653E-27  2.06263E+04  1.17231E-03  4.73702E+00
 -1.19314E+00  6.05653E-27  2.06263E+04  1.17231E-03  4.73702E+00
 -1.14635E+00  6.05653E-27  2.06263E+04  1.17231E-03  4.73702E+00
 -1.09956E+00  6.54049E-27  1.75207E+04  1.14887E-03  4.77514E+00
 -1.05277E+00  7.02444E-27  1.48429E+04  1.12867E-03  4.80800E+00
 -1.00598E+00  7.02444E-27  1.48429E+04  1.12867E-03  4.80800E+00
 -9.59194E-01  7.02444E-27  1.48429E+04  1.12867E-03  4.80800E+00
 -9.12404E-01  7.04663E-27  1.46207E+04  1.11691E-03  3.88799E+00
 -8.65614E-01  7.06882E-27  1.43998E+04  1.10523E-03  2.97377E+00
 -8.18824E-01  7.06882E-27  1.43998E+04  1.10523E-03  2.97377E+00
 -7.72034E-01  7.06882E-27  1.43998E+04  1.10523E-03  2.97377E+00
 -7.25244E-01  7.46042E-27  1.45134E+04  1.10362E-03  1.16512E+00
 -6.78454E-01  7.85202E-27  1.46157E+04  1.10218E-03 -4.63130E-01
 -6.31664E-01  7.85202E-27  1.46157E+04  1.10218E-03 -4.63130E-01
 -5.84874E-01  7.85202E-27  1.46157E+04  1.10218E-03 -4.63130E-01
 -5.38084E-01  8.61374E-27  1.43852E+04  1.10787E-03 -1.97154E+00
 -4.91294E-01  9.37547E-27  1.41923E+04  1.11263E-03 -3.23484E+00
 -4.44504E-01  9.37547E-27  1.41923E+04  1.11263E-03 -3.23484E+00
 -3.97714E-01  9.37547E-27  1.41923E+04  1.11263E-03 -3.23484E+00
 -3.50924E-01  1.02574E-26  1.40964E+04  1.12742E-03 -2.53831E+00
 -3.04135E-01  1.11394E-26  1.40158E+04  1.13986E-03 -1.95208E+00
 -2.57345E-01  1.11394E-26  1.40158E+04  1.13986E-03 -1.95208E+00
 -2.10555E-01  1.11394E-26  1.40158E+04  1.13986E-03 -1.95208E+00
 -1.63765E-01  1.05917E-26  1.40745E+04  1.14593E-03 -1.20269E+00
 -1.16975E-01  1.00440E-26  1.41396E+04  1.15266E-03 -3.71576E-01
 -7.01849E-02  1.00440E-26  1.41396E+04  1.15266E-03 -3.71576E-01
 -2.33950E-02  1.00440E-26  1.41396E+04  1.15266E-03 -3.71576E-01
  2.33950E-02  7.01081E-27  1.86018E+04  1.15808E-03 -5.57522E-01
  7.01849E-02  3.97763E-27  2.98696E+04  1.17176E-03 -1.02706E+00
  1.16975E-01  3.97763E-27  2.98696E+04  1.17176E-03 -1.02706E+00
  1.63765E-01  3.97763E-27  2.98696E+04  1.17176E-03 -1.02706E+00
  2.10555E-01  2.61431E-27  4.32329E+04  1.20005E-03 -1.20707E+00
  2.57345E-01  1.25098E-27  8.57231E+04  1.29003E-03 -1.77945E+00
  3.04135E-01  1.25098E-27  8.57231E+04  1.29003E-03 -1.77945E+00
  3.50924E-01  1.25098E-27  8.57231E+04  1.29003E-03 -1.77945E+00
  3.97714E-01  1.27379E-27  8.20927E+04  1.27303E-03 -4.86370E+00
  4.44504E-01  1.29659E-27  7.85900E+04  1.25663E-03 -7.83945E+00
  4.91294E-01  1.29659E-27  7.85900E+04  1.25663E-03 -7.83945E+00
  5.38084E-01  1.29659E-27  7.85900E+04  1.25663E-03 -7.83945E+00
  5.84874E-01  8.95976E-28  1.22340E+05  1.28834E-03 -1.23418E+01
  6.31664E-01  4.95358E-28  2.36854E+05  1.37135E-03 -2.41265E+01
  6.78454E-01  4.95358E-28  2.36854E+05  1.37135E-03 -2.41265E+01
  7.25244E-01  4.95358E-28  2.36854E+05  1.37135E-03 -2.41265E+01
  7.72034E-01  3.51491E-28  3.73201E+05  1.47427E-03 -2.79082E+01
  8.18824E-01  2.07624E-28  6.98502E+05  1.71983E-03 -3.69306E+01
  8.65614E-01  2.07624E-28  6.98502E+05  1.71983E-03 -3.69306E+01
  9.12404E-01  2.07624E-28  6.98502E+05  1.71983E-03 -3.69306E+01
  9.59194E-01  1.95503E-28  7.97063E+05  1.77639E-03 -3.53980E+01
  1.00598E+00  1.83382E-28  9.08654E+05  1.84043E-03 -3.36629E+01
  1.05277E+00  1.83382E-28  9.08654E+05  1.84043E-03 -3.36629E+01
  1.09956E+00  1.83382E-28  9.08654E+05  1.84043E-03 -3.36629E+01
  1.14635E+00  2.02863E-28  8.66516E+05  1.81280E-03 -2.97822E+01
  1.19314E+00  2.22345E-28  8.31762E+05  1.79001E-03 -2.65816E+01
  1.23993E+00  2.22345E-28  8.31762E+05  1.79001E-03 -2.65816E+01
  1.28672E+00  2.22345E-28  8.31762E+05  1.79001E-03 -2.65816E+01
  1.33351E+00  2.35162E-28  8.19110E+05  1.77359E-03 -2.41969E+01
  1.38030E+00  2.47979E-28  8.07765E+05  1.75887E-03 -2.20587E+01
  1.42709E+00  2.47979E-28  8.07765E+05  1.75887E-03 -2.20587E+01
  1.47388E+00  2.47979E-28  8.07765E+05  1.75887E-03 -2.20587E+01
  1.52067E+00  2.42876E-28  8.50929E+05  1.77705E-03 -2.09422E+01
  1.56746E+00  2.37773E-28  8.95945E+05  1.79600E-03 -1.97778E+01
  1.61425E+00  2.37773E-28  8.95945E+05  1.79600E-03 -1.97778E+01
  1.66104E+00  2.37773E-28  8.95945E+05  1.79600E-03 -1.97778E+01
  1.70783E+00  2.20352E-28  9.89879E+05  1.84936E-03 -1.90267E+01
  1.75462E+00  2.02931E-28  1.09994E+06  1.91188E-03 -1.81467E+01
  1.80141E+00  2.02931E-28  1.09994E+06  1.91188E-03 -1.81467E+01
  1.84820E+00  2.02931E-28  1.09994E+06  1.91188E-03 -1.81467E+01
  1.89499E+00  1.96581E-28  1.15584E+06  1.93649E-03 -1.73908E+01
  1.94178E+00  1.90230E-28  1.21547E+06  1.96275E-03 -1.65844E+01
  1.98857E+00  1.90230E-28  1.21547E+06  1.96275E-03 -1.65844E+01
  2.03536E+00  1.90230E-28  1.21547E+06  1.96275E-03 -1.65844E+01
  2.08215E+00  1.93757E-28  1.20982E+06  1.95808E-03 -1.63731E+01
  2.12894E+00  1.97283E-28  1.20437E+06  1.95357E-03 -1.61693E+01
  2.17573E+00  1.97283E-28  1.20437E+06  1.95357E-03 -1.61693E+01
  2.22252E+00  1.97283E-28  1.20437E+06  1.95357E-03 -1.61693E+01
  2.26931E+00  1.99175E-28  1.20764E+06  1.95197E-03 -1.62153E+01
  2.31610E+00  2.01066E-28  1.21084E+06  1.95041E-03 -1.62604E+01
  2.36289E+00  2.01066E-28  1.21084E+06  1.95041E-03 -1.62604E+01
  2.40968E+00  2.01066E-28  1.21084E+06  1.95041E-03 -1.62604E+01
  2.45647E+00  2.05381E-28  1.19952E+06  1.93649E-03 -1.51517E+01
  2.50326E+00  2.09696E-28  1.18867E+06  1.92315E-03 -1.40885E+01
  2.55005E+00  2.09696E-28  1.18867E+06  1.92315E-03 -1.40885E+01
  2.59684E+00  2.09696E-28  1.18867E+06  1.92315E-03 -1.40885E+01
  2.64363E+00  2.68685E-28  9.34408E+05  1.75445E-03 -1.21836E+01
  2.69042E+00  3.27674E-28  7.71695E+05  1.64649E-03 -1.09646E+01
  2.73721E+00  3.27674E-28  7.71695E+05  1.64649E-03 -1.09646E+01
  2.78400E+00  3.27674E-28  7.71695E+05  1.64649E-03 -1.09646E+01
  2.83079E+00  3.73166E-28  6.84269E+05  1.61188E-03 -1.05124E+01
  2.87758E+00  4.18658E-28  6.15842E+05  1.58480E-03 -1.01585E+01
  2.92437E+00  4.18658E-28  6.15842E+05  1.58480E-03 -1.01585E+01
  2.97116E+00  4.18658E-28  6.15842E+05  1.58480E-03 -1.01585E+01
  3.01795E+00  4.80385E-28  5.40381E+05  1.53889E-03 -9.04261E+00
  3.06474E+00  5.42111E-28  4.82104E+05  1.50344E-03 -8.18084E+00
  3.11153E+00  5.42111E-28  4.82104E+05  1.50344E-03 -8.18084E+00
  3.15832E+00  5.42111E-28  4.82104E+05  1.50344E-03 -8.18084E+00
  3.20511E+00  6.23631E-28  4.18329E+05  1.46635E-03 -5.66784E+00
  3.25190E+00  7.05151E-28  3.69300E+05  1.43783E-03 -3.73587E+00
  3.29869E+00  7.05151E-28  3.69300E+05  1.43783E-03 -3.73587E+00
  3.34548E+00  7.05151E-28  3.69300E+05  1.43783E-03 -3.73587E+00
  3.39227E+00  7.27829E-28  3.56391E+05  1.42952E-03 -1.36154E+00
  3.43906E+00  7.50507E-28  3.44262E+05  1.42172E-03  8.69301E-01
  3.48585E+00  7.50507E-28  3.44262E+05  1.42172E-03  8.69301E-01
  3.53264E+00  7.50507E-28  3.44262E+05  1.42172E-03  8.69301E-01
  3.57943E+00  7.47157E-28  3.46076E+05  1.42253E-03  2.95716E+00
  3.62622E+00  7.43808E-28  3.47906E+05  1.42335E-03  5.06382E+00
  3.67301E+00  7.43808E-28  3.47906E+05  1.42335E-03  5.06382E+00
  3.71980E+00  7.43808E-28  3.47906E+05  1.42335E-03  5.06382E+00
  3.76659E+00  7.11667E-28  3.63873E+05  1.42656E-03  7.05626E+00
  3.81338E+00  6.79526E-28  3.81350E+05  1.43008E-03  9.23719E+00
  3.86017E+00  6.79526E-28  3.81350E+05  1.43008E-03  9.23719E+00
  3.90696E+00  6.79526E-28  3.81350E+05  1.43008E-03  9.23719E+00
  3.95375E+00  6.60191E-28  3.92306E+05  1.43261E-03  1.09477E+01
  4.00054E+00  6.40856E-28  4.03922E+05  1.43529E-03  1.27614E+01
  4.04733E+00  6.40856E-28  4.03922E+05  1.43529E-03  1.27614E+01
  4.09412E+00  6.40856E-28  4.03922E+05  1.43529E-03  1.27614E+01
  4.14091E+00  6.21928E-28  4.15082E+05  1.44165E-03  1.35012E+01
  4.18770E+00  6.03000E-28  4.26942E+05  1.44841E-03  1.42875E+01
  4.23449E+00  6.03000E-28  4.26942E+05  1.44841E-03  1.42875E+01
  4.28128E+00  6.03000E-28  4.26942E+05  1.44841E-03  1.42875E+01
  4.32807E+00  5.56265E-28  4.63302E+05  1.46438E-03  1.36261E+01
  4.37486E+00  5.09530E-28  5.06331E+05  1.48327E-03  1.28434E+01
  4.42165E+00  5.09530E-28  5.06331E+05  1.48327E-03  1.28434E+01
  4.46844E+00  5.09530E-28  5.06331E+05  1.48327E-03  1.28434E+01
  4.51523E+00  6.25684E-28  4.13555E+05  1.44260E-03  1.04726E+01
  4.56202E+00  7.41837E-28  3.49832E+05  1.41467E-03  8.84423E+00
  4.60881E+00  7.41837E-28  3.49832E+05  1.41467E-03  8.84423E+00
  4.65560E+00  7.41837E-28  3.49832E+05  1.41467E-03  8.84423E+00
  4.70239E+00  7.07344E-28  3.63638E+05  1.41647E-03  5.10765E+00
  4.74918E+00  6.72851E-28  3.78859E+05  1.41845E-03  9.87955E-01
  4.79597E+00  6.72851E-28  3.78859E+05  1.41845E-03  9.87955E-01
  4.84276E+00  6.72851E-28  3.78859E+05  1.41845E-03  9.87955E-01
  4.88955E+00  5.04258E-28  5.01227E+05  1.51608E-03 -3.94750E+00
  4.93634E+00  3.35665E-28  7.46516E+05  1.71179E-03 -1.38408E+01
  4.98313E+00  3.35665E-28  7.46516E+05  1.71179E-03 -1.38408E+01
  5.02992E+00  3.35665E-28  7.46516E+05  1.71179E-03 -1.38408E+01
  5.07671E+00  2.78950E-28  9.17461E+05  1.79788E-03 -1.96295E+01
  5.12350E+00  2.22235E-28  1.17566E+06  1.92790E-03 -2.83729E+01
  5.17029E+00  2.22235E-28  1.17566E+06  1.92790E-03 -2.83729E+01
  5.21708E+00  2.22235E-28  1.17566E+06  1.92790E-03 -2.83729E+01
  5.26387E+00  2.10764E-28  1.25705E+06  1.95697E-03 -3.09154E+01
  5.31066E+00  1.99293E-28  1.34781E+06  1.98938E-03 -3.37505E+01
  5.35745E+00  1.99293E-28  1.34781E+06  1.98938E-03 -3.37505E+01
  5.40424E+00  1.99293E-28  1.34781E+06  1.98938E-03 -3.37505E+01
  5.45103E+00  1.99710E-28  1.35657E+06  1.99304E-03 -3.36226E+01
  5.49782E+00  2.00127E-28  1.36529E+06  1.99668E-03 -3.34953E+01
  5.54461E+00  2.00127E-28  1.36529E+06  1.99668E-03 -3.34953E+01
  5.59140E+00  2.00127E-28  1.36529E+06  1.99668E-03 -3.34953E+01
  5.63819E+00  2.00867E-28  1.36757E+06  1.99779E-03 -3.25378E+01
  5.68498E+00  2.01607E-28  1.36983E+06  1.99890E-03 -3.15873E+01
  5.73177E+00  2.01607E-28  1.36983E+06  1.99890E-03 -3.15873E+01
  5.77856E+00  2.01607E-28  1.36983E+06  1.99890E-03 -3.15873E+01
  5.82535E+00  2.02251E-28  1.37050E+06  1.99931E-03 -3.07128E+01
  5.87214E+00  2.02896E-28  1.37116E+06  1.99973E-03 -2.98439E+01
  5.91893E+00  2.02896E-28  1.37116E+06  1.99973E-03 -2.98439E+01
  5.96572E+00  2.02896E-28  1.37116E+06  1.99973E-03 -2.98439E+01
  6.01251E+00  2.03355E-28  1.37183E+06  1.99984E-03 -2.92064E+01
  6.05930E+00  2.03815E-28  1.37250E+06  1.99995E-03 -2.85718E+01
  6.10609E+00  2.03815E-28  1.37250E+06  1.99995E-03 -2.85718E+01
  6.15288E+00  2.03815E-28  1.37250E+06  1.99995E-03 -2.85718E+01
  6.19967E+00  2.04047E-28  1.37373E+06  1.99997E-03 -2.81192E+01
  6.24646E+00  2.04279E-28  1.37496E+06  2.00000E-03 -2.76676E+01
  6.29325E+00  2.04279E-28  1.37496E+06  2.00000E-03 -2.76676E+01
  6.34003E+00  2.04279E-28  1.37496E+06  2.00000E-03 -2.76676E+01
  6.38683E+00  2.04447E-28  1.37608E+06  2.00000E-03 -2.73178E+01
  6.43362E+00  2.04616E-28  1.37719E+06  2.00000E-03 -2.69686E+01
  6.48040E+00  2.04616E-28  1.37719E+06  2.00000E-03 -2.69686E+01
  6.52719E+00  2.04616E-28  1.37719E+06  2.00000E-03 -2.69686E+01
  6.57398E+00  2.04790E-28  1.37798E+06  2.00000E-03 -2.66563E+01
  6.62077E+00  2.04964E-28  1.37877E+06  2.00000E-03 -2.63446E+01
  6.66756E+00  2.04964E-28  1.37877E+06  2.00000E-03 -2.63446E+01
  6.71435E+00  2.04964E-28  1.37877E+06  2.00000E-03 -2.63446E+01
  6.76114E+00  2.05150E-28  1.37954E+06  2.00000E-03 -2.60358E+01
  6.80793E+00  2.05336E-28  1.38030E+06  2.00000E-03 -2.57275E+01
  6.85472E+00  2.05336E-28  1.38030E+06  2.00000E-03 -2.57275E+01
  6.90151E+00  2.05336E-28  1.38030E+06  2.00000E-03 -2.57275E+01
  6.94830E+00  2.05533E-28  1.38121E+06  2.00000E-03 -2.54107E+01
  6.99509E+00  2.05730E-28  1.38210E+06  2.00000E-03 -2.50945E+01
  7.04188E+00  2.05730E-28  1.38210E+06  2.00000E-03 -2.50945E+01
  7.08867E+00  2.05730E-28  1.38210E+06  2.00000E-03 -2.50945E+01
  7.13546E+00  2.05958E-28  1.38313E+06  2.00000E-03 -2.47696E+01
  7.18225E+00  2.06186E-28  1.38416E+06  2.00000E-03 -2.44454E+01
  7.22904E+00  2.06186E-28  1.38416E+06  2.00000E-03 -2.44454E+01
  7.27583E+00  2.06186E-28  1.38416E+06  2.00000E-03 -2.44454E+01
  7.32262E+00  2.06444E-28  1.38532E+06  2.00000E-03 -2.41106E+01
  7.36941E+00  2.06703E-28  1.38648E+06  2.00000E-03 -2.37767E+01
  7.41620E+00  2.06703E-28  1.38648E+06  2.00000E-03 -2.37767E+01
  7.46299E+00  2.06703E-28  1.38648E+06  2.00000E-03 -2.37767E+01
  7.50978E+00  2.06983E-28  1.38774E+06  2.00000E-03 -2.34348E+01
  7.55657E+00  2.07264E-28  1.38899E+06  2.00000E-03 -2.30937E+01
  7.60336E+00  2.07264E-28  1.38899E+06  2.00000E-03 -2.30937E+01
  7.65015E+00  2.07264E-28  1.38899E+06  2.00000E-03 -2.30937E+01
  7.69694E+00  2.07556E-28  1.39030E+06  2.00000E-03 -2.27506E+01
  7.74373E+00  2.07848E-28  1.39160E+06  2.00000E-03 -2.24084E+01
  7.79052E+00  2.07848E-28  1.39160E+06  2.00000E-03 -2.24084E+01
  7.83731E+00  2.07848E-28  1.39160E+06  2.00000E-03 -2.24084E+01
  7.88410E+00  2.08142E-28  1.39292E+06  2.00000E-03 -2.20701E+01
  7.93089E+00  2.08435E-28  1.39423E+06  2.00000E-03 -2.17327E+01
  7.97768E+00  2.08435E-28  1.39423E+06  2.00000E-03 -2.17327E+01
  8.02447E+00  2.08435E-28  1.39423E+06  2.00000E-03 -2.17327E+01
  8.07126E+00  2.08723E-28  1.39551E+06  2.00000E-03 -2.14036E+01
  8.11805E+00  2.09011E-28  1.39679E+06  2.00000E-03 -2.10753E+01
  8.16484E+00  2.09011E-28  1.39679E+06  2.00000E-03 -2.10753E+01
  8.21163E+00  2.09011E-28  1.39679E+06  2.00000E-03 -2.10753E+01
  8.25842E+00  2.09290E-28  1.39804E+06  2.00000E-03 -2.07560E+01
  8.30521E+00  2.09569E-28  1.39928E+06  2.00000E-03 -2.04376E+01
  8.35200E+00  2.09569E-28  1.39928E+06  2.00000E-03 -2.04376E+01
  8.39879E+00  2.09569E-28  1.39928E+06  2.00000E-03 -2.04376E+01
  8.44558E+00  2.09842E-28  1.40049E+06  2.00000E-03 -2.01254E+01
  8.49237E+00  2.10115E-28  1.40170E+06  2.00000E-03 -1.98140E+01
  8.53916E+00  2.10115E-28  1.40170E+06  2.00000E-03 -1.98140E+01
  8.58595E+00  2.10115E-28  1.40170E+06  2.00000E-03 -1.98140E+01
  8.63274E+00  2.10383E-28  1.40290E+06  2.00000E-03 -1.95059E+01
  8.67953E+00  2.10652E-28  1.40408E+06  2.00000E-03 -1.91985E+01
  8.72632E+00  2.10652E-28  1.40408E+06  2.00000E-03 -1.91985E+01
  8.77311E+00  2.10652E-28  1.40408E+06  2.00000E-03 -1.91985E+01
  8.81990E+00  2.10913E-28  1.40524E+06  2.00000E-03 -1.88954E+01
  8.86669E+00  2.11174E-28  1.40639E+06  2.00000E-03 -1.85931E+01
  8.91348E+00  2.11174E-28  1.40639E+06  2.00000E-03 -1.85931E+01
  8.96027E+00  2.11174E-28  1.40639E+06  2.00000E-03 -1.85931E+01
  9.00706E+00  2.11414E-28  1.40745E+06  2.00000E-03 -1.83023E+01
  9.05385E+00  2.11655E-28  1.40851E+06  2.00000E-03 -1.80121E+01
  9.10064E+00  2.11655E-28  1.40851E+06  2.00000E-03 -1.80121E+01
  9.14743E+00  2.11655E-28  1.40851E+06  2.00000E-03 -1.80121E+01
  9.19422E+00  2.11860E-28  1.40940E+06  2.00000E-03 -1.77445E+01
  9.24101E+00  2.12064E-28  1.41030E+06  2.00000E-03 -1.74775E+01
  9.28780E+00  2.12064E-28  1.41030E+06  2.00000E-03 -1.74775E+01
  9.33459E+00  2.12064E-28  1.41030E+06  2.00000E-03 -1.74775E+01
  9.38138E+00  2.12223E-28  1.41099E+06  2.00000E-03 -1.72406E+01
  9.42817E+00  2.12381E-28  1.41168E+06  2.00000E-03 -1.70041E+01
  9.47496E+00  2.12381E-28  1.41168E+06  2.00000E-03 -1.70041E+01
  9.52175E+00  2.12381E-28  1.41168E+06  2.00000E-03 -1.70041E+01
  9.56854E+00  2.12491E-28  1.41215E+06  2.00000E-03 -1.67985E+01
  9.61533E+00  2.12600E-28  1.41262E+06  2.00000E-03 -1.65930E+01
  9.66212E+00  2.12600E-28  1.41262E+06  2.00000E-03 -1.65930E+01
  9.70891E+00  2.12600E-28  1.41262E+06  2.00000E-03 -1.65930E+01
  9.75570E+00  2.12671E-28  1.41293E+06  2.00000E-03 -1.64133E+01
  9.80249E+00  2.12742E-28  1.41324E+06  2.00000E-03 -1.62337E+01
  9.84928E+00  2.12742E-28  1.41324E+06  2.00000E-03 -1.62337E+01
  9.89607E+00  2.12742E-28  1.41324E+06  2.00000E-03 -1.62337E+01
  9.94286E+00  2.12790E-28  1.41344E+06  2.00000E-03 -1.60700E+01
  9.98965E+00  2.12837E-28  1.41365E+06  2.00000E-03 -1.59064E+01
  1.00364E+01  2.12837E-28  1.41365E+06  2.00000E-03 -1.59064E+01
  1.00832E+01  2.12837E-28  1.41365E+06  2.00000E-03 -1.59064E+01
  1.01300E+01  2.12878E-28  1.41383E+06  2.00000E-03 -1.57486E+01
  1.01768E+01  2.12919E-28  1.41401E+06  2.00000E-03 -1.55909E+01
  1.02236E+01  2.12919E-28  1.41401E+06  2.00000E-03 -1.55909E+01
  1.02704E+01  2.12919E-28  1.41401E+06  2.00000E-03 -1.55909E+01
  1.03172E+01  2.12967E-28  1.41422E+06  2.00000E-03 -1.54306E+01
  1.03640E+01  2.13015E-28  1.41444E+06  2.00000E-03 -1.52704E+01
  1.04108E+01  2.13015E-28  1.41444E+06  2.00000E-03 -1.52704E+01
  1.04575E+01  2.13015E-28  1.41444E+06  2.00000E-03 -1.52704E+01
  1.05043E+01  2.13080E-28  1.41473E+06  2.00000E-03 -1.51027E+01
  1.05511E+01  2.13144E-28  1.41502E+06  2.00000E-03 -1.49351E+01
  1.05979E+01  2.13144E-28  1.41502E+06  2.00000E-03 -1.49351E+01
  1.06447E+01  2.13144E-28  1.41502E+06  2.00000E-03 -1.49351E+01
  1.06915E+01  2.13229E-28  1.41540E+06  2.00000E-03 -1.47586E+01
  1.07383E+01  2.13313E-28  1.41578E+06  2.00000E-03 -1.45822E+01
  1.07851E+01  2.13313E-28  1.41578E+06  2.00000E-03 -1.45822E+01
  1.08319E+01  2.13313E-28  1.41578E+06  2.00000E-03 -1.45822E+01
  1.08787E+01  2.13416E-28  1.41623E+06  2.00000E-03 -1.43987E+01
  1.09254E+01  2.13519E-28  1.41669E+06  2.00000E-03 -1.42154E+01
  1.09722E+01  2.13519E-28  1.41669E+06  2.00000E-03 -1.42154E+01
  1.10190E+01  2.13519E-28  1.41669E+06  2.00000E-03 -1.42154E+01
  1.10658E+01  2.13636E-28  1.41721E+06  2.00000E-03 -1.40295E+01
  1.11126E+01  2.13754E-28  1.41773E+06  2.00000E-03 -1.38438E+01
  1.11594E+01  2.13754E-28  1.41773E+06  2.00000E-03 -1.38438E+01
  1.12062E+01  2.13754E-28  1.41773E+06  2.00000E-03 -1.38438E+01
  1.12530E+01  2.13877E-28  1.41827E+06  2.00000E-03 -1.36615E+01
  1.12998E+01  2.14000E-28  1.41881E+06  2.00000E-03 -1.34793E+01
  1.13466E+01  2.14000E-28  1.41881E+06  2.00000E-03 -1.34793E+01
  1.13933E+01  2.14000E-28  1.41881E+06  2.00000E-03 -1.34793E+01
  1.14401E+01  2.14120E-28  1.41934E+06  2.00000E-03 -1.33069E+01
  1.14869E+01  2.14240E-28  1.41987E+06  2.00000E-03 -1.31346E+01
  1.15337E+01  2.14240E-28  1.41987E+06  2.00000E-03 -1.31346E+01
  1.15805E+01  2.14240E-28  1.41987E+06  2.00000E-03 -1.31346E+01
  1.16273E+01  2.14348E-28  1.42034E+06  2.00000E-03 -1.29772E+01
  1.16741E+01  2.14457E-28  1.42081E+06  2.00000E-03 -1.28200E+01
  1.17209E+01  2.14457E-28  1.42081E+06  2.00000E-03 -1.28200E+01
  1.17677E+01  2.14457E-28  1.42081E+06  2.00000E-03 -1.28200E+01
  1.18145E+01  2.14546E-28  1.42120E+06  2.00000E-03 -1.26804E+01
  1.18612E+01  2.14636E-28  1.42158E+06  2.00000E-03 -1.25409E+01
  1.19080E+01  2.14636E-28  1.42158E+06  2.00000E-03 -1.25409E+01
  1.19548E+01  2.14636E-28  1.42158E+06  2.00000E-03 -1.25409E+01
  1.20016E+01  2.14705E-28  1.42188E+06  2.00000E-03 -1.24184E+01
  1.20484E+01  2.14775E-28  1.42218E+06  2.00000E-03 -1.22960E+01
  1.20952E+01  2.14775E-28  1.42218E+06  2.00000E-03 -1.22960E+01
  1.21420E+01  2.14775E-28  1.42218E+06  2.00000E-03 -1.22960E+01
  1.21888E+01  2.14827E-28  1.42240E+06  2.00000E-03 -1.21872E+01
  1.22356E+01  2.14880E-28  1.42262E+06  2.00000E-03 -1.20784E+01
  1.22824E+01  2.14880E-28  1.42262E+06  2.00000E-03 -1.20784E+01
  1.23291E+01  2.14880E-28  1.42262E+06  2.00000E-03 -1.20784E+01
  1.23759E+01  2.14922E-28  1.42280E+06  2.00000E-03 -1.19778E+01
  1.24227E+01  2.14964E-28  1.42298E+06  2.00000E-03 -1.18772E+01
  1.24695E+01  2.14964E-28  1.42298E+06  2.00000E-03 -1.18772E+01
  1.25163E+01  2.14964E-28  1.42298E+06  2.00000E-03 -1.18772E+01
  1.25631E+01  2.15005E-28  1.42315E+06  2.00000E-03 -1.17786E+01
  1.26099E+01  2.15046E-28  1.42333E+06  2.00000E-03 -1.16800E+01
  1.26567E+01  2.15046E-28  1.42333E+06  2.00000E-03 -1.16800E+01
  1.27035E+01  2.15046E-28  1.42333E+06  2.00000E-03 -1.16800E+01
  1.27503E+01  2.15094E-28  1.42353E+06  2.00000E-03 -1.15777E+01
  1.27970E+01  2.15142E-28  1.42374E+06  2.00000E-03 -1.14755E+01
  1.28438E+01  2.15142E-28  1.42374E+06  2.00000E-03 -1.14755E+01
  1.28906E+01  2.15142E-28  1.42374E+06  2.00000E-03 -1.14755E+01
  1.29374E+01  2.15204E-28  1.42401E+06  2.00000E-03 -1.13651E+01
  1.29842E+01  2.15266E-28  1.42429E+06  2.00000E-03 -1.12548E+01
  1.30310E+01  2.15266E-28  1.42429E+06  2.00000E-03 -1.12548E+01
  1.30778E+01  2.15266E-28  1.42429E+06  2.00000E-03 -1.12548E+01
  1.31246E+01  2.15346E-28  1.42464E+06  2.00000E-03 -1.11342E+01
  1.31714E+01  2.15426E-28  1.42499E+06  2.00000E-03 -1.10137E+01
  1.32182E+01  2.15426E-28  1.42499E+06  2.00000E-03 -1.10137E+01
  1.32649E+01  2.15426E-28  1.42499E+06  2.00000E-03 -1.10137E+01
  1.33117E+01  2.15525E-28  1.42543E+06  2.00000E-03 -1.08837E+01
  1.33585E+01  2.15624E-28  1.42586E+06  2.00000E-03 -1.07538E+01
  1.34053E+01  2.15624E-28  1.42586E+06  2.00000E-03 -1.07538E+01
  1.34521E+01  2.15624E-28  1.42586E+06  2.00000E-03 -1.07538E+01
  1.34989E+01  2.15740E-28  1.42637E+06  2.00000E-03 -1.06177E+01
  1.35457E+01  2.15857E-28  1.42689E+06  2.00000E-03 -1.04817E+01
  1.35925E+01  2.15857E-28  1.42689E+06  2.00000E-03 -1.04817E+01
  1.36393E+01  2.15857E-28  1.42689E+06  2.00000E-03 -1.04817E+01
  1.36861E+01  2.15987E-28  1.42746E+06  2.00000E-03 -1.03441E+01
  1.37328E+01  2.16117E-28  1.42803E+06  2.00000E-03 -1.02066E+01
  1.37796E+01  2.16117E-28  1.42803E+06  2.00000E-03 -1.02066E+01
  1.38264E+01  2.16117E-28  1.42803E+06  2.00000E-03 -1.02066E+01
  1.38732E+01  2.16244E-28  1.42859E+06  2.00000E-03 -1.00796E+01
  1.39200E+01  2.16371E-28  1.42914E+06  2.00000E-03 -9.95279E+00
  1.39668E+01  2.16371E-28  1.42914E+06  2.00000E-03 -9.95279E+00
  1.40136E+01  2.16371E-28  1.42914E+06  2.00000E-03 -9.95279E+00
  1.40604E+01  2.16371E-28  1.42914E+06  2.00000E-03 -9.95279E+00
  1.41072E+01  2.16371E-28  1.42914E+06  2.00000E-03 -9.95279E+00
  1.41540E+01  2.16371E-28  1.42914E+06  2.00000E-03 -9.95279E+00
  1.42007E+01  2.16371E-28  1.42914E+06  2.00000E-03 -9.95279E+00
  1.42475E+01  2.16651E-28  1.43036E+06  2.00000E-03 -9.70385E+00
  1.42943E+01  2.16931E-28  1.43158E+06  2.00000E-03 -9.45556E+00
  1.43411E+01  2.16931E-28  1.43158E+06  2.00000E-03 -9.45556E+00
  1.43879E+01  2.16931E-28  1.43158E+06  2.00000E-03 -9.45556E+00
  1.44347E+01  2.16931E-28  1.43158E+06  2.00000E-03 -9.45556E+00
  1.44815E+01  2.16931E-28  1.43158E+06  2.00000E-03 -9.45556E+00
  1.45283E+01  2.16931E-28  1.43158E+06  2.00000E-03 -9.45556E+00
  1.45751E+01  2.16931E-28  1.43158E+06  2.00000E-03 -9.45556E+00
  1.46219E+01  2.17215E-28  1.43282E+06  2.00000E-03 -9.22176E+00
  1.46686E+01  2.17500E-28  1.43406E+06  2.00000E-03 -8.98856E+00
  1.47154E+01  2.17500E-28  1.43406E+06  2.00000E-03 -8.98856E+00
  1.47622E+01  2.17500E-28  1.43406E+06  2.00000E-03 -8.98856E+00
  1.48090E+01  2.17500E-28  1.43406E+06  2.00000E-03 -8.98856E+00
  1.48558E+01  2.17500E-28  1.43406E+06  2.00000E-03 -8.98856E+00
  1.49026E+01  2.17500E-28  1.43406E+06  2.00000E-03 -8.98856E+00
  1.49494E+01  2.17500E-28  1.43406E+06  2.00000E-03 -8.98856E+00
  1.49962E+01  2.17774E-28  1.43525E+06  2.00000E-03 -8.77625E+00
  1.50430E+01  2.18049E-28  1.43644E+06  2.00000E-03 -8.56447E+00
  1.50898E+01  2.18049E-28  1.43644E+06  2.00000E-03 -8.56447E+00
  1.51365E+01  2.18049E-28  1.43644E+06  2.00000E-03 -8.56447E+00
  1.51833E+01  2.18049E-28  1.43644E+06  2.00000E-03 -8.56447E+00
  1.52301E+01  2.18049E-28  1.43644E+06  2.00000E-03 -8.56447E+00
  1.52769E+01  2.18049E-28  1.43644E+06  2.00000E-03 -8.56447E+00
  1.53237E+01  2.18049E-28  1.43644E+06  2.00000E-03 -8.56447E+00
  1.53705E+01  2.18288E-28  1.43748E+06  2.00000E-03 -8.38264E+00
  1.54173E+01  2.18528E-28  1.43852E+06  2.00000E-03 -8.20121E+00
  1.54641E+01  2.18528E-28  1.43852E+06  2.00000E-03 -8.20121E+00
  1.55109E+01  2.18528E-28  1.43852E+06  2.00000E-03 -8.20121E+00
  1.55577E+01  2.18528E-28  1.43852E+06  2.00000E-03 -8.20121E+00
  1.56044E+01  2.18528E-28  1.43852E+06  2.00000E-03 -8.20121E+00
  1.56512E+01  2.18528E-28  1.43852E+06  2.00000E-03 -8.20121E+00
  1.56980E+01  2.18528E-28  1.43852E+06  2.00000E-03 -8.20121E+00
  1.57448E+01  2.18714E-28  1.43932E+06  2.00000E-03 -8.05734E+00
  1.57916E+01  2.18900E-28  1.44012E+06  2.00000E-03 -7.91371E+00
  1.58384E+01  2.18900E-28  1.44012E+06  2.00000E-03 -7.91371E+00
  1.58852E+01  2.18900E-28  1.44012E+06  2.00000E-03 -7.91371E+00
  1.59320E+01  2.18900E-28  1.44012E+06  2.00000E-03 -7.91371E+00
  1.59788E+01  2.18900E-28  1.44012E+06  2.00000E-03 -7.91371E+00
  1.60256E+01  2.18900E-28  1.44012E+06  2.00000E-03 -7.91371E+00
  1.60723E+01  2.18900E-28  1.44012E+06  2.00000E-03 -7.91371E+00
  1.61191E+01  2.19028E-28  1.44067E+06  2.00000E-03 -7.80812E+00
  1.61659E+01  2.19155E-28  1.44121E+06  2.00000E-03 -7.70265E+00
  1.62127E+01  2.19155E-28  1.44121E+06  2.00000E-03 -7.70265E+00
  1.62595E+01  2.19155E-28  1.44121E+06  2.00000E-03 -7.70265E+00
  1.63063E+01  2.19155E-28  1.44121E+06  2.00000E-03 -7.70265E+00
  1.63531E+01  2.19155E-28  1.44121E+06  2.00000E-03 -7.70265E+00
  1.63999E+01  2.19155E-28  1.44121E+06  2.00000E-03 -7.70265E+00
  1.64467E+01  2.19155E-28  1.44121E+06  2.00000E-03 -7.70265E+00
  1.64935E+01  2.19234E-28  1.44155E+06  2.00000E-03 -7.62810E+00
  1.65402E+01  2.19312E-28  1.44188E+06  2.00000E-03 -7.55359E+00
  1.65870E+01  2.19312E-28  1.44188E+06  2.00000E-03 -7.55359E+00
  1.66338E+01  2.19312E-28  1.44188E+06  2.00000E-03 -7.55359E+00
  1.66806E+01  2.19312E-28  1.44188E+06  2.00000E-03 -7.55359E+00
  1.67274E+01  2.19312E-28  1.44188E+06  2.00000E-03 -7.55359E+00
  1.67742E+01  2.19312E-28  1.44188E+06  2.00000E-03 -7.55359E+00
  1.68210E+01  2.19312E-28  1.44188E+06  2.00000E-03 -7.55359E+00
  1.68678E+01  2.19360E-28  1.44208E+06  2.00000E-03 -7.50062E+00
  1.69146E+01  2.19407E-28  1.44228E+06  2.00000E-03 -7.44766E+00
  1.69613E+01  2.19407E-28  1.44228E+06  2.00000E-03 -7.44766E+00
  1.70081E+01  2.19407E-28  1.44228E+06  2.00000E-03 -7.44766E+00
  1.70549E+01  2.19407E-28  1.44228E+06  2.00000E-03 -7.44766E+00
  1.71017E+01  2.19407E-28  1.44228E+06  2.00000E-03 -7.44766E+00
  1.71485E+01  2.19407E-28  1.44228E+06  2.00000E-03 -7.44766E+00
  1.71953E+01  2.19407E-28  1.44228E+06  2.00000E-03 -7.44766E+00
  1.72421E+01  2.19421E-28  1.44233E+06  2.00000E-03 -7.41526E+00
  1.72889E+01  2.19436E-28  1.44238E+06  2.00000E-03 -7.38285E+00
  1.73357E+01  2.19436E-28  1.44238E+06  2.00000E-03 -7.38285E+00
  1.73825E+01  2.19436E-28  1.44238E+06  2.00000E-03 -7.38285E+00
  1.74292E+01  2.19436E-28  1.44238E+06  2.00000E-03 -7.38285E+00
  1.74760E+01  2.19436E-28  1.44238E+06  2.00000E-03 -7.38285E+00
  1.75228E+01  2.19436E-28  1.44238E+06  2.00000E-03 -7.38285E+00
  1.75696E+01  2.19436E-28  1.44238E+06  2.00000E-03 -7.38285E+00
  1.76164E+01  2.19401E-28  1.44222E+06  2.00000E-03 -7.37913E+00
  1.76632E+01  2.19366E-28  1.44206E+06  2.00000E-03 -7.37540E+00
  1.77100E+01  2.19366E-28  1.44206E+06  2.00000E-03 -7.37540E+00
  1.77568E+01  2.19366E-28  1.44206E+06  2.00000E-03 -7.37540E+00
  1.78036E+01  2.19366E-28  1.44206E+06  2.00000E-03 -7.37540E+00
  1.78504E+01  2.19366E-28  1.44206E+06  2.00000E-03 -7.37540E+00
  1.78971E+01  2.19366E-28  1.44206E+06  2.00000E-03 -7.37540E+00
  1.79439E+01  2.19366E-28  1.44206E+06  2.00000E-03 -7.37540E+00
  1.79907E+01  2.19256E-28  1.44157E+06  2.00000E-03 -7.40745E+00
  1.80375E+01  2.19145E-28  1.44108E+06  2.00000E-03 -7.43953E+00
  1.80843E+01  2.19145E-28  1.44108E+06  2.00000E-03 -7.43953E+00
  1.81311E+01  2.19145E-28  1.44108E+06  2.00000E-03 -7.43953E+00
  1.81779E+01  2.19145E-28  1.44108E+06  2.00000E-03 -7.43953E+00
  1.82247E+01  2.19145E-28  1.44108E+06  2.00000E-03 -7.43953E+00
  1.82715E+01  2.19145E-28  1.44108E+06  2.00000E-03 -7.43953E+00
  1.83183E+01  2.19145E-28  1.44108E+06  2.00000E-03 -7.43953E+00
  1.83650E+01  2.18963E-28  1.44027E+06  2.00000E-03 -7.49384E+00
  1.84118E+01  2.18781E-28  1.43947E+06  2.00000E-03 -7.54825E+00
  1.84586E+01  2.18781E-28  1.43947E+06  2.00000E-03 -7.54825E+00
  1.85054E+01  2.18781E-28  1.43947E+06  2.00000E-03 -7.54825E+00
  1.85522E+01  2.18781E-28  1.43947E+06  2.00000E-03 -7.54825E+00
  1.85990E+01  2.18781E-28  1.43947E+06  2.00000E-03 -7.54825E+00
  1.86458E+01  2.18781E-28  1.43947E+06  2.00000E-03 -7.54825E+00
  1.86926E+01  2.18781E-28  1.43947E+06  2.00000E-03 -7.54825E+00
  1.87394E+01  2.18272E-28  1.43723E+06  2.00000E-03 -7.78574E+00
  1.87862E+01  2.17762E-28  1.43499E+06  2.00000E-03 -8.02435E+00
  1.88329E+01  2.17762E-28  1.43499E+06  2.00000E-03 -8.02435E+00
  1.88797E+01  2.17762E-28  1.43499E+06  2.00000E-03 -8.02435E+00
  1.89265E+01  2.17762E-28  1.43499E+06  2.00000E-03 -8.02435E+00
  1.89733E+01  2.17762E-28  1.43499E+06  2.00000E-03 -8.02435E+00
  1.90201E+01  2.17762E-28  1.43499E+06  2.00000E-03 -8.02435E+00
  1.90669E+01  2.17762E-28  1.43499E+06  2.00000E-03 -8.02435E+00
  1.91137E+01  2.17762E-28  1.43499E+06  2.00000E-03 -8.02435E+00
  1.91605E+01  2.17762E-28  1.43499E+06  2.00000E-03 -8.02435E+00
  1.92073E+01  2.17762E-28  1.43499E+06  2.00000E-03 -8.02435E+00
  1.92541E+01  2.17762E-28  1.43499E+06  2.00000E-03 -8.02435E+00
  1.93008E+01  2.17762E-28  1.43499E+06  2.00000E-03 -8.02435E+00
  1.93476E+01  2.17762E-28  1.43499E+06  2.00000E-03 -8.02435E+00
  1.93944E+01  2.17762E-28  1.43499E+06  2.00000E-03 -8.02435E+00
  1.94412E+01  2.17762E-28  1.43499E+06  2.00000E-03 -8.02435E+00
  1.94880E+01  2.17412E-28  1.43343E+06  2.00000E-03 -8.10860E+00
  1.95348E+01  2.17062E-28  1.43186E+06  2.00000E-03 -8.19312E+00
  1.95816E+01  2.17062E-28  1.43186E+06  2.00000E-03 -8.19312E+00
  1.96284E+01  2.17062E-28  1.43186E+06  2.00000E-03 -8.19312E+00
  1.96752E+01  2.17062E-28  1.43186E+06  2.00000E-03 -8.19312E+00
  1.97220E+01  2.17062E-28  1.43186E+06  2.00000E-03 -8.19312E+00
  1.97687E+01  2.17062E-28  1.43186E+06  2.00000E-03 -8.19312E+00
  1.98155E+01  2.17062E-28  1.43186E+06  2.00000E-03 -8.19312E+00
  1.98623E+01  2.17062E-28  1.43186E+06  2.00000E-03 -8.19312E+00
  1.99091E+01  2.17062E-28  1.43186E+06  2.00000E-03 -8.19312E+00
  1.99559E+01  2.17062E-28  1.43186E+06  2.00000E-03 -8.19312E+00
  2.00027E+01  2.17062E-28  1.43186E+06  2.00000E-03 -8.19312E+00
  2.00495E+01  2.17062E-28  1.43186E+06  2.00000E-03 -8.19312E+00
  2.00963E+01  2.17062E-28  1.43186E+06  2.00000E-03 -8.19312E+00
  2.01431E+01  2.17062E-28  1.43186E+06  2.00000E-03 -8.19312E+00
  2.01899E+01  2.17062E-28  1.43186E+06  2.00000E-03 -8.19312E+00
  2.02366E+01  2.16837E-28  1.43087E+06  2.00000E-03 -8.20128E+00
  2.02834E+01  2.16613E-28  1.42987E+06  2.00000E-03 -8.20945E+00
  2.03302E+01  2.16613E-28  1.42987E+06  2.00000E-03 -8.20945E+00
  2.03770E+01  2.16613E-28  1.42987E+06  2.00000E-03 -8.20945E+00
  2.04238E+01  2.16613E-28  1.42987E+06  2.00000E-03 -8.20945E+00
  2.04706E+01  2.16613E-28  1.42987E+06  2.00000E-03 -8.20945E+00
  2.05174E+01  2.16613E-28  1.42987E+06  2.00000E-03 -8.20945E+00
  2.05642E+01  2.16613E-28  1.42987E+06  2.00000E-03 -8.20945E+00
  2.06110E+01  2.16613E-28  1.42987E+06  2.00000E-03 -8.20945E+00
  2.06578E+01  2.16613E-28  1.42987E+06  2.00000E-03 -8.20945E+00
  2.07045E+01  2.16613E-28  1.42987E+06  2.00000E-03 -8.20945E+00
  2.07513E+01  2.16613E-28  1.42987E+06  2.00000E-03 -8.20945E+00
  2.07981E+01  2.16613E-28  1.42987E+06  2.00000E-03 -8.20945E+00
  2.08449E+01  2.16613E-28  1.42987E+06  2.00000E-03 -8.20945E+00
  2.08917E+01  2.16613E-28  1.42987E+06  2.00000E-03 -8.20945E+00
  2.09385E+01  2.16613E-28  1.42987E+06  2.00000E-03 -8.20945E+00
  2.09853E+01  2.16521E-28  1.42946E+06  2.00000E-03 -8.14226E+00
  2.10321E+01  2.16429E-28  1.42905E+06  2.00000E-03 -8.07501E+00
  2.10789E+01  2.16429E-28  1.42905E+06  2.00000E-03 -8.07501E+00
  2.11257E+01  2.16429E-28  1.42905E+06  2.00000E-03 -8.07501E+00
  2.11724E+01  2.16429E-28  1.42905E+06  2.00000E-03 -8.07501E+00
  2.12192E+01  2.16429E-28  1.42905E+06  2.00000E-03 -8.07501E+00
  2.12660E+01  2.16429E-28  1.42905E+06  2.00000E-03 -8.07501E+00
  2.13128E+01  2.16429E-28  1.42905E+06  2.00000E-03 -8.07501E+00
  2.13596E+01  2.16429E-28  1.42905E+06  2.00000E-03 -8.07501E+00
  2.14064E+01  2.16429E-28  1.42905E+06  2.00000E-03 -8.07501E+00
  2.14532E+01  2.16429E-28  1.42905E+06  2.00000E-03 -8.07501E+00
  2.15000E+01  2.16429E-28  1.42905E+06  2.00000E-03 -8.07501E+00
  2.15468E+01  2.16429E-28  1.42905E+06  2.00000E-03 -8.07501E+00
  2.15936E+01  2.16429E-28  1.42905E+06  2.00000E-03 -8.07501E+00
  2.16403E+01  2.16429E-28  1.42905E+06  2.00000E-03 -8.07501E+00
  2.16871E+01  2.16429E-28  1.42905E+06  2.00000E-03 -8.07501E+00
  2.17339E+01  2.16485E-28  1.42929E+06  2.00000E-03 -7.92745E+00
  2.17807E+01  2.16541E-28  1.42953E+06  2.00000E-03 -7.77998E+00
  2.18275E+01  2.16541E-28  1.42953E+06  2.00000E-03 -7.77998E+00
  2.18743E+01  2.16541E-28  1.42953E+06  2.00000E-03 -7.77998E+00
  2.19211E+01  2.16541E-28  1.42953E+06  2.00000E-03 -7.77998E+00
  2.19679E+01  2.16541E-28  1.42953E+06  2.00000E-03 -7.77998E+00
  2.20147E+01  2.16541E-28  1.42953E+06  2.00000E-03 -7.77998E+00
  2.20615E+01  2.16541E-28  1.42953E+06  2.00000E-03 -7.77998E+00
  2.21082E+01  2.16541E-28  1.42953E+06  2.00000E-03 -7.77998E+00
  2.21550E+01  2.16541E-28  1.42953E+06  2.00000E-03 -7.77998E+00
  2.22018E+01  2.16541E-28  1.42953E+06  2.00000E-03 -7.77998E+00
  2.22486E+01  2.16541E-28  1.42953E+06  2.00000E-03 -7.77998E+00
  2.22954E+01  2.16541E-28  1.42953E+06  2.00000E-03 -7.77998E+00
  2.23422E+01  2.16541E-28  1.42953E+06  2.00000E-03 -7.77998E+00
  2.23890E+01  2.16541E-28  1.42953E+06  2.00000E-03 -7.77998E+00
  2.24358E+01  2.16541E-28  1.42953E+06  2.00000E-03 -7.77998E+00
  2.24826E+01  2.16727E-28  1.43034E+06  2.00000E-03 -7.55781E+00
  2.25294E+01  2.16913E-28  1.43115E+06  2.00000E-03 -7.33603E+00
  2.25761E+01  2.16913E-28  1.43115E+06  2.00000E-03 -7.33603E+00
  2.26229E+01  2.16913E-28  1.43115E+06  2.00000E-03 -7.33603E+00
  2.26697E+01  2.16913E-28  1.43115E+06  2.00000E-03 -7.33603E+00
  2.27165E+01  2.16913E-28  1.43115E+06  2.00000E-03 -7.33603E+00
  2.27633E+01  2.16913E-28  1.43115E+06  2.00000E-03 -7.33603E+00
  2.28101E+01  2.16913E-28  1.43115E+06  2.00000E-03 -7.33603E+00
  2.28569E+01  2.16913E-28  1.43115E+06  2.00000E-03 -7.33603E+00
  2.29037E+01  2.16913E-28  1.43115E+06  2.00000E-03 -7.33603E+00
  2.29505E+01  2.16913E-28  1.43115E+06  2.00000E-03 -7.33603E+00
  2.29972E+01  2.16913E-28  1.43115E+06  2.00000E-03 -7.33603E+00
  2.30440E+01  2.16913E-28  1.43115E+06  2.00000E-03 -7.33603E+00
  2.30908E+01  2.16913E-28  1.43115E+06  2.00000E-03 -7.33603E+00
  2.31376E+01  2.16913E-28  1.43115E+06  2.00000E-03 -7.33603E+00
  2.31844E+01  2.16913E-28  1.43115E+06  2.00000E-03 -7.33603E+00
  2.32312E+01  2.17169E-28  1.43228E+06  2.00000E-03 -7.07659E+00
  2.32780E+01  2.17426E-28  1.43340E+06  2.00000E-03 -6.81777E+00
  2.33248E+01  2.17426E-28  1.43340E+06  2.00000E-03 -6.81777E+00
  2.33716E+01  2.17426E-28  1.43340E+06  2.00000E-03 -6.81777E+00
  2.34184E+01  2.17426E-28  1.43340E+06  2.00000E-03 -6.81777E+00
  2.34651E+01  2.17426E-28  1.43340E+06  2.00000E-03 -6.81777E+00
  2.35119E+01  2.17426E-28  1.43340E+06  2.00000E-03 -6.81777E+00
  2.35587E+01  2.17426E-28  1.43340E+06  2.00000E-03 -6.81777E+00
  2.36055E+01  2.17426E-28  1.43340E+06  2.00000E-03 -6.81777E+00
  2.36523E+01  2.17426E-28  1.43340E+06  2.00000E-03 -6.81777E+00
  2.36991E+01  2.17426E-28  1.43340E+06  2.00000E-03 -6.81777E+00
  2.37459E+01  2.17426E-28  1.43340E+06  2.00000E-03 -6.81777E+00
  2.37927E+01  2.17426E-28  1.43340E+06  2.00000E-03 -6.81777E+00
  2.38395E+01  2.17426E-28  1.43340E+06  2.00000E-03 -6.81777E+00
  2.38863E+01  2.17426E-28  1.43340E+06  2.00000E-03 -6.81777E+00
  2.39330E+01  2.17426E-28  1.43340E+06  2.00000E-03 -6.81777E+00
  2.39798E+01  2.17672E-28  1.43448E+06  2.00000E-03 -6.57477E+00
