 -4.41120E+01  2.16530E-28  1.42936E+06  2.00000E-03  1.25859E+00
 -4.40184E+01  2.16562E-28  1.42950E+06  2.00000E-03  1.23839E+00
 -4.39248E+01  2.16562E-28  1.42950E+06  2.00000E-03  1.23839E+00
 -4.38312E+01  2.17173E-28  1.43219E+06  2.00000E-03  7.37012E-01
 -4.37376E+01  2.17621E-28  1.43415E+06  2.00000E-03  3.71015E-01
 -4.36441E+01  2.17621E-28  1.43415E+06  2.00000E-03  3.71015E-01
 -4.35505E+01  2.17621E-28  1.43415E+06  2.00000E-03  3.71015E-01
 -4.34569E+01  2.17621E-28  1.43415E+06  2.00000E-03  3.71015E-01
 -4.33633E+01  2.17621E-28  1.43415E+06  2.00000E-03  3.71015E-01
 -4.32697E+01  2.17621E-28  1.43415E+06  2.00000E-03  3.71015E-01
 -4.31762E+01  2.17621E-28  1.43415E+06  2.00000E-03  3.71015E-01
 -4.30826E+01  2.17621E-28  1.43415E+06  2.00000E-03  3.71015E-01
 -4.29890E+01  2.17735E-28  1.43466E+06  2.00000E-03  2.70515E-01
 -4.28954E+01  2.18539E-28  1.43819E+06  2.00000E-03 -3.72746E-01
 -4.28018E+01  2.18977E-28  1.44011E+06  2.00000E-03 -7.00949E-01
 -4.27083E+01  2.19419E-28  1.44205E+06  2.00000E-03 -1.01669E+00
 -4.26147E+01  2.19405E-28  1.44199E+06  2.00000E-03 -1.00768E+00
 -4.25211E+01  2.19391E-28  1.44193E+06  2.00000E-03 -9.99448E-01
 -4.24275E+01  2.19402E-28  1.44198E+06  2.00000E-03 -1.00620E+00
 -4.23339E+01  2.19369E-28  1.44183E+06  2.00000E-03 -9.85909E-01
 -4.22404E+01  2.19369E-28  1.44183E+06  2.00000E-03 -9.85909E-01
 -4.21468E+01  2.19369E-28  1.44183E+06  2.00000E-03 -9.85909E-01
 -4.20532E+01  2.19398E-28  1.44196E+06  2.00000E-03 -1.00545E+00
 -4.19596E+01  2.19462E-28  1.44223E+06  2.00000E-03 -1.04900E+00
 -4.18660E+01  2.19462E-28  1.44223E+06  2.00000E-03 -1.04900E+00
 -4.17725E+01  2.19462E-28  1.44223E+06  2.00000E-03 -1.04900E+00
 -4.16789E+01  2.19462E-28  1.44223E+06  2.00000E-03 -1.04900E+00
 -4.15853E+01  2.19462E-28  1.44223E+06  2.00000E-03 -1.04900E+00
 -4.14917E+01  2.19505E-28  1.44242E+06  2.00000E-03 -1.07126E+00
 -4.13981E+01  2.19569E-28  1.44271E+06  2.00000E-03 -1.10493E+00
 -4.13046E+01  2.19615E-28  1.44292E+06  2.00000E-03 -1.12874E+00
 -4.12110E+01  2.19615E-28  1.44292E+06  2.00000E-03 -1.12874E+00
 -4.11174E+01  2.19164E-28  1.44094E+06  2.00000E-03 -7.54091E-01
 -4.10238E+01  2.18750E-28  1.43912E+06  2.00000E-03 -4.09496E-01
 -4.09302E+01  2.18750E-28  1.43912E+06  2.00000E-03 -4.09496E-01
 -4.08367E+01  2.18750E-28  1.43912E+06  2.00000E-03 -4.09496E-01
 -4.07431E+01  2.18750E-28  1.43912E+06  2.00000E-03 -4.09496E-01
 -4.06495E+01  2.18750E-28  1.43912E+06  2.00000E-03 -4.09496E-01
 -4.05559E+01  2.18750E-28  1.43912E+06  2.00000E-03 -4.09496E-01
 -4.04623E+01  2.18750E-28  1.43912E+06  2.00000E-03 -4.09496E-01
 -4.03688E+01  2.18750E-28  1.43912E+06  2.00000E-03 -4.09496E-01
 -4.02752E+01  2.18586E-28  1.43840E+06  2.00000E-03 -2.74305E-01
 -4.01816E+01  2.18021E-28  1.43592E+06  2.00000E-03  1.92600E-01
 -4.00880E+01  2.17629E-28  1.43420E+06  2.00000E-03  4.95904E-01
 -3.99944E+01  2.17114E-28  1.43194E+06  2.00000E-03  8.68811E-01
 -3.99009E+01  2.17079E-28  1.43178E+06  2.00000E-03  8.94504E-01
 -3.98073E+01  2.17079E-28  1.43178E+06  2.00000E-03  8.94504E-01
 -3.97137E+01  2.17079E-28  1.43178E+06  2.00000E-03  8.94504E-01
 -3.96201E+01  2.17079E-28  1.43178E+06  2.00000E-03  8.94504E-01
 -3.95265E+01  2.17079E-28  1.43178E+06  2.00000E-03  8.94504E-01
 -3.94330E+01  2.17079E-28  1.43178E+06  2.00000E-03  8.94504E-01
 -3.93394E+01  2.16870E-28  1.43087E+06  2.00000E-03  1.06835E+00
 -3.92458E+01  2.16513E-28  1.42930E+06  2.00000E-03  1.36550E+00
 -3.91522E+01  2.16513E-28  1.42930E+06  2.00000E-03  1.36550E+00
 -3.90586E+01  2.16513E-28  1.42930E+06  2.00000E-03  1.36550E+00
 -3.89651E+01  2.16513E-28  1.42930E+06  2.00000E-03  1.36550E+00
 -3.88715E+01  2.16513E-28  1.42930E+06  2.00000E-03  1.36550E+00
 -3.87779E+01  2.16513E-28  1.42930E+06  2.00000E-03  1.36550E+00
 -3.86843E+01  2.16149E-28  1.42770E+06  2.00000E-03  1.57947E+00
 -3.85907E+01  2.15919E-28  1.42669E+06  2.00000E-03  1.71504E+00
 -3.84972E+01  2.15807E-28  1.42620E+06  2.00000E-03  1.78081E+00
 -3.84036E+01  2.15770E-28  1.42603E+06  2.00000E-03  1.82918E+00
 -3.83100E+01  2.15748E-28  1.42594E+06  2.00000E-03  1.85759E+00
 -3.82164E+01  2.15748E-28  1.42594E+06  2.00000E-03  1.85759E+00
 -3.81228E+01  2.15748E-28  1.42594E+06  2.00000E-03  1.85759E+00
 -3.80293E+01  2.15748E-28  1.42594E+06  2.00000E-03  1.85759E+00
 -3.79357E+01  2.15774E-28  1.42605E+06  2.00000E-03  1.84247E+00
 -3.78421E+01  2.15807E-28  1.42620E+06  2.00000E-03  1.82367E+00
 -3.77485E+01  2.15838E-28  1.42633E+06  2.00000E-03  1.80598E+00
 -3.76549E+01  2.15828E-28  1.42629E+06  2.00000E-03  1.81153E+00
 -3.75614E+01  2.15856E-28  1.42641E+06  2.00000E-03  1.79571E+00
 -3.74678E+01  2.15951E-28  1.42683E+06  2.00000E-03  1.74439E+00
 -3.73742E+01  2.15938E-28  1.42677E+06  2.00000E-03  1.74345E+00
 -3.72806E+01  2.15879E-28  1.42652E+06  2.00000E-03  1.73644E+00
 -3.71870E+01  2.15799E-28  1.42617E+06  2.00000E-03  1.73562E+00
 -3.70935E+01  2.15795E-28  1.42616E+06  2.00000E-03  1.73561E+00
 -3.69999E+01  2.15795E-28  1.42616E+06  2.00000E-03  1.73561E+00
 -3.69063E+01  2.15795E-28  1.42616E+06  2.00000E-03  1.73561E+00
 -3.68127E+01  2.15795E-28  1.42616E+06  2.00000E-03  1.73561E+00
 -3.67191E+01  2.15795E-28  1.42616E+06  2.00000E-03  1.73561E+00
 -3.66256E+01  2.16025E-28  1.42717E+06  2.00000E-03  1.58219E+00
 -3.65320E+01  2.16550E-28  1.42948E+06  2.00000E-03  1.23234E+00
 -3.64384E+01  2.16566E-28  1.42955E+06  2.00000E-03  1.22182E+00
 -3.63448E+01  2.16566E-28  1.42955E+06  2.00000E-03  1.22182E+00
 -3.62512E+01  2.16566E-28  1.42955E+06  2.00000E-03  1.22182E+00
 -3.61577E+01  2.16566E-28  1.42955E+06  2.00000E-03  1.22182E+00
 -3.60641E+01  2.16566E-28  1.42955E+06  2.00000E-03  1.22182E+00
 -3.59705E+01  2.16659E-28  1.42997E+06  2.00000E-03  1.12786E+00
 -3.58769E+01  2.16855E-28  1.43086E+06  2.00000E-03  9.31858E-01
 -3.57833E+01  2.16986E-28  1.43145E+06  2.00000E-03  8.10178E-01
 -3.56898E+01  2.17325E-28  1.43294E+06  2.00000E-03  5.60157E-01
 -3.55962E+01  2.17582E-28  1.43406E+06  2.00000E-03  3.70594E-01
 -3.55026E+01  2.17582E-28  1.43406E+06  2.00000E-03  3.70594E-01
 -3.54090E+01  2.17582E-28  1.43406E+06  2.00000E-03  3.70594E-01
 -3.53154E+01  2.17582E-28  1.43406E+06  2.00000E-03  3.70594E-01
 -3.52219E+01  2.17582E-28  1.43406E+06  2.00000E-03  3.70594E-01
 -3.51283E+01  2.17582E-28  1.43406E+06  2.00000E-03  3.70594E-01
 -3.50347E+01  2.17582E-28  1.43406E+06  2.00000E-03  3.70594E-01
 -3.49411E+01  2.17582E-28  1.43406E+06  2.00000E-03  3.70594E-01
 -3.48475E+01  2.17589E-28  1.43410E+06  2.00000E-03  3.64801E-01
 -3.47540E+01  2.17712E-28  1.43463E+06  2.00000E-03  2.67073E-01
 -3.46604E+01  2.17718E-28  1.43466E+06  2.00000E-03  2.62444E-01
 -3.45668E+01  2.17703E-28  1.43458E+06  2.00000E-03  2.79519E-01
 -3.44732E+01  2.17681E-28  1.43446E+06  2.00000E-03  3.04588E-01
 -3.43796E+01  2.17626E-28  1.43420E+06  2.00000E-03  3.52917E-01
 -3.42861E+01  2.17528E-28  1.43377E+06  2.00000E-03  4.35998E-01
 -3.41925E+01  2.17513E-28  1.43370E+06  2.00000E-03  4.48848E-01
 -3.40989E+01  2.17513E-28  1.43370E+06  2.00000E-03  4.48848E-01
 -3.40053E+01  2.17513E-28  1.43370E+06  2.00000E-03  4.48848E-01
 -3.39117E+01  2.17439E-28  1.43338E+06  2.00000E-03  5.10131E-01
 -3.38182E+01  2.17236E-28  1.43248E+06  2.00000E-03  6.99384E-01
 -3.37246E+01  2.17192E-28  1.43228E+06  2.00000E-03  7.46663E-01
 -3.36310E+01  2.17192E-28  1.43228E+06  2.00000E-03  7.46663E-01
 -3.35374E+01  2.17192E-28  1.43228E+06  2.00000E-03  7.46663E-01
 -3.34438E+01  2.17196E-28  1.43230E+06  2.00000E-03  7.66012E-01
 -3.33503E+01  2.17198E-28  1.43230E+06  2.00000E-03  7.76007E-01
 -3.32567E+01  2.17198E-28  1.43230E+06  2.00000E-03  7.76007E-01
 -3.31631E+01  2.17207E-28  1.43235E+06  2.00000E-03  7.58953E-01
 -3.30695E+01  2.17223E-28  1.43242E+06  2.00000E-03  7.36025E-01
 -3.29759E+01  2.17419E-28  1.43328E+06  2.00000E-03  6.22561E-01
 -3.28824E+01  2.17502E-28  1.43365E+06  2.00000E-03  5.76879E-01
 -3.27888E+01  2.17501E-28  1.43364E+06  2.00000E-03  5.77313E-01
 -3.26952E+01  2.17486E-28  1.43358E+06  2.00000E-03  5.89749E-01
 -3.26016E+01  2.17483E-28  1.43356E+06  2.00000E-03  5.92804E-01
 -3.25080E+01  2.17834E-28  1.43511E+06  2.00000E-03  3.45251E-01
 -3.24145E+01  2.17941E-28  1.43558E+06  2.00000E-03  2.42879E-01
 -3.23209E+01  2.18017E-28  1.43591E+06  2.00000E-03  1.42441E-01
 -3.22273E+01  2.18009E-28  1.43588E+06  2.00000E-03  1.44522E-01
 -3.21337E+01  2.18099E-28  1.43628E+06  2.00000E-03  9.61841E-02
 -3.20401E+01  2.18396E-28  1.43758E+06  2.00000E-03 -8.20273E-02
 -3.19466E+01  2.18431E-28  1.43773E+06  2.00000E-03 -1.04037E-01
 -3.18530E+01  2.18415E-28  1.43766E+06  2.00000E-03 -1.02963E-01
 -3.17594E+01  2.18309E-28  1.43720E+06  2.00000E-03 -9.60291E-02
 -3.16658E+01  2.18267E-28  1.43701E+06  2.00000E-03 -1.22516E-01
 -3.15723E+01  2.18369E-28  1.43746E+06  2.00000E-03 -2.04203E-01
 -3.14787E+01  2.18387E-28  1.43754E+06  2.00000E-03 -2.16168E-01
 -3.13851E+01  2.18387E-28  1.43754E+06  2.00000E-03 -2.16168E-01
 -3.12915E+01  2.18387E-28  1.43754E+06  2.00000E-03 -2.16168E-01
 -3.11979E+01  2.18413E-28  1.43765E+06  2.00000E-03 -2.26937E-01
 -3.11044E+01  2.18255E-28  1.43696E+06  2.00000E-03 -1.57478E-01
 -3.10108E+01  2.18077E-28  1.43618E+06  2.00000E-03 -7.99565E-02
 -3.09172E+01  2.17921E-28  1.43549E+06  2.00000E-03 -1.14922E-02
 -3.08236E+01  2.17921E-28  1.43549E+06  2.00000E-03 -1.14922E-02
 -3.07300E+01  2.17794E-28  1.43494E+06  2.00000E-03  1.01095E-01
 -3.06365E+01  2.17654E-28  1.43432E+06  2.00000E-03  2.25435E-01
 -3.05429E+01  2.17654E-28  1.43432E+06  2.00000E-03  2.25435E-01
 -3.04493E+01  2.17536E-28  1.43381E+06  2.00000E-03  2.96209E-01
 -3.03557E+01  2.17219E-28  1.43241E+06  2.00000E-03  4.87374E-01
 -3.02621E+01  2.16293E-28  1.42834E+06  2.00000E-03  1.16442E+00
 -3.01686E+01  2.16159E-28  1.42775E+06  2.00000E-03  1.28130E+00
 -3.00750E+01  2.16254E-28  1.42817E+06  2.00000E-03  1.22279E+00
 -2.99814E+01  2.16303E-28  1.42839E+06  2.00000E-03  1.19302E+00
 -2.98878E+01  2.16274E-28  1.42826E+06  2.00000E-03  1.22154E+00
 -2.97942E+01  2.15752E-28  1.42597E+06  2.00000E-03  1.63408E+00
 -2.97007E+01  2.15298E-28  1.42397E+06  2.00000E-03  1.95719E+00
 -2.96071E+01  2.14977E-28  1.42255E+06  2.00000E-03  2.17353E+00
 -2.95135E+01  2.15019E-28  1.42274E+06  2.00000E-03  2.14781E+00
 -2.94199E+01  2.14951E-28  1.42244E+06  2.00000E-03  2.19591E+00
 -2.93263E+01  2.14625E-28  1.42101E+06  2.00000E-03  2.42793E+00
 -2.92328E+01  2.14572E-28  1.42077E+06  2.00000E-03  2.46560E+00
 -2.91392E+01  2.14572E-28  1.42077E+06  2.00000E-03  2.46560E+00
 -2.90456E+01  2.14500E-28  1.42046E+06  2.00000E-03  2.53383E+00
 -2.89520E+01  2.14405E-28  1.42004E+06  2.00000E-03  2.63187E+00
 -2.88584E+01  2.14358E-28  1.41984E+06  2.00000E-03  2.73496E+00
 -2.87649E+01  2.14358E-28  1.41984E+06  2.00000E-03  2.73496E+00
 -2.86713E+01  2.14358E-28  1.41984E+06  2.00000E-03  2.73496E+00
 -2.85777E+01  2.14358E-28  1.41984E+06  2.00000E-03  2.73496E+00
 -2.84841E+01  2.14460E-28  1.42029E+06  2.00000E-03  2.68602E+00
 -2.83905E+01  2.14700E-28  1.42135E+06  2.00000E-03  2.55851E+00
 -2.82970E+01  2.14836E-28  1.42196E+06  2.00000E-03  2.47752E+00
 -2.82034E+01  2.15088E-28  1.42307E+06  2.00000E-03  2.32750E+00
 -2.81098E+01  2.15185E-28  1.42350E+06  2.00000E-03  2.26994E+00
 -2.80162E+01  2.15685E-28  1.42571E+06  2.00000E-03  1.90501E+00
 -2.79226E+01  2.15973E-28  1.42698E+06  2.00000E-03  1.69591E+00
 -2.78291E+01  2.15973E-28  1.42698E+06  2.00000E-03  1.69591E+00
 -2.77355E+01  2.15973E-28  1.42698E+06  2.00000E-03  1.69591E+00
 -2.76419E+01  2.16315E-28  1.42849E+06  2.00000E-03  1.45610E+00
 -2.75483E+01  2.16956E-28  1.43132E+06  2.00000E-03  1.00448E+00
 -2.74547E+01  2.17193E-28  1.43237E+06  2.00000E-03  8.36313E-01
 -2.73612E+01  2.17200E-28  1.43240E+06  2.00000E-03  8.47583E-01
 -2.72676E+01  2.17201E-28  1.43240E+06  2.00000E-03  8.49639E-01
 -2.71740E+01  2.17204E-28  1.43242E+06  2.00000E-03  8.60850E-01
 -2.70804E+01  2.17085E-28  1.43189E+06  2.00000E-03  9.32579E-01
 -2.69868E+01  2.17083E-28  1.43188E+06  2.00000E-03  9.31297E-01
 -2.68933E+01  2.16998E-28  1.43152E+06  2.00000E-03  9.64821E-01
 -2.67997E+01  2.16842E-28  1.43085E+06  2.00000E-03  1.02787E+00
 -2.67061E+01  2.16749E-28  1.43044E+06  2.00000E-03  1.09695E+00
 -2.66125E+01  2.15776E-28  1.42616E+06  2.00000E-03  1.83765E+00
 -2.65189E+01  2.15738E-28  1.42599E+06  2.00000E-03  1.86708E+00
 -2.64254E+01  2.15738E-28  1.42599E+06  2.00000E-03  1.86708E+00
 -2.63318E+01  2.15738E-28  1.42599E+06  2.00000E-03  1.86708E+00
 -2.62382E+01  2.15082E-28  1.42314E+06  2.00000E-03  2.30936E+00
 -2.61446E+01  2.14196E-28  1.41927E+06  2.00000E-03  2.94184E+00
 -2.60510E+01  2.14116E-28  1.41893E+06  2.00000E-03  2.98943E+00
 -2.59575E+01  2.14116E-28  1.41893E+06  2.00000E-03  2.98943E+00
 -2.58639E+01  2.14116E-28  1.41893E+06  2.00000E-03  2.98943E+00
 -2.57703E+01  2.14187E-28  1.41924E+06  2.00000E-03  2.96290E+00
 -2.56767E+01  2.14396E-28  1.42014E+06  2.00000E-03  2.88515E+00
 -2.55831E+01  2.14389E-28  1.42009E+06  2.00000E-03  2.88223E+00
 -2.54896E+01  2.14694E-28  1.42141E+06  2.00000E-03  2.66661E+00
 -2.53960E+01  2.15028E-28  1.42284E+06  2.00000E-03  2.43006E+00
 -2.53024E+01  2.15463E-28  1.42476E+06  2.00000E-03  2.13237E+00
 -2.52088E+01  2.16437E-28  1.42903E+06  2.00000E-03  1.45271E+00
 -2.51152E+01  2.16856E-28  1.43085E+06  2.00000E-03  1.15499E+00
 -2.50217E+01  2.17252E-28  1.43257E+06  2.00000E-03  8.77854E-01
 -2.49281E+01  2.17225E-28  1.43245E+06  2.00000E-03  8.90644E-01
 -2.48345E+01  2.17262E-28  1.43261E+06  2.00000E-03  8.61668E-01
 -2.47409E+01  2.17309E-28  1.43281E+06  2.00000E-03  8.37894E-01
 -2.46473E+01  2.17218E-28  1.43240E+06  2.00000E-03  8.99404E-01
 -2.45538E+01  2.17012E-28  1.43150E+06  2.00000E-03  1.04011E+00
 -2.44602E+01  2.16926E-28  1.43112E+06  2.00000E-03  1.10336E+00
 -2.43666E+01  2.16804E-28  1.43058E+06  2.00000E-03  1.13549E+00
 -2.42730E+01  2.16794E-28  1.43054E+06  2.00000E-03  1.13933E+00
 -2.41794E+01  2.16869E-28  1.43088E+06  2.00000E-03  1.03857E+00
 -2.40859E+01  2.17025E-28  1.43157E+06  2.00000E-03  8.89729E-01
 -2.39923E+01  2.17135E-28  1.43205E+06  2.00000E-03  7.91811E-01
 -2.38987E+01  2.17585E-28  1.43403E+06  2.00000E-03  3.86472E-01
 -2.38051E+01  2.17730E-28  1.43467E+06  2.00000E-03  2.70281E-01
 -2.37115E+01  2.18246E-28  1.43694E+06  2.00000E-03 -2.05026E-01
 -2.36180E+01  2.18362E-28  1.43745E+06  2.00000E-03 -3.15200E-01
 -2.35244E+01  2.18491E-28  1.43802E+06  2.00000E-03 -4.35946E-01
 -2.34308E+01  2.18644E-28  1.43869E+06  2.00000E-03 -6.16619E-01
 -2.33372E+01  2.18608E-28  1.43853E+06  2.00000E-03 -5.95914E-01
 -2.32436E+01  2.18542E-28  1.43824E+06  2.00000E-03 -6.10676E-01
 -2.31501E+01  2.18372E-28  1.43750E+06  2.00000E-03 -4.98658E-01
 -2.30565E+01  2.18101E-28  1.43631E+06  2.00000E-03 -2.98250E-01
 -2.29629E+01  2.17814E-28  1.43505E+06  2.00000E-03 -1.32360E-01
 -2.28693E+01  2.17766E-28  1.43484E+06  2.00000E-03 -9.98766E-02
 -2.27757E+01  2.17217E-28  1.43242E+06  2.00000E-03  3.07583E-01
 -2.26822E+01  2.16977E-28  1.43137E+06  2.00000E-03  5.12617E-01
 -2.25886E+01  2.16770E-28  1.43046E+06  2.00000E-03  6.60041E-01
 -2.24950E+01  2.16567E-28  1.42957E+06  2.00000E-03  8.16866E-01
 -2.24014E+01  2.16467E-28  1.42913E+06  2.00000E-03  9.10460E-01
 -2.23078E+01  2.16329E-28  1.42852E+06  2.00000E-03  1.02630E+00
 -2.22143E+01  2.16319E-28  1.42848E+06  2.00000E-03  1.03480E+00
 -2.21207E+01  2.16238E-28  1.42813E+06  2.00000E-03  1.13022E+00
 -2.20271E+01  2.16255E-28  1.42820E+06  2.00000E-03  1.11941E+00
 -2.19335E+01  2.16283E-28  1.42833E+06  2.00000E-03  1.12760E+00
 -2.18399E+01  2.16268E-28  1.42826E+06  2.00000E-03  1.19481E+00
 -2.17464E+01  2.16281E-28  1.42833E+06  2.00000E-03  1.17870E+00
 -2.16528E+01  2.16200E-28  1.42797E+06  2.00000E-03  1.26675E+00
 -2.15592E+01  2.16169E-28  1.42783E+06  2.00000E-03  1.29357E+00
 -2.14656E+01  2.15988E-28  1.42704E+06  2.00000E-03  1.46728E+00
 -2.13720E+01  2.15692E-28  1.42574E+06  2.00000E-03  1.65112E+00
 -2.12785E+01  2.15535E-28  1.42505E+06  2.00000E-03  1.73903E+00
 -2.11849E+01  2.15241E-28  1.42375E+06  2.00000E-03  2.03942E+00
 -2.10913E+01  2.15073E-28  1.42302E+06  2.00000E-03  2.16290E+00
 -2.09977E+01  2.14473E-28  1.42038E+06  2.00000E-03  2.57202E+00
 -2.09041E+01  2.14097E-28  1.41871E+06  2.00000E-03  2.84878E+00
 -2.08106E+01  2.14011E-28  1.41833E+06  2.00000E-03  2.93972E+00
 -2.07170E+01  2.13363E-28  1.41547E+06  2.00000E-03  3.39848E+00
 -2.06234E+01  2.13213E-28  1.41481E+06  2.00000E-03  3.46979E+00
 -2.05298E+01  2.13068E-28  1.41416E+06  2.00000E-03  3.63825E+00
 -2.04362E+01  2.12953E-28  1.41365E+06  2.00000E-03  3.73088E+00
 -2.03427E+01  2.12738E-28  1.41270E+06  2.00000E-03  3.87280E+00
 -2.02491E+01  2.12605E-28  1.41211E+06  2.00000E-03  3.99358E+00
 -2.01555E+01  2.12582E-28  1.41201E+06  2.00000E-03  4.00563E+00
 -2.00619E+01  2.12605E-28  1.41211E+06  2.00000E-03  4.05090E+00
 -1.99683E+01  2.12670E-28  1.41240E+06  2.00000E-03  4.00673E+00
 -1.98748E+01  2.12915E-28  1.41349E+06  2.00000E-03  3.86691E+00
 -1.97812E+01  2.13086E-28  1.41424E+06  2.00000E-03  3.77757E+00
 -1.96876E+01  2.13382E-28  1.41556E+06  2.00000E-03  3.56251E+00
 -1.95940E+01  2.13938E-28  1.41802E+06  2.00000E-03  3.17050E+00
 -1.95005E+01  2.14192E-28  1.41915E+06  2.00000E-03  2.99046E+00
 -1.94069E+01  2.14753E-28  1.42163E+06  2.00000E-03  2.55023E+00
 -1.93133E+01  2.14994E-28  1.42270E+06  2.00000E-03  2.35830E+00
 -1.92197E+01  2.15266E-28  1.42390E+06  2.00000E-03  2.13959E+00
 -1.91261E+01  2.15564E-28  1.42522E+06  2.00000E-03  1.88644E+00
 -1.90326E+01  2.15529E-28  1.42507E+06  2.00000E-03  1.90105E+00
 -1.89390E+01  2.15476E-28  1.42485E+06  2.00000E-03  1.91500E+00
 -1.88454E+01  2.15361E-28  1.42435E+06  2.00000E-03  2.00685E+00
 -1.87518E+01  2.15325E-28  1.42419E+06  2.00000E-03  2.03227E+00
 -1.86582E+01  2.15256E-28  1.42390E+06  2.00000E-03  2.09873E+00
 -1.85647E+01  2.15140E-28  1.42341E+06  2.00000E-03  2.15717E+00
 -1.84711E+01  2.15538E-28  1.42518E+06  2.00000E-03  1.89176E+00
 -1.83775E+01  2.15684E-28  1.42583E+06  2.00000E-03  1.79891E+00
 -1.82839E+01  2.16396E-28  1.42899E+06  2.00000E-03  1.29559E+00
 -1.81903E+01  2.17247E-28  1.43275E+06  2.00000E-03  6.98536E-01
 -1.80968E+01  2.17494E-28  1.43384E+06  2.00000E-03  5.04176E-01
 -1.80032E+01  2.18305E-28  1.43741E+06  2.00000E-03 -9.16114E-02
 -1.79096E+01  2.18594E-28  1.43871E+06  2.00000E-03 -3.18652E-01
 -1.78160E+01  2.19039E-28  1.44066E+06  2.00000E-03 -6.53860E-01
 -1.77224E+01  2.19093E-28  1.44089E+06  2.00000E-03 -6.93319E-01
 -1.76289E+01  2.19034E-28  1.44065E+06  2.00000E-03 -6.68999E-01
 -1.75353E+01  2.18849E-28  1.43985E+06  2.00000E-03 -5.57147E-01
 -1.74417E+01  2.18796E-28  1.43962E+06  2.00000E-03 -5.24220E-01
 -1.73481E+01  2.18826E-28  1.43979E+06  2.00000E-03 -5.27815E-01
 -1.72545E+01  2.18806E-28  1.43978E+06  2.00000E-03 -5.40752E-01
 -1.71610E+01  2.19054E-28  1.44101E+06  2.00000E-03 -7.49839E-01
 -1.70674E+01  2.19327E-28  1.44221E+06  2.00000E-03 -9.26528E-01
 -1.69738E+01  2.19530E-28  1.44310E+06  2.00000E-03 -1.06807E+00
 -1.68802E+01  2.20080E-28  1.44546E+06  2.00000E-03 -1.45936E+00
 -1.67866E+01  2.20255E-28  1.44618E+06  2.00000E-03 -1.61917E+00
 -1.66931E+01  2.20232E-28  1.44602E+06  2.00000E-03 -1.61296E+00
 -1.65995E+01  2.20021E-28  1.44500E+06  2.00000E-03 -1.46920E+00
 -1.65059E+01  2.19697E-28  1.44352E+06  2.00000E-03 -1.25232E+00
 -1.64123E+01  2.19089E-28  1.44079E+06  2.00000E-03 -8.36439E-01
 -1.63187E+01  2.18678E-28  1.43896E+06  2.00000E-03 -5.71581E-01
 -1.62252E+01  2.18016E-28  1.43601E+06  2.00000E-03 -1.29104E-01
 -1.61316E+01  2.17611E-28  1.43421E+06  2.00000E-03  1.23346E-01
 -1.60380E+01  2.17196E-28  1.43237E+06  2.00000E-03  3.78122E-01
 -1.59444E+01  2.16832E-28  1.43077E+06  2.00000E-03  5.76003E-01
 -1.58508E+01  2.16403E-28  1.42888E+06  2.00000E-03  8.43882E-01
 -1.57573E+01  2.16015E-28  1.42717E+06  2.00000E-03  1.08624E+00
 -1.56637E+01  2.15725E-28  1.42589E+06  2.00000E-03  1.26183E+00
 -1.55701E+01  2.15315E-28  1.42408E+06  2.00000E-03  1.52666E+00
 -1.54765E+01  2.14985E-28  1.42262E+06  2.00000E-03  1.73892E+00
 -1.53829E+01  2.14829E-28  1.42192E+06  2.00000E-03  1.87236E+00
 -1.52894E+01  2.14509E-28  1.42050E+06  2.00000E-03  2.11529E+00
 -1.51958E+01  2.14098E-28  1.41868E+06  2.00000E-03  2.44790E+00
 -1.51022E+01  2.13888E-28  1.41776E+06  2.00000E-03  2.64208E+00
 -1.50086E+01  2.13773E-28  1.41725E+06  2.00000E-03  2.81883E+00
 -1.49150E+01  2.13801E-28  1.41737E+06  2.00000E-03  2.88359E+00
 -1.48215E+01  2.13822E-28  1.41746E+06  2.00000E-03  2.88540E+00
 -1.47279E+01  2.14066E-28  1.41854E+06  2.00000E-03  2.72007E+00
 -1.46343E+01  2.14496E-28  1.42044E+06  2.00000E-03  2.43583E+00
 -1.45407E+01  2.15336E-28  1.42414E+06  2.00000E-03  1.84576E+00
 -1.44471E+01  2.15905E-28  1.42665E+06  2.00000E-03  1.40479E+00
 -1.43536E+01  2.16425E-28  1.42895E+06  2.00000E-03  9.80832E-01
 -1.42600E+01  2.16593E-28  1.42968E+06  2.00000E-03  8.03196E-01
 -1.41664E+01  2.16607E-28  1.42975E+06  2.00000E-03  6.99799E-01
 -1.40728E+01  2.16375E-28  1.42873E+06  2.00000E-03  7.71672E-01
 -1.39792E+01  2.15879E-28  1.42655E+06  2.00000E-03  1.05098E+00
 -1.38857E+01  2.15175E-28  1.42345E+06  2.00000E-03  1.47387E+00
 -1.37921E+01  2.14390E-28  1.41999E+06  2.00000E-03  1.96308E+00
 -1.36985E+01  2.13861E-28  1.41765E+06  2.00000E-03  2.29505E+00
 -1.36049E+01  2.13323E-28  1.41527E+06  2.00000E-03  2.60761E+00
 -1.35113E+01  2.13245E-28  1.41493E+06  2.00000E-03  2.61796E+00
 -1.34178E+01  2.13373E-28  1.41550E+06  2.00000E-03  2.45318E+00
 -1.33242E+01  2.13895E-28  1.41781E+06  2.00000E-03  2.04631E+00
 -1.32306E+01  2.14494E-28  1.42046E+06  2.00000E-03  1.58679E+00
 -1.31370E+01  2.15597E-28  1.42533E+06  2.00000E-03  8.12896E-01
 -1.30434E+01  2.16138E-28  1.42771E+06  2.00000E-03  4.51864E-01
 -1.29499E+01  2.16612E-28  1.42980E+06  2.00000E-03  1.29924E-01
 -1.28563E+01  2.16622E-28  1.42984E+06  2.00000E-03  7.93382E-02
 -1.27627E+01  2.16689E-28  1.43014E+06  2.00000E-03  4.88134E-02
 -1.26691E+01  2.16626E-28  1.42986E+06  2.00000E-03  6.06826E-02
 -1.25755E+01  2.16639E-28  1.42991E+06  2.00000E-03  2.56267E-02
 -1.24820E+01  2.16684E-28  1.43011E+06  2.00000E-03 -4.49159E-02
 -1.23884E+01  2.16825E-28  1.43073E+06  2.00000E-03 -1.79494E-01
 -1.22948E+01  2.16882E-28  1.43098E+06  2.00000E-03 -2.80637E-01
 -1.22012E+01  2.16763E-28  1.43046E+06  2.00000E-03 -3.25394E-01
 -1.21076E+01  2.16674E-28  1.43007E+06  2.00000E-03 -3.45997E-01
 -1.20141E+01  2.16486E-28  1.42924E+06  2.00000E-03 -2.93355E-01
 -1.19205E+01  2.16109E-28  1.42758E+06  2.00000E-03 -1.33772E-01
 -1.18269E+01  2.15857E-28  1.42648E+06  2.00000E-03 -1.90546E-02
 -1.17333E+01  2.15515E-28  1.42497E+06  2.00000E-03  1.59571E-01
 -1.16397E+01  2.15201E-28  1.42359E+06  2.00000E-03  3.38298E-01
 -1.15462E+01  2.14864E-28  1.42210E+06  2.00000E-03  4.81232E-01
 -1.14526E+01  2.14518E-28  1.42058E+06  2.00000E-03  6.26217E-01
 -1.13590E+01  2.14219E-28  1.41926E+06  2.00000E-03  7.94656E-01
 -1.12654E+01  2.13845E-28  1.41761E+06  2.00000E-03  1.03731E+00
 -1.11718E+01  2.13601E-28  1.41653E+06  2.00000E-03  1.19519E+00
 -1.10783E+01  2.13352E-28  1.41542E+06  2.00000E-03  1.37923E+00
 -1.09847E+01  2.13245E-28  1.41495E+06  2.00000E-03  1.46565E+00
 -1.08911E+01  2.13099E-28  1.41430E+06  2.00000E-03  1.51551E+00
 -1.07975E+01  2.13204E-28  1.41477E+06  2.00000E-03  1.52036E+00
 -1.07039E+01  2.13453E-28  1.41588E+06  2.00000E-03  1.42414E+00
 -1.06104E+01  2.13914E-28  1.41792E+06  2.00000E-03  1.24425E+00
 -1.05168E+01  2.14661E-28  1.42122E+06  2.00000E-03  9.40350E-01
 -1.04232E+01  2.15244E-28  1.42380E+06  2.00000E-03  6.95517E-01
 -1.03296E+01  2.15806E-28  1.42628E+06  2.00000E-03  4.52380E-01
 -1.02360E+01  2.16038E-28  1.42730E+06  2.00000E-03  3.29532E-01
 -1.01425E+01  2.16401E-28  1.42891E+06  2.00000E-03  1.56980E-01
 -1.00489E+01  2.16779E-28  1.43057E+06  2.00000E-03 -2.28221E-02
 -9.95531E+00  2.16959E-28  1.43136E+06  2.00000E-03 -1.35071E-01
 -9.86173E+00  2.17008E-28  1.43158E+06  2.00000E-03 -2.00961E-01
 -9.76815E+00  2.16967E-28  1.43140E+06  2.00000E-03 -2.10591E-01
 -9.67457E+00  2.16791E-28  1.43061E+06  2.00000E-03 -2.05352E-01
 -9.58099E+00  2.16682E-28  1.43013E+06  2.00000E-03 -2.33925E-01
 -9.48741E+00  2.16446E-28  1.42908E+06  2.00000E-03 -1.48776E-01
 -9.39383E+00  2.16179E-28  1.42791E+06  2.00000E-03 -3.16680E-02
 -9.30025E+00  2.15765E-28  1.42608E+06  2.00000E-03  1.91995E-01
 -9.20667E+00  2.15404E-28  1.42449E+06  2.00000E-03  4.01663E-01
 -9.11309E+00  2.15018E-28  1.42278E+06  2.00000E-03  6.39022E-01
 -9.01951E+00  2.14793E-28  1.42181E+06  2.00000E-03  8.06139E-01
 -8.92593E+00  2.14502E-28  1.42052E+06  2.00000E-03  1.01941E+00
 -8.83235E+00  2.14200E-28  1.41920E+06  2.00000E-03  1.23418E+00
 -8.73877E+00  2.13970E-28  1.41819E+06  2.00000E-03  1.41199E+00
 -8.64519E+00  2.13643E-28  1.41676E+06  2.00000E-03  1.65870E+00
 -8.55161E+00  2.13410E-28  1.41574E+06  2.00000E-03  1.83424E+00
 -8.45803E+00  2.13067E-28  1.41423E+06  2.00000E-03  2.07821E+00
 -8.36445E+00  2.12833E-28  1.41324E+06  2.00000E-03  2.28935E+00
 -8.27087E+00  2.12405E-28  1.41136E+06  2.00000E-03  2.59067E+00
 -8.17729E+00  2.11873E-28  1.40903E+06  2.00000E-03  2.96617E+00
 -8.08371E+00  2.11208E-28  1.40610E+06  2.00000E-03  3.42143E+00
 -7.99013E+00  2.10482E-28  1.40287E+06  2.00000E-03  3.87948E+00
 -7.89655E+00  2.10069E-28  1.40105E+06  2.00000E-03  4.15746E+00
 -7.80297E+00  2.09832E-28  1.40002E+06  2.00000E-03  4.29401E+00
 -7.70939E+00  2.10209E-28  1.40172E+06  2.00000E-03  3.98926E+00
 -7.61581E+00  2.11118E-28  1.40581E+06  2.00000E-03  3.30479E+00
 -7.52223E+00  2.12289E-28  1.41102E+06  2.00000E-03  2.40860E+00
 -7.42865E+00  2.14190E-28  1.41945E+06  2.00000E-03  9.78441E-01
 -7.33507E+00  2.15494E-28  1.42524E+06  2.00000E-03  2.19844E-02
 -7.24149E+00  2.16623E-28  1.43024E+06  2.00000E-03 -8.15137E-01
 -7.14791E+00  2.17180E-28  1.43269E+06  2.00000E-03 -1.24421E+00
 -7.05433E+00  2.17265E-28  1.43313E+06  2.00000E-03 -1.26835E+00
 -6.96075E+00  2.17239E-28  1.43305E+06  2.00000E-03 -1.19782E+00
 -6.86717E+00  2.17123E-28  1.43257E+06  2.00000E-03 -1.06410E+00
 -6.77359E+00  2.17051E-28  1.43226E+06  2.00000E-03 -9.77591E-01
 -6.68001E+00  2.17036E-28  1.43221E+06  2.00000E-03 -9.22527E-01
 -6.58643E+00  2.17051E-28  1.43228E+06  2.00000E-03 -8.82647E-01
 -6.49285E+00  2.16993E-28  1.43201E+06  2.00000E-03 -8.68609E-01
 -6.39927E+00  2.17168E-28  1.43283E+06  2.00000E-03 -8.83926E-01
 -6.30569E+00  2.17117E-28  1.43259E+06  2.00000E-03 -8.63167E-01
 -6.21211E+00  2.17063E-28  1.43237E+06  2.00000E-03 -8.31980E-01
 -6.11853E+00  2.17077E-28  1.43244E+06  2.00000E-03 -8.24331E-01
 -6.02495E+00  2.17062E-28  1.43238E+06  2.00000E-03 -8.20325E-01
 -5.93137E+00  2.17150E-28  1.43277E+06  2.00000E-03 -8.59787E-01
 -5.83779E+00  2.17246E-28  1.43321E+06  2.00000E-03 -8.98183E-01
 -5.74421E+00  2.17477E-28  1.43421E+06  2.00000E-03 -9.80701E-01
 -5.65063E+00  2.17774E-28  1.43550E+06  2.00000E-03 -1.10293E+00
 -5.55705E+00  2.18093E-28  1.43688E+06  2.00000E-03 -1.24156E+00
 -5.46347E+00  2.18474E-28  1.43854E+06  2.00000E-03 -1.41591E+00
 -5.36989E+00  2.19165E-28  1.44153E+06  2.00000E-03 -1.74585E+00
 -5.27631E+00  2.19277E-28  1.44202E+06  2.00000E-03 -1.79545E+00
 -5.18273E+00  2.19469E-28  1.44285E+06  2.00000E-03 -1.90430E+00
 -5.08915E+00  2.19900E-28  1.44473E+06  2.00000E-03 -2.09304E+00
 -4.99557E+00  2.20046E-28  1.44537E+06  2.00000E-03 -2.13772E+00
 -4.90199E+00  2.20337E-28  1.44667E+06  2.00000E-03 -2.25314E+00
 -4.80841E+00  2.20161E-28  1.44590E+06  2.00000E-03 -2.15333E+00
 -4.71483E+00  2.19750E-28  1.44413E+06  2.00000E-03 -1.90618E+00
 -4.62125E+00  2.19693E-28  1.44389E+06  2.00000E-03 -1.86577E+00
 -4.52767E+00  2.19502E-28  1.44307E+06  2.00000E-03 -1.77791E+00
 -4.43409E+00  2.18799E-28  1.43994E+06  2.00000E-03 -1.47655E+00
 -4.34051E+00  2.18599E-28  1.43904E+06  2.00000E-03 -1.39283E+00
 -4.24693E+00  2.18066E-28  1.43669E+06  2.00000E-03 -1.13354E+00
 -4.15335E+00  2.17930E-28  1.43608E+06  2.00000E-03 -1.06709E+00
 -4.05977E+00  2.17457E-28  1.43396E+06  2.00000E-03 -8.33282E-01
 -3.96619E+00  2.17134E-28  1.43250E+06  2.00000E-03 -6.58233E-01
 -3.87261E+00  2.17066E-28  1.43216E+06  2.00000E-03 -6.37187E-01
 -3.77903E+00  2.16331E-28  1.42892E+06  2.00000E-03 -2.53551E-01
 -3.68546E+00  2.16336E-28  1.42895E+06  2.00000E-03 -2.22641E-01
 -3.59188E+00  2.15781E-28  1.42650E+06  2.00000E-03  2.08371E-02
 -3.49830E+00  2.15555E-28  1.42550E+06  2.00000E-03  1.17097E-01
 -3.40472E+00  2.15498E-28  1.42526E+06  2.00000E-03  1.42900E-01
 -3.31114E+00  2.15184E-28  1.42387E+06  2.00000E-03  2.20425E-01
 -3.21756E+00  2.15202E-28  1.42395E+06  2.00000E-03  1.62521E-01
 -3.12398E+00  2.15000E-28  1.42304E+06  2.00000E-03  6.42522E-02
 -3.03040E+00  2.15045E-28  1.42325E+06  2.00000E-03  2.11739E-02
 -2.93682E+00  2.15172E-28  1.42380E+06  2.00000E-03 -1.27867E-01
 -2.84324E+00  2.15138E-28  1.42363E+06  2.00000E-03 -2.69059E-01
 -2.74966E+00  2.15123E-28  1.42355E+06  2.00000E-03 -3.47324E-01
 -2.65608E+00  2.15557E-28  1.42545E+06  2.00000E-03 -7.10675E-01
 -2.56250E+00  2.15403E-28  1.42474E+06  2.00000E-03 -7.18783E-01
 -2.46892E+00  2.15710E-28  1.42608E+06  2.00000E-03 -9.37208E-01
 -2.37534E+00  2.15980E-28  1.42726E+06  2.00000E-03 -1.15510E+00
 -2.28176E+00  2.16106E-28  1.42780E+06  2.00000E-03 -1.24723E+00
 -2.18818E+00  2.16420E-28  1.42916E+06  2.00000E-03 -1.43139E+00
 -2.09460E+00  2.16412E-28  1.42913E+06  2.00000E-03 -1.43394E+00
 -2.00102E+00  2.16458E-28  1.42932E+06  2.00000E-03 -1.43547E+00
 -1.90744E+00  2.16418E-28  1.42914E+06  2.00000E-03 -1.41513E+00
 -1.81386E+00  2.16251E-28  1.42839E+06  2.00000E-03 -1.29395E+00
 -1.72028E+00  2.16137E-28  1.42788E+06  2.00000E-03 -1.14931E+00
 -1.62670E+00  2.16088E-28  1.42767E+06  2.00000E-03 -1.10675E+00
 -1.53312E+00  2.15628E-28  1.42563E+06  2.00000E-03 -7.03852E-01
 -1.43954E+00  2.15624E-28  1.42561E+06  2.00000E-03 -6.93604E-01
 -1.34596E+00  2.15311E-28  1.42424E+06  2.00000E-03 -4.31508E-01
 -1.25238E+00  2.14983E-28  1.42281E+06  2.00000E-03 -1.50166E-01
 -1.15880E+00  2.14813E-28  1.42206E+06  2.00000E-03 -3.43305E-02
 -1.06522E+00  2.14222E-28  1.41948E+06  2.00000E-03  3.71876E-01
 -9.71639E-01  2.14173E-28  1.41928E+06  2.00000E-03  4.23066E-01
 -8.78059E-01  2.13554E-28  1.41659E+06  2.00000E-03  8.06183E-01
 -7.84479E-01  2.13370E-28  1.41578E+06  2.00000E-03  9.13615E-01
 -6.90900E-01  2.13231E-28  1.41518E+06  2.00000E-03  1.00560E+00
 -5.97320E-01  2.12951E-28  1.41397E+06  2.00000E-03  1.24979E+00
 -5.03740E-01  2.12948E-28  1.41396E+06  2.00000E-03  1.27902E+00
 -4.10160E-01  2.12775E-28  1.41322E+06  2.00000E-03  1.35499E+00
 -3.16580E-01  2.12796E-28  1.41332E+06  2.00000E-03  1.41741E+00
 -2.23000E-01  2.12956E-28  1.41405E+06  2.00000E-03  1.36701E+00
 -1.29421E-01  2.13204E-28  1.41514E+06  2.00000E-03  1.31342E+00
 -3.58407E-02  2.13268E-28  1.41543E+06  2.00000E-03  1.28663E+00
  5.77392E-02  2.13882E-28  1.41815E+06  2.00000E-03  1.08205E+00
  1.51319E-01  2.14076E-28  1.41903E+06  2.00000E-03  1.00574E+00
  2.44899E-01  2.14398E-28  1.42045E+06  2.00000E-03  7.75484E-01
  3.38479E-01  2.14631E-28  1.42148E+06  2.00000E-03  6.25005E-01
  4.32059E-01  2.14891E-28  1.42266E+06  2.00000E-03  5.44343E-01
  5.25638E-01  2.15090E-28  1.42354E+06  2.00000E-03  3.62981E-01
  6.19218E-01  2.15249E-28  1.42422E+06  2.00000E-03  3.64944E-01
  7.12798E-01  2.15280E-28  1.42435E+06  2.00000E-03  3.44004E-01
  8.06378E-01  2.15483E-28  1.42523E+06  2.00000E-03  2.93103E-01
  8.99958E-01  2.15280E-28  1.42433E+06  2.00000E-03  3.42074E-01
  9.93538E-01  2.15044E-28  1.42327E+06  2.00000E-03  4.03127E-01
  1.08712E+00  2.15143E-28  1.42369E+06  2.00000E-03  3.71138E-01
  1.18070E+00  2.14997E-28  1.42302E+06  2.00000E-03  3.88429E-01
  1.27428E+00  2.15201E-28  1.42389E+06  2.00000E-03  3.50377E-01
  1.36786E+00  2.15174E-28  1.42376E+06  2.00000E-03  2.77830E-01
  1.46144E+00  2.15137E-28  1.42358E+06  2.00000E-03  2.06354E-01
  1.55502E+00  2.15268E-28  1.42414E+06  2.00000E-03  9.07355E-02
  1.64860E+00  2.15657E-28  1.42585E+06  2.00000E-03 -1.65886E-01
  1.74218E+00  2.15741E-28  1.42621E+06  2.00000E-03 -2.65211E-01
  1.83576E+00  2.16399E-28  1.42911E+06  2.00000E-03 -6.55495E-01
  1.92934E+00  2.16603E-28  1.43001E+06  2.00000E-03 -7.95555E-01
  2.02292E+00  2.16705E-28  1.43045E+06  2.00000E-03 -8.48974E-01
  2.11650E+00  2.17430E-28  1.43365E+06  2.00000E-03 -1.24511E+00
  2.21008E+00  2.17376E-28  1.43342E+06  2.00000E-03 -1.28879E+00
  2.30366E+00  2.17996E-28  1.43613E+06  2.00000E-03 -1.55954E+00
  2.39724E+00  2.18289E-28  1.43741E+06  2.00000E-03 -1.69110E+00
  2.49082E+00  2.18611E-28  1.43881E+06  2.00000E-03 -1.89425E+00
  2.58440E+00  2.18936E-28  1.44021E+06  2.00000E-03 -2.07572E+00
  2.67798E+00  2.18891E-28  1.44001E+06  2.00000E-03 -2.04543E+00
  2.77155E+00  2.19634E-28  1.44326E+06  2.00000E-03 -2.40756E+00
  2.86513E+00  2.19699E-28  1.44355E+06  2.00000E-03 -2.47892E+00
  2.95871E+00  2.20233E-28  1.44588E+06  2.00000E-03 -2.76266E+00
  3.05229E+00  2.20514E-28  1.44710E+06  2.00000E-03 -2.88463E+00
  3.14587E+00  2.20741E-28  1.44809E+06  2.00000E-03 -3.01821E+00
  3.23945E+00  2.20936E-28  1.44893E+06  2.00000E-03 -3.12425E+00
  3.33303E+00  2.20872E-28  1.44864E+06  2.00000E-03 -3.10246E+00
  3.42661E+00  2.21136E-28  1.44979E+06  2.00000E-03 -3.20811E+00
  3.52019E+00  2.21205E-28  1.45009E+06  2.00000E-03 -3.25389E+00
  3.61377E+00  2.21225E-28  1.45016E+06  2.00000E-03 -3.26559E+00
  3.70735E+00  2.21252E-28  1.45026E+06  2.00000E-03 -3.25961E+00
  3.80093E+00  2.21243E-28  1.45021E+06  2.00000E-03 -3.25176E+00
  3.89451E+00  2.21180E-28  1.44991E+06  2.00000E-03 -3.20998E+00
  3.98809E+00  2.21152E-28  1.44978E+06  2.00000E-03 -3.20076E+00
  4.08167E+00  2.21065E-28  1.44939E+06  2.00000E-03 -3.15324E+00
  4.17525E+00  2.20926E-28  1.44878E+06  2.00000E-03 -3.08758E+00
  4.26883E+00  2.20847E-28  1.44844E+06  2.00000E-03 -3.06213E+00
  4.36241E+00  2.20645E-28  1.44755E+06  2.00000E-03 -2.98884E+00
  4.45599E+00  2.20631E-28  1.44749E+06  2.00000E-03 -2.98840E+00
  4.54957E+00  2.20482E-28  1.44684E+06  2.00000E-03 -2.96911E+00
  4.64315E+00  2.20493E-28  1.44689E+06  2.00000E-03 -2.99694E+00
  4.73673E+00  2.20396E-28  1.44646E+06  2.00000E-03 -2.97146E+00
  4.83031E+00  2.20230E-28  1.44573E+06  2.00000E-03 -2.95320E+00
  4.92389E+00  2.20208E-28  1.44564E+06  2.00000E-03 -2.96767E+00
  5.01747E+00  2.20011E-28  1.44477E+06  2.00000E-03 -2.91993E+00
  5.11105E+00  2.20046E-28  1.44492E+06  2.00000E-03 -2.94067E+00
  5.20463E+00  2.19873E-28  1.44416E+06  2.00000E-03 -2.89085E+00
  5.29821E+00  2.19685E-28  1.44334E+06  2.00000E-03 -2.85340E+00
  5.39179E+00  2.19570E-28  1.44284E+06  2.00000E-03 -2.81094E+00
  5.48537E+00  2.19333E-28  1.44180E+06  2.00000E-03 -2.68885E+00
  5.57895E+00  2.19252E-28  1.44144E+06  2.00000E-03 -2.70981E+00
  5.67253E+00  2.18877E-28  1.43978E+06  2.00000E-03 -2.57744E+00
  5.76611E+00  2.18735E-28  1.43915E+06  2.00000E-03 -2.50713E+00
  5.85969E+00  2.18567E-28  1.43841E+06  2.00000E-03 -2.50049E+00
  5.95327E+00  2.18150E-28  1.43656E+06  2.00000E-03 -2.36417E+00
  6.04685E+00  2.17997E-28  1.43589E+06  2.00000E-03 -2.35136E+00
  6.14043E+00  2.17648E-28  1.43436E+06  2.00000E-03 -2.15516E+00
  6.23401E+00  2.17468E-28  1.43357E+06  2.00000E-03 -2.13551E+00
  6.32759E+00  2.17185E-28  1.43233E+06  2.00000E-03 -2.06609E+00
  6.42117E+00  2.16855E-28  1.43087E+06  2.00000E-03 -1.91609E+00
  6.51475E+00  2.16804E-28  1.43065E+06  2.00000E-03 -1.92592E+00
  6.60833E+00  2.16433E-28  1.42903E+06  2.00000E-03 -1.74235E+00
  6.70191E+00  2.16284E-28  1.42839E+06  2.00000E-03 -1.75887E+00
  6.79549E+00  2.16065E-28  1.42743E+06  2.00000E-03 -1.61949E+00
  6.88907E+00  2.15901E-28  1.42672E+06  2.00000E-03 -1.52482E+00
  6.98265E+00  2.15786E-28  1.42622E+06  2.00000E-03 -1.56027E+00
  7.07623E+00  2.15496E-28  1.42496E+06  2.00000E-03 -1.51790E+00
  7.16981E+00  2.15478E-28  1.42488E+06  2.00000E-03 -1.52581E+00
  7.26339E+00  2.15217E-28  1.42374E+06  2.00000E-03 -1.50205E+00
  7.35697E+00  2.15111E-28  1.42328E+06  2.00000E-03 -1.55824E+00
  7.45055E+00  2.15004E-28  1.42281E+06  2.00000E-03 -1.54338E+00
  7.54413E+00  2.14826E-28  1.42203E+06  2.00000E-03 -1.51524E+00
  7.63771E+00  2.14775E-28  1.42180E+06  2.00000E-03 -1.53130E+00
  7.73129E+00  2.14567E-28  1.42088E+06  2.00000E-03 -1.52670E+00
  7.82487E+00  2.14538E-28  1.42075E+06  2.00000E-03 -1.52491E+00
  7.91845E+00  2.14396E-28  1.42011E+06  2.00000E-03 -1.48502E+00
  8.01203E+00  2.14302E-28  1.41969E+06  2.00000E-03 -1.44513E+00
  8.10561E+00  2.14265E-28  1.41952E+06  2.00000E-03 -1.41629E+00
  8.19919E+00  2.14076E-28  1.41868E+06  2.00000E-03 -1.34247E+00
  8.29277E+00  2.14056E-28  1.41859E+06  2.00000E-03 -1.31875E+00
  8.38635E+00  2.13999E-28  1.41832E+06  2.00000E-03 -1.19699E+00
  8.47993E+00  2.14067E-28  1.41861E+06  2.00000E-03 -1.15510E+00
  8.57351E+00  2.14077E-28  1.41865E+06  2.00000E-03 -1.11312E+00
  8.66709E+00  2.13899E-28  1.41785E+06  2.00000E-03 -9.62095E-01
  8.76067E+00  2.14005E-28  1.41831E+06  2.00000E-03 -9.42286E-01
  8.85425E+00  2.13887E-28  1.41778E+06  2.00000E-03 -8.04998E-01
  8.94783E+00  2.13896E-28  1.41781E+06  2.00000E-03 -7.49717E-01
  9.04141E+00  2.13962E-28  1.41810E+06  2.00000E-03 -6.39989E-01
  9.13498E+00  2.13930E-28  1.41796E+06  2.00000E-03 -5.49049E-01
  9.22857E+00  2.13938E-28  1.41799E+06  2.00000E-03 -5.44707E-01
  9.32214E+00  2.13948E-28  1.41803E+06  2.00000E-03 -4.52656E-01
  9.41572E+00  2.13989E-28  1.41822E+06  2.00000E-03 -4.37092E-01
  9.50930E+00  2.14151E-28  1.41893E+06  2.00000E-03 -4.25383E-01
  9.60288E+00  2.14218E-28  1.41923E+06  2.00000E-03 -4.10298E-01
  9.69646E+00  2.14301E-28  1.41960E+06  2.00000E-03 -4.07126E-01
  9.79004E+00  2.14519E-28  1.42056E+06  2.00000E-03 -4.42952E-01
  9.88362E+00  2.14454E-28  1.42027E+06  2.00000E-03 -4.04488E-01
  9.97720E+00  2.14844E-28  1.42201E+06  2.00000E-03 -5.43647E-01
  1.00708E+01  2.14957E-28  1.42251E+06  2.00000E-03 -5.70913E-01
  1.01644E+01  2.15159E-28  1.42340E+06  2.00000E-03 -6.32588E-01
  1.02579E+01  2.15279E-28  1.42393E+06  2.00000E-03 -6.59637E-01
  1.03515E+01  2.15261E-28  1.42385E+06  2.00000E-03 -6.33226E-01
  1.04451E+01  2.15612E-28  1.42539E+06  2.00000E-03 -7.33857E-01
  1.05387E+01  2.15695E-28  1.42576E+06  2.00000E-03 -7.17461E-01
  1.06323E+01  2.15847E-28  1.42643E+06  2.00000E-03 -7.52334E-01
  1.07258E+01  2.16004E-28  1.42712E+06  2.00000E-03 -7.55308E-01
  1.08194E+01  2.16043E-28  1.42729E+06  2.00000E-03 -7.14561E-01
  1.09130E+01  2.16129E-28  1.42767E+06  2.00000E-03 -6.64026E-01
  1.10066E+01  2.16141E-28  1.42772E+06  2.00000E-03 -6.33606E-01
  1.11002E+01  2.16134E-28  1.42769E+06  2.00000E-03 -5.85430E-01
  1.11937E+01  2.16184E-28  1.42790E+06  2.00000E-03 -5.72319E-01
  1.12873E+01  2.16155E-28  1.42777E+06  2.00000E-03 -5.53041E-01
  1.13809E+01  2.16034E-28  1.42724E+06  2.00000E-03 -5.06200E-01
  1.14745E+01  2.16044E-28  1.42728E+06  2.00000E-03 -5.19268E-01
  1.15681E+01  2.15914E-28  1.42669E+06  2.00000E-03 -4.63535E-01
  1.16616E+01  2.15885E-28  1.42656E+06  2.00000E-03 -4.51466E-01
  1.17552E+01  2.15576E-28  1.42520E+06  2.00000E-03 -3.54248E-01
  1.18488E+01  2.15251E-28  1.42376E+06  2.00000E-03 -2.50266E-01
  1.19424E+01  2.15177E-28  1.42344E+06  2.00000E-03 -2.35190E-01
  1.20360E+01  2.14559E-28  1.42071E+06  2.00000E-03 -9.72339E-03
  1.21295E+01  2.14496E-28  1.42043E+06  2.00000E-03 -1.59670E-02
  1.22231E+01  2.14174E-28  1.41901E+06  2.00000E-03  8.53292E-02
  1.23167E+01  2.13869E-28  1.41766E+06  2.00000E-03  1.97755E-01
  1.24103E+01  2.13809E-28  1.41740E+06  2.00000E-03  2.33361E-01
  1.25039E+01  2.13360E-28  1.41542E+06  2.00000E-03  3.94854E-01
  1.25974E+01  2.13517E-28  1.41611E+06  2.00000E-03  3.42471E-01
  1.26910E+01  2.13091E-28  1.41423E+06  2.00000E-03  5.22285E-01
  1.27846E+01  2.13096E-28  1.41425E+06  2.00000E-03  5.53196E-01
  1.28782E+01  2.12876E-28  1.41328E+06  2.00000E-03  6.52908E-01
  1.29718E+01  2.12721E-28  1.41260E+06  2.00000E-03  7.31939E-01
  1.30653E+01  2.12711E-28  1.41255E+06  2.00000E-03  7.38303E-01
  1.31589E+01  2.12546E-28  1.41182E+06  2.00000E-03  8.36657E-01
  1.32525E+01  2.12585E-28  1.41199E+06  2.00000E-03  8.43355E-01
  1.33461E+01  2.12601E-28  1.41206E+06  2.00000E-03  8.26728E-01
  1.34397E+01  2.12590E-28  1.41201E+06  2.00000E-03  8.10629E-01
  1.35332E+01  2.12751E-28  1.41272E+06  2.00000E-03  7.41401E-01
  1.36268E+01  2.13057E-28  1.41407E+06  2.00000E-03  6.68576E-01
  1.37204E+01  2.13096E-28  1.41424E+06  2.00000E-03  6.86001E-01
  1.38140E+01  2.13546E-28  1.41623E+06  2.00000E-03  4.17044E-01
  1.39076E+01  2.13684E-28  1.41684E+06  2.00000E-03  4.01292E-01
  1.40011E+01  2.13877E-28  1.41769E+06  2.00000E-03  3.54277E-01
  1.40947E+01  2.14425E-28  1.42011E+06  2.00000E-03  6.45212E-02
  1.41883E+01  2.14573E-28  1.42076E+06  2.00000E-03 -3.48993E-03
  1.42819E+01  2.15127E-28  1.42321E+06  2.00000E-03 -2.99645E-01
  1.43755E+01  2.15364E-28  1.42425E+06  2.00000E-03 -4.21312E-01
  1.44690E+01  2.15755E-28  1.42598E+06  2.00000E-03 -6.45807E-01
  1.45626E+01  2.16237E-28  1.42811E+06  2.00000E-03 -8.66501E-01
  1.46562E+01  2.16305E-28  1.42841E+06  2.00000E-03 -8.73303E-01
  1.47498E+01  2.16777E-28  1.43049E+06  2.00000E-03 -1.12111E+00
  1.48434E+01  2.17062E-28  1.43174E+06  2.00000E-03 -1.13267E+00
  1.49369E+01  2.17304E-28  1.43281E+06  2.00000E-03 -1.20083E+00
  1.50305E+01  2.17608E-28  1.43415E+06  2.00000E-03 -1.30046E+00
  1.51241E+01  2.17657E-28  1.43437E+06  2.00000E-03 -1.31437E+00
  1.52177E+01  2.17933E-28  1.43559E+06  2.00000E-03 -1.39148E+00
  1.53113E+01  2.18003E-28  1.43589E+06  2.00000E-03 -1.36997E+00
  1.54048E+01  2.18158E-28  1.43657E+06  2.00000E-03 -1.37186E+00
  1.54984E+01  2.18169E-28  1.43662E+06  2.00000E-03 -1.38851E+00
  1.55920E+01  2.18131E-28  1.43646E+06  2.00000E-03 -1.37951E+00
  1.56856E+01  2.18088E-28  1.43628E+06  2.00000E-03 -1.39123E+00
  1.57792E+01  2.18056E-28  1.43614E+06  2.00000E-03 -1.37861E+00
  1.58727E+01  2.17736E-28  1.43474E+06  2.00000E-03 -1.29089E+00
  1.59663E+01  2.17813E-28  1.43507E+06  2.00000E-03 -1.31680E+00
  1.60599E+01  2.17559E-28  1.43396E+06  2.00000E-03 -1.22482E+00
  1.61535E+01  2.17384E-28  1.43319E+06  2.00000E-03 -1.16352E+00
  1.62471E+01  2.17327E-28  1.43294E+06  2.00000E-03 -1.15319E+00
  1.63406E+01  2.17008E-28  1.43154E+06  2.00000E-03 -1.04274E+00
  1.64342E+01  2.16967E-28  1.43136E+06  2.00000E-03 -1.03168E+00
  1.65278E+01  2.16567E-28  1.42961E+06  2.00000E-03 -8.89109E-01
  1.66214E+01  2.16508E-28  1.42934E+06  2.00000E-03 -8.84108E-01
  1.67150E+01  2.16344E-28  1.42861E+06  2.00000E-03 -8.46045E-01
  1.68085E+01  2.16037E-28  1.42726E+06  2.00000E-03 -7.43196E-01
  1.69021E+01  2.16013E-28  1.42715E+06  2.00000E-03 -7.45093E-01
  1.69957E+01  2.15705E-28  1.42578E+06  2.00000E-03 -6.60195E-01
  1.70893E+01  2.15687E-28  1.42570E+06  2.00000E-03 -6.76556E-01
  1.71829E+01  2.15524E-28  1.42497E+06  2.00000E-03 -6.17910E-01
  1.72764E+01  2.15379E-28  1.42433E+06  2.00000E-03 -5.76017E-01
  1.73700E+01  2.15433E-28  1.42457E+06  2.00000E-03 -6.13462E-01
  1.74636E+01  2.15290E-28  1.42394E+06  2.00000E-03 -5.41615E-01
  1.75572E+01  2.15276E-28  1.42387E+06  2.00000E-03 -5.35553E-01
  1.76508E+01  2.15266E-28  1.42383E+06  2.00000E-03 -5.01179E-01
  1.77443E+01  2.15330E-28  1.42412E+06  2.00000E-03 -5.13879E-01
  1.78379E+01  2.15365E-28  1.42428E+06  2.00000E-03 -5.10017E-01
  1.79315E+01  2.15398E-28  1.42443E+06  2.00000E-03 -5.06533E-01
  1.80251E+01  2.15482E-28  1.42480E+06  2.00000E-03 -5.27165E-01
  1.81187E+01  2.15543E-28  1.42507E+06  2.00000E-03 -5.54502E-01
  1.82122E+01  2.15553E-28  1.42511E+06  2.00000E-03 -5.59800E-01
  1.83058E+01  2.15561E-28  1.42515E+06  2.00000E-03 -5.75582E-01
  1.83994E+01  2.15612E-28  1.42537E+06  2.00000E-03 -6.15586E-01
  1.84930E+01  2.15615E-28  1.42539E+06  2.00000E-03 -6.27163E-01
  1.85865E+01  2.15552E-28  1.42510E+06  2.00000E-03 -6.34670E-01
  1.86801E+01  2.15595E-28  1.42529E+06  2.00000E-03 -6.76019E-01
  1.87737E+01  2.15519E-28  1.42495E+06  2.00000E-03 -6.76793E-01
  1.88673E+01  2.15468E-28  1.42473E+06  2.00000E-03 -6.89899E-01
  1.89609E+01  2.15417E-28  1.42450E+06  2.00000E-03 -6.80992E-01
  1.90544E+01  2.15218E-28  1.42362E+06  2.00000E-03 -6.45786E-01
  1.91480E+01  2.15253E-28  1.42377E+06  2.00000E-03 -6.65743E-01
  1.92416E+01  2.15086E-28  1.42303E+06  2.00000E-03 -6.37317E-01
  1.93352E+01  2.14978E-28  1.42256E+06  2.00000E-03 -6.07936E-01
  1.94288E+01  2.14886E-28  1.42215E+06  2.00000E-03 -5.78467E-01
  1.95223E+01  2.14620E-28  1.42097E+06  2.00000E-03 -5.01652E-01
  1.96159E+01  2.14609E-28  1.42092E+06  2.00000E-03 -4.98237E-01
  1.97095E+01  2.14269E-28  1.41943E+06  2.00000E-03 -3.75835E-01
  1.98031E+01  2.14278E-28  1.41946E+06  2.00000E-03 -3.84027E-01
  1.98967E+01  2.14166E-28  1.41897E+06  2.00000E-03 -3.53243E-01
  1.99902E+01  2.14051E-28  1.41846E+06  2.00000E-03 -3.32054E-01
  2.00838E+01  2.14087E-28  1.41862E+06  2.00000E-03 -3.47191E-01
  2.01774E+01  2.13934E-28  1.41794E+06  2.00000E-03 -3.37574E-01
  2.02710E+01  2.13910E-28  1.41784E+06  2.00000E-03 -3.44938E-01
  2.03646E+01  2.13823E-28  1.41745E+06  2.00000E-03 -3.64662E-01
  2.04581E+01  2.13813E-28  1.41741E+06  2.00000E-03 -4.04416E-01
  2.05517E+01  2.13823E-28  1.41745E+06  2.00000E-03 -4.31932E-01
  2.06453E+01  2.13780E-28  1.41726E+06  2.00000E-03 -4.91492E-01
  2.07389E+01  2.13809E-28  1.41739E+06  2.00000E-03 -5.24566E-01
  2.08325E+01  2.13860E-28  1.41762E+06  2.00000E-03 -6.16258E-01
  2.09260E+01  2.13834E-28  1.41750E+06  2.00000E-03 -6.46129E-01
  2.10196E+01  2.13935E-28  1.41795E+06  2.00000E-03 -7.30657E-01
  2.11132E+01  2.14062E-28  1.41851E+06  2.00000E-03 -8.58951E-01
  2.12068E+01  2.14049E-28  1.41846E+06  2.00000E-03 -8.50318E-01
  2.13004E+01  2.14284E-28  1.41950E+06  2.00000E-03 -1.01019E+00
  2.13939E+01  2.14325E-28  1.41968E+06  2.00000E-03 -1.03912E+00
  2.14875E+01  2.14580E-28  1.42081E+06  2.00000E-03 -1.15530E+00
  2.15811E+01  2.14640E-28  1.42108E+06  2.00000E-03 -1.19697E+00
  2.16747E+01  2.14783E-28  1.42171E+06  2.00000E-03 -1.24112E+00
  2.17683E+01  2.15101E-28  1.42312E+06  2.00000E-03 -1.34829E+00
  2.18618E+01  2.14887E-28  1.42218E+06  2.00000E-03 -1.26463E+00
  2.19554E+01  2.15252E-28  1.42379E+06  2.00000E-03 -1.35416E+00
  2.20490E+01  2.15363E-28  1.42428E+06  2.00000E-03 -1.38284E+00
  2.21426E+01  2.15380E-28  1.42436E+06  2.00000E-03 -1.37818E+00
  2.22362E+01  2.15598E-28  1.42532E+06  2.00000E-03 -1.41497E+00
  2.23297E+01  2.15597E-28  1.42532E+06  2.00000E-03 -1.40902E+00
  2.24233E+01  2.15917E-28  1.42673E+06  2.00000E-03 -1.44589E+00
  2.25169E+01  2.15801E-28  1.42621E+06  2.00000E-03 -1.42115E+00
  2.26105E+01  2.15821E-28  1.42629E+06  2.00000E-03 -1.39271E+00
  2.27041E+01  2.16032E-28  1.42722E+06  2.00000E-03 -1.41499E+00
  2.27976E+01  2.16015E-28  1.42713E+06  2.00000E-03 -1.39946E+00
  2.28912E+01  2.16066E-28  1.42736E+06  2.00000E-03 -1.40080E+00
  2.29848E+01  2.16000E-28  1.42707E+06  2.00000E-03 -1.40212E+00
  2.30784E+01  2.16125E-28  1.42761E+06  2.00000E-03 -1.37771E+00
  2.31720E+01  2.16077E-28  1.42739E+06  2.00000E-03 -1.38186E+00
  2.32655E+01  2.15966E-28  1.42691E+06  2.00000E-03 -1.38216E+00
  2.33591E+01  2.16010E-28  1.42710E+06  2.00000E-03 -1.34624E+00
  2.34527E+01  2.15990E-28  1.42701E+06  2.00000E-03 -1.34383E+00
  2.35463E+01  2.15921E-28  1.42670E+06  2.00000E-03 -1.29390E+00
  2.36399E+01  2.15792E-28  1.42614E+06  2.00000E-03 -1.29144E+00
  2.37334E+01  2.15810E-28  1.42621E+06  2.00000E-03 -1.23798E+00
  2.38270E+01  2.15774E-28  1.42605E+06  2.00000E-03 -1.18707E+00
  2.39206E+01  2.15678E-28  1.42563E+06  2.00000E-03 -1.19418E+00
  2.40142E+01  2.15597E-28  1.42527E+06  2.00000E-03 -1.11922E+00
  2.41078E+01  2.15600E-28  1.42528E+06  2.00000E-03 -1.11248E+00
  2.42013E+01  2.15554E-28  1.42508E+06  2.00000E-03 -1.05951E+00
  2.42949E+01  2.15450E-28  1.42462E+06  2.00000E-03 -1.05920E+00
  2.43885E+01  2.15382E-28  1.42432E+06  2.00000E-03 -1.05754E+00
  2.44821E+01  2.15375E-28  1.42428E+06  2.00000E-03 -1.02308E+00
  2.45757E+01  2.15313E-28  1.42400E+06  2.00000E-03 -1.02119E+00
  2.46692E+01  2.15219E-28  1.42359E+06  2.00000E-03 -1.00349E+00
  2.47628E+01  2.15222E-28  1.42360E+06  2.00000E-03 -9.94707E-01
  2.48564E+01  2.15249E-28  1.42372E+06  2.00000E-03 -9.81632E-01
  2.49500E+01  2.15249E-28  1.42372E+06  2.00000E-03 -9.47653E-01
  2.50436E+01  2.15254E-28  1.42375E+06  2.00000E-03 -9.14659E-01
  2.51371E+01  2.15307E-28  1.42398E+06  2.00000E-03 -8.93489E-01
  2.52307E+01  2.15345E-28  1.42416E+06  2.00000E-03 -8.66767E-01
  2.53243E+01  2.15394E-28  1.42439E+06  2.00000E-03 -8.27110E-01
  2.54179E+01  2.15460E-28  1.42469E+06  2.00000E-03 -7.79619E-01
  2.55115E+01  2.15475E-28  1.42476E+06  2.00000E-03 -7.77624E-01
  2.56050E+01  2.15565E-28  1.42518E+06  2.00000E-03 -7.32948E-01
  2.56986E+01  2.15524E-28  1.42503E+06  2.00000E-03 -7.04981E-01
  2.57922E+01  2.15657E-28  1.42566E+06  2.00000E-03 -7.00837E-01
  2.58858E+01  2.15732E-28  1.42601E+06  2.00000E-03 -7.01434E-01
  2.59794E+01  2.15732E-28  1.42601E+06  2.00000E-03 -7.01434E-01
  2.60729E+01  2.15732E-28  1.42601E+06  2.00000E-03 -7.01434E-01
  2.61665E+01  2.15736E-28  1.42603E+06  2.00000E-03 -7.02155E-01
  2.62601E+01  2.15948E-28  1.42701E+06  2.00000E-03 -7.24838E-01
  2.63537E+01  2.16003E-28  1.42722E+06  2.00000E-03 -6.77774E-01
  2.64473E+01  2.16027E-28  1.42730E+06  2.00000E-03 -6.28817E-01
  2.65408E+01  2.16052E-28  1.42740E+06  2.00000E-03 -6.07910E-01
  2.66344E+01  2.16113E-28  1.42767E+06  2.00000E-03 -6.28047E-01
  2.67280E+01  2.16295E-28  1.42848E+06  2.00000E-03 -6.61202E-01
  2.68216E+01  2.16344E-28  1.42869E+06  2.00000E-03 -6.58044E-01
  2.69152E+01  2.16343E-28  1.42869E+06  2.00000E-03 -6.54126E-01
  2.70087E+01  2.16353E-28  1.42871E+06  2.00000E-03 -5.80829E-01
  2.71023E+01  2.16430E-28  1.42903E+06  2.00000E-03 -5.56417E-01
  2.71959E+01  2.16649E-28  1.42998E+06  2.00000E-03 -6.06528E-01
  2.72895E+01  2.16649E-28  1.42997E+06  2.00000E-03 -6.06528E-01
  2.73831E+01  2.16649E-28  1.42998E+06  2.00000E-03 -6.06528E-01
  2.74766E+01  2.16649E-28  1.42998E+06  2.00000E-03 -6.06528E-01
  2.75702E+01  2.16789E-28  1.43059E+06  2.00000E-03 -6.51591E-01
  2.76638E+01  2.16886E-28  1.43100E+06  2.00000E-03 -6.67492E-01
  2.77574E+01  2.16850E-28  1.43083E+06  2.00000E-03 -6.27153E-01
  2.78510E+01  2.16838E-28  1.43077E+06  2.00000E-03 -6.13944E-01
  2.79445E+01  2.16838E-28  1.43077E+06  2.00000E-03 -6.13944E-01
  2.80381E+01  2.17000E-28  1.43148E+06  2.00000E-03 -6.69241E-01
  2.81317E+01  2.17096E-28  1.43190E+06  2.00000E-03 -7.01751E-01
  2.82253E+01  2.17096E-28  1.43190E+06  2.00000E-03 -7.01751E-01
  2.83189E+01  2.17069E-28  1.43178E+06  2.00000E-03 -6.90666E-01
  2.84124E+01  2.17014E-28  1.43153E+06  2.00000E-03 -6.68290E-01
  2.85060E+01  2.17153E-28  1.43213E+06  2.00000E-03 -6.85575E-01
  2.85996E+01  2.17228E-28  1.43246E+06  2.00000E-03 -7.02567E-01
  2.86932E+01  2.17228E-28  1.43246E+06  2.00000E-03 -7.02567E-01
  2.87868E+01  2.17228E-28  1.43246E+06  2.00000E-03 -7.02567E-01
  2.88803E+01  2.17255E-28  1.43258E+06  2.00000E-03 -7.07867E-01
  2.89739E+01  2.17380E-28  1.43312E+06  2.00000E-03 -7.15275E-01
  2.90675E+01  2.17348E-28  1.43298E+06  2.00000E-03 -7.05570E-01
  2.91611E+01  2.17190E-28  1.43228E+06  2.00000E-03 -6.98313E-01
  2.92547E+01  2.17173E-28  1.43221E+06  2.00000E-03 -7.00546E-01
  2.93482E+01  2.17181E-28  1.43224E+06  2.00000E-03 -7.07667E-01
  2.94418E+01  2.17349E-28  1.43298E+06  2.00000E-03 -7.52995E-01
  2.95354E+01  2.17323E-28  1.43286E+06  2.00000E-03 -7.54719E-01
  2.96290E+01  2.17314E-28  1.43282E+06  2.00000E-03 -7.53552E-01
  2.97226E+01  2.17143E-28  1.43207E+06  2.00000E-03 -7.88825E-01
  2.98161E+01  2.16963E-28  1.43127E+06  2.00000E-03 -8.46082E-01
  2.99097E+01  2.17074E-28  1.43176E+06  2.00000E-03 -9.28309E-01
  3.00033E+01  2.17074E-28  1.43176E+06  2.00000E-03 -9.28309E-01
  3.00969E+01  2.17074E-28  1.43176E+06  2.00000E-03 -9.28309E-01
  3.01905E+01  2.17074E-28  1.43176E+06  2.00000E-03 -9.28309E-01
  3.02840E+01  2.17126E-28  1.43199E+06  2.00000E-03 -9.42252E-01
  3.03776E+01  2.17213E-28  1.43237E+06  2.00000E-03 -9.65471E-01
  3.04712E+01  2.16970E-28  1.43130E+06  2.00000E-03 -1.02593E+00
  3.05648E+01  2.16774E-28  1.43044E+06  2.00000E-03 -1.07482E+00
  3.06584E+01  2.16774E-28  1.43044E+06  2.00000E-03 -1.07482E+00
  3.07519E+01  2.16863E-28  1.43083E+06  2.00000E-03 -1.05469E+00
  3.08455E+01  2.16947E-28  1.43120E+06  2.00000E-03 -1.03594E+00
  3.09391E+01  2.16947E-28  1.43120E+06  2.00000E-03 -1.03594E+00
  3.10327E+01  2.16947E-28  1.43120E+06  2.00000E-03 -1.03594E+00
  3.11263E+01  2.16793E-28  1.43053E+06  2.00000E-03 -1.06250E+00
  3.12198E+01  2.16644E-28  1.42987E+06  2.00000E-03 -1.05029E+00
  3.13134E+01  2.16588E-28  1.42962E+06  2.00000E-03 -1.05570E+00
  3.14070E+01  2.16588E-28  1.42962E+06  2.00000E-03 -1.05570E+00
  3.15006E+01  2.16588E-28  1.42962E+06  2.00000E-03 -1.05570E+00
  3.15942E+01  2.16465E-28  1.42908E+06  2.00000E-03 -1.07478E+00
  3.16877E+01  2.16434E-28  1.42894E+06  2.00000E-03 -1.01884E+00
  3.17813E+01  2.16357E-28  1.42860E+06  2.00000E-03 -1.02328E+00
  3.18749E+01  2.16123E-28  1.42757E+06  2.00000E-03 -1.08749E+00
  3.19685E+01  2.15954E-28  1.42682E+06  2.00000E-03 -1.12707E+00
  3.20620E+01  2.15880E-28  1.42650E+06  2.00000E-03 -1.13872E+00
  3.21556E+01  2.15905E-28  1.42661E+06  2.00000E-03 -1.05375E+00
  3.22492E+01  2.15905E-28  1.42661E+06  2.00000E-03 -1.05268E+00
  3.23428E+01  2.15905E-28  1.42661E+06  2.00000E-03 -1.05268E+00
  3.24364E+01  2.15902E-28  1.42660E+06  2.00000E-03 -1.05291E+00
  3.25299E+01  2.15780E-28  1.42605E+06  2.00000E-03 -1.04165E+00
  3.26235E+01  2.15729E-28  1.42583E+06  2.00000E-03 -9.84664E-01
  3.27171E+01  2.15706E-28  1.42573E+06  2.00000E-03 -9.85431E-01
  3.28107E+01  2.15706E-28  1.42573E+06  2.00000E-03 -9.85431E-01
  3.29043E+01  2.15706E-28  1.42573E+06  2.00000E-03 -9.85431E-01
  3.29978E+01  2.15715E-28  1.42577E+06  2.00000E-03 -9.46818E-01
  3.30914E+01  2.15724E-28  1.42581E+06  2.00000E-03 -9.12314E-01
  3.31850E+01  2.15707E-28  1.42573E+06  2.00000E-03 -9.10528E-01
  3.32786E+01  2.15672E-28  1.42558E+06  2.00000E-03 -9.06737E-01
  3.33722E+01  2.15658E-28  1.42551E+06  2.00000E-03 -9.04020E-01
  3.34657E+01  2.15681E-28  1.42562E+06  2.00000E-03 -8.95023E-01
  3.35593E+01  2.15690E-28  1.42565E+06  2.00000E-03 -8.91743E-01
  3.36529E+01  2.15690E-28  1.42565E+06  2.00000E-03 -8.91743E-01
  3.37465E+01  2.15690E-28  1.42565E+06  2.00000E-03 -8.91742E-01
  3.38401E+01  2.15685E-28  1.42563E+06  2.00000E-03 -8.94186E-01
  3.39336E+01  2.15701E-28  1.42571E+06  2.00000E-03 -9.29553E-01
  3.40272E+01  2.15654E-28  1.42550E+06  2.00000E-03 -9.42949E-01
  3.41208E+01  2.15638E-28  1.42543E+06  2.00000E-03 -9.40838E-01
  3.42144E+01  2.15643E-28  1.42545E+06  2.00000E-03 -9.41410E-01
  3.43080E+01  2.15639E-28  1.42544E+06  2.00000E-03 -9.43601E-01
  3.44015E+01  2.15737E-28  1.42587E+06  2.00000E-03 -1.02203E+00
  3.44951E+01  2.15729E-28  1.42583E+06  2.00000E-03 -1.02377E+00
  3.45887E+01  2.15694E-28  1.42569E+06  2.00000E-03 -9.69605E-01
  3.46823E+01  2.15681E-28  1.42565E+06  2.00000E-03 -9.23775E-01
  3.47759E+01  2.15738E-28  1.42591E+06  2.00000E-03 -9.43364E-01
  3.48694E+01  2.15972E-28  1.42694E+06  2.00000E-03 -1.08895E+00
  3.49630E+01  2.16015E-28  1.42713E+06  2.00000E-03 -1.11557E+00
  3.50566E+01  2.16015E-28  1.42713E+06  2.00000E-03 -1.11557E+00
  3.51502E+01  2.16015E-28  1.42713E+06  2.00000E-03 -1.11557E+00
  3.52438E+01  2.16015E-28  1.42713E+06  2.00000E-03 -1.11557E+00
  3.53373E+01  2.16015E-28  1.42713E+06  2.00000E-03 -1.11557E+00
  3.54309E+01  2.16015E-28  1.42713E+06  2.00000E-03 -1.11557E+00
  3.55245E+01  2.16015E-28  1.42713E+06  2.00000E-03 -1.11557E+00
  3.56181E+01  2.16015E-28  1.42713E+06  2.00000E-03 -1.11557E+00
  3.57117E+01  2.16331E-28  1.42853E+06  2.00000E-03 -1.20427E+00
  3.58052E+01  2.16904E-28  1.43105E+06  2.00000E-03 -1.36499E+00
  3.58988E+01  2.16849E-28  1.43080E+06  2.00000E-03 -1.31326E+00
  3.59924E+01  2.16700E-28  1.43013E+06  2.00000E-03 -1.17385E+00
  3.60860E+01  2.16621E-28  1.42978E+06  2.00000E-03 -1.10044E+00
  3.61796E+01  2.16558E-28  1.42949E+06  2.00000E-03 -1.04081E+00
  3.62731E+01  2.16558E-28  1.42949E+06  2.00000E-03 -1.04081E+00
  3.63667E+01  2.16558E-28  1.42949E+06  2.00000E-03 -1.04081E+00
  3.64603E+01  2.16558E-28  1.42949E+06  2.00000E-03 -1.04081E+00
  3.65539E+01  2.16558E-28  1.42949E+06  2.00000E-03 -1.04081E+00
  3.66475E+01  2.17315E-28  1.43282E+06  2.00000E-03 -1.11510E+00
  3.67410E+01  2.17426E-28  1.43331E+06  2.00000E-03 -1.12598E+00
  3.68346E+01  2.17426E-28  1.43331E+06  2.00000E-03 -1.12598E+00
  3.69282E+01  2.17426E-28  1.43331E+06  2.00000E-03 -1.12598E+00
  3.70218E+01  2.17426E-28  1.43331E+06  2.00000E-03 -1.12598E+00
  3.71154E+01  2.17426E-28  1.43331E+06  2.00000E-03 -1.12598E+00
  3.72089E+01  2.17426E-28  1.43331E+06  2.00000E-03 -1.12598E+00
  3.73025E+01  2.17411E-28  1.43324E+06  2.00000E-03 -1.11632E+00
  3.73961E+01  2.17221E-28  1.43240E+06  2.00000E-03 -9.91724E-01
  3.74897E+01  2.17217E-28  1.43238E+06  2.00000E-03 -9.09279E-01
  3.75833E+01  2.17595E-28  1.43404E+06  2.00000E-03 -9.09333E-01
  3.76768E+01  2.17642E-28  1.43425E+06  2.00000E-03 -9.10900E-01
  3.77704E+01  2.17642E-28  1.43425E+06  2.00000E-03 -9.10900E-01
  3.78640E+01  2.17642E-28  1.43425E+06  2.00000E-03 -9.10900E-01
  3.79576E+01  2.17642E-28  1.43425E+06  2.00000E-03 -9.10900E-01
  3.80512E+01  2.17642E-28  1.43425E+06  2.00000E-03 -9.10900E-01
  3.81447E+01  2.17642E-28  1.43425E+06  2.00000E-03 -9.10900E-01
  3.82383E+01  2.17642E-28  1.43425E+06  2.00000E-03 -9.10900E-01
  3.83319E+01  2.17642E-28  1.43425E+06  2.00000E-03 -9.10900E-01
  3.84255E+01  2.17747E-28  1.43471E+06  2.00000E-03 -8.71560E-01
  3.85191E+01  2.17846E-28  1.43514E+06  2.00000E-03 -8.34433E-01
  3.86126E+01  2.17846E-28  1.43514E+06  2.00000E-03 -8.34433E-01
  3.87062E+01  2.17763E-28  1.43478E+06  2.00000E-03 -8.38332E-01
  3.87998E+01  2.17666E-28  1.43435E+06  2.00000E-03 -8.42825E-01
  3.88934E+01  2.17536E-28  1.43378E+06  2.00000E-03 -8.48912E-01
  3.89870E+01  2.17536E-28  1.43378E+06  2.00000E-03 -8.48912E-01
  3.90805E+01  2.17536E-28  1.43378E+06  2.00000E-03 -8.48912E-01
  3.91741E+01  2.17482E-28  1.43354E+06  2.00000E-03 -8.46905E-01
  3.92677E+01  2.17460E-28  1.43344E+06  2.00000E-03 -8.38225E-01
  3.93613E+01  2.17502E-28  1.43363E+06  2.00000E-03 -7.97999E-01
  3.94549E+01  2.17507E-28  1.43365E+06  2.00000E-03 -7.87070E-01
  3.95484E+01  2.17506E-28  1.43364E+06  2.00000E-03 -7.87545E-01
  3.96420E+01  2.17500E-28  1.43362E+06  2.00000E-03 -7.89589E-01
  3.97356E+01  2.17486E-28  1.43355E+06  2.00000E-03 -7.94411E-01
  3.98292E+01  2.17462E-28  1.43345E+06  2.00000E-03 -8.02377E-01
  3.99228E+01  2.17462E-28  1.43345E+06  2.00000E-03 -8.02377E-01
  4.00163E+01  2.17462E-28  1.43345E+06  2.00000E-03 -8.02377E-01
  4.01099E+01  2.17401E-28  1.43318E+06  2.00000E-03 -7.99367E-01
  4.02035E+01  2.17358E-28  1.43299E+06  2.00000E-03 -7.83756E-01
  4.02971E+01  2.17322E-28  1.43283E+06  2.00000E-03 -7.08264E-01
  4.03907E+01  2.17322E-28  1.43283E+06  2.00000E-03 -7.08264E-01
  4.04842E+01  2.17322E-28  1.43283E+06  2.00000E-03 -7.08264E-01
  4.05778E+01  2.17322E-28  1.43283E+06  2.00000E-03 -7.08264E-01
  4.06714E+01  2.17322E-28  1.43283E+06  2.00000E-03 -7.08264E-01
  4.07650E+01  2.17322E-28  1.43283E+06  2.00000E-03 -7.08264E-01
  4.08586E+01  2.17322E-28  1.43283E+06  2.00000E-03 -7.08264E-01
  4.09521E+01  2.17322E-28  1.43283E+06  2.00000E-03 -7.08264E-01
  4.10457E+01  2.17322E-28  1.43283E+06  2.00000E-03 -7.08264E-01
  4.11393E+01  2.17283E-28  1.43266E+06  2.00000E-03 -6.58957E-01
  4.12329E+01  2.17226E-28  1.43241E+06  2.00000E-03 -5.88411E-01
  4.13265E+01  2.17225E-28  1.43241E+06  2.00000E-03 -5.88048E-01
  4.14200E+01  2.17225E-28  1.43241E+06  2.00000E-03 -5.88048E-01
  4.15136E+01  2.17228E-28  1.43242E+06  2.00000E-03 -6.02647E-01
  4.16072E+01  2.17235E-28  1.43245E+06  2.00000E-03 -6.31387E-01
  4.17008E+01  2.17235E-28  1.43245E+06  2.00000E-03 -6.31543E-01
  4.17944E+01  2.17235E-28  1.43245E+06  2.00000E-03 -6.31543E-01
  4.18879E+01  2.17235E-28  1.43245E+06  2.00000E-03 -6.31543E-01
  4.19815E+01  2.17223E-28  1.43240E+06  2.00000E-03 -6.26542E-01
  4.20751E+01  2.17147E-28  1.43206E+06  2.00000E-03 -5.92243E-01
  4.21687E+01  2.17110E-28  1.43190E+06  2.00000E-03 -5.75942E-01
  4.22623E+01  2.17110E-28  1.43190E+06  2.00000E-03 -5.75942E-01
  4.23558E+01  2.17110E-28  1.43190E+06  2.00000E-03 -5.75942E-01
  4.24494E+01  2.17110E-28  1.43190E+06  2.00000E-03 -5.75942E-01
  4.25430E+01  2.17110E-28  1.43190E+06  2.00000E-03 -5.75942E-01
  4.26366E+01  2.17110E-28  1.43190E+06  2.00000E-03 -5.75942E-01
  4.27302E+01  2.17110E-28  1.43190E+06  2.00000E-03 -5.75942E-01
  4.28237E+01  2.17110E-28  1.43190E+06  2.00000E-03 -5.75942E-01
  4.29173E+01  2.17072E-28  1.43174E+06  2.00000E-03 -6.06694E-01
  4.30109E+01  2.16966E-28  1.43127E+06  2.00000E-03 -6.39220E-01
  4.31045E+01  2.16956E-28  1.43122E+06  2.00000E-03 -6.45124E-01
  4.31981E+01  2.16956E-28  1.43122E+06  2.00000E-03 -6.45124E-01
  4.32916E+01  2.16956E-28  1.43122E+06  2.00000E-03 -6.45124E-01
  4.33852E+01  2.16956E-28  1.43122E+06  2.00000E-03 -6.45124E-01
  4.34788E+01  2.16956E-28  1.43122E+06  2.00000E-03 -6.45124E-01
  4.35724E+01  2.16956E-28  1.43122E+06  2.00000E-03 -6.45124E-01
  4.36660E+01  2.16956E-28  1.43122E+06  2.00000E-03 -6.45124E-01
  4.37595E+01  2.16956E-28  1.43122E+06  2.00000E-03 -6.45124E-01
  4.38531E+01  2.16938E-28  1.43114E+06  2.00000E-03 -6.55361E-01
  4.39467E+01  2.16911E-28  1.43103E+06  2.00000E-03 -6.70226E-01
  4.40403E+01  2.16911E-28  1.43102E+06  2.00000E-03 -6.70226E-01
  4.41339E+01  2.16911E-28  1.43103E+06  2.00000E-03 -6.70226E-01
  4.42274E+01  2.16913E-28  1.43103E+06  2.00000E-03 -6.68488E-01
