 -4.31987E+01  2.16945E-28  1.43118E+06  2.00000E-03  1.31494E+00
 -4.31051E+01  2.16945E-28  1.43118E+06  2.00000E-03  1.31494E+00
 -4.30115E+01  2.17024E-28  1.43153E+06  2.00000E-03  1.25368E+00
 -4.29179E+01  2.17366E-28  1.43304E+06  2.00000E-03  9.90488E-01
 -4.28244E+01  2.17417E-28  1.43326E+06  2.00000E-03  9.51802E-01
 -4.27308E+01  2.17417E-28  1.43326E+06  2.00000E-03  9.51802E-01
 -4.26372E+01  2.17417E-28  1.43326E+06  2.00000E-03  9.51802E-01
 -4.25436E+01  2.17417E-28  1.43326E+06  2.00000E-03  9.51802E-01
 -4.24500E+01  2.17417E-28  1.43326E+06  2.00000E-03  9.51802E-01
 -4.23565E+01  2.17417E-28  1.43326E+06  2.00000E-03  9.51802E-01
 -4.22629E+01  2.17417E-28  1.43326E+06  2.00000E-03  9.51802E-01
 -4.21693E+01  2.17417E-28  1.43326E+06  2.00000E-03  9.51802E-01
 -4.20757E+01  2.17750E-28  1.43472E+06  2.00000E-03  6.74591E-01
 -4.19821E+01  2.18100E-28  1.43626E+06  2.00000E-03  3.95582E-01
 -4.18886E+01  2.18326E-28  1.43726E+06  2.00000E-03  2.25536E-01
 -4.17950E+01  2.18472E-28  1.43790E+06  2.00000E-03  1.15809E-01
 -4.17014E+01  2.18472E-28  1.43790E+06  2.00000E-03  1.15809E-01
 -4.16078E+01  2.18472E-28  1.43790E+06  2.00000E-03  1.15809E-01
 -4.15142E+01  2.18472E-28  1.43790E+06  2.00000E-03  1.15809E-01
 -4.14207E+01  2.18472E-28  1.43790E+06  2.00000E-03  1.15809E-01
 -4.13271E+01  2.18472E-28  1.43790E+06  2.00000E-03  1.15809E-01
 -4.12335E+01  2.18472E-28  1.43790E+06  2.00000E-03  1.15809E-01
 -4.11399E+01  2.18634E-28  1.43861E+06  2.00000E-03 -4.28719E-02
 -4.10463E+01  2.18672E-28  1.43877E+06  2.00000E-03 -8.01010E-02
 -4.09528E+01  2.18672E-28  1.43877E+06  2.00000E-03 -8.01011E-02
 -4.08592E+01  2.18672E-28  1.43877E+06  2.00000E-03 -8.01010E-02
 -4.07656E+01  2.18672E-28  1.43877E+06  2.00000E-03 -8.01010E-02
 -4.06720E+01  2.18678E-28  1.43880E+06  2.00000E-03 -8.56215E-02
 -4.05784E+01  2.18714E-28  1.43896E+06  2.00000E-03 -1.15887E-01
 -4.04849E+01  2.18741E-28  1.43909E+06  2.00000E-03 -1.38764E-01
 -4.03913E+01  2.18741E-28  1.43909E+06  2.00000E-03 -1.38764E-01
 -4.02977E+01  2.18699E-28  1.43890E+06  2.00000E-03 -1.14059E-01
 -4.02041E+01  2.18582E-28  1.43838E+06  2.00000E-03 -4.62477E-02
 -4.01105E+01  2.18567E-28  1.43832E+06  2.00000E-03 -3.76804E-02
 -4.00170E+01  2.18567E-28  1.43832E+06  2.00000E-03 -3.76804E-02
 -3.99234E+01  2.18567E-28  1.43832E+06  2.00000E-03 -3.76804E-02
 -3.98298E+01  2.18567E-28  1.43832E+06  2.00000E-03 -3.76804E-02
 -3.97362E+01  2.18567E-28  1.43832E+06  2.00000E-03 -3.76804E-02
 -3.96426E+01  2.18567E-28  1.43832E+06  2.00000E-03 -3.76804E-02
 -3.95491E+01  2.18567E-28  1.43832E+06  2.00000E-03 -3.76804E-02
 -3.94555E+01  2.18567E-28  1.43832E+06  2.00000E-03 -3.76804E-02
 -3.93619E+01  2.18353E-28  1.43738E+06  2.00000E-03  1.01917E-01
 -3.92683E+01  2.17816E-28  1.43503E+06  2.00000E-03  5.18525E-01
 -3.91747E+01  2.17606E-28  1.43411E+06  2.00000E-03  7.08583E-01
 -3.90812E+01  2.17435E-28  1.43336E+06  2.00000E-03  8.63281E-01
 -3.89876E+01  2.17435E-28  1.43336E+06  2.00000E-03  8.63281E-01
 -3.88940E+01  2.17435E-28  1.43336E+06  2.00000E-03  8.63281E-01
 -3.88004E+01  2.17435E-28  1.43336E+06  2.00000E-03  8.63281E-01
 -3.87068E+01  2.17435E-28  1.43336E+06  2.00000E-03  8.63281E-01
 -3.86133E+01  2.17435E-28  1.43336E+06  2.00000E-03  8.63281E-01
 -3.85197E+01  2.17435E-28  1.43336E+06  2.00000E-03  8.63281E-01
 -3.84261E+01  2.17091E-28  1.43185E+06  2.00000E-03  1.11202E+00
 -3.83325E+01  2.17007E-28  1.43148E+06  2.00000E-03  1.17288E+00
 -3.82389E+01  2.17007E-28  1.43148E+06  2.00000E-03  1.17288E+00
 -3.81454E+01  2.17007E-28  1.43148E+06  2.00000E-03  1.17288E+00
 -3.80518E+01  2.17007E-28  1.43148E+06  2.00000E-03  1.17288E+00
 -3.79582E+01  2.17012E-28  1.43150E+06  2.00000E-03  1.17676E+00
 -3.78646E+01  2.17049E-28  1.43167E+06  2.00000E-03  1.19391E+00
 -3.77710E+01  2.17094E-28  1.43188E+06  2.00000E-03  1.20454E+00
 -3.76775E+01  2.17090E-28  1.43186E+06  2.00000E-03  1.20594E+00
 -3.75839E+01  2.17063E-28  1.43175E+06  2.00000E-03  1.22602E+00
 -3.74903E+01  2.16978E-28  1.43137E+06  2.00000E-03  1.28836E+00
 -3.73967E+01  2.16953E-28  1.43126E+06  2.00000E-03  1.30662E+00
 -3.73031E+01  2.16959E-28  1.43129E+06  2.00000E-03  1.30423E+00
 -3.72096E+01  2.16968E-28  1.43133E+06  2.00000E-03  1.30116E+00
 -3.71160E+01  2.16966E-28  1.43132E+06  2.00000E-03  1.30196E+00
 -3.70224E+01  2.16981E-28  1.43139E+06  2.00000E-03  1.29683E+00
 -3.69288E+01  2.16980E-28  1.43139E+06  2.00000E-03  1.29683E+00
 -3.68352E+01  2.16980E-28  1.43139E+06  2.00000E-03  1.29683E+00
 -3.67417E+01  2.16980E-28  1.43139E+06  2.00000E-03  1.29683E+00
 -3.66481E+01  2.16956E-28  1.43128E+06  2.00000E-03  1.31893E+00
 -3.65545E+01  2.17020E-28  1.43158E+06  2.00000E-03  1.30866E+00
 -3.64609E+01  2.17132E-28  1.43208E+06  2.00000E-03  1.24533E+00
 -3.63673E+01  2.17209E-28  1.43242E+06  2.00000E-03  1.20196E+00
 -3.62738E+01  2.17209E-28  1.43242E+06  2.00000E-03  1.20196E+00
 -3.61802E+01  2.17209E-28  1.43242E+06  2.00000E-03  1.20196E+00
 -3.60866E+01  2.17209E-28  1.43242E+06  2.00000E-03  1.20196E+00
 -3.59930E+01  2.17209E-28  1.43242E+06  2.00000E-03  1.20196E+00
 -3.58994E+01  2.17209E-28  1.43242E+06  2.00000E-03  1.20196E+00
 -3.58059E+01  2.17209E-28  1.43242E+06  2.00000E-03  1.20196E+00
 -3.57123E+01  2.17628E-28  1.43428E+06  2.00000E-03  8.61389E-01
 -3.56187E+01  2.17730E-28  1.43473E+06  2.00000E-03  7.78858E-01
 -3.55251E+01  2.17730E-28  1.43473E+06  2.00000E-03  7.78859E-01
 -3.54315E+01  2.17730E-28  1.43473E+06  2.00000E-03  7.78859E-01
 -3.53380E+01  2.17730E-28  1.43473E+06  2.00000E-03  7.78858E-01
 -3.52444E+01  2.17779E-28  1.43495E+06  2.00000E-03  7.28514E-01
 -3.51508E+01  2.17901E-28  1.43551E+06  2.00000E-03  6.04227E-01
 -3.50572E+01  2.18056E-28  1.43622E+06  2.00000E-03  4.45474E-01
 -3.49636E+01  2.18065E-28  1.43626E+06  2.00000E-03  4.35412E-01
 -3.48701E+01  2.18110E-28  1.43646E+06  2.00000E-03  4.00739E-01
 -3.47765E+01  2.18407E-28  1.43777E+06  2.00000E-03  1.72667E-01
 -3.46829E+01  2.18491E-28  1.43814E+06  2.00000E-03  1.07961E-01
 -3.45893E+01  2.18491E-28  1.43814E+06  2.00000E-03  1.07961E-01
 -3.44958E+01  2.18491E-28  1.43814E+06  2.00000E-03  1.07961E-01
 -3.44022E+01  2.18491E-28  1.43814E+06  2.00000E-03  1.07961E-01
 -3.43086E+01  2.18491E-28  1.43814E+06  2.00000E-03  1.07961E-01
 -3.42150E+01  2.18491E-28  1.43814E+06  2.00000E-03  1.07961E-01
 -3.41214E+01  2.18491E-28  1.43814E+06  2.00000E-03  1.07961E-01
 -3.40279E+01  2.18491E-28  1.43814E+06  2.00000E-03  1.07961E-01
 -3.39343E+01  2.18414E-28  1.43780E+06  2.00000E-03  1.63183E-01
 -3.38407E+01  2.17982E-28  1.43586E+06  2.00000E-03  4.55340E-01
 -3.37471E+01  2.17731E-28  1.43472E+06  2.00000E-03  6.09420E-01
 -3.36535E+01  2.17519E-28  1.43377E+06  2.00000E-03  7.46823E-01
 -3.35600E+01  2.17519E-28  1.43377E+06  2.00000E-03  7.46823E-01
 -3.34664E+01  2.17200E-28  1.43236E+06  2.00000E-03  1.05198E+00
 -3.33728E+01  2.16857E-28  1.43085E+06  2.00000E-03  1.37987E+00
 -3.32792E+01  2.16857E-28  1.43085E+06  2.00000E-03  1.37987E+00
 -3.31856E+01  2.16559E-28  1.42953E+06  2.00000E-03  1.57440E+00
 -3.30921E+01  2.16166E-28  1.42779E+06  2.00000E-03  1.83146E+00
 -3.29985E+01  2.15763E-28  1.42601E+06  2.00000E-03  2.15104E+00
 -3.29049E+01  2.15521E-28  1.42494E+06  2.00000E-03  2.38431E+00
 -3.28113E+01  2.15521E-28  1.42494E+06  2.00000E-03  2.38431E+00
 -3.27177E+01  2.15521E-28  1.42494E+06  2.00000E-03  2.38431E+00
 -3.26242E+01  2.15521E-28  1.42494E+06  2.00000E-03  2.38431E+00
 -3.25306E+01  2.15275E-28  1.42385E+06  2.00000E-03  2.63780E+00
 -3.24370E+01  2.15086E-28  1.42303E+06  2.00000E-03  2.77391E+00
 -3.23434E+01  2.14906E-28  1.42224E+06  2.00000E-03  2.86097E+00
 -3.22498E+01  2.14897E-28  1.42220E+06  2.00000E-03  2.86502E+00
 -3.21563E+01  2.14917E-28  1.42228E+06  2.00000E-03  2.85666E+00
 -3.20627E+01  2.15019E-28  1.42273E+06  2.00000E-03  2.81242E+00
 -3.19691E+01  2.15039E-28  1.42282E+06  2.00000E-03  2.80390E+00
 -3.18755E+01  2.15041E-28  1.42283E+06  2.00000E-03  2.80078E+00
 -3.17819E+01  2.15133E-28  1.42324E+06  2.00000E-03  2.67829E+00
 -3.16884E+01  2.15295E-28  1.42396E+06  2.00000E-03  2.53534E+00
 -3.15948E+01  2.15633E-28  1.42544E+06  2.00000E-03  2.31326E+00
 -3.15012E+01  2.15633E-28  1.42544E+06  2.00000E-03  2.31326E+00
 -3.14076E+01  2.15633E-28  1.42544E+06  2.00000E-03  2.31326E+00
 -3.13140E+01  2.15633E-28  1.42544E+06  2.00000E-03  2.31326E+00
 -3.12205E+01  2.15794E-28  1.42615E+06  2.00000E-03  2.19825E+00
 -3.11269E+01  2.16194E-28  1.42791E+06  2.00000E-03  1.89042E+00
 -3.10333E+01  2.16199E-28  1.42794E+06  2.00000E-03  1.82689E+00
 -3.09397E+01  2.16208E-28  1.42798E+06  2.00000E-03  1.79013E+00
 -3.08461E+01  2.16206E-28  1.42797E+06  2.00000E-03  1.78752E+00
 -3.07526E+01  2.16406E-28  1.42885E+06  2.00000E-03  1.66493E+00
 -3.06590E+01  2.16610E-28  1.42975E+06  2.00000E-03  1.53453E+00
 -3.05654E+01  2.16617E-28  1.42978E+06  2.00000E-03  1.53636E+00
 -3.04718E+01  2.16531E-28  1.42940E+06  2.00000E-03  1.56612E+00
 -3.03782E+01  2.16288E-28  1.42834E+06  2.00000E-03  1.65406E+00
 -3.02847E+01  2.16391E-28  1.42880E+06  2.00000E-03  1.54666E+00
 -3.01911E+01  2.16704E-28  1.43017E+06  2.00000E-03  1.32673E+00
 -3.00975E+01  2.16704E-28  1.43017E+06  2.00000E-03  1.32672E+00
 -3.00039E+01  2.16704E-28  1.43017E+06  2.00000E-03  1.32672E+00
 -2.99103E+01  2.16704E-28  1.43017E+06  2.00000E-03  1.32672E+00
 -2.98168E+01  2.17106E-28  1.43194E+06  2.00000E-03  1.02338E+00
 -2.97232E+01  2.17178E-28  1.43226E+06  2.00000E-03  8.91638E-01
 -2.96296E+01  2.17124E-28  1.43203E+06  2.00000E-03  8.68416E-01
 -2.95360E+01  2.17120E-28  1.43201E+06  2.00000E-03  8.66449E-01
 -2.94424E+01  2.17159E-28  1.43218E+06  2.00000E-03  8.44795E-01
 -2.93489E+01  2.17388E-28  1.43319E+06  2.00000E-03  7.18641E-01
 -2.92553E+01  2.17432E-28  1.43338E+06  2.00000E-03  6.94812E-01
 -2.91617E+01  2.17427E-28  1.43336E+06  2.00000E-03  6.95843E-01
 -2.90681E+01  2.17221E-28  1.43247E+06  2.00000E-03  7.38891E-01
 -2.89745E+01  2.17032E-28  1.43164E+06  2.00000E-03  8.45068E-01
 -2.88810E+01  2.16739E-28  1.43035E+06  2.00000E-03  1.13183E+00
 -2.87874E+01  2.16687E-28  1.43012E+06  2.00000E-03  1.18864E+00
 -2.86938E+01  2.16687E-28  1.43012E+06  2.00000E-03  1.18864E+00
 -2.86002E+01  2.16687E-28  1.43012E+06  2.00000E-03  1.18864E+00
 -2.85066E+01  2.16567E-28  1.42959E+06  2.00000E-03  1.30852E+00
 -2.84131E+01  2.15642E-28  1.42553E+06  2.00000E-03  2.07461E+00
 -2.83195E+01  2.15208E-28  1.42363E+06  2.00000E-03  2.33990E+00
 -2.82259E+01  2.15068E-28  1.42301E+06  2.00000E-03  2.42575E+00
 -2.81323E+01  2.15068E-28  1.42301E+06  2.00000E-03  2.42575E+00
 -2.80387E+01  2.14870E-28  1.42214E+06  2.00000E-03  2.63684E+00
 -2.79452E+01  2.14523E-28  1.42060E+06  2.00000E-03  3.00957E+00
 -2.78516E+01  2.14523E-28  1.42060E+06  2.00000E-03  3.00957E+00
 -2.77580E+01  2.14311E-28  1.41968E+06  2.00000E-03  3.13651E+00
 -2.76644E+01  2.13988E-28  1.41827E+06  2.00000E-03  3.34837E+00
 -2.75708E+01  2.13884E-28  1.41781E+06  2.00000E-03  3.45366E+00
 -2.74773E+01  2.13944E-28  1.41808E+06  2.00000E-03  3.44739E+00
 -2.73837E+01  2.13941E-28  1.41806E+06  2.00000E-03  3.44968E+00
 -2.72901E+01  2.13936E-28  1.41804E+06  2.00000E-03  3.45334E+00
 -2.71965E+01  2.13939E-28  1.41805E+06  2.00000E-03  3.45107E+00
 -2.71029E+01  2.14413E-28  1.42016E+06  2.00000E-03  3.08821E+00
 -2.70094E+01  2.14718E-28  1.42152E+06  2.00000E-03  2.84422E+00
 -2.69158E+01  2.14874E-28  1.42223E+06  2.00000E-03  2.71042E+00
 -2.68222E+01  2.14883E-28  1.42227E+06  2.00000E-03  2.70273E+00
 -2.67286E+01  2.14962E-28  1.42262E+06  2.00000E-03  2.63698E+00
 -2.66350E+01  2.15448E-28  1.42476E+06  2.00000E-03  2.23099E+00
 -2.65415E+01  2.15646E-28  1.42563E+06  2.00000E-03  2.06654E+00
 -2.64479E+01  2.15652E-28  1.42566E+06  2.00000E-03  2.06219E+00
 -2.63543E+01  2.15908E-28  1.42682E+06  2.00000E-03  1.88615E+00
 -2.62607E+01  2.16057E-28  1.42749E+06  2.00000E-03  1.78021E+00
 -2.61671E+01  2.16217E-28  1.42819E+06  2.00000E-03  1.64321E+00
 -2.60736E+01  2.16243E-28  1.42830E+06  2.00000E-03  1.61825E+00
 -2.59800E+01  2.16243E-28  1.42830E+06  2.00000E-03  1.61825E+00
 -2.58864E+01  2.16243E-28  1.42830E+06  2.00000E-03  1.61825E+00
 -2.57928E+01  2.16268E-28  1.42841E+06  2.00000E-03  1.59031E+00
 -2.56992E+01  2.16380E-28  1.42896E+06  2.00000E-03  1.47269E+00
 -2.56057E+01  2.16369E-28  1.42897E+06  2.00000E-03  1.49463E+00
 -2.55121E+01  2.16363E-28  1.42898E+06  2.00000E-03  1.50588E+00
 -2.54185E+01  2.16363E-28  1.42898E+06  2.00000E-03  1.50588E+00
 -2.53249E+01  2.16441E-28  1.42932E+06  2.00000E-03  1.37299E+00
 -2.52313E+01  2.16530E-28  1.42972E+06  2.00000E-03  1.22119E+00
 -2.51378E+01  2.16530E-28  1.42972E+06  2.00000E-03  1.22119E+00
 -2.50442E+01  2.16453E-28  1.42935E+06  2.00000E-03  1.27633E+00
 -2.49506E+01  2.16253E-28  1.42839E+06  2.00000E-03  1.41831E+00
 -2.48570E+01  2.16265E-28  1.42844E+06  2.00000E-03  1.36896E+00
 -2.47634E+01  2.16293E-28  1.42856E+06  2.00000E-03  1.29407E+00
 -2.46699E+01  2.16377E-28  1.42886E+06  2.00000E-03  1.25423E+00
 -2.45763E+01  2.16552E-28  1.42959E+06  2.00000E-03  1.06548E+00
 -2.44827E+01  2.16616E-28  1.42986E+06  2.00000E-03  1.01716E+00
 -2.43891E+01  2.16794E-28  1.43064E+06  2.00000E-03  8.62209E-01
 -2.42955E+01  2.17063E-28  1.43180E+06  2.00000E-03  6.76246E-01
 -2.42020E+01  2.17237E-28  1.43255E+06  2.00000E-03  5.68165E-01
 -2.41084E+01  2.17247E-28  1.43260E+06  2.00000E-03  5.36988E-01
 -2.40148E+01  2.17387E-28  1.43321E+06  2.00000E-03  4.71115E-01
 -2.39212E+01  2.17430E-28  1.43340E+06  2.00000E-03  5.02806E-01
 -2.38276E+01  2.17448E-28  1.43349E+06  2.00000E-03  5.24233E-01
 -2.37341E+01  2.17374E-28  1.43316E+06  2.00000E-03  5.83357E-01
 -2.36405E+01  2.17301E-28  1.43285E+06  2.00000E-03  7.18853E-01
 -2.35469E+01  2.17381E-28  1.43321E+06  2.00000E-03  7.15998E-01
 -2.34533E+01  2.17218E-28  1.43250E+06  2.00000E-03  8.87972E-01
 -2.33597E+01  2.17205E-28  1.43244E+06  2.00000E-03  9.27354E-01
 -2.32662E+01  2.17257E-28  1.43267E+06  2.00000E-03  9.64495E-01
 -2.31726E+01  2.17147E-28  1.43219E+06  2.00000E-03  1.07025E+00
 -2.30790E+01  2.17121E-28  1.43207E+06  2.00000E-03  1.09452E+00
 -2.29854E+01  2.16960E-28  1.43137E+06  2.00000E-03  1.26112E+00
 -2.28918E+01  2.16940E-28  1.43128E+06  2.00000E-03  1.29289E+00
 -2.27983E+01  2.16755E-28  1.43047E+06  2.00000E-03  1.44087E+00
 -2.27047E+01  2.16510E-28  1.42940E+06  2.00000E-03  1.62430E+00
 -2.26111E+01  2.16283E-28  1.42840E+06  2.00000E-03  1.79632E+00
 -2.25175E+01  2.15852E-28  1.42651E+06  2.00000E-03  2.12454E+00
 -2.24240E+01  2.15807E-28  1.42631E+06  2.00000E-03  2.15870E+00
 -2.23304E+01  2.15291E-28  1.42405E+06  2.00000E-03  2.53518E+00
 -2.22368E+01  2.14756E-28  1.42169E+06  2.00000E-03  2.92186E+00
 -2.21432E+01  2.14532E-28  1.42070E+06  2.00000E-03  3.09568E+00
 -2.20496E+01  2.14162E-28  1.41908E+06  2.00000E-03  3.36768E+00
 -2.19561E+01  2.13849E-28  1.41770E+06  2.00000E-03  3.59754E+00
 -2.18625E+01  2.13377E-28  1.41563E+06  2.00000E-03  3.94852E+00
 -2.17689E+01  2.13257E-28  1.41510E+06  2.00000E-03  4.03757E+00
 -2.16753E+01  2.12982E-28  1.41388E+06  2.00000E-03  4.24711E+00
 -2.15817E+01  2.12633E-28  1.41235E+06  2.00000E-03  4.51652E+00
 -2.14882E+01  2.12515E-28  1.41182E+06  2.00000E-03  4.61278E+00
 -2.13946E+01  2.12386E-28  1.41125E+06  2.00000E-03  4.72530E+00
 -2.13010E+01  2.12383E-28  1.41123E+06  2.00000E-03  4.74536E+00
 -2.12074E+01  2.12382E-28  1.41123E+06  2.00000E-03  4.76666E+00
 -2.11138E+01  2.12437E-28  1.41147E+06  2.00000E-03  4.74004E+00
 -2.10203E+01  2.12650E-28  1.41242E+06  2.00000E-03  4.60770E+00
 -2.09267E+01  2.13123E-28  1.41452E+06  2.00000E-03  4.28006E+00
 -2.08331E+01  2.13485E-28  1.41613E+06  2.00000E-03  4.02504E+00
 -2.07395E+01  2.13784E-28  1.41746E+06  2.00000E-03  3.77696E+00
 -2.06459E+01  2.14022E-28  1.41852E+06  2.00000E-03  3.60377E+00
 -2.05524E+01  2.14515E-28  1.42071E+06  2.00000E-03  3.27196E+00
 -2.04588E+01  2.14727E-28  1.42165E+06  2.00000E-03  3.08567E+00
 -2.03652E+01  2.14739E-28  1.42170E+06  2.00000E-03  3.09650E+00
 -2.02716E+01  2.14796E-28  1.42197E+06  2.00000E-03  3.08169E+00
 -2.01780E+01  2.14796E-28  1.42198E+06  2.00000E-03  3.11098E+00
 -2.00845E+01  2.14790E-28  1.42195E+06  2.00000E-03  3.07878E+00
 -1.99909E+01  2.14803E-28  1.42202E+06  2.00000E-03  3.04825E+00
 -1.98973E+01  2.15358E-28  1.42448E+06  2.00000E-03  2.72788E+00
 -1.98037E+01  2.16412E-28  1.42914E+06  2.00000E-03  1.93757E+00
 -1.97101E+01  2.16589E-28  1.42993E+06  2.00000E-03  1.80871E+00
 -1.96166E+01  2.18757E-28  1.43952E+06  2.00000E-03  1.82767E-01
 -1.95230E+01  2.20684E-28  1.44797E+06  2.00000E-03 -1.19649E+00
 -1.94294E+01  2.20987E-28  1.44929E+06  2.00000E-03 -1.41430E+00
 -1.93358E+01  2.21543E-28  1.45171E+06  2.00000E-03 -1.82135E+00
 -1.92422E+01  2.21781E-28  1.45276E+06  2.00000E-03 -1.97060E+00
 -1.91487E+01  2.21502E-28  1.45154E+06  2.00000E-03 -1.65205E+00
 -1.90551E+01  2.21379E-28  1.45099E+06  2.00000E-03 -1.54950E+00
 -1.89615E+01  2.20623E-28  1.44770E+06  2.00000E-03 -9.31571E-01
 -1.88679E+01  2.19742E-28  1.44385E+06  2.00000E-03 -1.97421E-01
 -1.87743E+01  2.19313E-28  1.44197E+06  2.00000E-03  1.26267E-01
 -1.86808E+01  2.18659E-28  1.43910E+06  2.00000E-03  6.61453E-01
 -1.85872E+01  2.17930E-28  1.43592E+06  2.00000E-03  1.17795E+00
 -1.84936E+01  2.17176E-28  1.43262E+06  2.00000E-03  1.76691E+00
 -1.84000E+01  2.16951E-28  1.43163E+06  2.00000E-03  1.95235E+00
 -1.83064E+01  2.16615E-28  1.43017E+06  2.00000E-03  2.20820E+00
 -1.82129E+01  2.15998E-28  1.42747E+06  2.00000E-03  2.69375E+00
 -1.81193E+01  2.15676E-28  1.42606E+06  2.00000E-03  2.94351E+00
 -1.80257E+01  2.15421E-28  1.42494E+06  2.00000E-03  3.16068E+00
 -1.79321E+01  2.15058E-28  1.42336E+06  2.00000E-03  3.45175E+00
 -1.78385E+01  2.14676E-28  1.42171E+06  2.00000E-03  3.75693E+00
 -1.77450E+01  2.14221E-28  1.41971E+06  2.00000E-03  4.15042E+00
 -1.76514E+01  2.14006E-28  1.41878E+06  2.00000E-03  4.30118E+00
 -1.75578E+01  2.13456E-28  1.41639E+06  2.00000E-03  4.77078E+00
 -1.74642E+01  2.13149E-28  1.41506E+06  2.00000E-03  5.04223E+00
 -1.73706E+01  2.12999E-28  1.41440E+06  2.00000E-03  5.18961E+00
 -1.72771E+01  2.12837E-28  1.41370E+06  2.00000E-03  5.34630E+00
 -1.71835E+01  2.12765E-28  1.41340E+06  2.00000E-03  5.44205E+00
 -1.70899E+01  2.12760E-28  1.41338E+06  2.00000E-03  5.51450E+00
 -1.69963E+01  2.12749E-28  1.41335E+06  2.00000E-03  5.52613E+00
 -1.69027E+01  2.12731E-28  1.41344E+06  2.00000E-03  5.59377E+00
 -1.68092E+01  2.12650E-28  1.41321E+06  2.00000E-03  5.69319E+00
 -1.67156E+01  2.12651E-28  1.41322E+06  2.00000E-03  5.71490E+00
 -1.66220E+01  2.12625E-28  1.41311E+06  2.00000E-03  5.80371E+00
 -1.65284E+01  2.12479E-28  1.41254E+06  2.00000E-03  5.93271E+00
 -1.64348E+01  2.12171E-28  1.41128E+06  2.00000E-03  6.23318E+00
 -1.63413E+01  2.11952E-28  1.41034E+06  2.00000E-03  6.45362E+00
 -1.62477E+01  2.11562E-28  1.40860E+06  2.00000E-03  6.82550E+00
 -1.61541E+01  2.11284E-28  1.40735E+06  2.00000E-03  7.11229E+00
 -1.60605E+01  2.11163E-28  1.40679E+06  2.00000E-03  7.31248E+00
 -1.59669E+01  2.11289E-28  1.40719E+06  2.00000E-03  7.31565E+00
 -1.58734E+01  2.11918E-28  1.40987E+06  2.00000E-03  6.91179E+00
 -1.57798E+01  2.13178E-28  1.41529E+06  2.00000E-03  6.02242E+00
 -1.56862E+01  2.14865E-28  1.42266E+06  2.00000E-03  4.78485E+00
 -1.55926E+01  2.16630E-28  1.43035E+06  2.00000E-03  3.50355E+00
 -1.54990E+01  2.18063E-28  1.43657E+06  2.00000E-03  2.46999E+00
 -1.54055E+01  2.19519E-28  1.44294E+06  2.00000E-03  1.39372E+00
 -1.53119E+01  2.20356E-28  1.44662E+06  2.00000E-03  7.79402E-01
 -1.52183E+01  2.20593E-28  1.44768E+06  2.00000E-03  6.10517E-01
 -1.51247E+01  2.20511E-28  1.44737E+06  2.00000E-03  5.96516E-01
 -1.50311E+01  2.20000E-28  1.44516E+06  2.00000E-03  9.08186E-01
 -1.49376E+01  2.19247E-28  1.44189E+06  2.00000E-03  1.42492E+00
 -1.48440E+01  2.18549E-28  1.43884E+06  2.00000E-03  1.89617E+00
 -1.47504E+01  2.17730E-28  1.43526E+06  2.00000E-03  2.44198E+00
 -1.46568E+01  2.17249E-28  1.43315E+06  2.00000E-03  2.76653E+00
 -1.45632E+01  2.16992E-28  1.43202E+06  2.00000E-03  2.92875E+00
 -1.44697E+01  2.16959E-28  1.43187E+06  2.00000E-03  2.92386E+00
 -1.43761E+01  2.17074E-28  1.43237E+06  2.00000E-03  2.73936E+00
 -1.42825E+01  2.17360E-28  1.43361E+06  2.00000E-03  2.49477E+00
 -1.41889E+01  2.17637E-28  1.43482E+06  2.00000E-03  2.22839E+00
 -1.40953E+01  2.17808E-28  1.43556E+06  2.00000E-03  2.02797E+00
 -1.40018E+01  2.17798E-28  1.43551E+06  2.00000E-03  1.93244E+00
 -1.39082E+01  2.17757E-28  1.43532E+06  2.00000E-03  1.83011E+00
 -1.38146E+01  2.17635E-28  1.43478E+06  2.00000E-03  1.79416E+00
 -1.37210E+01  2.17691E-28  1.43502E+06  2.00000E-03  1.56596E+00
 -1.36274E+01  2.18119E-28  1.43691E+06  2.00000E-03  1.05040E+00
 -1.35339E+01  2.18385E-28  1.43810E+06  2.00000E-03  6.58292E-01
 -1.34403E+01  2.18836E-28  1.44010E+06  2.00000E-03  5.87734E-02
 -1.33467E+01  2.19191E-28  1.44167E+06  2.00000E-03 -5.16818E-01
 -1.32531E+01  2.19170E-28  1.44160E+06  2.00000E-03 -7.49166E-01
 -1.31595E+01  2.18977E-28  1.44078E+06  2.00000E-03 -8.82809E-01
 -1.30660E+01  2.18545E-28  1.43891E+06  2.00000E-03 -8.53188E-01
 -1.29724E+01  2.18066E-28  1.43683E+06  2.00000E-03 -7.52709E-01
 -1.28788E+01  2.17682E-28  1.43516E+06  2.00000E-03 -7.19926E-01
 -1.27852E+01  2.17490E-28  1.43433E+06  2.00000E-03 -8.09757E-01
 -1.26916E+01  2.17673E-28  1.43519E+06  2.00000E-03 -1.32089E+00
 -1.25981E+01  2.18110E-28  1.43713E+06  2.00000E-03 -1.77024E+00
 -1.25045E+01  2.19027E-28  1.44119E+06  2.00000E-03 -2.63236E+00
 -1.24109E+01  2.19890E-28  1.44501E+06  2.00000E-03 -3.47753E+00
 -1.23173E+01  2.20964E-28  1.44974E+06  2.00000E-03 -4.49719E+00
 -1.22237E+01  2.21546E-28  1.45231E+06  2.00000E-03 -5.17388E+00
 -1.21302E+01  2.21936E-28  1.45404E+06  2.00000E-03 -5.72132E+00
 -1.20366E+01  2.22060E-28  1.45460E+06  2.00000E-03 -6.11701E+00
 -1.19430E+01  2.22031E-28  1.45450E+06  2.00000E-03 -6.63465E+00
 -1.18494E+01  2.22013E-28  1.45443E+06  2.00000E-03 -7.08257E+00
 -1.17558E+01  2.21930E-28  1.45408E+06  2.00000E-03 -7.49594E+00
 -1.16623E+01  2.21881E-28  1.45391E+06  2.00000E-03 -8.11399E+00
 -1.15687E+01  2.22017E-28  1.45452E+06  2.00000E-03 -8.58527E+00
 -1.14751E+01  2.22162E-28  1.45519E+06  2.00000E-03 -9.27708E+00
 -1.13815E+01  2.22269E-28  1.45572E+06  2.00000E-03 -9.91101E+00
 -1.12879E+01  2.22365E-28  1.45635E+06  2.00000E-03 -1.05358E+01
 -1.11944E+01  2.22252E-28  1.45671E+06  1.99999E-03 -1.11332E+01
 -1.11008E+01  2.21986E-28  1.45755E+06  1.99990E-03 -1.19142E+01
 -1.10072E+01  2.22860E-28  1.44912E+06  1.99080E-03 -1.44773E+01
 -1.09136E+01  2.28609E-28  1.40920E+06  1.95328E-03 -1.57244E+01
 -1.08200E+01  2.60787E-28  1.22653E+06  1.78348E-03 -1.87380E+01
 -1.07265E+01  3.06068E-28  1.03561E+06  1.60917E-03 -2.14781E+01
 -1.06329E+01  3.61384E-28  8.64691E+05  1.45963E-03 -2.63418E+01
 -1.05393E+01  3.89549E-28  7.96796E+05  1.40424E-03 -3.06154E+01
 -1.04457E+01  4.16251E-28  7.47399E+05  1.36526E-03 -3.41613E+01
 -1.03521E+01  4.27965E-28  7.36410E+05  1.35285E-03 -3.61998E+01
 -1.02586E+01  4.13838E-28  7.72879E+05  1.36980E-03 -4.04997E+01
 -1.01650E+01  3.84096E-28  8.43997E+05  1.41292E-03 -4.92506E+01
 -1.00714E+01  3.47377E-28  9.34866E+05  1.49331E-03 -5.80312E+01
 -9.97783E+00  2.96188E-28  1.08152E+06  1.61611E-03 -7.02305E+01
 -9.88425E+00  3.06933E-28  1.02810E+06  1.55050E-03 -7.24381E+01
 -9.79067E+00  3.32951E-28  9.33070E+05  1.46400E-03 -7.10584E+01
 -9.69709E+00  3.46207E-28  8.90357E+05  1.42804E-03 -6.95913E+01
 -9.60351E+00  3.52817E-28  8.65854E+05  1.40760E-03 -6.46259E+01
 -9.50993E+00  3.50156E-28  8.71834E+05  1.41204E-03 -6.06289E+01
 -9.41635E+00  3.40595E-28  9.01952E+05  1.43398E-03 -6.00475E+01
 -9.32277E+00  3.25138E-28  9.43637E+05  1.47128E-03 -5.51720E+01
 -9.22919E+00  3.19382E-28  9.57479E+05  1.48406E-03 -4.47595E+01
 -9.13561E+00  2.99120E-28  1.01546E+06  1.55064E-03 -3.41556E+01
 -9.04203E+00  2.79541E-28  1.09242E+06  1.63643E-03 -2.81970E+01
 -8.94845E+00  2.49217E-28  1.26684E+06  1.81622E-03 -2.36768E+01
 -8.85487E+00  2.37510E-28  1.37242E+06  1.90514E-03 -2.56045E+01
 -8.76129E+00  2.35558E-28  1.41289E+06  1.92643E-03 -3.30055E+01
 -8.66771E+00  2.46982E-28  1.37018E+06  1.86177E-03 -4.65303E+01
 -8.57413E+00  2.55997E-28  1.30973E+06  1.79687E-03 -5.43204E+01
 -8.48055E+00  2.64847E-28  1.24491E+06  1.73809E-03 -6.49482E+01
 -8.38697E+00  2.65332E-28  1.24176E+06  1.73972E-03 -7.34789E+01
 -8.29339E+00  2.54368E-28  1.28136E+06  1.78760E-03 -7.46619E+01
 -8.19981E+00  3.72359E-28  8.62871E+05  1.39744E-03 -9.12879E+01
 -8.10623E+00  1.93875E-27  1.54612E+05  8.07117E-04 -1.17623E+02
 -8.01265E+00  7.62950E-27  3.24460E+04  7.05927E-04 -1.27295E+02
 -7.91907E+00  9.98493E-27  1.84273E+04  6.93854E-04 -1.29878E+02
 -7.82549E+00  6.01407E-27  2.61154E+04  7.17340E-04 -1.26594E+02
 -7.73191E+00  2.65576E-27  6.60835E+04  7.67774E-04 -1.19123E+02
 -7.63833E+00  2.72573E-27  7.29364E+04  7.90979E-04 -1.13752E+02
 -7.54475E+00  4.02858E-27  5.23592E+04  7.91526E-04 -1.19011E+02
 -7.45117E+00  3.03703E-27  6.75053E+04  8.02655E-04 -1.31513E+02
 -7.35759E+00  2.44288E-27  8.29028E+04  8.05504E-04 -1.41493E+02
 -7.26401E+00  2.62005E-27  8.71227E+04  8.06521E-04 -1.40967E+02
 -7.17043E+00  2.47040E-27  1.03130E+05  7.83036E-04 -1.36367E+02
 -7.07685E+00  5.08753E-27  5.25579E+04  7.15421E-04 -1.31454E+02
 -6.98327E+00  9.34124E-27  3.04887E+04  6.89499E-04 -1.29803E+02
 -6.88969E+00  9.73610E-27  3.02787E+04  6.91636E-04 -1.30100E+02
 -6.79611E+00  4.97470E-27  6.16012E+04  7.42133E-04 -1.31967E+02
 -6.70253E+00  1.82985E-27  1.63403E+05  8.72977E-04 -1.40915E+02
 -6.60895E+00  2.75607E-27  1.03395E+05  8.19909E-04 -1.44361E+02
 -6.51537E+00  4.38429E-27  6.49640E+04  7.79042E-04 -1.40171E+02
 -6.42179E+00  3.91793E-27  7.21036E+04  7.76946E-04 -1.32676E+02
 -6.32821E+00  4.42100E-27  5.68301E+04  7.66059E-04 -1.25528E+02
 -6.23463E+00  6.37835E-27  3.38154E+04  7.50484E-04 -1.27295E+02
 -6.14106E+00  5.16944E-27  3.95528E+04  7.60402E-04 -1.34719E+02
 -6.04748E+00  2.25238E-27  9.55741E+04  8.13128E-04 -1.41969E+02
 -5.95390E+00  1.16048E-27  2.22467E+05  8.90422E-04 -1.33060E+02
 -5.86032E+00  9.02105E-28  3.37652E+05  9.59450E-04 -1.18130E+02
 -5.76674E+00  7.81491E-28  4.17804E+05  1.00633E-03 -1.21011E+02
 -5.67316E+00  1.31570E-27  2.81487E+05  8.98745E-04 -1.33677E+02
 -5.57958E+00  7.84995E-27  5.33759E+04  6.99404E-04 -1.41174E+02
 -5.48600E+00  2.15601E-26  1.80252E+04  6.45855E-04 -1.46827E+02
 -5.39242E+00  2.31543E-26  1.45352E+04  6.22534E-04 -1.50842E+02
 -5.29884E+00  2.12519E-26  1.44001E+04  6.10570E-04 -1.52252E+02
 -5.20526E+00  2.06169E-26  1.43391E+04  6.05446E-04 -1.52427E+02
 -5.11168E+00  2.07182E-26  1.42596E+04  6.02481E-04 -1.51957E+02
 -5.01810E+00  2.13619E-26  1.42393E+04  6.00945E-04 -1.50998E+02
 -4.92452E+00  2.18242E-26  1.43479E+04  6.00204E-04 -1.49905E+02
 -4.83094E+00  2.11484E-26  1.45095E+04  6.00046E-04 -1.49299E+02
 -4.73736E+00  1.93633E-26  1.46345E+04  6.00015E-04 -1.49517E+02
 -4.64378E+00  1.76045E-26  1.46079E+04  6.00024E-04 -1.50190E+02
 -4.55020E+00  1.68770E-26  1.45424E+04  6.00050E-04 -1.50547E+02
 -4.45662E+00  1.68163E-26  1.45733E+04  6.00103E-04 -1.50597E+02
 -4.36304E+00  1.67549E-26  1.46936E+04  6.00108E-04 -1.50697E+02
 -4.26946E+00  1.61775E-26  1.48665E+04  6.00035E-04 -1.51178E+02
 -4.17588E+00  1.52582E-26  1.49683E+04  6.00012E-04 -1.52076E+02
 -4.08230E+00  1.44674E-26  1.49037E+04  6.00008E-04 -1.53152E+02
 -3.98872E+00  1.42611E-26  1.48071E+04  6.00005E-04 -1.53945E+02
 -3.89514E+00  1.47636E-26  1.47155E+04  6.00002E-04 -1.54425E+02
 -3.80156E+00  1.58534E-26  1.46396E+04  6.00001E-04 -1.54600E+02
 -3.70798E+00  1.75304E-26  1.45428E+04  6.00002E-04 -1.54615E+02
 -3.61440E+00  1.94036E-26  1.44299E+04  6.00001E-04 -1.54452E+02
 -3.52082E+00  2.15150E-26  1.43142E+04  6.00000E-04 -1.54092E+02
 -3.42724E+00  2.37079E-26  1.42174E+04  6.00000E-04 -1.53638E+02
 -3.33366E+00  2.56062E-26  1.41657E+04  6.00000E-04 -1.53193E+02
 -3.24008E+00  2.66634E-26  1.41613E+04  6.00000E-04 -1.52970E+02
 -3.14650E+00  2.68367E-26  1.41800E+04  6.00000E-04 -1.53001E+02
 -3.05292E+00  2.63704E-26  1.41967E+04  6.00000E-04 -1.53195E+02
 -2.95934E+00  2.57676E-26  1.42000E+04  6.00000E-04 -1.53353E+02
 -2.86576E+00  2.52407E-26  1.42082E+04  6.00000E-04 -1.53327E+02
 -2.77218E+00  2.52300E-26  1.42101E+04  6.00000E-04 -1.53131E+02
 -2.67860E+00  2.52584E-26  1.42296E+04  6.00000E-04 -1.52845E+02
 -2.58502E+00  2.53334E-26  1.42507E+04  6.00000E-04 -1.52576E+02
 -2.49144E+00  2.53917E-26  1.42667E+04  6.00000E-04 -1.52350E+02
 -2.39786E+00  2.52977E-26  1.42836E+04  6.00000E-04 -1.52212E+02
 -2.30428E+00  2.55551E-26  1.42789E+04  6.00000E-04 -1.52087E+02
 -2.21070E+00  2.59647E-26  1.42742E+04  6.00000E-04 -1.51961E+02
 -2.11712E+00  2.63061E-26  1.42876E+04  6.00000E-04 -1.51863E+02
 -2.02354E+00  2.61765E-26  1.43357E+04  6.00000E-04 -1.51896E+02
 -1.92996E+00  2.54174E-26  1.43930E+04  6.00000E-04 -1.52139E+02
 -1.83638E+00  2.38831E-26  1.44119E+04  6.00000E-04 -1.52658E+02
 -1.74280E+00  2.28694E-26  1.43543E+04  6.00000E-04 -1.53035E+02
 -1.64922E+00  2.25316E-26  1.42791E+04  6.00000E-04 -1.53136E+02
 -1.55564E+00  2.27796E-26  1.42288E+04  6.00000E-04 -1.52955E+02
 -1.46206E+00  2.32244E-26  1.41931E+04  6.00000E-04 -1.52668E+02
 -1.36848E+00  2.38287E-26  1.41594E+04  6.00000E-04 -1.52288E+02
 -1.27490E+00  2.45443E-26  1.41308E+04  6.00000E-04 -1.51880E+02
 -1.18132E+00  2.54346E-26  1.41040E+04  6.00000E-04 -1.51364E+02
 -1.08774E+00  2.63002E-26  1.40869E+04  6.00000E-04 -1.50880E+02
 -9.94163E-01  2.71976E-26  1.40742E+04  6.00000E-04 -1.50355E+02
 -9.00583E-01  2.79666E-26  1.40759E+04  6.00000E-04 -1.49874E+02
 -8.07003E-01  2.84628E-26  1.41052E+04  6.00000E-04 -1.49397E+02
 -7.13424E-01  2.84859E-26  1.41601E+04  6.00000E-04 -1.49023E+02
 -6.19844E-01  2.80180E-26  1.42239E+04  6.00000E-04 -1.48762E+02
 -5.26264E-01  2.69690E-26  1.43049E+04  6.00000E-04 -1.48664E+02
 -4.32684E-01  2.50872E-26  1.43982E+04  6.00000E-04 -1.48950E+02
 -3.39104E-01  2.25293E-26  1.44907E+04  6.00000E-04 -1.49685E+02
 -2.45524E-01  2.06994E-26  1.45248E+04  6.00000E-04 -1.50376E+02
 -1.51944E-01  1.94005E-26  1.44877E+04  6.00000E-04 -1.50906E+02
 -5.83646E-02  1.88895E-26  1.44255E+04  6.00000E-04 -1.51036E+02
  3.52152E-02  1.88223E-26  1.43770E+04  6.00000E-04 -1.50873E+02
  1.28795E-01  1.90847E-26  1.43358E+04  6.00000E-04 -1.50568E+02
  2.22375E-01  1.94665E-26  1.43063E+04  6.00000E-04 -1.50232E+02
  3.15955E-01  1.99420E-26  1.42784E+04  6.00000E-04 -1.49894E+02
  4.09535E-01  2.05156E-26  1.42571E+04  6.00000E-04 -1.49572E+02
  5.03115E-01  2.11352E-26  1.42455E+04  6.00000E-04 -1.49228E+02
  5.96694E-01  2.17199E-26  1.42453E+04  6.00000E-04 -1.48937E+02
  6.90274E-01  2.22341E-26  1.42700E+04  6.00000E-04 -1.48658E+02
  7.83854E-01  2.24816E-26  1.43250E+04  6.00000E-04 -1.48441E+02
  8.77434E-01  2.25836E-26  1.43787E+04  6.00000E-04 -1.48226E+02
  9.71014E-01  2.22169E-26  1.44772E+04  6.00000E-04 -1.48118E+02
  1.06459E+00  2.14875E-26  1.45647E+04  6.00000E-04 -1.48103E+02
  1.15817E+00  2.05825E-26  1.46398E+04  6.00000E-04 -1.48179E+02
  1.25175E+00  1.95203E-26  1.46752E+04  6.00000E-04 -1.48339E+02
  1.34533E+00  1.90450E-26  1.46772E+04  6.00000E-04 -1.48460E+02
  1.43891E+00  1.87514E-26  1.46516E+04  6.00000E-04 -1.48702E+02
  1.53249E+00  1.85759E-26  1.46102E+04  6.00000E-04 -1.49071E+02
  1.62607E+00  1.84686E-26  1.45688E+04  6.00000E-04 -1.49410E+02
  1.71965E+00  1.80617E-26  1.45281E+04  6.00000E-04 -1.49724E+02
  1.81323E+00  1.75404E-26  1.45067E+04  6.00000E-04 -1.49904E+02
  1.90681E+00  1.71047E-26  1.45248E+04  6.00000E-04 -1.49943E+02
  2.00039E+00  1.65890E-26  1.45878E+04  6.00000E-04 -1.50015E+02
  2.09397E+00  1.60015E-26  1.46696E+04  6.00000E-04 -1.50210E+02
  2.18755E+00  1.55232E-26  1.47359E+04  6.00000E-04 -1.50497E+02
  2.28113E+00  1.52252E-26  1.47748E+04  6.00000E-04 -1.50788E+02
  2.37471E+00  1.50913E-26  1.47951E+04  6.00000E-04 -1.51079E+02
  2.46829E+00  1.52279E-26  1.48231E+04  6.00000E-04 -1.51438E+02
  2.56187E+00  1.56413E-26  1.48490E+04  6.00000E-04 -1.51970E+02
  2.65545E+00  1.61773E-26  1.48122E+04  6.00000E-04 -1.52524E+02
  2.74903E+00  1.64738E-26  1.47057E+04  6.00000E-04 -1.52868E+02
  2.84261E+00  1.63557E-26  1.46057E+04  6.00000E-04 -1.52914E+02
  2.93619E+00  1.59081E-26  1.45446E+04  6.00000E-04 -1.52775E+02
  3.02977E+00  1.54114E-26  1.45293E+04  6.00000E-04 -1.52593E+02
  3.12335E+00  1.49867E-26  1.45403E+04  6.00000E-04 -1.52445E+02
  3.21693E+00  1.47205E-26  1.45710E+04  6.00000E-04 -1.52400E+02
  3.31051E+00  1.46739E-26  1.46191E+04  6.00000E-04 -1.52487E+02
  3.40409E+00  1.51113E-26  1.46883E+04  6.00000E-04 -1.52835E+02
  3.49767E+00  1.58097E-26  1.47070E+04  6.00002E-04 -1.53282E+02
  3.59125E+00  1.64629E-26  1.46279E+04  6.00010E-04 -1.53584E+02
  3.68483E+00  1.66793E-26  1.45100E+04  6.00055E-04 -1.53501E+02
  3.77841E+00  1.63891E-26  1.44175E+04  6.00345E-04 -1.53072E+02
  3.87199E+00  1.58020E-26  1.43905E+04  6.00988E-04 -1.52436E+02
  3.96557E+00  1.51935E-26  1.44320E+04  6.01974E-04 -1.51923E+02
  4.05915E+00  1.49526E-26  1.45573E+04  6.03802E-04 -1.51760E+02
  4.15273E+00  1.43733E-26  1.55121E+04  6.12308E-04 -1.51933E+02
  4.24631E+00  1.08482E-26  2.11898E+04  6.35798E-04 -1.51990E+02
  4.33989E+00  6.52082E-27  3.57856E+04  6.82086E-04 -1.51272E+02
  4.43347E+00  3.43509E-27  6.78042E+04  7.24308E-04 -1.51291E+02
  4.52705E+00  2.41404E-27  9.64757E+04  7.36168E-04 -1.52815E+02
  4.62063E+00  3.19285E-27  7.29497E+04  7.65217E-04 -1.55484E+02
  4.71421E+00  4.68204E-27  5.01396E+04  7.43904E-04 -1.55082E+02
  4.80779E+00  4.26467E-27  5.61718E+04  7.31131E-04 -1.54597E+02
  4.90137E+00  3.70908E-27  6.58214E+04  7.30649E-04 -1.53485E+02
  4.99495E+00  2.69587E-27  9.18200E+04  7.53912E-04 -1.52136E+02
  5.08853E+00  1.59634E-27  1.54964E+05  8.26554E-04 -1.51541E+02
  5.18211E+00  9.19790E-28  2.68785E+05  9.56151E-04 -1.51788E+02
  5.27569E+00  8.05787E-28  3.10217E+05  9.88199E-04 -1.49943E+02
  5.36927E+00  8.20445E-28  3.11537E+05  9.81106E-04 -1.48868E+02
  5.46285E+00  9.36325E-28  2.83401E+05  9.71030E-04 -1.48028E+02
  5.55643E+00  1.01701E-27  2.75974E+05  9.78605E-04 -1.47285E+02
  5.65001E+00  8.91590E-28  3.33427E+05  1.02676E-03 -1.48711E+02
  5.74359E+00  7.30818E-28  4.20709E+05  1.07196E-03 -1.51583E+02
  5.83717E+00  7.23492E-28  4.30433E+05  1.06250E-03 -1.51908E+02
  5.93075E+00  7.71260E-28  4.05420E+05  1.03551E-03 -1.48225E+02
  6.02433E+00  8.68592E-28  3.56802E+05  9.97089E-04 -1.41698E+02
  6.11791E+00  9.94529E-28  3.05571E+05  9.58918E-04 -1.37608E+02
  6.21149E+00  1.05058E-27  2.84291E+05  9.41657E-04 -1.36661E+02
  6.30507E+00  9.34126E-28  3.18740E+05  9.68961E-04 -1.35271E+02
  6.39865E+00  7.97980E-28  3.67959E+05  1.01628E-03 -1.27320E+02
  6.49223E+00  7.25327E-28  3.86103E+05  1.03968E-03 -1.18038E+02
  6.58580E+00  6.59170E-28  4.12977E+05  1.06867E-03 -1.11828E+02
  6.67938E+00  6.13091E-28  4.42767E+05  1.09386E-03 -1.07621E+02
  6.77296E+00  5.64273E-28  5.00086E+05  1.12746E-03 -1.05474E+02
  6.86654E+00  4.96313E-28  5.95068E+05  1.18739E-03 -1.00734E+02
  6.96012E+00  4.09030E-28  7.41598E+05  1.29408E-03 -9.19369E+01
  7.05370E+00  3.40836E-28  8.87180E+05  1.41696E-03 -7.94461E+01
  7.14728E+00  3.13562E-28  9.54135E+05  1.48661E-03 -7.21657E+01
  7.24086E+00  3.08740E-28  9.71312E+05  1.51069E-03 -7.32559E+01
  7.33444E+00  3.22574E-28  9.37207E+05  1.47200E-03 -8.06710E+01
  7.42802E+00  3.11362E-28  9.75194E+05  1.50911E-03 -8.54347E+01
  7.52160E+00  2.81288E-28  1.09537E+06  1.63041E-03 -8.41647E+01
  7.61518E+00  2.58732E-28  1.23688E+06  1.76942E-03 -8.11280E+01
  7.70876E+00  2.44961E-28  1.34779E+06  1.86757E-03 -7.39455E+01
  7.80234E+00  2.39077E-28  1.40681E+06  1.90341E-03 -6.69360E+01
  7.89592E+00  2.51470E-28  1.34361E+06  1.82994E-03 -6.02409E+01
  7.98950E+00  3.00128E-28  1.11026E+06  1.63245E-03 -5.42346E+01
  8.08308E+00  3.49707E-28  9.27809E+05  1.48382E-03 -4.81263E+01
  8.17666E+00  4.06404E-28  7.76899E+05  1.35960E-03 -4.44887E+01
  8.27024E+00  4.50007E-28  6.89136E+05  1.28872E-03 -4.19741E+01
  8.36382E+00  4.31044E-28  7.34633E+05  1.31868E-03 -4.17207E+01
  8.45740E+00  3.77586E-28  8.58492E+05  1.41710E-03 -3.83685E+01
  8.55098E+00  3.43487E-28  9.59830E+05  1.50704E-03 -3.17238E+01
  8.64456E+00  3.15208E-28  1.05007E+06  1.59604E-03 -2.37809E+01
  8.73814E+00  2.92850E-28  1.12772E+06  1.67043E-03 -1.65621E+01
  8.83172E+00  2.62641E-28  1.24299E+06  1.78221E-03 -4.65384E+00
  8.92530E+00  2.29775E-28  1.39017E+06  1.92773E-03  5.79275E+00
  9.01888E+00  2.23963E-28  1.40788E+06  1.95809E-03  6.04106E+00
  9.11246E+00  2.17784E-28  1.43322E+06  1.99388E-03  4.79788E+00
  9.20604E+00  2.15352E-28  1.42746E+06  1.99934E-03  3.90526E+00
  9.29962E+00  2.13366E-28  1.41633E+06  1.99997E-03  1.58312E+00
  9.39320E+00  2.12186E-28  1.41187E+06  1.99995E-03 -6.42658E-03
  9.48678E+00  2.12124E-28  1.40950E+06  2.00000E-03 -3.30833E+00
  9.58036E+00  2.12875E-28  1.41330E+06  2.00000E-03 -6.00535E+00
  9.67394E+00  2.13718E-28  1.41706E+06  2.00000E-03 -8.87178E+00
  9.76752E+00  2.14638E-28  1.42141E+06  2.00000E-03 -1.09425E+01
  9.86110E+00  2.15981E-28  1.42737E+06  2.00000E-03 -1.27655E+01
  9.95468E+00  2.17138E-28  1.43244E+06  2.00000E-03 -1.47792E+01
  1.00483E+01  2.17654E-28  1.43469E+06  2.00000E-03 -1.60778E+01
  1.01418E+01  2.18710E-28  1.43926E+06  2.00000E-03 -1.69939E+01
  1.02354E+01  2.19265E-28  1.44170E+06  2.00000E-03 -1.76848E+01
  1.03290E+01  2.20050E-28  1.44514E+06  2.00000E-03 -1.86201E+01
  1.04226E+01  2.20499E-28  1.44710E+06  2.00000E-03 -1.90415E+01
  1.05162E+01  2.21112E-28  1.44977E+06  2.00000E-03 -1.91507E+01
  1.06097E+01  2.21446E-28  1.45122E+06  2.00000E-03 -1.92704E+01
  1.07033E+01  2.21870E-28  1.45307E+06  2.00000E-03 -1.92245E+01
  1.07969E+01  2.22159E-28  1.45434E+06  2.00000E-03 -1.87913E+01
  1.08905E+01  2.22282E-28  1.45487E+06  2.00000E-03 -1.86123E+01
  1.09841E+01  2.22264E-28  1.45479E+06  2.00000E-03 -1.82557E+01
  1.10776E+01  2.22226E-28  1.45462E+06  2.00000E-03 -1.80521E+01
  1.11712E+01  2.22117E-28  1.45414E+06  2.00000E-03 -1.75294E+01
  1.12648E+01  2.21968E-28  1.45349E+06  2.00000E-03 -1.71852E+01
  1.13584E+01  2.21772E-28  1.45263E+06  2.00000E-03 -1.66577E+01
  1.14520E+01  2.21650E-28  1.45209E+06  2.00000E-03 -1.62761E+01
  1.15455E+01  2.21583E-28  1.45179E+06  2.00000E-03 -1.57988E+01
  1.16391E+01  2.21391E-28  1.45095E+06  2.00000E-03 -1.52708E+01
  1.17327E+01  2.21431E-28  1.45113E+06  2.00000E-03 -1.48789E+01
  1.18263E+01  2.21352E-28  1.45079E+06  2.00000E-03 -1.44056E+01
  1.19199E+01  2.21332E-28  1.45070E+06  2.00000E-03 -1.40068E+01
  1.20134E+01  2.21342E-28  1.45076E+06  2.00000E-03 -1.34402E+01
  1.21070E+01  2.21335E-28  1.45074E+06  2.00000E-03 -1.29980E+01
  1.22006E+01  2.21388E-28  1.45097E+06  2.00000E-03 -1.24416E+01
  1.22942E+01  2.21368E-28  1.45088E+06  2.00000E-03 -1.20107E+01
  1.23878E+01  2.21321E-28  1.45067E+06  2.00000E-03 -1.14368E+01
  1.24813E+01  2.21270E-28  1.45043E+06  2.00000E-03 -1.08122E+01
  1.25749E+01  2.21202E-28  1.45011E+06  2.00000E-03 -1.03427E+01
  1.26685E+01  2.21153E-28  1.44988E+06  2.00000E-03 -9.84678E+00
  1.27621E+01  2.21075E-28  1.44952E+06  2.00000E-03 -9.46140E+00
  1.28557E+01  2.20970E-28  1.44905E+06  2.00000E-03 -9.02161E+00
  1.29492E+01  2.20911E-28  1.44878E+06  2.00000E-03 -8.67401E+00
  1.30428E+01  2.20756E-28  1.44810E+06  2.00000E-03 -8.19471E+00
  1.31364E+01  2.20632E-28  1.44756E+06  2.00000E-03 -7.86537E+00
  1.32300E+01  2.20425E-28  1.44665E+06  2.00000E-03 -7.44329E+00
  1.33236E+01  2.20186E-28  1.44561E+06  2.00000E-03 -7.04726E+00
  1.34171E+01  2.20099E-28  1.44523E+06  2.00000E-03 -6.69388E+00
  1.35107E+01  2.20019E-28  1.44487E+06  2.00000E-03 -6.34644E+00
  1.36043E+01  2.19955E-28  1.44459E+06  2.00000E-03 -6.00458E+00
  1.36979E+01  2.19914E-28  1.44440E+06  2.00000E-03 -5.57968E+00
  1.37915E+01  2.19909E-28  1.44438E+06  2.00000E-03 -5.23240E+00
  1.38850E+01  2.19937E-28  1.44451E+06  2.00000E-03 -4.81152E+00
  1.39786E+01  2.19994E-28  1.44476E+06  2.00000E-03 -4.50441E+00
  1.40722E+01  2.20075E-28  1.44512E+06  2.00000E-03 -4.12071E+00
  1.41658E+01  2.20167E-28  1.44552E+06  2.00000E-03 -3.83275E+00
  1.42594E+01  2.20263E-28  1.44593E+06  2.00000E-03 -3.60852E+00
  1.43529E+01  2.20340E-28  1.44626E+06  2.00000E-03 -3.43294E+00
  1.44465E+01  2.20391E-28  1.44647E+06  2.00000E-03 -3.29060E+00
  1.45401E+01  2.20403E-28  1.44652E+06  2.00000E-03 -3.18704E+00
  1.46337E+01  2.20403E-28  1.44651E+06  2.00000E-03 -3.13299E+00
  1.47273E+01  2.20371E-28  1.44636E+06  2.00000E-03 -3.05379E+00
  1.48208E+01  2.20295E-28  1.44603E+06  2.00000E-03 -2.99975E+00
  1.49144E+01  2.20183E-28  1.44553E+06  2.00000E-03 -2.94225E+00
  1.50080E+01  2.20111E-28  1.44521E+06  2.00000E-03 -2.83178E+00
  1.51016E+01  2.19959E-28  1.44454E+06  2.00000E-03 -2.70334E+00
  1.51952E+01  2.19807E-28  1.44387E+06  2.00000E-03 -2.61382E+00
  1.52887E+01  2.19603E-28  1.44299E+06  2.00000E-03 -2.47890E+00
  1.53823E+01  2.19347E-28  1.44187E+06  2.00000E-03 -2.40088E+00
  1.54759E+01  2.19068E-28  1.44065E+06  2.00000E-03 -2.33758E+00
  1.55695E+01  2.18767E-28  1.43935E+06  2.00000E-03 -2.29194E+00
  1.56631E+01  2.18429E-28  1.43788E+06  2.00000E-03 -2.27939E+00
  1.57566E+01  2.17994E-28  1.43599E+06  2.00000E-03 -2.15702E+00
  1.58502E+01  2.17704E-28  1.43475E+06  2.00000E-03 -2.10067E+00
  1.59438E+01  2.17444E-28  1.43366E+06  2.00000E-03 -2.05246E+00
  1.60374E+01  2.17202E-28  1.43263E+06  2.00000E-03 -1.96297E+00
  1.61310E+01  2.17032E-28  1.43194E+06  2.00000E-03 -1.86775E+00
  1.62245E+01  2.16697E-28  1.43051E+06  2.00000E-03 -1.65094E+00
  1.63181E+01  2.16417E-28  1.42930E+06  2.00000E-03 -1.48854E+00
  1.64117E+01  2.16024E-28  1.42762E+06  2.00000E-03 -1.23124E+00
  1.65053E+01  2.15812E-28  1.42672E+06  2.00000E-03 -1.08062E+00
  1.65989E+01  2.15952E-28  1.42736E+06  2.00000E-03 -1.00282E+00
  1.66924E+01  2.15828E-28  1.42685E+06  2.00000E-03 -8.82015E-01
  1.67860E+01  2.15837E-28  1.42690E+06  2.00000E-03 -8.88813E-01
  1.68796E+01  2.15660E-28  1.42616E+06  2.00000E-03 -9.87445E-01
  1.69732E+01  2.15752E-28  1.42653E+06  2.00000E-03 -1.02110E+00
  1.70667E+01  2.16089E-28  1.42794E+06  2.00000E-03 -1.19579E+00
  1.71603E+01  2.16265E-28  1.42871E+06  2.00000E-03 -1.41227E+00
  1.72539E+01  2.16378E-28  1.42920E+06  2.00000E-03 -1.48068E+00
  1.73475E+01  2.17010E-28  1.43192E+06  2.00000E-03 -1.89239E+00
  1.74411E+01  2.17077E-28  1.43219E+06  2.00000E-03 -1.95454E+00
  1.75346E+01  2.17941E-28  1.43598E+06  2.00000E-03 -2.40573E+00
  1.76282E+01  2.18051E-28  1.43643E+06  2.00000E-03 -2.53660E+00
  1.77218E+01  2.17953E-28  1.43596E+06  2.00000E-03 -2.56530E+00
  1.78154E+01  2.18745E-28  1.43940E+06  2.00000E-03 -2.95608E+00
  1.79090E+01  2.18642E-28  1.43893E+06  2.00000E-03 -2.93173E+00
  1.80025E+01  2.18858E-28  1.43986E+06  2.00000E-03 -3.06238E+00
  1.80961E+01  2.19026E-28  1.44057E+06  2.00000E-03 -3.13107E+00
  1.81897E+01  2.19147E-28  1.44111E+06  2.00000E-03 -3.14583E+00
  1.82833E+01  2.19324E-28  1.44187E+06  2.00000E-03 -3.14705E+00
  1.83769E+01  2.19199E-28  1.44132E+06  2.00000E-03 -3.08003E+00
  1.84704E+01  2.19391E-28  1.44215E+06  2.00000E-03 -2.96942E+00
  1.85640E+01  2.19415E-28  1.44226E+06  2.00000E-03 -2.95594E+00
  1.86576E+01  2.19349E-28  1.44196E+06  2.00000E-03 -2.85469E+00
  1.87512E+01  2.19439E-28  1.44234E+06  2.00000E-03 -2.77737E+00
  1.88448E+01  2.19431E-28  1.44230E+06  2.00000E-03 -2.74389E+00
  1.89383E+01  2.19338E-28  1.44190E+06  2.00000E-03 -2.60765E+00
  1.90319E+01  2.19430E-28  1.44229E+06  2.00000E-03 -2.58611E+00
  1.91255E+01  2.19405E-28  1.44218E+06  2.00000E-03 -2.52134E+00
  1.92191E+01  2.19265E-28  1.44157E+06  2.00000E-03 -2.40947E+00
  1.93127E+01  2.19224E-28  1.44140E+06  2.00000E-03 -2.33859E+00
  1.94062E+01  2.19175E-28  1.44120E+06  2.00000E-03 -2.25625E+00
  1.94998E+01  2.19256E-28  1.44155E+06  2.00000E-03 -2.24521E+00
  1.95934E+01  2.19104E-28  1.44090E+06  2.00000E-03 -2.19458E+00
  1.96870E+01  2.19126E-28  1.44100E+06  2.00000E-03 -2.16516E+00
  1.97806E+01  2.19133E-28  1.44103E+06  2.00000E-03 -2.14074E+00
  1.98741E+01  2.18976E-28  1.44035E+06  2.00000E-03 -2.13006E+00
  1.99677E+01  2.18974E-28  1.44034E+06  2.00000E-03 -2.13729E+00
  2.00613E+01  2.18839E-28  1.43974E+06  2.00000E-03 -2.17005E+00
  2.01549E+01  2.18845E-28  1.43976E+06  2.00000E-03 -2.18359E+00
  2.02485E+01  2.18709E-28  1.43917E+06  2.00000E-03 -2.19776E+00
  2.03420E+01  2.18581E-28  1.43861E+06  2.00000E-03 -2.24505E+00
  2.04356E+01  2.18585E-28  1.43861E+06  2.00000E-03 -2.26743E+00
  2.05292E+01  2.18289E-28  1.43730E+06  2.00000E-03 -2.31293E+00
  2.06228E+01  2.18316E-28  1.43742E+06  2.00000E-03 -2.31783E+00
  2.07164E+01  2.18164E-28  1.43673E+06  2.00000E-03 -2.34985E+00
  2.08099E+01  2.18157E-28  1.43669E+06  2.00000E-03 -2.37014E+00
  2.09035E+01  2.18011E-28  1.43604E+06  2.00000E-03 -2.37759E+00
  2.09971E+01  2.17886E-28  1.43547E+06  2.00000E-03 -2.37435E+00
  2.10907E+01  2.17996E-28  1.43595E+06  2.00000E-03 -2.37525E+00
  2.11843E+01  2.17852E-28  1.43530E+06  2.00000E-03 -2.35975E+00
  2.12778E+01  2.17834E-28  1.43522E+06  2.00000E-03 -2.35893E+00
  2.13714E+01  2.17866E-28  1.43534E+06  2.00000E-03 -2.36463E+00
  2.14650E+01  2.17896E-28  1.43545E+06  2.00000E-03 -2.37588E+00
  2.15586E+01  2.17935E-28  1.43562E+06  2.00000E-03 -2.38289E+00
  2.16522E+01  2.17855E-28  1.43526E+06  2.00000E-03 -2.41372E+00
  2.17457E+01  2.17990E-28  1.43585E+06  2.00000E-03 -2.43846E+00
  2.18393E+01  2.18021E-28  1.43598E+06  2.00000E-03 -2.48200E+00
  2.19329E+01  2.17937E-28  1.43561E+06  2.00000E-03 -2.51011E+00
  2.20265E+01  2.17964E-28  1.43572E+06  2.00000E-03 -2.55799E+00
  2.21201E+01  2.17917E-28  1.43552E+06  2.00000E-03 -2.63051E+00
  2.22136E+01  2.17954E-28  1.43568E+06  2.00000E-03 -2.66209E+00
  2.23072E+01  2.17787E-28  1.43494E+06  2.00000E-03 -2.73236E+00
  2.24008E+01  2.17781E-28  1.43492E+06  2.00000E-03 -2.81046E+00
  2.24944E+01  2.17791E-28  1.43496E+06  2.00000E-03 -2.86745E+00
  2.25880E+01  2.17630E-28  1.43426E+06  2.00000E-03 -2.94460E+00
  2.26815E+01  2.17650E-28  1.43434E+06  2.00000E-03 -2.97609E+00
  2.27751E+01  2.17506E-28  1.43371E+06  2.00000E-03 -3.03392E+00
  2.28687E+01  2.17557E-28  1.43393E+06  2.00000E-03 -3.06966E+00
  2.29623E+01  2.17407E-28  1.43328E+06  2.00000E-03 -3.07909E+00
  2.30559E+01  2.17454E-28  1.43348E+06  2.00000E-03 -3.07358E+00
  2.31494E+01  2.17580E-28  1.43404E+06  2.00000E-03 -3.05222E+00
  2.32430E+01  2.17397E-28  1.43323E+06  2.00000E-03 -3.02008E+00
  2.33366E+01  2.17479E-28  1.43359E+06  2.00000E-03 -2.99413E+00
  2.34302E+01  2.17448E-28  1.43345E+06  2.00000E-03 -2.88148E+00
  2.35238E+01  2.17687E-28  1.43449E+06  2.00000E-03 -2.79149E+00
  2.36173E+01  2.17609E-28  1.43416E+06  2.00000E-03 -2.77025E+00
  2.37109E+01  2.17423E-28  1.43334E+06  2.00000E-03 -2.57443E+00
  2.38045E+01  2.17728E-28  1.43468E+06  2.00000E-03 -2.52610E+00
  2.38981E+01  2.17557E-28  1.43392E+06  2.00000E-03 -2.32172E+00
  2.39917E+01  2.17356E-28  1.43304E+06  2.00000E-03 -2.25365E+00
  2.40852E+01  2.17517E-28  1.43376E+06  2.00000E-03 -2.09627E+00
  2.41788E+01  2.17538E-28  1.43385E+06  2.00000E-03 -1.86302E+00
  2.42724E+01  2.17616E-28  1.43419E+06  2.00000E-03 -1.85023E+00
  2.43660E+01  2.17202E-28  1.43238E+06  2.00000E-03 -1.62583E+00
  2.44596E+01  2.17443E-28  1.43345E+06  2.00000E-03 -1.56210E+00
  2.45531E+01  2.17260E-28  1.43265E+06  2.00000E-03 -1.41143E+00
  2.46467E+01  2.17037E-28  1.43167E+06  2.00000E-03 -1.34232E+00
  2.47403E+01  2.17279E-28  1.43277E+06  2.00000E-03 -1.31030E+00
  2.48339E+01  2.17067E-28  1.43185E+06  2.00000E-03 -1.19185E+00
  2.49275E+01  2.17123E-28  1.43211E+06  2.00000E-03 -1.18089E+00
  2.50210E+01  2.16802E-28  1.43071E+06  2.00000E-03 -1.04833E+00
  2.51146E+01  2.16823E-28  1.43082E+06  2.00000E-03 -1.01902E+00
  2.52082E+01  2.16994E-28  1.43161E+06  2.00000E-03 -1.03839E+00
  2.53018E+01  2.17007E-28  1.43167E+06  2.00000E-03 -1.03988E+00
  2.53954E+01  2.16935E-28  1.43135E+06  2.00000E-03 -1.01841E+00
  2.54889E+01  2.16595E-28  1.42986E+06  2.00000E-03 -9.17447E-01
  2.55825E+01  2.16460E-28  1.42927E+06  2.00000E-03 -8.76965E-01
  2.56761E+01  2.16460E-28  1.42927E+06  2.00000E-03 -8.76965E-01
  2.57697E+01  2.16580E-28  1.42977E+06  2.00000E-03 -9.25389E-01
  2.58633E+01  2.16755E-28  1.43050E+06  2.00000E-03 -9.77951E-01
  2.59568E+01  2.16525E-28  1.42949E+06  2.00000E-03 -9.43565E-01
  2.60504E+01  2.16464E-28  1.42922E+06  2.00000E-03 -9.07754E-01
  2.61440E+01  2.16455E-28  1.42919E+06  2.00000E-03 -9.15982E-01
  2.62376E+01  2.16464E-28  1.42922E+06  2.00000E-03 -9.07856E-01
  2.63312E+01  2.16449E-28  1.42916E+06  2.00000E-03 -9.07593E-01
  2.64247E+01  2.16381E-28  1.42886E+06  2.00000E-03 -9.57360E-01
  2.65183E+01  2.16453E-28  1.42917E+06  2.00000E-03 -9.73653E-01
  2.66119E+01  2.16504E-28  1.42938E+06  2.00000E-03 -9.64432E-01
  2.67055E+01  2.16507E-28  1.42939E+06  2.00000E-03 -9.60855E-01
  2.67991E+01  2.16471E-28  1.42923E+06  2.00000E-03 -9.95379E-01
  2.68926E+01  2.16401E-28  1.42892E+06  2.00000E-03 -1.06384E+00
  2.69862E+01  2.16401E-28  1.42892E+06  2.00000E-03 -1.06384E+00
  2.70798E+01  2.16467E-28  1.42920E+06  2.00000E-03 -1.05727E+00
  2.71734E+01  2.16588E-28  1.42973E+06  2.00000E-03 -1.04503E+00
  2.72670E+01  2.16641E-28  1.42995E+06  2.00000E-03 -1.10692E+00
  2.73605E+01  2.16605E-28  1.42979E+06  2.00000E-03 -1.17745E+00
  2.74541E+01  2.16604E-28  1.42978E+06  2.00000E-03 -1.18049E+00
  2.75477E+01  2.16604E-28  1.42978E+06  2.00000E-03 -1.18049E+00
  2.76413E+01  2.16604E-28  1.42978E+06  2.00000E-03 -1.18049E+00
  2.77349E+01  2.16522E-28  1.42942E+06  2.00000E-03 -1.24150E+00
  2.78284E+01  2.16765E-28  1.43048E+06  2.00000E-03 -1.26485E+00
  2.79220E+01  2.17002E-28  1.43151E+06  2.00000E-03 -1.24904E+00
  2.80156E+01  2.17022E-28  1.43160E+06  2.00000E-03 -1.24769E+00
  2.81092E+01  2.17005E-28  1.43152E+06  2.00000E-03 -1.25415E+00
  2.82028E+01  2.16798E-28  1.43062E+06  2.00000E-03 -1.32933E+00
  2.82963E+01  2.16701E-28  1.43020E+06  2.00000E-03 -1.36462E+00
  2.83899E+01  2.16701E-28  1.43020E+06  2.00000E-03 -1.36462E+00
  2.84835E+01  2.17078E-28  1.43186E+06  2.00000E-03 -1.36169E+00
  2.85771E+01  2.17357E-28  1.43308E+06  2.00000E-03 -1.37166E+00
  2.86707E+01  2.17073E-28  1.43184E+06  2.00000E-03 -1.46864E+00
  2.87642E+01  2.16990E-28  1.43148E+06  2.00000E-03 -1.49043E+00
  2.88578E+01  2.16990E-28  1.43148E+06  2.00000E-03 -1.49043E+00
  2.89514E+01  2.16990E-28  1.43148E+06  2.00000E-03 -1.49043E+00
  2.90450E+01  2.16888E-28  1.43103E+06  2.00000E-03 -1.49271E+00
  2.91385E+01  2.16393E-28  1.42886E+06  2.00000E-03 -1.52688E+00
  2.92321E+01  2.16952E-28  1.43131E+06  2.00000E-03 -1.57137E+00
  2.93257E+01  2.17187E-28  1.43233E+06  2.00000E-03 -1.58960E+00
  2.94193E+01  2.17259E-28  1.43265E+06  2.00000E-03 -1.59523E+00
  2.95129E+01  2.16978E-28  1.43142E+06  2.00000E-03 -1.57933E+00
  2.96064E+01  2.16287E-28  1.42837E+06  2.00000E-03 -1.54926E+00
  2.97000E+01  2.16275E-28  1.42832E+06  2.00000E-03 -1.55040E+00
  2.97936E+01  2.16503E-28  1.42932E+06  2.00000E-03 -1.56722E+00
  2.98872E+01  2.16982E-28  1.43142E+06  2.00000E-03 -1.60837E+00
  2.99808E+01  2.17015E-28  1.43156E+06  2.00000E-03 -1.60970E+00
  3.00743E+01  2.16319E-28  1.42849E+06  2.00000E-03 -1.52897E+00
  3.01679E+01  2.16295E-28  1.42839E+06  2.00000E-03 -1.52597E+00
  3.02615E+01  2.16295E-28  1.42839E+06  2.00000E-03 -1.52597E+00
  3.03551E+01  2.16295E-28  1.42839E+06  2.00000E-03 -1.52597E+00
  3.04487E+01  2.15703E-28  1.42579E+06  2.00000E-03 -1.40811E+00
  3.05422E+01  2.15787E-28  1.42616E+06  2.00000E-03 -1.36482E+00
  3.06358E+01  2.16118E-28  1.42761E+06  2.00000E-03 -1.39227E+00
  3.07294E+01  2.16194E-28  1.42794E+06  2.00000E-03 -1.39857E+00
  3.08230E+01  2.16113E-28  1.42759E+06  2.00000E-03 -1.38583E+00
  3.09166E+01  2.15241E-28  1.42375E+06  2.00000E-03 -1.24816E+00
  3.10101E+01  2.14988E-28  1.42263E+06  2.00000E-03 -1.20794E+00
  3.11037E+01  2.14988E-28  1.42263E+06  2.00000E-03 -1.20794E+00
  3.11973E+01  2.15656E-28  1.42557E+06  2.00000E-03 -1.24134E+00
  3.12909E+01  2.16041E-28  1.42727E+06  2.00000E-03 -1.25326E+00
  3.13845E+01  2.15310E-28  1.42405E+06  2.00000E-03 -1.17020E+00
  3.14780E+01  2.14964E-28  1.42252E+06  2.00000E-03 -1.13066E+00
  3.15716E+01  2.14964E-28  1.42252E+06  2.00000E-03 -1.13066E+00
  3.16652E+01  2.14964E-28  1.42252E+06  2.00000E-03 -1.13066E+00
  3.17588E+01  2.14889E-28  1.42219E+06  2.00000E-03 -1.12346E+00
  3.18524E+01  2.14357E-28  1.41984E+06  2.00000E-03 -1.01208E+00
  3.19459E+01  2.14953E-28  1.42246E+06  2.00000E-03 -9.79303E-01
  3.20395E+01  2.15227E-28  1.42367E+06  2.00000E-03 -9.67635E-01
  3.21331E+01  2.15227E-28  1.42367E+06  2.00000E-03 -9.67635E-01
  3.22267E+01  2.15009E-28  1.42271E+06  2.00000E-03 -9.40779E-01
  3.23203E+01  2.14336E-28  1.41973E+06  2.00000E-03 -8.57651E-01
  3.24138E+01  2.14306E-28  1.41959E+06  2.00000E-03 -8.53861E-01
  3.25074E+01  2.14591E-28  1.42086E+06  2.00000E-03 -8.18658E-01
  3.26010E+01  2.15276E-28  1.42388E+06  2.00000E-03 -7.27484E-01
  3.26946E+01  2.15739E-28  1.42590E+06  2.00000E-03 -6.06783E-01
  3.27882E+01  2.15300E-28  1.42396E+06  2.00000E-03 -4.94383E-01
  3.28817E+01  2.15312E-28  1.42402E+06  2.00000E-03 -4.84548E-01
  3.29753E+01  2.15300E-28  1.42396E+06  2.00000E-03 -4.87647E-01
  3.30689E+01  2.15320E-28  1.42405E+06  2.00000E-03 -4.82774E-01
  3.31625E+01  2.15022E-28  1.42274E+06  2.00000E-03 -3.89982E-01
  3.32561E+01  2.15531E-28  1.42500E+06  2.00000E-03 -1.98092E-01
  3.33496E+01  2.15984E-28  1.42700E+06  2.00000E-03 -1.23180E-01
  3.34432E+01  2.16179E-28  1.42785E+06  2.00000E-03 -9.10461E-02
  3.35368E+01  2.16143E-28  1.42769E+06  2.00000E-03 -8.68215E-02
  3.36304E+01  2.15780E-28  1.42609E+06  2.00000E-03 -4.44873E-02
  3.37240E+01  2.15526E-28  1.42497E+06  2.00000E-03 -1.48628E-02
  3.38175E+01  2.15526E-28  1.42497E+06  2.00000E-03 -1.48628E-02
  3.39111E+01  2.16479E-28  1.42921E+06  2.00000E-03 -1.30919E-02
  3.40047E+01  2.17148E-28  1.43217E+06  2.00000E-03 -8.45554E-03
  3.40983E+01  2.16406E-28  1.42890E+06  2.00000E-03  5.06779E-02
  3.41919E+01  2.16155E-28  1.42779E+06  2.00000E-03  7.07415E-02
  3.42854E+01  2.16155E-28  1.42779E+06  2.00000E-03  7.07415E-02
  3.43790E+01  2.16155E-28  1.42779E+06  2.00000E-03  7.07415E-02
  3.44726E+01  2.16155E-28  1.42779E+06  2.00000E-03  7.07415E-02
  3.45662E+01  2.16155E-28  1.42779E+06  2.00000E-03  7.07415E-02
  3.46598E+01  2.16155E-28  1.42779E+06  2.00000E-03  7.07415E-02
  3.47533E+01  2.16155E-28  1.42779E+06  2.00000E-03  7.07415E-02
  3.48469E+01  2.16155E-28  1.42779E+06  2.00000E-03  7.07415E-02
  3.49405E+01  2.16068E-28  1.42741E+06  2.00000E-03  5.86607E-03
  3.50341E+01  2.15775E-28  1.42612E+06  2.00000E-03 -2.12850E-01
  3.51277E+01  2.15804E-28  1.42625E+06  2.00000E-03 -2.17461E-01
  3.52212E+01  2.16051E-28  1.42732E+06  2.00000E-03 -1.88403E-01
  3.53148E+01  2.16436E-28  1.42899E+06  2.00000E-03 -1.43069E-01
  3.54084E+01  2.16542E-28  1.42945E+06  2.00000E-03 -1.30679E-01
  3.55020E+01  2.16542E-28  1.42945E+06  2.00000E-03 -1.30679E-01
  3.55956E+01  2.16542E-28  1.42945E+06  2.00000E-03 -1.30679E-01
  3.56891E+01  2.16542E-28  1.42945E+06  2.00000E-03 -1.30679E-01
  3.57827E+01  2.16542E-28  1.42945E+06  2.00000E-03 -1.30679E-01
  3.58763E+01  2.16497E-28  1.42925E+06  2.00000E-03 -1.97686E-01
  3.59699E+01  2.16408E-28  1.42887E+06  2.00000E-03 -3.84204E-01
  3.60635E+01  2.16396E-28  1.42881E+06  2.00000E-03 -3.97788E-01
  3.61570E+01  2.16389E-28  1.42879E+06  2.00000E-03 -3.98583E-01
  3.62506E+01  2.16411E-28  1.42888E+06  2.00000E-03 -3.95816E-01
  3.63442E+01  2.16413E-28  1.42889E+06  2.00000E-03 -3.95560E-01
  3.64378E+01  2.16412E-28  1.42888E+06  2.00000E-03 -3.95712E-01
  3.65314E+01  2.16473E-28  1.42915E+06  2.00000E-03 -4.01375E-01
  3.66249E+01  2.16618E-28  1.42977E+06  2.00000E-03 -4.04370E-01
  3.67185E+01  2.16736E-28  1.43028E+06  2.00000E-03 -4.21388E-01
  3.68121E+01  2.16696E-28  1.43011E+06  2.00000E-03 -5.94660E-01
  3.69057E+01  2.16674E-28  1.43001E+06  2.00000E-03 -6.52872E-01
  3.69993E+01  2.16674E-28  1.43001E+06  2.00000E-03 -6.52872E-01
  3.70928E+01  2.16674E-28  1.43001E+06  2.00000E-03 -6.52872E-01
  3.71864E+01  2.16674E-28  1.43001E+06  2.00000E-03 -6.52872E-01
  3.72800E+01  2.16674E-28  1.43001E+06  2.00000E-03 -6.52872E-01
  3.73736E+01  2.16674E-28  1.43001E+06  2.00000E-03 -6.52872E-01
  3.74672E+01  2.16674E-28  1.43001E+06  2.00000E-03 -6.52872E-01
  3.75607E+01  2.16674E-28  1.43001E+06  2.00000E-03 -6.52872E-01
  3.76543E+01  2.16682E-28  1.43005E+06  2.00000E-03 -6.59619E-01
  3.77479E+01  2.16922E-28  1.43111E+06  2.00000E-03 -8.57863E-01
  3.78415E+01  2.16938E-28  1.43117E+06  2.00000E-03 -8.76829E-01
  3.79351E+01  2.16873E-28  1.43088E+06  2.00000E-03 -8.67053E-01
  3.80286E+01  2.16774E-28  1.43044E+06  2.00000E-03 -8.52211E-01
  3.81222E+01  2.16747E-28  1.43032E+06  2.00000E-03 -8.48166E-01
  3.82158E+01  2.16747E-28  1.43032E+06  2.00000E-03 -8.48166E-01
  3.83094E+01  2.16747E-28  1.43032E+06  2.00000E-03 -8.48166E-01
  3.84030E+01  2.16747E-28  1.43032E+06  2.00000E-03 -8.48166E-01
  3.84965E+01  2.16747E-28  1.43032E+06  2.00000E-03 -8.48166E-01
  3.85901E+01  2.16827E-28  1.43067E+06  2.00000E-03 -8.94341E-01
  3.86837E+01  2.16974E-28  1.43131E+06  2.00000E-03 -9.77866E-01
  3.87773E+01  2.16983E-28  1.43135E+06  2.00000E-03 -9.83314E-01
  3.88709E+01  2.16983E-28  1.43136E+06  2.00000E-03 -9.83314E-01
  3.89644E+01  2.16983E-28  1.43135E+06  2.00000E-03 -9.83314E-01
  3.90580E+01  2.16983E-28  1.43136E+06  2.00000E-03 -9.83314E-01
  3.91516E+01  2.16983E-28  1.43135E+06  2.00000E-03 -9.83314E-01
  3.92452E+01  2.16960E-28  1.43125E+06  2.00000E-03 -9.67157E-01
  3.93388E+01  2.16900E-28  1.43098E+06  2.00000E-03 -9.26656E-01
  3.94323E+01  2.16875E-28  1.43087E+06  2.00000E-03 -9.08067E-01
  3.95259E+01  2.16966E-28  1.43127E+06  2.00000E-03 -9.44323E-01
  3.96195E+01  2.17045E-28  1.43162E+06  2.00000E-03 -9.76361E-01
  3.97131E+01  2.17045E-28  1.43162E+06  2.00000E-03 -9.76361E-01
  3.98067E+01  2.17045E-28  1.43162E+06  2.00000E-03 -9.76361E-01
  3.99002E+01  2.17045E-28  1.43162E+06  2.00000E-03 -9.76361E-01
  3.99938E+01  2.17045E-28  1.43162E+06  2.00000E-03 -9.76361E-01
  4.00874E+01  2.17045E-28  1.43162E+06  2.00000E-03 -9.76361E-01
  4.01810E+01  2.17045E-28  1.43162E+06  2.00000E-03 -9.76361E-01
  4.02746E+01  2.17045E-28  1.43162E+06  2.00000E-03 -9.76361E-01
  4.03681E+01  2.17049E-28  1.43164E+06  2.00000E-03 -9.76664E-01
  4.04617E+01  2.17187E-28  1.43224E+06  2.00000E-03 -9.87822E-01
  4.05553E+01  2.17199E-28  1.43229E+06  2.00000E-03 -9.88953E-01
  4.06489E+01  2.17124E-28  1.43197E+06  2.00000E-03 -9.91254E-01
  4.07425E+01  2.17031E-28  1.43156E+06  2.00000E-03 -9.94141E-01
  4.08360E+01  2.17005E-28  1.43144E+06  2.00000E-03 -9.94954E-01
  4.09296E+01  2.17005E-28  1.43144E+06  2.00000E-03 -9.94954E-01
  4.10232E+01  2.17005E-28  1.43144E+06  2.00000E-03 -9.94954E-01
  4.11168E+01  2.17005E-28  1.43144E+06  2.00000E-03 -9.94954E-01
  4.12104E+01  2.17005E-28  1.43144E+06  2.00000E-03 -9.94954E-01
  4.13039E+01  2.17015E-28  1.43148E+06  2.00000E-03 -9.95047E-01
  4.13975E+01  2.17036E-28  1.43158E+06  2.00000E-03 -9.95253E-01
  4.14911E+01  2.17040E-28  1.43159E+06  2.00000E-03 -9.95289E-01
  4.15847E+01  2.17040E-28  1.43159E+06  2.00000E-03 -9.95289E-01
  4.16782E+01  2.17040E-28  1.43159E+06  2.00000E-03 -9.95289E-01
  4.17718E+01  2.17040E-28  1.43159E+06  2.00000E-03 -9.95289E-01
  4.18654E+01  2.17040E-28  1.43159E+06  2.00000E-03 -9.95289E-01
  4.19590E+01  2.17012E-28  1.43147E+06  2.00000E-03 -1.00249E+00
  4.20526E+01  2.16954E-28  1.43121E+06  2.00000E-03 -1.01734E+00
  4.21461E+01  2.16884E-28  1.43091E+06  2.00000E-03 -1.03512E+00
  4.22397E+01  2.16872E-28  1.43085E+06  2.00000E-03 -1.02905E+00
  4.23333E+01  2.16863E-28  1.43081E+06  2.00000E-03 -1.02430E+00
  4.24269E+01  2.16863E-28  1.43081E+06  2.00000E-03 -1.02430E+00
  4.25205E+01  2.16863E-28  1.43081E+06  2.00000E-03 -1.02430E+00
  4.26140E+01  2.16850E-28  1.43075E+06  2.00000E-03 -1.02830E+00
  4.27076E+01  2.16852E-28  1.43077E+06  2.00000E-03 -1.02757E+00
  4.28012E+01  2.16839E-28  1.43071E+06  2.00000E-03 -1.03155E+00
  4.28948E+01  2.16842E-28  1.43072E+06  2.00000E-03 -1.03050E+00
  4.29884E+01  2.16839E-28  1.43071E+06  2.00000E-03 -1.03136E+00
  4.30819E+01  2.16837E-28  1.43070E+06  2.00000E-03 -1.03116E+00
  4.31755E+01  2.16809E-28  1.43058E+06  2.00000E-03 -1.00130E+00
  4.32691E+01  2.16799E-28  1.43053E+06  2.00000E-03 -1.00076E+00
  4.33627E+01  2.16766E-28  1.43039E+06  2.00000E-03 -1.01704E+00
