 -4.31987E+01  2.16629E-28  1.42991E+06  2.00000E-03  5.31836E+00
 -4.31051E+01  2.16629E-28  1.42991E+06  2.00000E-03  5.31836E+00
 -4.30115E+01  2.16640E-28  1.42996E+06  2.00000E-03  5.31793E+00
 -4.29179E+01  2.16686E-28  1.43016E+06  2.00000E-03  5.31608E+00
 -4.28244E+01  2.16693E-28  1.43019E+06  2.00000E-03  5.31581E+00
 -4.27308E+01  2.16693E-28  1.43019E+06  2.00000E-03  5.31581E+00
 -4.26372E+01  2.16693E-28  1.43019E+06  2.00000E-03  5.31581E+00
 -4.25436E+01  2.16693E-28  1.43019E+06  2.00000E-03  5.31581E+00
 -4.24500E+01  2.16693E-28  1.43019E+06  2.00000E-03  5.31581E+00
 -4.23565E+01  2.16693E-28  1.43019E+06  2.00000E-03  5.31581E+00
 -4.22629E+01  2.16693E-28  1.43019E+06  2.00000E-03  5.31581E+00
 -4.21693E+01  2.16693E-28  1.43019E+06  2.00000E-03  5.31581E+00
 -4.20757E+01  2.16635E-28  1.42994E+06  2.00000E-03  5.40330E+00
 -4.19821E+01  2.16528E-28  1.42947E+06  2.00000E-03  5.56853E+00
 -4.18886E+01  2.16415E-28  1.42898E+06  2.00000E-03  5.74588E+00
 -4.17950E+01  2.16342E-28  1.42866E+06  2.00000E-03  5.86061E+00
 -4.17014E+01  2.16342E-28  1.42866E+06  2.00000E-03  5.86061E+00
 -4.16078E+01  2.16342E-28  1.42866E+06  2.00000E-03  5.86061E+00
 -4.15142E+01  2.16342E-28  1.42866E+06  2.00000E-03  5.86061E+00
 -4.14207E+01  2.16342E-28  1.42866E+06  2.00000E-03  5.86061E+00
 -4.13271E+01  2.16342E-28  1.42866E+06  2.00000E-03  5.86061E+00
 -4.12335E+01  2.16342E-28  1.42866E+06  2.00000E-03  5.86061E+00
 -4.11399E+01  2.16076E-28  1.42749E+06  2.00000E-03  6.12606E+00
 -4.10463E+01  2.16014E-28  1.42722E+06  2.00000E-03  6.18849E+00
 -4.09528E+01  2.16014E-28  1.42722E+06  2.00000E-03  6.18849E+00
 -4.08592E+01  2.16014E-28  1.42722E+06  2.00000E-03  6.18849E+00
 -4.07656E+01  2.16014E-28  1.42722E+06  2.00000E-03  6.18849E+00
 -4.06720E+01  2.15985E-28  1.42709E+06  2.00000E-03  6.23066E+00
 -4.05784E+01  2.15827E-28  1.42641E+06  2.00000E-03  6.46210E+00
 -4.04849E+01  2.15708E-28  1.42589E+06  2.00000E-03  6.63731E+00
 -4.03913E+01  2.15708E-28  1.42589E+06  2.00000E-03  6.63731E+00
 -4.02977E+01  2.15654E-28  1.42565E+06  2.00000E-03  6.69833E+00
 -4.02041E+01  2.15505E-28  1.42499E+06  2.00000E-03  6.86586E+00
 -4.01105E+01  2.15486E-28  1.42491E+06  2.00000E-03  6.88703E+00
 -4.00170E+01  2.15486E-28  1.42491E+06  2.00000E-03  6.88703E+00
 -3.99234E+01  2.15486E-28  1.42491E+06  2.00000E-03  6.88703E+00
 -3.98298E+01  2.15486E-28  1.42491E+06  2.00000E-03  6.88703E+00
 -3.97362E+01  2.15486E-28  1.42491E+06  2.00000E-03  6.88703E+00
 -3.96426E+01  2.15486E-28  1.42491E+06  2.00000E-03  6.88703E+00
 -3.95491E+01  2.15486E-28  1.42491E+06  2.00000E-03  6.88703E+00
 -3.94555E+01  2.15486E-28  1.42491E+06  2.00000E-03  6.88703E+00
 -3.93619E+01  2.15395E-28  1.42451E+06  2.00000E-03  6.98600E+00
 -3.92683E+01  2.15253E-28  1.42389E+06  2.00000E-03  7.22714E+00
 -3.91747E+01  2.15232E-28  1.42380E+06  2.00000E-03  7.31879E+00
 -3.90812E+01  2.15214E-28  1.42373E+06  2.00000E-03  7.39327E+00
 -3.89876E+01  2.15214E-28  1.42373E+06  2.00000E-03  7.39327E+00
 -3.88940E+01  2.15214E-28  1.42373E+06  2.00000E-03  7.39327E+00
 -3.88004E+01  2.15214E-28  1.42373E+06  2.00000E-03  7.39327E+00
 -3.87068E+01  2.15214E-28  1.42373E+06  2.00000E-03  7.39327E+00
 -3.86133E+01  2.15214E-28  1.42373E+06  2.00000E-03  7.39327E+00
 -3.85197E+01  2.15214E-28  1.42373E+06  2.00000E-03  7.39327E+00
 -3.84261E+01  2.14964E-28  1.42262E+06  2.00000E-03  7.61259E+00
 -3.83325E+01  2.14903E-28  1.42235E+06  2.00000E-03  7.66621E+00
 -3.82389E+01  2.14903E-28  1.42235E+06  2.00000E-03  7.66621E+00
 -3.81454E+01  2.14903E-28  1.42235E+06  2.00000E-03  7.66621E+00
 -3.80518E+01  2.14903E-28  1.42235E+06  2.00000E-03  7.66621E+00
 -3.79582E+01  2.14893E-28  1.42231E+06  2.00000E-03  7.69823E+00
 -3.78646E+01  2.14815E-28  1.42197E+06  2.00000E-03  7.91298E+00
 -3.77710E+01  2.14699E-28  1.42147E+06  2.00000E-03  8.17957E+00
 -3.76775E+01  2.14714E-28  1.42153E+06  2.00000E-03  8.15371E+00
 -3.75839E+01  2.14614E-28  1.42109E+06  2.00000E-03  8.24185E+00
 -3.74903E+01  2.14339E-28  1.41987E+06  2.00000E-03  8.45971E+00
 -3.73967E+01  2.14254E-28  1.41949E+06  2.00000E-03  8.52968E+00
 -3.73031E+01  2.14224E-28  1.41936E+06  2.00000E-03  8.57725E+00
 -3.72096E+01  2.14186E-28  1.41919E+06  2.00000E-03  8.63871E+00
 -3.71160E+01  2.14196E-28  1.41923E+06  2.00000E-03  8.62267E+00
 -3.70224E+01  2.14132E-28  1.41895E+06  2.00000E-03  8.72520E+00
 -3.69288E+01  2.14132E-28  1.41895E+06  2.00000E-03  8.72520E+00
 -3.68352E+01  2.14132E-28  1.41895E+06  2.00000E-03  8.72520E+00
 -3.67417E+01  2.14132E-28  1.41895E+06  2.00000E-03  8.72520E+00
 -3.66481E+01  2.14058E-28  1.41862E+06  2.00000E-03  8.78514E+00
 -3.65545E+01  2.13720E-28  1.41712E+06  2.00000E-03  9.15438E+00
 -3.64609E+01  2.13620E-28  1.41668E+06  2.00000E-03  9.31581E+00
 -3.63673E+01  2.13551E-28  1.41638E+06  2.00000E-03  9.42658E+00
 -3.62738E+01  2.13551E-28  1.41638E+06  2.00000E-03  9.42658E+00
 -3.61802E+01  2.13551E-28  1.41638E+06  2.00000E-03  9.42658E+00
 -3.60866E+01  2.13551E-28  1.41638E+06  2.00000E-03  9.42658E+00
 -3.59930E+01  2.13551E-28  1.41638E+06  2.00000E-03  9.42658E+00
 -3.58994E+01  2.13551E-28  1.41638E+06  2.00000E-03  9.42658E+00
 -3.58059E+01  2.13551E-28  1.41638E+06  2.00000E-03  9.42658E+00
 -3.57123E+01  2.13445E-28  1.41590E+06  2.00000E-03  9.49121E+00
 -3.56187E+01  2.13419E-28  1.41579E+06  2.00000E-03  9.50691E+00
 -3.55251E+01  2.13419E-28  1.41579E+06  2.00000E-03  9.50691E+00
 -3.54315E+01  2.13419E-28  1.41579E+06  2.00000E-03  9.50691E+00
 -3.53380E+01  2.13419E-28  1.41579E+06  2.00000E-03  9.50691E+00
 -3.52444E+01  2.13415E-28  1.41578E+06  2.00000E-03  9.55511E+00
 -3.51508E+01  2.13405E-28  1.41575E+06  2.00000E-03  9.67419E+00
 -3.50572E+01  2.13393E-28  1.41572E+06  2.00000E-03  9.82650E+00
 -3.49636E+01  2.13392E-28  1.41572E+06  2.00000E-03  9.83616E+00
 -3.48701E+01  2.13418E-28  1.41583E+06  2.00000E-03  9.81074E+00
 -3.47765E+01  2.13590E-28  1.41659E+06  2.00000E-03  9.64339E+00
 -3.46829E+01  2.13639E-28  1.41681E+06  2.00000E-03  9.59588E+00
 -3.45893E+01  2.13639E-28  1.41681E+06  2.00000E-03  9.59588E+00
 -3.44958E+01  2.13639E-28  1.41681E+06  2.00000E-03  9.59588E+00
 -3.44022E+01  2.13639E-28  1.41681E+06  2.00000E-03  9.59588E+00
 -3.43086E+01  2.13639E-28  1.41681E+06  2.00000E-03  9.59588E+00
 -3.42150E+01  2.13639E-28  1.41681E+06  2.00000E-03  9.59588E+00
 -3.41214E+01  2.13639E-28  1.41681E+06  2.00000E-03  9.59588E+00
 -3.40279E+01  2.13639E-28  1.41681E+06  2.00000E-03  9.59588E+00
 -3.39343E+01  2.13742E-28  1.41726E+06  2.00000E-03  9.50715E+00
 -3.38407E+01  2.14046E-28  1.41861E+06  2.00000E-03  9.30110E+00
 -3.37471E+01  2.14118E-28  1.41893E+06  2.00000E-03  9.32446E+00
 -3.36535E+01  2.14028E-28  1.41853E+06  2.00000E-03  9.44578E+00
 -3.35600E+01  2.14028E-28  1.41853E+06  2.00000E-03  9.44578E+00
 -3.34664E+01  2.14061E-28  1.41868E+06  2.00000E-03  9.39784E+00
 -3.33728E+01  2.14097E-28  1.41884E+06  2.00000E-03  9.34651E+00
 -3.32792E+01  2.14097E-28  1.41884E+06  2.00000E-03  9.34650E+00
 -3.31856E+01  2.14101E-28  1.41886E+06  2.00000E-03  9.40932E+00
 -3.30921E+01  2.14107E-28  1.41889E+06  2.00000E-03  9.49206E+00
 -3.29985E+01  2.14036E-28  1.41858E+06  2.00000E-03  9.58921E+00
 -3.29049E+01  2.13936E-28  1.41814E+06  2.00000E-03  9.65666E+00
 -3.28113E+01  2.13936E-28  1.41814E+06  2.00000E-03  9.65666E+00
 -3.27177E+01  2.13936E-28  1.41814E+06  2.00000E-03  9.65666E+00
 -3.26242E+01  2.13936E-28  1.41814E+06  2.00000E-03  9.65666E+00
 -3.25306E+01  2.13716E-28  1.41717E+06  2.00000E-03  9.86068E+00
 -3.24370E+01  2.13538E-28  1.41639E+06  2.00000E-03  1.00667E+01
 -3.23434E+01  2.13358E-28  1.41560E+06  2.00000E-03  1.03036E+01
 -3.22498E+01  2.13350E-28  1.41557E+06  2.00000E-03  1.03146E+01
 -3.21563E+01  2.13314E-28  1.41541E+06  2.00000E-03  1.03439E+01
 -3.20627E+01  2.13125E-28  1.41458E+06  2.00000E-03  1.04992E+01
 -3.19691E+01  2.13089E-28  1.41441E+06  2.00000E-03  1.05291E+01
 -3.18755E+01  2.13082E-28  1.41438E+06  2.00000E-03  1.05376E+01
 -3.17819E+01  2.12811E-28  1.41319E+06  2.00000E-03  1.08707E+01
 -3.16884E+01  2.12594E-28  1.41224E+06  2.00000E-03  1.11213E+01
 -3.15948E+01  2.12407E-28  1.41141E+06  2.00000E-03  1.12992E+01
 -3.15012E+01  2.12407E-28  1.41141E+06  2.00000E-03  1.12992E+01
 -3.14076E+01  2.12407E-28  1.41141E+06  2.00000E-03  1.12992E+01
 -3.13140E+01  2.12407E-28  1.41141E+06  2.00000E-03  1.12992E+01
 -3.12205E+01  2.12393E-28  1.41135E+06  2.00000E-03  1.13365E+01
 -3.11269E+01  2.12226E-28  1.41063E+06  2.00000E-03  1.15879E+01
 -3.10333E+01  2.11976E-28  1.40953E+06  2.00000E-03  1.19230E+01
 -3.09397E+01  2.11908E-28  1.40922E+06  2.00000E-03  1.20386E+01
 -3.08461E+01  2.11911E-28  1.40924E+06  2.00000E-03  1.20419E+01
 -3.07526E+01  2.11937E-28  1.40936E+06  2.00000E-03  1.20426E+01
 -3.06590E+01  2.11970E-28  1.40951E+06  2.00000E-03  1.20501E+01
 -3.05654E+01  2.11965E-28  1.40949E+06  2.00000E-03  1.20440E+01
 -3.04718E+01  2.11912E-28  1.40926E+06  2.00000E-03  1.21555E+01
 -3.03782E+01  2.11756E-28  1.40857E+06  2.00000E-03  1.24744E+01
 -3.02847E+01  2.11713E-28  1.40839E+06  2.00000E-03  1.26166E+01
 -3.01911E+01  2.11795E-28  1.40876E+06  2.00000E-03  1.25731E+01
 -3.00975E+01  2.11795E-28  1.40876E+06  2.00000E-03  1.25731E+01
 -3.00039E+01  2.11795E-28  1.40876E+06  2.00000E-03  1.25731E+01
 -2.99103E+01  2.11795E-28  1.40876E+06  2.00000E-03  1.25731E+01
 -2.98168E+01  2.11791E-28  1.40875E+06  2.00000E-03  1.26475E+01
 -2.97232E+01  2.11677E-28  1.40825E+06  2.00000E-03  1.28999E+01
 -2.96296E+01  2.11584E-28  1.40785E+06  2.00000E-03  1.30867E+01
 -2.95360E+01  2.11576E-28  1.40781E+06  2.00000E-03  1.31025E+01
 -2.94424E+01  2.11561E-28  1.40774E+06  2.00000E-03  1.31131E+01
 -2.93489E+01  2.11470E-28  1.40734E+06  2.00000E-03  1.31746E+01
 -2.92553E+01  2.11453E-28  1.40727E+06  2.00000E-03  1.31863E+01
 -2.91617E+01  2.11449E-28  1.40725E+06  2.00000E-03  1.31947E+01
 -2.90681E+01  2.11283E-28  1.40652E+06  2.00000E-03  1.35451E+01
 -2.89745E+01  2.11152E-28  1.40595E+06  2.00000E-03  1.37593E+01
 -2.88810E+01  2.10990E-28  1.40523E+06  2.00000E-03  1.38917E+01
 -2.87874E+01  2.10963E-28  1.40511E+06  2.00000E-03  1.39054E+01
 -2.86938E+01  2.10963E-28  1.40511E+06  2.00000E-03  1.39054E+01
 -2.86002E+01  2.10963E-28  1.40511E+06  2.00000E-03  1.39054E+01
 -2.85066E+01  2.10933E-28  1.40498E+06  2.00000E-03  1.39101E+01
 -2.84131E+01  2.10883E-28  1.40476E+06  2.00000E-03  1.40550E+01
 -2.83195E+01  2.10967E-28  1.40514E+06  2.00000E-03  1.41875E+01
 -2.82259E+01  2.10994E-28  1.40526E+06  2.00000E-03  1.42302E+01
 -2.81323E+01  2.10994E-28  1.40526E+06  2.00000E-03  1.42302E+01
 -2.80387E+01  2.11021E-28  1.40538E+06  2.00000E-03  1.41555E+01
 -2.79452E+01  2.11068E-28  1.40559E+06  2.00000E-03  1.40238E+01
 -2.78516E+01  2.11068E-28  1.40559E+06  2.00000E-03  1.40238E+01
 -2.77580E+01  2.11202E-28  1.40618E+06  2.00000E-03  1.40665E+01
 -2.76644E+01  2.11386E-28  1.40701E+06  2.00000E-03  1.41411E+01
 -2.75708E+01  2.11476E-28  1.40741E+06  2.00000E-03  1.40963E+01
 -2.74773E+01  2.11443E-28  1.40726E+06  2.00000E-03  1.40369E+01
 -2.73837E+01  2.11440E-28  1.40724E+06  2.00000E-03  1.40401E+01
 -2.72901E+01  2.11436E-28  1.40722E+06  2.00000E-03  1.40450E+01
 -2.71965E+01  2.11439E-28  1.40723E+06  2.00000E-03  1.40420E+01
 -2.71029E+01  2.11280E-28  1.40653E+06  2.00000E-03  1.40442E+01
 -2.70094E+01  2.11145E-28  1.40593E+06  2.00000E-03  1.43001E+01
 -2.69158E+01  2.11098E-28  1.40573E+06  2.00000E-03  1.45432E+01
 -2.68222E+01  2.11095E-28  1.40572E+06  2.00000E-03  1.45566E+01
 -2.67286E+01  2.11063E-28  1.40558E+06  2.00000E-03  1.45549E+01
 -2.66350E+01  2.10862E-28  1.40468E+06  2.00000E-03  1.45441E+01
 -2.65415E+01  2.10780E-28  1.40432E+06  2.00000E-03  1.45397E+01
 -2.64479E+01  2.10775E-28  1.40430E+06  2.00000E-03  1.45491E+01
 -2.63543E+01  2.10592E-28  1.40350E+06  2.00000E-03  1.49302E+01
 -2.62607E+01  2.10499E-28  1.40308E+06  2.00000E-03  1.51015E+01
 -2.61671E+01  2.10486E-28  1.40302E+06  2.00000E-03  1.49401E+01
 -2.60736E+01  2.10492E-28  1.40305E+06  2.00000E-03  1.48800E+01
 -2.59800E+01  2.10492E-28  1.40305E+06  2.00000E-03  1.48800E+01
 -2.58864E+01  2.10492E-28  1.40305E+06  2.00000E-03  1.48800E+01
 -2.57928E+01  2.10541E-28  1.40327E+06  2.00000E-03  1.47922E+01
 -2.56992E+01  2.10876E-28  1.40480E+06  2.00000E-03  1.44117E+01
 -2.56057E+01  2.10950E-28  1.40517E+06  2.00000E-03  1.44705E+01
 -2.55121E+01  2.10988E-28  1.40536E+06  2.00000E-03  1.45006E+01
 -2.54185E+01  2.10988E-28  1.40536E+06  2.00000E-03  1.45006E+01
 -2.53249E+01  2.11312E-28  1.40679E+06  2.00000E-03  1.40794E+01
 -2.52313E+01  2.11683E-28  1.40841E+06  2.00000E-03  1.35994E+01
 -2.51378E+01  2.11683E-28  1.40841E+06  2.00000E-03  1.35994E+01
 -2.50442E+01  2.11769E-28  1.40879E+06  2.00000E-03  1.36289E+01
 -2.49506E+01  2.11991E-28  1.40976E+06  2.00000E-03  1.37046E+01
 -2.48570E+01  2.12135E-28  1.41042E+06  2.00000E-03  1.35492E+01
 -2.47634E+01  2.12317E-28  1.41125E+06  2.00000E-03  1.33357E+01
 -2.46699E+01  2.12513E-28  1.41212E+06  2.00000E-03  1.33912E+01
 -2.45763E+01  2.12824E-28  1.41355E+06  2.00000E-03  1.33619E+01
 -2.44827E+01  2.13025E-28  1.41454E+06  1.99999E-03  1.28767E+01
 -2.43891E+01  2.13328E-28  1.41735E+06  1.99966E-03  1.15295E+01
 -2.42955E+01  2.13332E-28  1.41693E+06  1.99981E-03  1.24377E+01
 -2.42020E+01  2.13445E-28  1.41715E+06  1.99944E-03  1.24950E+01
 -2.41084E+01  2.13628E-28  1.41760E+06  1.99816E-03  1.19987E+01
 -2.40148E+01  2.14379E-28  1.41218E+06  1.99484E-03  1.19580E+01
 -2.39212E+01  2.16490E-28  1.39656E+06  1.98548E-03  1.15898E+01
 -2.38276E+01  2.14921E-28  1.40621E+06  1.99144E-03  1.23674E+01
 -2.37341E+01  2.20552E-28  1.36797E+06  1.97549E-03  1.17954E+01
 -2.36405E+01  2.28695E-28  1.31583E+06  1.95289E-03  1.09846E+01
 -2.35469E+01  2.20935E-28  1.36021E+06  1.97394E-03  1.33020E+01
 -2.34533E+01  2.31380E-28  1.29408E+06  1.94550E-03  1.21635E+01
 -2.33597E+01  2.30800E-28  1.29616E+06  1.94661E-03  1.25672E+01
 -2.32662E+01  2.18939E-28  1.36493E+06  1.97427E-03  1.51295E+01
 -2.31726E+01  2.19505E-28  1.35898E+06  1.96582E-03  1.46059E+01
 -2.30790E+01  2.20339E-28  1.35345E+06  1.95992E-03  1.41978E+01
 -2.29854E+01  2.19923E-28  1.35538E+06  1.95329E-03  1.36776E+01
 -2.28918E+01  2.15643E-28  1.38361E+06  1.97546E-03  1.51550E+01
 -2.27983E+01  2.14833E-28  1.38988E+06  1.97811E-03  1.44776E+01
 -2.27047E+01  2.15948E-28  1.38383E+06  1.97715E-03  1.37274E+01
 -2.26111E+01  2.14987E-28  1.39190E+06  1.98177E-03  1.40977E+01
 -2.25175E+01  2.14863E-28  1.39574E+06  1.98715E-03  1.38815E+01
 -2.24240E+01  2.14879E-28  1.39586E+06  1.98827E-03  1.38953E+01
 -2.23304E+01  2.15405E-28  1.39513E+06  1.98638E-03  1.32201E+01
 -2.22368E+01  2.14010E-28  1.40600E+06  1.99470E-03  1.43250E+01
 -2.21432E+01  2.14699E-28  1.40220E+06  1.99274E-03  1.36904E+01
 -2.20496E+01  2.14709E-28  1.40322E+06  1.99288E-03  1.35023E+01
 -2.19561E+01  2.14954E-28  1.40226E+06  1.99230E-03  1.33394E+01
 -2.18625E+01  2.14674E-28  1.40482E+06  1.99371E-03  1.33689E+01
 -2.17689E+01  2.14368E-28  1.40689E+06  1.99505E-03  1.36346E+01
 -2.16753E+01  2.14554E-28  1.40622E+06  1.99446E-03  1.33113E+01
 -2.15817E+01  2.13889E-28  1.41044E+06  1.99675E-03  1.40790E+01
 -2.14882E+01  2.13735E-28  1.41153E+06  1.99736E-03  1.42499E+01
 -2.13946E+01  2.13900E-28  1.41082E+06  1.99693E-03  1.40094E+01
 -2.13010E+01  2.13654E-28  1.41194E+06  1.99758E-03  1.43592E+01
 -2.12074E+01  2.13608E-28  1.41252E+06  1.99778E-03  1.44279E+01
 -2.11138E+01  2.13547E-28  1.41299E+06  1.99795E-03  1.45861E+01
 -2.10203E+01  2.13873E-28  1.41145E+06  1.99650E-03  1.44074E+01
 -2.09267E+01  2.13809E-28  1.41219E+06  1.99676E-03  1.45347E+01
 -2.08331E+01  2.13424E-28  1.41439E+06  1.99820E-03  1.49805E+01
 -2.07395E+01  2.13714E-28  1.41386E+06  1.99750E-03  1.45453E+01
 -2.06459E+01  2.13654E-28  1.41401E+06  1.99764E-03  1.46425E+01
 -2.05524E+01  2.13270E-28  1.41553E+06  1.99876E-03  1.52819E+01
 -2.04588E+01  2.13591E-28  1.41632E+06  1.99836E-03  1.47888E+01
 -2.03652E+01  2.13488E-28  1.41646E+06  1.99857E-03  1.49795E+01
 -2.02716E+01  2.13615E-28  1.41778E+06  1.99852E-03  1.49250E+01
 -2.01780E+01  2.13429E-28  1.41857E+06  1.99908E-03  1.53359E+01
 -2.00845E+01  2.13580E-28  1.41849E+06  1.99872E-03  1.49231E+01
 -1.99909E+01  2.13668E-28  1.41844E+06  1.99851E-03  1.46935E+01
 -1.98973E+01  2.13314E-28  1.41837E+06  1.99920E-03  1.59240E+01
 -1.98037E+01  2.13140E-28  1.41779E+06  1.99918E-03  1.63933E+01
 -1.97101E+01  2.13121E-28  1.41772E+06  1.99920E-03  1.64762E+01
 -1.96166E+01  2.12872E-28  1.41666E+06  1.99911E-03  1.73944E+01
 -1.95230E+01  2.12707E-28  1.41592E+06  1.99948E-03  1.82674E+01
 -1.94294E+01  2.12680E-28  1.41551E+06  1.99927E-03  1.84828E+01
 -1.93358E+01  2.12916E-28  1.41232E+06  1.99747E-03  1.93871E+01
 -1.92422E+01  2.12775E-28  1.41306E+06  1.99808E-03  1.98102E+01
 -1.91487E+01  2.12987E-28  1.41254E+06  1.99784E-03  1.96184E+01
 -1.90551E+01  2.13128E-28  1.41116E+06  1.99725E-03  1.97559E+01
 -1.89615E+01  2.13356E-28  1.41044E+06  1.99631E-03  1.90804E+01
 -1.88679E+01  2.12870E-28  1.41129E+06  1.99688E-03  1.93222E+01
 -1.87743E+01  2.12705E-28  1.40766E+06  1.99530E-03  2.07952E+01
 -1.86808E+01  2.16140E-28  1.38229E+06  1.96924E-03  1.96628E+01
 -1.85872E+01  2.12368E-28  1.39835E+06  1.99151E-03  2.40071E+01
 -1.84936E+01  2.19116E-28  1.33954E+06  1.96556E-03  2.59988E+01
 -1.84000E+01  2.25273E-28  1.29369E+06  1.94349E-03  2.62716E+01
 -1.83064E+01  2.48521E-28  1.16290E+06  1.87737E-03  2.44164E+01
 -1.82129E+01  2.63768E-28  1.07976E+06  1.84057E-03  2.46286E+01
 -1.81193E+01  2.33827E-28  1.22078E+06  1.91730E-03  2.89501E+01
 -1.80257E+01  2.58352E-28  1.09306E+06  1.84652E-03  2.52811E+01
 -1.79321E+01  2.51286E-28  1.12372E+06  1.86126E-03  2.59479E+01
 -1.78385E+01  2.28563E-28  1.24240E+06  1.92301E-03  2.85339E+01
 -1.77450E+01  2.26876E-28  1.24888E+06  1.92258E-03  2.64343E+01
 -1.76514E+01  2.20283E-28  1.29248E+06  1.94764E-03  2.68334E+01
 -1.75578E+01  2.16578E-28  1.32136E+06  1.96151E-03  2.54340E+01
 -1.74642E+01  2.10999E-28  1.36252E+06  1.98328E-03  2.68133E+01
 -1.73706E+01  2.11441E-28  1.36127E+06  1.98135E-03  2.51505E+01
 -1.72771E+01  2.10753E-28  1.36846E+06  1.98408E-03  2.43911E+01
 -1.71835E+01  2.08551E-28  1.38502E+06  1.99128E-03  2.54072E+01
 -1.70899E+01  2.07176E-28  1.39364E+06  1.99495E-03  2.45999E+01
 -1.69963E+01  2.07089E-28  1.39423E+06  1.99520E-03  2.46786E+01
 -1.69027E+01  2.06368E-28  1.39623E+06  1.99730E-03  2.48954E+01
 -1.68092E+01  2.05302E-28  1.39911E+06  1.99931E-03  2.58381E+01
 -1.67156E+01  2.05123E-28  1.39849E+06  1.99940E-03  2.58691E+01
 -1.66220E+01  2.04646E-28  1.39586E+06  1.99933E-03  2.60454E+01
 -1.65284E+01  2.04231E-28  1.39405E+06  1.99945E-03  2.68023E+01
 -1.64348E+01  2.03451E-28  1.38992E+06  1.99957E-03  2.80681E+01
 -1.63413E+01  2.03066E-28  1.38664E+06  1.99961E-03  2.87440E+01
 -1.62477E+01  2.02499E-28  1.38268E+06  1.99973E-03  2.99101E+01
 -1.61541E+01  2.02232E-28  1.38125E+06  1.99977E-03  3.03666E+01
 -1.60605E+01  2.01985E-28  1.37782E+06  1.99982E-03  3.09369E+01
 -1.59669E+01  2.01750E-28  1.37661E+06  1.99984E-03  3.14483E+01
 -1.58734E+01  2.01673E-28  1.37569E+06  1.99988E-03  3.16214E+01
 -1.57798E+01  2.01643E-28  1.37537E+06  1.99990E-03  3.16944E+01
 -1.56862E+01  2.02056E-28  1.37580E+06  1.99990E-03  3.11433E+01
 -1.55926E+01  2.02406E-28  1.37621E+06  1.99992E-03  3.05000E+01
 -1.54990E+01  2.02875E-28  1.37731E+06  1.99994E-03  2.96058E+01
 -1.54055E+01  2.03753E-28  1.38115E+06  1.99993E-03  2.77188E+01
 -1.53119E+01  2.04165E-28  1.38494E+06  1.99991E-03  2.58118E+01
 -1.52183E+01  2.03973E-28  1.38811E+06  1.99968E-03  2.45042E+01
 -1.51247E+01  2.04060E-28  1.39329E+06  1.99955E-03  2.24970E+01
 -1.50311E+01  2.11803E-28  1.35173E+06  1.98415E-03  1.90643E+01
 -1.49376E+01  4.36816E-28  6.54060E+05  1.67878E-03  7.14058E+00
 -1.48440E+01  1.04648E-27  2.71633E+05  1.48077E-03 -3.92996E+00
 -1.47504E+01  2.61308E-27  1.08416E+05  1.37765E-03 -1.64129E+01
 -1.46568E+01  2.65163E-27  1.06588E+05  1.37414E-03 -2.00518E+01
 -1.45632E+01  2.03715E-27  1.36990E+05  1.38839E-03 -2.20188E+01
 -1.44697E+01  1.45061E-27  1.87482E+05  1.41984E-03 -2.19261E+01
 -1.43761E+01  1.10925E-27  2.43221E+05  1.44498E-03 -2.07679E+01
 -1.42825E+01  1.23132E-27  2.17739E+05  1.44030E-03 -1.87308E+01
 -1.41889E+01  1.11952E-27  2.40497E+05  1.45698E-03 -1.49307E+01
 -1.40953E+01  9.80533E-28  2.77448E+05  1.48325E-03 -1.01903E+01
 -1.40018E+01  7.39625E-28  3.71823E+05  1.53751E-03 -2.33229E+00
 -1.39082E+01  5.91402E-28  4.67052E+05  1.59104E-03  5.06017E+00
 -1.38146E+01  4.78308E-28  5.79567E+05  1.64127E-03  1.13866E+01
 -1.37210E+01  4.10389E-28  6.77356E+05  1.67881E-03  1.57590E+01
 -1.36274E+01  3.87037E-28  7.17606E+05  1.70323E-03  1.83999E+01
 -1.35339E+01  3.73270E-28  7.43608E+05  1.70119E-03  1.74425E+01
 -1.34403E+01  3.52180E-28  7.89990E+05  1.72166E-03  1.78302E+01
 -1.33467E+01  3.25618E-28  8.59531E+05  1.75411E-03  1.78229E+01
 -1.32531E+01  3.19397E-28  8.80518E+05  1.75216E-03  1.57110E+01
 -1.31595E+01  3.12725E-28  9.03870E+05  1.75405E-03  1.46232E+01
 -1.30660E+01  3.10438E-28  9.15791E+05  1.74799E-03  1.40860E+01
 -1.29724E+01  3.02201E-28  9.44765E+05  1.75544E-03  1.44542E+01
 -1.28788E+01  2.80294E-28  1.02447E+06  1.79820E-03  1.54717E+01
 -1.27852E+01  2.62595E-28  1.10109E+06  1.84223E-03  1.60283E+01
 -1.26916E+01  3.05179E-28  9.62051E+05  1.76791E-03  1.61017E+01
 -1.25981E+01  3.59597E-28  8.23653E+05  1.69077E-03  1.66424E+01
 -1.25045E+01  4.07407E-28  7.36623E+05  1.63873E-03  1.68076E+01
 -1.24109E+01  3.59875E-28  8.42153E+05  1.69802E-03  1.59094E+01
 -1.23173E+01  2.78642E-28  1.10128E+06  1.83786E-03  1.23630E+01
 -1.22237E+01  2.77145E-28  1.11274E+06  1.81605E-03  6.96670E+00
 -1.21302E+01  3.32845E-28  9.30433E+05  1.67703E-03  5.94785E-01
 -1.20366E+01  4.76432E-28  6.53337E+05  1.55180E-03 -5.34459E+00
 -1.19430E+01  6.13964E-28  5.08740E+05  1.49781E-03 -9.91451E+00
 -1.18494E+01  5.83216E-28  5.40418E+05  1.49974E-03 -1.13088E+01
 -1.17558E+01  5.04878E-28  6.28612E+05  1.52098E-03 -1.13747E+01
 -1.16623E+01  4.66749E-28  6.82639E+05  1.54490E-03 -1.30356E+01
 -1.15687E+01  4.89321E-28  6.54847E+05  1.55722E-03 -1.44475E+01
 -1.14751E+01  5.43072E-28  5.93510E+05  1.54551E-03 -1.78563E+01
 -1.13815E+01  6.35463E-28  5.10180E+05  1.51219E-03 -2.15683E+01
 -1.12879E+01  6.67928E-28  4.88666E+05  1.50210E-03 -2.50842E+01
 -1.11944E+01  6.52690E-28  5.02605E+05  1.50013E-03 -2.79870E+01
 -1.11008E+01  5.91859E-28  5.56282E+05  1.51855E-03 -2.98718E+01
 -1.10072E+01  5.40134E-28  6.11959E+05  1.55184E-03 -3.13418E+01
 -1.09136E+01  5.29660E-28  6.24768E+05  1.56433E-03 -3.21646E+01
 -1.08200E+01  5.39505E-28  6.14127E+05  1.57375E-03 -3.44304E+01
 -1.07265E+01  5.46918E-28  6.05247E+05  1.57933E-03 -3.74231E+01
 -1.06329E+01  5.52979E-28  5.96754E+05  1.58543E-03 -4.20827E+01
 -1.05393E+01  5.47318E-28  6.01218E+05  1.59093E-03 -4.52246E+01
 -1.04457E+01  5.25143E-28  6.24298E+05  1.60176E-03 -4.79890E+01
 -1.03521E+01  4.95557E-28  6.58784E+05  1.61618E-03 -4.96452E+01
 -1.02586E+01  4.64984E-28  6.97368E+05  1.62996E-03 -5.28292E+01
 -1.01650E+01  4.51560E-28  7.13482E+05  1.63635E-03 -5.44254E+01
 -1.00714E+01  4.52822E-28  7.08918E+05  1.63488E-03 -5.37014E+01
 -9.97783E+00  4.65064E-28  6.86042E+05  1.62225E-03 -5.42511E+01
 -9.88425E+00  5.08176E-28  6.27745E+05  1.58855E-03 -5.27377E+01
 -9.79067E+00  5.76732E-28  5.52959E+05  1.54692E-03 -5.23410E+01
 -9.69709E+00  6.21073E-28  5.14175E+05  1.52727E-03 -5.26825E+01
 -9.60351E+00  6.77203E-28  4.74897E+05  1.50777E-03 -5.15822E+01
 -9.50993E+00  6.94616E-28  4.66693E+05  1.50372E-03 -5.02063E+01
 -9.41635E+00  7.13388E-28  4.58046E+05  1.49931E-03 -4.71443E+01
 -9.32277E+00  7.04806E-28  4.67605E+05  1.50200E-03 -4.47432E+01
 -9.22919E+00  6.84507E-28  4.86316E+05  1.50718E-03 -4.22413E+01
 -9.13561E+00  6.66513E-28  5.04030E+05  1.51223E-03 -3.96191E+01
 -9.04203E+00  6.37214E-28  5.30575E+05  1.52145E-03 -3.88770E+01
 -8.94845E+00  5.81136E-28  5.88195E+05  1.54788E-03 -3.87903E+01
 -8.85487E+00  5.61637E-28  6.12221E+05  1.56081E-03 -3.88225E+01
 -8.76129E+00  5.32123E-28  6.51515E+05  1.58236E-03 -3.83854E+01
 -8.66771E+00  5.28092E-28  6.58019E+05  1.58723E-03 -3.84941E+01
 -8.57413E+00  5.09096E-28  6.87838E+05  1.60364E-03 -3.43799E+01
 -8.48055E+00  5.11337E-28  6.87770E+05  1.60482E-03 -3.11700E+01
 -8.38697E+00  5.16079E-28  6.81421E+05  1.59884E-03 -3.05876E+01
 -8.29339E+00  5.27947E-28  6.67427E+05  1.58987E-03 -2.89911E+01
 -8.19981E+00  5.25116E-28  6.72345E+05  1.58722E-03 -3.07723E+01
 -8.10623E+00  5.26689E-28  6.68839E+05  1.58375E-03 -3.25259E+01
 -8.01265E+00  5.42813E-28  6.44576E+05  1.57635E-03 -3.51121E+01
 -7.91907E+00  5.72666E-28  6.04525E+05  1.56486E-03 -3.76732E+01
 -7.82549E+00  7.01531E-28  4.87147E+05  1.53585E-03 -3.71314E+01
 -7.73191E+00  1.10877E-27  3.05304E+05  1.49543E-03 -3.35099E+01
 -7.63833E+00  1.33097E-27  2.53839E+05  1.48330E-03 -3.03938E+01
 -7.54475E+00  1.16212E-27  2.90071E+05  1.49060E-03 -2.70124E+01
 -7.45117E+00  7.81412E-28  4.28316E+05  1.52561E-03 -2.43237E+01
 -7.35759E+00  5.66940E-28  5.87853E+05  1.57152E-03 -2.40584E+01
 -7.26401E+00  5.14336E-28  6.46354E+05  1.58672E-03 -2.34402E+01
 -7.17043E+00  4.97254E-28  6.67536E+05  1.59192E-03 -2.19251E+01
 -7.07685E+00  4.82506E-28  6.88684E+05  1.60021E-03 -2.12075E+01
 -6.98327E+00  4.56600E-28  7.30706E+05  1.62337E-03 -2.21864E+01
 -6.88969E+00  4.16254E-28  8.05764E+05  1.66683E-03 -2.35780E+01
 -6.79611E+00  3.80788E-28  8.85251E+05  1.70991E-03 -2.49771E+01
 -6.70253E+00  3.64561E-28  9.29353E+05  1.72862E-03 -2.65011E+01
 -6.60895E+00  3.68046E-28  9.24599E+05  1.71805E-03 -2.95192E+01
 -6.51537E+00  3.74449E-28  9.11973E+05  1.70877E-03 -3.35427E+01
 -6.42179E+00  3.85156E-28  8.88769E+05  1.69992E-03 -3.77507E+01
 -6.32821E+00  3.91152E-28  8.77267E+05  1.69545E-03 -4.10851E+01
 -6.23463E+00  3.88249E-28  8.86219E+05  1.69816E-03 -4.38163E+01
 -6.14106E+00  3.72698E-28  9.27547E+05  1.71249E-03 -4.52487E+01
 -6.04748E+00  3.67155E-28  9.47498E+05  1.71543E-03 -4.60480E+01
 -5.95390E+00  3.78489E-28  9.26450E+05  1.70122E-03 -4.71130E+01
 -5.86032E+00  3.85756E-28  9.16163E+05  1.69977E-03 -4.89471E+01
 -5.76674E+00  3.74322E-28  9.50158E+05  1.71854E-03 -5.15295E+01
 -5.67316E+00  3.51121E-28  1.01829E+06  1.74094E-03 -5.46153E+01
 -5.57958E+00  3.71725E-28  9.63899E+05  1.68494E-03 -5.88882E+01
 -5.48600E+00  1.15433E-27  3.08274E+05  1.36011E-03 -6.43315E+01
 -5.39242E+00  7.94841E-27  4.12981E+04  1.20940E-03 -6.91988E+01
 -5.29884E+00  1.98732E-26  1.57772E+04  1.17280E-03 -7.59364E+01
 -5.20526E+00  2.02276E-26  1.57619E+04  1.16386E-03 -7.97785E+01
 -5.11168E+00  1.16580E-26  2.25182E+04  1.17576E-03 -8.07240E+01
 -5.01810E+00  4.98482E-27  3.51677E+04  1.19031E-03 -7.93674E+01
 -4.92452E+00  3.96741E-27  3.35571E+04  1.17377E-03 -7.82855E+01
 -4.83094E+00  4.79775E-27  3.47472E+04  1.16643E-03 -8.28747E+01
 -4.73736E+00  7.37094E-27  3.36047E+04  1.14750E-03 -8.66659E+01
 -4.64378E+00  1.21117E-26  2.42000E+04  1.12576E-03 -8.66669E+01
 -4.55020E+00  1.56555E-26  1.75724E+04  1.11148E-03 -8.56976E+01
 -4.45662E+00  1.48208E-26  1.52223E+04  1.10957E-03 -8.47826E+01
 -4.36304E+00  1.18318E-26  1.63665E+04  1.11679E-03 -8.36267E+01
 -4.26946E+00  9.77001E-27  1.99496E+04  1.12678E-03 -8.37608E+01
 -4.17588E+00  1.05430E-26  2.24695E+04  1.12925E-03 -8.58622E+01
 -4.08230E+00  1.60175E-26  1.85469E+04  1.11979E-03 -8.85320E+01
 -3.98872E+00  2.13475E-26  1.48577E+04  1.11058E-03 -9.00399E+01
 -3.89514E+00  2.29264E-26  1.38919E+04  1.10790E-03 -9.03956E+01
 -3.80156E+00  2.40048E-26  1.37808E+04  1.10523E-03 -9.10885E+01
 -3.70798E+00  2.48407E-26  1.36004E+04  1.10630E-03 -9.23732E+01
 -3.61440E+00  2.48134E-26  1.34519E+04  1.13248E-03 -9.36889E+01
 -3.52082E+00  2.41159E-26  1.34646E+04  1.18079E-03 -9.45822E+01
 -3.42724E+00  2.12501E-26  1.36915E+04  1.20252E-03 -9.51618E+01
 -3.33366E+00  1.66354E-26  1.38811E+04  1.20923E-03 -9.66847E+01
 -3.24008E+00  1.31640E-26  1.46064E+04  1.22265E-03 -9.86768E+01
 -3.14650E+00  1.08870E-26  1.66018E+04  1.23119E-03 -9.97355E+01
 -3.05292E+00  9.42270E-27  1.92176E+04  1.22341E-03 -9.89041E+01
 -2.95934E+00  8.85747E-27  2.14759E+04  1.21240E-03 -9.80152E+01
 -2.86576E+00  1.10011E-26  1.80299E+04  1.20697E-03 -9.88399E+01
 -2.77218E+00  1.51848E-26  1.46326E+04  1.21107E-03 -1.00586E+02
 -2.67860E+00  1.73291E-26  1.42482E+04  1.21943E-03 -1.01963E+02
 -2.58502E+00  1.70816E-26  1.40222E+04  1.22566E-03 -1.02583E+02
 -2.49144E+00  1.59557E-26  1.39381E+04  1.22732E-03 -1.02275E+02
 -2.39786E+00  1.53300E-26  1.37339E+04  1.23014E-03 -1.02262E+02
 -2.30428E+00  1.56026E-26  1.35846E+04  1.23532E-03 -1.00681E+02
 -2.21070E+00  1.70065E-26  1.35798E+04  1.23998E-03 -9.84898E+01
 -2.11712E+00  1.81383E-26  1.37890E+04  1.23803E-03 -9.84177E+01
 -2.02354E+00  1.69627E-26  1.42997E+04  1.22502E-03 -1.01317E+02
 -1.92996E+00  1.24553E-26  1.48436E+04  1.21463E-03 -1.05944E+02
 -1.83638E+00  8.85488E-27  1.47523E+04  1.21464E-03 -1.09566E+02
 -1.74280E+00  6.46352E-27  1.65994E+04  1.23228E-03 -1.09592E+02
 -1.64922E+00  4.27815E-27  2.15755E+04  1.25449E-03 -1.08879E+02
 -1.55564E+00  3.30759E-27  2.51922E+04  1.25961E-03 -1.07520E+02
 -1.46206E+00  3.14882E-27  2.39154E+04  1.25301E-03 -1.05706E+02
 -1.36848E+00  3.35463E-27  2.11507E+04  1.24970E-03 -1.04448E+02
 -1.27490E+00  4.42182E-27  1.63918E+04  1.24401E-03 -1.04767E+02
 -1.18132E+00  6.83855E-27  1.37705E+04  1.23591E-03 -1.05852E+02
 -1.08774E+00  6.64225E-27  2.18083E+04  1.24985E-03 -1.07492E+02
 -9.94163E-01  2.34331E-27  8.88471E+04  1.33992E-03 -1.09725E+02
 -9.00583E-01  6.18933E-28  3.96261E+05  1.53959E-03 -1.09795E+02
 -8.07003E-01  4.66695E-28  5.87862E+05  1.55205E-03 -1.08662E+02
 -7.13424E-01  8.89854E-28  3.35887E+05  1.38695E-03 -1.04835E+02
 -6.19844E-01  3.20930E-27  9.62956E+04  1.26756E-03 -9.95704E+01
 -5.26264E-01  7.02024E-27  4.26234E+04  1.23420E-03 -9.60201E+01
 -4.32684E-01  8.86279E-27  3.35384E+04  1.22567E-03 -9.35686E+01
 -3.39104E-01  7.51469E-27  4.17313E+04  1.23160E-03 -9.01492E+01
 -2.45524E-01  5.86204E-27  5.42843E+04  1.24049E-03 -8.61087E+01
 -1.51944E-01  3.42874E-27  9.21040E+04  1.26899E-03 -8.26995E+01
 -5.83646E-02  1.32718E-27  2.37802E+05  1.37591E-03 -8.14242E+01
  3.52152E-02  7.18252E-28  4.44231E+05  1.48831E-03 -8.20823E+01
  1.28795E-01  1.17615E-27  2.74203E+05  1.40340E-03 -8.41345E+01
  2.22375E-01  1.41392E-27  2.22281E+05  1.37304E-03 -8.10444E+01
  3.15955E-01  1.03287E-27  3.03906E+05  1.39261E-03 -7.71306E+01
  4.09535E-01  1.89954E-27  1.66959E+05  1.31337E-03 -7.97600E+01
  5.03115E-01  4.05679E-27  7.50861E+04  1.27731E-03 -8.04119E+01
  5.96694E-01  6.56240E-27  4.21822E+04  1.26758E-03 -7.89301E+01
  6.90274E-01  1.00907E-26  2.45152E+04  1.25972E-03 -7.86117E+01
  7.83854E-01  9.80649E-27  2.61374E+04  1.26542E-03 -8.24773E+01
  8.77434E-01  4.14286E-27  7.15288E+04  1.32410E-03 -8.99018E+01
  9.71014E-01  8.70525E-28  3.51783E+05  1.47548E-03 -1.01551E+02
  1.06459E+00  5.80988E-28  5.09732E+05  1.48611E-03 -1.17147E+02
  1.15817E+00  7.36701E-28  3.83331E+05  1.42876E-03 -1.24961E+02
  1.25175E+00  8.18107E-28  3.42232E+05  1.39904E-03 -1.26608E+02
  1.34533E+00  1.01520E-27  2.92669E+05  1.37063E-03 -1.17081E+02
  1.43891E+00  1.33562E-27  2.43734E+05  1.34698E-03 -1.02886E+02
  1.53249E+00  2.77385E-27  1.22923E+05  1.29105E-03 -8.84042E+01
  1.62607E+00  1.02557E-26  2.95359E+04  1.23455E-03 -9.00822E+01
  1.71965E+00  2.07080E-26  1.44151E+04  1.19755E-03 -9.43613E+01
  1.81323E+00  2.37370E-26  1.35595E+04  1.16601E-03 -9.65475E+01
  1.90681E+00  2.18832E-26  1.38305E+04  1.16102E-03 -9.83419E+01
  2.00039E+00  1.75844E-26  1.41937E+04  1.17293E-03 -1.00173E+02
  2.09397E+00  1.51073E-26  1.41924E+04  1.18277E-03 -1.01103E+02
  2.18755E+00  1.72716E-26  1.38945E+04  1.18453E-03 -9.99594E+01
  2.28113E+00  2.21049E-26  1.36965E+04  1.18358E-03 -9.70028E+01
  2.37471E+00  2.47449E-26  1.36898E+04  1.17985E-03 -9.46422E+01
  2.46829E+00  2.27836E-26  1.37320E+04  1.17288E-03 -9.43628E+01
  2.56187E+00  1.89659E-26  1.37649E+04  1.16802E-03 -9.40108E+01
  2.65545E+00  1.62548E-26  1.37748E+04  1.16627E-03 -9.32433E+01
  2.74903E+00  1.55187E-26  1.37469E+04  1.16192E-03 -9.26021E+01
  2.84261E+00  1.61118E-26  1.37258E+04  1.15098E-03 -9.30034E+01
  2.93619E+00  1.69840E-26  1.37694E+04  1.13476E-03 -9.41524E+01
  3.02977E+00  1.78724E-26  1.39443E+04  1.12148E-03 -9.49358E+01
  3.12335E+00  1.72476E-26  1.51247E+04  1.12156E-03 -9.42328E+01
  3.21693E+00  1.31426E-26  1.99486E+04  1.13361E-03 -9.00970E+01
  3.31051E+00  9.04162E-27  2.62748E+04  1.16960E-03 -8.19661E+01
  3.40409E+00  1.08715E-26  2.07113E+04  1.19901E-03 -8.46699E+01
  3.49767E+00  1.82403E-26  1.44389E+04  1.18438E-03 -9.15685E+01
  3.59125E+00  2.40840E-26  1.35226E+04  1.14021E-03 -9.45573E+01
  3.68483E+00  2.82346E-26  1.35796E+04  1.09713E-03 -9.50850E+01
  3.77841E+00  2.76169E-26  1.38421E+04  1.07658E-03 -9.65181E+01
  3.87199E+00  2.19113E-26  1.39208E+04  1.06616E-03 -1.00425E+02
  3.96557E+00  2.10722E-26  1.35682E+04  1.06138E-03 -1.02283E+02
  4.05915E+00  2.50670E-26  1.35197E+04  1.06127E-03 -1.00831E+02
  4.15273E+00  2.87519E-26  1.37204E+04  1.06039E-03 -9.93078E+01
  4.24631E+00  2.72099E-26  1.40462E+04  1.05947E-03 -1.00346E+02
  4.33989E+00  2.17998E-26  1.42958E+04  1.06078E-03 -1.03402E+02
  4.43347E+00  1.96230E-26  1.41939E+04  1.06577E-03 -1.05181E+02
  4.52705E+00  1.99826E-26  1.40731E+04  1.07168E-03 -1.05098E+02
  4.62063E+00  2.09210E-26  1.40304E+04  1.07379E-03 -1.03884E+02
  4.71421E+00  2.13156E-26  1.40137E+04  1.07369E-03 -1.02670E+02
  4.80779E+00  2.13695E-26  1.40028E+04  1.07709E-03 -1.01768E+02
  4.90137E+00  2.14093E-26  1.39922E+04  1.08402E-03 -1.01316E+02
  4.99495E+00  2.14548E-26  1.39845E+04  1.09354E-03 -1.01149E+02
  5.08853E+00  2.10182E-26  1.40231E+04  1.10491E-03 -1.01183E+02
  5.18211E+00  1.98556E-26  1.40853E+04  1.11041E-03 -1.01379E+02
  5.27569E+00  1.81920E-26  1.41325E+04  1.11114E-03 -1.01666E+02
  5.36927E+00  1.67689E-26  1.41486E+04  1.10997E-03 -1.01720E+02
  5.46285E+00  1.61136E-26  1.41095E+04  1.10941E-03 -1.01493E+02
  5.55643E+00  1.66942E-26  1.40096E+04  1.10962E-03 -1.00983E+02
  5.65001E+00  1.74980E-26  1.39246E+04  1.10830E-03 -9.99826E+01
  5.74359E+00  1.80975E-26  1.38783E+04  1.10615E-03 -9.82774E+01
  5.83717E+00  1.82080E-26  1.38776E+04  1.10302E-03 -9.58294E+01
  5.93075E+00  1.76599E-26  1.38697E+04  1.10090E-03 -9.27998E+01
  6.02433E+00  1.68042E-26  1.38689E+04  1.10119E-03 -9.08935E+01
  6.11791E+00  1.65494E-26  1.38486E+04  1.10415E-03 -9.01332E+01
  6.21149E+00  1.66829E-26  1.38099E+04  1.10602E-03 -9.02870E+01
  6.30507E+00  1.68121E-26  1.38010E+04  1.10660E-03 -9.10029E+01
  6.39865E+00  1.76431E-26  1.38671E+04  1.09929E-03 -9.44212E+01
  6.49223E+00  1.81634E-26  1.40007E+04  1.08157E-03 -9.93022E+01
  6.58580E+00  1.75041E-26  1.41125E+04  1.06706E-03 -1.02204E+02
  6.67938E+00  1.66208E-26  1.41721E+04  1.05882E-03 -1.02309E+02
  6.77296E+00  1.56900E-26  1.41927E+04  1.05386E-03 -1.00926E+02
  6.86654E+00  1.45909E-26  1.42185E+04  1.05266E-03 -1.00010E+02
  6.96012E+00  1.39013E-26  1.42630E+04  1.05356E-03 -1.00590E+02
  7.05370E+00  1.36594E-26  1.42974E+04  1.05588E-03 -1.02599E+02
  7.14728E+00  1.37177E-26  1.42487E+04  1.05763E-03 -1.04229E+02
  7.24086E+00  1.38296E-26  1.41604E+04  1.05825E-03 -1.04717E+02
  7.33444E+00  1.37520E-26  1.40833E+04  1.05845E-03 -1.04862E+02
  7.42802E+00  1.35714E-26  1.40514E+04  1.05883E-03 -1.04722E+02
  7.52160E+00  1.34010E-26  1.40618E+04  1.05937E-03 -1.04404E+02
  7.61518E+00  1.31660E-26  1.41115E+04  1.06072E-03 -1.03967E+02
  7.70876E+00  1.29752E-26  1.41777E+04  1.06187E-03 -1.03279E+02
  7.80234E+00  1.27220E-26  1.42734E+04  1.06204E-03 -1.02330E+02
  7.89592E+00  1.24787E-26  1.44080E+04  1.06113E-03 -1.01322E+02
  7.98950E+00  1.23866E-26  1.45828E+04  1.06670E-03 -1.00942E+02
  8.08308E+00  1.32567E-26  1.46155E+04  1.08978E-03 -1.01504E+02
  8.17666E+00  1.37680E-26  1.44488E+04  1.11521E-03 -1.01410E+02
  8.27024E+00  1.35005E-26  1.42380E+04  1.11571E-03 -1.00706E+02
  8.36382E+00  1.30335E-26  1.40830E+04  1.08901E-03 -9.94244E+01
  8.45740E+00  1.27495E-26  1.39673E+04  1.06955E-03 -9.75959E+01
  8.55098E+00  1.31164E-26  1.39319E+04  1.06353E-03 -9.68977E+01
  8.64456E+00  1.42560E-26  1.38958E+04  1.06659E-03 -9.73906E+01
  8.73814E+00  1.56247E-26  1.38184E+04  1.08243E-03 -9.76780E+01
  8.83172E+00  1.84153E-26  1.37032E+04  1.12502E-03 -9.71177E+01
  8.92530E+00  2.00275E-26  1.37268E+04  1.17090E-03 -9.49530E+01
  9.01888E+00  2.04166E-26  1.41051E+04  1.21551E-03 -9.23792E+01
  9.11246E+00  1.71025E-26  1.51259E+04  1.25536E-03 -9.06676E+01
  9.20604E+00  1.39793E-26  1.59968E+04  1.26508E-03 -8.98028E+01
  9.29962E+00  1.22178E-26  1.58351E+04  1.26380E-03 -8.79023E+01
  9.39320E+00  1.27259E-26  1.50379E+04  1.24430E-03 -8.64950E+01
  9.48678E+00  1.27804E-26  1.42501E+04  1.21843E-03 -8.47444E+01
  9.58036E+00  1.23596E-26  1.38815E+04  1.19712E-03 -8.40549E+01
  9.67394E+00  1.14114E-26  1.36720E+04  1.16465E-03 -8.23751E+01
  9.76752E+00  1.05784E-26  1.36526E+04  1.14046E-03 -8.08599E+01
  9.86110E+00  9.81396E-27  1.37768E+04  1.12018E-03 -7.96034E+01
  9.95468E+00  9.49401E-27  1.39261E+04  1.10127E-03 -7.81124E+01
  1.00483E+01  9.58770E-27  1.40587E+04  1.09483E-03 -7.75704E+01
  1.01418E+01  1.04318E-26  1.43154E+04  1.09231E-03 -7.85596E+01
  1.02354E+01  1.21458E-26  1.44990E+04  1.08852E-03 -8.07135E+01
  1.03290E+01  1.69887E-26  1.44010E+04  1.08900E-03 -8.71107E+01
  1.04226E+01  1.83761E-26  1.47144E+04  1.09569E-03 -9.10957E+01
  1.05162E+01  1.36831E-26  2.02107E+04  1.12748E-03 -9.71078E+01
  1.06097E+01  6.35898E-27  4.72306E+04  1.20314E-03 -1.02217E+02
  1.07033E+01  2.49676E-27  1.33606E+05  1.36495E-03 -1.07843E+02
  1.07969E+01  1.68965E-27  2.13045E+05  1.42283E-03 -1.06764E+02
  1.08905E+01  1.34451E-27  2.84643E+05  1.39860E-03 -1.06814E+02
  1.09841E+01  2.68000E-27  1.47653E+05  1.24833E-03 -9.99584E+01
  1.10776E+01  5.96753E-27  6.37791E+04  1.17666E-03 -9.74623E+01
  1.11712E+01  8.72281E-27  4.32023E+04  1.15633E-03 -9.54907E+01
  1.12648E+01  9.89656E-27  3.74801E+04  1.15859E-03 -9.30239E+01
  1.13584E+01  1.01627E-26  3.51636E+04  1.15149E-03 -9.09664E+01
  1.14520E+01  6.17441E-27  5.95018E+04  1.15798E-03 -8.69504E+01
  1.15455E+01  3.02274E-27  1.13140E+05  1.20047E-03 -7.77814E+01
  1.16391E+01  6.38565E-28  4.91978E+05  1.51451E-03 -4.85539E+01
  1.17327E+01  5.59224E-28  5.39338E+05  1.56442E-03 -4.12464E+01
  1.18263E+01  5.29131E-28  5.45033E+05  1.57561E-03 -3.77246E+01
  1.19199E+01  5.01374E-28  5.60050E+05  1.58645E-03 -3.45529E+01
  1.20134E+01  4.58739E-28  5.96256E+05  1.61557E-03 -3.09451E+01
  1.21070E+01  4.35535E-28  6.20267E+05  1.64000E-03 -3.00634E+01
  1.22006E+01  3.86517E-28  6.89832E+05  1.68980E-03 -2.93833E+01
  1.22942E+01  3.33782E-28  7.94535E+05  1.73675E-03 -3.07251E+01
  1.23878E+01  3.00610E-28  8.78125E+05  1.77058E-03 -3.26215E+01
  1.24813E+01  2.97331E-28  8.82157E+05  1.76513E-03 -3.53799E+01
  1.25749E+01  3.05407E-28  8.50874E+05  1.74722E-03 -3.73618E+01
  1.26685E+01  3.33834E-28  7.68336E+05  1.71428E-03 -4.12517E+01
  1.27621E+01  3.51807E-28  7.21705E+05  1.69597E-03 -4.52126E+01
  1.28557E+01  3.57978E-28  7.03374E+05  1.67825E-03 -5.20723E+01
  1.29492E+01  3.48820E-28  7.18331E+05  1.67313E-03 -5.91786E+01
  1.30428E+01  3.39512E-28  7.37633E+05  1.67135E-03 -6.77884E+01
  1.31364E+01  3.31641E-28  7.55726E+05  1.67969E-03 -7.28531E+01
  1.32300E+01  3.25950E-28  7.69906E+05  1.68158E-03 -7.76852E+01
  1.33236E+01  3.44085E-28  7.27572E+05  1.64664E-03 -7.92258E+01
  1.34171E+01  3.91887E-28  6.34077E+05  1.56709E-03 -8.03442E+01
  1.35107E+01  4.95036E-28  4.99843E+05  1.47306E-03 -8.26021E+01
  1.36043E+01  6.24216E-28  3.96381E+05  1.41331E-03 -8.63772E+01
  1.36979E+01  6.92325E-28  3.58161E+05  1.39412E-03 -9.07715E+01
  1.37915E+01  6.45205E-28  3.87765E+05  1.41369E-03 -9.50594E+01
  1.38850E+01  4.71885E-28  5.34481E+05  1.53253E-03 -1.00184E+02
  1.39786E+01  3.74313E-28  6.76769E+05  1.65403E-03 -1.02246E+02
  1.40722E+01  3.33588E-28  7.82883E+05  1.71208E-03 -1.01487E+02
  1.41658E+01  2.99093E-28  9.18666E+05  1.76895E-03 -9.98408E+01
  1.42594E+01  2.75275E-28  1.01838E+06  1.81123E-03 -9.85473E+01
  1.43529E+01  2.57539E-28  1.10528E+06  1.84874E-03 -9.84856E+01
  1.44465E+01  2.51614E-28  1.13915E+06  1.86031E-03 -9.91787E+01
  1.45401E+01  2.48861E-28  1.16718E+06  1.87046E-03 -9.89075E+01
  1.46337E+01  2.48571E-28  1.17833E+06  1.87363E-03 -9.86053E+01
  1.47273E+01  2.51261E-28  1.18055E+06  1.87225E-03 -9.68790E+01
  1.48208E+01  2.54773E-28  1.17965E+06  1.87209E-03 -9.39621E+01
  1.49144E+01  2.70752E-28  1.12556E+06  1.84922E-03 -8.85664E+01
  1.50080E+01  3.16596E-28  9.75054E+05  1.78281E-03 -8.29096E+01
  1.51016E+01  3.58405E-28  8.68200E+05  1.73042E-03 -7.91811E+01
  1.51952E+01  3.86493E-28  8.09494E+05  1.69816E-03 -7.63210E+01
  1.52887E+01  4.08312E-28  7.70196E+05  1.67176E-03 -7.33855E+01
  1.53823E+01  4.13613E-28  7.63329E+05  1.66123E-03 -7.07623E+01
  1.54759E+01  4.03679E-28  7.83981E+05  1.66589E-03 -6.87290E+01
  1.55695E+01  3.88540E-28  8.16113E+05  1.67694E-03 -6.68442E+01
  1.56631E+01  3.80852E-28  8.34457E+05  1.68350E-03 -6.54233E+01
  1.57566E+01  3.60765E-28  8.82080E+05  1.70296E-03 -6.35812E+01
  1.58502E+01  3.56020E-28  8.95279E+05  1.70977E-03 -6.21927E+01
  1.59438E+01  3.58540E-28  8.91130E+05  1.70931E-03 -6.08117E+01
  1.60374E+01  3.64438E-28  8.78457E+05  1.70586E-03 -5.92747E+01
  1.61310E+01  3.82226E-28  8.40458E+05  1.69247E-03 -5.73360E+01
  1.62245E+01  4.08211E-28  7.88427E+05  1.67459E-03 -5.45052E+01
  1.63181E+01  4.25472E-28  7.56561E+05  1.66319E-03 -5.26266E+01
  1.64117E+01  4.56436E-28  7.04194E+05  1.64224E-03 -4.99179E+01
  1.65053E+01  4.70747E-28  6.81706E+05  1.63235E-03 -4.78785E+01
  1.65989E+01  4.84175E-28  6.63248E+05  1.62228E-03 -4.56001E+01
  1.66924E+01  4.86227E-28  6.58287E+05  1.61786E-03 -4.25382E+01
  1.67860E+01  4.86014E-28  6.57690E+05  1.61678E-03 -4.18689E+01
  1.68796E+01  4.77418E-28  6.64484E+05  1.61915E-03 -4.09540E+01
  1.69732E+01  4.81556E-28  6.56222E+05  1.61397E-03 -4.00786E+01
  1.70667E+01  4.84125E-28  6.48145E+05  1.60894E-03 -3.97939E+01
  1.71603E+01  4.76576E-28  6.53687E+05  1.61140E-03 -4.01730E+01
  1.72539E+01  4.81884E-28  6.44911E+05  1.60611E-03 -4.00766E+01
  1.73475E+01  5.04064E-28  6.07125E+05  1.58750E-03 -4.10368E+01
  1.74411E+01  5.17755E-28  5.87113E+05  1.57840E-03 -4.13282E+01
  1.75346E+01  5.10756E-28  5.92694E+05  1.58173E-03 -4.31126E+01
  1.76282E+01  5.29363E-28  5.68553E+05  1.57437E-03 -4.33853E+01
  1.77218E+01  5.37879E-28  5.57126E+05  1.57010E-03 -4.33680E+01
  1.78154E+01  5.43384E-28  5.47289E+05  1.56814E-03 -4.65295E+01
  1.79090E+01  5.65488E-28  5.25104E+05  1.56006E-03 -4.63297E+01
  1.80025E+01  5.58583E-28  5.32102E+05  1.56473E-03 -4.83439E+01
  1.80961E+01  5.83751E-28  5.08035E+05  1.55530E-03 -4.90488E+01
  1.81897E+01  5.58380E-28  5.33091E+05  1.57144E-03 -5.11764E+01
  1.82833E+01  5.50685E-28  5.43986E+05  1.58844E-03 -5.41641E+01
  1.83769E+01  5.86021E-28  5.09999E+05  1.58421E-03 -5.43978E+01
  1.84704E+01  6.10624E-28  4.95745E+05  1.60241E-03 -5.80871E+01
  1.85640E+01  6.10899E-28  4.96377E+05  1.60538E-03 -5.85656E+01
  1.86576E+01  5.55223E-28  5.51462E+05  1.63081E-03 -5.91051E+01
  1.87512E+01  4.56247E-28  6.77718E+05  1.67749E-03 -6.07188E+01
  1.88448E+01  4.30182E-28  7.20170E+05  1.69365E-03 -6.06638E+01
  1.89383E+01  3.53797E-28  8.82218E+05  1.76897E-03 -6.03884E+01
  1.90319E+01  3.25984E-28  9.60925E+05  1.80237E-03 -6.05960E+01
  1.91255E+01  3.41659E-28  9.20196E+05  1.78451E-03 -5.96823E+01
  1.92191E+01  3.70500E-28  8.52262E+05  1.75555E-03 -5.80691E+01
  1.93127E+01  3.66080E-28  8.67248E+05  1.76435E-03 -5.59264E+01
  1.94062E+01  4.35491E-28  7.34416E+05  1.70949E-03 -5.30026E+01
  1.94998E+01  4.35551E-28  7.37035E+05  1.70910E-03 -5.21871E+01
  1.95934E+01  5.66903E-28  5.67434E+05  1.65008E-03 -4.94801E+01
  1.96870E+01  6.03636E-28  5.35180E+05  1.63914E-03 -4.76696E+01
  1.97806E+01  6.27730E-28  5.16446E+05  1.63209E-03 -4.50588E+01
  1.98741E+01  7.15972E-28  4.52815E+05  1.61038E-03 -4.35520E+01
  1.99677E+01  7.11933E-28  4.56349E+05  1.61249E-03 -4.23291E+01
  2.00613E+01  7.89383E-28  4.12857E+05  1.59812E-03 -3.86051E+01
  2.01549E+01  8.32050E-28  3.92427E+05  1.59105E-03 -3.75193E+01
  2.02485E+01  8.43781E-28  3.85289E+05  1.58783E-03 -3.72517E+01
  2.03420E+01  8.34678E-28  3.87600E+05  1.58958E-03 -3.48011E+01
  2.04356E+01  8.22984E-28  3.93227E+05  1.59227E-03 -3.33372E+01
  2.05292E+01  8.50101E-28  3.78206E+05  1.58417E-03 -3.22470E+01
  2.06228E+01  8.04032E-28  4.00127E+05  1.59366E-03 -3.20129E+01
  2.07164E+01  5.56270E-28  5.78092E+05  1.66517E-03 -3.12114E+01
  2.08099E+01  3.96130E-28  8.13624E+05  1.77034E-03 -2.95051E+01
  2.09035E+01  3.45647E-28  9.34102E+05  1.82007E-03 -3.00674E+01
  2.09971E+01  2.79030E-28  1.15768E+06  1.90017E-03 -3.20383E+01
  2.10907E+01  2.54989E-28  1.26761E+06  1.93474E-03 -3.24478E+01
  2.11843E+01  2.55265E-28  1.26519E+06  1.90835E-03 -3.56495E+01
  2.12778E+01  2.58609E-28  1.24871E+06  1.89971E-03 -3.59717E+01
  2.13714E+01  2.84481E-28  1.13487E+06  1.84989E-03 -3.69663E+01
  2.14650E+01  3.22703E-28  1.00026E+06  1.79731E-03 -3.74985E+01
  2.15586E+01  3.27759E-28  9.85428E+05  1.79297E-03 -3.75449E+01
  2.16522E+01  3.52867E-28  9.13688E+05  1.77012E-03 -3.84855E+01
  2.17457E+01  3.54038E-28  9.10577E+05  1.76850E-03 -3.64551E+01
  2.18393E+01  3.62053E-28  8.87821E+05  1.76140E-03 -3.67273E+01
  2.19329E+01  3.71449E-28  8.62588E+05  1.75399E-03 -3.86462E+01
  2.20265E+01  3.68881E-28  8.67434E+05  1.75343E-03 -3.82658E+01
  2.21201E+01  3.76188E-28  8.47839E+05  1.74336E-03 -4.03340E+01
  2.22136E+01  3.82637E-28  8.33777E+05  1.73559E-03 -3.92444E+01
  2.23072E+01  3.77952E-28  8.40023E+05  1.73188E-03 -4.51788E+01
  2.24008E+01  3.82652E-28  8.29577E+05  1.72308E-03 -4.47483E+01
  2.24944E+01  3.87016E-28  8.20809E+05  1.71377E-03 -4.34931E+01
  2.25880E+01  3.82712E-28  8.30329E+05  1.70458E-03 -4.87422E+01
  2.26815E+01  3.87355E-28  8.21804E+05  1.69829E-03 -4.76906E+01
  2.27751E+01  3.89190E-28  8.14388E+05  1.67874E-03 -5.05178E+01
  2.28687E+01  3.95146E-28  7.99504E+05  1.66545E-03 -5.11239E+01
  2.29623E+01  3.95720E-28  7.96794E+05  1.65990E-03 -5.25910E+01
  2.30559E+01  4.09526E-28  7.64572E+05  1.63583E-03 -5.32174E+01
  2.31494E+01  4.19996E-28  7.44236E+05  1.62793E-03 -5.22758E+01
  2.32430E+01  4.23210E-28  7.36601E+05  1.62288E-03 -5.36590E+01
  2.33366E+01  4.33256E-28  7.19739E+05  1.61409E-03 -5.38465E+01
  2.34302E+01  4.46126E-28  6.95577E+05  1.60353E-03 -5.30071E+01
  2.35238E+01  4.70846E-28  6.54677E+05  1.58324E-03 -5.20563E+01
  2.36173E+01  4.68756E-28  6.57746E+05  1.58458E-03 -5.22714E+01
  2.37109E+01  4.77947E-28  6.42985E+05  1.57957E-03 -5.18055E+01
  2.38045E+01  4.99236E-28  6.12857E+05  1.56760E-03 -5.01688E+01
  2.38981E+01  5.04994E-28  6.05067E+05  1.56303E-03 -5.01005E+01
  2.39917E+01  4.98551E-28  6.13667E+05  1.56583E-03 -5.07176E+01
  2.40852E+01  5.13261E-28  5.94485E+05  1.56175E-03 -4.84529E+01
  2.41788E+01  5.28806E-28  5.77731E+05  1.55543E-03 -4.77801E+01
  2.42724E+01  5.32670E-28  5.72885E+05  1.55340E-03 -4.73447E+01
  2.43660E+01  5.05807E-28  6.06689E+05  1.56666E-03 -4.75973E+01
  2.44596E+01  5.14791E-28  5.94073E+05  1.56205E-03 -4.48633E+01
  2.45531E+01  4.90534E-28  6.28712E+05  1.57493E-03 -4.46947E+01
  2.46467E+01  4.71777E-28  6.57434E+05  1.58538E-03 -4.55750E+01
  2.47403E+01  4.73026E-28  6.55078E+05  1.58635E-03 -4.27581E+01
  2.48339E+01  4.43240E-28  7.05143E+05  1.60807E-03 -4.16380E+01
  2.49275E+01  4.54786E-28  6.87598E+05  1.60184E-03 -4.11638E+01
  2.50210E+01  4.03901E-28  7.83034E+05  1.65403E-03 -4.09039E+01
  2.51146E+01  3.75647E-28  8.47902E+05  1.68609E-03 -3.82959E+01
  2.52082E+01  3.59870E-28  8.89153E+05  1.70365E-03 -3.46174E+01
  2.53018E+01  3.58651E-28  8.92490E+05  1.70507E-03 -3.43197E+01
  2.53954E+01  3.49465E-28  9.17739E+05  1.72086E-03 -3.43588E+01
  2.54889E+01  3.06343E-28  1.05650E+06  1.80763E-03 -3.45737E+01
  2.55825E+01  2.89092E-28  1.12361E+06  1.84960E-03 -3.46776E+01
  2.56761E+01  2.89092E-28  1.12361E+06  1.84960E-03 -3.46776E+01
  2.57697E+01  2.86019E-28  1.13534E+06  1.85783E-03 -3.23236E+01
  2.58633E+01  2.91633E-28  1.11277E+06  1.85557E-03 -2.96513E+01
  2.59568E+01  2.54697E-28  1.28071E+06  1.93164E-03 -2.90866E+01
  2.60504E+01  2.47329E-28  1.32019E+06  1.95127E-03 -2.97499E+01
  2.61440E+01  2.46668E-28  1.32405E+06  1.95238E-03 -2.95641E+01
  2.62376E+01  2.47321E-28  1.32024E+06  1.95128E-03 -2.97476E+01
  2.63312E+01  2.45910E-28  1.32824E+06  1.95408E-03 -2.97847E+01
  2.64247E+01  2.30989E-28  1.41904E+06  1.98456E-03 -2.78508E+01
  2.65183E+01  2.29799E-28  1.42647E+06  1.98705E-03 -2.65193E+01
  2.66119E+01  2.29657E-28  1.42640E+06  1.98732E-03 -2.59127E+01
  2.67055E+01  2.29735E-28  1.42574E+06  1.98715E-03 -2.59496E+01
  2.67991E+01  2.28261E-28  1.43573E+06  1.99009E-03 -2.58183E+01
  2.68926E+01  2.25339E-28  1.45592E+06  1.99603E-03 -2.55531E+01
  2.69862E+01  2.25339E-28  1.45592E+06  1.99603E-03 -2.55531E+01
  2.70798E+01  2.25100E-28  1.45774E+06  1.99657E-03 -2.49651E+01
  2.71734E+01  2.24652E-28  1.46113E+06  1.99758E-03 -2.38657E+01
  2.72670E+01  2.24159E-28  1.46486E+06  1.99890E-03 -2.30719E+01
  2.73605E+01  2.23991E-28  1.46612E+06  1.99948E-03 -2.30776E+01
  2.74541E+01  2.23983E-28  1.46618E+06  1.99950E-03 -2.30779E+01
  2.75477E+01  2.23983E-28  1.46618E+06  1.99950E-03 -2.30779E+01
  2.76413E+01  2.23983E-28  1.46618E+06  1.99950E-03 -2.30779E+01
  2.77349E+01  2.24024E-28  1.46511E+06  1.99971E-03 -2.28852E+01
  2.78284E+01  2.24226E-28  1.46414E+06  1.99991E-03 -2.21620E+01
  2.79220E+01  2.24362E-28  1.46397E+06  1.99995E-03 -2.17000E+01
  2.80156E+01  2.24373E-28  1.46395E+06  1.99996E-03 -2.16607E+01
  2.81092E+01  2.24364E-28  1.46388E+06  1.99996E-03 -2.16520E+01
  2.82028E+01  2.24254E-28  1.46299E+06  1.99998E-03 -2.15501E+01
  2.82963E+01  2.24203E-28  1.46258E+06  1.99999E-03 -2.15024E+01
  2.83899E+01  2.24203E-28  1.46258E+06  1.99999E-03 -2.15024E+01
  2.84835E+01  2.24292E-28  1.46309E+06  1.99999E-03 -2.09834E+01
  2.85771E+01  2.24340E-28  1.46343E+06  2.00000E-03 -2.05139E+01
  2.86707E+01  2.24142E-28  1.46281E+06  2.00000E-03 -2.02245E+01
  2.87642E+01  2.24093E-28  1.46264E+06  2.00000E-03 -2.01880E+01
  2.88578E+01  2.24093E-28  1.46264E+06  2.00000E-03 -2.01880E+01
  2.89514E+01  2.24093E-28  1.46264E+06  2.00000E-03 -2.01880E+01
  2.90450E+01  2.24051E-28  1.46247E+06  2.00000E-03 -2.01490E+01
  2.91385E+01  2.23809E-28  1.46150E+06  2.00000E-03 -1.96579E+01
  2.92321E+01  2.23934E-28  1.46204E+06  2.00000E-03 -1.91305E+01
  2.93257E+01  2.23995E-28  1.46230E+06  2.00000E-03 -1.89113E+01
  2.94193E+01  2.23997E-28  1.46230E+06  2.00000E-03 -1.88499E+01
  2.95129E+01  2.23908E-28  1.46191E+06  2.00000E-03 -1.87780E+01
  2.96064E+01  2.23679E-28  1.46087E+06  2.00000E-03 -1.85062E+01
  2.97000E+01  2.23674E-28  1.46085E+06  2.00000E-03 -1.84859E+01
  2.97936E+01  2.23732E-28  1.46110E+06  2.00000E-03 -1.83082E+01
  2.98872E+01  2.23849E-28  1.46160E+06  2.00000E-03 -1.79322E+01
  2.99808E+01  2.23851E-28  1.46161E+06  2.00000E-03 -1.75220E+01
  3.00743E+01  2.23657E-28  1.46076E+06  2.00000E-03 -1.71920E+01
  3.01679E+01  2.23650E-28  1.46073E+06  2.00000E-03 -1.71821E+01
  3.02615E+01  2.23650E-28  1.46073E+06  2.00000E-03 -1.71821E+01
  3.03551E+01  2.23650E-28  1.46073E+06  2.00000E-03 -1.71821E+01
  3.04487E+01  2.23511E-28  1.46011E+06  2.00000E-03 -1.68252E+01
  3.05422E+01  2.23522E-28  1.46017E+06  2.00000E-03 -1.62328E+01
  3.06358E+01  2.23594E-28  1.46049E+06  2.00000E-03 -1.60192E+01
  3.07294E+01  2.23611E-28  1.46057E+06  2.00000E-03 -1.59701E+01
  3.08230E+01  2.23597E-28  1.46050E+06  2.00000E-03 -1.59328E+01
  3.09166E+01  2.23440E-28  1.45981E+06  2.00000E-03 -1.55314E+01
  3.10101E+01  2.23394E-28  1.45961E+06  2.00000E-03 -1.54146E+01
  3.11037E+01  2.23394E-28  1.45961E+06  2.00000E-03 -1.54146E+01
  3.11973E+01  2.23502E-28  1.46010E+06  2.00000E-03 -1.50863E+01
  3.12909E+01  2.23566E-28  1.46041E+06  2.00000E-03 -1.47920E+01
  3.13845E+01  2.23461E-28  1.45995E+06  2.00000E-03 -1.44787E+01
  3.14780E+01  2.23412E-28  1.45974E+06  2.00000E-03 -1.43302E+01
  3.15716E+01  2.23412E-28  1.45974E+06  2.00000E-03 -1.43302E+01
  3.16652E+01  2.23412E-28  1.45974E+06  2.00000E-03 -1.43302E+01
  3.17588E+01  2.23402E-28  1.45969E+06  2.00000E-03 -1.42963E+01
  3.18524E+01  2.23284E-28  1.45919E+06  2.00000E-03 -1.37351E+01
  3.19459E+01  2.23294E-28  1.45924E+06  2.00000E-03 -1.35232E+01
  3.20395E+01  2.23302E-28  1.45928E+06  2.00000E-03 -1.34437E+01
  3.21331E+01  2.23302E-28  1.45928E+06  2.00000E-03 -1.34437E+01
  3.22267E+01  2.23248E-28  1.45904E+06  2.00000E-03 -1.33412E+01
  3.23203E+01  2.23083E-28  1.45832E+06  2.00000E-03 -1.30252E+01
  3.24138E+01  2.23075E-28  1.45828E+06  2.00000E-03 -1.30109E+01
  3.25074E+01  2.23049E-28  1.45817E+06  2.00000E-03 -1.29563E+01
  3.26010E+01  2.22993E-28  1.45792E+06  2.00000E-03 -1.28320E+01
  3.26946E+01  2.22867E-28  1.45737E+06  2.00000E-03 -1.26095E+01
  3.27882E+01  2.22698E-28  1.45664E+06  2.00000E-03 -1.23562E+01
  3.28817E+01  2.22694E-28  1.45662E+06  2.00000E-03 -1.23470E+01
  3.29753E+01  2.22693E-28  1.45662E+06  2.00000E-03 -1.23476E+01
  3.30689E+01  2.22695E-28  1.45662E+06  2.00000E-03 -1.23467E+01
  3.31625E+01  2.22533E-28  1.45592E+06  2.00000E-03 -1.21053E+01
  3.32561E+01  2.22315E-28  1.45495E+06  2.00000E-03 -1.18254E+01
  3.33496E+01  2.22251E-28  1.45467E+06  2.00000E-03 -1.17592E+01
  3.34432E+01  2.22239E-28  1.45461E+06  2.00000E-03 -1.17387E+01
  3.35368E+01  2.22230E-28  1.45458E+06  2.00000E-03 -1.17215E+01
  3.36304E+01  2.22146E-28  1.45421E+06  2.00000E-03 -1.15493E+01
  3.37240E+01  2.22087E-28  1.45395E+06  2.00000E-03 -1.14290E+01
  3.38175E+01  2.22087E-28  1.45395E+06  2.00000E-03 -1.14290E+01
  3.39111E+01  2.21970E-28  1.45343E+06  2.00000E-03 -1.13866E+01
  3.40047E+01  2.21872E-28  1.45299E+06  2.00000E-03 -1.13283E+01
  3.40983E+01  2.21660E-28  1.45206E+06  2.00000E-03 -1.08570E+01
  3.41919E+01  2.21589E-28  1.45174E+06  2.00000E-03 -1.06976E+01
  3.42854E+01  2.21589E-28  1.45174E+06  2.00000E-03 -1.06976E+01
  3.43790E+01  2.21589E-28  1.45174E+06  2.00000E-03 -1.06976E+01
  3.44726E+01  2.21589E-28  1.45174E+06  2.00000E-03 -1.06976E+01
  3.45662E+01  2.21589E-28  1.45174E+06  2.00000E-03 -1.06976E+01
  3.46598E+01  2.21589E-28  1.45174E+06  2.00000E-03 -1.06976E+01
  3.47533E+01  2.21589E-28  1.45174E+06  2.00000E-03 -1.06976E+01
  3.48469E+01  2.21589E-28  1.45174E+06  2.00000E-03 -1.06976E+01
  3.49405E+01  2.21550E-28  1.45157E+06  2.00000E-03 -1.05738E+01
  3.50341E+01  2.21422E-28  1.45100E+06  2.00000E-03 -1.01569E+01
  3.51277E+01  2.21394E-28  1.45087E+06  2.00000E-03 -1.01192E+01
  3.52212E+01  2.21262E-28  1.45028E+06  2.00000E-03 -1.00071E+01
  3.53148E+01  2.21057E-28  1.44936E+06  2.00000E-03 -9.83162E+00
  3.54084E+01  2.21001E-28  1.44911E+06  2.00000E-03 -9.78349E+00
  3.55020E+01  2.21001E-28  1.44911E+06  2.00000E-03 -9.78349E+00
  3.55956E+01  2.21001E-28  1.44911E+06  2.00000E-03 -9.78349E+00
  3.56891E+01  2.21001E-28  1.44911E+06  2.00000E-03 -9.78349E+00
  3.57827E+01  2.21001E-28  1.44911E+06  2.00000E-03 -9.78349E+00
  3.58763E+01  2.20970E-28  1.44898E+06  2.00000E-03 -9.69567E+00
  3.59699E+01  2.20884E-28  1.44860E+06  2.00000E-03 -9.40276E+00
  3.60635E+01  2.20878E-28  1.44858E+06  2.00000E-03 -9.38907E+00
  3.61570E+01  2.20878E-28  1.44857E+06  2.00000E-03 -9.39535E+00
  3.62506E+01  2.20879E-28  1.44858E+06  2.00000E-03 -9.37346E+00
  3.63442E+01  2.20879E-28  1.44858E+06  2.00000E-03 -9.37143E+00
  3.64378E+01  2.20879E-28  1.44858E+06  2.00000E-03 -9.37264E+00
  3.65314E+01  2.20823E-28  1.44834E+06  2.00000E-03 -9.31684E+00
  3.66249E+01  2.20664E-28  1.44764E+06  2.00000E-03 -9.19978E+00
  3.67185E+01  2.20531E-28  1.44706E+06  2.00000E-03 -9.08578E+00
  3.68121E+01  2.20431E-28  1.44662E+06  2.00000E-03 -8.88802E+00
  3.69057E+01  2.20388E-28  1.44643E+06  2.00000E-03 -8.82632E+00
  3.69993E+01  2.20388E-28  1.44643E+06  2.00000E-03 -8.82632E+00
  3.70928E+01  2.20388E-28  1.44643E+06  2.00000E-03 -8.82632E+00
  3.71864E+01  2.20388E-28  1.44644E+06  2.00000E-03 -8.82632E+00
  3.72800E+01  2.20388E-28  1.44644E+06  2.00000E-03 -8.82632E+00
  3.73736E+01  2.20388E-28  1.44643E+06  2.00000E-03 -8.82632E+00
  3.74672E+01  2.20388E-28  1.44643E+06  2.00000E-03 -8.82632E+00
  3.75607E+01  2.20388E-28  1.44644E+06  2.00000E-03 -8.82632E+00
  3.76543E+01  2.20389E-28  1.44644E+06  2.00000E-03 -8.82084E+00
  3.77479E+01  2.20425E-28  1.44660E+06  2.00000E-03 -8.65959E+00
  3.78415E+01  2.20416E-28  1.44656E+06  2.00000E-03 -8.63106E+00
  3.79351E+01  2.20324E-28  1.44615E+06  2.00000E-03 -8.54318E+00
  3.80286E+01  2.20185E-28  1.44554E+06  2.00000E-03 -8.40974E+00
  3.81222E+01  2.20147E-28  1.44537E+06  2.00000E-03 -8.37336E+00
  3.82158E+01  2.20147E-28  1.44537E+06  2.00000E-03 -8.37336E+00
  3.83094E+01  2.20147E-28  1.44537E+06  2.00000E-03 -8.37336E+00
  3.84030E+01  2.20147E-28  1.44537E+06  2.00000E-03 -8.37336E+00
  3.84965E+01  2.20147E-28  1.44537E+06  2.00000E-03 -8.37336E+00
  3.85901E+01  2.20206E-28  1.44563E+06  2.00000E-03 -8.30752E+00
  3.86837E+01  2.20313E-28  1.44610E+06  2.00000E-03 -8.18840E+00
  3.87773E+01  2.20320E-28  1.44613E+06  2.00000E-03 -8.18062E+00
  3.88709E+01  2.20320E-28  1.44613E+06  2.00000E-03 -8.18062E+00
  3.89644E+01  2.20320E-28  1.44613E+06  2.00000E-03 -8.18062E+00
  3.90580E+01  2.20320E-28  1.44613E+06  2.00000E-03 -8.18062E+00
  3.91516E+01  2.20320E-28  1.44613E+06  2.00000E-03 -8.18062E+00
  3.92452E+01  2.20270E-28  1.44591E+06  2.00000E-03 -8.12483E+00
  3.93388E+01  2.20146E-28  1.44536E+06  2.00000E-03 -7.98489E+00
  3.94323E+01  2.20089E-28  1.44511E+06  2.00000E-03 -7.90593E+00
  3.95259E+01  2.20198E-28  1.44560E+06  2.00000E-03 -7.82405E+00
  3.96195E+01  2.20296E-28  1.44603E+06  2.00000E-03 -7.75170E+00
  3.97131E+01  2.20296E-28  1.44603E+06  2.00000E-03 -7.75170E+00
  3.98067E+01  2.20296E-28  1.44603E+06  2.00000E-03 -7.75170E+00
  3.99002E+01  2.20296E-28  1.44603E+06  2.00000E-03 -7.75170E+00
  3.99938E+01  2.20296E-28  1.44603E+06  2.00000E-03 -7.75170E+00
  4.00874E+01  2.20296E-28  1.44603E+06  2.00000E-03 -7.75170E+00
  4.01810E+01  2.20296E-28  1.44603E+06  2.00000E-03 -7.75170E+00
  4.02746E+01  2.20296E-28  1.44603E+06  2.00000E-03 -7.75170E+00
  4.03681E+01  2.20302E-28  1.44605E+06  2.00000E-03 -7.74843E+00
  4.04617E+01  2.20531E-28  1.44706E+06  2.00000E-03 -7.62821E+00
  4.05553E+01  2.20549E-28  1.44714E+06  2.00000E-03 -7.61577E+00
  4.06489E+01  2.20369E-28  1.44634E+06  2.00000E-03 -7.57999E+00
  4.07425E+01  2.20143E-28  1.44535E+06  2.00000E-03 -7.53502E+00
  4.08360E+01  2.20079E-28  1.44507E+06  2.00000E-03 -7.52237E+00
  4.09296E+01  2.20079E-28  1.44507E+06  2.00000E-03 -7.52237E+00
  4.10232E+01  2.20079E-28  1.44507E+06  2.00000E-03 -7.52237E+00
  4.11168E+01  2.20079E-28  1.44507E+06  2.00000E-03 -7.52237E+00
  4.12104E+01  2.20079E-28  1.44507E+06  2.00000E-03 -7.52237E+00
  4.13039E+01  2.20114E-28  1.44522E+06  2.00000E-03 -7.50771E+00
  4.13975E+01  2.20192E-28  1.44556E+06  2.00000E-03 -7.47530E+00
  4.14911E+01  2.20205E-28  1.44562E+06  2.00000E-03 -7.46970E+00
  4.15847E+01  2.20205E-28  1.44562E+06  2.00000E-03 -7.46970E+00
  4.16782E+01  2.20205E-28  1.44562E+06  2.00000E-03 -7.46969E+00
  4.17718E+01  2.20205E-28  1.44562E+06  2.00000E-03 -7.46970E+00
  4.18654E+01  2.20205E-28  1.44562E+06  2.00000E-03 -7.46970E+00
  4.19590E+01  2.20116E-28  1.44523E+06  2.00000E-03 -7.46473E+00
  4.20526E+01  2.19933E-28  1.44442E+06  2.00000E-03 -7.45449E+00
  4.21461E+01  2.19713E-28  1.44345E+06  2.00000E-03 -7.44216E+00
  4.22397E+01  2.19749E-28  1.44361E+06  2.00000E-03 -7.41708E+00
  4.23333E+01  2.19777E-28  1.44373E+06  2.00000E-03 -7.39747E+00
  4.24269E+01  2.19777E-28  1.44373E+06  2.00000E-03 -7.39747E+00
  4.25205E+01  2.19777E-28  1.44373E+06  2.00000E-03 -7.39747E+00
  4.26140E+01  2.19765E-28  1.44368E+06  2.00000E-03 -7.37865E+00
  4.27076E+01  2.19767E-28  1.44369E+06  2.00000E-03 -7.38211E+00
  4.28012E+01  2.19755E-28  1.44363E+06  2.00000E-03 -7.36338E+00
  4.28948E+01  2.19759E-28  1.44365E+06  2.00000E-03 -7.36834E+00
  4.29884E+01  2.19756E-28  1.44364E+06  2.00000E-03 -7.36431E+00
  4.30819E+01  2.19754E-28  1.44363E+06  2.00000E-03 -7.35959E+00
  4.31755E+01  2.19741E-28  1.44357E+06  2.00000E-03 -7.29122E+00
  4.32691E+01  2.19733E-28  1.44354E+06  2.00000E-03 -7.27744E+00
  4.33627E+01  2.19634E-28  1.44310E+06  2.00000E-03 -7.21226E+00
