 -2.87686E+01  2.17354E-28  1.43297E+06  2.00000E-03  1.20590E+00
 -2.86750E+01  2.17355E-28  1.43297E+06  2.00000E-03  1.20580E+00
 -2.85814E+01  2.17355E-28  1.43297E+06  2.00000E-03  1.20580E+00
 -2.84878E+01  2.17355E-28  1.43297E+06  2.00000E-03  1.20580E+00
 -2.83943E+01  2.17355E-28  1.43297E+06  2.00000E-03  1.20580E+00
 -2.83007E+01  2.17355E-28  1.43297E+06  2.00000E-03  1.20580E+00
 -2.82071E+01  2.17355E-28  1.43297E+06  2.00000E-03  1.20580E+00
 -2.81135E+01  2.17355E-28  1.43297E+06  2.00000E-03  1.20580E+00
 -2.80199E+01  2.17381E-28  1.43309E+06  2.00000E-03  1.19695E+00
 -2.79264E+01  2.17510E-28  1.43366E+06  2.00000E-03  1.15070E+00
 -2.78328E+01  2.17647E-28  1.43426E+06  2.00000E-03  1.08025E+00
 -2.77392E+01  2.17764E-28  1.43477E+06  2.00000E-03  1.01532E+00
 -2.76456E+01  2.17774E-28  1.43482E+06  2.00000E-03  1.00945E+00
 -2.75520E+01  2.17774E-28  1.43482E+06  2.00000E-03  1.00945E+00
 -2.74585E+01  2.17774E-28  1.43482E+06  2.00000E-03  1.00945E+00
 -2.73649E+01  2.17774E-28  1.43482E+06  2.00000E-03  1.00945E+00
 -2.72713E+01  2.17774E-28  1.43482E+06  2.00000E-03  1.00945E+00
 -2.71777E+01  2.17774E-28  1.43482E+06  2.00000E-03  1.00945E+00
 -2.70841E+01  2.17825E-28  1.43504E+06  2.00000E-03  9.84429E-01
 -2.69906E+01  2.18043E-28  1.43600E+06  2.00000E-03  8.76730E-01
 -2.68970E+01  2.18043E-28  1.43600E+06  2.00000E-03  8.76729E-01
 -2.68034E+01  2.18043E-28  1.43600E+06  2.00000E-03  8.76729E-01
 -2.67098E+01  2.18043E-28  1.43600E+06  2.00000E-03  8.76729E-01
 -2.66162E+01  2.18043E-28  1.43600E+06  2.00000E-03  8.76729E-01
 -2.65227E+01  2.18065E-28  1.43610E+06  2.00000E-03  8.66228E-01
 -2.64291E+01  2.18109E-28  1.43629E+06  2.00000E-03  8.44628E-01
 -2.63355E+01  2.18140E-28  1.43643E+06  2.00000E-03  8.29530E-01
 -2.62419E+01  2.18140E-28  1.43643E+06  2.00000E-03  8.29530E-01
 -2.61483E+01  2.18158E-28  1.43651E+06  2.00000E-03  8.26791E-01
 -2.60548E+01  2.18177E-28  1.43659E+06  2.00000E-03  8.23980E-01
 -2.59612E+01  2.18177E-28  1.43659E+06  2.00000E-03  8.23980E-01
 -2.58676E+01  2.18177E-28  1.43659E+06  2.00000E-03  8.23980E-01
 -2.57740E+01  2.18177E-28  1.43659E+06  2.00000E-03  8.23980E-01
 -2.56805E+01  2.18177E-28  1.43659E+06  2.00000E-03  8.23980E-01
 -2.55869E+01  2.18144E-28  1.43645E+06  2.00000E-03  8.46068E-01
 -2.54933E+01  2.18131E-28  1.43639E+06  2.00000E-03  8.54997E-01
 -2.53997E+01  2.18091E-28  1.43621E+06  2.00000E-03  8.82896E-01
 -2.53061E+01  2.18075E-28  1.43614E+06  2.00000E-03  8.94873E-01
 -2.52126E+01  2.18058E-28  1.43607E+06  2.00000E-03  9.19425E-01
 -2.51190E+01  2.18024E-28  1.43592E+06  2.00000E-03  9.48160E-01
 -2.50254E+01  2.17990E-28  1.43577E+06  2.00000E-03  9.74452E-01
 -2.49318E+01  2.17992E-28  1.43578E+06  2.00000E-03  9.73701E-01
 -2.48382E+01  2.17990E-28  1.43577E+06  2.00000E-03  9.74357E-01
 -2.47447E+01  2.17991E-28  1.43578E+06  2.00000E-03  9.74059E-01
 -2.46511E+01  2.17992E-28  1.43578E+06  2.00000E-03  9.73711E-01
 -2.45575E+01  2.17990E-28  1.43577E+06  2.00000E-03  9.74499E-01
 -2.44639E+01  2.17991E-28  1.43578E+06  2.00000E-03  9.74059E-01
 -2.43703E+01  2.17939E-28  1.43555E+06  2.00000E-03  1.00433E+00
 -2.42768E+01  2.17826E-28  1.43506E+06  2.00000E-03  1.07024E+00
 -2.41832E+01  2.17840E-28  1.43512E+06  2.00000E-03  1.06226E+00
 -2.40896E+01  2.17875E-28  1.43527E+06  2.00000E-03  1.04249E+00
 -2.39960E+01  2.17868E-28  1.43524E+06  2.00000E-03  1.04640E+00
 -2.39024E+01  2.17831E-28  1.43508E+06  2.00000E-03  1.06743E+00
 -2.38089E+01  2.17866E-28  1.43523E+06  2.00000E-03  1.04853E+00
 -2.37153E+01  2.17747E-28  1.43471E+06  2.00000E-03  1.11823E+00
 -2.36217E+01  2.17853E-28  1.43517E+06  2.00000E-03  1.05787E+00
 -2.35281E+01  2.17853E-28  1.43517E+06  2.00000E-03  1.05786E+00
 -2.34345E+01  2.17605E-28  1.43409E+06  2.00000E-03  1.21499E+00
 -2.33410E+01  2.17476E-28  1.43353E+06  2.00000E-03  1.29686E+00
 -2.32474E+01  2.17476E-28  1.43353E+06  2.00000E-03  1.29686E+00
 -2.31538E+01  2.17476E-28  1.43353E+06  2.00000E-03  1.29686E+00
 -2.30602E+01  2.17476E-28  1.43353E+06  2.00000E-03  1.29686E+00
 -2.29666E+01  2.17476E-28  1.43353E+06  2.00000E-03  1.29686E+00
 -2.28731E+01  2.17476E-28  1.43353E+06  2.00000E-03  1.29686E+00
 -2.27795E+01  2.17476E-28  1.43353E+06  2.00000E-03  1.29686E+00
 -2.26859E+01  2.17476E-28  1.43353E+06  2.00000E-03  1.29686E+00
 -2.25923E+01  2.17475E-28  1.43353E+06  2.00000E-03  1.29736E+00
 -2.24987E+01  2.17110E-28  1.43191E+06  2.00000E-03  1.58551E+00
 -2.24052E+01  2.17054E-28  1.43166E+06  2.00000E-03  1.63061E+00
 -2.23116E+01  2.17037E-28  1.43159E+06  2.00000E-03  1.64467E+00
 -2.22180E+01  2.17037E-28  1.43159E+06  2.00000E-03  1.64467E+00
 -2.21244E+01  2.17040E-28  1.43160E+06  2.00000E-03  1.64372E+00
 -2.20308E+01  2.17054E-28  1.43166E+06  2.00000E-03  1.63930E+00
 -2.19373E+01  2.17056E-28  1.43167E+06  2.00000E-03  1.63871E+00
 -2.18437E+01  2.17067E-28  1.43171E+06  2.00000E-03  1.63354E+00
 -2.17501E+01  2.17100E-28  1.43186E+06  2.00000E-03  1.61822E+00
 -2.16565E+01  2.17142E-28  1.43205E+06  2.00000E-03  1.59336E+00
 -2.15629E+01  2.17208E-28  1.43234E+06  2.00000E-03  1.54611E+00
 -2.14694E+01  2.17214E-28  1.43236E+06  2.00000E-03  1.54207E+00
 -2.13758E+01  2.17214E-28  1.43236E+06  2.00000E-03  1.54207E+00
 -2.12822E+01  2.17214E-28  1.43236E+06  2.00000E-03  1.54207E+00
 -2.11886E+01  2.17250E-28  1.43252E+06  2.00000E-03  1.51559E+00
 -2.10950E+01  2.17344E-28  1.43294E+06  2.00000E-03  1.44887E+00
 -2.10015E+01  2.17379E-28  1.43309E+06  2.00000E-03  1.42377E+00
 -2.09079E+01  2.17388E-28  1.43313E+06  2.00000E-03  1.41762E+00
 -2.08143E+01  2.17387E-28  1.43313E+06  2.00000E-03  1.41809E+00
 -2.07207E+01  2.17378E-28  1.43309E+06  2.00000E-03  1.42481E+00
 -2.06271E+01  2.17371E-28  1.43306E+06  2.00000E-03  1.42988E+00
 -2.05336E+01  2.17371E-28  1.43306E+06  2.00000E-03  1.42988E+00
 -2.04400E+01  2.17357E-28  1.43300E+06  2.00000E-03  1.43921E+00
 -2.03464E+01  2.17338E-28  1.43292E+06  2.00000E-03  1.45366E+00
 -2.02528E+01  2.17259E-28  1.43257E+06  2.00000E-03  1.51681E+00
 -2.01592E+01  2.17221E-28  1.43241E+06  2.00000E-03  1.54786E+00
 -2.00657E+01  2.17221E-28  1.43241E+06  2.00000E-03  1.54786E+00
 -1.99721E+01  2.17221E-28  1.43241E+06  2.00000E-03  1.54786E+00
 -1.98785E+01  2.17212E-28  1.43237E+06  2.00000E-03  1.55585E+00
 -1.97849E+01  2.17024E-28  1.43155E+06  2.00000E-03  1.72305E+00
 -1.96913E+01  2.16886E-28  1.43095E+06  2.00000E-03  1.83073E+00
 -1.95978E+01  2.16886E-28  1.43095E+06  2.00000E-03  1.83073E+00
 -1.95042E+01  2.16886E-28  1.43095E+06  2.00000E-03  1.83073E+00
 -1.94106E+01  2.16869E-28  1.43087E+06  2.00000E-03  1.85509E+00
 -1.93170E+01  2.16817E-28  1.43064E+06  2.00000E-03  1.92732E+00
 -1.92234E+01  2.16804E-28  1.43059E+06  2.00000E-03  1.93832E+00
 -1.91299E+01  2.16733E-28  1.43028E+06  2.00000E-03  1.99308E+00
 -1.90363E+01  2.16699E-28  1.43013E+06  2.00000E-03  2.01917E+00
 -1.89427E+01  2.16642E-28  1.42988E+06  2.00000E-03  2.08116E+00
 -1.88491E+01  2.16669E-28  1.43000E+06  2.00000E-03  2.09860E+00
 -1.87555E+01  2.16669E-28  1.43001E+06  2.00000E-03  2.09900E+00
 -1.86620E+01  2.16669E-28  1.43001E+06  2.00000E-03  2.09900E+00
 -1.85684E+01  2.16669E-28  1.43001E+06  2.00000E-03  2.09900E+00
 -1.84748E+01  2.16623E-28  1.42981E+06  2.00000E-03  2.16614E+00
 -1.83812E+01  2.16526E-28  1.42939E+06  2.00000E-03  2.28119E+00
 -1.82876E+01  2.16482E-28  1.42920E+06  2.00000E-03  2.31946E+00
 -1.81941E+01  2.16482E-28  1.42920E+06  2.00000E-03  2.31946E+00
 -1.81005E+01  2.16482E-28  1.42920E+06  2.00000E-03  2.31946E+00
 -1.80069E+01  2.16343E-28  1.42859E+06  2.00000E-03  2.46499E+00
 -1.79133E+01  2.16260E-28  1.42823E+06  2.00000E-03  2.55288E+00
 -1.78197E+01  2.16260E-28  1.42823E+06  2.00000E-03  2.55288E+00
 -1.77262E+01  2.16134E-28  1.42768E+06  2.00000E-03  2.68634E+00
 -1.76326E+01  2.16016E-28  1.42716E+06  2.00000E-03  2.80556E+00
 -1.75390E+01  2.15795E-28  1.42620E+06  2.00000E-03  3.01299E+00
 -1.74454E+01  2.15708E-28  1.42583E+06  2.00000E-03  3.09424E+00
 -1.73518E+01  2.15708E-28  1.42583E+06  2.00000E-03  3.09424E+00
 -1.72583E+01  2.15708E-28  1.42583E+06  2.00000E-03  3.09424E+00
 -1.71647E+01  2.15672E-28  1.42567E+06  2.00000E-03  3.13588E+00
 -1.70711E+01  2.15591E-28  1.42536E+06  2.00000E-03  3.23925E+00
 -1.69775E+01  2.15711E-28  1.42590E+06  2.00000E-03  3.16474E+00
 -1.68839E+01  2.15711E-28  1.42590E+06  2.00000E-03  3.16474E+00
 -1.67904E+01  2.15711E-28  1.42590E+06  2.00000E-03  3.16474E+00
 -1.66968E+01  2.15765E-28  1.42612E+06  2.00000E-03  3.12514E+00
 -1.66032E+01  2.16057E-28  1.42734E+06  2.00000E-03  2.91143E+00
 -1.65096E+01  2.16088E-28  1.42747E+06  2.00000E-03  2.90282E+00
 -1.64160E+01  2.16535E-28  1.42941E+06  2.00000E-03  2.55811E+00
 -1.63225E+01  2.16845E-28  1.43076E+06  2.00000E-03  2.32886E+00
 -1.62289E+01  2.17009E-28  1.43148E+06  2.00000E-03  2.18877E+00
 -1.61353E+01  2.17377E-28  1.43309E+06  2.00000E-03  1.87858E+00
 -1.60417E+01  2.17483E-28  1.43356E+06  2.00000E-03  1.78475E+00
 -1.59481E+01  2.17847E-28  1.43516E+06  2.00000E-03  1.47269E+00
 -1.58546E+01  2.17867E-28  1.43525E+06  2.00000E-03  1.44504E+00
 -1.57610E+01  2.17965E-28  1.43568E+06  2.00000E-03  1.35835E+00
 -1.56674E+01  2.17995E-28  1.43582E+06  2.00000E-03  1.30773E+00
 -1.55738E+01  2.17981E-28  1.43575E+06  2.00000E-03  1.31154E+00
 -1.54802E+01  2.17844E-28  1.43515E+06  2.00000E-03  1.38939E+00
 -1.53867E+01  2.17756E-28  1.43477E+06  2.00000E-03  1.44309E+00
 -1.52931E+01  2.17412E-28  1.43326E+06  2.00000E-03  1.67795E+00
 -1.51995E+01  2.17408E-28  1.43324E+06  2.00000E-03  1.69081E+00
 -1.51059E+01  2.17169E-28  1.43219E+06  2.00000E-03  1.85765E+00
 -1.50123E+01  2.16803E-28  1.43058E+06  2.00000E-03  2.10817E+00
 -1.49188E+01  2.16710E-28  1.43017E+06  2.00000E-03  2.17211E+00
 -1.48252E+01  2.16602E-28  1.42970E+06  2.00000E-03  2.26553E+00
 -1.47316E+01  2.16584E-28  1.42962E+06  2.00000E-03  2.28019E+00
 -1.46380E+01  2.16487E-28  1.42919E+06  2.00000E-03  2.35257E+00
 -1.45444E+01  2.16543E-28  1.42944E+06  2.00000E-03  2.32653E+00
 -1.44509E+01  2.16541E-28  1.42943E+06  2.00000E-03  2.32955E+00
 -1.43573E+01  2.16624E-28  1.42980E+06  2.00000E-03  2.29409E+00
 -1.42637E+01  2.16633E-28  1.42984E+06  2.00000E-03  2.29625E+00
 -1.41701E+01  2.16665E-28  1.42999E+06  2.00000E-03  2.31377E+00
 -1.40765E+01  2.16676E-28  1.43003E+06  2.00000E-03  2.33623E+00
 -1.39830E+01  2.16696E-28  1.43012E+06  2.00000E-03  2.36504E+00
 -1.38894E+01  2.16751E-28  1.43037E+06  2.00000E-03  2.39709E+00
 -1.37958E+01  2.16806E-28  1.43061E+06  2.00000E-03  2.39441E+00
 -1.37022E+01  2.17023E-28  1.43157E+06  2.00000E-03  2.36009E+00
 -1.36086E+01  2.17237E-28  1.43251E+06  2.00000E-03  2.30021E+00
 -1.35151E+01  2.17369E-28  1.43309E+06  2.00000E-03  2.25724E+00
 -1.34215E+01  2.17901E-28  1.43543E+06  2.00000E-03  2.06368E+00
 -1.33279E+01  2.18109E-28  1.43635E+06  2.00000E-03  1.97433E+00
 -1.32343E+01  2.18825E-28  1.43950E+06  2.00000E-03  1.67923E+00
 -1.31407E+01  2.18899E-28  1.43982E+06  2.00000E-03  1.64518E+00
 -1.30472E+01  2.19437E-28  1.44218E+06  2.00000E-03  1.40542E+00
 -1.29536E+01  2.19902E-28  1.44422E+06  2.00000E-03  1.19344E+00
 -1.28600E+01  2.19974E-28  1.44454E+06  2.00000E-03  1.15739E+00
 -1.27664E+01  2.20586E-28  1.44722E+06  2.00000E-03  8.44580E-01
 -1.26729E+01  2.20695E-28  1.44770E+06  2.00000E-03  7.84704E-01
 -1.25793E+01  2.21000E-28  1.44904E+06  2.00000E-03  6.04238E-01
 -1.24857E+01  2.21111E-28  1.44953E+06  2.00000E-03  5.37786E-01
 -1.23921E+01  2.21212E-28  1.44998E+06  2.00000E-03  4.55449E-01
 -1.22985E+01  2.21308E-28  1.45041E+06  2.00000E-03  3.56937E-01
 -1.22050E+01  2.21310E-28  1.45041E+06  2.00000E-03  3.53192E-01
 -1.21114E+01  2.21239E-28  1.45012E+06  2.00000E-03  3.33807E-01
 -1.20178E+01  2.21222E-28  1.45005E+06  2.00000E-03  3.39026E-01
 -1.19242E+01  2.21056E-28  1.44934E+06  2.00000E-03  4.08903E-01
 -1.18306E+01  2.21011E-28  1.44917E+06  2.00000E-03  4.24470E-01
 -1.17371E+01  2.20588E-28  1.44733E+06  2.00000E-03  6.44409E-01
 -1.16435E+01  2.19790E-28  1.44389E+06  2.00000E-03  1.10623E+00
 -1.15499E+01  2.19742E-28  1.44368E+06  2.00000E-03  1.14738E+00
 -1.14563E+01  2.19025E-28  1.44059E+06  2.00000E-03  1.58786E+00
 -1.13627E+01  2.18154E-28  1.43679E+06  2.00000E-03  2.11542E+00
 -1.12692E+01  2.17603E-28  1.43446E+06  2.00000E-03  2.43546E+00
 -1.11756E+01  2.17177E-28  1.43276E+06  2.00000E-03  2.66472E+00
 -1.10820E+01  2.16979E-28  1.43191E+06  2.00000E-03  2.77437E+00
 -1.09884E+01  2.16646E-28  1.43042E+06  2.00000E-03  2.94146E+00
 -1.08948E+01  2.16455E-28  1.42949E+06  2.00000E-03  3.01788E+00
 -1.08013E+01  2.16306E-28  1.42870E+06  2.00000E-03  3.08533E+00
 -1.07077E+01  2.16147E-28  1.42792E+06  2.00000E-03  3.17193E+00
 -1.06141E+01  2.15927E-28  1.42694E+06  2.00000E-03  3.30521E+00
 -1.05205E+01  2.15681E-28  1.42589E+06  2.00000E-03  3.44842E+00
 -1.04269E+01  2.15401E-28  1.42471E+06  2.00000E-03  3.61287E+00
 -1.03334E+01  2.15318E-28  1.42434E+06  2.00000E-03  3.67653E+00
 -1.02398E+01  2.15291E-28  1.42417E+06  2.00000E-03  3.70695E+00
 -1.01462E+01  2.15418E-28  1.42468E+06  2.00000E-03  3.60537E+00
 -1.00526E+01  2.15677E-28  1.42578E+06  2.00000E-03  3.45798E+00
 -9.95903E+00  2.16280E-28  1.42841E+06  2.00000E-03  3.09795E+00
 -9.86545E+00  2.16709E-28  1.43027E+06  2.00000E-03  2.87826E+00
 -9.77188E+00  2.17467E-28  1.43359E+06  2.00000E-03  2.47644E+00
 -9.67830E+00  2.17939E-28  1.43566E+06  2.00000E-03  2.25807E+00
 -9.58472E+00  2.18136E-28  1.43652E+06  2.00000E-03  2.21669E+00
 -9.49114E+00  2.18326E-28  1.43735E+06  2.00000E-03  2.17551E+00
 -9.39756E+00  2.18378E-28  1.43758E+06  2.00000E-03  2.21708E+00
 -9.30398E+00  2.18346E-28  1.43744E+06  2.00000E-03  2.27885E+00
 -9.21040E+00  2.18205E-28  1.43682E+06  2.00000E-03  2.41906E+00
 -9.11682E+00  2.18012E-28  1.43598E+06  2.00000E-03  2.59270E+00
 -9.02324E+00  2.17704E-28  1.43463E+06  2.00000E-03  2.82714E+00
 -8.92966E+00  2.17200E-28  1.43242E+06  2.00000E-03  3.18297E+00
 -8.83608E+00  2.16853E-28  1.43089E+06  2.00000E-03  3.42466E+00
 -8.74250E+00  2.16215E-28  1.42809E+06  2.00000E-03  3.87059E+00
 -8.64892E+00  2.15774E-28  1.42616E+06  2.00000E-03  4.19344E+00
 -8.55534E+00  2.15115E-28  1.42326E+06  2.00000E-03  4.67300E+00
 -8.46176E+00  2.14679E-28  1.42135E+06  2.00000E-03  5.01052E+00
 -8.36818E+00  2.14178E-28  1.41914E+06  2.00000E-03  5.42107E+00
 -8.27460E+00  2.13916E-28  1.41800E+06  2.00000E-03  5.69942E+00
 -8.18102E+00  2.13838E-28  1.41767E+06  2.00000E-03  5.86636E+00
 -8.08744E+00  2.13962E-28  1.41824E+06  2.00000E-03  5.93218E+00
 -7.99386E+00  2.14411E-28  1.42024E+06  2.00000E-03  5.75164E+00
 -7.90028E+00  2.15095E-28  1.42328E+06  2.00000E-03  5.49538E+00
 -7.80670E+00  2.16157E-28  1.42798E+06  2.00000E-03  4.96211E+00
 -7.71312E+00  2.16896E-28  1.43125E+06  2.00000E-03  4.67416E+00
 -7.61954E+00  2.17768E-28  1.43510E+06  2.00000E-03  4.26714E+00
 -7.52596E+00  2.18314E-28  1.43751E+06  2.00000E-03  4.03800E+00
 -7.43238E+00  2.18709E-28  1.43925E+06  2.00000E-03  3.88905E+00
 -7.33880E+00  2.19192E-28  1.44136E+06  2.00000E-03  3.64928E+00
 -7.24522E+00  2.19768E-28  1.44386E+06  2.00000E-03  3.34558E+00
 -7.15164E+00  2.20405E-28  1.44664E+06  2.00000E-03  2.91223E+00
 -7.05806E+00  2.20939E-28  1.44896E+06  2.00000E-03  2.62787E+00
 -6.96448E+00  2.21305E-28  1.45054E+06  2.00000E-03  2.46014E+00
 -6.87090E+00  2.21547E-28  1.45158E+06  2.00000E-03  2.29868E+00
 -6.77732E+00  2.21566E-28  1.45165E+06  2.00000E-03  2.30002E+00
 -6.68374E+00  2.21528E-28  1.45147E+06  2.00000E-03  2.35577E+00
 -6.59016E+00  2.21414E-28  1.45097E+06  2.00000E-03  2.44114E+00
 -6.49658E+00  2.21246E-28  1.45023E+06  2.00000E-03  2.54628E+00
 -6.40300E+00  2.20962E-28  1.44899E+06  2.00000E-03  2.72179E+00
 -6.30942E+00  2.20497E-28  1.44696E+06  2.00000E-03  2.92862E+00
 -6.21584E+00  2.19982E-28  1.44471E+06  2.00000E-03  3.21210E+00
 -6.12226E+00  2.19735E-28  1.44364E+06  2.00000E-03  3.35938E+00
 -6.02868E+00  2.19466E-28  1.44247E+06  2.00000E-03  3.48090E+00
 -5.93510E+00  2.19459E-28  1.44246E+06  2.00000E-03  3.43485E+00
 -5.84152E+00  2.19806E-28  1.44400E+06  2.00000E-03  3.24277E+00
 -5.74794E+00  2.20699E-28  1.44793E+06  2.00000E-03  2.62272E+00
 -5.65436E+00  2.22010E-28  1.45377E+06  1.99999E-03  1.65196E+00
 -5.56078E+00  2.24546E-28  1.46024E+06  1.99633E-03 -6.70078E-02
 -5.46720E+00  2.27791E-28  1.45705E+06  1.98543E-03 -1.00344E+00
 -5.37362E+00  2.40799E-28  1.39350E+06  1.91652E-03 -1.62538E+00
 -5.28004E+00  2.48187E-28  1.36455E+06  1.88234E-03 -5.04841E-01
 -5.18646E+00  2.46542E-28  1.38161E+06  1.89519E-03  1.42696E+00
 -5.09288E+00  2.35203E-28  1.45307E+06  1.96496E-03  2.80779E+00
 -4.99930E+00  2.30971E-28  1.48772E+06  1.99560E-03  2.76311E+00
 -4.90572E+00  2.31346E-28  1.49671E+06  1.99989E-03  1.80734E+00
 -4.81214E+00  2.32614E-28  1.50090E+06  1.99982E-03  7.68371E-01
 -4.71856E+00  2.33534E-28  1.50474E+06  1.99926E-03  5.19132E-03
 -4.62498E+00  2.34146E-28  1.50658E+06  1.99832E-03 -4.87886E-01
 -4.53140E+00  2.34392E-28  1.50607E+06  1.99724E-03 -8.98611E-01
 -4.43782E+00  2.34640E-28  1.50444E+06  1.99565E-03 -1.25717E+00
 -4.34424E+00  2.34899E-28  1.50331E+06  1.99474E-03 -1.65293E+00
 -4.25066E+00  2.34621E-28  1.50622E+06  1.99719E-03 -2.12830E+00
 -4.15708E+00  2.34577E-28  1.50904E+06  1.99930E-03 -2.87839E+00
 -4.06350E+00  2.34906E-28  1.51059E+06  1.99987E-03 -3.93134E+00
 -3.96992E+00  2.35241E-28  1.51188E+06  1.99999E-03 -5.93700E+00
 -3.87634E+00  2.35613E-28  1.51422E+06  1.99994E-03 -8.63352E+00
 -3.78276E+00  2.36686E-28  1.51233E+06  1.99435E-03 -1.22207E+01
 -3.68918E+00  2.58044E-28  1.39322E+06  1.89080E-03 -1.67514E+01
 -3.59560E+00  3.46116E-28  1.04577E+06  1.60335E-03 -1.99534E+01
 -3.50203E+00  4.72213E-28  7.66591E+05  1.38021E-03 -1.96635E+01
 -3.40845E+00  5.20723E-28  6.89241E+05  1.32198E-03 -1.55836E+01
 -3.31487E+00  4.45186E-28  8.10294E+05  1.41812E-03 -1.27085E+01
 -3.22129E+00  2.96182E-28  1.25071E+06  1.76757E-03 -1.09051E+01
 -3.12771E+00  2.49530E-28  1.52082E+06  1.97193E-03 -1.39930E+01
 -3.03413E+00  2.48919E-28  1.55596E+06  1.98360E-03 -1.83572E+01
 -2.94055E+00  2.62918E-28  1.50736E+06  1.92545E-03 -2.41123E+01
 -2.84697E+00  3.65274E-28  1.11533E+06  1.56552E-03 -2.57993E+01
 -2.75339E+00  1.37509E-27  3.07958E+05  8.72849E-04 -9.26883E+00
 -2.65981E+00  5.80459E-27  7.38019E+04  6.91216E-04  1.53510E+00
 -2.56623E+00  1.61033E-26  2.57938E+04  6.44880E-04  5.59160E+00
 -2.47265E+00  2.66202E-26  1.55784E+04  6.22095E-04  6.07423E+00
 -2.37907E+00  2.80802E-26  1.44087E+04  6.10094E-04  5.19602E+00
 -2.28549E+00  2.39547E-26  1.45454E+04  6.05832E-04  3.42422E+00
 -2.19191E+00  2.02068E-26  1.45529E+04  6.04243E-04  1.49662E+00
 -2.09833E+00  1.89545E-26  1.44646E+04  6.01814E-04  9.60313E-01
 -2.00475E+00  1.85873E-26  1.44868E+04  6.00368E-04  1.09846E+00
 -1.91117E+00  1.83895E-26  1.45335E+04  6.00067E-04  1.27275E+00
 -1.81759E+00  1.83502E-26  1.45551E+04  6.00027E-04  1.43032E+00
 -1.72401E+00  1.87986E-26  1.45411E+04  6.00041E-04  1.47562E+00
 -1.63043E+00  1.98018E-26  1.44908E+04  6.00071E-04  1.46343E+00
 -1.53685E+00  2.13107E-26  1.44221E+04  6.00118E-04  1.54145E+00
 -1.44327E+00  2.28829E-26  1.43607E+04  6.00409E-04  1.97569E+00
 -1.34969E+00  2.43277E-26  1.43247E+04  6.00743E-04  2.70713E+00
 -1.25611E+00  2.56748E-26  1.43071E+04  6.00411E-04  3.51773E+00
 -1.16253E+00  2.69211E-26  1.42809E+04  6.00110E-04  4.07520E+00
 -1.06895E+00  2.79386E-26  1.42416E+04  6.00012E-04  4.50317E+00
 -9.75369E-01  2.84947E-26  1.41920E+04  6.00003E-04  4.98643E+00
 -8.81789E-01  2.84867E-26  1.41664E+04  6.00001E-04  5.56955E+00
 -7.88209E-01  2.79953E-26  1.41598E+04  6.00000E-04  6.15307E+00
 -6.94629E-01  2.70576E-26  1.41735E+04  6.00000E-04  6.71319E+00
 -6.01050E-01  2.58971E-26  1.42098E+04  6.00000E-04  6.97496E+00
 -5.07470E-01  2.43846E-26  1.42755E+04  6.00000E-04  6.96329E+00
 -4.13890E-01  2.29444E-26  1.43399E+04  6.00000E-04  6.73119E+00
 -3.20310E-01  2.16496E-26  1.43979E+04  6.00000E-04  6.39739E+00
 -2.26730E-01  2.07560E-26  1.44391E+04  6.00001E-04  6.04363E+00
 -1.33150E-01  2.02903E-26  1.44726E+04  6.00022E-04  5.61541E+00
 -3.95704E-02  2.04119E-26  1.44751E+04  6.00153E-04  5.30729E+00
  5.40095E-02  2.10875E-26  1.44544E+04  6.01061E-04  5.29261E+00
  1.47589E-01  2.20509E-26  1.44257E+04  6.02477E-04  5.73407E+00
  2.41169E-01  2.27732E-26  1.44132E+04  6.01971E-04  6.22856E+00
  3.34749E-01  2.29007E-26  1.44085E+04  6.00408E-04  6.32054E+00
  4.28329E-01  2.27006E-26  1.43777E+04  6.00036E-04  6.12715E+00
  5.21909E-01  2.26228E-26  1.43212E+04  6.00000E-04  6.00361E+00
  6.15489E-01  2.29222E-26  1.42759E+04  6.00000E-04  6.12301E+00
  7.09068E-01  2.34711E-26  1.42505E+04  6.00000E-04  6.30810E+00
  8.02648E-01  2.41578E-26  1.42293E+04  6.00000E-04  6.42916E+00
  8.96228E-01  2.47807E-26  1.41972E+04  6.00000E-04  6.52846E+00
  9.89808E-01  2.50595E-26  1.41589E+04  6.00000E-04  6.77491E+00
  1.08339E+00  2.49110E-26  1.41387E+04  6.00000E-04  7.21446E+00
  1.17697E+00  2.44715E-26  1.41432E+04  6.00000E-04  7.75235E+00
  1.27055E+00  2.39607E-26  1.41683E+04  6.00000E-04  8.26829E+00
  1.36413E+00  2.34985E-26  1.42091E+04  6.00000E-04  8.63320E+00
  1.45771E+00  2.32547E-26  1.42541E+04  6.00000E-04  8.77363E+00
  1.55129E+00  2.32427E-26  1.43008E+04  6.00000E-04  8.63736E+00
  1.64487E+00  2.34827E-26  1.43292E+04  6.00000E-04  8.24547E+00
  1.73845E+00  2.38915E-26  1.43248E+04  6.00000E-04  7.58129E+00
  1.83203E+00  2.38957E-26  1.42867E+04  6.00000E-04  7.05902E+00
  1.92561E+00  2.32168E-26  1.42442E+04  6.00000E-04  6.92272E+00
  2.01919E+00  2.23147E-26  1.42366E+04  6.00000E-04  7.10108E+00
  2.11277E+00  2.17323E-26  1.42614E+04  6.00000E-04  7.32542E+00
  2.20635E+00  2.14356E-26  1.42783E+04  6.00000E-04  7.49821E+00
  2.29993E+00  2.09772E-26  1.42949E+04  6.00000E-04  7.69709E+00
  2.39351E+00  2.05720E-26  1.43280E+04  6.00002E-04  7.70626E+00
  2.48709E+00  2.03087E-26  1.43501E+04  6.00467E-04  7.33886E+00
  2.58067E+00  2.00914E-26  1.42833E+04  6.29542E-04  6.01332E+00
  2.67425E+00  1.88740E-26  1.43234E+04  6.89478E-04  4.13693E+00
  2.76783E+00  1.43968E-26  1.66666E+04  7.17240E-04  1.52320E+00
  2.86141E+00  7.31364E-27  2.60859E+04  7.42462E-04 -1.98401E+00
  2.95498E+00  7.73920E-27  2.12542E+04  7.37856E-04 -4.69747E+00
  3.04856E+00  1.16737E-26  1.49521E+04  7.07343E-04 -3.48852E+00
  3.14214E+00  1.42465E-26  1.40911E+04  6.81552E-04 -1.85710E+00
  3.23572E+00  1.59519E-26  1.46315E+04  6.74084E-04 -1.86536E+00
  3.32930E+00  9.98109E-27  2.67995E+04  7.12870E-04 -4.82405E+00
  3.42288E+00  4.78492E-27  5.85687E+04  7.57592E-04 -5.51280E+00
  3.51646E+00  4.29345E-27  6.37327E+04  7.50434E-04 -3.80719E+00
  3.61004E+00  3.90826E-27  6.87156E+04  7.46654E-04 -6.17607E+00
  3.70362E+00  3.16124E-27  8.90733E+04  7.52418E-04 -9.55240E+00
  3.79720E+00  1.84484E-27  1.63767E+05  8.33391E-04 -1.39069E+01
  3.89078E+00  1.70352E-27  1.87915E+05  8.79411E-04 -1.30330E+01
  3.98436E+00  1.77808E-27  1.87473E+05  8.83748E-04 -6.34762E+00
  4.07794E+00  1.96877E-27  1.71067E+05  8.70405E-04 -1.75553E+00
  4.17152E+00  2.37290E-27  1.41031E+05  8.60645E-04 -7.56653E-01
  4.26510E+00  9.59767E-28  3.47367E+05  1.01963E-03 -9.32700E-01
  4.35868E+00  4.25880E-28  7.54390E+05  1.32934E-03 -3.45518E+00
  4.45226E+00  3.82215E-28  8.13476E+05  1.36767E-03 -7.64684E-01
  4.54584E+00  4.05350E-28  7.91947E+05  1.34831E-03 -1.34307E+01
  4.63942E+00  4.11163E-28  7.93824E+05  1.35652E-03 -2.12415E+01
  4.73300E+00  3.85616E-28  8.59921E+05  1.43129E-03 -1.82257E+01
  4.82658E+00  3.01014E-28  1.11103E+06  1.65821E-03 -1.51980E+01
  4.92016E+00  2.46146E-28  1.35309E+06  1.87022E-03 -1.86706E+01
  5.01374E+00  2.41026E-28  1.36055E+06  1.87661E-03 -2.90756E+01
  5.10732E+00  2.46897E-28  1.31142E+06  1.83215E-03 -3.45458E+01
  5.20090E+00  2.45781E-28  1.30838E+06  1.83656E-03 -3.64577E+01
  5.29448E+00  2.43274E-28  1.31969E+06  1.84633E-03 -3.45739E+01
  5.38806E+00  2.43385E-28  1.31718E+06  1.83342E-03 -3.11849E+01
  5.48164E+00  2.46226E-28  1.29675E+06  1.80985E-03 -2.85930E+01
  5.57522E+00  2.44972E-28  1.29891E+06  1.81706E-03 -2.74796E+01
  5.66880E+00  2.35848E-28  1.35043E+06  1.88001E-03 -2.63698E+01
  5.76238E+00  2.28582E-28  1.39868E+06  1.93573E-03 -2.53714E+01
  5.85596E+00  2.27927E-28  1.40611E+06  1.94622E-03 -2.42865E+01
  5.94954E+00  2.29520E-28  1.40000E+06  1.93857E-03 -2.30714E+01
  6.04312E+00  2.32656E-28  1.38189E+06  1.91945E-03 -2.17542E+01
  6.13670E+00  2.33255E-28  1.37579E+06  1.91325E-03 -2.06023E+01
  6.23028E+00  2.29733E-28  1.39148E+06  1.93045E-03 -1.95705E+01
  6.32386E+00  2.28591E-28  1.39006E+06  1.92876E-03 -1.82480E+01
  6.41744E+00  2.30887E-28  1.37198E+06  1.90840E-03 -1.54488E+01
  6.51102E+00  2.34694E-28  1.34257E+06  1.87689E-03 -1.23193E+01
  6.60460E+00  2.41077E-28  1.30593E+06  1.83154E-03 -1.11464E+01
  6.69818E+00  2.49815E-28  1.26011E+06  1.77477E-03 -1.13077E+01
  6.79176E+00  2.56661E-28  1.22840E+06  1.73705E-03 -1.10553E+01
  6.88534E+00  2.57518E-28  1.22946E+06  1.73774E-03 -1.17835E+01
  6.97892E+00  2.44975E-28  1.29854E+06  1.81951E-03 -1.20395E+01
  7.07250E+00  2.29345E-28  1.39258E+06  1.93254E-03 -1.16145E+01
  7.16608E+00  2.21897E-28  1.44261E+06  1.98893E-03 -1.09125E+01
  7.25966E+00  2.20810E-28  1.44929E+06  1.99896E-03 -1.10148E+01
  7.35324E+00  2.20749E-28  1.44804E+06  2.00000E-03 -1.04669E+01
  7.44682E+00  2.20546E-28  1.44728E+06  2.00000E-03 -1.01096E+01
  7.54040E+00  2.20151E-28  1.44554E+06  2.00000E-03 -9.69429E+00
  7.63398E+00  2.19895E-28  1.44443E+06  2.00000E-03 -9.46018E+00
  7.72756E+00  2.19714E-28  1.44365E+06  2.00000E-03 -9.18783E+00
  7.82114E+00  2.19634E-28  1.44331E+06  2.00000E-03 -8.90391E+00
  7.91472E+00  2.19692E-28  1.44357E+06  2.00000E-03 -8.55806E+00
  8.00830E+00  2.19813E-28  1.44411E+06  2.00000E-03 -8.22480E+00
  8.10188E+00  2.20043E-28  1.44512E+06  2.00000E-03 -7.85145E+00
  8.19546E+00  2.20311E-28  1.44628E+06  2.00000E-03 -7.49381E+00
  8.28904E+00  2.20577E-28  1.44746E+06  2.00000E-03 -7.07302E+00
  8.38262E+00  2.20796E-28  1.44842E+06  2.00000E-03 -6.74141E+00
  8.47620E+00  2.20852E-28  1.44866E+06  2.00000E-03 -6.45164E+00
  8.56978E+00  2.20768E-28  1.44831E+06  2.00000E-03 -6.26166E+00
  8.66336E+00  2.20379E-28  1.44662E+06  2.00000E-03 -6.23058E+00
  8.75694E+00  2.20128E-28  1.44553E+06  2.00000E-03 -6.14201E+00
  8.85052E+00  2.19446E-28  1.44253E+06  2.00000E-03 -6.24028E+00
  8.94410E+00  2.18914E-28  1.44018E+06  2.00000E-03 -6.29817E+00
  9.03768E+00  2.18537E-28  1.43850E+06  2.00000E-03 -6.18657E+00
  9.13126E+00  2.18406E-28  1.43790E+06  2.00000E-03 -6.02737E+00
  9.22484E+00  2.18275E-28  1.43731E+06  2.00000E-03 -5.83957E+00
  9.31841E+00  2.18334E-28  1.43755E+06  2.00000E-03 -5.56567E+00
  9.41199E+00  2.18460E-28  1.43809E+06  2.00000E-03 -5.30485E+00
  9.50558E+00  2.18623E-28  1.43880E+06  2.00000E-03 -5.04972E+00
  9.59915E+00  2.18812E-28  1.43962E+06  2.00000E-03 -4.79084E+00
  9.69273E+00  2.19122E-28  1.44099E+06  2.00000E-03 -4.44155E+00
  9.78631E+00  2.19393E-28  1.44219E+06  2.00000E-03 -4.17868E+00
  9.87989E+00  2.19882E-28  1.44436E+06  2.00000E-03 -3.75597E+00
  9.97347E+00  2.20279E-28  1.44612E+06  2.00000E-03 -3.42832E+00
  1.00671E+01  2.20809E-28  1.44847E+06  2.00000E-03 -3.03293E+00
  1.01606E+01  2.21176E-28  1.45007E+06  2.00000E-03 -2.77859E+00
  1.02542E+01  2.21295E-28  1.45056E+06  2.00000E-03 -2.69449E+00
  1.03478E+01  2.21128E-28  1.44979E+06  2.00000E-03 -2.82299E+00
  1.04414E+01  2.20703E-28  1.44793E+06  2.00000E-03 -3.17370E+00
  1.05350E+01  2.20043E-28  1.44504E+06  2.00000E-03 -3.66289E+00
  1.06285E+01  2.19410E-28  1.44233E+06  2.00000E-03 -4.12786E+00
  1.07221E+01  2.18894E-28  1.44020E+06  2.00000E-03 -4.44469E+00
  1.08157E+01  2.18897E-28  1.44029E+06  2.00000E-03 -4.41404E+00
  1.09093E+01  2.19053E-28  1.44102E+06  2.00000E-03 -4.23017E+00
  1.10029E+01  2.19486E-28  1.44295E+06  2.00000E-03 -3.83787E+00
  1.10964E+01  2.19845E-28  1.44449E+06  2.00000E-03 -3.47711E+00
  1.11900E+01  2.20146E-28  1.44577E+06  2.00000E-03 -3.13848E+00
  1.12836E+01  2.20160E-28  1.44583E+06  2.00000E-03 -3.11917E+00
  1.13772E+01  2.20272E-28  1.44612E+06  2.00000E-03 -2.84031E+00
  1.14708E+01  2.20303E-28  1.44623E+06  2.00000E-03 -2.74763E+00
  1.15643E+01  2.20069E-28  1.44520E+06  2.00000E-03 -2.76078E+00
  1.16579E+01  2.19838E-28  1.44417E+06  2.00000E-03 -2.78785E+00
  1.17515E+01  2.19711E-28  1.44361E+06  2.00000E-03 -2.78073E+00
  1.18451E+01  2.18751E-28  1.43937E+06  2.00000E-03 -3.11269E+00
  1.19387E+01  2.18654E-28  1.43894E+06  2.00000E-03 -3.15121E+00
  1.20322E+01  2.17642E-28  1.43449E+06  2.00000E-03 -3.61541E+00
  1.21258E+01  2.16848E-28  1.43098E+06  2.00000E-03 -3.94444E+00
  1.22194E+01  2.16234E-28  1.42827E+06  2.00000E-03 -4.22349E+00
  1.23130E+01  2.15690E-28  1.42586E+06  2.00000E-03 -4.51882E+00
  1.24066E+01  2.15400E-28  1.42458E+06  2.00000E-03 -4.62687E+00
  1.25001E+01  2.14714E-28  1.42154E+06  2.00000E-03 -4.91401E+00
  1.25937E+01  2.14417E-28  1.42022E+06  2.00000E-03 -5.01582E+00
  1.26873E+01  2.14530E-28  1.42072E+06  2.00000E-03 -4.97536E+00
  1.27809E+01  2.14281E-28  1.41961E+06  2.00000E-03 -4.99182E+00
  1.28744E+01  2.14344E-28  1.41988E+06  2.00000E-03 -4.92696E+00
  1.29680E+01  2.14469E-28  1.42043E+06  2.00000E-03 -4.74344E+00
  1.30616E+01  2.14583E-28  1.42093E+06  2.00000E-03 -4.64291E+00
  1.31552E+01  2.14954E-28  1.42256E+06  2.00000E-03 -4.36568E+00
  1.32488E+01  2.15120E-28  1.42329E+06  2.00000E-03 -4.23733E+00
  1.33423E+01  2.15234E-28  1.42379E+06  2.00000E-03 -4.15420E+00
  1.34359E+01  2.15518E-28  1.42503E+06  2.00000E-03 -3.95676E+00
  1.35295E+01  2.15593E-28  1.42536E+06  2.00000E-03 -3.90221E+00
  1.36231E+01  2.15666E-28  1.42567E+06  2.00000E-03 -3.85179E+00
  1.37167E+01  2.15701E-28  1.42583E+06  2.00000E-03 -3.82560E+00
  1.38102E+01  2.15699E-28  1.42581E+06  2.00000E-03 -3.81320E+00
  1.39038E+01  2.15692E-28  1.42577E+06  2.00000E-03 -3.79328E+00
  1.39974E+01  2.15686E-28  1.42574E+06  2.00000E-03 -3.79220E+00
  1.40910E+01  2.15644E-28  1.42555E+06  2.00000E-03 -3.76380E+00
  1.41846E+01  2.15671E-28  1.42566E+06  2.00000E-03 -3.73891E+00
  1.42781E+01  2.15651E-28  1.42557E+06  2.00000E-03 -3.70953E+00
  1.43717E+01  2.15662E-28  1.42562E+06  2.00000E-03 -3.66398E+00
  1.44653E+01  2.15720E-28  1.42587E+06  2.00000E-03 -3.61070E+00
  1.45589E+01  2.15773E-28  1.42609E+06  2.00000E-03 -3.49634E+00
  1.46525E+01  2.15782E-28  1.42613E+06  2.00000E-03 -3.48872E+00
  1.47460E+01  2.15900E-28  1.42664E+06  2.00000E-03 -3.35210E+00
  1.48396E+01  2.16020E-28  1.42717E+06  2.00000E-03 -3.24187E+00
  1.49332E+01  2.16100E-28  1.42752E+06  2.00000E-03 -3.16241E+00
  1.50268E+01  2.16262E-28  1.42823E+06  2.00000E-03 -3.00857E+00
  1.51204E+01  2.16336E-28  1.42855E+06  2.00000E-03 -2.95938E+00
  1.52139E+01  2.16670E-28  1.43001E+06  2.00000E-03 -2.69421E+00
  1.53075E+01  2.16836E-28  1.43074E+06  2.00000E-03 -2.61181E+00
  1.54011E+01  2.17035E-28  1.43161E+06  2.00000E-03 -2.48242E+00
  1.54947E+01  2.17445E-28  1.43341E+06  2.00000E-03 -2.25713E+00
  1.55883E+01  2.17403E-28  1.43323E+06  2.00000E-03 -2.24800E+00
  1.56818E+01  2.17588E-28  1.43404E+06  2.00000E-03 -2.14121E+00
  1.57754E+01  2.17671E-28  1.43440E+06  2.00000E-03 -2.12145E+00
  1.58690E+01  2.17723E-28  1.43462E+06  2.00000E-03 -2.14224E+00
  1.59626E+01  2.17681E-28  1.43444E+06  2.00000E-03 -2.15726E+00
  1.60562E+01  2.17619E-28  1.43417E+06  2.00000E-03 -2.22265E+00
  1.61497E+01  2.17533E-28  1.43379E+06  2.00000E-03 -2.35985E+00
  1.62433E+01  2.17483E-28  1.43357E+06  2.00000E-03 -2.42868E+00
  1.63369E+01  2.17409E-28  1.43326E+06  2.00000E-03 -2.52111E+00
  1.64305E+01  2.17367E-28  1.43307E+06  2.00000E-03 -2.57042E+00
  1.65241E+01  2.17393E-28  1.43321E+06  2.00000E-03 -2.57585E+00
  1.66176E+01  2.17487E-28  1.43365E+06  2.00000E-03 -2.53987E+00
  1.67112E+01  2.17601E-28  1.43416E+06  2.00000E-03 -2.45672E+00
  1.68048E+01  2.17808E-28  1.43512E+06  2.00000E-03 -2.27695E+00
  1.68984E+01  2.17804E-28  1.43512E+06  2.00000E-03 -2.26962E+00
  1.69920E+01  2.17804E-28  1.43512E+06  2.00000E-03 -2.26962E+00
  1.70855E+01  2.17888E-28  1.43548E+06  2.00000E-03 -2.20256E+00
  1.71791E+01  2.17945E-28  1.43572E+06  2.00000E-03 -2.15647E+00
  1.72727E+01  2.17843E-28  1.43522E+06  2.00000E-03 -2.23780E+00
  1.73663E+01  2.17843E-28  1.43522E+06  2.00000E-03 -2.23780E+00
  1.74599E+01  2.17843E-28  1.43522E+06  2.00000E-03 -2.23780E+00
  1.75534E+01  2.17843E-28  1.43522E+06  2.00000E-03 -2.23780E+00
  1.76470E+01  2.17576E-28  1.43404E+06  2.00000E-03 -2.36414E+00
  1.77406E+01  2.17275E-28  1.43270E+06  2.00000E-03 -2.50611E+00
  1.78342E+01  2.17140E-28  1.43210E+06  2.00000E-03 -2.56789E+00
  1.79278E+01  2.17088E-28  1.43188E+06  2.00000E-03 -2.59134E+00
  1.80213E+01  2.17088E-28  1.43188E+06  2.00000E-03 -2.59134E+00
  1.81149E+01  2.16657E-28  1.42998E+06  2.00000E-03 -2.78975E+00
  1.82085E+01  2.16355E-28  1.42864E+06  2.00000E-03 -2.92940E+00
  1.83021E+01  2.16355E-28  1.42864E+06  2.00000E-03 -2.92940E+00
  1.83957E+01  2.16254E-28  1.42819E+06  2.00000E-03 -2.97602E+00
  1.84892E+01  2.16138E-28  1.42768E+06  2.00000E-03 -3.02970E+00
  1.85828E+01  2.15649E-28  1.42552E+06  2.00000E-03 -3.18755E+00
  1.86764E+01  2.15549E-28  1.42507E+06  2.00000E-03 -3.21429E+00
  1.87700E+01  2.15549E-28  1.42507E+06  2.00000E-03 -3.21429E+00
  1.88636E+01  2.15549E-28  1.42507E+06  2.00000E-03 -3.21429E+00
  1.89571E+01  2.15549E-28  1.42507E+06  2.00000E-03 -3.21429E+00
  1.90507E+01  2.15454E-28  1.42465E+06  2.00000E-03 -3.15100E+00
  1.91443E+01  2.15431E-28  1.42454E+06  2.00000E-03 -3.11139E+00
  1.92379E+01  2.15433E-28  1.42455E+06  2.00000E-03 -3.09115E+00
  1.93315E+01  2.15433E-28  1.42455E+06  2.00000E-03 -3.09115E+00
  1.94250E+01  2.15494E-28  1.42482E+06  2.00000E-03 -3.03445E+00
  1.95186E+01  2.15780E-28  1.42608E+06  2.00000E-03 -2.76925E+00
  1.96122E+01  2.15824E-28  1.42627E+06  2.00000E-03 -2.72925E+00
  1.97058E+01  2.15842E-28  1.42635E+06  2.00000E-03 -2.71497E+00
  1.97994E+01  2.16041E-28  1.42723E+06  2.00000E-03 -2.56487E+00
  1.98929E+01  2.16385E-28  1.42874E+06  2.00000E-03 -2.31075E+00
  1.99865E+01  2.17022E-28  1.43154E+06  2.00000E-03 -1.85206E+00
  2.00801E+01  2.17167E-28  1.43217E+06  2.00000E-03 -1.75075E+00
  2.01737E+01  2.17066E-28  1.43173E+06  2.00000E-03 -1.81360E+00
  2.02673E+01  2.17152E-28  1.43211E+06  2.00000E-03 -1.76025E+00
  2.03608E+01  2.17435E-28  1.43335E+06  2.00000E-03 -1.57446E+00
  2.04544E+01  2.17987E-28  1.43577E+06  2.00000E-03 -1.20361E+00
  2.05480E+01  2.18070E-28  1.43614E+06  2.00000E-03 -1.14818E+00
  2.06416E+01  2.18115E-28  1.43633E+06  2.00000E-03 -1.12007E+00
  2.07352E+01  2.18133E-28  1.43641E+06  2.00000E-03 -1.11100E+00
  2.08287E+01  2.18297E-28  1.43713E+06  2.00000E-03 -1.01212E+00
  2.09223E+01  2.18421E-28  1.43767E+06  2.00000E-03 -9.40255E-01
  2.10159E+01  2.18411E-28  1.43763E+06  2.00000E-03 -9.44514E-01
  2.11095E+01  2.18428E-28  1.43770E+06  2.00000E-03 -9.36858E-01
  2.12031E+01  2.18449E-28  1.43780E+06  2.00000E-03 -9.27622E-01
  2.12966E+01  2.18472E-28  1.43790E+06  2.00000E-03 -9.10945E-01
  2.13902E+01  2.18476E-28  1.43791E+06  2.00000E-03 -9.06556E-01
  2.14838E+01  2.18472E-28  1.43790E+06  2.00000E-03 -9.09629E-01
  2.15774E+01  2.18471E-28  1.43789E+06  2.00000E-03 -9.10714E-01
  2.16710E+01  2.18474E-28  1.43790E+06  2.00000E-03 -9.08303E-01
  2.17645E+01  2.18393E-28  1.43755E+06  2.00000E-03 -9.62075E-01
  2.18581E+01  2.18298E-28  1.43713E+06  2.00000E-03 -1.01976E+00
  2.19517E+01  2.18236E-28  1.43686E+06  2.00000E-03 -1.05499E+00
  2.20453E+01  2.18215E-28  1.43677E+06  2.00000E-03 -1.06752E+00
  2.21389E+01  2.18175E-28  1.43659E+06  2.00000E-03 -1.09762E+00
  2.22324E+01  2.18075E-28  1.43616E+06  2.00000E-03 -1.17124E+00
  2.23260E+01  2.18066E-28  1.43612E+06  2.00000E-03 -1.17782E+00
  2.24196E+01  2.18056E-28  1.43608E+06  2.00000E-03 -1.18429E+00
  2.25132E+01  2.18020E-28  1.43592E+06  2.00000E-03 -1.20661E+00
  2.26068E+01  2.17921E-28  1.43550E+06  2.00000E-03 -1.28533E+00
  2.27003E+01  2.17786E-28  1.43493E+06  2.00000E-03 -1.40220E+00
  2.27939E+01  2.17774E-28  1.43488E+06  2.00000E-03 -1.41215E+00
  2.28875E+01  2.17774E-28  1.43488E+06  2.00000E-03 -1.41215E+00
  2.29811E+01  2.17774E-28  1.43488E+06  2.00000E-03 -1.41215E+00
  2.30747E+01  2.17774E-28  1.43488E+06  2.00000E-03 -1.41232E+00
  2.31682E+01  2.17679E-28  1.43446E+06  2.00000E-03 -1.47959E+00
  2.32618E+01  2.17641E-28  1.43430E+06  2.00000E-03 -1.50681E+00
  2.33554E+01  2.17641E-28  1.43430E+06  2.00000E-03 -1.50681E+00
  2.34490E+01  2.17623E-28  1.43422E+06  2.00000E-03 -1.51922E+00
  2.35426E+01  2.17268E-28  1.43264E+06  2.00000E-03 -1.76901E+00
  2.36361E+01  2.17018E-28  1.43152E+06  2.00000E-03 -1.94611E+00
  2.37297E+01  2.17017E-28  1.43152E+06  2.00000E-03 -1.94611E+00
  2.38233E+01  2.17018E-28  1.43152E+06  2.00000E-03 -1.94611E+00
  2.39169E+01  2.17018E-28  1.43153E+06  2.00000E-03 -1.94611E+00
  2.40105E+01  2.17018E-28  1.43152E+06  2.00000E-03 -1.94611E+00
  2.41040E+01  2.17018E-28  1.43152E+06  2.00000E-03 -1.94611E+00
  2.41976E+01  2.17017E-28  1.43152E+06  2.00000E-03 -1.94611E+00
  2.42912E+01  2.17018E-28  1.43153E+06  2.00000E-03 -1.94611E+00
  2.43848E+01  2.16966E-28  1.43130E+06  2.00000E-03 -1.98039E+00
  2.44784E+01  2.16682E-28  1.43004E+06  2.00000E-03 -2.13769E+00
  2.45719E+01  2.16614E-28  1.42974E+06  2.00000E-03 -2.15963E+00
  2.46655E+01  2.16583E-28  1.42960E+06  2.00000E-03 -2.17272E+00
  2.47591E+01  2.16583E-28  1.42960E+06  2.00000E-03 -2.17272E+00
  2.48527E+01  2.16583E-28  1.42960E+06  2.00000E-03 -2.17272E+00
  2.49463E+01  2.16583E-28  1.42960E+06  2.00000E-03 -2.17272E+00
  2.50398E+01  2.16583E-28  1.42960E+06  2.00000E-03 -2.17272E+00
  2.51334E+01  2.16583E-28  1.42960E+06  2.00000E-03 -2.17272E+00
  2.52270E+01  2.16583E-28  1.42960E+06  2.00000E-03 -2.17272E+00
  2.53206E+01  2.16687E-28  1.43006E+06  2.00000E-03 -2.06160E+00
  2.54142E+01  2.16868E-28  1.43085E+06  2.00000E-03 -1.86922E+00
  2.55077E+01  2.16879E-28  1.43090E+06  2.00000E-03 -1.85736E+00
  2.56013E+01  2.16879E-28  1.43090E+06  2.00000E-03 -1.85736E+00
  2.56949E+01  2.16879E-28  1.43090E+06  2.00000E-03 -1.85736E+00
  2.57885E+01  2.16958E-28  1.43124E+06  2.00000E-03 -1.78047E+00
  2.58820E+01  2.17065E-28  1.43171E+06  2.00000E-03 -1.67565E+00
  2.59756E+01  2.17114E-28  1.43193E+06  2.00000E-03 -1.62769E+00
  2.60692E+01  2.17114E-28  1.43193E+06  2.00000E-03 -1.62769E+00
  2.61628E+01  2.17114E-28  1.43193E+06  2.00000E-03 -1.62769E+00
  2.62564E+01  2.17370E-28  1.43305E+06  2.00000E-03 -1.40897E+00
  2.63499E+01  2.17534E-28  1.43377E+06  2.00000E-03 -1.26925E+00
  2.64435E+01  2.17534E-28  1.43377E+06  2.00000E-03 -1.26925E+00
  2.65371E+01  2.17534E-28  1.43377E+06  2.00000E-03 -1.26925E+00
  2.66307E+01  2.17534E-28  1.43377E+06  2.00000E-03 -1.26925E+00
  2.67243E+01  2.17534E-28  1.43377E+06  2.00000E-03 -1.26925E+00
  2.68178E+01  2.17534E-28  1.43377E+06  2.00000E-03 -1.26925E+00
  2.69114E+01  2.17534E-28  1.43377E+06  2.00000E-03 -1.26925E+00
  2.70050E+01  2.17534E-28  1.43377E+06  2.00000E-03 -1.26925E+00
  2.70986E+01  2.17579E-28  1.43396E+06  2.00000E-03 -1.23136E+00
  2.71922E+01  2.17681E-28  1.43441E+06  2.00000E-03 -1.14012E+00
  2.72857E+01  2.17686E-28  1.43443E+06  2.00000E-03 -1.13246E+00
  2.73793E+01  2.17686E-28  1.43443E+06  2.00000E-03 -1.13246E+00
  2.74729E+01  2.17686E-28  1.43443E+06  2.00000E-03 -1.13246E+00
  2.75665E+01  2.17686E-28  1.43443E+06  2.00000E-03 -1.13246E+00
  2.76601E+01  2.17686E-28  1.43443E+06  2.00000E-03 -1.13246E+00
  2.77536E+01  2.17686E-28  1.43443E+06  2.00000E-03 -1.13246E+00
  2.78472E+01  2.17686E-28  1.43443E+06  2.00000E-03 -1.13246E+00
  2.79408E+01  2.17686E-28  1.43443E+06  2.00000E-03 -1.13246E+00
  2.80344E+01  2.17625E-28  1.43416E+06  2.00000E-03 -1.17431E+00
  2.81280E+01  2.17505E-28  1.43364E+06  2.00000E-03 -1.25728E+00
  2.82215E+01  2.17505E-28  1.43364E+06  2.00000E-03 -1.25728E+00
  2.83151E+01  2.17505E-28  1.43364E+06  2.00000E-03 -1.25728E+00
  2.84087E+01  2.17503E-28  1.43362E+06  2.00000E-03 -1.25906E+00
  2.85023E+01  2.17449E-28  1.43339E+06  2.00000E-03 -1.29733E+00
  2.85959E+01  2.17400E-28  1.43318E+06  2.00000E-03 -1.33228E+00
  2.86894E+01  2.17392E-28  1.43314E+06  2.00000E-03 -1.33869E+00
  2.87830E+01  2.17392E-28  1.43314E+06  2.00000E-03 -1.33869E+00
  2.88766E+01  2.17310E-28  1.43278E+06  2.00000E-03 -1.39578E+00
