 -2.87686E+01  2.16588E-28  1.42972E+06  2.00000E-03  8.05606E+00
 -2.86750E+01  2.16585E-28  1.42970E+06  2.00000E-03  8.05887E+00
 -2.85814E+01  2.16585E-28  1.42970E+06  2.00000E-03  8.05887E+00
 -2.84878E+01  2.16585E-28  1.42970E+06  2.00000E-03  8.05887E+00
 -2.83943E+01  2.16585E-28  1.42970E+06  2.00000E-03  8.05887E+00
 -2.83007E+01  2.16585E-28  1.42970E+06  2.00000E-03  8.05887E+00
 -2.82071E+01  2.16585E-28  1.42970E+06  2.00000E-03  8.05887E+00
 -2.81135E+01  2.16585E-28  1.42970E+06  2.00000E-03  8.05887E+00
 -2.80199E+01  2.16529E-28  1.42946E+06  2.00000E-03  8.11366E+00
 -2.79264E+01  2.16268E-28  1.42832E+06  2.00000E-03  8.36902E+00
 -2.78328E+01  2.16033E-28  1.42729E+06  2.00000E-03  8.58365E+00
 -2.77392E+01  2.15844E-28  1.42646E+06  2.00000E-03  8.75187E+00
 -2.76456E+01  2.15827E-28  1.42638E+06  2.00000E-03  8.76711E+00
 -2.75520E+01  2.15827E-28  1.42638E+06  2.00000E-03  8.76711E+00
 -2.74585E+01  2.15827E-28  1.42638E+06  2.00000E-03  8.76711E+00
 -2.73649E+01  2.15827E-28  1.42638E+06  2.00000E-03  8.76711E+00
 -2.72713E+01  2.15827E-28  1.42638E+06  2.00000E-03  8.76711E+00
 -2.71777E+01  2.15827E-28  1.42638E+06  2.00000E-03  8.76711E+00
 -2.70841E+01  2.15772E-28  1.42614E+06  2.00000E-03  8.82763E+00
 -2.69906E+01  2.15533E-28  1.42510E+06  2.00000E-03  9.08880E+00
 -2.68970E+01  2.15533E-28  1.42510E+06  2.00000E-03  9.08880E+00
 -2.68034E+01  2.15533E-28  1.42510E+06  2.00000E-03  9.08880E+00
 -2.67098E+01  2.15533E-28  1.42510E+06  2.00000E-03  9.08880E+00
 -2.66162E+01  2.15533E-28  1.42510E+06  2.00000E-03  9.08880E+00
 -2.65227E+01  2.15466E-28  1.42481E+06  2.00000E-03  9.15638E+00
 -2.64291E+01  2.15330E-28  1.42421E+06  2.00000E-03  9.29553E+00
 -2.63355E+01  2.15235E-28  1.42379E+06  2.00000E-03  9.39293E+00
 -2.62419E+01  2.15235E-28  1.42379E+06  2.00000E-03  9.39293E+00
 -2.61483E+01  2.15156E-28  1.42346E+06  2.00000E-03  9.50810E+00
 -2.60548E+01  2.15076E-28  1.42311E+06  2.00000E-03  9.62638E+00
 -2.59612E+01  2.15076E-28  1.42311E+06  2.00000E-03  9.62639E+00
 -2.58676E+01  2.15076E-28  1.42311E+06  2.00000E-03  9.62639E+00
 -2.57740E+01  2.15076E-28  1.42311E+06  2.00000E-03  9.62639E+00
 -2.56805E+01  2.15076E-28  1.42311E+06  2.00000E-03  9.62639E+00
 -2.55869E+01  2.15119E-28  1.42330E+06  2.00000E-03  9.60723E+00
 -2.54933E+01  2.15136E-28  1.42338E+06  2.00000E-03  9.59949E+00
 -2.53997E+01  2.15191E-28  1.42362E+06  2.00000E-03  9.57533E+00
 -2.53061E+01  2.15175E-28  1.42355E+06  2.00000E-03  9.60198E+00
 -2.52126E+01  2.15019E-28  1.42288E+06  2.00000E-03  9.79378E+00
 -2.51190E+01  2.14942E-28  1.42255E+06  2.00000E-03  9.90980E+00
 -2.50254E+01  2.14861E-28  1.42219E+06  2.00000E-03  1.00372E+01
 -2.49318E+01  2.14863E-28  1.42221E+06  2.00000E-03  1.00370E+01
 -2.48382E+01  2.14861E-28  1.42220E+06  2.00000E-03  1.00375E+01
 -2.47447E+01  2.14862E-28  1.42220E+06  2.00000E-03  1.00373E+01
 -2.46511E+01  2.14863E-28  1.42221E+06  2.00000E-03  1.00370E+01
 -2.45575E+01  2.14860E-28  1.42219E+06  2.00000E-03  1.00376E+01
 -2.44639E+01  2.14862E-28  1.42220E+06  2.00000E-03  1.00373E+01
 -2.43703E+01  2.14761E-28  1.42176E+06  2.00000E-03  1.01489E+01
 -2.42768E+01  2.14533E-28  1.42077E+06  2.00000E-03  1.03960E+01
 -2.41832E+01  2.14541E-28  1.42081E+06  2.00000E-03  1.03940E+01
 -2.40896E+01  2.14562E-28  1.42090E+06  2.00000E-03  1.03892E+01
 -2.39960E+01  2.14558E-28  1.42088E+06  2.00000E-03  1.03902E+01
 -2.39024E+01  2.14536E-28  1.42079E+06  2.00000E-03  1.03953E+01
 -2.38089E+01  2.14540E-28  1.42081E+06  2.00000E-03  1.04574E+01
 -2.37153E+01  2.14449E-28  1.42041E+06  2.00000E-03  1.05721E+01
 -2.36217E+01  2.14502E-28  1.42064E+06  2.00000E-03  1.05789E+01
 -2.35281E+01  2.14502E-28  1.42064E+06  2.00000E-03  1.05789E+01
 -2.34345E+01  2.14184E-28  1.41928E+06  2.00000E-03  1.08920E+01
 -2.33410E+01  2.14019E-28  1.41857E+06  2.00000E-03  1.10552E+01
 -2.32474E+01  2.14019E-28  1.41857E+06  2.00000E-03  1.10552E+01
 -2.31538E+01  2.14019E-28  1.41857E+06  2.00000E-03  1.10552E+01
 -2.30602E+01  2.14019E-28  1.41857E+06  2.00000E-03  1.10552E+01
 -2.29666E+01  2.14019E-28  1.41857E+06  2.00000E-03  1.10552E+01
 -2.28731E+01  2.14019E-28  1.41857E+06  2.00000E-03  1.10552E+01
 -2.27795E+01  2.14019E-28  1.41857E+06  2.00000E-03  1.10552E+01
 -2.26859E+01  2.14019E-28  1.41857E+06  2.00000E-03  1.10552E+01
 -2.25923E+01  2.14018E-28  1.41857E+06  2.00000E-03  1.10561E+01
 -2.24987E+01  2.13414E-28  1.41592E+06  2.00000E-03  1.16168E+01
 -2.24052E+01  2.13302E-28  1.41543E+06  2.00000E-03  1.17382E+01
 -2.23116E+01  2.13249E-28  1.41520E+06  2.00000E-03  1.18103E+01
 -2.22180E+01  2.13249E-28  1.41520E+06  2.00000E-03  1.18103E+01
 -2.21244E+01  2.13212E-28  1.41504E+06  2.00000E-03  1.18492E+01
 -2.20308E+01  2.13039E-28  1.41428E+06  2.00000E-03  1.20293E+01
 -2.19373E+01  2.13016E-28  1.41418E+06  2.00000E-03  1.20537E+01
 -2.18437E+01  2.13008E-28  1.41415E+06  2.00000E-03  1.20757E+01
 -2.17501E+01  2.12984E-28  1.41404E+06  2.00000E-03  1.21412E+01
 -2.16565E+01  2.12928E-28  1.41380E+06  2.00000E-03  1.22380E+01
 -2.15629E+01  2.12798E-28  1.41323E+06  2.00000E-03  1.24083E+01
 -2.14694E+01  2.12787E-28  1.41319E+06  2.00000E-03  1.24228E+01
 -2.13758E+01  2.12787E-28  1.41318E+06  2.00000E-03  1.24228E+01
 -2.12822E+01  2.12787E-28  1.41318E+06  2.00000E-03  1.24228E+01
 -2.11886E+01  2.12721E-28  1.41290E+06  2.00000E-03  1.25262E+01
 -2.10950E+01  2.12673E-28  1.41269E+06  2.00000E-03  1.26982E+01
 -2.10015E+01  2.12696E-28  1.41280E+06  2.00000E-03  1.27315E+01
 -2.09079E+01  2.12702E-28  1.41282E+06  2.00000E-03  1.27397E+01
 -2.08143E+01  2.12698E-28  1.41280E+06  2.00000E-03  1.27483E+01
 -2.07207E+01  2.12639E-28  1.41254E+06  2.00000E-03  1.28720E+01
 -2.06271E+01  2.12594E-28  1.41235E+06  2.00000E-03  1.29654E+01
 -2.05336E+01  2.12594E-28  1.41235E+06  2.00000E-03  1.29654E+01
 -2.04400E+01  2.12648E-28  1.41259E+06  2.00000E-03  1.29947E+01
 -2.03464E+01  2.12694E-28  1.41279E+06  2.00000E-03  1.30346E+01
 -2.02528E+01  2.12664E-28  1.41266E+06  2.00000E-03  1.31755E+01
 -2.01592E+01  2.12641E-28  1.41256E+06  2.00000E-03  1.32436E+01
 -2.00657E+01  2.12641E-28  1.41256E+06  2.00000E-03  1.32436E+01
 -1.99721E+01  2.12641E-28  1.41256E+06  2.00000E-03  1.32436E+01
 -1.98785E+01  2.12636E-28  1.41254E+06  2.00000E-03  1.32584E+01
 -1.97849E+01  2.12644E-28  1.41257E+06  2.00000E-03  1.34679E+01
 -1.96913E+01  2.12742E-28  1.41301E+06  2.00000E-03  1.35029E+01
 -1.95978E+01  2.12742E-28  1.41301E+06  2.00000E-03  1.35029E+01
 -1.95042E+01  2.12742E-28  1.41301E+06  2.00000E-03  1.35029E+01
 -1.94106E+01  2.12723E-28  1.41293E+06  2.00000E-03  1.35619E+01
 -1.93170E+01  2.12667E-28  1.41268E+06  2.00000E-03  1.37371E+01
 -1.92234E+01  2.12674E-28  1.41272E+06  2.00000E-03  1.37463E+01
 -1.91299E+01  2.12733E-28  1.41298E+06  2.00000E-03  1.37669E+01
 -1.90363E+01  2.12761E-28  1.41310E+06  2.00000E-03  1.37768E+01
 -1.89427E+01  2.12786E-28  1.41321E+06  2.00000E-03  1.38878E+01
 -1.88491E+01  2.12718E-28  1.41292E+06  2.00000E-03  1.40762E+01
 -1.87555E+01  2.12717E-28  1.41291E+06  2.00000E-03  1.40806E+01
 -1.86620E+01  2.12717E-28  1.41291E+06  2.00000E-03  1.40806E+01
 -1.85684E+01  2.12717E-28  1.41291E+06  2.00000E-03  1.40806E+01
 -1.84748E+01  2.12765E-28  1.41313E+06  2.00000E-03  1.42085E+01
 -1.83812E+01  2.12837E-28  1.41346E+06  2.00000E-03  1.43595E+01
 -1.82876E+01  2.12872E-28  1.41361E+06  2.00000E-03  1.43729E+01
 -1.81941E+01  2.12872E-28  1.41361E+06  2.00000E-03  1.43729E+01
 -1.81005E+01  2.12872E-28  1.41361E+06  2.00000E-03  1.43729E+01
 -1.80069E+01  2.13051E-28  1.41441E+06  2.00000E-03  1.44099E+01
 -1.79133E+01  2.13160E-28  1.41490E+06  2.00000E-03  1.44322E+01
 -1.78197E+01  2.13160E-28  1.41490E+06  2.00000E-03  1.44322E+01
 -1.77262E+01  2.13300E-28  1.41552E+06  2.00000E-03  1.44291E+01
 -1.76326E+01  2.13476E-28  1.41630E+06  2.00000E-03  1.43962E+01
 -1.75390E+01  2.13911E-28  1.41823E+06  2.00000E-03  1.42603E+01
 -1.74454E+01  2.14081E-28  1.41898E+06  2.00000E-03  1.42072E+01
 -1.73518E+01  2.14081E-28  1.41898E+06  2.00000E-03  1.42072E+01
 -1.72583E+01  2.14081E-28  1.41898E+06  2.00000E-03  1.42072E+01
 -1.71647E+01  2.14273E-28  1.41984E+06  2.00000E-03  1.41373E+01
 -1.70711E+01  2.15088E-28  1.42346E+06  2.00000E-03  1.38279E+01
 -1.69775E+01  2.15361E-28  1.42467E+06  2.00000E-03  1.37443E+01
 -1.68839E+01  2.15361E-28  1.42467E+06  2.00000E-03  1.37443E+01
 -1.67904E+01  2.15361E-28  1.42467E+06  2.00000E-03  1.37443E+01
 -1.66968E+01  2.15490E-28  1.42524E+06  2.00000E-03  1.36939E+01
 -1.66032E+01  2.16185E-28  1.42831E+06  2.00000E-03  1.34228E+01
 -1.65096E+01  2.16146E-28  1.42814E+06  2.00000E-03  1.34584E+01
 -1.64160E+01  2.16584E-28  1.43008E+06  2.00000E-03  1.32897E+01
 -1.63225E+01  2.16803E-28  1.43105E+06  2.00000E-03  1.32270E+01
 -1.62289E+01  2.16972E-28  1.43180E+06  2.00000E-03  1.31587E+01
 -1.61353E+01  2.17339E-28  1.43341E+06  2.00000E-03  1.30206E+01
 -1.60417E+01  2.17420E-28  1.43377E+06  2.00000E-03  1.29985E+01
 -1.59481E+01  2.17800E-28  1.43545E+06  2.00000E-03  1.28938E+01
 -1.58546E+01  2.17841E-28  1.43563E+06  2.00000E-03  1.28799E+01
 -1.57610E+01  2.18005E-28  1.43636E+06  2.00000E-03  1.28672E+01
 -1.56674E+01  2.18158E-28  1.43704E+06  2.00000E-03  1.28675E+01
 -1.55738E+01  2.18179E-28  1.43713E+06  2.00000E-03  1.28684E+01
 -1.54802E+01  2.18226E-28  1.43736E+06  2.00000E-03  1.29734E+01
 -1.53867E+01  2.18254E-28  1.43748E+06  2.00000E-03  1.29918E+01
 -1.52931E+01  2.18196E-28  1.43724E+06  2.00000E-03  1.31674E+01
 -1.51995E+01  2.18184E-28  1.43719E+06  2.00000E-03  1.32102E+01
 -1.51059E+01  2.18106E-28  1.43686E+06  2.00000E-03  1.33457E+01
 -1.50123E+01  2.17973E-28  1.43629E+06  2.00000E-03  1.35644E+01
 -1.49188E+01  2.17930E-28  1.43610E+06  2.00000E-03  1.36424E+01
 -1.48252E+01  2.17768E-28  1.43540E+06  2.00000E-03  1.38723E+01
 -1.47316E+01  2.17689E-28  1.43506E+06  2.00000E-03  1.40071E+01
 -1.46380E+01  2.17514E-28  1.43430E+06  2.00000E-03  1.42741E+01
 -1.45444E+01  2.17397E-28  1.43379E+06  2.00000E-03  1.44373E+01
 -1.44509E+01  2.17338E-28  1.43354E+06  2.00000E-03  1.45291E+01
 -1.43573E+01  2.17094E-28  1.43248E+06  2.00000E-03  1.48962E+01
 -1.42637E+01  2.17030E-28  1.43220E+06  2.00000E-03  1.50015E+01
 -1.41701E+01  2.16889E-28  1.43159E+06  2.00000E-03  1.52664E+01
 -1.40765E+01  2.16811E-28  1.43125E+06  2.00000E-03  1.54131E+01
 -1.39830E+01  2.16750E-28  1.43098E+06  2.00000E-03  1.55599E+01
 -1.38894E+01  2.16685E-28  1.43071E+06  2.00000E-03  1.57862E+01
 -1.37958E+01  2.16668E-28  1.43063E+06  2.00000E-03  1.58630E+01
 -1.37022E+01  2.16664E-28  1.43062E+06  2.00000E-03  1.60760E+01
 -1.36086E+01  2.16670E-28  1.43065E+06  2.00000E-03  1.61958E+01
 -1.35151E+01  2.16702E-28  1.43080E+06  2.00000E-03  1.62570E+01
 -1.34215E+01  2.16794E-28  1.43121E+06  2.00000E-03  1.64548E+01
 -1.33279E+01  2.16818E-28  1.43132E+06  2.00000E-03  1.65012E+01
 -1.32343E+01  2.16998E-28  1.43213E+06  2.00000E-03  1.67002E+01
 -1.31407E+01  2.17004E-28  1.43216E+06  2.00000E-03  1.67145E+01
 -1.30472E+01  2.17131E-28  1.43272E+06  2.00000E-03  1.68639E+01
 -1.29536E+01  2.17223E-28  1.43313E+06  2.00000E-03  1.70059E+01
 -1.28600E+01  2.17238E-28  1.43320E+06  2.00000E-03  1.70388E+01
 -1.27664E+01  2.17362E-28  1.43375E+06  2.00000E-03  1.73377E+01
 -1.26729E+01  2.17361E-28  1.43375E+06  2.00000E-03  1.73878E+01
 -1.25793E+01  2.17377E-28  1.43382E+06  2.00000E-03  1.76884E+01
 -1.24857E+01  2.17384E-28  1.43386E+06  2.00000E-03  1.78102E+01
 -1.23921E+01  2.17358E-28  1.43374E+06  2.00000E-03  1.80484E+01
 -1.22985E+01  2.17306E-28  1.43352E+06  2.00000E-03  1.84209E+01
 -1.22050E+01  2.17305E-28  1.43352E+06  2.00000E-03  1.84362E+01
 -1.21114E+01  2.17201E-28  1.43307E+06  2.00000E-03  1.89418E+01
 -1.20178E+01  2.17168E-28  1.43292E+06  2.00000E-03  1.90822E+01
 -1.19242E+01  2.17153E-28  1.43286E+06  2.00000E-03  1.93234E+01
 -1.18306E+01  2.17016E-28  1.43226E+06  2.00000E-03  1.97460E+01
 -1.17371E+01  2.17112E-28  1.43267E+06  2.00000E-03  1.98271E+01
 -1.16435E+01  2.17174E-28  1.43291E+06  1.99999E-03  2.03002E+01
 -1.15499E+01  2.17183E-28  1.43294E+06  1.99999E-03  2.03684E+01
 -1.14563E+01  2.17177E-28  1.43296E+06  1.99997E-03  2.08057E+01
 -1.13627E+01  2.17347E-28  1.43384E+06  1.99993E-03  2.10116E+01
 -1.12692E+01  2.17441E-28  1.43447E+06  1.99988E-03  2.12757E+01
 -1.11756E+01  2.17368E-28  1.43438E+06  1.99982E-03  2.18126E+01
 -1.10820E+01  2.17449E-28  1.43470E+06  1.99964E-03  2.20909E+01
 -1.09884E+01  2.17517E-28  1.43467E+06  1.99935E-03  2.26640E+01
 -1.08948E+01  2.17613E-28  1.43409E+06  1.99887E-03  2.33170E+01
 -1.08013E+01  2.17691E-28  1.43295E+06  1.99829E-03  2.40206E+01
 -1.07077E+01  2.18092E-28  1.42968E+06  1.99659E-03  2.48819E+01
 -1.06141E+01  2.18618E-28  1.42512E+06  1.99437E-03  2.58913E+01
 -1.05205E+01  2.19381E-28  1.41927E+06  1.99143E-03  2.67623E+01
 -1.04269E+01  2.20937E-28  1.40731E+06  1.98573E-03  2.82389E+01
 -1.03334E+01  2.23229E-28  1.39092E+06  1.97762E-03  2.95208E+01
 -1.02398E+01  2.32569E-28  1.33270E+06  1.94504E-03  3.10858E+01
 -1.01462E+01  2.53051E-28  1.22258E+06  1.87715E-03  3.14773E+01
 -1.00526E+01  2.65394E-28  1.16293E+06  1.84031E-03  3.35158E+01
 -9.95903E+00  2.84241E-28  1.08299E+06  1.78939E-03  3.31290E+01
 -9.86545E+00  2.76793E-28  1.11211E+06  1.80848E-03  3.46241E+01
 -9.77188E+00  2.60398E-28  1.18567E+06  1.85324E-03  3.44751E+01
 -9.67830E+00  2.42602E-28  1.27767E+06  1.90987E-03  3.30613E+01
 -9.58472E+00  2.33073E-28  1.33445E+06  1.94363E-03  3.06182E+01
 -9.49114E+00  2.30904E-28  1.35094E+06  1.95285E-03  2.72852E+01
 -9.39756E+00  2.41098E-28  1.29609E+06  1.92130E-03  2.32565E+01
 -9.30398E+00  2.74902E-28  1.13644E+06  1.82303E-03  2.07947E+01
 -9.21040E+00  3.41777E-28  9.12262E+05  1.68970E-03  1.93486E+01
 -9.11682E+00  3.62944E-28  8.56992E+05  1.66052E-03  1.95796E+01
 -9.02324E+00  3.56852E-28  8.70404E+05  1.66653E-03  2.18151E+01
 -8.92966E+00  3.32950E-28  9.34160E+05  1.70156E-03  2.44790E+01
 -8.83608E+00  3.14754E-28  9.89983E+05  1.73396E-03  2.54081E+01
 -8.74250E+00  2.85941E-28  1.09287E+06  1.79901E-03  2.50676E+01
 -8.64892E+00  2.86661E-28  1.09258E+06  1.81887E-03  2.33237E+01
 -8.55534E+00  3.42405E-28  9.15971E+05  1.77311E-03  1.93559E+01
 -8.46176E+00  4.11829E-28  7.62348E+05  1.73517E-03  1.66784E+01
 -8.36818E+00  4.25491E-28  7.35741E+05  1.74174E-03  1.44808E+01
 -8.27460E+00  3.66957E-28  8.49745E+05  1.79316E-03  1.32857E+01
 -8.18102E+00  3.69739E-28  8.41810E+05  1.78882E-03  1.26706E+01
 -8.08744E+00  3.88531E-28  7.99646E+05  1.75412E-03  1.15566E+01
 -7.99386E+00  3.65624E-28  8.48997E+05  1.75302E-03  1.03582E+01
 -7.90028E+00  3.49585E-28  8.86622E+05  1.75028E-03  1.09729E+01
 -7.80670E+00  3.36758E-28  9.23093E+05  1.76026E-03  1.20735E+01
 -7.71312E+00  3.44849E-28  9.02880E+05  1.74944E-03  1.47758E+01
 -7.61954E+00  3.29817E-28  9.44937E+05  1.75653E-03  1.92409E+01
 -7.52596E+00  3.13970E-28  9.91212E+05  1.77067E-03  2.48219E+01
 -7.43238E+00  2.97642E-28  1.04110E+06  1.78461E-03  2.81141E+01
 -7.33880E+00  2.87069E-28  1.07290E+06  1.79281E-03  3.02456E+01
 -7.24522E+00  2.87330E-28  1.06553E+06  1.78800E-03  3.39030E+01
 -7.15164E+00  2.87637E-28  1.05937E+06  1.78672E-03  3.44025E+01
 -7.05806E+00  2.85524E-28  1.06384E+06  1.78965E-03  3.41272E+01
 -6.96448E+00  2.83491E-28  1.07063E+06  1.79306E-03  3.44060E+01
 -6.87090E+00  2.82724E-28  1.07551E+06  1.79399E-03  3.49894E+01
 -6.77732E+00  2.81761E-28  1.08142E+06  1.79285E-03  3.61265E+01
 -6.68374E+00  2.79267E-28  1.09337E+06  1.79605E-03  3.71800E+01
 -6.59016E+00  2.73105E-28  1.12150E+06  1.81223E-03  3.79218E+01
 -6.49658E+00  2.63494E-28  1.16442E+06  1.84184E-03  3.87717E+01
 -6.40300E+00  2.53422E-28  1.21517E+06  1.87854E-03  3.76947E+01
 -6.30942E+00  2.50276E-28  1.23322E+06  1.89036E-03  3.63912E+01
 -6.21584E+00  2.68469E-28  1.15270E+06  1.83961E-03  3.37050E+01
 -6.12226E+00  3.01910E-28  1.02717E+06  1.76286E-03  3.16517E+01
 -6.02868E+00  3.29439E-28  9.43546E+05  1.71490E-03  2.92451E+01
 -5.93510E+00  3.33150E-28  9.35964E+05  1.71229E-03  2.75500E+01
 -5.84152E+00  3.32530E-28  9.40901E+05  1.71943E-03  2.67479E+01
 -5.74794E+00  3.39264E-28  9.26286E+05  1.71913E-03  2.55542E+01
 -5.65436E+00  3.45180E-28  9.15589E+05  1.71611E-03  2.48664E+01
 -5.56078E+00  3.77434E-28  8.45008E+05  1.68574E-03  2.36124E+01
 -5.46720E+00  4.27483E-28  7.53961E+05  1.63972E-03  2.35331E+01
 -5.37362E+00  4.51003E-28  7.23668E+05  1.61619E-03  2.38726E+01
 -5.28004E+00  4.80464E-28  6.86802E+05  1.58332E-03  2.32768E+01
 -5.18646E+00  4.47054E-28  7.42908E+05  1.60121E-03  2.31692E+01
 -5.09288E+00  4.19109E-28  7.92872E+05  1.63105E-03  2.32441E+01
 -4.99930E+00  4.21575E-28  7.84662E+05  1.64479E-03  2.45324E+01
 -4.90572E+00  4.33989E-28  7.52518E+05  1.64195E-03  2.72857E+01
 -4.81214E+00  4.16625E-28  7.72240E+05  1.65078E-03  3.27259E+01
 -4.71856E+00  4.02589E-28  7.93629E+05  1.65639E-03  3.89033E+01
 -4.62498E+00  4.18071E-28  7.65701E+05  1.64033E-03  4.15135E+01
 -4.53140E+00  4.16657E-28  7.70219E+05  1.63714E-03  4.25800E+01
 -4.43782E+00  3.95300E-28  8.10788E+05  1.66078E-03  4.46972E+01
 -4.34424E+00  3.92046E-28  8.13526E+05  1.68585E-03  4.68418E+01
 -4.25066E+00  4.21001E-28  7.52531E+05  1.68725E-03  4.74229E+01
 -4.15708E+00  4.65791E-28  6.76639E+05  1.66784E-03  4.65655E+01
 -4.06350E+00  4.93826E-28  6.37860E+05  1.65319E-03  4.61682E+01
 -3.96992E+00  5.02058E-28  6.30312E+05  1.64792E-03  4.74736E+01
 -3.87634E+00  4.88755E-28  6.51202E+05  1.64511E-03  4.90647E+01
 -3.78276E+00  4.71593E-28  6.76622E+05  1.64267E-03  4.99178E+01
 -3.68918E+00  4.71231E-28  6.75754E+05  1.63424E-03  4.91327E+01
 -3.59560E+00  4.77714E-28  6.63221E+05  1.62006E-03  4.60751E+01
 -3.50203E+00  4.80077E-28  6.54715E+05  1.61281E-03  4.34287E+01
 -3.40845E+00  4.78664E-28  6.50983E+05  1.61463E-03  4.18190E+01
 -3.31487E+00  4.83659E-28  6.39406E+05  1.61264E-03  4.03191E+01
 -3.22129E+00  5.16799E-28  5.94812E+05  1.59546E-03  3.78888E+01
 -3.12771E+00  5.60616E-28  5.42431E+05  1.57538E-03  3.55173E+01
 -3.03413E+00  5.38659E-28  5.57126E+05  1.58435E-03  3.50688E+01
 -2.94055E+00  5.04569E-28  5.87358E+05  1.59669E-03  3.73302E+01
 -2.84697E+00  4.99514E-28  5.85274E+05  1.59451E-03  4.07103E+01
 -2.75339E+00  5.15626E-28  5.57801E+05  1.58308E-03  4.40126E+01
 -2.65981E+00  5.20855E-28  5.46524E+05  1.57983E-03  4.54315E+01
 -2.56623E+00  4.53857E-28  6.25519E+05  1.60854E-03  4.61425E+01
 -2.47265E+00  3.76025E-28  7.57261E+05  1.65074E-03  4.76917E+01
 -2.37907E+00  3.60370E-28  7.93211E+05  1.67005E-03  4.92193E+01
 -2.28549E+00  3.72362E-28  7.65960E+05  1.67452E-03  5.07489E+01
 -2.19191E+00  4.56410E-28  6.16990E+05  1.59577E-03  5.23062E+01
 -2.09833E+00  5.46864E-28  5.04282E+05  1.52056E-03  5.35695E+01
 -2.00475E+00  4.66989E-28  5.82196E+05  1.56042E-03  5.53335E+01
 -1.91117E+00  4.69653E-28  5.78086E+05  1.55669E-03  5.05110E+01
 -1.81759E+00  5.36295E-28  5.06935E+05  1.53825E-03  4.67365E+01
 -1.72401E+00  5.44926E-28  4.97461E+05  1.55365E-03  4.29770E+01
 -1.63043E+00  6.06651E-28  4.39659E+05  1.53315E-03  3.68458E+01
 -1.53685E+00  5.74098E-28  4.54561E+05  1.54405E-03  3.21919E+01
 -1.44327E+00  5.43180E-28  4.71992E+05  1.54937E-03  2.97060E+01
 -1.34969E+00  4.92906E-28  5.15341E+05  1.56672E-03  3.01306E+01
 -1.25611E+00  4.48031E-28  5.65742E+05  1.58955E-03  3.31535E+01
 -1.16253E+00  4.22352E-28  6.00413E+05  1.60771E-03  3.79276E+01
 -1.06895E+00  4.15962E-28  6.09054E+05  1.61285E-03  4.30184E+01
 -9.75369E-01  4.19062E-28  6.00320E+05  1.60893E-03  4.79520E+01
 -8.81789E-01  4.36649E-28  5.72135E+05  1.59697E-03  5.25384E+01
 -7.88209E-01  4.36640E-28  5.69632E+05  1.59786E-03  5.62791E+01
 -6.94629E-01  4.15168E-28  6.02704E+05  1.61823E-03  5.91728E+01
 -6.01050E-01  4.28740E-28  5.90361E+05  1.62995E-03  5.93634E+01
 -5.07470E-01  4.78939E-28  5.32929E+05  1.62409E-03  5.77743E+01
 -4.13890E-01  4.91999E-28  5.15988E+05  1.61008E-03  5.85357E+01
 -3.20310E-01  5.12420E-28  4.87473E+05  1.58514E-03  5.97925E+01
 -2.26730E-01  5.23525E-28  4.68738E+05  1.57906E-03  5.73145E+01
 -1.33150E-01  5.03229E-28  4.85421E+05  1.58967E-03  5.01157E+01
 -3.95704E-02  4.91552E-28  5.01511E+05  1.59441E-03  4.41617E+01
  5.40095E-02  5.09103E-28  4.90937E+05  1.58298E-03  4.35561E+01
  1.47589E-01  5.77610E-28  4.39884E+05  1.56188E-03  4.43217E+01
  2.41169E-01  6.69932E-28  3.87171E+05  1.54582E-03  4.34451E+01
  3.34749E-01  7.09593E-28  3.73181E+05  1.54153E-03  4.22201E+01
  4.28329E-01  6.24501E-28  4.27746E+05  1.55054E-03  4.50484E+01
  5.21909E-01  4.91819E-28  5.44402E+05  1.58465E-03  5.08003E+01
  6.15489E-01  4.31300E-28  6.21623E+05  1.62972E-03  5.29955E+01
  7.09068E-01  4.24482E-28  6.23223E+05  1.63692E-03  5.30273E+01
  8.02648E-01  4.50748E-28  5.74920E+05  1.61096E-03  5.06650E+01
  8.96228E-01  4.62701E-28  5.58136E+05  1.59841E-03  4.91084E+01
  9.89808E-01  4.65814E-28  5.60836E+05  1.59674E-03  4.56836E+01
  1.08339E+00  5.39165E-28  4.87252E+05  1.56467E-03  3.85631E+01
  1.17697E+00  5.77099E-28  4.55341E+05  1.54737E-03  3.14478E+01
  1.27055E+00  5.36805E-28  4.89876E+05  1.56190E-03  2.89101E+01
  1.36413E+00  5.51715E-28  4.73940E+05  1.55995E-03  3.12997E+01
  1.45771E+00  5.85295E-28  4.46547E+05  1.54961E-03  3.54809E+01
  1.55129E+00  5.68186E-28  4.66594E+05  1.56026E-03  4.01672E+01
  1.64487E+00  5.53873E-28  4.86427E+05  1.56943E-03  4.34717E+01
  1.73845E+00  5.67225E-28  4.83937E+05  1.56421E-03  4.53618E+01
  1.83203E+00  5.94682E-28  4.69014E+05  1.55301E-03  4.79724E+01
  1.92561E+00  7.31285E-28  3.76992E+05  1.50928E-03  5.22238E+01
  2.01919E+00  8.75394E-28  3.08737E+05  1.46907E-03  5.18774E+01
  2.11277E+00  1.65802E-27  1.63203E+05  1.41147E-03  3.59438E+01
  2.20635E+00  3.95635E-27  6.24935E+04  1.37335E-03  2.22007E+01
  2.29993E+00  4.49943E-27  5.13483E+04  1.37221E-03  1.97358E+01
  2.39351E+00  4.10434E-27  5.74934E+04  1.38103E-03  2.17000E+01
  2.48709E+00  3.31255E-27  7.45084E+04  1.38971E-03  2.66731E+01
  2.58067E+00  2.84394E-27  8.96365E+04  1.38987E-03  3.43088E+01
  2.67425E+00  2.58859E-27  9.71564E+04  1.39037E-03  4.17877E+01
  2.76783E+00  2.02334E-27  1.16927E+05  1.40125E-03  5.08520E+01
  2.86141E+00  1.24238E-27  1.79074E+05  1.42088E-03  6.09349E+01
  2.95498E+00  7.47072E-28  2.88005E+05  1.45102E-03  6.93244E+01
  3.04856E+00  4.78025E-28  4.59717E+05  1.52703E-03  7.36610E+01
  3.14214E+00  4.39101E-28  5.35922E+05  1.58184E-03  6.53763E+01
  3.23572E+00  1.59598E-27  1.59103E+05  1.36190E-03  3.46106E+01
  3.32930E+00  9.78953E-27  2.46132E+04  1.22146E-03  2.31601E+01
  3.42288E+00  1.46024E-26  1.56981E+04  1.21757E-03  2.16044E+01
  3.51646E+00  1.34710E-26  1.62113E+04  1.24928E-03  2.18107E+01
  3.61004E+00  1.05903E-26  1.99091E+04  1.27438E-03  2.30990E+01
  3.70362E+00  9.46364E-27  2.20804E+04  1.26404E-03  2.53095E+01
  3.79720E+00  1.09075E-26  1.83614E+04  1.26635E-03  2.86047E+01
  3.89078E+00  1.03333E-26  1.76004E+04  1.28061E-03  3.03588E+01
  3.98436E+00  6.74330E-27  2.10592E+04  1.32047E-03  3.07187E+01
  4.07794E+00  5.56004E-27  1.95830E+04  1.33555E-03  2.85354E+01
  4.17152E+00  4.79745E-27  2.36996E+04  1.33844E-03  2.82235E+01
  4.26510E+00  3.40165E-27  4.07959E+04  1.36296E-03  3.14700E+01
  4.35868E+00  2.14372E-27  7.41611E+04  1.39776E-03  3.62567E+01
  4.45226E+00  1.04634E-27  1.44390E+05  1.46215E-03  3.15231E+01
  4.54584E+00  8.68870E-28  1.52294E+05  1.47156E-03  2.62006E+01
  4.63942E+00  9.48423E-28  1.59179E+05  1.43777E-03  2.26864E+01
  4.73300E+00  7.72943E-28  2.47320E+05  1.44719E-03  2.27025E+01
  4.82658E+00  6.44027E-28  3.49892E+05  1.48284E-03  2.77707E+01
  4.92016E+00  6.59079E-28  3.72675E+05  1.49341E-03  3.58040E+01
  5.01374E+00  6.54783E-28  3.90852E+05  1.50091E-03  4.35978E+01
  5.10732E+00  6.23639E-28  4.15903E+05  1.50112E-03  4.97718E+01
  5.20090E+00  6.21310E-28  4.20481E+05  1.48869E-03  5.68437E+01
  5.29448E+00  6.58880E-28  3.98671E+05  1.47005E-03  6.41463E+01
  5.38806E+00  6.68062E-28  3.91784E+05  1.45812E-03  7.23327E+01
  5.48164E+00  6.38585E-28  4.01982E+05  1.45914E-03  7.89030E+01
  5.57522E+00  6.00520E-28  4.15382E+05  1.48341E-03  8.02324E+01
  5.66880E+00  6.73790E-28  3.88569E+05  1.50039E-03  8.20480E+01
  5.76238E+00  7.25446E-28  3.85061E+05  1.50796E-03  8.32745E+01
  5.85596E+00  8.36572E-28  3.39566E+05  1.50606E-03  8.72449E+01
  5.94954E+00  1.04873E-27  2.74169E+05  1.49007E-03  8.73382E+01
  6.04312E+00  1.65969E-27  1.70143E+05  1.44811E-03  7.80997E+01
  6.13670E+00  1.90848E-27  1.43412E+05  1.43278E-03  7.34966E+01
  6.23028E+00  2.03943E-27  1.34945E+05  1.38839E-03  6.43102E+01
  6.32386E+00  2.23764E-27  1.17109E+05  1.33572E-03  5.60925E+01
  6.41744E+00  1.99161E-27  1.22734E+05  1.34011E-03  5.67820E+01
  6.51102E+00  1.66544E-27  1.23199E+05  1.34883E-03  6.07792E+01
  6.60460E+00  1.62157E-27  1.18016E+05  1.35252E-03  6.31967E+01
  6.69818E+00  1.46115E-27  1.20944E+05  1.37263E-03  6.83387E+01
  6.79176E+00  1.11563E-27  1.55708E+05  1.39852E-03  7.57711E+01
  6.88534E+00  9.41768E-28  1.95055E+05  1.41753E-03  7.63987E+01
  6.97892E+00  8.69870E-28  2.23242E+05  1.42885E-03  7.40767E+01
  7.07250E+00  8.28251E-28  2.42727E+05  1.43898E-03  7.21343E+01
  7.16608E+00  7.65680E-28  2.66918E+05  1.45592E-03  7.45388E+01
  7.25966E+00  8.61253E-28  2.36446E+05  1.45076E-03  6.75906E+01
  7.35324E+00  8.42926E-28  2.47642E+05  1.45796E-03  6.57358E+01
  7.44682E+00  8.88039E-28  2.40002E+05  1.45799E-03  6.58234E+01
  7.54040E+00  1.22467E-27  1.79706E+05  1.43123E-03  6.42671E+01
  7.63398E+00  1.84067E-27  1.20984E+05  1.38131E-03  6.12912E+01
  7.72756E+00  2.63457E-27  8.39384E+04  1.33961E-03  5.90666E+01
  7.82114E+00  4.30540E-27  5.01780E+04  1.30388E-03  5.39710E+01
  7.91472E+00  6.92358E-27  2.94790E+04  1.28585E-03  4.80340E+01
  8.00830E+00  7.75421E-27  2.42288E+04  1.27417E-03  4.09429E+01
  8.10188E+00  4.41077E-27  4.08133E+04  1.28278E-03  3.49670E+01
  8.19546E+00  2.17930E-27  8.23006E+04  1.30656E-03  3.31629E+01
  8.28904E+00  1.17436E-27  1.50002E+05  1.36566E-03  2.94924E+01
  8.38262E+00  1.05763E-27  1.69269E+05  1.39511E-03  3.08293E+01
  8.47620E+00  1.23042E-27  1.47462E+05  1.39975E-03  3.33410E+01
  8.56978E+00  1.16360E-27  1.57618E+05  1.41007E-03  3.57562E+01
  8.66336E+00  1.18348E-27  1.54321E+05  1.41128E-03  4.00001E+01
  8.75694E+00  1.12710E-27  1.62206E+05  1.41530E-03  4.34499E+01
  8.85052E+00  1.16270E-27  1.58422E+05  1.41674E-03  4.69023E+01
  8.94410E+00  1.16919E-27  1.57739E+05  1.42038E-03  4.88244E+01
  9.03768E+00  1.12850E-27  1.64862E+05  1.42453E-03  5.17724E+01
  9.13126E+00  1.11855E-27  1.68380E+05  1.42506E-03  5.37686E+01
  9.22484E+00  1.11868E-27  1.73400E+05  1.42387E-03  5.55459E+01
  9.31841E+00  1.17997E-27  1.74908E+05  1.41979E-03  5.46444E+01
  9.41199E+00  1.22582E-27  1.78543E+05  1.41630E-03  5.28806E+01
  9.50558E+00  1.57978E-27  1.44301E+05  1.39335E-03  5.04384E+01
  9.59915E+00  2.68066E-27  8.05081E+04  1.34539E-03  4.72259E+01
  9.69273E+00  4.18048E-27  4.39703E+04  1.31615E-03  4.40446E+01
  9.78631E+00  4.41364E-27  3.78651E+04  1.31095E-03  4.24079E+01
  9.87989E+00  3.75245E-27  4.53802E+04  1.31742E-03  3.91725E+01
  9.97347E+00  2.83223E-27  7.00165E+04  1.34580E-03  3.79653E+01
  1.00671E+01  2.59829E-27  8.72702E+04  1.37825E-03  3.26629E+01
  1.01606E+01  3.24865E-27  6.91924E+04  1.36348E-03  3.07678E+01
  1.02542E+01  3.65756E-27  5.60955E+04  1.34783E-03  3.18036E+01
  1.03478E+01  3.43119E-27  5.31562E+04  1.33752E-03  3.57002E+01
  1.04414E+01  3.09767E-27  5.32280E+04  1.32840E-03  3.79123E+01
  1.05350E+01  2.76579E-27  5.60433E+04  1.31176E-03  3.60483E+01
  1.06285E+01  3.72488E-27  3.95533E+04  1.28284E-03  3.45253E+01
  1.07221E+01  4.76270E-27  2.67109E+04  1.25791E-03  3.09018E+01
  1.08157E+01  3.96110E-27  2.63508E+04  1.26231E-03  2.80782E+01
  1.09093E+01  2.39076E-27  3.84288E+04  1.28844E-03  2.68217E+01
  1.10029E+01  1.98824E-27  3.78304E+04  1.29792E-03  2.22883E+01
  1.10964E+01  2.36386E-27  2.80525E+04  1.28440E-03  1.70214E+01
  1.11900E+01  3.62383E-27  1.92660E+04  1.26112E-03  1.56333E+01
  1.12836E+01  3.85033E-27  1.82649E+04  1.25920E-03  1.61488E+01
  1.13772E+01  5.71185E-27  1.77669E+04  1.26186E-03  1.72620E+01
  1.14708E+01  5.51487E-27  2.10700E+04  1.27334E-03  1.39129E+01
  1.15643E+01  5.85522E-27  2.27721E+04  1.28010E-03  1.53905E+01
  1.16579E+01  5.84191E-27  2.40254E+04  1.28415E-03  1.76262E+01
  1.17515E+01  2.78578E-27  5.51784E+04  1.30327E-03  1.57376E+01
  1.18451E+01  7.17779E-28  2.27192E+05  1.41231E-03  1.39150E+01
  1.19387E+01  7.20961E-28  2.26439E+05  1.41200E-03  1.47745E+01
  1.20322E+01  9.35497E-28  1.73130E+05  1.37754E-03  1.68976E+01
  1.21258E+01  9.22026E-28  1.79484E+05  1.35211E-03  7.69420E+00
  1.22194E+01  1.32454E-27  1.22924E+05  1.31515E-03 -5.40147E+00
  1.23130E+01  1.96818E-27  8.37590E+04  1.30311E-03 -8.00606E+00
  1.24066E+01  2.33819E-27  7.10001E+04  1.30255E-03 -1.79305E+01
  1.25001E+01  2.25175E-27  7.51488E+04  1.31067E-03 -2.59387E+01
  1.25937E+01  1.76826E-27  9.95459E+04  1.32535E-03 -3.21551E+01
  1.26873E+01  1.45303E-27  1.23342E+05  1.33720E-03 -3.15004E+01
  1.27809E+01  6.61049E-28  2.91456E+05  1.44079E-03 -3.34170E+01
  1.28744E+01  3.80082E-28  5.27859E+05  1.58770E-03 -3.62199E+01
  1.29680E+01  2.12462E-28  9.44319E+05  1.82411E-03 -4.09457E+01
  1.30616E+01  1.90039E-28  1.07367E+06  1.89292E-03 -4.12318E+01
  1.31552E+01  1.74601E-28  1.18364E+06  1.95788E-03 -4.01856E+01
  1.32488E+01  1.68816E-28  1.23973E+06  1.98432E-03 -3.97448E+01
  1.33423E+01  1.68232E-28  1.25188E+06  1.98723E-03 -3.82928E+01
  1.34359E+01  1.67191E-28  1.26411E+06  1.98999E-03 -3.48375E+01
  1.35295E+01  1.67591E-28  1.26134E+06  1.98677E-03 -3.34692E+01
  1.36231E+01  1.71400E-28  1.21444E+06  1.96627E-03 -2.96713E+01
  1.37167E+01  1.73732E-28  1.18692E+06  1.95109E-03 -2.81115E+01
  1.38102E+01  1.88234E-28  1.07349E+06  1.87594E-03 -2.61416E+01
  1.39038E+01  2.25169E-28  8.63706E+05  1.75749E-03 -1.89604E+01
  1.39974E+01  2.37076E-28  8.15728E+05  1.73568E-03 -1.69053E+01
  1.40910E+01  4.36731E-28  4.09098E+05  1.54934E-03 -6.81368E+00
  1.41846E+01  5.40562E-28  3.22840E+05  1.50861E-03 -1.06191E+01
  1.42781E+01  6.73290E-28  2.51130E+05  1.46881E-03  1.23338E+00
  1.43717E+01  8.16031E-28  2.02505E+05  1.43976E-03  4.60167E+00
  1.44653E+01  8.89820E-28  1.88528E+05  1.42819E-03  6.12028E-01
  1.45589E+01  9.40460E-28  1.94092E+05  1.42787E-03  1.35144E+01
  1.46525E+01  9.36069E-28  1.96432E+05  1.42828E-03  1.31130E+01
  1.47460E+01  7.40104E-28  2.79880E+05  1.45390E-03  1.34944E+01
  1.48396E+01  6.44209E-28  3.47176E+05  1.49022E-03  1.41441E+01
  1.49332E+01  5.82937E-28  3.88192E+05  1.51519E-03  1.30429E+01
  1.50268E+01  5.13396E-28  4.53041E+05  1.55364E-03  1.09570E+01
  1.51204E+01  5.89088E-28  4.05767E+05  1.52464E-03  1.07423E+01
  1.52139E+01  7.67276E-28  3.17648E+05  1.47692E-03  1.06328E+01
  1.53075E+01  8.69808E-28  2.86375E+05  1.45254E-03  8.84832E+00
  1.54011E+01  1.00678E-27  2.54528E+05  1.42224E-03  9.50772E+00
  1.54947E+01  9.75187E-28  2.74705E+05  1.41598E-03  1.04470E+01
  1.55883E+01  1.07107E-27  2.44889E+05  1.39990E-03  1.28742E+01
  1.56818E+01  1.28355E-27  2.02654E+05  1.37643E-03  1.36861E+01
  1.57754E+01  1.13575E-27  2.34501E+05  1.38812E-03  1.22180E+01
  1.58690E+01  1.20423E-27  2.26564E+05  1.38840E-03  1.05592E+01
  1.59626E+01  1.50579E-27  1.78669E+05  1.37063E-03  1.11260E+01
  1.60562E+01  1.41820E-27  1.91231E+05  1.38029E-03  9.77930E+00
  1.61497E+01  1.06511E-27  2.62214E+05  1.42048E-03  9.06813E+00
  1.62433E+01  6.79937E-28  4.17057E+05  1.49440E-03  9.17457E+00
  1.63369E+01  4.52925E-28  6.34417E+05  1.60714E-03  1.02989E+01
  1.64305E+01  3.20504E-28  8.98650E+05  1.74755E-03  1.06416E+01
  1.65241E+01  2.50386E-28  1.15025E+06  1.87299E-03  8.94828E+00
  1.66176E+01  2.23696E-28  1.29105E+06  1.92869E-03  6.30899E+00
  1.67112E+01  2.31289E-28  1.25046E+06  1.89657E-03  5.28502E+00
  1.68048E+01  2.64777E-28  1.11150E+06  1.78650E-03  3.14399E+00
  1.68984E+01  2.71850E-28  1.08900E+06  1.76836E-03  3.03879E+00
  1.69920E+01  2.71850E-28  1.08900E+06  1.76836E-03  3.03879E+00
  1.70855E+01  3.08617E-28  9.54309E+05  1.70445E-03  3.44817E+00
  1.71791E+01  3.15138E-28  9.19461E+05  1.70062E-03  2.80469E+00
  1.72727E+01  2.01583E-28  1.37903E+06  1.99883E-03 -3.31744E+00
  1.73663E+01  2.01583E-28  1.37903E+06  1.99883E-03 -3.31745E+00
  1.74599E+01  2.01583E-28  1.37903E+06  1.99883E-03 -3.31745E+00
  1.75534E+01  2.01583E-28  1.37903E+06  1.99883E-03 -3.31744E+00
  1.76470E+01  2.02493E-28  1.37455E+06  1.99945E-03 -4.50733E+00
  1.77406E+01  2.03615E-28  1.37217E+06  2.00000E-03 -5.27125E+00
  1.78342E+01  2.04271E-28  1.37539E+06  2.00000E-03 -4.68575E+00
  1.79278E+01  2.04520E-28  1.37661E+06  2.00000E-03 -4.46467E+00
  1.80213E+01  2.04520E-28  1.37661E+06  2.00000E-03 -4.46467E+00
  1.81149E+01  2.04467E-28  1.37622E+06  2.00000E-03 -5.93167E+00
  1.82085E+01  2.04430E-28  1.37594E+06  2.00000E-03 -6.96116E+00
  1.83021E+01  2.04430E-28  1.37594E+06  2.00000E-03 -6.96116E+00
  1.83957E+01  2.04557E-28  1.37653E+06  2.00000E-03 -7.36845E+00
  1.84892E+01  2.04703E-28  1.37720E+06  2.00000E-03 -7.83639E+00
  1.85828E+01  2.04791E-28  1.37761E+06  2.00000E-03 -9.15339E+00
  1.86764E+01  2.04764E-28  1.37749E+06  2.00000E-03 -9.36946E+00
  1.87700E+01  2.04764E-28  1.37749E+06  2.00000E-03 -9.36946E+00
  1.88636E+01  2.04764E-28  1.37749E+06  2.00000E-03 -9.36946E+00
  1.89571E+01  2.04764E-28  1.37749E+06  2.00000E-03 -9.36946E+00
  1.90507E+01  2.04970E-28  1.37840E+06  2.00000E-03 -9.88440E+00
  1.91443E+01  2.05313E-28  1.37994E+06  2.00000E-03 -1.01647E+01
  1.92379E+01  2.05575E-28  1.38111E+06  2.00000E-03 -1.02909E+01
  1.93315E+01  2.05575E-28  1.38111E+06  2.00000E-03 -1.02909E+01
  1.94250E+01  2.05607E-28  1.38125E+06  2.00000E-03 -1.03294E+01
  1.95186E+01  2.05758E-28  1.38192E+06  2.00000E-03 -1.05096E+01
  1.96122E+01  2.05781E-28  1.38202E+06  2.00000E-03 -1.05368E+01
  1.97058E+01  2.05822E-28  1.38221E+06  2.00000E-03 -1.05480E+01
  1.97994E+01  2.06218E-28  1.38398E+06  2.00000E-03 -1.05675E+01
  1.98929E+01  2.06662E-28  1.38596E+06  2.00000E-03 -1.04463E+01
  1.99865E+01  2.06985E-28  1.38740E+06  2.00000E-03 -1.04178E+01
  2.00801E+01  2.07069E-28  1.38777E+06  2.00000E-03 -1.03395E+01
  2.01737E+01  2.06991E-28  1.38742E+06  2.00000E-03 -1.04852E+01
  2.02673E+01  2.07057E-28  1.38772E+06  2.00000E-03 -1.03615E+01
  2.03608E+01  2.07249E-28  1.38857E+06  2.00000E-03 -1.01962E+01
  2.04544E+01  2.07852E-28  1.39126E+06  2.00000E-03 -1.02031E+01
  2.05480E+01  2.08110E-28  1.39240E+06  2.00000E-03 -1.02554E+01
  2.06416E+01  2.08206E-28  1.39283E+06  2.00000E-03 -1.02278E+01
  2.07352E+01  2.08229E-28  1.39293E+06  2.00000E-03 -1.01777E+01
  2.08287E+01  2.08467E-28  1.39399E+06  2.00000E-03 -1.00352E+01
  2.09223E+01  2.08660E-28  1.39484E+06  2.00000E-03 -9.85842E+00
  2.10159E+01  2.08636E-28  1.39474E+06  2.00000E-03 -9.92146E+00
  2.11095E+01  2.08892E-28  1.39588E+06  2.00000E-03 -9.90450E+00
  2.12031E+01  2.09164E-28  1.39709E+06  2.00000E-03 -9.85164E+00
  2.12966E+01  2.09446E-28  1.39833E+06  2.00000E-03 -9.74588E+00
  2.13902E+01  2.09494E-28  1.39854E+06  2.00000E-03 -9.74576E+00
  2.14838E+01  2.09507E-28  1.39860E+06  2.00000E-03 -9.69321E+00
  2.15774E+01  2.09511E-28  1.39862E+06  2.00000E-03 -9.67464E+00
  2.16710E+01  2.09501E-28  1.39858E+06  2.00000E-03 -9.71664E+00
  2.17645E+01  2.09657E-28  1.39926E+06  2.00000E-03 -9.60724E+00
  2.18581E+01  2.09944E-28  1.40053E+06  2.00000E-03 -9.54922E+00
  2.19517E+01  2.10108E-28  1.40126E+06  2.00000E-03 -9.53503E+00
  2.20453E+01  2.10116E-28  1.40130E+06  2.00000E-03 -9.47729E+00
  2.21389E+01  2.10098E-28  1.40121E+06  2.00000E-03 -9.47758E+00
  2.22324E+01  2.10053E-28  1.40100E+06  2.00000E-03 -9.47827E+00
  2.23260E+01  2.10049E-28  1.40098E+06  2.00000E-03 -9.47833E+00
  2.24196E+01  2.10104E-28  1.40123E+06  2.00000E-03 -9.48518E+00
  2.25132E+01  2.10295E-28  1.40208E+06  2.00000E-03 -9.50878E+00
  2.26068E+01  2.10343E-28  1.40229E+06  2.00000E-03 -9.55996E+00
  2.27003E+01  2.10171E-28  1.40151E+06  2.00000E-03 -9.62351E+00
  2.27939E+01  2.10156E-28  1.40144E+06  2.00000E-03 -9.62888E+00
  2.28875E+01  2.10156E-28  1.40144E+06  2.00000E-03 -9.62888E+00
  2.29811E+01  2.10156E-28  1.40144E+06  2.00000E-03 -9.62888E+00
  2.30747E+01  2.10157E-28  1.40145E+06  2.00000E-03 -9.62914E+00
  2.31682E+01  2.10629E-28  1.40354E+06  2.00000E-03 -9.73033E+00
  2.32618E+01  2.10820E-28  1.40439E+06  2.00000E-03 -9.77112E+00
  2.33554E+01  2.10820E-28  1.40439E+06  2.00000E-03 -9.77112E+00
  2.34490E+01  2.10824E-28  1.40440E+06  2.00000E-03 -9.76492E+00
  2.35426E+01  2.10890E-28  1.40466E+06  2.00000E-03 -9.64054E+00
  2.36361E+01  2.10937E-28  1.40485E+06  2.00000E-03 -9.55264E+00
  2.37297E+01  2.10937E-28  1.40485E+06  2.00000E-03 -9.55264E+00
  2.38233E+01  2.10937E-28  1.40485E+06  2.00000E-03 -9.55264E+00
  2.39169E+01  2.10937E-28  1.40485E+06  2.00000E-03 -9.55264E+00
  2.40105E+01  2.10937E-28  1.40485E+06  2.00000E-03 -9.55264E+00
  2.41040E+01  2.10937E-28  1.40485E+06  2.00000E-03 -9.55264E+00
  2.41976E+01  2.10937E-28  1.40485E+06  2.00000E-03 -9.55264E+00
  2.42912E+01  2.10937E-28  1.40485E+06  2.00000E-03 -9.55264E+00
  2.43848E+01  2.11014E-28  1.40519E+06  2.00000E-03 -9.55076E+00
  2.44784E+01  2.11431E-28  1.40702E+06  2.00000E-03 -9.37934E+00
  2.45719E+01  2.11581E-28  1.40768E+06  2.00000E-03 -9.33789E+00
  2.46655E+01  2.11670E-28  1.40807E+06  2.00000E-03 -9.36762E+00
  2.47591E+01  2.11670E-28  1.40807E+06  2.00000E-03 -9.36762E+00
  2.48527E+01  2.11670E-28  1.40807E+06  2.00000E-03 -9.36762E+00
  2.49463E+01  2.11670E-28  1.40807E+06  2.00000E-03 -9.36762E+00
  2.50398E+01  2.11670E-28  1.40807E+06  2.00000E-03 -9.36762E+00
  2.51334E+01  2.11670E-28  1.40807E+06  2.00000E-03 -9.36762E+00
  2.52270E+01  2.11670E-28  1.40807E+06  2.00000E-03 -9.36762E+00
  2.53206E+01  2.11768E-28  1.40850E+06  2.00000E-03 -9.27006E+00
  2.54142E+01  2.11938E-28  1.40924E+06  2.00000E-03 -9.10115E+00
  2.55077E+01  2.11949E-28  1.40929E+06  2.00000E-03 -9.09073E+00
  2.56013E+01  2.11948E-28  1.40929E+06  2.00000E-03 -9.09073E+00
  2.56949E+01  2.11948E-28  1.40929E+06  2.00000E-03 -9.09073E+00
  2.57885E+01  2.11999E-28  1.40951E+06  2.00000E-03 -9.15352E+00
  2.58820E+01  2.12068E-28  1.40982E+06  2.00000E-03 -9.23913E+00
  2.59756E+01  2.12100E-28  1.40996E+06  2.00000E-03 -9.27831E+00
  2.60692E+01  2.12100E-28  1.40996E+06  2.00000E-03 -9.27831E+00
  2.61628E+01  2.12100E-28  1.40996E+06  2.00000E-03 -9.27831E+00
  2.62564E+01  2.12287E-28  1.41077E+06  2.00000E-03 -9.09324E+00
  2.63499E+01  2.12406E-28  1.41130E+06  2.00000E-03 -8.97497E+00
  2.64435E+01  2.12406E-28  1.41130E+06  2.00000E-03 -8.97497E+00
  2.65371E+01  2.12406E-28  1.41130E+06  2.00000E-03 -8.97497E+00
  2.66307E+01  2.12406E-28  1.41130E+06  2.00000E-03 -8.97497E+00
  2.67243E+01  2.12406E-28  1.41130E+06  2.00000E-03 -8.97497E+00
  2.68178E+01  2.12406E-28  1.41130E+06  2.00000E-03 -8.97497E+00
  2.69114E+01  2.12406E-28  1.41130E+06  2.00000E-03 -8.97497E+00
  2.70050E+01  2.12406E-28  1.41130E+06  2.00000E-03 -8.97497E+00
  2.70986E+01  2.12479E-28  1.41162E+06  2.00000E-03 -8.94232E+00
  2.71922E+01  2.12829E-28  1.41316E+06  2.00000E-03 -8.70639E+00
  2.72857E+01  2.12969E-28  1.41378E+06  2.00000E-03 -8.66994E+00
  2.73793E+01  2.12969E-28  1.41378E+06  2.00000E-03 -8.66994E+00
  2.74729E+01  2.12969E-28  1.41378E+06  2.00000E-03 -8.66994E+00
  2.75665E+01  2.12969E-28  1.41378E+06  2.00000E-03 -8.66994E+00
  2.76601E+01  2.12969E-28  1.41378E+06  2.00000E-03 -8.66994E+00
  2.77536E+01  2.12969E-28  1.41378E+06  2.00000E-03 -8.66994E+00
  2.78472E+01  2.12969E-28  1.41378E+06  2.00000E-03 -8.66994E+00
  2.79408E+01  2.12969E-28  1.41378E+06  2.00000E-03 -8.66994E+00
  2.80344E+01  2.13115E-28  1.41442E+06  2.00000E-03 -8.54036E+00
  2.81280E+01  2.13404E-28  1.41569E+06  2.00000E-03 -8.28417E+00
  2.82215E+01  2.13404E-28  1.41569E+06  2.00000E-03 -8.28417E+00
  2.83151E+01  2.13404E-28  1.41569E+06  2.00000E-03 -8.28417E+00
  2.84087E+01  2.13409E-28  1.41571E+06  2.00000E-03 -8.28314E+00
  2.85023E+01  2.13510E-28  1.41616E+06  2.00000E-03 -8.26096E+00
  2.85959E+01  2.13603E-28  1.41657E+06  2.00000E-03 -8.24072E+00
  2.86894E+01  2.13620E-28  1.41664E+06  2.00000E-03 -8.23702E+00
  2.87830E+01  2.13620E-28  1.41664E+06  2.00000E-03 -8.23702E+00
  2.88766E+01  2.13661E-28  1.41682E+06  2.00000E-03 -8.14624E+00
