 -4.36043E+01  2.16374E-28  1.42867E+06  2.00000E-03  1.17046E+00
 -4.35107E+01  2.16375E-28  1.42867E+06  2.00000E-03  1.16977E+00
 -4.34171E+01  2.16375E-28  1.42867E+06  2.00000E-03  1.16977E+00
 -4.33235E+01  2.16376E-28  1.42868E+06  2.00000E-03  1.16915E+00
 -4.32300E+01  2.16374E-28  1.42867E+06  2.00000E-03  1.17031E+00
 -4.31364E+01  2.16376E-28  1.42868E+06  2.00000E-03  1.16923E+00
 -4.30428E+01  2.16379E-28  1.42869E+06  2.00000E-03  1.16647E+00
 -4.29492E+01  2.16408E-28  1.42882E+06  2.00000E-03  1.14240E+00
 -4.28556E+01  2.16272E-28  1.42822E+06  2.00000E-03  1.25522E+00
 -4.27621E+01  2.15977E-28  1.42692E+06  2.00000E-03  1.50097E+00
 -4.26685E+01  2.15982E-28  1.42694E+06  2.00000E-03  1.49718E+00
 -4.25749E+01  2.15995E-28  1.42700E+06  2.00000E-03  1.48655E+00
 -4.24813E+01  2.16013E-28  1.42708E+06  2.00000E-03  1.47153E+00
 -4.23877E+01  2.15938E-28  1.42675E+06  2.00000E-03  1.52613E+00
 -4.22942E+01  2.15787E-28  1.42608E+06  2.00000E-03  1.61580E+00
 -4.22006E+01  2.15590E-28  1.42522E+06  2.00000E-03  1.74234E+00
 -4.21070E+01  2.15565E-28  1.42511E+06  2.00000E-03  1.76195E+00
 -4.20134E+01  2.15598E-28  1.42525E+06  2.00000E-03  1.73466E+00
 -4.19198E+01  2.15582E-28  1.42518E+06  2.00000E-03  1.76096E+00
 -4.18263E+01  2.15585E-28  1.42520E+06  2.00000E-03  1.75819E+00
 -4.17327E+01  2.15587E-28  1.42520E+06  2.00000E-03  1.75554E+00
 -4.16391E+01  2.15587E-28  1.42520E+06  2.00000E-03  1.75554E+00
 -4.15455E+01  2.15587E-28  1.42520E+06  2.00000E-03  1.75554E+00
 -4.14520E+01  2.15587E-28  1.42520E+06  2.00000E-03  1.75554E+00
 -4.13584E+01  2.15587E-28  1.42520E+06  2.00000E-03  1.75554E+00
 -4.12648E+01  2.15587E-28  1.42520E+06  2.00000E-03  1.75554E+00
 -4.11712E+01  2.15587E-28  1.42520E+06  2.00000E-03  1.75554E+00
 -4.10776E+01  2.15666E-28  1.42555E+06  2.00000E-03  1.69854E+00
 -4.09841E+01  2.15922E-28  1.42668E+06  2.00000E-03  1.49619E+00
 -4.08905E+01  2.15973E-28  1.42691E+06  2.00000E-03  1.43104E+00
 -4.07969E+01  2.15987E-28  1.42697E+06  2.00000E-03  1.41274E+00
 -4.07033E+01  2.15987E-28  1.42697E+06  2.00000E-03  1.41274E+00
 -4.06097E+01  2.15987E-28  1.42697E+06  2.00000E-03  1.41274E+00
 -4.05162E+01  2.15987E-28  1.42697E+06  2.00000E-03  1.41274E+00
 -4.04226E+01  2.15987E-28  1.42697E+06  2.00000E-03  1.41274E+00
 -4.03290E+01  2.15987E-28  1.42697E+06  2.00000E-03  1.41274E+00
 -4.02354E+01  2.15987E-28  1.42697E+06  2.00000E-03  1.41274E+00
 -4.01418E+01  2.16653E-28  1.42991E+06  2.00000E-03  9.01260E-01
 -4.00483E+01  2.16792E-28  1.43052E+06  2.00000E-03  7.94963E-01
 -3.99547E+01  2.16792E-28  1.43052E+06  2.00000E-03  7.94963E-01
 -3.98611E+01  2.16792E-28  1.43052E+06  2.00000E-03  7.94963E-01
 -3.97675E+01  2.16792E-28  1.43052E+06  2.00000E-03  7.94963E-01
 -3.96739E+01  2.16983E-28  1.43136E+06  2.00000E-03  6.48960E-01
 -3.95804E+01  2.17240E-28  1.43250E+06  2.00000E-03  4.51971E-01
 -3.94868E+01  2.17630E-28  1.43421E+06  2.00000E-03  1.55133E-01
 -3.93932E+01  2.17630E-28  1.43421E+06  2.00000E-03  1.55133E-01
 -3.92996E+01  2.17843E-28  1.43515E+06  2.00000E-03  8.97130E-03
 -3.92060E+01  2.18382E-28  1.43751E+06  2.00000E-03 -3.59576E-01
 -3.91125E+01  2.18498E-28  1.43802E+06  2.00000E-03 -4.39319E-01
 -3.90189E+01  2.18499E-28  1.43802E+06  2.00000E-03 -4.39319E-01
 -3.89253E+01  2.18499E-28  1.43802E+06  2.00000E-03 -4.39319E-01
 -3.88317E+01  2.18499E-28  1.43802E+06  2.00000E-03 -4.39319E-01
 -3.87381E+01  2.18498E-28  1.43802E+06  2.00000E-03 -4.39319E-01
 -3.86446E+01  2.18499E-28  1.43802E+06  2.00000E-03 -4.39319E-01
 -3.85510E+01  2.18498E-28  1.43802E+06  2.00000E-03 -4.39319E-01
 -3.84574E+01  2.18502E-28  1.43804E+06  2.00000E-03 -4.40635E-01
 -3.83638E+01  2.18663E-28  1.43874E+06  2.00000E-03 -5.08816E-01
 -3.82702E+01  2.18955E-28  1.44002E+06  2.00000E-03 -6.68453E-01
 -3.81767E+01  2.19168E-28  1.44096E+06  2.00000E-03 -8.07091E-01
 -3.80831E+01  2.19275E-28  1.44143E+06  2.00000E-03 -8.76303E-01
 -3.79895E+01  2.19275E-28  1.44143E+06  2.00000E-03 -8.76303E-01
 -3.78959E+01  2.19275E-28  1.44143E+06  2.00000E-03 -8.76303E-01
 -3.78023E+01  2.19275E-28  1.44143E+06  2.00000E-03 -8.76303E-01
 -3.77088E+01  2.19275E-28  1.44143E+06  2.00000E-03 -8.76303E-01
 -3.76152E+01  2.19275E-28  1.44143E+06  2.00000E-03 -8.76303E-01
 -3.75216E+01  2.19255E-28  1.44134E+06  2.00000E-03 -8.56774E-01
 -3.74280E+01  2.18878E-28  1.43968E+06  2.00000E-03 -4.84319E-01
 -3.73344E+01  2.18847E-28  1.43955E+06  2.00000E-03 -4.54220E-01
 -3.72409E+01  2.18847E-28  1.43955E+06  2.00000E-03 -4.54220E-01
 -3.71473E+01  2.18847E-28  1.43955E+06  2.00000E-03 -4.54220E-01
 -3.70537E+01  2.18847E-28  1.43955E+06  2.00000E-03 -4.54220E-01
 -3.69601E+01  2.18785E-28  1.43928E+06  2.00000E-03 -4.15133E-01
 -3.68665E+01  2.18660E-28  1.43874E+06  2.00000E-03 -3.36274E-01
 -3.67730E+01  2.18551E-28  1.43826E+06  2.00000E-03 -2.67658E-01
 -3.66794E+01  2.18473E-28  1.43792E+06  2.00000E-03 -2.18126E-01
 -3.65858E+01  2.18221E-28  1.43682E+06  2.00000E-03 -1.36820E-03
 -3.64922E+01  2.17863E-28  1.43524E+06  2.00000E-03  3.08282E-01
 -3.63986E+01  2.17849E-28  1.43518E+06  2.00000E-03  3.20120E-01
 -3.63051E+01  2.17849E-28  1.43518E+06  2.00000E-03  3.20120E-01
 -3.62115E+01  2.17849E-28  1.43518E+06  2.00000E-03  3.20120E-01
 -3.61179E+01  2.17849E-28  1.43518E+06  2.00000E-03  3.20120E-01
 -3.60243E+01  2.17849E-28  1.43518E+06  2.00000E-03  3.20120E-01
 -3.59307E+01  2.17849E-28  1.43518E+06  2.00000E-03  3.20120E-01
 -3.58372E+01  2.17849E-28  1.43518E+06  2.00000E-03  3.20120E-01
 -3.57436E+01  2.17802E-28  1.43497E+06  2.00000E-03  3.61534E-01
 -3.56500E+01  2.17470E-28  1.43351E+06  2.00000E-03  6.56767E-01
 -3.55564E+01  2.17297E-28  1.43275E+06  2.00000E-03  7.73230E-01
 -3.54628E+01  2.17029E-28  1.43159E+06  2.00000E-03  9.16163E-01
 -3.53693E+01  2.16813E-28  1.43064E+06  2.00000E-03  1.03160E+00
 -3.52757E+01  2.16809E-28  1.43062E+06  2.00000E-03  1.03416E+00
 -3.51821E+01  2.16808E-28  1.43062E+06  2.00000E-03  1.03416E+00
 -3.50885E+01  2.16808E-28  1.43062E+06  2.00000E-03  1.03416E+00
 -3.49949E+01  2.16809E-28  1.43062E+06  2.00000E-03  1.03416E+00
 -3.49014E+01  2.16808E-28  1.43062E+06  2.00000E-03  1.03416E+00
 -3.48078E+01  2.16719E-28  1.43023E+06  2.00000E-03  1.15009E+00
 -3.47142E+01  2.16592E-28  1.42967E+06  2.00000E-03  1.31523E+00
 -3.46206E+01  2.16592E-28  1.42967E+06  2.00000E-03  1.31523E+00
 -3.45270E+01  2.16592E-28  1.42967E+06  2.00000E-03  1.31523E+00
 -3.44335E+01  2.16592E-28  1.42967E+06  2.00000E-03  1.31523E+00
 -3.43399E+01  2.16592E-28  1.42967E+06  2.00000E-03  1.31523E+00
 -3.42463E+01  2.16592E-28  1.42967E+06  2.00000E-03  1.31523E+00
 -3.41527E+01  2.16516E-28  1.42932E+06  2.00000E-03  1.37259E+00
 -3.40591E+01  2.16452E-28  1.42903E+06  2.00000E-03  1.42102E+00
 -3.39656E+01  2.16411E-28  1.42883E+06  2.00000E-03  1.45239E+00
 -3.38720E+01  2.16455E-28  1.42903E+06  2.00000E-03  1.49270E+00
 -3.37784E+01  2.16471E-28  1.42910E+06  2.00000E-03  1.50822E+00
 -3.36848E+01  2.16471E-28  1.42910E+06  2.00000E-03  1.50822E+00
 -3.35912E+01  2.16471E-28  1.42910E+06  2.00000E-03  1.50822E+00
 -3.34977E+01  2.16480E-28  1.42914E+06  2.00000E-03  1.49757E+00
 -3.34041E+01  2.16564E-28  1.42951E+06  2.00000E-03  1.45539E+00
 -3.33105E+01  2.16589E-28  1.42962E+06  2.00000E-03  1.44281E+00
 -3.32169E+01  2.16589E-28  1.42962E+06  2.00000E-03  1.44281E+00
 -3.31233E+01  2.16589E-28  1.42962E+06  2.00000E-03  1.44281E+00
 -3.30298E+01  2.16626E-28  1.42978E+06  2.00000E-03  1.41861E+00
 -3.29362E+01  2.16729E-28  1.43023E+06  2.00000E-03  1.35180E+00
 -3.28426E+01  2.16718E-28  1.43018E+06  2.00000E-03  1.35795E+00
 -3.27490E+01  2.16676E-28  1.43000E+06  2.00000E-03  1.38282E+00
 -3.26554E+01  2.16647E-28  1.42987E+06  2.00000E-03  1.39982E+00
 -3.25619E+01  2.16714E-28  1.43017E+06  2.00000E-03  1.35339E+00
 -3.24683E+01  2.16760E-28  1.43037E+06  2.00000E-03  1.32134E+00
 -3.23747E+01  2.16760E-28  1.43037E+06  2.00000E-03  1.32134E+00
 -3.22811E+01  2.16760E-28  1.43037E+06  2.00000E-03  1.32134E+00
 -3.21875E+01  2.16759E-28  1.43037E+06  2.00000E-03  1.32373E+00
 -3.20940E+01  2.16817E-28  1.43062E+06  2.00000E-03  1.28607E+00
 -3.20004E+01  2.16925E-28  1.43110E+06  2.00000E-03  1.23770E+00
 -3.19068E+01  2.16929E-28  1.43112E+06  2.00000E-03  1.23757E+00
 -3.18132E+01  2.16929E-28  1.43112E+06  2.00000E-03  1.23756E+00
 -3.17196E+01  2.16929E-28  1.43112E+06  2.00000E-03  1.23756E+00
 -3.16261E+01  2.17046E-28  1.43164E+06  2.00000E-03  1.15309E+00
 -3.15325E+01  2.17072E-28  1.43176E+06  2.00000E-03  1.13401E+00
 -3.14389E+01  2.17217E-28  1.43239E+06  2.00000E-03  1.07274E+00
 -3.13453E+01  2.17396E-28  1.43318E+06  2.00000E-03  9.96815E-01
 -3.12517E+01  2.17513E-28  1.43369E+06  2.00000E-03  9.39151E-01
 -3.11582E+01  2.17667E-28  1.43437E+06  2.00000E-03  8.32491E-01
 -3.10646E+01  2.17698E-28  1.43451E+06  2.00000E-03  8.10997E-01
 -3.09710E+01  2.17698E-28  1.43451E+06  2.00000E-03  8.10997E-01
 -3.08774E+01  2.17698E-28  1.43451E+06  2.00000E-03  8.10997E-01
 -3.07838E+01  2.17742E-28  1.43470E+06  2.00000E-03  7.68684E-01
 -3.06903E+01  2.18071E-28  1.43615E+06  2.00000E-03  5.77659E-01
 -3.05967E+01  2.18201E-28  1.43672E+06  2.00000E-03  5.17504E-01
 -3.05031E+01  2.18201E-28  1.43672E+06  2.00000E-03  5.17504E-01
 -3.04095E+01  2.18201E-28  1.43672E+06  2.00000E-03  5.17504E-01
 -3.03159E+01  2.18232E-28  1.43685E+06  2.00000E-03  4.74697E-01
 -3.02224E+01  2.18283E-28  1.43707E+06  2.00000E-03  4.04472E-01
 -3.01288E+01  2.18283E-28  1.43707E+06  2.00000E-03  4.04472E-01
 -3.00352E+01  2.18403E-28  1.43760E+06  2.00000E-03  3.39259E-01
 -2.99416E+01  2.18532E-28  1.43817E+06  2.00000E-03  2.65736E-01
 -2.98480E+01  2.18673E-28  1.43879E+06  2.00000E-03  1.17471E-01
 -2.97545E+01  2.18753E-28  1.43914E+06  2.00000E-03  3.40249E-02
 -2.96609E+01  2.18753E-28  1.43914E+06  2.00000E-03  3.40249E-02
 -2.95673E+01  2.18753E-28  1.43914E+06  2.00000E-03  3.40249E-02
 -2.94737E+01  2.18769E-28  1.43921E+06  2.00000E-03  1.93657E-02
 -2.93801E+01  2.19210E-28  1.44114E+06  2.00000E-03 -4.01825E-01
 -2.92866E+01  2.19309E-28  1.44158E+06  2.00000E-03 -5.01511E-01
 -2.91930E+01  2.19349E-28  1.44175E+06  2.00000E-03 -5.41586E-01
 -2.90994E+01  2.19349E-28  1.44175E+06  2.00000E-03 -5.41586E-01
 -2.90058E+01  2.19447E-28  1.44218E+06  2.00000E-03 -6.36419E-01
 -2.89122E+01  2.19805E-28  1.44375E+06  2.00000E-03 -9.78928E-01
 -2.88187E+01  2.19831E-28  1.44386E+06  2.00000E-03 -1.00421E+00
 -2.87251E+01  2.19820E-28  1.44381E+06  2.00000E-03 -1.00734E+00
 -2.86315E+01  2.19773E-28  1.44361E+06  2.00000E-03 -1.01991E+00
 -2.85379E+01  2.19774E-28  1.44362E+06  2.00000E-03 -1.09856E+00
 -2.84443E+01  2.19885E-28  1.44411E+06  2.00000E-03 -1.25832E+00
 -2.83508E+01  2.19891E-28  1.44413E+06  2.00000E-03 -1.26603E+00
 -2.82572E+01  2.19891E-28  1.44413E+06  2.00000E-03 -1.26603E+00
 -2.81636E+01  2.19891E-28  1.44413E+06  2.00000E-03 -1.26603E+00
 -2.80700E+01  2.19859E-28  1.44399E+06  2.00000E-03 -1.28824E+00
 -2.79764E+01  2.19669E-28  1.44316E+06  2.00000E-03 -1.20993E+00
 -2.78829E+01  2.19485E-28  1.44236E+06  2.00000E-03 -1.11967E+00
 -2.77893E+01  2.19454E-28  1.44223E+06  2.00000E-03 -1.10487E+00
 -2.76957E+01  2.19514E-28  1.44249E+06  2.00000E-03 -1.13239E+00
 -2.76021E+01  2.19172E-28  1.44100E+06  2.00000E-03 -8.98669E-01
 -2.75086E+01  2.19041E-28  1.44042E+06  2.00000E-03 -8.09883E-01
 -2.74150E+01  2.19044E-28  1.44043E+06  2.00000E-03 -8.11671E-01
 -2.73214E+01  2.18882E-28  1.43973E+06  2.00000E-03 -7.19315E-01
 -2.72278E+01  2.18561E-28  1.43832E+06  2.00000E-03 -5.16112E-01
 -2.71342E+01  2.17795E-28  1.43496E+06  2.00000E-03  5.56440E-02
 -2.70407E+01  2.17746E-28  1.43475E+06  2.00000E-03  8.73616E-02
 -2.69471E+01  2.17658E-28  1.43436E+06  2.00000E-03  1.44074E-01
 -2.68535E+01  2.17822E-28  1.43508E+06  2.00000E-03  3.79149E-02
 -2.67599E+01  2.17517E-28  1.43375E+06  2.00000E-03  2.73800E-01
 -2.66663E+01  2.16739E-28  1.43034E+06  2.00000E-03  8.53915E-01
 -2.65728E+01  2.16522E-28  1.42939E+06  2.00000E-03  9.71943E-01
 -2.64792E+01  2.16273E-28  1.42830E+06  2.00000E-03  1.11091E+00
 -2.63856E+01  2.16198E-28  1.42797E+06  2.00000E-03  1.15573E+00
 -2.62920E+01  2.15893E-28  1.42663E+06  2.00000E-03  1.43156E+00
 -2.61984E+01  2.15702E-28  1.42579E+06  2.00000E-03  1.62982E+00
 -2.61049E+01  2.15670E-28  1.42565E+06  2.00000E-03  1.64688E+00
 -2.60113E+01  2.15600E-28  1.42535E+06  2.00000E-03  1.68136E+00
 -2.59177E+01  2.15439E-28  1.42467E+06  2.00000E-03  1.76403E+00
 -2.58241E+01  2.15248E-28  1.42385E+06  2.00000E-03  1.95074E+00
 -2.57305E+01  2.15260E-28  1.42390E+06  2.00000E-03  1.97849E+00
 -2.56370E+01  2.15264E-28  1.42392E+06  2.00000E-03  1.96607E+00
 -2.55434E+01  2.15261E-28  1.42390E+06  2.00000E-03  1.97638E+00
 -2.54498E+01  2.15317E-28  1.42415E+06  2.00000E-03  1.95361E+00
 -2.53562E+01  2.15503E-28  1.42495E+06  2.00000E-03  1.87216E+00
 -2.52626E+01  2.15543E-28  1.42509E+06  2.00000E-03  1.84020E+00
 -2.51691E+01  2.15604E-28  1.42531E+06  2.00000E-03  1.76614E+00
 -2.50755E+01  2.15703E-28  1.42574E+06  2.00000E-03  1.70820E+00
 -2.49819E+01  2.15732E-28  1.42586E+06  2.00000E-03  1.69660E+00
 -2.48883E+01  2.15792E-28  1.42612E+06  2.00000E-03  1.67405E+00
 -2.47947E+01  2.15784E-28  1.42607E+06  2.00000E-03  1.68009E+00
 -2.47012E+01  2.15787E-28  1.42609E+06  2.00000E-03  1.68315E+00
 -2.46076E+01  2.15797E-28  1.42613E+06  2.00000E-03  1.68074E+00
 -2.45140E+01  2.15760E-28  1.42597E+06  2.00000E-03  1.69400E+00
 -2.44204E+01  2.15774E-28  1.42603E+06  2.00000E-03  1.69314E+00
 -2.43268E+01  2.15752E-28  1.42593E+06  2.00000E-03  1.69973E+00
 -2.42333E+01  2.15750E-28  1.42593E+06  2.00000E-03  1.68273E+00
 -2.41397E+01  2.15785E-28  1.42608E+06  2.00000E-03  1.66142E+00
 -2.40461E+01  2.15824E-28  1.42625E+06  2.00000E-03  1.63015E+00
 -2.39525E+01  2.15830E-28  1.42628E+06  2.00000E-03  1.60723E+00
 -2.38589E+01  2.15926E-28  1.42670E+06  2.00000E-03  1.54320E+00
 -2.37654E+01  2.16028E-28  1.42715E+06  2.00000E-03  1.47266E+00
 -2.36718E+01  2.16043E-28  1.42722E+06  2.00000E-03  1.46236E+00
 -2.35782E+01  2.16129E-28  1.42760E+06  2.00000E-03  1.41011E+00
 -2.34846E+01  2.16197E-28  1.42790E+06  2.00000E-03  1.37616E+00
 -2.33910E+01  2.16248E-28  1.42812E+06  2.00000E-03  1.35155E+00
 -2.32975E+01  2.16272E-28  1.42822E+06  2.00000E-03  1.35259E+00
 -2.32039E+01  2.16284E-28  1.42828E+06  2.00000E-03  1.36077E+00
 -2.31103E+01  2.16250E-28  1.42813E+06  2.00000E-03  1.40999E+00
 -2.30167E+01  2.16241E-28  1.42809E+06  2.00000E-03  1.41923E+00
 -2.29231E+01  2.16149E-28  1.42768E+06  2.00000E-03  1.50662E+00
 -2.28296E+01  2.16043E-28  1.42722E+06  2.00000E-03  1.59385E+00
 -2.27360E+01  2.15934E-28  1.42674E+06  2.00000E-03  1.67462E+00
 -2.26424E+01  2.15703E-28  1.42572E+06  2.00000E-03  1.85808E+00
 -2.25488E+01  2.15596E-28  1.42525E+06  2.00000E-03  1.93704E+00
 -2.24552E+01  2.15144E-28  1.42325E+06  2.00000E-03  2.26747E+00
 -2.23617E+01  2.14995E-28  1.42260E+06  2.00000E-03  2.36944E+00
 -2.22681E+01  2.14797E-28  1.42173E+06  2.00000E-03  2.51457E+00
 -2.21745E+01  2.14313E-28  1.41959E+06  2.00000E-03  2.85113E+00
 -2.20809E+01  2.14143E-28  1.41884E+06  2.00000E-03  2.96187E+00
 -2.19873E+01  2.13776E-28  1.41722E+06  2.00000E-03  3.21919E+00
 -2.18938E+01  2.13677E-28  1.41678E+06  2.00000E-03  3.28246E+00
 -2.18002E+01  2.13475E-28  1.41589E+06  2.00000E-03  3.39743E+00
 -2.17066E+01  2.13358E-28  1.41537E+06  2.00000E-03  3.45872E+00
 -2.16130E+01  2.13365E-28  1.41540E+06  2.00000E-03  3.44950E+00
 -2.15194E+01  2.13473E-28  1.41588E+06  2.00000E-03  3.34171E+00
 -2.14259E+01  2.13546E-28  1.41621E+06  2.00000E-03  3.27826E+00
 -2.13323E+01  2.14051E-28  1.41844E+06  2.00000E-03  2.85655E+00
 -2.12387E+01  2.14132E-28  1.41879E+06  2.00000E-03  2.79189E+00
 -2.11451E+01  2.14738E-28  1.42147E+06  2.00000E-03  2.32069E+00
 -2.10515E+01  2.15426E-28  1.42450E+06  2.00000E-03  1.79684E+00
 -2.09580E+01  2.15540E-28  1.42501E+06  2.00000E-03  1.71183E+00
 -2.08644E+01  2.16564E-28  1.42952E+06  2.00000E-03  9.71249E-01
 -2.07708E+01  2.16803E-28  1.43057E+06  2.00000E-03  8.08500E-01
 -2.06772E+01  2.17481E-28  1.43355E+06  2.00000E-03  3.55974E-01
 -2.05836E+01  2.17603E-28  1.43409E+06  2.00000E-03  2.74093E-01
 -2.04901E+01  2.17858E-28  1.43521E+06  2.00000E-03  1.41933E-01
 -2.03965E+01  2.18054E-28  1.43606E+06  2.00000E-03  6.56141E-02
 -2.03029E+01  2.18114E-28  1.43633E+06  2.00000E-03  4.94653E-02
 -2.02093E+01  2.18137E-28  1.43643E+06  2.00000E-03  8.55092E-02
 -2.01157E+01  2.18171E-28  1.43658E+06  2.00000E-03  8.91326E-02
 -2.00222E+01  2.18266E-28  1.43699E+06  2.00000E-03  9.30895E-02
 -1.99286E+01  2.18298E-28  1.43713E+06  2.00000E-03  1.04552E-01
 -1.98350E+01  2.18376E-28  1.43748E+06  2.00000E-03  6.92044E-02
 -1.97414E+01  2.18604E-28  1.43848E+06  2.00000E-03 -4.59580E-02
 -1.96478E+01  2.18717E-28  1.43897E+06  2.00000E-03 -1.13237E-01
 -1.95543E+01  2.18994E-28  1.44019E+06  2.00000E-03 -2.85254E-01
 -1.94607E+01  2.19173E-28  1.44097E+06  2.00000E-03 -4.03893E-01
 -1.93671E+01  2.19340E-28  1.44171E+06  2.00000E-03 -5.20079E-01
 -1.92735E+01  2.19610E-28  1.44289E+06  2.00000E-03 -6.92362E-01
 -1.91799E+01  2.19617E-28  1.44292E+06  2.00000E-03 -7.00650E-01
 -1.90864E+01  2.19723E-28  1.44338E+06  2.00000E-03 -7.71264E-01
 -1.89928E+01  2.19731E-28  1.44342E+06  2.00000E-03 -7.77292E-01
 -1.88992E+01  2.19732E-28  1.44342E+06  2.00000E-03 -7.55029E-01
 -1.88056E+01  2.19654E-28  1.44308E+06  2.00000E-03 -6.98917E-01
 -1.87120E+01  2.19517E-28  1.44248E+06  2.00000E-03 -6.13231E-01
 -1.86185E+01  2.19143E-28  1.44084E+06  2.00000E-03 -3.33119E-01
 -1.85249E+01  2.19206E-28  1.44112E+06  2.00000E-03 -3.67326E-01
 -1.84313E+01  2.18558E-28  1.43828E+06  2.00000E-03  7.93595E-02
 -1.83377E+01  2.18228E-28  1.43683E+06  2.00000E-03  3.26131E-01
 -1.82441E+01  2.17811E-28  1.43500E+06  2.00000E-03  6.30104E-01
 -1.81506E+01  2.17389E-28  1.43314E+06  2.00000E-03  9.38172E-01
 -1.80570E+01  2.17216E-28  1.43238E+06  2.00000E-03  1.06331E+00
 -1.79634E+01  2.16775E-28  1.43044E+06  2.00000E-03  1.39225E+00
 -1.78698E+01  2.16689E-28  1.43006E+06  2.00000E-03  1.46315E+00
 -1.77762E+01  2.16528E-28  1.42936E+06  2.00000E-03  1.55286E+00
 -1.76827E+01  2.16406E-28  1.42882E+06  2.00000E-03  1.65242E+00
 -1.75891E+01  2.16379E-28  1.42870E+06  2.00000E-03  1.68503E+00
 -1.74955E+01  2.16365E-28  1.42864E+06  2.00000E-03  1.66860E+00
 -1.74019E+01  2.16357E-28  1.42861E+06  2.00000E-03  1.66949E+00
 -1.73083E+01  2.16412E-28  1.42885E+06  2.00000E-03  1.61203E+00
 -1.72148E+01  2.16428E-28  1.42892E+06  2.00000E-03  1.59067E+00
 -1.71212E+01  2.16452E-28  1.42903E+06  2.00000E-03  1.53256E+00
 -1.70276E+01  2.16464E-28  1.42908E+06  2.00000E-03  1.50362E+00
 -1.69340E+01  2.16429E-28  1.42893E+06  2.00000E-03  1.51518E+00
 -1.68404E+01  2.16374E-28  1.42869E+06  2.00000E-03  1.47638E+00
 -1.67469E+01  2.16328E-28  1.42849E+06  2.00000E-03  1.49433E+00
 -1.66533E+01  2.16105E-28  1.42750E+06  2.00000E-03  1.60073E+00
 -1.65597E+01  2.15960E-28  1.42686E+06  2.00000E-03  1.66674E+00
 -1.64661E+01  2.15905E-28  1.42662E+06  2.00000E-03  1.66494E+00
 -1.63725E+01  2.15617E-28  1.42535E+06  2.00000E-03  1.78478E+00
 -1.62790E+01  2.15591E-28  1.42524E+06  2.00000E-03  1.80841E+00
 -1.61854E+01  2.15436E-28  1.42455E+06  2.00000E-03  1.83975E+00
 -1.60918E+01  2.15388E-28  1.42434E+06  2.00000E-03  1.84291E+00
 -1.59982E+01  2.15394E-28  1.42437E+06  2.00000E-03  1.79255E+00
 -1.59046E+01  2.15446E-28  1.42460E+06  2.00000E-03  1.71830E+00
 -1.58111E+01  2.15496E-28  1.42482E+06  2.00000E-03  1.69266E+00
 -1.57175E+01  2.15753E-28  1.42595E+06  2.00000E-03  1.46690E+00
 -1.56239E+01  2.15882E-28  1.42652E+06  2.00000E-03  1.40335E+00
 -1.55303E+01  2.16210E-28  1.42797E+06  2.00000E-03  1.15321E+00
 -1.54367E+01  2.16375E-28  1.42869E+06  2.00000E-03  1.03285E+00
 -1.53432E+01  2.16679E-28  1.43003E+06  2.00000E-03  8.53092E-01
 -1.52496E+01  2.16985E-28  1.43138E+06  2.00000E-03  6.09106E-01
 -1.51560E+01  2.17064E-28  1.43172E+06  2.00000E-03  5.75348E-01
 -1.50624E+01  2.17270E-28  1.43263E+06  2.00000E-03  3.90640E-01
 -1.49689E+01  2.17300E-28  1.43276E+06  2.00000E-03  3.63220E-01
 -1.48753E+01  2.17516E-28  1.43371E+06  2.00000E-03  2.28194E-01
 -1.47817E+01  2.17553E-28  1.43387E+06  2.00000E-03  1.73553E-01
 -1.46881E+01  2.17589E-28  1.43403E+06  2.00000E-03  1.43575E-01
 -1.45945E+01  2.17733E-28  1.43467E+06  2.00000E-03  1.60554E-02
 -1.45010E+01  2.17783E-28  1.43488E+06  2.00000E-03 -2.42703E-02
 -1.44074E+01  2.17989E-28  1.43579E+06  2.00000E-03 -1.97648E-01
 -1.43138E+01  2.18035E-28  1.43599E+06  2.00000E-03 -2.46623E-01
 -1.42202E+01  2.18073E-28  1.43616E+06  2.00000E-03 -2.97081E-01
 -1.41266E+01  2.18348E-28  1.43737E+06  2.00000E-03 -4.82725E-01
 -1.40331E+01  2.18303E-28  1.43717E+06  2.00000E-03 -4.84758E-01
 -1.39395E+01  2.18506E-28  1.43806E+06  2.00000E-03 -6.16472E-01
 -1.38459E+01  2.18548E-28  1.43824E+06  2.00000E-03 -6.69721E-01
 -1.37523E+01  2.18632E-28  1.43861E+06  2.00000E-03 -6.97571E-01
 -1.36587E+01  2.18672E-28  1.43879E+06  2.00000E-03 -7.38768E-01
 -1.35652E+01  2.18689E-28  1.43886E+06  2.00000E-03 -7.67541E-01
 -1.34716E+01  2.18741E-28  1.43909E+06  2.00000E-03 -7.56504E-01
 -1.33780E+01  2.18746E-28  1.43911E+06  2.00000E-03 -7.64056E-01
 -1.32844E+01  2.18785E-28  1.43929E+06  2.00000E-03 -7.55929E-01
 -1.31908E+01  2.18814E-28  1.43941E+06  2.00000E-03 -7.63319E-01
 -1.30973E+01  2.18804E-28  1.43937E+06  2.00000E-03 -7.14078E-01
 -1.30037E+01  2.18793E-28  1.43932E+06  2.00000E-03 -6.67452E-01
 -1.29101E+01  2.18785E-28  1.43929E+06  2.00000E-03 -6.75739E-01
 -1.28165E+01  2.18661E-28  1.43875E+06  2.00000E-03 -5.26365E-01
 -1.27229E+01  2.18649E-28  1.43869E+06  2.00000E-03 -5.13987E-01
 -1.26294E+01  2.18443E-28  1.43779E+06  2.00000E-03 -3.48496E-01
 -1.25358E+01  2.18253E-28  1.43696E+06  2.00000E-03 -2.03140E-01
 -1.24422E+01  2.18087E-28  1.43623E+06  2.00000E-03 -8.87497E-02
 -1.23486E+01  2.17772E-28  1.43485E+06  2.00000E-03  1.31727E-01
 -1.22550E+01  2.17687E-28  1.43448E+06  2.00000E-03  1.86671E-01
 -1.21615E+01  2.17235E-28  1.43250E+06  2.00000E-03  4.90792E-01
 -1.20679E+01  2.17132E-28  1.43205E+06  2.00000E-03  5.61078E-01
 -1.19743E+01  2.16881E-28  1.43095E+06  2.00000E-03  7.16332E-01
 -1.18807E+01  2.16676E-28  1.43004E+06  2.00000E-03  8.56213E-01
 -1.17871E+01  2.16615E-28  1.42978E+06  2.00000E-03  8.96604E-01
 -1.16936E+01  2.16465E-28  1.42911E+06  2.00000E-03  9.84957E-01
 -1.16000E+01  2.16436E-28  1.42898E+06  2.00000E-03  1.00911E+00
 -1.15064E+01  2.16398E-28  1.42882E+06  2.00000E-03  1.03281E+00
 -1.14128E+01  2.16349E-28  1.42860E+06  2.00000E-03  1.05052E+00
 -1.13192E+01  2.16337E-28  1.42854E+06  2.00000E-03  1.04791E+00
 -1.12257E+01  2.16344E-28  1.42857E+06  2.00000E-03  1.03651E+00
 -1.11321E+01  2.16368E-28  1.42868E+06  2.00000E-03  1.03095E+00
 -1.10385E+01  2.16373E-28  1.42870E+06  2.00000E-03  1.02075E+00
 -1.09449E+01  2.16380E-28  1.42873E+06  2.00000E-03  1.01629E+00
 -1.08513E+01  2.16405E-28  1.42884E+06  2.00000E-03  1.01343E+00
 -1.07578E+01  2.16432E-28  1.42897E+06  2.00000E-03  1.00272E+00
 -1.06642E+01  2.16437E-28  1.42899E+06  2.00000E-03  1.00481E+00
 -1.05706E+01  2.16493E-28  1.42924E+06  2.00000E-03  1.00000E+00
 -1.04770E+01  2.16520E-28  1.42936E+06  2.00000E-03  9.80160E-01
 -1.03834E+01  2.16574E-28  1.42960E+06  2.00000E-03  9.78246E-01
 -1.02899E+01  2.16593E-28  1.42968E+06  2.00000E-03  9.78311E-01
 -1.01963E+01  2.16638E-28  1.42988E+06  2.00000E-03  9.54175E-01
 -1.01027E+01  2.16679E-28  1.43007E+06  2.00000E-03  9.55729E-01
 -1.00091E+01  2.16683E-28  1.43008E+06  2.00000E-03  9.51265E-01
 -9.91554E+00  2.16685E-28  1.43010E+06  2.00000E-03  9.92434E-01
 -9.82196E+00  2.16688E-28  1.43011E+06  2.00000E-03  9.70553E-01
 -9.72838E+00  2.16658E-28  1.42998E+06  2.00000E-03  9.98212E-01
 -9.63480E+00  2.16615E-28  1.42979E+06  2.00000E-03  1.05949E+00
 -9.54122E+00  2.16570E-28  1.42959E+06  2.00000E-03  1.08235E+00
 -9.44764E+00  2.16417E-28  1.42891E+06  2.00000E-03  1.19670E+00
 -9.35406E+00  2.16396E-28  1.42882E+06  2.00000E-03  1.20528E+00
 -9.26048E+00  2.16247E-28  1.42816E+06  2.00000E-03  1.32946E+00
 -9.16690E+00  2.16170E-28  1.42782E+06  2.00000E-03  1.37006E+00
 -9.07332E+00  2.16123E-28  1.42762E+06  2.00000E-03  1.38859E+00
 -8.97974E+00  2.16055E-28  1.42731E+06  2.00000E-03  1.47006E+00
 -8.88616E+00  2.16059E-28  1.42733E+06  2.00000E-03  1.45257E+00
 -8.79258E+00  2.16074E-28  1.42741E+06  2.00000E-03  1.41572E+00
 -8.69900E+00  2.16088E-28  1.42747E+06  2.00000E-03  1.39331E+00
 -8.60542E+00  2.16372E-28  1.42872E+06  2.00000E-03  1.22736E+00
 -8.51184E+00  2.16523E-28  1.42938E+06  2.00000E-03  1.12739E+00
 -8.41826E+00  2.16632E-28  1.42988E+06  2.00000E-03  1.01386E+00
 -8.32468E+00  2.17142E-28  1.43212E+06  2.00000E-03  6.82878E-01
 -8.23110E+00  2.17188E-28  1.43232E+06  2.00000E-03  6.49372E-01
 -8.13752E+00  2.17666E-28  1.43443E+06  2.00000E-03  3.00301E-01
 -8.04394E+00  2.17723E-28  1.43468E+06  2.00000E-03  2.32813E-01
 -7.95036E+00  2.17973E-28  1.43578E+06  2.00000E-03  8.06778E-02
 -7.85678E+00  2.18257E-28  1.43703E+06  2.00000E-03 -1.08719E-01
 -7.76320E+00  2.18194E-28  1.43676E+06  2.00000E-03 -9.52677E-02
 -7.66962E+00  2.18335E-28  1.43737E+06  2.00000E-03 -1.99812E-01
 -7.57604E+00  2.18342E-28  1.43740E+06  2.00000E-03 -1.98461E-01
 -7.48246E+00  2.18276E-28  1.43711E+06  2.00000E-03 -1.49119E-01
 -7.38888E+00  2.18191E-28  1.43674E+06  2.00000E-03 -1.04482E-01
 -7.29530E+00  2.18132E-28  1.43647E+06  2.00000E-03 -5.92478E-02
 -7.20172E+00  2.17957E-28  1.43570E+06  2.00000E-03  4.73249E-02
 -7.10814E+00  2.17933E-28  1.43559E+06  2.00000E-03  5.43335E-02
 -7.01456E+00  2.17751E-28  1.43478E+06  2.00000E-03  1.57249E-01
 -6.92098E+00  2.17723E-28  1.43466E+06  2.00000E-03  1.72211E-01
 -6.82740E+00  2.17664E-28  1.43441E+06  2.00000E-03  1.72157E-01
 -6.73382E+00  2.17628E-28  1.43424E+06  2.00000E-03  1.80990E-01
 -6.64024E+00  2.17628E-28  1.43423E+06  2.00000E-03  1.56464E-01
 -6.54666E+00  2.17622E-28  1.43421E+06  2.00000E-03  9.43268E-02
 -6.45308E+00  2.17629E-28  1.43424E+06  2.00000E-03  6.82983E-02
 -6.35950E+00  2.17686E-28  1.43448E+06  2.00000E-03 -3.74808E-02
 -6.26592E+00  2.17700E-28  1.43454E+06  2.00000E-03 -8.65406E-02
 -6.17234E+00  2.17697E-28  1.43453E+06  2.00000E-03 -1.46727E-01
 -6.07876E+00  2.17770E-28  1.43485E+06  2.00000E-03 -2.62702E-01
 -5.98518E+00  2.17790E-28  1.43494E+06  2.00000E-03 -2.98541E-01
 -5.89160E+00  2.17736E-28  1.43471E+06  2.00000E-03 -3.58556E-01
 -5.79802E+00  2.17770E-28  1.43485E+06  2.00000E-03 -4.10336E-01
 -5.70444E+00  2.17827E-28  1.43510E+06  2.00000E-03 -4.57561E-01
 -5.61086E+00  2.17660E-28  1.43437E+06  2.00000E-03 -4.49662E-01
 -5.51728E+00  2.17665E-28  1.43439E+06  2.00000E-03 -4.24551E-01
 -5.42370E+00  2.17529E-28  1.43379E+06  2.00000E-03 -3.59827E-01
 -5.33012E+00  2.17575E-28  1.43400E+06  2.00000E-03 -3.96435E-01
 -5.23655E+00  2.17282E-28  1.43272E+06  2.00000E-03 -2.46574E-01
 -5.14297E+00  2.17216E-28  1.43242E+06  2.00000E-03 -1.64279E-01
 -5.04939E+00  2.17013E-28  1.43154E+06  2.00000E-03 -6.12482E-02
 -4.95581E+00  2.16828E-28  1.43073E+06  2.00000E-03  8.22614E-02
 -4.86223E+00  2.16827E-28  1.43072E+06  2.00000E-03  9.75341E-02
 -4.76865E+00  2.16416E-28  1.42893E+06  2.00000E-03  3.40169E-01
 -4.67507E+00  2.16398E-28  1.42886E+06  2.00000E-03  3.50802E-01
 -4.58149E+00  2.16224E-28  1.42809E+06  2.00000E-03  4.86191E-01
 -4.48791E+00  2.16009E-28  1.42715E+06  2.00000E-03  6.45567E-01
 -4.39433E+00  2.15920E-28  1.42676E+06  2.00000E-03  7.07270E-01
 -4.30075E+00  2.15727E-28  1.42591E+06  2.00000E-03  8.38903E-01
 -4.20717E+00  2.15723E-28  1.42589E+06  2.00000E-03  8.40462E-01
 -4.11359E+00  2.15615E-28  1.42542E+06  2.00000E-03  9.30132E-01
 -4.02001E+00  2.15596E-28  1.42534E+06  2.00000E-03  9.37277E-01
 -3.92643E+00  2.15625E-28  1.42547E+06  2.00000E-03  9.10997E-01
 -3.83285E+00  2.15643E-28  1.42554E+06  2.00000E-03  9.07167E-01
 -3.73927E+00  2.15694E-28  1.42577E+06  2.00000E-03  8.63035E-01
 -3.64569E+00  2.15918E-28  1.42675E+06  2.00000E-03  7.34600E-01
 -3.55211E+00  2.15981E-28  1.42703E+06  2.00000E-03  6.96304E-01
 -3.45853E+00  2.16385E-28  1.42881E+06  2.00000E-03  4.84076E-01
 -3.36495E+00  2.16673E-28  1.43008E+06  2.00000E-03  3.13569E-01
 -3.27137E+00  2.16896E-28  1.43106E+06  2.00000E-03  1.83063E-01
 -3.17779E+00  2.17477E-28  1.43361E+06  2.00000E-03 -1.22568E-01
 -3.08421E+00  2.17633E-28  1.43430E+06  2.00000E-03 -2.10854E-01
 -2.99063E+00  2.18174E-28  1.43668E+06  2.00000E-03 -4.90866E-01
 -2.89705E+00  2.18363E-28  1.43751E+06  2.00000E-03 -5.96919E-01
 -2.80347E+00  2.18565E-28  1.43839E+06  2.00000E-03 -7.01859E-01
 -2.70989E+00  2.18955E-28  1.44010E+06  2.00000E-03 -9.15975E-01
 -2.61631E+00  2.18962E-28  1.44014E+06  2.00000E-03 -9.26767E-01
 -2.52273E+00  2.19250E-28  1.44141E+06  2.00000E-03 -1.06967E+00
 -2.42915E+00  2.19234E-28  1.44134E+06  2.00000E-03 -1.06648E+00
 -2.33557E+00  2.19260E-28  1.44145E+06  2.00000E-03 -1.08304E+00
 -2.24199E+00  2.19266E-28  1.44148E+06  2.00000E-03 -1.09624E+00
 -2.14841E+00  2.19250E-28  1.44141E+06  2.00000E-03 -1.08721E+00
 -2.05483E+00  2.19147E-28  1.44096E+06  2.00000E-03 -1.03367E+00
 -1.96125E+00  2.19139E-28  1.44092E+06  2.00000E-03 -1.03511E+00
 -1.86767E+00  2.18780E-28  1.43935E+06  2.00000E-03 -8.76229E-01
 -1.77409E+00  2.18743E-28  1.43918E+06  2.00000E-03 -8.59564E-01
 -1.68051E+00  2.18503E-28  1.43813E+06  2.00000E-03 -7.68502E-01
 -1.58693E+00  2.18188E-28  1.43675E+06  2.00000E-03 -6.48079E-01
 -1.49335E+00  2.18098E-28  1.43635E+06  2.00000E-03 -6.17311E-01
 -1.39977E+00  2.17642E-28  1.43435E+06  2.00000E-03 -4.46139E-01
 -1.30619E+00  2.17618E-28  1.43424E+06  2.00000E-03 -4.46032E-01
 -1.21261E+00  2.17240E-28  1.43259E+06  2.00000E-03 -3.37740E-01
 -1.11903E+00  2.17087E-28  1.43191E+06  2.00000E-03 -2.88351E-01
 -1.02545E+00  2.16944E-28  1.43129E+06  2.00000E-03 -2.54433E-01
 -9.31872E-01  2.16677E-28  1.43011E+06  2.00000E-03 -1.88180E-01
 -8.38292E-01  2.16610E-28  1.42982E+06  2.00000E-03 -1.78371E-01
 -7.44712E-01  2.16332E-28  1.42861E+06  2.00000E-03 -1.10111E-01
 -6.51132E-01  2.16280E-28  1.42838E+06  2.00000E-03 -1.09083E-01
 -5.57552E-01  2.16166E-28  1.42788E+06  2.00000E-03 -9.21397E-02
 -4.63973E-01  2.16051E-28  1.42737E+06  2.00000E-03 -6.34950E-02
 -3.70393E-01  2.16037E-28  1.42731E+06  2.00000E-03 -6.59508E-02
 -2.76813E-01  2.15964E-28  1.42699E+06  2.00000E-03 -5.89650E-02
 -1.83233E-01  2.15928E-28  1.42682E+06  2.00000E-03 -5.63966E-02
 -8.96531E-02  2.16011E-28  1.42718E+06  2.00000E-03 -5.90147E-02
  3.92677E-03  2.16008E-28  1.42717E+06  2.00000E-03 -5.68505E-02
  9.75066E-02  2.15998E-28  1.42716E+06  2.00000E-03 -4.51110E-02
  1.91086E-01  2.16152E-28  1.42784E+06  2.00000E-03 -6.47353E-02
  2.84666E-01  2.16141E-28  1.42780E+06  2.00000E-03 -6.25568E-02
  3.78246E-01  2.16599E-28  1.42980E+06  2.00000E-03 -1.81628E-01
  4.71826E-01  2.16559E-28  1.42964E+06  2.00000E-03 -1.64986E-01
  5.65406E-01  2.17158E-28  1.43227E+06  2.00000E-03 -3.40233E-01
  6.58986E-01  2.17290E-28  1.43287E+06  2.00000E-03 -3.70296E-01
  7.52566E-01  2.17420E-28  1.43345E+06  2.00000E-03 -4.22498E-01
  8.46145E-01  2.18194E-28  1.43683E+06  2.00000E-03 -7.01318E-01
  9.39725E-01  2.18220E-28  1.43694E+06  2.00000E-03 -7.10394E-01
  1.03331E+00  2.18667E-28  1.43893E+06  2.00000E-03 -8.98211E-01
  1.12689E+00  2.18870E-28  1.43981E+06  2.00000E-03 -9.70825E-01
  1.22046E+00  2.19124E-28  1.44091E+06  2.00000E-03 -1.07767E+00
  1.31404E+00  2.19272E-28  1.44156E+06  2.00000E-03 -1.16021E+00
  1.40762E+00  2.19299E-28  1.44167E+06  2.00000E-03 -1.18291E+00
  1.50120E+00  2.19491E-28  1.44250E+06  2.00000E-03 -1.28500E+00
  1.59478E+00  2.19499E-28  1.44254E+06  2.00000E-03 -1.30730E+00
  1.68836E+00  2.19469E-28  1.44240E+06  2.00000E-03 -1.31562E+00
  1.78194E+00  2.19486E-28  1.44246E+06  2.00000E-03 -1.33512E+00
  1.87552E+00  2.19431E-28  1.44222E+06  2.00000E-03 -1.32086E+00
  1.96910E+00  2.19285E-28  1.44158E+06  2.00000E-03 -1.26576E+00
  2.06268E+00  2.19201E-28  1.44122E+06  2.00000E-03 -1.24665E+00
  2.15626E+00  2.18964E-28  1.44017E+06  2.00000E-03 -1.13733E+00
  2.24984E+00  2.18884E-28  1.43981E+06  2.00000E-03 -1.11236E+00
  2.34342E+00  2.18707E-28  1.43904E+06  2.00000E-03 -1.02928E+00
  2.43700E+00  2.18418E-28  1.43777E+06  2.00000E-03 -9.15076E-01
  2.53058E+00  2.18364E-28  1.43753E+06  2.00000E-03 -9.18720E-01
  2.62416E+00  2.18012E-28  1.43598E+06  2.00000E-03 -7.62031E-01
  2.71774E+00  2.17900E-28  1.43549E+06  2.00000E-03 -7.13102E-01
  2.81132E+00  2.17605E-28  1.43419E+06  2.00000E-03 -6.06804E-01
  2.90490E+00  2.17469E-28  1.43361E+06  2.00000E-03 -5.89510E-01
  2.99848E+00  2.17336E-28  1.43301E+06  2.00000E-03 -5.24414E-01
  3.09206E+00  2.16992E-28  1.43150E+06  2.00000E-03 -4.32825E-01
  3.18564E+00  2.16979E-28  1.43145E+06  2.00000E-03 -4.57739E-01
  3.27922E+00  2.16703E-28  1.43023E+06  2.00000E-03 -3.76683E-01
  3.37280E+00  2.16597E-28  1.42976E+06  2.00000E-03 -3.35067E-01
  3.46638E+00  2.16541E-28  1.42953E+06  2.00000E-03 -3.84470E-01
  3.55996E+00  2.16313E-28  1.42851E+06  2.00000E-03 -3.32829E-01
  3.65354E+00  2.16256E-28  1.42825E+06  2.00000E-03 -3.18235E-01
  3.74712E+00  2.16117E-28  1.42765E+06  2.00000E-03 -3.09504E-01
  3.84070E+00  2.16098E-28  1.42756E+06  2.00000E-03 -3.29404E-01
  3.93428E+00  2.15838E-28  1.42640E+06  2.00000E-03 -2.70816E-01
  4.02786E+00  2.15849E-28  1.42646E+06  2.00000E-03 -2.79325E-01
  4.12144E+00  2.15827E-28  1.42637E+06  2.00000E-03 -2.88752E-01
  4.21502E+00  2.15626E-28  1.42548E+06  2.00000E-03 -2.52347E-01
  4.30860E+00  2.15634E-28  1.42552E+06  2.00000E-03 -2.55425E-01
  4.40218E+00  2.15472E-28  1.42481E+06  2.00000E-03 -2.05743E-01
  4.49576E+00  2.15547E-28  1.42515E+06  2.00000E-03 -2.34546E-01
  4.58934E+00  2.15433E-28  1.42466E+06  2.00000E-03 -2.14253E-01
  4.68292E+00  2.15331E-28  1.42422E+06  2.00000E-03 -1.79720E-01
  4.77650E+00  2.15301E-28  1.42408E+06  2.00000E-03 -1.77311E-01
  4.87008E+00  2.15130E-28  1.42332E+06  2.00000E-03 -1.32660E-01
  4.96366E+00  2.15096E-28  1.42317E+06  2.00000E-03 -1.30794E-01
  5.05724E+00  2.14857E-28  1.42213E+06  2.00000E-03 -5.17160E-02
  5.15082E+00  2.14839E-28  1.42205E+06  2.00000E-03 -6.93528E-02
  5.24440E+00  2.14783E-28  1.42181E+06  2.00000E-03 -7.46699E-02
  5.33798E+00  2.14591E-28  1.42096E+06  2.00000E-03 -1.35655E-02
  5.43156E+00  2.14580E-28  1.42092E+06  2.00000E-03 -2.09636E-02
  5.52514E+00  2.14440E-28  1.42032E+06  2.00000E-03 -9.43052E-03
  5.61872E+00  2.14433E-28  1.42029E+06  2.00000E-03 -3.90278E-02
  5.71230E+00  2.14389E-28  1.42009E+06  2.00000E-03 -1.83618E-02
  5.80588E+00  2.14357E-28  1.41995E+06  2.00000E-03 -2.02224E-02
  5.89946E+00  2.14378E-28  1.42005E+06  2.00000E-03 -5.08302E-02
  5.99304E+00  2.14413E-28  1.42021E+06  2.00000E-03 -4.70394E-02
  6.08662E+00  2.14413E-28  1.42021E+06  2.00000E-03 -5.19134E-02
  6.18020E+00  2.14549E-28  1.42081E+06  2.00000E-03 -9.30706E-02
  6.27378E+00  2.14559E-28  1.42086E+06  2.00000E-03 -1.17950E-01
  6.36736E+00  2.14716E-28  1.42156E+06  2.00000E-03 -1.49835E-01
  6.46094E+00  2.14928E-28  1.42251E+06  2.00000E-03 -1.92327E-01
  6.55452E+00  2.14870E-28  1.42225E+06  2.00000E-03 -1.93488E-01
  6.64810E+00  2.15251E-28  1.42394E+06  2.00000E-03 -3.38240E-01
  6.74168E+00  2.15294E-28  1.42413E+06  2.00000E-03 -3.52795E-01
  6.83526E+00  2.15802E-28  1.42637E+06  2.00000E-03 -5.48802E-01
  6.92884E+00  2.15838E-28  1.42652E+06  2.00000E-03 -5.99074E-01
  7.02242E+00  2.16028E-28  1.42736E+06  2.00000E-03 -6.86091E-01
  7.11600E+00  2.16543E-28  1.42962E+06  2.00000E-03 -8.92895E-01
  7.20958E+00  2.16488E-28  1.42938E+06  2.00000E-03 -9.02906E-01
  7.30316E+00  2.16962E-28  1.43146E+06  2.00000E-03 -1.19686E+00
  7.39674E+00  2.17190E-28  1.43246E+06  2.00000E-03 -1.31012E+00
  7.49031E+00  2.17640E-28  1.43444E+06  2.00000E-03 -1.50915E+00
  7.58390E+00  2.17901E-28  1.43557E+06  2.00000E-03 -1.68735E+00
  7.67747E+00  2.17960E-28  1.43582E+06  2.00000E-03 -1.74902E+00
  7.77105E+00  2.18497E-28  1.43817E+06  2.00000E-03 -1.99251E+00
  7.86463E+00  2.18530E-28  1.43831E+06  2.00000E-03 -2.02598E+00
  7.95821E+00  2.18778E-28  1.43940E+06  2.00000E-03 -2.13536E+00
  8.05179E+00  2.18945E-28  1.44013E+06  2.00000E-03 -2.21081E+00
  8.14537E+00  2.19057E-28  1.44062E+06  2.00000E-03 -2.23817E+00
  8.23895E+00  2.19272E-28  1.44156E+06  2.00000E-03 -2.30048E+00
  8.33253E+00  2.19205E-28  1.44126E+06  2.00000E-03 -2.28544E+00
  8.42611E+00  2.19381E-28  1.44203E+06  2.00000E-03 -2.27024E+00
  8.51969E+00  2.19417E-28  1.44218E+06  2.00000E-03 -2.26630E+00
  8.61327E+00  2.19368E-28  1.44196E+06  2.00000E-03 -2.20036E+00
  8.70685E+00  2.19328E-28  1.44179E+06  2.00000E-03 -2.16459E+00
  8.80043E+00  2.19315E-28  1.44173E+06  2.00000E-03 -2.14764E+00
  8.89401E+00  2.19219E-28  1.44130E+06  2.00000E-03 -2.01126E+00
  8.98759E+00  2.19145E-28  1.44098E+06  2.00000E-03 -2.03902E+00
  9.08117E+00  2.18966E-28  1.44019E+06  2.00000E-03 -1.95081E+00
  9.17475E+00  2.18826E-28  1.43957E+06  2.00000E-03 -1.85263E+00
  9.26833E+00  2.18586E-28  1.43853E+06  2.00000E-03 -1.81439E+00
  9.36191E+00  2.18252E-28  1.43708E+06  2.00000E-03 -1.75515E+00
  9.45549E+00  2.18278E-28  1.43717E+06  2.00000E-03 -1.71936E+00
  9.54907E+00  2.17681E-28  1.43460E+06  2.00000E-03 -1.49844E+00
  9.64265E+00  2.17615E-28  1.43430E+06  2.00000E-03 -1.52070E+00
  9.73623E+00  2.17376E-28  1.43326E+06  2.00000E-03 -1.50999E+00
  9.82981E+00  2.17161E-28  1.43232E+06  2.00000E-03 -1.41015E+00
  9.92339E+00  2.17012E-28  1.43165E+06  2.00000E-03 -1.33787E+00
  1.00170E+01  2.16477E-28  1.42931E+06  2.00000E-03 -1.11357E+00
  1.01106E+01  2.16382E-28  1.42890E+06  2.00000E-03 -1.09772E+00
  1.02041E+01  2.16177E-28  1.42800E+06  2.00000E-03 -1.00362E+00
  1.02977E+01  2.16013E-28  1.42725E+06  2.00000E-03 -9.45270E-01
  1.03913E+01  2.15886E-28  1.42671E+06  2.00000E-03 -9.36141E-01
  1.04849E+01  2.15536E-28  1.42516E+06  2.00000E-03 -7.64790E-01
  1.05785E+01  2.15503E-28  1.42501E+06  2.00000E-03 -7.55607E-01
  1.06720E+01  2.15418E-28  1.42463E+06  2.00000E-03 -7.25386E-01
  1.07656E+01  2.15387E-28  1.42450E+06  2.00000E-03 -7.19207E-01
  1.08592E+01  2.15235E-28  1.42381E+06  2.00000E-03 -6.40342E-01
  1.09528E+01  2.15103E-28  1.42322E+06  2.00000E-03 -5.65061E-01
  1.10463E+01  2.15133E-28  1.42336E+06  2.00000E-03 -5.31900E-01
  1.11399E+01  2.15104E-28  1.42322E+06  2.00000E-03 -5.00324E-01
  1.12335E+01  2.15100E-28  1.42320E+06  2.00000E-03 -4.93932E-01
  1.13271E+01  2.15102E-28  1.42322E+06  2.00000E-03 -4.19770E-01
  1.14207E+01  2.15095E-28  1.42319E+06  2.00000E-03 -3.75587E-01
  1.15142E+01  2.15110E-28  1.42325E+06  2.00000E-03 -3.62880E-01
  1.16078E+01  2.15158E-28  1.42346E+06  2.00000E-03 -3.23173E-01
  1.17014E+01  2.15191E-28  1.42360E+06  2.00000E-03 -2.94280E-01
  1.17950E+01  2.15277E-28  1.42397E+06  2.00000E-03 -1.92228E-01
  1.18886E+01  2.15284E-28  1.42400E+06  2.00000E-03 -1.84841E-01
  1.19821E+01  2.15303E-28  1.42409E+06  2.00000E-03 -1.45298E-01
  1.20757E+01  2.15317E-28  1.42414E+06  2.00000E-03 -1.40014E-01
  1.21693E+01  2.15293E-28  1.42404E+06  2.00000E-03 -1.15984E-01
  1.22629E+01  2.15288E-28  1.42402E+06  2.00000E-03 -6.15814E-02
  1.23565E+01  2.15368E-28  1.42437E+06  2.00000E-03 -5.57337E-02
  1.24500E+01  2.15378E-28  1.42441E+06  2.00000E-03 -3.38023E-02
  1.25436E+01  2.15420E-28  1.42461E+06  2.00000E-03 -2.12898E-02
  1.26372E+01  2.15327E-28  1.42420E+06  2.00000E-03  8.66314E-03
  1.27308E+01  2.15246E-28  1.42384E+06  2.00000E-03  2.67917E-02
  1.28244E+01  2.15332E-28  1.42424E+06  2.00000E-03  3.82065E-02
  1.29179E+01  2.15268E-28  1.42395E+06  2.00000E-03  5.96983E-02
  1.30115E+01  2.15309E-28  1.42412E+06  2.00000E-03  6.17301E-02
  1.31051E+01  2.15292E-28  1.42406E+06  2.00000E-03  1.18355E-01
  1.31987E+01  2.15533E-28  1.42514E+06  2.00000E-03  1.79466E-01
  1.32923E+01  2.15255E-28  1.42389E+06  2.00000E-03  1.60603E-01
  1.33858E+01  2.15331E-28  1.42422E+06  2.00000E-03  1.75562E-01
  1.34794E+01  2.15456E-28  1.42479E+06  2.00000E-03  1.90844E-01
  1.35730E+01  2.15326E-28  1.42423E+06  2.00000E-03  3.02755E-01
  1.36666E+01  2.15437E-28  1.42474E+06  2.00000E-03  3.57844E-01
  1.37602E+01  2.15654E-28  1.42569E+06  2.00000E-03  3.98541E-01
  1.38537E+01  2.15865E-28  1.42661E+06  2.00000E-03  4.18147E-01
  1.39473E+01  2.16065E-28  1.42751E+06  2.00000E-03  4.60111E-01
  1.40409E+01  2.15728E-28  1.42603E+06  2.00000E-03  6.19640E-01
  1.41345E+01  2.15728E-28  1.42603E+06  2.00000E-03  6.19640E-01
  1.42281E+01  2.15728E-28  1.42603E+06  2.00000E-03  6.19640E-01
  1.43216E+01  2.15739E-28  1.42608E+06  2.00000E-03  6.18111E-01
  1.44152E+01  2.15594E-28  1.42543E+06  2.00000E-03  7.21284E-01
  1.45088E+01  2.15434E-28  1.42472E+06  2.00000E-03  8.48743E-01
  1.46024E+01  2.15485E-28  1.42494E+06  2.00000E-03  8.39810E-01
  1.46960E+01  2.15485E-28  1.42494E+06  2.00000E-03  8.39810E-01
  1.47895E+01  2.15485E-28  1.42494E+06  2.00000E-03  8.39810E-01
  1.48831E+01  2.15020E-28  1.42289E+06  2.00000E-03  9.75099E-01
  1.49767E+01  2.14625E-28  1.42115E+06  2.00000E-03  1.09017E+00
  1.50703E+01  2.14861E-28  1.42219E+06  2.00000E-03  1.00130E+00
  1.51639E+01  2.15048E-28  1.42302E+06  2.00000E-03  9.30920E-01
  1.52574E+01  2.15107E-28  1.42328E+06  2.00000E-03  9.08665E-01
  1.53510E+01  2.14634E-28  1.42119E+06  2.00000E-03  9.04215E-01
  1.54446E+01  2.14461E-28  1.42043E+06  2.00000E-03  9.02578E-01
  1.55382E+01  2.14461E-28  1.42043E+06  2.00000E-03  9.02578E-01
  1.56318E+01  2.14461E-28  1.42043E+06  2.00000E-03  9.02578E-01
  1.57253E+01  2.14576E-28  1.42094E+06  2.00000E-03  7.77059E-01
  1.58189E+01  2.14601E-28  1.42105E+06  2.00000E-03  5.58751E-01
  1.59125E+01  2.14668E-28  1.42135E+06  2.00000E-03  5.05449E-01
  1.60061E+01  2.14668E-28  1.42135E+06  2.00000E-03  5.05449E-01
  1.60997E+01  2.14668E-28  1.42135E+06  2.00000E-03  5.05449E-01
  1.61932E+01  2.14809E-28  1.42198E+06  2.00000E-03  3.41628E-01
  1.62868E+01  2.15231E-28  1.42387E+06  2.00000E-03 -1.46035E-01
  1.63804E+01  2.15252E-28  1.42396E+06  2.00000E-03 -1.18824E-01
  1.64740E+01  2.15279E-28  1.42408E+06  2.00000E-03 -8.35186E-02
  1.65676E+01  2.15315E-28  1.42423E+06  2.00000E-03 -3.56765E-02
  1.66611E+01  2.15558E-28  1.42531E+06  2.00000E-03 -2.40460E-01
  1.67547E+01  2.16245E-28  1.42837E+06  2.00000E-03 -8.18165E-01
  1.68483E+01  2.16245E-28  1.42837E+06  2.00000E-03 -8.18165E-01
  1.69419E+01  2.16245E-28  1.42837E+06  2.00000E-03 -8.18165E-01
  1.70355E+01  2.16243E-28  1.42836E+06  2.00000E-03 -8.10810E-01
  1.71290E+01  2.16713E-28  1.43043E+06  2.00000E-03 -1.15736E+00
  1.72226E+01  2.17064E-28  1.43198E+06  2.00000E-03 -1.31503E+00
  1.73162E+01  2.17075E-28  1.43203E+06  2.00000E-03 -1.31130E+00
  1.74098E+01  2.17075E-28  1.43203E+06  2.00000E-03 -1.31130E+00
  1.75034E+01  2.17075E-28  1.43203E+06  2.00000E-03 -1.31130E+00
  1.75969E+01  2.17252E-28  1.43283E+06  2.00000E-03 -1.43722E+00
  1.76905E+01  2.17281E-28  1.43296E+06  2.00000E-03 -1.45783E+00
  1.77841E+01  2.17450E-28  1.43370E+06  2.00000E-03 -1.44990E+00
  1.78777E+01  2.17610E-28  1.43441E+06  2.00000E-03 -1.44236E+00
  1.79713E+01  2.17591E-28  1.43432E+06  2.00000E-03 -1.39210E+00
  1.80648E+01  2.17352E-28  1.43327E+06  2.00000E-03 -1.20103E+00
  1.81584E+01  2.17329E-28  1.43317E+06  2.00000E-03 -1.18254E+00
  1.82520E+01  2.17329E-28  1.43317E+06  2.00000E-03 -1.18254E+00
  1.83456E+01  2.17329E-28  1.43317E+06  2.00000E-03 -1.18254E+00
  1.84392E+01  2.17354E-28  1.43328E+06  2.00000E-03 -1.10140E+00
  1.85327E+01  2.17061E-28  1.43196E+06  2.00000E-03 -8.37716E-01
  1.86263E+01  2.17142E-28  1.43231E+06  2.00000E-03 -8.23163E-01
  1.87199E+01  2.17142E-28  1.43231E+06  2.00000E-03 -8.23163E-01
  1.88135E+01  2.17142E-28  1.43231E+06  2.00000E-03 -8.23163E-01
  1.89071E+01  2.16610E-28  1.42994E+06  2.00000E-03 -6.16041E-01
  1.90006E+01  2.16205E-28  1.42813E+06  2.00000E-03 -4.57572E-01
  1.90942E+01  2.16299E-28  1.42855E+06  2.00000E-03 -4.87944E-01
  1.91878E+01  2.16470E-28  1.42930E+06  2.00000E-03 -5.43234E-01
  1.92814E+01  2.16633E-28  1.43001E+06  2.00000E-03 -5.97869E-01
  1.93750E+01  2.16201E-28  1.42810E+06  2.00000E-03 -5.32162E-01
  1.94685E+01  2.15966E-28  1.42706E+06  2.00000E-03 -4.89600E-01
  1.95621E+01  2.15966E-28  1.42706E+06  2.00000E-03 -4.89600E-01
  1.96557E+01  2.15966E-28  1.42706E+06  2.00000E-03 -4.89600E-01
  1.97493E+01  2.15949E-28  1.42698E+06  2.00000E-03 -4.88765E-01
  1.98429E+01  2.15687E-28  1.42583E+06  2.00000E-03 -4.73733E-01
  1.99364E+01  2.15730E-28  1.42601E+06  2.00000E-03 -4.72353E-01
  2.00300E+01  2.15762E-28  1.42615E+06  2.00000E-03 -4.72123E-01
  2.01236E+01  2.15762E-28  1.42615E+06  2.00000E-03 -4.72122E-01
  2.02172E+01  2.15727E-28  1.42600E+06  2.00000E-03 -4.49875E-01
  2.03108E+01  2.15607E-28  1.42547E+06  2.00000E-03 -3.73331E-01
  2.04043E+01  2.15600E-28  1.42544E+06  2.00000E-03 -3.68960E-01
  2.04979E+01  2.15609E-28  1.42548E+06  2.00000E-03 -3.56331E-01
  2.05915E+01  2.15627E-28  1.42556E+06  2.00000E-03 -3.29661E-01
  2.06851E+01  2.15639E-28  1.42561E+06  2.00000E-03 -3.02819E-01
  2.07787E+01  2.15634E-28  1.42559E+06  2.00000E-03 -2.92087E-01
  2.08722E+01  2.15634E-28  1.42559E+06  2.00000E-03 -2.91308E-01
  2.09658E+01  2.15634E-28  1.42559E+06  2.00000E-03 -2.91308E-01
  2.10594E+01  2.15634E-28  1.42559E+06  2.00000E-03 -2.91308E-01
  2.11530E+01  2.15666E-28  1.42574E+06  2.00000E-03 -3.62520E-01
  2.12466E+01  2.15635E-28  1.42562E+06  2.00000E-03 -4.43360E-01
  2.13401E+01  2.15579E-28  1.42538E+06  2.00000E-03 -4.78190E-01
  2.14337E+01  2.15563E-28  1.42531E+06  2.00000E-03 -4.87915E-01
  2.15273E+01  2.15563E-28  1.42531E+06  2.00000E-03 -4.96127E-01
  2.16209E+01  2.15566E-28  1.42533E+06  2.00000E-03 -5.82764E-01
  2.17145E+01  2.15567E-28  1.42534E+06  2.00000E-03 -6.25483E-01
  2.18080E+01  2.15567E-28  1.42534E+06  2.00000E-03 -6.25483E-01
  2.19016E+01  2.15479E-28  1.42496E+06  2.00000E-03 -7.13471E-01
  2.19952E+01  2.15418E-28  1.42470E+06  2.00000E-03 -7.82421E-01
  2.20888E+01  2.15392E-28  1.42462E+06  2.00000E-03 -8.54984E-01
  2.21824E+01  2.15390E-28  1.42462E+06  2.00000E-03 -8.65705E-01
  2.22759E+01  2.15390E-28  1.42462E+06  2.00000E-03 -8.65705E-01
  2.23695E+01  2.15390E-28  1.42462E+06  2.00000E-03 -8.65705E-01
  2.24631E+01  2.15339E-28  1.42439E+06  2.00000E-03 -8.56923E-01
  2.25567E+01  2.15246E-28  1.42399E+06  2.00000E-03 -8.56346E-01
  2.26503E+01  2.15296E-28  1.42421E+06  2.00000E-03 -8.98433E-01
  2.27438E+01  2.15317E-28  1.42430E+06  2.00000E-03 -9.16782E-01
  2.28374E+01  2.15317E-28  1.42430E+06  2.00000E-03 -9.16782E-01
  2.29310E+01  2.15268E-28  1.42407E+06  2.00000E-03 -8.80949E-01
  2.30246E+01  2.15203E-28  1.42377E+06  2.00000E-03 -8.33486E-01
  2.31182E+01  2.15203E-28  1.42377E+06  2.00000E-03 -8.33487E-01
  2.32117E+01  2.15252E-28  1.42398E+06  2.00000E-03 -8.28882E-01
  2.33053E+01  2.15364E-28  1.42447E+06  2.00000E-03 -8.18484E-01
  2.33989E+01  2.15420E-28  1.42469E+06  2.00000E-03 -7.96023E-01
  2.34925E+01  2.15406E-28  1.42462E+06  2.00000E-03 -7.84599E-01
  2.35861E+01  2.15406E-28  1.42462E+06  2.00000E-03 -7.84599E-01
  2.36796E+01  2.15406E-28  1.42462E+06  2.00000E-03 -7.84599E-01
  2.37732E+01  2.15414E-28  1.42466E+06  2.00000E-03 -7.92638E-01
  2.38668E+01  2.15486E-28  1.42497E+06  2.00000E-03 -8.30930E-01
  2.39604E+01  2.15627E-28  1.42559E+06  2.00000E-03 -8.06768E-01
  2.40539E+01  2.15765E-28  1.42619E+06  2.00000E-03 -7.74003E-01
  2.41475E+01  2.15769E-28  1.42621E+06  2.00000E-03 -7.73001E-01
  2.42411E+01  2.15769E-28  1.42621E+06  2.00000E-03 -7.90846E-01
  2.43347E+01  2.15768E-28  1.42622E+06  2.00000E-03 -8.46194E-01
  2.44283E+01  2.15768E-28  1.42622E+06  2.00000E-03 -8.54999E-01
  2.45218E+01  2.15772E-28  1.42623E+06  2.00000E-03 -8.53937E-01
  2.46154E+01  2.15868E-28  1.42665E+06  2.00000E-03 -8.26966E-01
  2.47090E+01  2.15959E-28  1.42704E+06  2.00000E-03 -8.03760E-01
  2.48026E+01  2.15914E-28  1.42684E+06  2.00000E-03 -8.23159E-01
  2.48962E+01  2.15914E-28  1.42684E+06  2.00000E-03 -8.23159E-01
  2.49897E+01  2.15914E-28  1.42684E+06  2.00000E-03 -8.23159E-01
  2.50833E+01  2.15914E-28  1.42684E+06  2.00000E-03 -8.23159E-01
  2.51769E+01  2.15810E-28  1.42636E+06  2.00000E-03 -7.93839E-01
  2.52705E+01  2.15727E-28  1.42597E+06  2.00000E-03 -7.70480E-01
  2.53641E+01  2.15900E-28  1.42669E+06  2.00000E-03 -7.15199E-01
  2.54576E+01  2.15970E-28  1.42698E+06  2.00000E-03 -6.92868E-01
  2.55512E+01  2.15970E-28  1.42698E+06  2.00000E-03 -6.92868E-01
  2.56448E+01  2.15819E-28  1.42630E+06  2.00000E-03 -5.99649E-01
  2.57384E+01  2.15793E-28  1.42618E+06  2.00000E-03 -5.83326E-01
  2.58320E+01  2.15793E-28  1.42617E+06  2.00000E-03 -5.83326E-01
  2.59255E+01  2.15793E-28  1.42618E+06  2.00000E-03 -5.83326E-01
  2.60191E+01  2.15885E-28  1.42658E+06  2.00000E-03 -5.63751E-01
  2.61127E+01  2.15836E-28  1.42634E+06  2.00000E-03 -4.40806E-01
  2.62063E+01  2.15816E-28  1.42626E+06  2.00000E-03 -4.24718E-01
  2.62999E+01  2.15816E-28  1.42626E+06  2.00000E-03 -4.24718E-01
  2.63934E+01  2.15816E-28  1.42626E+06  2.00000E-03 -4.24718E-01
  2.64870E+01  2.15803E-28  1.42620E+06  2.00000E-03 -3.98363E-01
  2.65806E+01  2.15775E-28  1.42610E+06  2.00000E-03 -3.45531E-01
  2.66742E+01  2.15798E-28  1.42620E+06  2.00000E-03 -3.34711E-01
  2.67678E+01  2.15828E-28  1.42633E+06  2.00000E-03 -3.28251E-01
  2.68613E+01  2.15844E-28  1.42640E+06  2.00000E-03 -3.24830E-01
  2.69549E+01  2.15858E-28  1.42647E+06  2.00000E-03 -3.06072E-01
  2.70485E+01  2.15878E-28  1.42658E+06  2.00000E-03 -2.78672E-01
  2.71421E+01  2.15878E-28  1.42658E+06  2.00000E-03 -2.78672E-01
  2.72357E+01  2.15878E-28  1.42658E+06  2.00000E-03 -2.78672E-01
  2.73292E+01  2.15887E-28  1.42662E+06  2.00000E-03 -2.76969E-01
  2.74228E+01  2.15986E-28  1.42706E+06  2.00000E-03 -2.63993E-01
  2.75164E+01  2.15993E-28  1.42709E+06  2.00000E-03 -2.44791E-01
  2.76100E+01  2.15993E-28  1.42709E+06  2.00000E-03 -2.44791E-01
  2.77036E+01  2.15993E-28  1.42709E+06  2.00000E-03 -2.44791E-01
  2.77971E+01  2.15998E-28  1.42711E+06  2.00000E-03 -2.45488E-01
  2.78907E+01  2.16122E-28  1.42765E+06  2.00000E-03 -2.63432E-01
  2.79843E+01  2.16161E-28  1.42781E+06  2.00000E-03 -2.58571E-01
  2.80779E+01  2.16096E-28  1.42752E+06  2.00000E-03 -2.60391E-01
  2.81715E+01  2.16011E-28  1.42714E+06  2.00000E-03 -2.57795E-01
  2.82650E+01  2.16002E-28  1.42709E+06  2.00000E-03 -2.60713E-01
  2.83586E+01  2.16173E-28  1.42783E+06  2.00000E-03 -3.04611E-01
  2.84522E+01  2.16208E-28  1.42799E+06  2.00000E-03 -3.07495E-01
  2.85458E+01  2.16182E-28  1.42787E+06  2.00000E-03 -3.07542E-01
  2.86394E+01  2.16185E-28  1.42788E+06  2.00000E-03 -3.07537E-01
  2.87329E+01  2.16185E-28  1.42788E+06  2.00000E-03 -3.29116E-01
  2.88265E+01  2.16122E-28  1.42759E+06  2.00000E-03 -3.65241E-01
  2.89201E+01  2.16075E-28  1.42738E+06  2.00000E-03 -3.62644E-01
  2.90137E+01  2.16098E-28  1.42748E+06  2.00000E-03 -3.61498E-01
  2.91073E+01  2.16081E-28  1.42741E+06  2.00000E-03 -3.62330E-01
  2.92008E+01  2.16256E-28  1.42818E+06  2.00000E-03 -3.92430E-01
  2.92944E+01  2.16429E-28  1.42894E+06  2.00000E-03 -4.14447E-01
  2.93880E+01  2.16330E-28  1.42850E+06  2.00000E-03 -4.13393E-01
  2.94816E+01  2.16086E-28  1.42742E+06  2.00000E-03 -4.21704E-01
  2.95752E+01  2.15930E-28  1.42673E+06  2.00000E-03 -4.33663E-01
  2.96687E+01  2.16175E-28  1.42781E+06  2.00000E-03 -4.79288E-01
  2.97623E+01  2.16210E-28  1.42796E+06  2.00000E-03 -5.02692E-01
  2.98559E+01  2.16209E-28  1.42796E+06  2.00000E-03 -5.02727E-01
  2.99495E+01  2.16254E-28  1.42816E+06  2.00000E-03 -5.01900E-01
  3.00431E+01  2.16141E-28  1.42766E+06  2.00000E-03 -5.33623E-01
  3.01366E+01  2.16145E-28  1.42767E+06  2.00000E-03 -6.28204E-01
  3.02302E+01  2.15943E-28  1.42678E+06  2.00000E-03 -6.87702E-01
  3.03238E+01  2.15940E-28  1.42677E+06  2.00000E-03 -6.87723E-01
  3.04174E+01  2.15871E-28  1.42646E+06  2.00000E-03 -6.88248E-01
  3.05110E+01  2.15988E-28  1.42698E+06  2.00000E-03 -7.03263E-01
  3.06045E+01  2.16350E-28  1.42857E+06  2.00000E-03 -7.97080E-01
  3.06981E+01  2.16293E-28  1.42832E+06  2.00000E-03 -8.00522E-01
  3.07917E+01  2.16084E-28  1.42740E+06  2.00000E-03 -8.20018E-01
  3.08853E+01  2.15809E-28  1.42619E+06  2.00000E-03 -8.58691E-01
  3.09789E+01  2.15863E-28  1.42642E+06  2.00000E-03 -8.84754E-01
  3.10724E+01  2.16068E-28  1.42733E+06  2.00000E-03 -9.42041E-01
  3.11660E+01  2.16117E-28  1.42754E+06  2.00000E-03 -9.43485E-01
  3.12596E+01  2.16126E-28  1.42758E+06  2.00000E-03 -9.43757E-01
  3.13532E+01  2.16062E-28  1.42730E+06  2.00000E-03 -9.42587E-01
  3.14468E+01  2.16124E-28  1.42758E+06  2.00000E-03 -9.69909E-01
  3.15403E+01  2.16058E-28  1.42729E+06  2.00000E-03 -1.00710E+00
  3.16339E+01  2.15895E-28  1.42657E+06  2.00000E-03 -1.01212E+00
  3.17275E+01  2.15936E-28  1.42675E+06  2.00000E-03 -1.01241E+00
  3.18211E+01  2.15966E-28  1.42688E+06  2.00000E-03 -1.01295E+00
  3.19147E+01  2.16081E-28  1.42739E+06  2.00000E-03 -1.00659E+00
  3.20082E+01  2.16063E-28  1.42731E+06  2.00000E-03 -1.00893E+00
  3.21018E+01  2.16165E-28  1.42776E+06  2.00000E-03 -9.99356E-01
  3.21954E+01  2.15944E-28  1.42678E+06  2.00000E-03 -1.01850E+00
  3.22890E+01  2.15838E-28  1.42631E+06  2.00000E-03 -1.02434E+00
  3.23826E+01  2.15858E-28  1.42640E+06  2.00000E-03 -9.94363E-01
  3.24761E+01  2.15815E-28  1.42621E+06  2.00000E-03 -9.98893E-01
  3.25697E+01  2.15795E-28  1.42612E+06  2.00000E-03 -1.00240E+00
  3.26633E+01  2.15795E-28  1.42612E+06  2.00000E-03 -1.00240E+00
  3.27569E+01  2.15800E-28  1.42614E+06  2.00000E-03 -9.85898E-01
  3.28505E+01  2.15775E-28  1.42603E+06  2.00000E-03 -9.37775E-01
  3.29440E+01  2.15708E-28  1.42573E+06  2.00000E-03 -9.28716E-01
  3.30376E+01  2.15689E-28  1.42565E+06  2.00000E-03 -9.26247E-01
  3.31312E+01  2.15689E-28  1.42565E+06  2.00000E-03 -9.26247E-01
  3.32248E+01  2.15684E-28  1.42563E+06  2.00000E-03 -8.85037E-01
  3.33184E+01  2.15681E-28  1.42561E+06  2.00000E-03 -8.53354E-01
  3.34119E+01  2.15681E-28  1.42561E+06  2.00000E-03 -8.53355E-01
  3.35055E+01  2.15685E-28  1.42563E+06  2.00000E-03 -8.35904E-01
  3.35991E+01  2.15690E-28  1.42566E+06  2.00000E-03 -8.15957E-01
  3.36927E+01  2.15679E-28  1.42561E+06  2.00000E-03 -7.74404E-01
  3.37863E+01  2.15673E-28  1.42558E+06  2.00000E-03 -7.59342E-01
  3.38798E+01  2.15673E-28  1.42558E+06  2.00000E-03 -7.59342E-01
  3.39734E+01  2.15673E-28  1.42558E+06  2.00000E-03 -7.59342E-01
  3.40670E+01  2.15673E-28  1.42558E+06  2.00000E-03 -7.59342E-01
  3.41606E+01  2.15685E-28  1.42564E+06  2.00000E-03 -7.22554E-01
  3.42542E+01  2.15702E-28  1.42573E+06  2.00000E-03 -7.11474E-01
  3.43477E+01  2.15726E-28  1.42585E+06  2.00000E-03 -7.02760E-01
  3.44413E+01  2.15726E-28  1.42585E+06  2.00000E-03 -7.02760E-01
  3.45349E+01  2.15726E-28  1.42585E+06  2.00000E-03 -7.02760E-01
  3.46285E+01  2.15726E-28  1.42585E+06  2.00000E-03 -7.02760E-01
  3.47221E+01  2.15726E-28  1.42585E+06  2.00000E-03 -7.02760E-01
  3.48156E+01  2.15726E-28  1.42585E+06  2.00000E-03 -7.02760E-01
  3.49092E+01  2.15726E-28  1.42585E+06  2.00000E-03 -7.02760E-01
  3.50028E+01  2.15742E-28  1.42592E+06  2.00000E-03 -7.54297E-01
  3.50964E+01  2.15766E-28  1.42604E+06  2.00000E-03 -8.31466E-01
  3.51900E+01  2.15767E-28  1.42604E+06  2.00000E-03 -8.31466E-01
  3.52835E+01  2.15766E-28  1.42604E+06  2.00000E-03 -8.31466E-01
  3.53771E+01  2.15767E-28  1.42604E+06  2.00000E-03 -8.31466E-01
  3.54707E+01  2.15767E-28  1.42604E+06  2.00000E-03 -8.31466E-01
  3.55643E+01  2.15791E-28  1.42614E+06  2.00000E-03 -8.05633E-01
  3.56579E+01  2.15823E-28  1.42627E+06  2.00000E-03 -7.72662E-01
  3.57514E+01  2.15838E-28  1.42633E+06  2.00000E-03 -7.56929E-01
  3.58450E+01  2.15846E-28  1.42637E+06  2.00000E-03 -7.64160E-01
  3.59386E+01  2.15982E-28  1.42697E+06  2.00000E-03 -8.78383E-01
  3.60322E+01  2.16022E-28  1.42714E+06  2.00000E-03 -9.12307E-01
  3.61258E+01  2.16022E-28  1.42714E+06  2.00000E-03 -9.12307E-01
  3.62193E+01  2.16022E-28  1.42714E+06  2.00000E-03 -9.12307E-01
  3.63129E+01  2.16022E-28  1.42714E+06  2.00000E-03 -9.12307E-01
  3.64065E+01  2.16022E-28  1.42714E+06  2.00000E-03 -9.12307E-01
  3.65001E+01  2.16022E-28  1.42714E+06  2.00000E-03 -9.12307E-01
  3.65937E+01  2.16022E-28  1.42714E+06  2.00000E-03 -9.12307E-01
  3.66872E+01  2.16022E-28  1.42714E+06  2.00000E-03 -9.12307E-01
  3.67808E+01  2.16230E-28  1.42806E+06  2.00000E-03 -9.80714E-01
  3.68744E+01  2.16658E-28  1.42994E+06  2.00000E-03 -1.08352E+00
  3.69680E+01  2.16578E-28  1.42958E+06  2.00000E-03 -9.67979E-01
  3.70616E+01  2.16491E-28  1.42919E+06  2.00000E-03 -8.58088E-01
  3.71551E+01  2.16491E-28  1.42919E+06  2.00000E-03 -8.58088E-01
  3.72487E+01  2.16491E-28  1.42919E+06  2.00000E-03 -8.58088E-01
  3.73423E+01  2.16491E-28  1.42919E+06  2.00000E-03 -8.58088E-01
  3.74359E+01  2.16491E-28  1.42919E+06  2.00000E-03 -8.58088E-01
  3.75294E+01  2.16491E-28  1.42919E+06  2.00000E-03 -8.58088E-01
  3.76230E+01  2.16491E-28  1.42919E+06  2.00000E-03 -8.58088E-01
  3.77166E+01  2.16902E-28  1.43100E+06  2.00000E-03 -9.16717E-01
  3.78102E+01  2.17200E-28  1.43231E+06  2.00000E-03 -9.59024E-01
  3.79038E+01  2.17200E-28  1.43231E+06  2.00000E-03 -9.59024E-01
  3.79973E+01  2.17200E-28  1.43231E+06  2.00000E-03 -9.59024E-01
  3.80909E+01  2.17200E-28  1.43231E+06  2.00000E-03 -9.59024E-01
  3.81845E+01  2.17200E-28  1.43231E+06  2.00000E-03 -9.59024E-01
  3.82781E+01  2.17154E-28  1.43210E+06  2.00000E-03 -9.17295E-01
  3.83717E+01  2.17047E-28  1.43163E+06  2.00000E-03 -8.21999E-01
  3.84652E+01  2.16958E-28  1.43124E+06  2.00000E-03 -7.42583E-01
  3.85588E+01  2.17022E-28  1.43152E+06  2.00000E-03 -7.50899E-01
  3.86524E+01  2.17430E-28  1.43331E+06  2.00000E-03 -8.03138E-01
  3.87460E+01  2.17430E-28  1.43331E+06  2.00000E-03 -8.03138E-01
  3.88396E+01  2.17430E-28  1.43331E+06  2.00000E-03 -8.03138E-01
  3.89331E+01  2.17430E-28  1.43331E+06  2.00000E-03 -8.03138E-01
  3.90267E+01  2.17430E-28  1.43331E+06  2.00000E-03 -8.03138E-01
  3.91203E+01  2.17430E-28  1.43331E+06  2.00000E-03 -8.03138E-01
  3.92139E+01  2.17430E-28  1.43331E+06  2.00000E-03 -8.03138E-01
  3.93075E+01  2.17430E-28  1.43331E+06  2.00000E-03 -8.03138E-01
  3.94010E+01  2.17430E-28  1.43331E+06  2.00000E-03 -8.03138E-01
  3.94946E+01  2.17536E-28  1.43378E+06  2.00000E-03 -7.89734E-01
  3.95882E+01  2.17668E-28  1.43436E+06  2.00000E-03 -7.73009E-01
  3.96818E+01  2.17547E-28  1.43383E+06  2.00000E-03 -7.67982E-01
  3.97754E+01  2.17449E-28  1.43339E+06  2.00000E-03 -7.63895E-01
  3.98689E+01  2.17388E-28  1.43312E+06  2.00000E-03 -7.61344E-01
  3.99625E+01  2.17388E-28  1.43312E+06  2.00000E-03 -7.61344E-01
  4.00561E+01  2.17388E-28  1.43312E+06  2.00000E-03 -7.61344E-01
  4.01497E+01  2.17388E-28  1.43312E+06  2.00000E-03 -7.61344E-01
  4.02433E+01  2.17388E-28  1.43312E+06  2.00000E-03 -7.61344E-01
  4.03368E+01  2.17394E-28  1.43315E+06  2.00000E-03 -7.56925E-01
  4.04304E+01  2.17431E-28  1.43331E+06  2.00000E-03 -7.29246E-01
  4.05240E+01  2.17443E-28  1.43337E+06  2.00000E-03 -7.20373E-01
  4.06176E+01  2.17443E-28  1.43337E+06  2.00000E-03 -7.20373E-01
  4.07112E+01  2.17443E-28  1.43337E+06  2.00000E-03 -7.20373E-01
  4.08047E+01  2.17443E-28  1.43337E+06  2.00000E-03 -7.20373E-01
  4.08983E+01  2.17443E-28  1.43337E+06  2.00000E-03 -7.20373E-01
  4.09919E+01  2.17424E-28  1.43328E+06  2.00000E-03 -7.21450E-01
  4.10855E+01  2.17354E-28  1.43297E+06  2.00000E-03 -7.25260E-01
  4.11791E+01  2.17311E-28  1.43278E+06  2.00000E-03 -7.27625E-01
  4.12726E+01  2.17301E-28  1.43274E+06  2.00000E-03 -6.92164E-01
  4.13662E+01  2.17290E-28  1.43269E+06  2.00000E-03 -6.49632E-01
  4.14598E+01  2.17290E-28  1.43269E+06  2.00000E-03 -6.49632E-01
  4.15534E+01  2.17290E-28  1.43269E+06  2.00000E-03 -6.49633E-01
  4.16470E+01  2.17290E-28  1.43269E+06  2.00000E-03 -6.49633E-01
  4.17405E+01  2.17290E-28  1.43269E+06  2.00000E-03 -6.49632E-01
  4.18341E+01  2.17290E-28  1.43269E+06  2.00000E-03 -6.49633E-01
  4.19277E+01  2.17290E-28  1.43269E+06  2.00000E-03 -6.49632E-01
  4.20213E+01  2.17290E-28  1.43269E+06  2.00000E-03 -6.49633E-01
  4.21149E+01  2.17290E-28  1.43269E+06  2.00000E-03 -6.49633E-01
  4.22084E+01  2.17216E-28  1.43236E+06  2.00000E-03 -5.58776E-01
  4.23020E+01  2.17201E-28  1.43230E+06  2.00000E-03 -5.41281E-01
  4.23956E+01  2.17206E-28  1.43232E+06  2.00000E-03 -5.57488E-01
  4.24892E+01  2.17212E-28  1.43235E+06  2.00000E-03 -5.73756E-01
  4.25828E+01  2.17213E-28  1.43235E+06  2.00000E-03 -5.77641E-01
  4.26763E+01  2.17213E-28  1.43235E+06  2.00000E-03 -5.77641E-01
  4.27699E+01  2.17213E-28  1.43235E+06  2.00000E-03 -5.77641E-01
  4.28635E+01  2.17213E-28  1.43235E+06  2.00000E-03 -5.77641E-01
  4.29571E+01  2.17213E-28  1.43235E+06  2.00000E-03 -5.77641E-01
  4.30507E+01  2.17181E-28  1.43221E+06  2.00000E-03 -5.58835E-01
  4.31442E+01  2.17117E-28  1.43193E+06  2.00000E-03 -5.20835E-01
  4.32378E+01  2.17111E-28  1.43190E+06  2.00000E-03 -5.17262E-01
  4.33314E+01  2.17111E-28  1.43190E+06  2.00000E-03 -5.17262E-01
  4.34250E+01  2.17111E-28  1.43190E+06  2.00000E-03 -5.17262E-01
  4.35186E+01  2.17111E-28  1.43190E+06  2.00000E-03 -5.17262E-01
  4.36121E+01  2.17111E-28  1.43190E+06  2.00000E-03 -5.17262E-01
  4.37057E+01  2.17111E-28  1.43190E+06  2.00000E-03 -5.17262E-01
