 -4.36043E+01  2.16080E-28  1.42750E+06  2.00000E-03  2.77322E+00
 -4.35107E+01  2.16080E-28  1.42750E+06  2.00000E-03  2.77321E+00
 -4.34171E+01  2.16079E-28  1.42750E+06  2.00000E-03  2.77321E+00
 -4.33235E+01  2.16079E-28  1.42750E+06  2.00000E-03  2.77321E+00
 -4.32300E+01  2.16080E-28  1.42750E+06  2.00000E-03  2.77322E+00
 -4.31364E+01  2.16079E-28  1.42750E+06  2.00000E-03  2.77321E+00
 -4.30428E+01  2.16079E-28  1.42749E+06  2.00000E-03  2.77319E+00
 -4.29492E+01  2.16073E-28  1.42747E+06  2.00000E-03  2.77305E+00
 -4.28556E+01  2.16203E-28  1.42804E+06  2.00000E-03  2.69404E+00
 -4.27621E+01  2.16417E-28  1.42898E+06  2.00000E-03  2.57109E+00
 -4.26685E+01  2.16416E-28  1.42898E+06  2.00000E-03  2.57153E+00
 -4.25749E+01  2.16413E-28  1.42897E+06  2.00000E-03  2.57277E+00
 -4.24813E+01  2.16410E-28  1.42895E+06  2.00000E-03  2.57452E+00
 -4.23877E+01  2.16446E-28  1.42911E+06  2.00000E-03  2.53406E+00
 -4.22942E+01  2.16600E-28  1.42980E+06  2.00000E-03  2.33804E+00
 -4.22006E+01  2.16758E-28  1.43050E+06  2.00000E-03  2.14117E+00
 -4.21070E+01  2.16781E-28  1.43060E+06  2.00000E-03  2.12357E+00
 -4.20134E+01  2.16754E-28  1.43048E+06  2.00000E-03  2.14494E+00
 -4.19198E+01  2.16797E-28  1.43067E+06  2.00000E-03  2.17376E+00
 -4.18263E+01  2.16805E-28  1.43071E+06  2.00000E-03  2.17732E+00
 -4.17327E+01  2.16805E-28  1.43071E+06  2.00000E-03  2.17659E+00
 -4.16391E+01  2.16805E-28  1.43071E+06  2.00000E-03  2.17659E+00
 -4.15455E+01  2.16805E-28  1.43071E+06  2.00000E-03  2.17659E+00
 -4.14520E+01  2.16805E-28  1.43071E+06  2.00000E-03  2.17659E+00
 -4.13584E+01  2.16805E-28  1.43071E+06  2.00000E-03  2.17659E+00
 -4.12648E+01  2.16805E-28  1.43071E+06  2.00000E-03  2.17659E+00
 -4.11712E+01  2.16805E-28  1.43071E+06  2.00000E-03  2.17659E+00
 -4.10776E+01  2.16766E-28  1.43054E+06  2.00000E-03  2.24715E+00
 -4.09841E+01  2.16596E-28  1.42980E+06  2.00000E-03  2.43802E+00
 -4.08905E+01  2.16490E-28  1.42934E+06  2.00000E-03  2.40999E+00
 -4.07969E+01  2.16460E-28  1.42922E+06  2.00000E-03  2.40211E+00
 -4.07033E+01  2.16460E-28  1.42922E+06  2.00000E-03  2.40211E+00
 -4.06097E+01  2.16460E-28  1.42922E+06  2.00000E-03  2.40211E+00
 -4.05162E+01  2.16460E-28  1.42922E+06  2.00000E-03  2.40211E+00
 -4.04226E+01  2.16460E-28  1.42921E+06  2.00000E-03  2.40211E+00
 -4.03290E+01  2.16460E-28  1.42921E+06  2.00000E-03  2.40211E+00
 -4.02354E+01  2.16460E-28  1.42922E+06  2.00000E-03  2.40211E+00
 -4.01418E+01  2.16057E-28  1.42744E+06  2.00000E-03  2.89041E+00
 -4.00483E+01  2.15973E-28  1.42707E+06  2.00000E-03  2.99249E+00
 -3.99547E+01  2.15973E-28  1.42707E+06  2.00000E-03  2.99249E+00
 -3.98611E+01  2.15973E-28  1.42707E+06  2.00000E-03  2.99249E+00
 -3.97675E+01  2.15973E-28  1.42707E+06  2.00000E-03  2.99249E+00
 -3.96739E+01  2.15855E-28  1.42655E+06  2.00000E-03  3.04065E+00
 -3.95804E+01  2.15695E-28  1.42586E+06  2.00000E-03  3.10584E+00
 -3.94868E+01  2.15453E-28  1.42480E+06  2.00000E-03  3.20454E+00
 -3.93932E+01  2.15453E-28  1.42480E+06  2.00000E-03  3.20454E+00
 -3.92996E+01  2.15332E-28  1.42427E+06  2.00000E-03  3.37201E+00
 -3.92060E+01  2.15028E-28  1.42293E+06  2.00000E-03  3.79657E+00
 -3.91125E+01  2.14962E-28  1.42263E+06  2.00000E-03  3.88886E+00
 -3.90189E+01  2.14962E-28  1.42263E+06  2.00000E-03  3.88886E+00
 -3.89253E+01  2.14962E-28  1.42263E+06  2.00000E-03  3.88886E+00
 -3.88317E+01  2.14962E-28  1.42263E+06  2.00000E-03  3.88886E+00
 -3.87381E+01  2.14962E-28  1.42263E+06  2.00000E-03  3.88886E+00
 -3.86446E+01  2.14962E-28  1.42264E+06  2.00000E-03  3.88886E+00
 -3.85510E+01  2.14962E-28  1.42263E+06  2.00000E-03  3.88886E+00
 -3.84574E+01  2.14959E-28  1.42262E+06  2.00000E-03  3.89458E+00
 -3.83638E+01  2.14842E-28  1.42211E+06  2.00000E-03  4.19121E+00
 -3.82702E+01  2.14509E-28  1.42065E+06  2.00000E-03  4.56502E+00
 -3.81767E+01  2.14191E-28  1.41926E+06  2.00000E-03  4.73854E+00
 -3.80831E+01  2.14031E-28  1.41856E+06  2.00000E-03  4.82549E+00
 -3.79895E+01  2.14031E-28  1.41856E+06  2.00000E-03  4.82549E+00
 -3.78959E+01  2.14031E-28  1.41856E+06  2.00000E-03  4.82549E+00
 -3.78023E+01  2.14031E-28  1.41856E+06  2.00000E-03  4.82549E+00
 -3.77088E+01  2.14031E-28  1.41856E+06  2.00000E-03  4.82549E+00
 -3.76152E+01  2.14031E-28  1.41856E+06  2.00000E-03  4.82549E+00
 -3.75216E+01  2.14035E-28  1.41858E+06  2.00000E-03  4.84382E+00
 -3.74280E+01  2.14097E-28  1.41885E+06  2.00000E-03  5.19281E+00
 -3.73344E+01  2.14102E-28  1.41887E+06  2.00000E-03  5.22095E+00
 -3.72409E+01  2.14102E-28  1.41887E+06  2.00000E-03  5.22095E+00
 -3.71473E+01  2.14102E-28  1.41887E+06  2.00000E-03  5.22095E+00
 -3.70537E+01  2.14102E-28  1.41887E+06  2.00000E-03  5.22096E+00
 -3.69601E+01  2.14002E-28  1.41843E+06  2.00000E-03  5.27478E+00
 -3.68665E+01  2.13799E-28  1.41755E+06  2.00000E-03  5.38342E+00
 -3.67730E+01  2.13623E-28  1.41678E+06  2.00000E-03  5.47802E+00
 -3.66794E+01  2.13496E-28  1.41622E+06  2.00000E-03  5.54635E+00
 -3.65858E+01  2.13620E-28  1.41677E+06  2.00000E-03  5.65384E+00
 -3.64922E+01  2.13798E-28  1.41755E+06  2.00000E-03  5.80674E+00
 -3.63986E+01  2.13805E-28  1.41758E+06  2.00000E-03  5.81257E+00
 -3.63051E+01  2.13805E-28  1.41758E+06  2.00000E-03  5.81257E+00
 -3.62115E+01  2.13805E-28  1.41758E+06  2.00000E-03  5.81257E+00
 -3.61179E+01  2.13805E-28  1.41758E+06  2.00000E-03  5.81257E+00
 -3.60243E+01  2.13805E-28  1.41758E+06  2.00000E-03  5.81257E+00
 -3.59307E+01  2.13805E-28  1.41758E+06  2.00000E-03  5.81257E+00
 -3.58372E+01  2.13805E-28  1.41758E+06  2.00000E-03  5.81257E+00
 -3.57436E+01  2.13835E-28  1.41771E+06  2.00000E-03  5.84043E+00
 -3.56500E+01  2.14052E-28  1.41866E+06  2.00000E-03  6.03840E+00
 -3.55564E+01  2.14041E-28  1.41863E+06  2.00000E-03  6.10967E+00
 -3.54628E+01  2.13905E-28  1.41806E+06  2.00000E-03  6.18846E+00
 -3.53693E+01  2.13795E-28  1.41760E+06  2.00000E-03  6.25203E+00
 -3.52757E+01  2.13792E-28  1.41759E+06  2.00000E-03  6.25344E+00
 -3.51821E+01  2.13792E-28  1.41759E+06  2.00000E-03  6.25344E+00
 -3.50885E+01  2.13792E-28  1.41759E+06  2.00000E-03  6.25344E+00
 -3.49949E+01  2.13792E-28  1.41759E+06  2.00000E-03  6.25344E+00
 -3.49014E+01  2.13792E-28  1.41759E+06  2.00000E-03  6.25344E+00
 -3.48078E+01  2.13980E-28  1.41842E+06  2.00000E-03  6.33779E+00
 -3.47142E+01  2.14248E-28  1.41959E+06  2.00000E-03  6.45758E+00
 -3.46206E+01  2.14248E-28  1.41959E+06  2.00000E-03  6.45758E+00
 -3.45270E+01  2.14248E-28  1.41959E+06  2.00000E-03  6.45758E+00
 -3.44335E+01  2.14248E-28  1.41959E+06  2.00000E-03  6.45758E+00
 -3.43399E+01  2.14248E-28  1.41959E+06  2.00000E-03  6.45758E+00
 -3.42463E+01  2.14248E-28  1.41959E+06  2.00000E-03  6.45758E+00
 -3.41527E+01  2.14314E-28  1.41988E+06  2.00000E-03  6.48711E+00
 -3.40591E+01  2.14370E-28  1.42013E+06  2.00000E-03  6.51202E+00
 -3.39656E+01  2.14406E-28  1.42029E+06  2.00000E-03  6.52814E+00
 -3.38720E+01  2.14610E-28  1.42118E+06  2.00000E-03  6.58054E+00
 -3.37784E+01  2.14688E-28  1.42152E+06  2.00000E-03  6.60069E+00
 -3.36848E+01  2.14688E-28  1.42152E+06  2.00000E-03  6.60069E+00
 -3.35912E+01  2.14688E-28  1.42152E+06  2.00000E-03  6.60069E+00
 -3.34977E+01  2.14717E-28  1.42165E+06  2.00000E-03  6.61015E+00
 -3.34041E+01  2.14857E-28  1.42226E+06  2.00000E-03  6.69740E+00
 -3.33105E+01  2.14872E-28  1.42233E+06  2.00000E-03  6.73688E+00
 -3.32169E+01  2.14872E-28  1.42233E+06  2.00000E-03  6.73688E+00
 -3.31233E+01  2.14872E-28  1.42233E+06  2.00000E-03  6.73688E+00
 -3.30298E+01  2.14886E-28  1.42239E+06  2.00000E-03  6.79645E+00
 -3.29362E+01  2.14924E-28  1.42255E+06  2.00000E-03  6.96095E+00
 -3.28426E+01  2.14899E-28  1.42244E+06  2.00000E-03  6.99115E+00
 -3.27490E+01  2.14797E-28  1.42199E+06  2.00000E-03  7.11327E+00
 -3.26554E+01  2.14727E-28  1.42169E+06  2.00000E-03  7.19679E+00
 -3.25619E+01  2.14584E-28  1.42105E+06  2.00000E-03  7.43309E+00
 -3.24683E+01  2.14485E-28  1.42061E+06  2.00000E-03  7.59647E+00
 -3.23747E+01  2.14485E-28  1.42061E+06  2.00000E-03  7.59647E+00
 -3.22811E+01  2.14485E-28  1.42061E+06  2.00000E-03  7.59647E+00
 -3.21875E+01  2.14454E-28  1.42047E+06  2.00000E-03  7.63049E+00
 -3.20940E+01  2.14014E-28  1.41853E+06  2.00000E-03  8.15760E+00
 -3.20004E+01  2.13557E-28  1.41651E+06  2.00000E-03  8.68765E+00
 -3.19068E+01  2.13536E-28  1.41642E+06  2.00000E-03  8.71012E+00
 -3.18132E+01  2.13536E-28  1.41642E+06  2.00000E-03  8.71012E+00
 -3.17196E+01  2.13536E-28  1.41642E+06  2.00000E-03  8.71012E+00
 -3.16261E+01  2.13033E-28  1.41419E+06  2.00000E-03  9.23958E+00
 -3.15325E+01  2.12919E-28  1.41368E+06  2.00000E-03  9.35959E+00
 -3.14389E+01  2.12693E-28  1.41269E+06  2.00000E-03  9.60615E+00
 -3.13453E+01  2.12412E-28  1.41145E+06  2.00000E-03  9.91290E+00
 -3.12517E+01  2.12187E-28  1.41045E+06  2.00000E-03  1.01573E+01
 -3.11582E+01  2.11728E-28  1.40841E+06  2.00000E-03  1.06456E+01
 -3.10646E+01  2.11636E-28  1.40800E+06  2.00000E-03  1.07444E+01
 -3.09710E+01  2.11636E-28  1.40800E+06  2.00000E-03  1.07444E+01
 -3.08774E+01  2.11636E-28  1.40800E+06  2.00000E-03  1.07444E+01
 -3.07838E+01  2.11426E-28  1.40707E+06  2.00000E-03  1.09577E+01
 -3.06903E+01  2.10721E-28  1.40395E+06  2.00000E-03  1.17536E+01
 -3.05967E+01  2.10546E-28  1.40317E+06  2.00000E-03  1.19719E+01
 -3.05031E+01  2.10546E-28  1.40317E+06  2.00000E-03  1.19719E+01
 -3.04095E+01  2.10546E-28  1.40317E+06  2.00000E-03  1.19719E+01
 -3.03159E+01  2.10451E-28  1.40275E+06  2.00000E-03  1.20965E+01
 -3.02224E+01  2.10295E-28  1.40206E+06  2.00000E-03  1.23013E+01
 -3.01288E+01  2.10295E-28  1.40206E+06  2.00000E-03  1.23013E+01
 -3.00352E+01  2.10150E-28  1.40142E+06  2.00000E-03  1.25385E+01
 -2.99416E+01  2.10012E-28  1.40081E+06  2.00000E-03  1.27751E+01
 -2.98480E+01  2.10193E-28  1.40161E+06  2.00000E-03  1.26805E+01
 -2.97545E+01  2.10295E-28  1.40207E+06  2.00000E-03  1.26272E+01
 -2.96609E+01  2.10295E-28  1.40207E+06  2.00000E-03  1.26272E+01
 -2.95673E+01  2.10295E-28  1.40207E+06  2.00000E-03  1.26272E+01
 -2.94737E+01  2.10320E-28  1.40218E+06  2.00000E-03  1.26089E+01
 -2.93801E+01  2.11016E-28  1.40528E+06  2.00000E-03  1.21667E+01
 -2.92866E+01  2.11152E-28  1.40589E+06  2.00000E-03  1.21663E+01
 -2.91930E+01  2.11202E-28  1.40612E+06  2.00000E-03  1.21836E+01
 -2.90994E+01  2.11202E-28  1.40611E+06  2.00000E-03  1.21836E+01
 -2.90058E+01  2.11419E-28  1.40708E+06  2.00000E-03  1.20085E+01
 -2.89122E+01  2.12203E-28  1.41057E+06  2.00000E-03  1.13777E+01
 -2.88187E+01  2.12261E-28  1.41082E+06  2.00000E-03  1.13313E+01
 -2.87251E+01  2.12284E-28  1.41092E+06  2.00000E-03  1.13396E+01
 -2.86315E+01  2.12373E-28  1.41133E+06  2.00000E-03  1.13732E+01
 -2.85379E+01  2.12699E-28  1.41279E+06  2.00000E-03  1.11975E+01
 -2.84443E+01  2.13272E-28  1.41533E+06  2.00000E-03  1.06952E+01
 -2.83508E+01  2.13299E-28  1.41545E+06  2.00000E-03  1.06710E+01
 -2.82572E+01  2.13299E-28  1.41545E+06  2.00000E-03  1.06710E+01
 -2.81636E+01  2.13299E-28  1.41545E+06  2.00000E-03  1.06710E+01
 -2.80700E+01  2.13666E-28  1.41708E+06  2.00000E-03  1.02737E+01
 -2.79764E+01  2.13691E-28  1.41720E+06  2.00000E-03  1.02953E+01
 -2.78829E+01  2.13568E-28  1.41666E+06  2.00000E-03  1.04787E+01
 -2.77893E+01  2.13547E-28  1.41657E+06  2.00000E-03  1.05083E+01
 -2.76957E+01  2.13605E-28  1.41682E+06  2.00000E-03  1.03202E+01
 -2.76021E+01  2.13708E-28  1.41729E+06  2.00000E-03  1.00831E+01
 -2.75086E+01  2.13708E-28  1.41729E+06  2.00000E-03  1.00650E+01
 -2.74150E+01  2.13710E-28  1.41730E+06  2.00000E-03  1.00611E+01
 -2.73214E+01  2.13572E-28  1.41669E+06  2.00000E-03  1.01819E+01
 -2.72278E+01  2.13404E-28  1.41595E+06  2.00000E-03  1.02625E+01
 -2.71342E+01  2.13294E-28  1.41547E+06  2.00000E-03  1.00567E+01
 -2.70407E+01  2.13258E-28  1.41531E+06  2.00000E-03  1.01120E+01
 -2.69471E+01  2.13193E-28  1.41502E+06  2.00000E-03  1.02109E+01
 -2.68535E+01  2.13315E-28  1.41556E+06  2.00000E-03  1.00258E+01
 -2.67599E+01  2.13210E-28  1.41510E+06  2.00000E-03  1.00240E+01
 -2.66663E+01  2.12918E-28  1.41381E+06  2.00000E-03  1.00139E+01
 -2.65728E+01  2.12731E-28  1.41297E+06  2.00000E-03  1.01337E+01
 -2.64792E+01  2.12518E-28  1.41203E+06  2.00000E-03  1.02893E+01
 -2.63856E+01  2.12457E-28  1.41176E+06  2.00000E-03  1.03626E+01
 -2.62920E+01  2.12265E-28  1.41091E+06  2.00000E-03  1.03156E+01
 -2.61984E+01  2.12166E-28  1.41047E+06  2.00000E-03  1.01872E+01
 -2.61049E+01  2.12116E-28  1.41025E+06  2.00000E-03  1.02392E+01
 -2.60113E+01  2.11989E-28  1.40969E+06  2.00000E-03  1.03329E+01
 -2.59177E+01  2.11744E-28  1.40862E+06  2.00000E-03  1.04798E+01
 -2.58241E+01  2.11110E-28  1.40582E+06  2.00000E-03  1.06699E+01
 -2.57305E+01  2.10985E-28  1.40526E+06  2.00000E-03  1.06691E+01
 -2.56370E+01  2.10902E-28  1.40490E+06  2.00000E-03  1.07429E+01
 -2.55434E+01  2.10971E-28  1.40520E+06  2.00000E-03  1.06817E+01
 -2.54498E+01  2.10907E-28  1.40492E+06  2.00000E-03  1.06771E+01
 -2.53562E+01  2.10634E-28  1.40370E+06  2.00000E-03  1.07091E+01
 -2.52626E+01  2.10412E-28  1.40271E+06  2.00000E-03  1.08089E+01
 -2.51691E+01  2.10042E-28  1.40106E+06  2.00000E-03  1.10108E+01
 -2.50755E+01  2.09928E-28  1.40056E+06  2.00000E-03  1.10309E+01
 -2.49819E+01  2.09872E-28  1.40031E+06  2.00000E-03  1.10397E+01
 -2.48883E+01  2.09635E-28  1.39925E+06  2.00000E-03  1.11124E+01
 -2.47947E+01  2.09474E-28  1.39853E+06  2.00000E-03  1.11885E+01
 -2.47012E+01  2.09420E-28  1.39830E+06  2.00000E-03  1.11655E+01
 -2.46076E+01  2.09341E-28  1.39795E+06  2.00000E-03  1.11742E+01
 -2.45140E+01  2.09191E-28  1.39728E+06  2.00000E-03  1.12343E+01
 -2.44204E+01  2.09183E-28  1.39725E+06  2.00000E-03  1.11615E+01
 -2.43268E+01  2.09148E-28  1.39709E+06  2.00000E-03  1.11786E+01
 -2.42333E+01  2.09081E-28  1.39681E+06  2.00000E-03  1.11260E+01
 -2.41397E+01  2.09044E-28  1.39664E+06  2.00000E-03  1.11301E+01
 -2.40461E+01  2.09066E-28  1.39675E+06  2.00000E-03  1.10501E+01
 -2.39525E+01  2.09035E-28  1.39661E+06  2.00000E-03  1.10364E+01
 -2.38589E+01  2.09024E-28  1.39657E+06  2.00000E-03  1.09947E+01
 -2.37654E+01  2.09092E-28  1.39689E+06  2.00000E-03  1.08626E+01
 -2.36718E+01  2.09087E-28  1.39687E+06  2.00000E-03  1.08602E+01
 -2.35782E+01  2.09157E-28  1.39718E+06  2.00000E-03  1.07306E+01
 -2.34846E+01  2.09198E-28  1.39737E+06  2.00000E-03  1.06525E+01
 -2.33910E+01  2.09239E-28  1.39756E+06  2.00000E-03  1.05718E+01
 -2.32975E+01  2.09330E-28  1.39797E+06  2.00000E-03  1.04262E+01
 -2.32039E+01  2.09378E-28  1.39818E+06  2.00000E-03  1.03476E+01
 -2.31103E+01  2.09481E-28  1.39864E+06  2.00000E-03  1.01846E+01
 -2.30167E+01  2.09500E-28  1.39873E+06  2.00000E-03  1.01542E+01
 -2.29231E+01  2.09577E-28  1.39907E+06  2.00000E-03  1.00293E+01
 -2.28296E+01  2.09667E-28  1.39947E+06  2.00000E-03  9.90236E+00
 -2.27360E+01  2.09738E-28  1.39979E+06  2.00000E-03  9.81009E+00
 -2.26424E+01  2.09837E-28  1.40023E+06  2.00000E-03  9.65846E+00
 -2.25488E+01  2.09891E-28  1.40047E+06  2.00000E-03  9.58892E+00
 -2.24552E+01  2.10085E-28  1.40133E+06  2.00000E-03  9.33117E+00
 -2.23617E+01  2.10156E-28  1.40165E+06  2.00000E-03  9.24428E+00
 -2.22681E+01  2.10221E-28  1.40193E+06  2.00000E-03  9.15519E+00
 -2.21745E+01  2.10448E-28  1.40294E+06  2.00000E-03  8.87885E+00
 -2.20809E+01  2.10557E-28  1.40343E+06  2.00000E-03  8.75302E+00
 -2.19873E+01  2.10737E-28  1.40422E+06  2.00000E-03  8.52044E+00
 -2.18938E+01  2.10826E-28  1.40462E+06  2.00000E-03  8.41777E+00
 -2.18002E+01  2.11082E-28  1.40575E+06  2.00000E-03  8.12069E+00
 -2.17066E+01  2.11299E-28  1.40672E+06  2.00000E-03  7.86816E+00
 -2.16130E+01  2.11355E-28  1.40697E+06  2.00000E-03  7.80098E+00
 -2.15194E+01  2.11724E-28  1.40860E+06  2.00000E-03  7.36650E+00
 -2.14259E+01  2.11823E-28  1.40904E+06  2.00000E-03  7.25469E+00
 -2.13323E+01  2.12225E-28  1.41083E+06  2.00000E-03  6.78022E+00
 -2.12387E+01  2.12278E-28  1.41106E+06  2.00000E-03  6.71746E+00
 -2.11451E+01  2.12570E-28  1.41235E+06  2.00000E-03  6.37450E+00
 -2.10515E+01  2.12873E-28  1.41370E+06  2.00000E-03  6.01019E+00
 -2.09580E+01  2.12927E-28  1.41394E+06  2.00000E-03  5.94540E+00
 -2.08644E+01  2.13319E-28  1.41568E+06  2.00000E-03  5.47792E+00
 -2.07708E+01  2.13436E-28  1.41619E+06  2.00000E-03  5.33307E+00
 -2.06772E+01  2.13798E-28  1.41779E+06  2.00000E-03  4.91847E+00
 -2.05836E+01  2.13864E-28  1.41809E+06  2.00000E-03  4.84667E+00
 -2.04901E+01  2.14108E-28  1.41917E+06  2.00000E-03  4.61569E+00
 -2.03965E+01  2.14386E-28  1.42040E+06  2.00000E-03  4.40498E+00
 -2.03029E+01  2.14514E-28  1.42097E+06  2.00000E-03  4.32160E+00
 -2.02093E+01  2.14664E-28  1.42164E+06  2.00000E-03  4.33047E+00
 -2.01157E+01  2.14786E-28  1.42217E+06  2.00000E-03  4.30734E+00
 -2.00222E+01  2.14955E-28  1.42293E+06  2.00000E-03  4.41547E+00
 -1.99286E+01  2.14967E-28  1.42299E+06  2.00000E-03  4.53001E+00
 -1.98350E+01  2.15106E-28  1.42360E+06  2.00000E-03  4.62366E+00
 -1.97414E+01  2.15377E-28  1.42477E+06  2.00000E-03  4.94666E+00
 -1.96478E+01  2.15615E-28  1.42581E+06  2.00000E-03  5.08600E+00
 -1.95543E+01  2.15541E-28  1.42549E+06  2.00000E-03  5.09846E+00
 -1.94607E+01  2.15615E-28  1.42583E+06  2.00000E-03  5.11847E+00
 -1.93671E+01  2.15833E-28  1.42679E+06  2.00000E-03  4.93578E+00
 -1.92735E+01  2.16008E-28  1.42758E+06  2.00000E-03  4.50112E+00
 -1.91799E+01  2.16118E-28  1.42807E+06  2.00000E-03  4.36559E+00
 -1.90864E+01  2.16636E-28  1.43037E+06  2.00000E-03  3.35655E+00
 -1.89928E+01  2.16879E-28  1.43145E+06  2.00000E-03  2.98181E+00
 -1.88992E+01  2.17060E-28  1.43222E+06  2.00000E-03  2.33365E+00
 -1.88056E+01  2.17332E-28  1.43341E+06  2.00000E-03  1.71213E+00
 -1.87120E+01  2.17543E-28  1.43434E+06  2.00000E-03  1.34264E+00
 -1.86185E+01  2.17772E-28  1.43533E+06  2.00000E-03  5.49341E-01
 -1.85249E+01  2.17766E-28  1.43531E+06  2.00000E-03  5.01835E-01
 -1.84313E+01  2.17881E-28  1.43579E+06  2.00000E-03  7.30213E-02
 -1.83377E+01  2.17919E-28  1.43596E+06  2.00000E-03 -1.72188E-01
 -1.82441E+01  2.17950E-28  1.43608E+06  2.00000E-03 -3.92947E-01
 -1.81506E+01  2.17916E-28  1.43595E+06  2.00000E-03 -6.05847E-01
 -1.80570E+01  2.17899E-28  1.43588E+06  2.00000E-03 -6.93322E-01
 -1.79634E+01  2.17819E-28  1.43553E+06  2.00000E-03 -8.83513E-01
 -1.78698E+01  2.17794E-28  1.43542E+06  2.00000E-03 -9.24779E-01
 -1.77762E+01  2.17713E-28  1.43507E+06  2.00000E-03 -1.01348E+00
 -1.76827E+01  2.17611E-28  1.43463E+06  2.00000E-03 -1.09739E+00
 -1.75891E+01  2.17515E-28  1.43422E+06  2.00000E-03 -1.14887E+00
 -1.74955E+01  2.17460E-28  1.43397E+06  2.00000E-03 -1.21648E+00
 -1.74019E+01  2.17388E-28  1.43365E+06  2.00000E-03 -1.25883E+00
 -1.73083E+01  2.17268E-28  1.43312E+06  2.00000E-03 -1.37669E+00
 -1.72148E+01  2.17232E-28  1.43296E+06  2.00000E-03 -1.42804E+00
 -1.71212E+01  2.17242E-28  1.43299E+06  2.00000E-03 -1.49641E+00
 -1.70276E+01  2.17168E-28  1.43266E+06  2.00000E-03 -1.67551E+00
 -1.69340E+01  2.17143E-28  1.43255E+06  2.00000E-03 -1.78540E+00
 -1.68404E+01  2.17192E-28  1.43276E+06  2.00000E-03 -1.97762E+00
 -1.67469E+01  2.17200E-28  1.43279E+06  2.00000E-03 -2.06506E+00
 -1.66533E+01  2.17237E-28  1.43294E+06  2.00000E-03 -2.36201E+00
 -1.65597E+01  2.17290E-28  1.43316E+06  2.00000E-03 -2.58320E+00
 -1.64661E+01  2.17352E-28  1.43343E+06  2.00000E-03 -2.70192E+00
 -1.63725E+01  2.17502E-28  1.43404E+06  2.00000E-03 -3.17732E+00
 -1.62790E+01  2.17538E-28  1.43418E+06  2.00000E-03 -3.30058E+00
 -1.61854E+01  2.17702E-28  1.43483E+06  2.00000E-03 -3.78322E+00
 -1.60918E+01  2.17781E-28  1.43514E+06  2.00000E-03 -4.00455E+00
 -1.59982E+01  2.17933E-28  1.43585E+06  2.00000E-03 -4.52599E+00
 -1.59046E+01  2.18085E-28  1.43670E+06  2.00000E-03 -5.00155E+00
 -1.58111E+01  2.18094E-28  1.43681E+06  2.00000E-03 -5.08497E+00
 -1.57175E+01  2.18223E-28  1.43874E+06  1.99998E-03 -6.12188E+00
 -1.56239E+01  2.18233E-28  1.43904E+06  1.99998E-03 -6.18557E+00
 -1.55303E+01  2.18292E-28  1.44081E+06  1.99976E-03 -7.16055E+00
 -1.54367E+01  2.18317E-28  1.44138E+06  1.99965E-03 -7.57975E+00
 -1.53432E+01  2.18577E-28  1.44062E+06  1.99810E-03 -8.07745E+00
 -1.52496E+01  2.19250E-28  1.43817E+06  1.99311E-03 -9.32366E+00
 -1.51560E+01  2.19200E-28  1.43849E+06  1.99322E-03 -9.25399E+00
 -1.50624E+01  2.28640E-28  1.38019E+06  1.94205E-03 -1.08398E+01
 -1.49689E+01  2.31473E-28  1.36396E+06  1.92345E-03 -1.11528E+01
 -1.48753E+01  2.84740E-28  1.10944E+06  1.80870E-03 -1.21170E+01
 -1.47817E+01  3.19206E-28  9.90029E+05  1.75669E-03 -1.28924E+01
 -1.46881E+01  3.44219E-28  9.18245E+05  1.72567E-03 -1.31840E+01
 -1.45945E+01  4.44800E-28  7.10744E+05  1.64165E-03 -1.34429E+01
 -1.45010E+01  4.62715E-28  6.83140E+05  1.62961E-03 -1.33674E+01
 -1.44074E+01  5.88605E-28  5.36500E+05  1.56466E-03 -1.44688E+01
 -1.43138E+01  5.35571E-28  5.89389E+05  1.59226E-03 -1.32708E+01
 -1.42202E+01  4.86094E-28  6.48721E+05  1.62350E-03 -1.16493E+01
 -1.41266E+01  5.42315E-28  5.79573E+05  1.59213E-03 -1.21756E+01
 -1.40331E+01  5.16167E-28  6.09131E+05  1.60550E-03 -1.15970E+01
 -1.39395E+01  4.44924E-28  7.05175E+05  1.64786E-03 -1.08800E+01
 -1.38459E+01  3.77457E-28  8.31968E+05  1.70638E-03 -9.27747E+00
 -1.37523E+01  3.82835E-28  8.18152E+05  1.69473E-03 -1.00029E+01
 -1.36587E+01  3.57151E-28  8.77174E+05  1.71437E-03 -9.74597E+00
 -1.35652E+01  3.27020E-28  9.58786E+05  1.74382E-03 -9.31294E+00
 -1.34716E+01  3.26120E-28  9.59191E+05  1.73832E-03 -1.04037E+01
 -1.33780E+01  3.26177E-28  9.59253E+05  1.73890E-03 -1.04985E+01
 -1.32844E+01  3.17823E-28  9.83239E+05  1.75606E-03 -1.20203E+01
 -1.31908E+01  3.10900E-28  1.00491E+06  1.77286E-03 -1.28851E+01
 -1.30973E+01  2.95189E-28  1.05699E+06  1.80165E-03 -1.39157E+01
 -1.30037E+01  2.73903E-28  1.13738E+06  1.84565E-03 -1.54156E+01
 -1.29101E+01  2.66090E-28  1.17051E+06  1.86299E-03 -1.59206E+01
 -1.28165E+01  2.48231E-28  1.25118E+06  1.90450E-03 -1.80948E+01
 -1.27229E+01  2.47320E-28  1.25553E+06  1.90669E-03 -1.82217E+01
 -1.26294E+01  2.43644E-28  1.27235E+06  1.91545E-03 -1.92789E+01
 -1.25358E+01  2.42075E-28  1.27893E+06  1.91873E-03 -1.99916E+01
 -1.24422E+01  2.41474E-28  1.28096E+06  1.92001E-03 -2.05480E+01
 -1.23486E+01  2.40474E-28  1.28415E+06  1.92210E-03 -2.16945E+01
 -1.22550E+01  2.41185E-28  1.28006E+06  1.91963E-03 -2.18688E+01
 -1.21615E+01  2.40790E-28  1.27961E+06  1.91948E-03 -2.31275E+01
 -1.20679E+01  2.40439E-28  1.28084E+06  1.92025E-03 -2.34423E+01
 -1.19743E+01  2.39707E-28  1.28319E+06  1.92181E-03 -2.40018E+01
 -1.18807E+01  2.40943E-28  1.27470E+06  1.91717E-03 -2.41691E+01
 -1.17871E+01  2.41196E-28  1.27255E+06  1.91606E-03 -2.42011E+01
 -1.16936E+01  2.40037E-28  1.27721E+06  1.91898E-03 -2.45559E+01
 -1.16000E+01  2.40546E-28  1.27401E+06  1.91737E-03 -2.43296E+01
 -1.15064E+01  2.41125E-28  1.26962E+06  1.91540E-03 -2.36714E+01
 -1.14128E+01  2.40151E-28  1.27397E+06  1.91802E-03 -2.37391E+01
 -1.13192E+01  2.39502E-28  1.27689E+06  1.91976E-03 -2.36491E+01
 -1.12257E+01  2.38656E-28  1.27925E+06  1.92204E-03 -2.21781E+01
 -1.11321E+01  2.38915E-28  1.27700E+06  1.92134E-03 -2.11968E+01
 -1.10385E+01  2.37803E-28  1.28189E+06  1.92436E-03 -2.06719E+01
 -1.09449E+01  2.37246E-28  1.28444E+06  1.92602E-03 -1.97742E+01
 -1.08513E+01  2.36230E-28  1.28917E+06  1.92913E-03 -1.76062E+01
 -1.07578E+01  2.35046E-28  1.29491E+06  1.93275E-03 -1.59675E+01
 -1.06642E+01  2.34875E-28  1.29572E+06  1.93322E-03 -1.58586E+01
 -1.05706E+01  2.32286E-28  1.30871E+06  1.94055E-03 -1.40527E+01
 -1.04770E+01  2.30840E-28  1.31630E+06  1.94485E-03 -1.27419E+01
 -1.03834E+01  2.28885E-28  1.32646E+06  1.95074E-03 -1.17429E+01
 -1.02899E+01  2.28191E-28  1.33011E+06  1.95282E-03 -1.14429E+01
 -1.01963E+01  2.25042E-28  1.34728E+06  1.96216E-03 -9.27040E+00
 -1.01027E+01  2.21308E-28  1.36845E+06  1.97381E-03 -7.70300E+00
 -1.00091E+01  2.20801E-28  1.37144E+06  1.97543E-03 -7.42009E+00
 -9.91554E+00  2.19554E-28  1.37768E+06  1.97904E-03 -6.65928E+00
 -9.82196E+00  2.18847E-28  1.38101E+06  1.98093E-03 -5.63571E+00
 -9.72838E+00  2.17962E-28  1.38527E+06  1.98342E-03 -4.84119E+00
 -9.63480E+00  2.17208E-28  1.38900E+06  1.98563E-03 -4.53518E+00
 -9.54122E+00  2.16564E-28  1.39191E+06  1.98733E-03 -3.77983E+00
 -9.44764E+00  2.15049E-28  1.39902E+06  1.99137E-03 -2.37043E+00
 -9.35406E+00  2.14695E-28  1.40089E+06  1.99239E-03 -2.06288E+00
 -9.26048E+00  2.14000E-28  1.40352E+06  1.99411E-03 -1.62706E+00
 -9.16690E+00  2.13521E-28  1.40538E+06  1.99530E-03 -1.21303E+00
 -9.07332E+00  2.13195E-28  1.40629E+06  1.99598E-03 -8.56160E-01
 -8.97974E+00  2.12967E-28  1.40599E+06  1.99616E-03 -6.21431E-01
 -8.88616E+00  2.12740E-28  1.40699E+06  1.99670E-03 -3.49999E-01
 -8.79258E+00  2.12021E-28  1.40915E+06  1.99819E-03  1.94128E-01
 -8.69900E+00  2.11776E-28  1.41022E+06  1.99880E-03  4.03553E-01
 -8.60542E+00  2.11687E-28  1.40983E+06  1.99881E-03  5.34044E-01
 -8.51184E+00  2.11536E-28  1.40944E+06  1.99898E-03  6.33869E-01
 -8.41826E+00  2.11448E-28  1.40939E+06  1.99922E-03  7.55872E-01
 -8.32468E+00  2.11373E-28  1.40918E+06  1.99934E-03  9.00037E-01
 -8.23110E+00  2.11371E-28  1.40914E+06  1.99938E-03  8.93458E-01
 -8.13752E+00  2.11385E-28  1.40893E+06  1.99952E-03  9.55793E-01
 -8.04394E+00  2.11380E-28  1.40905E+06  1.99977E-03  9.79680E-01
 -7.95036E+00  2.11419E-28  1.40919E+06  1.99976E-03  9.76794E-01
 -7.85678E+00  2.11484E-28  1.40941E+06  1.99978E-03  9.80324E-01
 -7.76320E+00  2.11515E-28  1.40951E+06  1.99983E-03  9.78176E-01
 -7.66962E+00  2.11691E-28  1.41018E+06  1.99985E-03  9.06897E-01
 -7.57604E+00  2.11732E-28  1.41032E+06  1.99986E-03  8.76194E-01
 -7.48246E+00  2.11952E-28  1.41086E+06  1.99986E-03  7.74403E-01
 -7.38888E+00  2.12127E-28  1.41120E+06  1.99993E-03  7.38289E-01
 -7.29530E+00  2.12246E-28  1.41170E+06  1.99994E-03  6.57908E-01
 -7.20172E+00  2.12468E-28  1.41258E+06  1.99994E-03  5.30550E-01
 -7.10814E+00  2.12521E-28  1.41270E+06  1.99995E-03  5.24949E-01
 -7.01456E+00  2.12765E-28  1.41380E+06  1.99996E-03  3.76500E-01
 -6.92098E+00  2.12788E-28  1.41392E+06  1.99996E-03  3.58667E-01
 -6.82740E+00  2.12840E-28  1.41400E+06  1.99996E-03  3.41029E-01
 -6.73382E+00  2.13013E-28  1.41462E+06  1.99998E-03  2.77948E-01
 -6.64024E+00  2.13041E-28  1.41468E+06  1.99998E-03  2.82900E-01
 -6.54666E+00  2.13020E-28  1.41459E+06  1.99998E-03  2.83057E-01
 -6.45308E+00  2.13002E-28  1.41443E+06  1.99999E-03  3.63883E-01
 -6.35950E+00  2.12970E-28  1.41419E+06  1.99999E-03  4.98446E-01
 -6.26592E+00  2.12933E-28  1.41403E+06  1.99999E-03  5.24007E-01
 -6.17234E+00  2.12818E-28  1.41354E+06  1.99999E-03  6.41768E-01
 -6.07876E+00  2.12677E-28  1.41292E+06  1.99999E-03  8.86907E-01
 -5.98518E+00  2.12609E-28  1.41258E+06  2.00000E-03  1.02672E+00
 -5.89160E+00  2.12432E-28  1.41180E+06  2.00000E-03  1.22140E+00
 -5.79802E+00  2.12332E-28  1.41134E+06  2.00000E-03  1.38850E+00
 -5.70444E+00  2.12175E-28  1.41061E+06  2.00000E-03  1.69009E+00
 -5.61086E+00  2.11949E-28  1.40962E+06  2.00000E-03  1.94113E+00
 -5.51728E+00  2.11942E-28  1.40960E+06  2.00000E-03  2.03938E+00
 -5.42370E+00  2.11690E-28  1.40843E+06  2.00000E-03  2.55606E+00
 -5.33012E+00  2.11614E-28  1.40804E+06  2.00000E-03  2.70310E+00
 -5.23655E+00  2.11425E-28  1.40721E+06  2.00000E-03  3.05537E+00
 -5.14297E+00  2.11392E-28  1.40708E+06  2.00000E-03  3.22412E+00
 -5.04939E+00  2.11209E-28  1.40626E+06  2.00000E-03  3.37927E+00
 -4.95581E+00  2.11077E-28  1.40568E+06  2.00000E-03  3.57414E+00
 -4.86223E+00  2.11080E-28  1.40568E+06  2.00000E-03  3.59603E+00
 -4.76865E+00  2.10922E-28  1.40500E+06  2.00000E-03  3.86420E+00
 -4.67507E+00  2.10872E-28  1.40478E+06  2.00000E-03  3.81274E+00
 -4.58149E+00  2.10821E-28  1.40456E+06  2.00000E-03  3.90744E+00
 -4.48791E+00  2.10805E-28  1.40449E+06  2.00000E-03  4.10272E+00
 -4.39433E+00  2.10767E-28  1.40434E+06  2.00000E-03  4.10262E+00
 -4.30075E+00  2.10745E-28  1.40426E+06  2.00000E-03  4.21578E+00
 -4.20717E+00  2.10738E-28  1.40424E+06  2.00000E-03  4.19017E+00
 -4.11359E+00  2.10748E-28  1.40428E+06  2.00000E-03  4.40450E+00
 -4.02001E+00  2.10735E-28  1.40421E+06  2.00000E-03  4.35547E+00
 -3.92643E+00  2.10733E-28  1.40419E+06  2.00000E-03  4.34956E+00
 -3.83285E+00  2.10753E-28  1.40428E+06  2.00000E-03  4.51828E+00
 -3.73927E+00  2.10743E-28  1.40423E+06  2.00000E-03  4.45911E+00
 -3.64569E+00  2.10751E-28  1.40426E+06  2.00000E-03  4.55758E+00
 -3.55211E+00  2.10752E-28  1.40427E+06  2.00000E-03  4.56698E+00
 -3.45853E+00  2.10761E-28  1.40432E+06  2.00000E-03  4.71769E+00
 -3.36495E+00  2.10755E-28  1.40430E+06  2.00000E-03  4.73346E+00
 -3.27137E+00  2.10743E-28  1.40424E+06  2.00000E-03  4.73681E+00
 -3.17779E+00  2.10733E-28  1.40418E+06  2.00000E-03  4.90368E+00
 -3.08421E+00  2.10721E-28  1.40412E+06  2.00000E-03  4.90050E+00
 -2.99063E+00  2.10687E-28  1.40398E+06  2.00000E-03  5.00587E+00
 -2.89705E+00  2.10665E-28  1.40388E+06  2.00000E-03  4.98717E+00
 -2.80347E+00  2.10641E-28  1.40377E+06  2.00000E-03  5.07208E+00
 -2.70989E+00  2.10575E-28  1.40347E+06  2.00000E-03  5.16150E+00
 -2.61631E+00  2.10553E-28  1.40337E+06  2.00000E-03  5.12456E+00
 -2.52273E+00  2.10452E-28  1.40293E+06  2.00000E-03  5.30177E+00
 -2.42915E+00  2.10447E-28  1.40290E+06  2.00000E-03  5.26413E+00
 -2.33557E+00  2.10365E-28  1.40253E+06  2.00000E-03  5.35537E+00
 -2.24199E+00  2.10291E-28  1.40219E+06  2.00000E-03  5.36047E+00
 -2.14841E+00  2.10271E-28  1.40210E+06  2.00000E-03  5.39057E+00
 -2.05483E+00  2.10121E-28  1.40144E+06  2.00000E-03  5.54086E+00
 -1.96125E+00  2.10100E-28  1.40135E+06  2.00000E-03  5.50013E+00
 -1.86767E+00  2.09948E-28  1.40065E+06  2.00000E-03  5.63967E+00
 -1.77409E+00  2.09931E-28  1.40058E+06  2.00000E-03  5.65574E+00
 -1.68051E+00  2.09847E-28  1.40020E+06  2.00000E-03  5.66840E+00
 -1.58693E+00  2.09752E-28  1.39980E+06  2.00000E-03  5.71846E+00
 -1.49335E+00  2.09732E-28  1.39970E+06  2.00000E-03  5.71444E+00
 -1.39977E+00  2.09698E-28  1.39954E+06  2.00000E-03  5.77901E+00
 -1.30619E+00  2.09675E-28  1.39943E+06  2.00000E-03  5.74366E+00
 -1.21261E+00  2.09688E-28  1.39950E+06  2.00000E-03  5.71092E+00
 -1.11903E+00  2.09702E-28  1.39957E+06  2.00000E-03  5.71899E+00
 -1.02545E+00  2.09763E-28  1.39984E+06  2.00000E-03  5.65171E+00
 -9.31872E-01  2.09882E-28  1.40036E+06  2.00000E-03  5.51772E+00
 -8.38292E-01  2.09945E-28  1.40064E+06  2.00000E-03  5.44059E+00
 -7.44712E-01  2.10210E-28  1.40183E+06  2.00000E-03  5.27620E+00
 -6.51132E-01  2.10315E-28  1.40231E+06  2.00000E-03  5.15729E+00
 -5.57552E-01  2.10611E-28  1.40361E+06  2.00000E-03  4.90014E+00
 -4.63973E-01  2.10861E-28  1.40471E+06  2.00000E-03  4.72202E+00
 -3.70393E-01  2.10981E-28  1.40525E+06  2.00000E-03  4.61688E+00
 -2.76813E-01  2.11498E-28  1.40755E+06  2.00000E-03  4.22495E+00
 -1.83233E-01  2.11727E-28  1.40857E+06  2.00000E-03  4.02942E+00
 -8.96531E-02  2.12196E-28  1.41064E+06  2.00000E-03  3.68997E+00
  3.92677E-03  2.12419E-28  1.41162E+06  2.00000E-03  3.50792E+00
  9.75066E-02  2.12694E-28  1.41285E+06  2.00000E-03  3.27885E+00
  1.91086E-01  2.13088E-28  1.41460E+06  2.00000E-03  3.00434E+00
  2.84666E-01  2.13108E-28  1.41469E+06  2.00000E-03  2.97861E+00
  3.78246E-01  2.13565E-28  1.41671E+06  2.00000E-03  2.67176E+00
  4.71826E-01  2.13655E-28  1.41710E+06  2.00000E-03  2.59383E+00
  5.65406E-01  2.13918E-28  1.41827E+06  2.00000E-03  2.43261E+00
  6.58986E-01  2.14077E-28  1.41898E+06  2.00000E-03  2.32440E+00
  7.52566E-01  2.14139E-28  1.41925E+06  2.00000E-03  2.28040E+00
  8.46145E-01  2.14375E-28  1.42027E+06  2.00000E-03  2.13592E+00
  9.39725E-01  2.14368E-28  1.42023E+06  2.00000E-03  2.14102E+00
  1.03331E+00  2.14602E-28  1.42123E+06  2.00000E-03  1.99328E+00
  1.12689E+00  2.14578E-28  1.42112E+06  2.00000E-03  2.00842E+00
  1.22046E+00  2.14638E-28  1.42138E+06  2.00000E-03  1.96226E+00
  1.31404E+00  2.14775E-28  1.42199E+06  2.00000E-03  1.86100E+00
  1.40762E+00  2.14707E-28  1.42169E+06  2.00000E-03  1.91446E+00
  1.50120E+00  2.14747E-28  1.42188E+06  2.00000E-03  1.89871E+00
  1.59478E+00  2.14758E-28  1.42194E+06  2.00000E-03  1.89606E+00
  1.68836E+00  2.14800E-28  1.42219E+06  2.00000E-03  1.84386E+00
  1.78194E+00  2.14709E-28  1.42200E+06  2.00000E-03  1.88312E+00
  1.87552E+00  2.14651E-28  1.42191E+06  2.00000E-03  1.91365E+00
  1.96910E+00  2.14692E-28  1.42208E+06  2.00000E-03  1.87613E+00
  2.06268E+00  2.14633E-28  1.42218E+06  2.00000E-03  1.90715E+00
  2.15626E+00  2.14561E-28  1.42226E+06  2.00000E-03  1.91818E+00
  2.24984E+00  2.14504E-28  1.42244E+06  2.00000E-03  1.94469E+00
  2.34342E+00  2.14502E-28  1.42237E+06  2.00000E-03  1.91794E+00
  2.43700E+00  2.14455E-28  1.42255E+06  2.00000E-03  1.91039E+00
  2.53058E+00  2.14444E-28  1.42278E+06  2.00000E-03  1.90461E+00
  2.62416E+00  2.14442E-28  1.42289E+06  2.00000E-03  1.81329E+00
  2.71774E+00  2.14389E-28  1.42335E+06  1.99999E-03  1.80709E+00
  2.81132E+00  2.14339E-28  1.42396E+06  1.99999E-03  1.71280E+00
  2.90490E+00  2.14264E-28  1.42507E+06  1.99999E-03  1.65767E+00
  2.99848E+00  2.14269E-28  1.42510E+06  1.99999E-03  1.60115E+00
  3.09206E+00  2.14333E-28  1.42526E+06  1.99998E-03  1.38415E+00
  3.18564E+00  2.14374E-28  1.42534E+06  1.99997E-03  1.36227E+00
  3.27922E+00  2.14375E-28  1.42533E+06  1.99996E-03  1.14237E+00
  3.37280E+00  2.14379E-28  1.42532E+06  1.99993E-03  1.07093E+00
  3.46638E+00  2.14426E-28  1.42464E+06  1.99967E-03  9.73315E-01
  3.55996E+00  2.14541E-28  1.42403E+06  1.99937E-03  7.94204E-01
  3.65354E+00  2.14559E-28  1.42371E+06  1.99926E-03  7.42746E-01
  3.74712E+00  2.14645E-28  1.42200E+06  1.99875E-03  5.80832E-01
  3.84070E+00  2.14935E-28  1.41974E+06  1.99783E-03  5.60162E-01
  3.93428E+00  2.15206E-28  1.41704E+06  1.99689E-03  4.25791E-01
  4.02786E+00  2.15183E-28  1.41663E+06  1.99686E-03  4.39848E-01
  4.12144E+00  2.16669E-28  1.40561E+06  1.99093E-03  4.54668E-01
  4.21502E+00  2.18796E-28  1.39031E+06  1.98226E-03  4.14202E-01
  4.30860E+00  2.19094E-28  1.38776E+06  1.98080E-03  4.71693E-01
  4.40218E+00  2.19213E-28  1.38560E+06  1.97955E-03  5.83996E-01
  4.49576E+00  2.19730E-28  1.38140E+06  1.97713E-03  7.03858E-01
  4.58934E+00  2.19906E-28  1.37884E+06  1.97564E-03  9.73096E-01
  4.68292E+00  2.19259E-28  1.38232E+06  1.97775E-03  1.11543E+00
  4.77650E+00  2.19993E-28  1.37739E+06  1.97447E-03  1.19978E+00
  4.87008E+00  2.20531E-28  1.37335E+06  1.97159E-03  1.54192E+00
  4.96366E+00  2.20700E-28  1.37224E+06  1.97075E-03  1.64462E+00
  5.05724E+00  2.18777E-28  1.38442E+06  1.97848E-03  1.92770E+00
  5.15082E+00  2.18292E-28  1.38763E+06  1.98058E-03  2.03002E+00
  5.24440E+00  2.17933E-28  1.39036E+06  1.98227E-03  2.15604E+00
  5.33798E+00  2.17205E-28  1.39571E+06  1.98546E-03  2.35253E+00
  5.43156E+00  2.16970E-28  1.39748E+06  1.98644E-03  2.37916E+00
  5.52514E+00  2.15791E-28  1.40650E+06  1.99152E-03  2.54950E+00
  5.61872E+00  2.15465E-28  1.40940E+06  1.99303E-03  2.57222E+00
  5.71230E+00  2.15258E-28  1.41134E+06  1.99411E-03  2.64469E+00
  5.80588E+00  2.15029E-28  1.41367E+06  1.99535E-03  2.67799E+00
  5.89946E+00  2.14925E-28  1.41479E+06  1.99589E-03  2.64266E+00
  5.99304E+00  2.14476E-28  1.41848E+06  1.99786E-03  2.76660E+00
  6.08662E+00  2.14468E-28  1.41858E+06  1.99792E-03  2.75642E+00
  6.18020E+00  2.14301E-28  1.41949E+06  1.99862E-03  2.82133E+00
  6.27378E+00  2.14214E-28  1.42015E+06  1.99901E-03  2.81080E+00
  6.36736E+00  2.14122E-28  1.41998E+06  1.99924E-03  2.88042E+00
  6.46094E+00  2.13999E-28  1.41975E+06  1.99954E-03  2.97511E+00
  6.55452E+00  2.13973E-28  1.41968E+06  1.99960E-03  2.92294E+00
  6.64810E+00  2.13753E-28  1.41872E+06  1.99976E-03  3.02420E+00
  6.74168E+00  2.13732E-28  1.41863E+06  1.99977E-03  3.03833E+00
  6.83526E+00  2.13525E-28  1.41734E+06  1.99987E-03  3.17604E+00
  6.92884E+00  2.13414E-28  1.41663E+06  1.99993E-03  3.26248E+00
  7.02242E+00  2.13313E-28  1.41610E+06  1.99995E-03  3.30588E+00
  7.11600E+00  2.13104E-28  1.41505E+06  1.99996E-03  3.38284E+00
  7.20958E+00  2.13037E-28  1.41471E+06  1.99997E-03  3.39936E+00
  7.30316E+00  2.12746E-28  1.41328E+06  1.99999E-03  3.48846E+00
  7.39674E+00  2.12661E-28  1.41286E+06  1.99999E-03  3.51758E+00
  7.49031E+00  2.12510E-28  1.41214E+06  1.99999E-03  3.53651E+00
  7.58390E+00  2.12317E-28  1.41123E+06  2.00000E-03  3.61748E+00
  7.67747E+00  2.12238E-28  1.41088E+06  2.00000E-03  3.64805E+00
  7.77105E+00  2.12046E-28  1.41005E+06  2.00000E-03  3.64372E+00
  7.86463E+00  2.11992E-28  1.40981E+06  2.00000E-03  3.65065E+00
  7.95821E+00  2.11836E-28  1.40911E+06  2.00000E-03  3.60547E+00
  8.05179E+00  2.11745E-28  1.40871E+06  2.00000E-03  3.55936E+00
  8.14537E+00  2.11698E-28  1.40850E+06  2.00000E-03  3.52821E+00
  8.23895E+00  2.11564E-28  1.40792E+06  2.00000E-03  3.43142E+00
  8.33253E+00  2.11556E-28  1.40788E+06  2.00000E-03  3.40951E+00
  8.42611E+00  2.11446E-28  1.40739E+06  2.00000E-03  3.25074E+00
  8.51969E+00  2.11423E-28  1.40729E+06  2.00000E-03  3.20690E+00
  8.61327E+00  2.11381E-28  1.40711E+06  2.00000E-03  3.03258E+00
  8.70685E+00  2.11354E-28  1.40700E+06  2.00000E-03  2.86166E+00
  8.80043E+00  2.11344E-28  1.40695E+06  2.00000E-03  2.83854E+00
  8.89401E+00  2.11262E-28  1.40658E+06  2.00000E-03  2.61599E+00
  8.98759E+00  2.11305E-28  1.40675E+06  2.00000E-03  2.46706E+00
  9.08117E+00  2.11261E-28  1.40656E+06  2.00000E-03  2.28777E+00
  9.17475E+00  2.11199E-28  1.40630E+06  2.00000E-03  2.18024E+00
  9.26833E+00  2.11214E-28  1.40637E+06  2.00000E-03  1.99613E+00
  9.36191E+00  2.11224E-28  1.40643E+06  2.00000E-03  1.89753E+00
  9.45549E+00  2.11148E-28  1.40609E+06  2.00000E-03  1.77050E+00
  9.54907E+00  2.11063E-28  1.40572E+06  2.00000E-03  1.66900E+00
  9.64265E+00  2.11061E-28  1.40571E+06  2.00000E-03  1.40715E+00
  9.73623E+00  2.11053E-28  1.40567E+06  2.00000E-03  1.25515E+00
  9.82981E+00  2.10984E-28  1.40536E+06  2.00000E-03  1.27840E+00
  9.92339E+00  2.10937E-28  1.40516E+06  2.00000E-03  1.19145E+00
  1.00170E+01  2.10792E-28  1.40452E+06  2.00000E-03  1.14576E+00
  1.01106E+01  2.10781E-28  1.40447E+06  2.00000E-03  1.13862E+00
  1.02041E+01  2.10704E-28  1.40414E+06  2.00000E-03  1.19683E+00
  1.02977E+01  2.10645E-28  1.40388E+06  2.00000E-03  1.09011E+00
  1.03913E+01  2.10644E-28  1.40381E+06  2.00000E-03  1.03885E+00
  1.04849E+01  2.10513E-28  1.40321E+06  2.00000E-03  1.17377E+00
  1.05785E+01  2.10502E-28  1.40316E+06  2.00000E-03  1.17312E+00
  1.06720E+01  2.10473E-28  1.40303E+06  2.00000E-03  1.20054E+00
  1.07656E+01  2.10461E-28  1.40298E+06  2.00000E-03  1.20791E+00
  1.08592E+01  2.10403E-28  1.40273E+06  2.00000E-03  1.26852E+00
  1.09528E+01  2.10360E-28  1.40252E+06  2.00000E-03  1.30144E+00
  1.10463E+01  2.10373E-28  1.40253E+06  2.00000E-03  1.25118E+00
  1.11399E+01  2.10342E-28  1.40239E+06  2.00000E-03  1.21463E+00
  1.12335E+01  2.10341E-28  1.40237E+06  2.00000E-03  1.21076E+00
  1.13271E+01  2.10360E-28  1.40245E+06  2.00000E-03  1.14396E+00
  1.14207E+01  2.10361E-28  1.40245E+06  2.00000E-03  1.08715E+00
  1.15142E+01  2.10362E-28  1.40247E+06  2.00000E-03  1.04830E+00
  1.16078E+01  2.10392E-28  1.40262E+06  1.99999E-03  1.00126E+00
  1.17014E+01  2.10422E-28  1.40275E+06  1.99999E-03  9.84738E-01
  1.17950E+01  2.10471E-28  1.40296E+06  1.99999E-03  7.70777E-01
  1.18886E+01  2.10477E-28  1.40298E+06  1.99999E-03  7.61725E-01
  1.19821E+01  2.10516E-28  1.40316E+06  1.99999E-03  7.14878E-01
  1.20757E+01  2.10544E-28  1.40323E+06  1.99999E-03  6.37502E-01
  1.21693E+01  2.10571E-28  1.40334E+06  1.99999E-03  5.62612E-01
  1.22629E+01  2.10665E-28  1.40379E+06  1.99999E-03  4.64382E-01
  1.23565E+01  2.10776E-28  1.40421E+06  1.99999E-03  4.76526E-01
  1.24500E+01  2.10913E-28  1.40477E+06  1.99999E-03  4.08929E-01
  1.25436E+01  2.10943E-28  1.40494E+06  1.99999E-03  4.52611E-01
  1.26372E+01  2.11013E-28  1.40525E+06  1.99999E-03  3.62173E-01
  1.27308E+01  2.11168E-28  1.40585E+06  1.99999E-03  2.20314E-01
  1.28244E+01  2.11199E-28  1.40602E+06  2.00000E-03  2.72240E-01
  1.29179E+01  2.11280E-28  1.40639E+06  2.00000E-03  2.39474E-01
  1.30115E+01  2.11409E-28  1.40692E+06  1.99999E-03  2.56764E-01
  1.31051E+01  2.11597E-28  1.40772E+06  2.00000E-03  2.40987E-01
  1.31987E+01  2.11778E-28  1.40850E+06  2.00000E-03  2.52464E-01
  1.32923E+01  2.11735E-28  1.40827E+06  2.00000E-03  2.10205E-01
  1.33858E+01  2.11803E-28  1.40857E+06  2.00000E-03  2.27373E-01
  1.34794E+01  2.11829E-28  1.40870E+06  2.00000E-03  2.45956E-01
  1.35730E+01  2.11795E-28  1.40866E+06  2.00000E-03  2.49129E-01
  1.36666E+01  2.11825E-28  1.40882E+06  2.00000E-03  2.32309E-01
  1.37602E+01  2.11853E-28  1.40892E+06  2.00000E-03  2.70704E-01
  1.38537E+01  2.11924E-28  1.40918E+06  2.00000E-03  2.68528E-01
  1.39473E+01  2.11955E-28  1.40937E+06  2.00000E-03  2.16839E-01
  1.40409E+01  2.11606E-28  1.40799E+06  2.00000E-03  3.66929E-01
  1.41345E+01  2.11606E-28  1.40799E+06  2.00000E-03  3.66929E-01
  1.42281E+01  2.11606E-28  1.40799E+06  2.00000E-03  3.66929E-01
  1.43216E+01  2.11609E-28  1.40801E+06  2.00000E-03  3.59376E-01
  1.44152E+01  2.11427E-28  1.40724E+06  2.00000E-03  3.19456E-01
  1.45088E+01  2.11114E-28  1.40586E+06  2.00000E-03  2.99104E-01
  1.46024E+01  2.11120E-28  1.40588E+06  2.00000E-03  2.74815E-01
  1.46960E+01  2.11120E-28  1.40588E+06  2.00000E-03  2.74815E-01
  1.47895E+01  2.11120E-28  1.40588E+06  2.00000E-03  2.74815E-01
  1.48831E+01  2.10831E-28  1.40459E+06  2.00000E-03  3.26775E-01
  1.49767E+01  2.10586E-28  1.40349E+06  2.00000E-03  3.70904E-01
  1.50703E+01  2.10665E-28  1.40383E+06  2.00000E-03  2.79195E-01
  1.51639E+01  2.10728E-28  1.40410E+06  2.00000E-03  2.06467E-01
  1.52574E+01  2.10748E-28  1.40419E+06  2.00000E-03  1.83454E-01
  1.53510E+01  2.10539E-28  1.40327E+06  2.00000E-03  5.65236E-02
  1.54446E+01  2.10463E-28  1.40292E+06  2.00000E-03  9.89020E-03
  1.55382E+01  2.10463E-28  1.40293E+06  2.00000E-03  9.89020E-03
  1.56318E+01  2.10463E-28  1.40293E+06  2.00000E-03  9.89020E-03
  1.57253E+01  2.10599E-28  1.40353E+06  2.00000E-03 -2.29154E-01
  1.58189E+01  2.10722E-28  1.40408E+06  2.00000E-03 -6.14668E-01
  1.59125E+01  2.10808E-28  1.40446E+06  2.00000E-03 -8.71611E-01
  1.60061E+01  2.10808E-28  1.40446E+06  2.00000E-03 -8.71611E-01
  1.60997E+01  2.10807E-28  1.40446E+06  2.00000E-03 -8.71611E-01
  1.61932E+01  2.10900E-28  1.40487E+06  2.00000E-03 -1.01476E+00
  1.62868E+01  2.11175E-28  1.40609E+06  2.00000E-03 -1.44125E+00
  1.63804E+01  2.11248E-28  1.40641E+06  2.00000E-03 -1.56389E+00
  1.64740E+01  2.11343E-28  1.40684E+06  2.00000E-03 -1.72291E+00
  1.65676E+01  2.11472E-28  1.40741E+06  2.00000E-03 -1.93824E+00
  1.66611E+01  2.11583E-28  1.40790E+06  2.00000E-03 -2.08612E+00
  1.67547E+01  2.11897E-28  1.40930E+06  2.00000E-03 -2.50425E+00
  1.68483E+01  2.11897E-28  1.40930E+06  2.00000E-03 -2.50425E+00
  1.69419E+01  2.11897E-28  1.40930E+06  2.00000E-03 -2.50425E+00
  1.70355E+01  2.11918E-28  1.40939E+06  2.00000E-03 -2.53062E+00
  1.71290E+01  2.12316E-28  1.41116E+06  2.00000E-03 -3.00852E+00
  1.72226E+01  2.12590E-28  1.41239E+06  2.00000E-03 -3.35622E+00
  1.73162E+01  2.12606E-28  1.41246E+06  2.00000E-03 -3.37694E+00
  1.74098E+01  2.12606E-28  1.41246E+06  2.00000E-03 -3.37694E+00
  1.75034E+01  2.12606E-28  1.41246E+06  2.00000E-03 -3.37694E+00
  1.75969E+01  2.12872E-28  1.41365E+06  2.00000E-03 -3.72091E+00
  1.76905E+01  2.12916E-28  1.41384E+06  2.00000E-03 -3.77720E+00
  1.77841E+01  2.13074E-28  1.41455E+06  2.00000E-03 -3.90382E+00
  1.78777E+01  2.13225E-28  1.41521E+06  2.00000E-03 -4.02418E+00
  1.79713E+01  2.13302E-28  1.41556E+06  2.00000E-03 -4.11388E+00
  1.80648E+01  2.13454E-28  1.41623E+06  2.00000E-03 -4.34570E+00
  1.81584E+01  2.13468E-28  1.41630E+06  2.00000E-03 -4.36809E+00
  1.82520E+01  2.13468E-28  1.41630E+06  2.00000E-03 -4.36809E+00
  1.83456E+01  2.13468E-28  1.41630E+06  2.00000E-03 -4.36809E+00
  1.84392E+01  2.13586E-28  1.41682E+06  2.00000E-03 -4.48164E+00
  1.85327E+01  2.13816E-28  1.41784E+06  2.00000E-03 -4.77307E+00
  1.86263E+01  2.13944E-28  1.41840E+06  2.00000E-03 -4.87097E+00
  1.87199E+01  2.13944E-28  1.41840E+06  2.00000E-03 -4.87097E+00
  1.88135E+01  2.13944E-28  1.41840E+06  2.00000E-03 -4.87097E+00
  1.89071E+01  2.13954E-28  1.41844E+06  2.00000E-03 -5.02374E+00
  1.90006E+01  2.13962E-28  1.41846E+06  2.00000E-03 -5.14011E+00
  1.90942E+01  2.14026E-28  1.41874E+06  2.00000E-03 -5.16684E+00
  1.91878E+01  2.14142E-28  1.41926E+06  2.00000E-03 -5.21551E+00
  1.92814E+01  2.14263E-28  1.41979E+06  2.00000E-03 -5.27160E+00
  1.93750E+01  2.14322E-28  1.42006E+06  2.00000E-03 -5.47419E+00
  1.94685E+01  2.14322E-28  1.42006E+06  2.00000E-03 -5.55420E+00
  1.95621E+01  2.14322E-28  1.42006E+06  2.00000E-03 -5.55420E+00
  1.96557E+01  2.14322E-28  1.42006E+06  2.00000E-03 -5.55420E+00
  1.97493E+01  2.14324E-28  1.42007E+06  2.00000E-03 -5.56632E+00
  1.98429E+01  2.14458E-28  1.42067E+06  2.00000E-03 -5.81485E+00
  1.99364E+01  2.14613E-28  1.42135E+06  2.00000E-03 -5.87927E+00
  2.00300E+01  2.14692E-28  1.42170E+06  2.00000E-03 -5.90558E+00
  2.01236E+01  2.14692E-28  1.42170E+06  2.00000E-03 -5.90558E+00
  2.02172E+01  2.14730E-28  1.42186E+06  2.00000E-03 -5.95569E+00
  2.03108E+01  2.14859E-28  1.42243E+06  2.00000E-03 -6.12781E+00
  2.04043E+01  2.14867E-28  1.42246E+06  2.00000E-03 -6.13763E+00
  2.04979E+01  2.14928E-28  1.42274E+06  2.00000E-03 -6.15738E+00
  2.05915E+01  2.15059E-28  1.42331E+06  2.00000E-03 -6.19907E+00
  2.06851E+01  2.15280E-28  1.42428E+06  2.00000E-03 -6.31154E+00
  2.07787E+01  2.15500E-28  1.42525E+06  2.00000E-03 -6.45875E+00
  2.08722E+01  2.15516E-28  1.42532E+06  2.00000E-03 -6.46942E+00
  2.09658E+01  2.15516E-28  1.42532E+06  2.00000E-03 -6.46943E+00
  2.10594E+01  2.15516E-28  1.42532E+06  2.00000E-03 -6.46942E+00
  2.11530E+01  2.15865E-28  1.42686E+06  2.00000E-03 -6.65206E+00
  2.12466E+01  2.16174E-28  1.42822E+06  2.00000E-03 -6.78911E+00
  2.13401E+01  2.16250E-28  1.42856E+06  2.00000E-03 -6.80312E+00
  2.14337E+01  2.16271E-28  1.42865E+06  2.00000E-03 -6.80703E+00
  2.15273E+01  2.16313E-28  1.42884E+06  2.00000E-03 -6.82740E+00
  2.16209E+01  2.16747E-28  1.43074E+06  2.00000E-03 -7.04188E+00
  2.17145E+01  2.16961E-28  1.43168E+06  2.00000E-03 -7.14732E+00
  2.18080E+01  2.16961E-28  1.43168E+06  2.00000E-03 -7.14732E+00
  2.19016E+01  2.17010E-28  1.43189E+06  2.00000E-03 -7.16368E+00
  2.19952E+01  2.17134E-28  1.43243E+06  2.00000E-03 -7.22310E+00
  2.20888E+01  2.17666E-28  1.43476E+06  2.00000E-03 -7.49960E+00
  2.21824E+01  2.17772E-28  1.43522E+06  2.00000E-03 -7.55478E+00
  2.22759E+01  2.17772E-28  1.43522E+06  2.00000E-03 -7.55478E+00
  2.23695E+01  2.17772E-28  1.43522E+06  2.00000E-03 -7.55478E+00
  2.24631E+01  2.17988E-28  1.43617E+06  2.00000E-03 -7.67650E+00
  2.25567E+01  2.18456E-28  1.43822E+06  2.00000E-03 -7.95969E+00
  2.26503E+01  2.18428E-28  1.43809E+06  2.00000E-03 -7.99042E+00
  2.27438E+01  2.18416E-28  1.43803E+06  2.00000E-03 -8.00382E+00
  2.28374E+01  2.18416E-28  1.43803E+06  2.00000E-03 -8.00382E+00
  2.29310E+01  2.18657E-28  1.43910E+06  2.00000E-03 -8.16206E+00
  2.30246E+01  2.18977E-28  1.44050E+06  2.00000E-03 -8.37102E+00
  2.31182E+01  2.18977E-28  1.44050E+06  2.00000E-03 -8.37102E+00
  2.32117E+01  2.18957E-28  1.44041E+06  2.00000E-03 -8.38665E+00
  2.33053E+01  2.18912E-28  1.44021E+06  2.00000E-03 -8.42200E+00
  2.33989E+01  2.19117E-28  1.44111E+06  2.00000E-03 -8.62176E+00
  2.34925E+01  2.19290E-28  1.44187E+06  2.00000E-03 -8.75132E+00
  2.35861E+01  2.19290E-28  1.44187E+06  2.00000E-03 -8.75132E+00
  2.36796E+01  2.19290E-28  1.44187E+06  2.00000E-03 -8.75132E+00
  2.37732E+01  2.19330E-28  1.44204E+06  2.00000E-03 -8.78116E+00
  2.38668E+01  2.19542E-28  1.44296E+06  2.00000E-03 -8.95193E+00
  2.39604E+01  2.19522E-28  1.44287E+06  2.00000E-03 -9.00387E+00
  2.40539E+01  2.19462E-28  1.44259E+06  2.00000E-03 -9.02825E+00
  2.41475E+01  2.19460E-28  1.44258E+06  2.00000E-03 -9.02900E+00
  2.42411E+01  2.19499E-28  1.44276E+06  2.00000E-03 -9.06249E+00
  2.43347E+01  2.19622E-28  1.44329E+06  2.00000E-03 -9.16630E+00
  2.44283E+01  2.19642E-28  1.44338E+06  2.00000E-03 -9.18280E+00
  2.45218E+01  2.19640E-28  1.44337E+06  2.00000E-03 -9.18330E+00
  2.46154E+01  2.19610E-28  1.44323E+06  2.00000E-03 -9.19605E+00
  2.47090E+01  2.19592E-28  1.44313E+06  2.00000E-03 -9.23952E+00
  2.48026E+01  2.19638E-28  1.44332E+06  2.00000E-03 -9.32464E+00
  2.48962E+01  2.19638E-28  1.44332E+06  2.00000E-03 -9.32464E+00
  2.49897E+01  2.19638E-28  1.44332E+06  2.00000E-03 -9.32464E+00
  2.50833E+01  2.19638E-28  1.44332E+06  2.00000E-03 -9.32464E+00
  2.51769E+01  2.19666E-28  1.44344E+06  2.00000E-03 -9.36740E+00
  2.52705E+01  2.19689E-28  1.44353E+06  2.00000E-03 -9.40143E+00
  2.53641E+01  2.19644E-28  1.44332E+06  2.00000E-03 -9.39989E+00
  2.54576E+01  2.19627E-28  1.44323E+06  2.00000E-03 -9.39927E+00
  2.55512E+01  2.19627E-28  1.44323E+06  2.00000E-03 -9.39927E+00
  2.56448E+01  2.19617E-28  1.44319E+06  2.00000E-03 -9.42819E+00
  2.57384E+01  2.19615E-28  1.44318E+06  2.00000E-03 -9.43325E+00
  2.58320E+01  2.19615E-28  1.44318E+06  2.00000E-03 -9.43325E+00
  2.59255E+01  2.19615E-28  1.44318E+06  2.00000E-03 -9.43325E+00
  2.60191E+01  2.19628E-28  1.44324E+06  2.00000E-03 -9.41517E+00
  2.61127E+01  2.19611E-28  1.44316E+06  2.00000E-03 -9.41838E+00
  2.62063E+01  2.19607E-28  1.44313E+06  2.00000E-03 -9.42122E+00
  2.62999E+01  2.19607E-28  1.44314E+06  2.00000E-03 -9.42122E+00
  2.63934E+01  2.19607E-28  1.44314E+06  2.00000E-03 -9.42122E+00
  2.64870E+01  2.19600E-28  1.44311E+06  2.00000E-03 -9.42388E+00
  2.65806E+01  2.19587E-28  1.44305E+06  2.00000E-03 -9.42921E+00
  2.66742E+01  2.19613E-28  1.44316E+06  2.00000E-03 -9.42062E+00
  2.67678E+01  2.19646E-28  1.44331E+06  2.00000E-03 -9.40950E+00
  2.68613E+01  2.19663E-28  1.44339E+06  2.00000E-03 -9.40361E+00
  2.69549E+01  2.19662E-28  1.44338E+06  2.00000E-03 -9.42232E+00
  2.70485E+01  2.19660E-28  1.44338E+06  2.00000E-03 -9.44966E+00
  2.71421E+01  2.19660E-28  1.44338E+06  2.00000E-03 -9.44966E+00
  2.72357E+01  2.19660E-28  1.44338E+06  2.00000E-03 -9.44966E+00
  2.73292E+01  2.19675E-28  1.44344E+06  2.00000E-03 -9.45096E+00
  2.74228E+01  2.19737E-28  1.44372E+06  2.00000E-03 -9.49240E+00
  2.75164E+01  2.19772E-28  1.44388E+06  2.00000E-03 -9.51103E+00
  2.76100E+01  2.19772E-28  1.44388E+06  2.00000E-03 -9.51103E+00
  2.77036E+01  2.19772E-28  1.44388E+06  2.00000E-03 -9.51103E+00
  2.77971E+01  2.19773E-28  1.44388E+06  2.00000E-03 -9.51286E+00
  2.78907E+01  2.19808E-28  1.44404E+06  2.00000E-03 -9.56022E+00
  2.79843E+01  2.19825E-28  1.44411E+06  2.00000E-03 -9.48814E+00
  2.80779E+01  2.19854E-28  1.44424E+06  2.00000E-03 -9.51788E+00
  2.81715E+01  2.19883E-28  1.44438E+06  2.00000E-03 -9.49686E+00
  2.82650E+01  2.19891E-28  1.44441E+06  2.00000E-03 -9.47120E+00
  2.83586E+01  2.19950E-28  1.44468E+06  2.00000E-03 -9.49172E+00
  2.84522E+01  2.19955E-28  1.44471E+06  2.00000E-03 -9.52796E+00
  2.85458E+01  2.19953E-28  1.44470E+06  2.00000E-03 -9.48880E+00
  2.86394E+01  2.19953E-28  1.44470E+06  2.00000E-03 -9.49323E+00
  2.87329E+01  2.20007E-28  1.44494E+06  2.00000E-03 -9.51355E+00
  2.88265E+01  2.20100E-28  1.44535E+06  2.00000E-03 -9.40674E+00
  2.89201E+01  2.20102E-28  1.44537E+06  2.00000E-03 -9.38826E+00
  2.90137E+01  2.20104E-28  1.44537E+06  2.00000E-03 -9.41108E+00
  2.91073E+01  2.20103E-28  1.44537E+06  2.00000E-03 -9.39452E+00
  2.92008E+01  2.20223E-28  1.44590E+06  2.00000E-03 -9.35979E+00
  2.92944E+01  2.20314E-28  1.44630E+06  2.00000E-03 -9.38449E+00
  2.93880E+01  2.20311E-28  1.44629E+06  2.00000E-03 -9.36532E+00
  2.94816E+01  2.20299E-28  1.44624E+06  2.00000E-03 -9.28212E+00
  2.95752E+01  2.20313E-28  1.44630E+06  2.00000E-03 -9.23243E+00
  2.96687E+01  2.20508E-28  1.44715E+06  2.00000E-03 -9.25563E+00
  2.97623E+01  2.20581E-28  1.44747E+06  2.00000E-03 -9.21197E+00
  2.98559E+01  2.20581E-28  1.44747E+06  2.00000E-03 -9.21073E+00
  2.99495E+01  2.20592E-28  1.44752E+06  2.00000E-03 -9.24077E+00
  3.00431E+01  2.20609E-28  1.44759E+06  2.00000E-03 -9.19972E+00
  3.01366E+01  2.20809E-28  1.44846E+06  2.00000E-03 -9.15233E+00
  3.02302E+01  2.20872E-28  1.44873E+06  2.00000E-03 -9.10885E+00
  3.03238E+01  2.20871E-28  1.44872E+06  2.00000E-03 -9.10717E+00
  3.04174E+01  2.20847E-28  1.44862E+06  2.00000E-03 -9.06562E+00
  3.05110E+01  2.20928E-28  1.44897E+06  2.00000E-03 -9.11055E+00
  3.06045E+01  2.21303E-28  1.45060E+06  2.00000E-03 -9.17561E+00
  3.06981E+01  2.21282E-28  1.45051E+06  2.00000E-03 -9.15600E+00
  3.07917E+01  2.21215E-28  1.45021E+06  2.00000E-03 -9.10561E+00
  3.08853E+01  2.21146E-28  1.44990E+06  2.00000E-03 -9.07774E+00
  3.09789E+01  2.21271E-28  1.45044E+06  2.00000E-03 -9.07321E+00
  3.10724E+01  2.21575E-28  1.45176E+06  2.00000E-03 -9.12142E+00
  3.11660E+01  2.21598E-28  1.45186E+06  2.00000E-03 -9.15064E+00
  3.12596E+01  2.21602E-28  1.45188E+06  2.00000E-03 -9.15614E+00
  3.13532E+01  2.21570E-28  1.45174E+06  2.00000E-03 -9.11923E+00
  3.14468E+01  2.21741E-28  1.45248E+06  2.00000E-03 -9.14283E+00
  3.15403E+01  2.21914E-28  1.45323E+06  2.00000E-03 -9.18015E+00
  3.16339E+01  2.21841E-28  1.45290E+06  2.00000E-03 -9.08609E+00
  3.17275E+01  2.21865E-28  1.45301E+06  2.00000E-03 -9.12061E+00
  3.18211E+01  2.21913E-28  1.45322E+06  2.00000E-03 -9.13809E+00
  3.19147E+01  2.22188E-28  1.45442E+06  2.00000E-03 -9.16732E+00
  3.20082E+01  2.22257E-28  1.45472E+06  2.00000E-03 -9.13425E+00
  3.21018E+01  2.22288E-28  1.45486E+06  2.00000E-03 -9.21423E+00
  3.21954E+01  2.22212E-28  1.45452E+06  2.00000E-03 -9.07480E+00
  3.22890E+01  2.22233E-28  1.45461E+06  2.00000E-03 -9.04068E+00
  3.23826E+01  2.22508E-28  1.45581E+06  2.00000E-03 -9.03763E+00
  3.24761E+01  2.22556E-28  1.45602E+06  2.00000E-03 -8.97137E+00
  3.25697E+01  2.22552E-28  1.45601E+06  2.00000E-03 -8.94460E+00
  3.26633E+01  2.22552E-28  1.45601E+06  2.00000E-03 -8.94460E+00
  3.27569E+01  2.22623E-28  1.45631E+06  2.00000E-03 -8.91784E+00
  3.28505E+01  2.22810E-28  1.45714E+06  2.00000E-03 -8.79967E+00
  3.29440E+01  2.22817E-28  1.45717E+06  2.00000E-03 -8.71501E+00
  3.30376E+01  2.22820E-28  1.45718E+06  2.00000E-03 -8.69195E+00
  3.31312E+01  2.22820E-28  1.45718E+06  2.00000E-03 -8.69195E+00
  3.32248E+01  2.22929E-28  1.45766E+06  2.00000E-03 -8.61976E+00
  3.33184E+01  2.23014E-28  1.45803E+06  2.00000E-03 -8.56431E+00
  3.34119E+01  2.23014E-28  1.45803E+06  2.00000E-03 -8.56431E+00
  3.35055E+01  2.23007E-28  1.45800E+06  2.00000E-03 -8.51736E+00
  3.35991E+01  2.23000E-28  1.45797E+06  2.00000E-03 -8.46369E+00
  3.36927E+01  2.23078E-28  1.45831E+06  2.00000E-03 -8.31055E+00
  3.37863E+01  2.23117E-28  1.45848E+06  2.00000E-03 -8.25038E+00
  3.38798E+01  2.23117E-28  1.45848E+06  2.00000E-03 -8.25038E+00
  3.39734E+01  2.23117E-28  1.45848E+06  2.00000E-03 -8.25038E+00
  3.40670E+01  2.23117E-28  1.45848E+06  2.00000E-03 -8.25038E+00
  3.41606E+01  2.23061E-28  1.45824E+06  2.00000E-03 -8.06810E+00
  3.42542E+01  2.22994E-28  1.45795E+06  2.00000E-03 -7.98347E+00
  3.43477E+01  2.22898E-28  1.45753E+06  2.00000E-03 -7.89141E+00
  3.44413E+01  2.22898E-28  1.45753E+06  2.00000E-03 -7.89141E+00
  3.45349E+01  2.22898E-28  1.45753E+06  2.00000E-03 -7.89141E+00
  3.46285E+01  2.22898E-28  1.45753E+06  2.00000E-03 -7.89141E+00
  3.47221E+01  2.22898E-28  1.45753E+06  2.00000E-03 -7.89141E+00
  3.48156E+01  2.22898E-28  1.45753E+06  2.00000E-03 -7.89141E+00
  3.49092E+01  2.22898E-28  1.45753E+06  2.00000E-03 -7.89141E+00
  3.50028E+01  2.22855E-28  1.45734E+06  2.00000E-03 -7.76214E+00
  3.50964E+01  2.22791E-28  1.45705E+06  2.00000E-03 -7.56845E+00
  3.51900E+01  2.22791E-28  1.45705E+06  2.00000E-03 -7.56846E+00
  3.52835E+01  2.22791E-28  1.45705E+06  2.00000E-03 -7.56845E+00
  3.53771E+01  2.22791E-28  1.45705E+06  2.00000E-03 -7.56846E+00
  3.54707E+01  2.22791E-28  1.45705E+06  2.00000E-03 -7.56846E+00
  3.55643E+01  2.22682E-28  1.45656E+06  2.00000E-03 -7.58355E+00
  3.56579E+01  2.22542E-28  1.45592E+06  2.00000E-03 -7.60283E+00
  3.57514E+01  2.22475E-28  1.45562E+06  2.00000E-03 -7.61205E+00
  3.58450E+01  2.22466E-28  1.45558E+06  2.00000E-03 -7.59907E+00
  3.59386E+01  2.22327E-28  1.45496E+06  2.00000E-03 -7.39378E+00
  3.60322E+01  2.22285E-28  1.45478E+06  2.00000E-03 -7.33271E+00
  3.61258E+01  2.22285E-28  1.45478E+06  2.00000E-03 -7.33271E+00
  3.62193E+01  2.22285E-28  1.45478E+06  2.00000E-03 -7.33271E+00
  3.63129E+01  2.22285E-28  1.45478E+06  2.00000E-03 -7.33271E+00
  3.64065E+01  2.22285E-28  1.45478E+06  2.00000E-03 -7.33271E+00
  3.65001E+01  2.22285E-28  1.45478E+06  2.00000E-03 -7.33271E+00
  3.65937E+01  2.22285E-28  1.45478E+06  2.00000E-03 -7.33271E+00
  3.66872E+01  2.22285E-28  1.45478E+06  2.00000E-03 -7.33271E+00
  3.67808E+01  2.22232E-28  1.45454E+06  2.00000E-03 -7.26723E+00
  3.68744E+01  2.22065E-28  1.45380E+06  2.00000E-03 -7.12455E+00
  3.69680E+01  2.21951E-28  1.45329E+06  2.00000E-03 -7.13024E+00
  3.70616E+01  2.21852E-28  1.45285E+06  2.00000E-03 -7.14015E+00
  3.71551E+01  2.21852E-28  1.45285E+06  2.00000E-03 -7.14015E+00
  3.72487E+01  2.21852E-28  1.45285E+06  2.00000E-03 -7.14015E+00
  3.73423E+01  2.21852E-28  1.45285E+06  2.00000E-03 -7.14015E+00
  3.74359E+01  2.21852E-28  1.45285E+06  2.00000E-03 -7.14015E+00
  3.75294E+01  2.21852E-28  1.45285E+06  2.00000E-03 -7.14015E+00
  3.76230E+01  2.21852E-28  1.45285E+06  2.00000E-03 -7.14015E+00
  3.77166E+01  2.21773E-28  1.45250E+06  2.00000E-03 -7.04705E+00
  3.78102E+01  2.21715E-28  1.45225E+06  2.00000E-03 -6.97960E+00
  3.79038E+01  2.21715E-28  1.45225E+06  2.00000E-03 -6.97960E+00
  3.79973E+01  2.21715E-28  1.45225E+06  2.00000E-03 -6.97960E+00
  3.80909E+01  2.21715E-28  1.45225E+06  2.00000E-03 -6.97960E+00
  3.81845E+01  2.21715E-28  1.45225E+06  2.00000E-03 -6.97960E+00
  3.82781E+01  2.21700E-28  1.45218E+06  2.00000E-03 -6.96758E+00
  3.83717E+01  2.21664E-28  1.45201E+06  2.00000E-03 -6.94013E+00
  3.84652E+01  2.21634E-28  1.45187E+06  2.00000E-03 -6.91727E+00
  3.85588E+01  2.21618E-28  1.45180E+06  2.00000E-03 -6.90361E+00
  3.86524E+01  2.21516E-28  1.45136E+06  2.00000E-03 -6.81808E+00
  3.87460E+01  2.21516E-28  1.45136E+06  2.00000E-03 -6.81808E+00
  3.88396E+01  2.21516E-28  1.45136E+06  2.00000E-03 -6.81808E+00
  3.89331E+01  2.21516E-28  1.45136E+06  2.00000E-03 -6.81808E+00
  3.90267E+01  2.21516E-28  1.45136E+06  2.00000E-03 -6.81808E+00
  3.91203E+01  2.21516E-28  1.45136E+06  2.00000E-03 -6.81808E+00
  3.92139E+01  2.21516E-28  1.45136E+06  2.00000E-03 -6.81808E+00
  3.93075E+01  2.21516E-28  1.45136E+06  2.00000E-03 -6.81808E+00
  3.94010E+01  2.21516E-28  1.45136E+06  2.00000E-03 -6.81808E+00
  3.94946E+01  2.21493E-28  1.45126E+06  2.00000E-03 -6.81260E+00
  3.95882E+01  2.21464E-28  1.45113E+06  2.00000E-03 -6.80575E+00
  3.96818E+01  2.21383E-28  1.45077E+06  2.00000E-03 -6.79446E+00
  3.97754E+01  2.21317E-28  1.45048E+06  2.00000E-03 -6.78527E+00
  3.98689E+01  2.21276E-28  1.45029E+06  2.00000E-03 -6.77955E+00
  3.99625E+01  2.21276E-28  1.45029E+06  2.00000E-03 -6.77955E+00
  4.00561E+01  2.21276E-28  1.45029E+06  2.00000E-03 -6.77955E+00
  4.01497E+01  2.21276E-28  1.45029E+06  2.00000E-03 -6.77955E+00
  4.02433E+01  2.21276E-28  1.45029E+06  2.00000E-03 -6.77955E+00
  4.03368E+01  2.21252E-28  1.45019E+06  2.00000E-03 -6.79208E+00
  4.04304E+01  2.21106E-28  1.44955E+06  2.00000E-03 -6.87064E+00
  4.05240E+01  2.21060E-28  1.44935E+06  2.00000E-03 -6.89585E+00
  4.06176E+01  2.21060E-28  1.44935E+06  2.00000E-03 -6.89586E+00
  4.07112E+01  2.21060E-28  1.44935E+06  2.00000E-03 -6.89586E+00
  4.08047E+01  2.21060E-28  1.44935E+06  2.00000E-03 -6.89586E+00
  4.08983E+01  2.21060E-28  1.44935E+06  2.00000E-03 -6.89586E+00
  4.09919E+01  2.21038E-28  1.44925E+06  2.00000E-03 -6.89569E+00
  4.10855E+01  2.20959E-28  1.44890E+06  2.00000E-03 -6.89512E+00
  4.11791E+01  2.20911E-28  1.44869E+06  2.00000E-03 -6.89477E+00
  4.12726E+01  2.20764E-28  1.44804E+06  2.00000E-03 -6.97171E+00
  4.13662E+01  2.20587E-28  1.44727E+06  2.00000E-03 -7.06411E+00
  4.14598E+01  2.20587E-28  1.44727E+06  2.00000E-03 -7.06411E+00
  4.15534E+01  2.20587E-28  1.44727E+06  2.00000E-03 -7.06411E+00
  4.16470E+01  2.20587E-28  1.44727E+06  2.00000E-03 -7.06411E+00
  4.17405E+01  2.20587E-28  1.44727E+06  2.00000E-03 -7.06411E+00
  4.18341E+01  2.20587E-28  1.44727E+06  2.00000E-03 -7.06411E+00
  4.19277E+01  2.20587E-28  1.44727E+06  2.00000E-03 -7.06411E+00
  4.20213E+01  2.20587E-28  1.44727E+06  2.00000E-03 -7.06411E+00
  4.21149E+01  2.20587E-28  1.44727E+06  2.00000E-03 -7.06411E+00
  4.22084E+01  2.20350E-28  1.44623E+06  2.00000E-03 -7.17572E+00
  4.23020E+01  2.20305E-28  1.44603E+06  2.00000E-03 -7.19700E+00
  4.23956E+01  2.20307E-28  1.44604E+06  2.00000E-03 -7.15376E+00
  4.24892E+01  2.20309E-28  1.44604E+06  2.00000E-03 -7.11036E+00
  4.25828E+01  2.20309E-28  1.44604E+06  2.00000E-03 -7.10000E+00
  4.26763E+01  2.20309E-28  1.44605E+06  2.00000E-03 -7.10000E+00
  4.27699E+01  2.20309E-28  1.44604E+06  2.00000E-03 -7.10000E+00
  4.28635E+01  2.20309E-28  1.44604E+06  2.00000E-03 -7.10000E+00
  4.29571E+01  2.20309E-28  1.44604E+06  2.00000E-03 -7.10000E+00
  4.30507E+01  2.20231E-28  1.44570E+06  2.00000E-03 -7.11395E+00
  4.31442E+01  2.20074E-28  1.44501E+06  2.00000E-03 -7.14215E+00
  4.32378E+01  2.20059E-28  1.44495E+06  2.00000E-03 -7.14480E+00
  4.33314E+01  2.20059E-28  1.44495E+06  2.00000E-03 -7.14480E+00
  4.34250E+01  2.20059E-28  1.44495E+06  2.00000E-03 -7.14480E+00
  4.35186E+01  2.20059E-28  1.44495E+06  2.00000E-03 -7.14480E+00
  4.36121E+01  2.20059E-28  1.44495E+06  2.00000E-03 -7.14480E+00
  4.37057E+01  2.20059E-28  1.44495E+06  2.00000E-03 -7.14480E+00
