 -2.40618E+01  2.17219E-28  1.43238E+06  2.00000E-03  9.66400E-01
 -2.39682E+01  2.17219E-28  1.43238E+06  2.00000E-03  9.66400E-01
 -2.38746E+01  2.17219E-28  1.43238E+06  2.00000E-03  9.66400E-01
 -2.37810E+01  2.17219E-28  1.43238E+06  2.00000E-03  9.66400E-01
 -2.36874E+01  2.17219E-28  1.43238E+06  2.00000E-03  9.66400E-01
 -2.35939E+01  2.17219E-28  1.43238E+06  2.00000E-03  9.66400E-01
 -2.35003E+01  2.17219E-28  1.43238E+06  2.00000E-03  9.66400E-01
 -2.34067E+01  2.16990E-28  1.43137E+06  2.00000E-03  1.09363E+00
 -2.33131E+01  2.16711E-28  1.43015E+06  2.00000E-03  1.24845E+00
 -2.32195E+01  2.16711E-28  1.43015E+06  2.00000E-03  1.24845E+00
 -2.31260E+01  2.16711E-28  1.43015E+06  2.00000E-03  1.24845E+00
 -2.30324E+01  2.16711E-28  1.43015E+06  2.00000E-03  1.24845E+00
 -2.29388E+01  2.16711E-28  1.43015E+06  2.00000E-03  1.24845E+00
 -2.28452E+01  2.16711E-28  1.43015E+06  2.00000E-03  1.24845E+00
 -2.27516E+01  2.16711E-28  1.43015E+06  2.00000E-03  1.24845E+00
 -2.26581E+01  2.16650E-28  1.42988E+06  2.00000E-03  1.28415E+00
 -2.25645E+01  2.16467E-28  1.42908E+06  2.00000E-03  1.39234E+00
 -2.24709E+01  2.16467E-28  1.42908E+06  2.00000E-03  1.39233E+00
 -2.23773E+01  2.16467E-28  1.42908E+06  2.00000E-03  1.39234E+00
 -2.22838E+01  2.16467E-28  1.42908E+06  2.00000E-03  1.39234E+00
 -2.21902E+01  2.16467E-28  1.42908E+06  2.00000E-03  1.39234E+00
 -2.20966E+01  2.16467E-28  1.42908E+06  2.00000E-03  1.39234E+00
 -2.20030E+01  2.16467E-28  1.42908E+06  2.00000E-03  1.39233E+00
 -2.19094E+01  2.16458E-28  1.42904E+06  2.00000E-03  1.39244E+00
 -2.18159E+01  2.16438E-28  1.42895E+06  2.00000E-03  1.39267E+00
 -2.17223E+01  2.16438E-28  1.42895E+06  2.00000E-03  1.39267E+00
 -2.16287E+01  2.16438E-28  1.42896E+06  2.00000E-03  1.39267E+00
 -2.15351E+01  2.16438E-28  1.42895E+06  2.00000E-03  1.39267E+00
 -2.14415E+01  2.16438E-28  1.42895E+06  2.00000E-03  1.39267E+00
 -2.13480E+01  2.16438E-28  1.42896E+06  2.00000E-03  1.39267E+00
 -2.12544E+01  2.16437E-28  1.42895E+06  2.00000E-03  1.39301E+00
 -2.11608E+01  2.16437E-28  1.42895E+06  2.00000E-03  1.38758E+00
 -2.10672E+01  2.16482E-28  1.42915E+06  2.00000E-03  1.32582E+00
 -2.09736E+01  2.16482E-28  1.42915E+06  2.00000E-03  1.32570E+00
 -2.08801E+01  2.16489E-28  1.42919E+06  2.00000E-03  1.32225E+00
 -2.07865E+01  2.16489E-28  1.42919E+06  2.00000E-03  1.32226E+00
 -2.06929E+01  2.16488E-28  1.42918E+06  2.00000E-03  1.32277E+00
 -2.05993E+01  2.16483E-28  1.42916E+06  2.00000E-03  1.32517E+00
 -2.05057E+01  2.16489E-28  1.42919E+06  2.00000E-03  1.32225E+00
 -2.04122E+01  2.16471E-28  1.42910E+06  2.00000E-03  1.32664E+00
 -2.03186E+01  2.16361E-28  1.42863E+06  2.00000E-03  1.33967E+00
 -2.02250E+01  2.16363E-28  1.42864E+06  2.00000E-03  1.33837E+00
 -2.01314E+01  2.16363E-28  1.42864E+06  2.00000E-03  1.33837E+00
 -2.00378E+01  2.16370E-28  1.42867E+06  2.00000E-03  1.33407E+00
 -1.99443E+01  2.16415E-28  1.42887E+06  2.00000E-03  1.30756E+00
 -1.98507E+01  2.16415E-28  1.42887E+06  2.00000E-03  1.30755E+00
 -1.97571E+01  2.16409E-28  1.42884E+06  2.00000E-03  1.31100E+00
 -1.96635E+01  2.16453E-28  1.42903E+06  2.00000E-03  1.31416E+00
 -1.95699E+01  2.16261E-28  1.42821E+06  2.00000E-03  1.36587E+00
 -1.94764E+01  2.16250E-28  1.42816E+06  2.00000E-03  1.36741E+00
 -1.93828E+01  2.16250E-28  1.42816E+06  2.00000E-03  1.36741E+00
 -1.92892E+01  2.16311E-28  1.42843E+06  2.00000E-03  1.34468E+00
 -1.91956E+01  2.16317E-28  1.42845E+06  2.00000E-03  1.34244E+00
 -1.91020E+01  2.16326E-28  1.42849E+06  2.00000E-03  1.33918E+00
 -1.90085E+01  2.16451E-28  1.42904E+06  2.00000E-03  1.29256E+00
 -1.89149E+01  2.16451E-28  1.42904E+06  2.00000E-03  1.29256E+00
 -1.88213E+01  2.15486E-28  1.42477E+06  2.00000E-03  1.78438E+00
 -1.87277E+01  2.15416E-28  1.42446E+06  2.00000E-03  1.82055E+00
 -1.86341E+01  2.15415E-28  1.42446E+06  2.00000E-03  1.82055E+00
 -1.85406E+01  2.15416E-28  1.42446E+06  2.00000E-03  1.82055E+00
 -1.84470E+01  2.15126E-28  1.42318E+06  2.00000E-03  1.96558E+00
 -1.83534E+01  2.15091E-28  1.42303E+06  2.00000E-03  1.98303E+00
 -1.82598E+01  2.15091E-28  1.42303E+06  2.00000E-03  1.98303E+00
 -1.81662E+01  2.15091E-28  1.42303E+06  2.00000E-03  1.98303E+00
 -1.80727E+01  2.14977E-28  1.42253E+06  2.00000E-03  2.01462E+00
 -1.79791E+01  2.14956E-28  1.42244E+06  2.00000E-03  2.02036E+00
 -1.78855E+01  2.14956E-28  1.42244E+06  2.00000E-03  2.02036E+00
 -1.77919E+01  2.14956E-28  1.42244E+06  2.00000E-03  2.02036E+00
 -1.76983E+01  2.15024E-28  1.42274E+06  2.00000E-03  1.96015E+00
 -1.76048E+01  2.15032E-28  1.42278E+06  2.00000E-03  1.95254E+00
 -1.75112E+01  2.15032E-28  1.42278E+06  2.00000E-03  1.95254E+00
 -1.74176E+01  2.15032E-28  1.42278E+06  2.00000E-03  1.95254E+00
 -1.73240E+01  2.15284E-28  1.42389E+06  2.00000E-03  1.78305E+00
 -1.72304E+01  2.15346E-28  1.42416E+06  2.00000E-03  1.74148E+00
 -1.71369E+01  2.15346E-28  1.42416E+06  2.00000E-03  1.74148E+00
 -1.70433E+01  2.15346E-28  1.42416E+06  2.00000E-03  1.74148E+00
 -1.69497E+01  2.15557E-28  1.42509E+06  2.00000E-03  1.61474E+00
 -1.68561E+01  2.15644E-28  1.42548E+06  2.00000E-03  1.56681E+00
 -1.67625E+01  2.15622E-28  1.42538E+06  2.00000E-03  1.58500E+00
 -1.66690E+01  2.15617E-28  1.42536E+06  2.00000E-03  1.58913E+00
 -1.65754E+01  2.15712E-28  1.42577E+06  2.00000E-03  1.54384E+00
 -1.64818E+01  2.15756E-28  1.42597E+06  2.00000E-03  1.52283E+00
 -1.63882E+01  2.15743E-28  1.42591E+06  2.00000E-03  1.53323E+00
 -1.62946E+01  2.15739E-28  1.42589E+06  2.00000E-03  1.53686E+00
 -1.62011E+01  2.15687E-28  1.42567E+06  2.00000E-03  1.57705E+00
 -1.61075E+01  2.15664E-28  1.42557E+06  2.00000E-03  1.59449E+00
 -1.60139E+01  2.15664E-28  1.42557E+06  2.00000E-03  1.59449E+00
 -1.59203E+01  2.15664E-28  1.42557E+06  2.00000E-03  1.59449E+00
 -1.58267E+01  2.15561E-28  1.42511E+06  2.00000E-03  1.64825E+00
 -1.57332E+01  2.15489E-28  1.42480E+06  2.00000E-03  1.68562E+00
 -1.56396E+01  2.15489E-28  1.42480E+06  2.00000E-03  1.68562E+00
 -1.55460E+01  2.15489E-28  1.42480E+06  2.00000E-03  1.68562E+00
 -1.54524E+01  2.15385E-28  1.42434E+06  2.00000E-03  1.71339E+00
 -1.53588E+01  2.15324E-28  1.42408E+06  2.00000E-03  1.72941E+00
 -1.52653E+01  2.15324E-28  1.42408E+06  2.00000E-03  1.72941E+00
 -1.51717E+01  2.15324E-28  1.42408E+06  2.00000E-03  1.72941E+00
 -1.50781E+01  2.15337E-28  1.42413E+06  2.00000E-03  1.67747E+00
 -1.49845E+01  2.15348E-28  1.42419E+06  2.00000E-03  1.63095E+00
 -1.48909E+01  2.15348E-28  1.42419E+06  2.00000E-03  1.63095E+00
 -1.47974E+01  2.15348E-28  1.42419E+06  2.00000E-03  1.63095E+00
 -1.47038E+01  2.15449E-28  1.42464E+06  2.00000E-03  1.52379E+00
 -1.46102E+01  2.15573E-28  1.42519E+06  2.00000E-03  1.39315E+00
 -1.45166E+01  2.15573E-28  1.42519E+06  2.00000E-03  1.39315E+00
 -1.44230E+01  2.15573E-28  1.42519E+06  2.00000E-03  1.39315E+00
 -1.43295E+01  2.15685E-28  1.42570E+06  2.00000E-03  1.28895E+00
 -1.42359E+01  2.15784E-28  1.42615E+06  2.00000E-03  1.18506E+00
 -1.41423E+01  2.15736E-28  1.42593E+06  2.00000E-03  1.21423E+00
 -1.40487E+01  2.15790E-28  1.42617E+06  2.00000E-03  1.19925E+00
 -1.39551E+01  2.15939E-28  1.42682E+06  2.00000E-03  1.09685E+00
 -1.38616E+01  2.15968E-28  1.42694E+06  2.00000E-03  1.00559E+00
 -1.37680E+01  2.16040E-28  1.42726E+06  2.00000E-03  9.91464E-01
 -1.36744E+01  2.16028E-28  1.42720E+06  2.00000E-03  9.84578E-01
 -1.35808E+01  2.16033E-28  1.42723E+06  2.00000E-03  9.64794E-01
 -1.34872E+01  2.16080E-28  1.42744E+06  2.00000E-03  9.18482E-01
 -1.33937E+01  2.16195E-28  1.42795E+06  2.00000E-03  8.89469E-01
 -1.33001E+01  2.16194E-28  1.42794E+06  2.00000E-03  8.94959E-01
 -1.32065E+01  2.16189E-28  1.42793E+06  2.00000E-03  9.03432E-01
 -1.31129E+01  2.16101E-28  1.42753E+06  2.00000E-03  9.28213E-01
 -1.30193E+01  2.16110E-28  1.42757E+06  2.00000E-03  9.27469E-01
 -1.29258E+01  2.16132E-28  1.42767E+06  2.00000E-03  9.24422E-01
 -1.28322E+01  2.16149E-28  1.42776E+06  2.00000E-03  9.24785E-01
 -1.27386E+01  2.16168E-28  1.42785E+06  2.00000E-03  9.32424E-01
 -1.26450E+01  2.16165E-28  1.42784E+06  2.00000E-03  9.34103E-01
 -1.25514E+01  2.16153E-28  1.42781E+06  2.00000E-03  9.40423E-01
 -1.24579E+01  2.16199E-28  1.42802E+06  2.00000E-03  9.29042E-01
 -1.23643E+01  2.16371E-28  1.42878E+06  2.00000E-03  8.86783E-01
 -1.22707E+01  2.16371E-28  1.42878E+06  2.00000E-03  8.86783E-01
 -1.21771E+01  2.16371E-28  1.42878E+06  2.00000E-03  8.86783E-01
 -1.20835E+01  2.16463E-28  1.42919E+06  2.00000E-03  8.59669E-01
 -1.19900E+01  2.16811E-28  1.43074E+06  2.00000E-03  7.57147E-01
 -1.18964E+01  2.16811E-28  1.43074E+06  2.00000E-03  7.57147E-01
 -1.18028E+01  2.16811E-28  1.43074E+06  2.00000E-03  7.57147E-01
 -1.17092E+01  2.16879E-28  1.43104E+06  2.00000E-03  7.35550E-01
 -1.16156E+01  2.17329E-28  1.43304E+06  2.00000E-03  5.93447E-01
 -1.15221E+01  2.17329E-28  1.43304E+06  2.00000E-03  5.93447E-01
 -1.14285E+01  2.17329E-28  1.43304E+06  2.00000E-03  5.93446E-01
 -1.13349E+01  2.17385E-28  1.43329E+06  2.00000E-03  5.75040E-01
 -1.12413E+01  2.17730E-28  1.43484E+06  2.00000E-03  4.63353E-01
 -1.11477E+01  2.17533E-28  1.43397E+06  2.00000E-03  5.21827E-01
 -1.10542E+01  2.17526E-28  1.43394E+06  2.00000E-03  5.23883E-01
 -1.09606E+01  2.17519E-28  1.43391E+06  2.00000E-03  5.25987E-01
 -1.08670E+01  2.17539E-28  1.43403E+06  2.00000E-03  5.17881E-01
 -1.07734E+01  2.17538E-28  1.43403E+06  2.00000E-03  5.17976E-01
 -1.06798E+01  2.17432E-28  1.43356E+06  2.00000E-03  5.47201E-01
 -1.05863E+01  2.17402E-28  1.43343E+06  2.00000E-03  5.55449E-01
 -1.04927E+01  2.17153E-28  1.43235E+06  2.00000E-03  6.25463E-01
 -1.03991E+01  2.17152E-28  1.43235E+06  2.00000E-03  6.25725E-01
 -1.03055E+01  2.17152E-28  1.43235E+06  2.00000E-03  6.25725E-01
 -1.02120E+01  2.17148E-28  1.43233E+06  2.00000E-03  6.27101E-01
 -1.01184E+01  2.16967E-28  1.43154E+06  2.00000E-03  6.85706E-01
 -1.00248E+01  2.16958E-28  1.43150E+06  2.00000E-03  6.88747E-01
 -9.93121E+00  2.16958E-28  1.43150E+06  2.00000E-03  6.88747E-01
 -9.83763E+00  2.16958E-28  1.43150E+06  2.00000E-03  6.88747E-01
 -9.74405E+00  2.16640E-28  1.43011E+06  2.00000E-03  7.94502E-01
 -9.65047E+00  2.16627E-28  1.43005E+06  2.00000E-03  7.98955E-01
 -9.55689E+00  2.16627E-28  1.43005E+06  2.00000E-03  7.98955E-01
 -9.46331E+00  2.16627E-28  1.43005E+06  2.00000E-03  7.98955E-01
 -9.36973E+00  2.16230E-28  1.42831E+06  2.00000E-03  9.39137E-01
 -9.27615E+00  2.16181E-28  1.42809E+06  2.00000E-03  9.56800E-01
 -9.18257E+00  2.16181E-28  1.42809E+06  2.00000E-03  9.56800E-01
 -9.08899E+00  2.16181E-28  1.42809E+06  2.00000E-03  9.56800E-01
 -8.99541E+00  2.15792E-28  1.42638E+06  2.00000E-03  1.10408E+00
 -8.90183E+00  2.15698E-28  1.42596E+06  2.00000E-03  1.13974E+00
 -8.80825E+00  2.15698E-28  1.42596E+06  2.00000E-03  1.13974E+00
 -8.71467E+00  2.15698E-28  1.42596E+06  2.00000E-03  1.13974E+00
 -8.62109E+00  2.15372E-28  1.42453E+06  2.00000E-03  1.27694E+00
 -8.52751E+00  2.15298E-28  1.42420E+06  2.00000E-03  1.30800E+00
 -8.43393E+00  2.15298E-28  1.42420E+06  2.00000E-03  1.30800E+00
 -8.34035E+00  2.15298E-28  1.42420E+06  2.00000E-03  1.30800E+00
 -8.24677E+00  2.15062E-28  1.42316E+06  2.00000E-03  1.38148E+00
 -8.15319E+00  2.15023E-28  1.42300E+06  2.00000E-03  1.38926E+00
 -8.05961E+00  2.15023E-28  1.42300E+06  2.00000E-03  1.38926E+00
 -7.96603E+00  2.15023E-28  1.42300E+06  2.00000E-03  1.38926E+00
 -7.87245E+00  2.14884E-28  1.42240E+06  2.00000E-03  1.42321E+00
 -7.77887E+00  2.14818E-28  1.42212E+06  2.00000E-03  1.44167E+00
 -7.68529E+00  2.14818E-28  1.42212E+06  2.00000E-03  1.44167E+00
 -7.59171E+00  2.14710E-28  1.42164E+06  2.00000E-03  1.44440E+00
 -7.49813E+00  2.14652E-28  1.42141E+06  2.00000E-03  1.43784E+00
 -7.40455E+00  2.14636E-28  1.42136E+06  2.00000E-03  1.43461E+00
 -7.31097E+00  2.14636E-28  1.42136E+06  2.00000E-03  1.43461E+00
 -7.21739E+00  2.14704E-28  1.42162E+06  2.00000E-03  1.40852E+00
 -7.12382E+00  2.14815E-28  1.42212E+06  2.00000E-03  1.35566E+00
 -7.03024E+00  2.14841E-28  1.42224E+06  2.00000E-03  1.33917E+00
 -6.93666E+00  2.14839E-28  1.42223E+06  2.00000E-03  1.33902E+00
 -6.84308E+00  2.14841E-28  1.42224E+06  2.00000E-03  1.33917E+00
 -6.74950E+00  2.15044E-28  1.42315E+06  2.00000E-03  1.26168E+00
 -6.65592E+00  2.15140E-28  1.42357E+06  2.00000E-03  1.22377E+00
 -6.56234E+00  2.15140E-28  1.42357E+06  2.00000E-03  1.22377E+00
 -6.46876E+00  2.15140E-28  1.42357E+06  2.00000E-03  1.22377E+00
 -6.37518E+00  2.15356E-28  1.42451E+06  2.00000E-03  1.14683E+00
 -6.28160E+00  2.15619E-28  1.42569E+06  2.00000E-03  1.05656E+00
 -6.18802E+00  2.15611E-28  1.42565E+06  2.00000E-03  1.05906E+00
 -6.09444E+00  2.15561E-28  1.42541E+06  2.00000E-03  1.07494E+00
 -6.00086E+00  2.15863E-28  1.42675E+06  2.00000E-03  9.72601E-01
 -5.90728E+00  2.16019E-28  1.42740E+06  2.00000E-03  9.22093E-01
 -5.81370E+00  2.15923E-28  1.42695E+06  2.00000E-03  9.55494E-01
 -5.72012E+00  2.15923E-28  1.42695E+06  2.00000E-03  9.55494E-01
 -5.62654E+00  2.16271E-28  1.42848E+06  2.00000E-03  8.43930E-01
 -5.53296E+00  2.16387E-28  1.42900E+06  2.00000E-03  8.01017E-01
 -5.43938E+00  2.16227E-28  1.42830E+06  2.00000E-03  8.43087E-01
 -5.34580E+00  2.16227E-28  1.42830E+06  2.00000E-03  8.43087E-01
 -5.25222E+00  2.16449E-28  1.42928E+06  2.00000E-03  7.59902E-01
 -5.15864E+00  2.16650E-28  1.43017E+06  2.00000E-03  6.81890E-01
 -5.06506E+00  2.16650E-28  1.43017E+06  2.00000E-03  6.81890E-01
 -4.97148E+00  2.16606E-28  1.42998E+06  2.00000E-03  6.92553E-01
 -4.87790E+00  2.16628E-28  1.43009E+06  2.00000E-03  6.66520E-01
 -4.78432E+00  2.16885E-28  1.43124E+06  2.00000E-03  5.60426E-01
 -4.69074E+00  2.16885E-28  1.43124E+06  2.00000E-03  5.60426E-01
 -4.59716E+00  2.16885E-28  1.43124E+06  2.00000E-03  5.60426E-01
 -4.50358E+00  2.17042E-28  1.43193E+06  2.00000E-03  5.00321E-01
 -4.41000E+00  2.17309E-28  1.43312E+06  2.00000E-03  3.98215E-01
 -4.31642E+00  2.17309E-28  1.43312E+06  2.00000E-03  3.98215E-01
 -4.22284E+00  2.17309E-28  1.43312E+06  2.00000E-03  3.98215E-01
 -4.12926E+00  2.17403E-28  1.43353E+06  2.00000E-03  3.62281E-01
 -4.03568E+00  2.17601E-28  1.43442E+06  2.00000E-03  2.86287E-01
 -3.94210E+00  2.17601E-28  1.43442E+06  2.00000E-03  2.86287E-01
 -3.84852E+00  2.17601E-28  1.43442E+06  2.00000E-03  2.86287E-01
 -3.75494E+00  2.17659E-28  1.43468E+06  2.00000E-03  2.66458E-01
 -3.66136E+00  2.17766E-28  1.43517E+06  2.00000E-03  2.29732E-01
 -3.56778E+00  2.17766E-28  1.43517E+06  2.00000E-03  2.29732E-01
 -3.47420E+00  2.17766E-28  1.43517E+06  2.00000E-03  2.29732E-01
 -3.38062E+00  2.17784E-28  1.43525E+06  2.00000E-03  2.24527E-01
 -3.28704E+00  2.17828E-28  1.43546E+06  2.00000E-03  2.11856E-01
 -3.19346E+00  2.17828E-28  1.43546E+06  2.00000E-03  2.11856E-01
 -3.09988E+00  2.17828E-28  1.43546E+06  2.00000E-03  2.11856E-01
 -3.00630E+00  2.17834E-28  1.43549E+06  2.00000E-03  2.10465E-01
 -2.91272E+00  2.17854E-28  1.43560E+06  2.00000E-03  2.05452E-01
 -2.81914E+00  2.17854E-28  1.43560E+06  2.00000E-03  2.05452E-01
 -2.72556E+00  2.17854E-28  1.43560E+06  2.00000E-03  2.06076E-01
 -2.63198E+00  2.17876E-28  1.43571E+06  2.00000E-03  2.27115E-01
 -2.53840E+00  2.17932E-28  1.43596E+06  2.00000E-03  2.21663E-01
 -2.44482E+00  2.17932E-28  1.43596E+06  2.00000E-03  2.21663E-01
 -2.35124E+00  2.17936E-28  1.43597E+06  2.00000E-03  2.23678E-01
 -2.25766E+00  2.17964E-28  1.43610E+06  2.00000E-03  2.31396E-01
 -2.16408E+00  2.18059E-28  1.43650E+06  2.00000E-03  2.23632E-01
 -2.07050E+00  2.18087E-28  1.43662E+06  2.00000E-03  2.34362E-01
 -1.97692E+00  2.18097E-28  1.43666E+06  2.00000E-03  2.38206E-01
 -1.88334E+00  2.18157E-28  1.43691E+06  2.00000E-03  2.56262E-01
 -1.78976E+00  2.18320E-28  1.43761E+06  2.00000E-03  2.46652E-01
 -1.69618E+00  2.18321E-28  1.43761E+06  2.00000E-03  2.46568E-01
 -1.60260E+00  2.18321E-28  1.43761E+06  2.00000E-03  2.46568E-01
 -1.50902E+00  2.18335E-28  1.43767E+06  2.00000E-03  2.45938E-01
 -1.41544E+00  2.18515E-28  1.43844E+06  2.00000E-03  2.37800E-01
 -1.32186E+00  2.18517E-28  1.43845E+06  2.00000E-03  2.37710E-01
 -1.22828E+00  2.18517E-28  1.43845E+06  2.00000E-03  2.37710E-01
 -1.13470E+00  2.18523E-28  1.43848E+06  2.00000E-03  2.37628E-01
 -1.04112E+00  2.18712E-28  1.43930E+06  2.00000E-03  2.34797E-01
 -9.47545E-01  2.18719E-28  1.43933E+06  2.00000E-03  2.34699E-01
 -8.53965E-01  2.18719E-28  1.43933E+06  2.00000E-03  2.34699E-01
 -7.60385E-01  2.18722E-28  1.43934E+06  2.00000E-03  2.34845E-01
 -6.66805E-01  2.18904E-28  1.44013E+06  2.00000E-03  2.42688E-01
 -5.73225E-01  2.18912E-28  1.44016E+06  2.00000E-03  2.43024E-01
 -4.79645E-01  2.18912E-28  1.44016E+06  2.00000E-03  2.43024E-01
 -3.86065E-01  2.19055E-28  1.44076E+06  2.00000E-03  2.79804E-01
 -2.92486E-01  2.19217E-28  1.44146E+06  2.00000E-03  2.93153E-01
 -1.98906E-01  2.19296E-28  1.44179E+06  2.00000E-03  3.09044E-01
 -1.05326E-01  2.19309E-28  1.44184E+06  2.00000E-03  3.12148E-01
 -1.17460E-02  2.19242E-28  1.44157E+06  2.00000E-03  2.96050E-01
  8.18338E-02  2.19361E-28  1.44208E+06  2.00000E-03  3.02972E-01
  1.75414E-01  2.19440E-28  1.44241E+06  2.00000E-03  3.17649E-01
  2.68994E-01  2.19589E-28  1.44307E+06  2.00000E-03  3.52478E-01
  3.62573E-01  2.19644E-28  1.44330E+06  2.00000E-03  3.82536E-01
  4.56153E-01  2.19721E-28  1.44363E+06  2.00000E-03  3.71955E-01
  5.49733E-01  2.19736E-28  1.44370E+06  2.00000E-03  3.66326E-01
  6.43313E-01  2.19736E-28  1.44370E+06  2.00000E-03  3.66327E-01
  7.36893E-01  2.19849E-28  1.44418E+06  2.00000E-03  3.93220E-01
  8.30473E-01  2.19870E-28  1.44426E+06  2.00000E-03  3.49008E-01
  9.24053E-01  2.19894E-28  1.44437E+06  2.00000E-03  3.54918E-01
  1.01763E+00  2.19879E-28  1.44431E+06  2.00000E-03  3.54476E-01
  1.11121E+00  2.19879E-28  1.44431E+06  2.00000E-03  3.54477E-01
  1.20479E+00  2.19694E-28  1.44347E+06  2.00000E-03  2.73715E-01
  1.29837E+00  2.19635E-28  1.44321E+06  2.00000E-03  2.40284E-01
  1.39195E+00  2.19635E-28  1.44321E+06  2.00000E-03  2.40284E-01
  1.48553E+00  2.19635E-28  1.44321E+06  2.00000E-03  2.40284E-01
  1.57911E+00  2.19553E-28  1.44285E+06  2.00000E-03  1.78399E-01
  1.67269E+00  2.19505E-28  1.44264E+06  2.00000E-03  1.42421E-01
  1.76627E+00  2.19505E-28  1.44264E+06  2.00000E-03  1.42421E-01
  1.85985E+00  2.19505E-28  1.44264E+06  2.00000E-03  1.42421E-01
  1.95343E+00  2.19398E-28  1.44218E+06  2.00000E-03  7.63775E-02
  2.04701E+00  2.19343E-28  1.44194E+06  2.00000E-03  4.20605E-02
  2.14059E+00  2.19343E-28  1.44194E+06  2.00000E-03  4.20605E-02
  2.23417E+00  2.19343E-28  1.44194E+06  2.00000E-03  4.20605E-02
  2.32775E+00  2.19219E-28  1.44140E+06  2.00000E-03 -2.66698E-02
  2.42133E+00  2.19167E-28  1.44117E+06  2.00000E-03 -5.56022E-02
  2.51491E+00  2.19167E-28  1.44117E+06  2.00000E-03 -5.56022E-02
  2.60849E+00  2.19167E-28  1.44117E+06  2.00000E-03 -5.56022E-02
  2.70207E+00  2.19075E-28  1.44077E+06  2.00000E-03 -1.04206E-01
  2.79565E+00  2.18992E-28  1.44041E+06  2.00000E-03 -1.48147E-01
  2.88923E+00  2.18992E-28  1.44041E+06  2.00000E-03 -1.48147E-01
  2.98281E+00  2.18830E-28  1.43970E+06  2.00000E-03 -1.85444E-01
  3.07639E+00  2.18515E-28  1.43832E+06  2.00000E-03 -2.78307E-01
  3.16997E+00  2.18364E-28  1.43765E+06  2.00000E-03 -3.38966E-01
  3.26355E+00  2.18364E-28  1.43765E+06  2.00000E-03 -3.38966E-01
  3.35713E+00  2.18255E-28  1.43718E+06  2.00000E-03 -3.64769E-01
  3.45071E+00  2.18032E-28  1.43620E+06  2.00000E-03 -4.35154E-01
  3.54429E+00  2.17808E-28  1.43521E+06  2.00000E-03 -5.07064E-01
  3.63787E+00  2.17430E-28  1.43355E+06  2.00000E-03 -6.00590E-01
  3.73145E+00  2.17196E-28  1.43252E+06  2.00000E-03 -6.58765E-01
  3.82503E+00  2.17020E-28  1.43174E+06  2.00000E-03 -7.23595E-01
  3.91861E+00  2.16910E-28  1.43125E+06  2.00000E-03 -7.64204E-01
  4.01219E+00  2.16910E-28  1.43125E+06  2.00000E-03 -7.64204E-01
  4.10577E+00  2.16910E-28  1.43125E+06  2.00000E-03 -7.64204E-01
  4.19935E+00  2.16789E-28  1.43071E+06  2.00000E-03 -8.09296E-01
  4.29293E+00  2.16582E-28  1.42979E+06  2.00000E-03 -8.86449E-01
  4.38651E+00  2.16582E-28  1.42979E+06  2.00000E-03 -8.86449E-01
  4.48009E+00  2.16582E-28  1.42979E+06  2.00000E-03 -8.86449E-01
  4.57367E+00  2.16458E-28  1.42924E+06  2.00000E-03 -9.35113E-01
  4.66725E+00  2.16256E-28  1.42834E+06  2.00000E-03 -1.01518E+00
  4.76083E+00  2.16256E-28  1.42834E+06  2.00000E-03 -1.01518E+00
  4.85441E+00  2.16256E-28  1.42834E+06  2.00000E-03 -1.01518E+00
  4.94799E+00  2.16164E-28  1.42793E+06  2.00000E-03 -1.05014E+00
  5.04157E+00  2.15987E-28  1.42714E+06  2.00000E-03 -1.11824E+00
  5.13515E+00  2.15987E-28  1.42714E+06  2.00000E-03 -1.11824E+00
  5.22873E+00  2.15987E-28  1.42714E+06  2.00000E-03 -1.11824E+00
  5.32231E+00  2.15915E-28  1.42682E+06  2.00000E-03 -1.14733E+00
  5.41589E+00  2.15770E-28  1.42617E+06  2.00000E-03 -1.20621E+00
  5.50947E+00  2.15770E-28  1.42617E+06  2.00000E-03 -1.20621E+00
  5.60305E+00  2.15770E-28  1.42617E+06  2.00000E-03 -1.20621E+00
  5.69663E+00  2.15727E-28  1.42598E+06  2.00000E-03 -1.22888E+00
  5.79021E+00  2.15581E-28  1.42534E+06  2.00000E-03 -1.30649E+00
  5.88378E+00  2.15579E-28  1.42533E+06  2.00000E-03 -1.30553E+00
  5.97736E+00  2.15566E-28  1.42528E+06  2.00000E-03 -1.29979E+00
  6.07094E+00  2.15535E-28  1.42514E+06  2.00000E-03 -1.32170E+00
  6.16452E+00  2.15462E-28  1.42482E+06  2.00000E-03 -1.38198E+00
  6.25810E+00  2.15486E-28  1.42493E+06  2.00000E-03 -1.36584E+00
  6.35168E+00  2.15500E-28  1.42500E+06  2.00000E-03 -1.35664E+00
  6.44526E+00  2.15453E-28  1.42478E+06  2.00000E-03 -1.39192E+00
  6.53884E+00  2.15394E-28  1.42452E+06  2.00000E-03 -1.43321E+00
  6.63242E+00  2.15477E-28  1.42489E+06  2.00000E-03 -1.39356E+00
  6.72600E+00  2.15477E-28  1.42489E+06  2.00000E-03 -1.39356E+00
  6.81958E+00  2.15479E-28  1.42490E+06  2.00000E-03 -1.40225E+00
  6.91316E+00  2.15455E-28  1.42479E+06  2.00000E-03 -1.45990E+00
  7.00674E+00  2.15455E-28  1.42479E+06  2.00000E-03 -1.45990E+00
  7.10032E+00  2.15460E-28  1.42481E+06  2.00000E-03 -1.45886E+00
  7.19390E+00  2.15487E-28  1.42493E+06  2.00000E-03 -1.45729E+00
  7.28748E+00  2.15485E-28  1.42492E+06  2.00000E-03 -1.51428E+00
  7.38106E+00  2.15460E-28  1.42480E+06  2.00000E-03 -1.51789E+00
  7.47464E+00  2.15485E-28  1.42492E+06  2.00000E-03 -1.51428E+00
  7.56822E+00  2.15487E-28  1.42492E+06  2.00000E-03 -1.51809E+00
  7.66180E+00  2.15523E-28  1.42507E+06  2.00000E-03 -1.56480E+00
  7.75538E+00  2.15523E-28  1.42507E+06  2.00000E-03 -1.56477E+00
  7.84896E+00  2.15514E-28  1.42503E+06  2.00000E-03 -1.56247E+00
  7.94254E+00  2.15515E-28  1.42503E+06  2.00000E-03 -1.56427E+00
  8.03612E+00  2.15598E-28  1.42539E+06  2.00000E-03 -1.59473E+00
  8.12970E+00  2.15601E-28  1.42540E+06  2.00000E-03 -1.59216E+00
  8.22328E+00  2.15629E-28  1.42551E+06  2.00000E-03 -1.56816E+00
  8.31686E+00  2.15634E-28  1.42553E+06  2.00000E-03 -1.56743E+00
  8.41044E+00  2.15821E-28  1.42635E+06  2.00000E-03 -1.53890E+00
  8.50402E+00  2.15827E-28  1.42638E+06  2.00000E-03 -1.53792E+00
  8.59760E+00  2.15827E-28  1.42638E+06  2.00000E-03 -1.53792E+00
  8.69118E+00  2.15827E-28  1.42638E+06  2.00000E-03 -1.53792E+00
  8.78476E+00  2.16252E-28  1.42824E+06  2.00000E-03 -1.39698E+00
  8.87834E+00  2.16354E-28  1.42869E+06  2.00000E-03 -1.36006E+00
  8.97192E+00  2.16368E-28  1.42875E+06  2.00000E-03 -1.35481E+00
  9.06550E+00  2.16369E-28  1.42875E+06  2.00000E-03 -1.35481E+00
  9.15908E+00  2.16768E-28  1.43051E+06  2.00000E-03 -1.18867E+00
  9.25266E+00  2.16820E-28  1.43073E+06  2.00000E-03 -1.16659E+00
  9.34624E+00  2.16918E-28  1.43116E+06  2.00000E-03 -1.12770E+00
  9.43982E+00  2.17109E-28  1.43200E+06  2.00000E-03 -1.05200E+00
  9.53340E+00  2.17534E-28  1.43386E+06  2.00000E-03 -8.60228E-01
  9.62698E+00  2.17626E-28  1.43427E+06  2.00000E-03 -8.18746E-01
  9.72056E+00  2.17626E-28  1.43427E+06  2.00000E-03 -8.18746E-01
  9.81414E+00  2.17626E-28  1.43427E+06  2.00000E-03 -8.18746E-01
  9.90772E+00  2.17967E-28  1.43576E+06  2.00000E-03 -6.66651E-01
  1.00013E+01  2.18041E-28  1.43608E+06  2.00000E-03 -6.33363E-01
  1.00949E+01  2.18041E-28  1.43608E+06  2.00000E-03 -6.33363E-01
  1.01885E+01  2.18041E-28  1.43608E+06  2.00000E-03 -6.33363E-01
  1.02820E+01  2.18248E-28  1.43698E+06  2.00000E-03 -5.52130E-01
  1.03756E+01  2.18323E-28  1.43731E+06  2.00000E-03 -5.22742E-01
  1.04692E+01  2.18323E-28  1.43731E+06  2.00000E-03 -5.22742E-01
  1.05628E+01  2.18323E-28  1.43731E+06  2.00000E-03 -5.22742E-01
  1.06564E+01  2.18417E-28  1.43772E+06  2.00000E-03 -5.03705E-01
  1.07499E+01  2.18449E-28  1.43786E+06  2.00000E-03 -4.97147E-01
  1.08435E+01  2.18449E-28  1.43786E+06  2.00000E-03 -4.97147E-01
  1.09371E+01  2.18449E-28  1.43786E+06  2.00000E-03 -4.97147E-01
  1.10307E+01  2.18432E-28  1.43778E+06  2.00000E-03 -5.45100E-01
  1.11243E+01  2.18426E-28  1.43775E+06  2.00000E-03 -5.63448E-01
  1.12178E+01  2.18426E-28  1.43775E+06  2.00000E-03 -5.63448E-01
  1.13114E+01  2.18426E-28  1.43775E+06  2.00000E-03 -5.63448E-01
  1.14050E+01  2.18315E-28  1.43726E+06  2.00000E-03 -6.65897E-01
  1.14986E+01  2.18260E-28  1.43701E+06  2.00000E-03 -7.17933E-01
  1.15922E+01  2.18210E-28  1.43680E+06  2.00000E-03 -7.54641E-01
  1.16857E+01  2.18164E-28  1.43660E+06  2.00000E-03 -7.88591E-01
  1.17793E+01  2.18000E-28  1.43587E+06  2.00000E-03 -9.17825E-01
  1.18729E+01  2.17828E-28  1.43512E+06  2.00000E-03 -1.04289E+00
  1.19665E+01  2.17748E-28  1.43477E+06  2.00000E-03 -1.09178E+00
  1.20601E+01  2.17711E-28  1.43461E+06  2.00000E-03 -1.11438E+00
  1.21536E+01  2.17511E-28  1.43372E+06  2.00000E-03 -1.24803E+00
  1.22472E+01  2.17245E-28  1.43255E+06  2.00000E-03 -1.41520E+00
  1.23408E+01  2.17169E-28  1.43222E+06  2.00000E-03 -1.45986E+00
  1.24344E+01  2.17169E-28  1.43222E+06  2.00000E-03 -1.45986E+00
  1.25280E+01  2.17058E-28  1.43172E+06  2.00000E-03 -1.52830E+00
  1.26215E+01  2.16947E-28  1.43123E+06  2.00000E-03 -1.59659E+00
  1.27151E+01  2.16947E-28  1.43123E+06  2.00000E-03 -1.59659E+00
  1.28087E+01  2.16947E-28  1.43123E+06  2.00000E-03 -1.59659E+00
  1.29023E+01  2.16919E-28  1.43111E+06  2.00000E-03 -1.61990E+00
  1.29959E+01  2.16891E-28  1.43099E+06  2.00000E-03 -1.64227E+00
  1.30894E+01  2.16891E-28  1.43099E+06  2.00000E-03 -1.64227E+00
  1.31830E+01  2.16891E-28  1.43099E+06  2.00000E-03 -1.64227E+00
  1.32766E+01  2.16907E-28  1.43105E+06  2.00000E-03 -1.63316E+00
  1.33702E+01  2.16936E-28  1.43118E+06  2.00000E-03 -1.61588E+00
  1.34638E+01  2.16923E-28  1.43112E+06  2.00000E-03 -1.61030E+00
  1.35573E+01  2.16906E-28  1.43104E+06  2.00000E-03 -1.60261E+00
  1.36509E+01  2.16908E-28  1.43105E+06  2.00000E-03 -1.59075E+00
  1.37445E+01  2.16929E-28  1.43114E+06  2.00000E-03 -1.56767E+00
  1.38381E+01  2.16945E-28  1.43121E+06  2.00000E-03 -1.56827E+00
  1.39317E+01  2.16937E-28  1.43118E+06  2.00000E-03 -1.56798E+00
  1.40252E+01  2.16909E-28  1.43105E+06  2.00000E-03 -1.56720E+00
  1.41188E+01  2.16886E-28  1.43095E+06  2.00000E-03 -1.56846E+00
  1.42124E+01  2.16886E-28  1.43095E+06  2.00000E-03 -1.56845E+00
  1.43060E+01  2.16885E-28  1.43094E+06  2.00000E-03 -1.56874E+00
  1.43996E+01  2.16857E-28  1.43082E+06  2.00000E-03 -1.57906E+00
  1.44931E+01  2.16822E-28  1.43066E+06  2.00000E-03 -1.59079E+00
  1.45867E+01  2.16840E-28  1.43074E+06  2.00000E-03 -1.58497E+00
  1.46803E+01  2.16884E-28  1.43094E+06  2.00000E-03 -1.57111E+00
  1.47739E+01  2.16858E-28  1.43082E+06  2.00000E-03 -1.58438E+00
  1.48675E+01  2.16767E-28  1.43042E+06  2.00000E-03 -1.63556E+00
  1.49610E+01  2.16767E-28  1.43042E+06  2.00000E-03 -1.63556E+00
  1.50546E+01  2.16757E-28  1.43037E+06  2.00000E-03 -1.63698E+00
  1.51482E+01  2.16756E-28  1.43037E+06  2.00000E-03 -1.63623E+00
  1.52418E+01  2.16771E-28  1.43043E+06  2.00000E-03 -1.64513E+00
  1.53354E+01  2.16771E-28  1.43043E+06  2.00000E-03 -1.64513E+00
  1.54289E+01  2.16771E-28  1.43043E+06  2.00000E-03 -1.64513E+00
  1.55225E+01  2.16784E-28  1.43049E+06  2.00000E-03 -1.63842E+00
  1.56161E+01  2.16835E-28  1.43071E+06  2.00000E-03 -1.61073E+00
  1.57097E+01  2.16835E-28  1.43071E+06  2.00000E-03 -1.61073E+00
  1.58032E+01  2.16835E-28  1.43071E+06  2.00000E-03 -1.61073E+00
  1.58968E+01  2.16856E-28  1.43080E+06  2.00000E-03 -1.59740E+00
  1.59904E+01  2.16936E-28  1.43115E+06  2.00000E-03 -1.54473E+00
  1.60840E+01  2.16936E-28  1.43115E+06  2.00000E-03 -1.54473E+00
  1.61776E+01  2.16936E-28  1.43115E+06  2.00000E-03 -1.54473E+00
  1.62711E+01  2.16945E-28  1.43119E+06  2.00000E-03 -1.53789E+00
  1.63647E+01  2.17037E-28  1.43159E+06  2.00000E-03 -1.46978E+00
  1.64583E+01  2.17037E-28  1.43159E+06  2.00000E-03 -1.46978E+00
  1.65519E+01  2.17037E-28  1.43159E+06  2.00000E-03 -1.46978E+00
  1.66455E+01  2.17045E-28  1.43163E+06  2.00000E-03 -1.46326E+00
  1.67390E+01  2.17132E-28  1.43201E+06  2.00000E-03 -1.39131E+00
  1.68326E+01  2.17134E-28  1.43202E+06  2.00000E-03 -1.39000E+00
  1.69262E+01  2.17134E-28  1.43202E+06  2.00000E-03 -1.39000E+00
  1.70198E+01  2.17139E-28  1.43204E+06  2.00000E-03 -1.38576E+00
  1.71134E+01  2.17242E-28  1.43249E+06  2.00000E-03 -1.30145E+00
  1.72069E+01  2.17244E-28  1.43250E+06  2.00000E-03 -1.29945E+00
  1.73005E+01  2.17144E-28  1.43206E+06  2.00000E-03 -1.34956E+00
  1.73941E+01  2.17137E-28  1.43203E+06  2.00000E-03 -1.35251E+00
  1.74877E+01  2.17202E-28  1.43231E+06  2.00000E-03 -1.27820E+00
  1.75813E+01  2.17198E-28  1.43230E+06  2.00000E-03 -1.27790E+00
  1.76748E+01  2.17198E-28  1.43230E+06  2.00000E-03 -1.27809E+00
  1.77684E+01  2.17195E-28  1.43229E+06  2.00000E-03 -1.27903E+00
  1.78620E+01  2.17283E-28  1.43267E+06  2.00000E-03 -1.19702E+00
  1.79556E+01  2.17193E-28  1.43227E+06  2.00000E-03 -1.23115E+00
  1.80492E+01  2.17193E-28  1.43227E+06  2.00000E-03 -1.23115E+00
  1.81427E+01  2.17193E-28  1.43227E+06  2.00000E-03 -1.23115E+00
  1.82363E+01  2.17366E-28  1.43303E+06  2.00000E-03 -1.12335E+00
  1.83299E+01  2.17384E-28  1.43311E+06  2.00000E-03 -1.11204E+00
  1.84235E+01  2.17384E-28  1.43311E+06  2.00000E-03 -1.11204E+00
  1.85171E+01  2.17384E-28  1.43311E+06  2.00000E-03 -1.11204E+00
  1.86106E+01  2.17569E-28  1.43393E+06  2.00000E-03 -9.87676E-01
  1.87042E+01  2.17582E-28  1.43399E+06  2.00000E-03 -9.78647E-01
  1.87978E+01  2.17582E-28  1.43399E+06  2.00000E-03 -9.78647E-01
  1.88914E+01  2.17582E-28  1.43399E+06  2.00000E-03 -9.78647E-01
  1.89850E+01  2.17668E-28  1.43438E+06  2.00000E-03 -9.43426E-01
  1.90785E+01  2.17682E-28  1.43445E+06  2.00000E-03 -9.37386E-01
  1.91721E+01  2.17682E-28  1.43445E+06  2.00000E-03 -9.37386E-01
  1.92657E+01  2.17682E-28  1.43445E+06  2.00000E-03 -9.37386E-01
  1.93593E+01  2.17682E-28  1.43445E+06  2.00000E-03 -9.37386E-01
  1.94529E+01  2.17682E-28  1.43445E+06  2.00000E-03 -9.37386E-01
  1.95464E+01  2.17682E-28  1.43445E+06  2.00000E-03 -9.37386E-01
  1.96400E+01  2.17682E-28  1.43445E+06  2.00000E-03 -9.37386E-01
  1.97336E+01  2.17622E-28  1.43417E+06  2.00000E-03 -9.82864E-01
  1.98272E+01  2.17601E-28  1.43408E+06  2.00000E-03 -9.98916E-01
  1.99208E+01  2.17601E-28  1.43408E+06  2.00000E-03 -9.98916E-01
  2.00143E+01  2.17601E-28  1.43408E+06  2.00000E-03 -9.98916E-01
  2.01079E+01  2.17560E-28  1.43390E+06  2.00000E-03 -1.01162E+00
  2.02015E+01  2.17534E-28  1.43378E+06  2.00000E-03 -1.01972E+00
  2.02951E+01  2.17511E-28  1.43368E+06  2.00000E-03 -1.02680E+00
  2.03887E+01  2.17500E-28  1.43364E+06  2.00000E-03 -1.03013E+00
  2.04822E+01  2.17087E-28  1.43182E+06  2.00000E-03 -1.25933E+00
  2.05758E+01  2.16908E-28  1.43103E+06  2.00000E-03 -1.35992E+00
  2.06694E+01  2.16908E-28  1.43103E+06  2.00000E-03 -1.35992E+00
  2.07630E+01  2.16908E-28  1.43103E+06  2.00000E-03 -1.35992E+00
  2.08566E+01  2.16801E-28  1.43056E+06  2.00000E-03 -1.41978E+00
  2.09501E+01  2.16747E-28  1.43032E+06  2.00000E-03 -1.44875E+00
  2.10437E+01  2.16718E-28  1.43019E+06  2.00000E-03 -1.46288E+00
  2.11373E+01  2.16718E-28  1.43019E+06  2.00000E-03 -1.46288E+00
  2.12309E+01  2.16573E-28  1.42955E+06  2.00000E-03 -1.54130E+00
  2.13245E+01  2.16476E-28  1.42912E+06  2.00000E-03 -1.59314E+00
  2.14180E+01  2.16462E-28  1.42905E+06  2.00000E-03 -1.59600E+00
  2.15116E+01  2.16466E-28  1.42907E+06  2.00000E-03 -1.59513E+00
  2.16052E+01  2.16465E-28  1.42907E+06  2.00000E-03 -1.59541E+00
  2.16988E+01  2.16453E-28  1.42902E+06  2.00000E-03 -1.59764E+00
  2.17924E+01  2.16453E-28  1.42902E+06  2.00000E-03 -1.59764E+00
  2.18859E+01  2.16429E-28  1.42891E+06  2.00000E-03 -1.60232E+00
  2.19795E+01  2.16452E-28  1.42901E+06  2.00000E-03 -1.55795E+00
  2.20731E+01  2.16495E-28  1.42920E+06  2.00000E-03 -1.51113E+00
  2.21667E+01  2.16495E-28  1.42920E+06  2.00000E-03 -1.51113E+00
  2.22603E+01  2.16495E-28  1.42920E+06  2.00000E-03 -1.51113E+00
  2.23538E+01  2.16495E-28  1.42920E+06  2.00000E-03 -1.51113E+00
  2.24474E+01  2.16495E-28  1.42920E+06  2.00000E-03 -1.51113E+00
  2.25410E+01  2.16495E-28  1.42920E+06  2.00000E-03 -1.51113E+00
  2.26346E+01  2.16495E-28  1.42920E+06  2.00000E-03 -1.51113E+00
  2.27282E+01  2.16621E-28  1.42975E+06  2.00000E-03 -1.42931E+00
  2.28217E+01  2.16785E-28  1.43047E+06  2.00000E-03 -1.32241E+00
  2.29153E+01  2.16785E-28  1.43047E+06  2.00000E-03 -1.32241E+00
  2.30089E+01  2.16785E-28  1.43047E+06  2.00000E-03 -1.32241E+00
  2.31025E+01  2.16785E-28  1.43047E+06  2.00000E-03 -1.32241E+00
  2.31961E+01  2.16785E-28  1.43047E+06  2.00000E-03 -1.32241E+00
  2.32896E+01  2.16785E-28  1.43047E+06  2.00000E-03 -1.32241E+00
  2.33832E+01  2.16785E-28  1.43047E+06  2.00000E-03 -1.32241E+00
  2.34768E+01  2.16934E-28  1.43113E+06  2.00000E-03 -1.22591E+00
  2.35704E+01  2.17207E-28  1.43233E+06  2.00000E-03 -1.04932E+00
  2.36640E+01  2.17207E-28  1.43233E+06  2.00000E-03 -1.04932E+00
  2.37575E+01  2.17207E-28  1.43233E+06  2.00000E-03 -1.04932E+00
  2.38511E+01  2.17207E-28  1.43233E+06  2.00000E-03 -1.04932E+00
  2.39447E+01  2.17207E-28  1.43233E+06  2.00000E-03 -1.04932E+00
  2.40383E+01  2.17207E-28  1.43233E+06  2.00000E-03 -1.04932E+00
  2.41319E+01  2.17207E-28  1.43233E+06  2.00000E-03 -1.04932E+00
  2.42254E+01  2.17314E-28  1.43279E+06  2.00000E-03 -9.82943E-01
