 -2.40618E+01  2.19726E-28  1.44351E+06  2.00000E-03  7.86589E+00
 -2.39682E+01  2.19726E-28  1.44351E+06  2.00000E-03  7.86589E+00
 -2.38746E+01  2.19726E-28  1.44351E+06  2.00000E-03  7.86589E+00
 -2.37810E+01  2.19726E-28  1.44351E+06  2.00000E-03  7.86589E+00
 -2.36874E+01  2.19726E-28  1.44351E+06  2.00000E-03  7.86589E+00
 -2.35939E+01  2.19726E-28  1.44351E+06  2.00000E-03  7.86589E+00
 -2.35003E+01  2.19726E-28  1.44351E+06  2.00000E-03  7.86589E+00
 -2.34067E+01  2.19888E-28  1.44422E+06  2.00000E-03  7.80163E+00
 -2.33131E+01  2.20084E-28  1.44509E+06  2.00000E-03  7.72373E+00
 -2.32195E+01  2.20084E-28  1.44509E+06  2.00000E-03  7.72374E+00
 -2.31260E+01  2.20084E-28  1.44509E+06  2.00000E-03  7.72374E+00
 -2.30324E+01  2.20084E-28  1.44509E+06  2.00000E-03  7.72374E+00
 -2.29388E+01  2.20084E-28  1.44509E+06  2.00000E-03  7.72373E+00
 -2.28452E+01  2.20084E-28  1.44509E+06  2.00000E-03  7.72373E+00
 -2.27516E+01  2.20084E-28  1.44509E+06  2.00000E-03  7.72374E+00
 -2.26581E+01  2.20094E-28  1.44514E+06  2.00000E-03  7.72570E+00
 -2.25645E+01  2.20126E-28  1.44529E+06  2.00000E-03  7.73164E+00
 -2.24709E+01  2.20126E-28  1.44529E+06  2.00000E-03  7.73164E+00
 -2.23773E+01  2.20126E-28  1.44529E+06  2.00000E-03  7.73164E+00
 -2.22838E+01  2.20126E-28  1.44529E+06  2.00000E-03  7.73164E+00
 -2.21902E+01  2.20126E-28  1.44529E+06  2.00000E-03  7.73164E+00
 -2.20966E+01  2.20126E-28  1.44529E+06  2.00000E-03  7.73165E+00
 -2.20030E+01  2.20126E-28  1.44529E+06  2.00000E-03  7.73164E+00
 -2.19094E+01  2.20063E-28  1.44502E+06  2.00000E-03  7.77367E+00
 -2.18159E+01  2.19918E-28  1.44440E+06  2.00000E-03  7.87103E+00
 -2.17223E+01  2.19918E-28  1.44440E+06  2.00000E-03  7.87103E+00
 -2.16287E+01  2.19918E-28  1.44440E+06  2.00000E-03  7.87103E+00
 -2.15351E+01  2.19918E-28  1.44440E+06  2.00000E-03  7.87103E+00
 -2.14415E+01  2.19918E-28  1.44440E+06  2.00000E-03  7.87103E+00
 -2.13480E+01  2.19918E-28  1.44440E+06  2.00000E-03  7.87103E+00
 -2.12544E+01  2.19929E-28  1.44444E+06  2.00000E-03  7.85547E+00
 -2.11608E+01  2.19956E-28  1.44457E+06  2.00000E-03  7.79194E+00
 -2.10672E+01  2.19689E-28  1.44342E+06  2.00000E-03  7.95085E+00
 -2.09736E+01  2.19691E-28  1.44343E+06  2.00000E-03  7.94904E+00
 -2.08801E+01  2.19727E-28  1.44358E+06  2.00000E-03  7.89446E+00
 -2.07865E+01  2.19727E-28  1.44358E+06  2.00000E-03  7.89446E+00
 -2.06929E+01  2.19721E-28  1.44356E+06  2.00000E-03  7.90264E+00
 -2.05993E+01  2.19696E-28  1.44345E+06  2.00000E-03  7.94068E+00
 -2.05057E+01  2.19727E-28  1.44358E+06  2.00000E-03  7.89446E+00
 -2.04122E+01  2.19703E-28  1.44348E+06  2.00000E-03  7.91364E+00
 -2.03186E+01  2.19504E-28  1.44263E+06  2.00000E-03  8.06552E+00
 -2.02250E+01  2.19505E-28  1.44263E+06  2.00000E-03  8.06353E+00
 -2.01314E+01  2.19505E-28  1.44263E+06  2.00000E-03  8.06353E+00
 -2.00378E+01  2.19507E-28  1.44264E+06  2.00000E-03  8.05697E+00
 -1.99443E+01  2.19519E-28  1.44270E+06  2.00000E-03  8.01647E+00
 -1.98507E+01  2.19519E-28  1.44270E+06  2.00000E-03  8.01645E+00
 -1.97571E+01  2.19517E-28  1.44269E+06  2.00000E-03  8.02173E+00
 -1.96635E+01  2.19588E-28  1.44300E+06  2.00000E-03  8.00114E+00
 -1.95699E+01  2.19587E-28  1.44304E+06  2.00000E-03  8.01951E+00
 -1.94764E+01  2.19578E-28  1.44301E+06  2.00000E-03  8.02602E+00
 -1.93828E+01  2.19578E-28  1.44301E+06  2.00000E-03  8.02602E+00
 -1.92892E+01  2.19587E-28  1.44305E+06  2.00000E-03  8.01773E+00
 -1.91956E+01  2.19588E-28  1.44305E+06  2.00000E-03  8.01691E+00
 -1.91020E+01  2.19589E-28  1.44306E+06  2.00000E-03  8.01572E+00
 -1.90085E+01  2.19606E-28  1.44313E+06  2.00000E-03  7.99870E+00
 -1.89149E+01  2.19606E-28  1.44313E+06  2.00000E-03  7.99870E+00
 -1.88213E+01  2.19678E-28  1.44346E+06  2.00000E-03  8.05623E+00
 -1.87277E+01  2.19683E-28  1.44349E+06  2.00000E-03  8.06044E+00
 -1.86341E+01  2.19683E-28  1.44349E+06  2.00000E-03  8.06044E+00
 -1.85406E+01  2.19683E-28  1.44349E+06  2.00000E-03  8.06044E+00
 -1.84470E+01  2.19938E-28  1.44462E+06  2.00000E-03  7.94930E+00
 -1.83534E+01  2.19968E-28  1.44475E+06  2.00000E-03  7.93598E+00
 -1.82598E+01  2.19968E-28  1.44475E+06  2.00000E-03  7.93598E+00
 -1.81662E+01  2.19968E-28  1.44475E+06  2.00000E-03  7.93598E+00
 -1.80727E+01  2.20223E-28  1.44588E+06  2.00000E-03  7.86387E+00
 -1.79791E+01  2.20270E-28  1.44608E+06  2.00000E-03  7.85078E+00
 -1.78855E+01  2.20270E-28  1.44608E+06  2.00000E-03  7.85078E+00
 -1.77919E+01  2.20270E-28  1.44608E+06  2.00000E-03  7.85078E+00
 -1.76983E+01  2.20540E-28  1.44729E+06  2.00000E-03  7.83808E+00
 -1.76048E+01  2.20575E-28  1.44744E+06  2.00000E-03  7.83648E+00
 -1.75112E+01  2.20575E-28  1.44744E+06  2.00000E-03  7.83648E+00
 -1.74176E+01  2.20575E-28  1.44744E+06  2.00000E-03  7.83648E+00
 -1.73240E+01  2.20797E-28  1.44843E+06  2.00000E-03  7.91008E+00
 -1.72304E+01  2.20851E-28  1.44868E+06  2.00000E-03  7.92813E+00
 -1.71369E+01  2.20851E-28  1.44868E+06  2.00000E-03  7.92813E+00
 -1.70433E+01  2.20851E-28  1.44868E+06  2.00000E-03  7.92814E+00
 -1.69497E+01  2.21013E-28  1.44936E+06  2.00000E-03  8.06498E+00
 -1.68561E+01  2.21044E-28  1.44949E+06  2.00000E-03  8.18257E+00
 -1.67625E+01  2.20989E-28  1.44925E+06  1.99999E-03  8.23216E+00
 -1.66690E+01  2.20977E-28  1.44920E+06  1.99999E-03  8.24343E+00
 -1.65754E+01  2.21072E-28  1.44982E+06  1.99995E-03  8.46976E+00
 -1.64818E+01  2.21112E-28  1.45012E+06  1.99992E-03  8.57942E+00
 -1.63882E+01  2.21071E-28  1.45000E+06  1.99991E-03  8.61511E+00
 -1.62946E+01  2.21057E-28  1.44996E+06  1.99991E-03  8.62757E+00
 -1.62011E+01  2.21059E-28  1.44992E+06  1.99966E-03  8.88272E+00
 -1.61075E+01  2.21072E-28  1.44994E+06  1.99953E-03  9.00274E+00
 -1.60139E+01  2.21072E-28  1.44994E+06  1.99953E-03  9.00274E+00
 -1.59203E+01  2.21072E-28  1.44994E+06  1.99953E-03  9.00275E+00
 -1.58267E+01  2.21251E-28  1.44949E+06  1.99909E-03  9.04497E+00
 -1.57332E+01  2.21375E-28  1.44918E+06  1.99878E-03  9.07426E+00
 -1.56396E+01  2.21375E-28  1.44918E+06  1.99878E-03  9.07426E+00
 -1.55460E+01  2.21375E-28  1.44918E+06  1.99878E-03  9.07426E+00
 -1.54524E+01  2.21749E-28  1.44825E+06  1.99796E-03  9.09738E+00
 -1.53588E+01  2.21964E-28  1.44771E+06  1.99749E-03  9.11067E+00
 -1.52653E+01  2.21964E-28  1.44771E+06  1.99749E-03  9.11067E+00
 -1.51717E+01  2.21964E-28  1.44771E+06  1.99749E-03  9.11066E+00
 -1.50781E+01  2.22310E-28  1.44699E+06  1.99676E-03  9.15533E+00
 -1.49845E+01  2.22620E-28  1.44634E+06  1.99611E-03  9.19521E+00
 -1.48909E+01  2.22620E-28  1.44634E+06  1.99611E-03  9.19521E+00
 -1.47974E+01  2.22620E-28  1.44634E+06  1.99611E-03  9.19521E+00
 -1.47038E+01  2.22831E-28  1.44652E+06  1.99587E-03  9.20953E+00
 -1.46102E+01  2.23089E-28  1.44675E+06  1.99558E-03  9.22696E+00
 -1.45166E+01  2.23089E-28  1.44675E+06  1.99558E-03  9.22696E+00
 -1.44230E+01  2.23089E-28  1.44675E+06  1.99558E-03  9.22696E+00
 -1.43295E+01  2.23144E-28  1.44762E+06  1.99572E-03  9.15493E+00
 -1.42359E+01  2.23050E-28  1.44953E+06  1.99636E-03  8.92217E+00
 -1.41423E+01  2.22843E-28  1.45061E+06  1.99696E-03  8.73613E+00
 -1.40487E+01  2.23018E-28  1.44936E+06  1.99639E-03  8.72697E+00
 -1.39551E+01  2.23361E-28  1.44768E+06  1.99551E-03  8.67764E+00
 -1.38616E+01  2.22981E-28  1.45123E+06  1.99709E-03  8.44046E+00
 -1.37680E+01  2.22870E-28  1.45172E+06  1.99740E-03  8.39200E+00
 -1.36744E+01  2.22791E-28  1.45220E+06  1.99767E-03  8.31713E+00
 -1.35808E+01  2.22752E-28  1.45225E+06  1.99775E-03  8.21891E+00
 -1.34872E+01  2.22751E-28  1.45210E+06  1.99773E-03  8.08637E+00
 -1.33937E+01  2.22874E-28  1.45122E+06  1.99733E-03  8.15535E+00
 -1.33001E+01  2.22793E-28  1.45123E+06  1.99743E-03  8.09892E+00
 -1.32065E+01  2.22679E-28  1.45111E+06  1.99749E-03  8.04895E+00
 -1.31129E+01  2.22559E-28  1.44997E+06  1.99725E-03  7.94799E+00
 -1.30193E+01  2.22513E-28  1.44968E+06  1.99720E-03  7.95013E+00
 -1.29258E+01  2.22409E-28  1.44943E+06  1.99721E-03  7.95162E+00
 -1.28322E+01  2.22221E-28  1.44953E+06  1.99744E-03  7.98092E+00
 -1.27386E+01  2.21820E-28  1.44816E+06  1.99745E-03  8.06460E+00
 -1.26450E+01  2.21791E-28  1.44857E+06  1.99761E-03  8.06130E+00
 -1.25514E+01  2.21683E-28  1.45015E+06  1.99819E-03  8.04888E+00
 -1.24579E+01  2.21496E-28  1.44964E+06  1.99829E-03  8.10532E+00
 -1.23643E+01  2.20802E-28  1.44776E+06  1.99866E-03  8.31595E+00
 -1.22707E+01  2.20802E-28  1.44776E+06  1.99866E-03  8.31595E+00
 -1.21771E+01  2.20802E-28  1.44776E+06  1.99866E-03  8.31595E+00
 -1.20835E+01  2.20629E-28  1.44725E+06  1.99879E-03  8.35300E+00
 -1.19900E+01  2.19973E-28  1.44532E+06  1.99926E-03  8.49389E+00
 -1.18964E+01  2.19973E-28  1.44532E+06  1.99926E-03  8.49389E+00
 -1.18028E+01  2.19973E-28  1.44532E+06  1.99926E-03  8.49389E+00
 -1.17092E+01  2.19893E-28  1.44499E+06  1.99931E-03  8.49380E+00
 -1.16156E+01  2.19364E-28  1.44281E+06  1.99969E-03  8.49322E+00
 -1.15221E+01  2.19364E-28  1.44281E+06  1.99969E-03  8.49322E+00
 -1.14285E+01  2.19364E-28  1.44281E+06  1.99969E-03  8.49322E+00
 -1.13349E+01  2.19305E-28  1.44248E+06  1.99972E-03  8.47581E+00
 -1.12413E+01  2.18948E-28  1.44053E+06  1.99991E-03  8.36979E+00
 -1.11477E+01  2.19080E-28  1.44107E+06  1.99991E-03  8.34059E+00
 -1.10542E+01  2.19085E-28  1.44109E+06  1.99991E-03  8.33956E+00
 -1.09606E+01  2.19079E-28  1.44105E+06  1.99991E-03  8.33100E+00
 -1.08670E+01  2.18777E-28  1.43953E+06  1.99999E-03  8.20852E+00
 -1.07734E+01  2.18774E-28  1.43951E+06  1.99999E-03  8.20774E+00
 -1.06798E+01  2.18825E-28  1.43974E+06  1.99999E-03  8.20645E+00
 -1.05863E+01  2.18836E-28  1.43979E+06  1.99999E-03  8.20545E+00
 -1.04927E+01  2.18586E-28  1.43873E+06  2.00000E-03  8.14468E+00
 -1.03991E+01  2.18580E-28  1.43870E+06  2.00000E-03  8.14368E+00
 -1.03055E+01  2.18580E-28  1.43870E+06  2.00000E-03  8.14368E+00
 -1.02120E+01  2.18575E-28  1.43868E+06  2.00000E-03  8.14200E+00
 -1.01184E+01  2.18369E-28  1.43782E+06  2.00000E-03  8.07061E+00
 -1.00248E+01  2.18358E-28  1.43778E+06  2.00000E-03  8.06690E+00
 -9.93121E+00  2.18358E-28  1.43778E+06  2.00000E-03  8.06690E+00
 -9.83763E+00  2.18358E-28  1.43778E+06  2.00000E-03  8.06690E+00
 -9.74405E+00  2.18319E-28  1.43763E+06  2.00000E-03  7.94944E+00
 -9.65047E+00  2.18317E-28  1.43763E+06  2.00000E-03  7.94450E+00
 -9.55689E+00  2.18317E-28  1.43763E+06  2.00000E-03  7.94450E+00
 -9.46331E+00  2.18317E-28  1.43763E+06  2.00000E-03  7.94450E+00
 -9.36973E+00  2.18412E-28  1.43805E+06  2.00000E-03  7.82302E+00
 -9.27615E+00  2.18424E-28  1.43810E+06  2.00000E-03  7.80775E+00
 -9.18257E+00  2.18424E-28  1.43810E+06  2.00000E-03  7.80775E+00
 -9.08899E+00  2.18424E-28  1.43810E+06  2.00000E-03  7.80775E+00
 -8.99541E+00  2.18562E-28  1.43871E+06  2.00000E-03  7.76952E+00
 -8.90183E+00  2.18596E-28  1.43886E+06  2.00000E-03  7.76029E+00
 -8.80825E+00  2.18596E-28  1.43886E+06  2.00000E-03  7.76029E+00
 -8.71467E+00  2.18596E-28  1.43886E+06  2.00000E-03  7.76029E+00
 -8.62109E+00  2.18708E-28  1.43939E+06  2.00000E-03  7.89918E+00
 -8.52751E+00  2.18733E-28  1.43951E+06  2.00000E-03  7.93055E+00
 -8.43393E+00  2.18733E-28  1.43951E+06  2.00000E-03  7.93055E+00
 -8.34035E+00  2.18733E-28  1.43951E+06  2.00000E-03  7.93055E+00
 -8.24677E+00  2.18943E-28  1.44042E+06  2.00000E-03  8.30278E+00
 -8.15319E+00  2.18992E-28  1.44062E+06  2.00000E-03  8.36003E+00
 -8.05961E+00  2.18992E-28  1.44063E+06  2.00000E-03  8.36003E+00
 -7.96603E+00  2.18992E-28  1.44062E+06  2.00000E-03  8.36003E+00
 -7.87245E+00  2.19032E-28  1.44082E+06  2.00000E-03  8.70431E+00
 -7.77887E+00  2.19037E-28  1.44086E+06  2.00000E-03  8.84695E+00
 -7.68529E+00  2.19037E-28  1.44086E+06  2.00000E-03  8.84695E+00
 -7.59171E+00  2.19145E-28  1.44132E+06  2.00000E-03  8.85854E+00
 -7.49813E+00  2.19153E-28  1.44135E+06  2.00000E-03  9.20312E+00
 -7.40455E+00  2.19146E-28  1.44131E+06  2.00000E-03  9.35766E+00
 -7.31097E+00  2.19146E-28  1.44131E+06  2.00000E-03  9.35767E+00
 -7.21739E+00  2.19251E-28  1.44176E+06  2.00000E-03  9.30739E+00
 -7.12382E+00  2.19343E-28  1.44194E+06  2.00000E-03  9.61843E+00
 -7.03024E+00  2.19360E-28  1.44188E+06  2.00000E-03  9.80224E+00
 -6.93666E+00  2.19372E-28  1.44193E+06  2.00000E-03  9.79667E+00
 -6.84308E+00  2.19360E-28  1.44188E+06  2.00000E-03  9.80224E+00
 -6.74950E+00  2.19409E-28  1.44257E+06  1.99999E-03  1.01687E+01
 -6.65592E+00  2.19438E-28  1.44296E+06  1.99998E-03  1.03569E+01
 -6.56234E+00  2.19438E-28  1.44296E+06  1.99998E-03  1.03569E+01
 -6.46876E+00  2.19438E-28  1.44296E+06  1.99998E-03  1.03569E+01
 -6.37518E+00  2.19405E-28  1.44397E+06  1.99982E-03  1.06863E+01
 -6.28160E+00  2.19387E-28  1.44482E+06  1.99969E-03  1.09739E+01
 -6.18802E+00  2.19385E-28  1.44482E+06  1.99969E-03  1.09747E+01
 -6.09444E+00  2.19373E-28  1.44482E+06  1.99967E-03  1.09798E+01
 -6.00086E+00  2.19591E-28  1.44421E+06  1.99904E-03  1.12686E+01
 -5.90728E+00  2.19803E-28  1.44293E+06  1.99833E-03  1.15476E+01
 -5.81370E+00  2.19815E-28  1.44239E+06  1.99820E-03  1.15703E+01
 -5.72012E+00  2.19816E-28  1.44239E+06  1.99820E-03  1.15703E+01
 -5.62654E+00  2.20899E-28  1.43618E+06  1.99543E-03  1.17830E+01
 -5.53296E+00  2.21819E-28  1.43044E+06  1.99272E-03  1.18499E+01
 -5.43938E+00  2.22213E-28  1.42739E+06  1.99115E-03  1.17474E+01
 -5.34580E+00  2.22213E-28  1.42739E+06  1.99115E-03  1.17474E+01
 -5.25222E+00  2.24504E-28  1.41281E+06  1.98326E-03  1.17682E+01
 -5.15864E+00  2.27152E-28  1.39619E+06  1.97415E-03  1.17506E+01
 -5.06506E+00  2.27152E-28  1.39619E+06  1.97415E-03  1.17506E+01
 -4.97148E+00  2.27581E-28  1.39335E+06  1.97251E-03  1.16989E+01
 -4.87790E+00  2.30299E-28  1.37614E+06  1.96212E-03  1.14616E+01
 -4.78432E+00  2.33929E-28  1.35418E+06  1.94852E-03  1.12172E+01
 -4.69074E+00  2.33929E-28  1.35418E+06  1.94852E-03  1.12172E+01
 -4.59716E+00  2.33929E-28  1.35418E+06  1.94852E-03  1.12172E+01
 -4.50358E+00  2.37056E-28  1.33600E+06  1.93806E-03  1.10275E+01
 -4.41000E+00  2.42379E-28  1.30615E+06  1.92087E-03  1.07158E+01
 -4.31642E+00  2.42379E-28  1.30615E+06  1.92087E-03  1.07158E+01
 -4.22284E+00  2.42379E-28  1.30615E+06  1.92087E-03  1.07158E+01
 -4.12926E+00  2.53005E-28  1.25081E+06  1.89014E-03  1.03853E+01
 -4.03568E+00  2.75507E-28  1.14773E+06  1.83288E-03  9.76966E+00
 -3.94210E+00  2.75507E-28  1.14773E+06  1.83288E-03  9.76966E+00
 -3.84852E+00  2.75507E-28  1.14773E+06  1.83288E-03  9.76966E+00
 -3.75494E+00  2.81458E-28  1.12265E+06  1.81905E-03  9.31716E+00
 -3.66136E+00  2.92487E-28  1.07887E+06  1.79490E-03  8.52714E+00
 -3.56778E+00  2.92487E-28  1.07887E+06  1.79490E-03  8.52713E+00
 -3.47420E+00  2.92487E-28  1.07887E+06  1.79490E-03  8.52714E+00
 -3.38062E+00  2.79583E-28  1.12764E+06  1.82210E-03  8.13855E+00
 -3.28704E+00  2.48160E-28  1.26762E+06  1.90018E-03  7.02328E+00
 -3.19346E+00  2.48160E-28  1.26762E+06  1.90018E-03  7.02328E+00
 -3.09988E+00  2.48160E-28  1.26762E+06  1.90018E-03  7.02328E+00
 -3.00630E+00  2.42156E-28  1.29835E+06  1.91785E-03  6.77087E+00
 -2.91272E+00  2.20507E-28  1.42306E+06  1.98953E-03  5.74658E+00
 -2.81914E+00  2.20507E-28  1.42306E+06  1.98953E-03  5.74658E+00
 -2.72556E+00  2.20487E-28  1.42317E+06  1.98961E-03  5.73743E+00
 -2.63198E+00  2.19420E-28  1.42898E+06  1.99354E-03  5.27133E+00
 -2.53840E+00  2.17817E-28  1.43857E+06  1.99975E-03  4.45952E+00
 -2.44482E+00  2.17817E-28  1.43857E+06  1.99975E-03  4.45952E+00
 -2.35124E+00  2.17814E-28  1.43854E+06  1.99975E-03  4.43895E+00
 -2.25766E+00  2.17820E-28  1.43824E+06  1.99983E-03  4.20173E+00
 -2.16408E+00  2.17986E-28  1.43733E+06  2.00000E-03  3.36678E+00
 -2.07050E+00  2.17992E-28  1.43720E+06  2.00000E-03  3.29240E+00
 -1.97692E+00  2.17994E-28  1.43716E+06  2.00000E-03  3.26576E+00
 -1.88334E+00  2.18017E-28  1.43694E+06  2.00000E-03  3.08033E+00
 -1.78976E+00  2.18213E-28  1.43704E+06  2.00000E-03  2.21300E+00
 -1.69618E+00  2.18214E-28  1.43704E+06  2.00000E-03  2.20543E+00
 -1.60260E+00  2.18214E-28  1.43704E+06  2.00000E-03  2.20543E+00
 -1.50902E+00  2.18224E-28  1.43709E+06  2.00000E-03  2.13976E+00
 -1.41544E+00  2.18345E-28  1.43769E+06  2.00000E-03  1.29110E+00
 -1.32186E+00  2.18347E-28  1.43770E+06  2.00000E-03  1.28174E+00
 -1.22828E+00  2.18347E-28  1.43770E+06  2.00000E-03  1.28174E+00
 -1.13470E+00  2.18350E-28  1.43771E+06  2.00000E-03  1.25738E+00
 -1.04112E+00  2.18470E-28  1.43828E+06  2.00000E-03  4.21162E-01
 -9.47545E-01  2.18474E-28  1.43830E+06  2.00000E-03  3.92258E-01
 -8.53965E-01  2.18474E-28  1.43830E+06  2.00000E-03  3.92258E-01
 -7.60385E-01  2.18476E-28  1.43831E+06  2.00000E-03  3.77538E-01
 -6.66805E-01  2.18592E-28  1.43882E+06  2.00000E-03 -4.11093E-01
 -5.73225E-01  2.18597E-28  1.43884E+06  2.00000E-03 -4.44950E-01
 -4.79645E-01  2.18597E-28  1.43884E+06  2.00000E-03 -4.44950E-01
 -3.86065E-01  2.18514E-28  1.43846E+06  2.00000E-03 -3.34155E-01
 -2.92486E-01  2.18594E-28  1.43881E+06  2.00000E-03 -9.69386E-01
 -1.98906E-01  2.18563E-28  1.43867E+06  2.00000E-03 -9.84579E-01
 -1.05326E-01  2.18555E-28  1.43863E+06  2.00000E-03 -9.71084E-01
 -1.17460E-02  2.18600E-28  1.43883E+06  2.00000E-03 -1.04176E+00
  8.18338E-02  2.18665E-28  1.43912E+06  2.00000E-03 -1.60535E+00
  1.75414E-01  2.18620E-28  1.43892E+06  2.00000E-03 -1.58595E+00
  2.68994E-01  2.18659E-28  1.43909E+06  2.00000E-03 -1.65896E+00
  3.62573E-01  2.18648E-28  1.43904E+06  2.00000E-03 -1.60908E+00
  4.56153E-01  2.18713E-28  1.43933E+06  2.00000E-03 -1.98679E+00
  5.49733E-01  2.18732E-28  1.43941E+06  2.00000E-03 -2.08145E+00
  6.43313E-01  2.18732E-28  1.43941E+06  2.00000E-03 -2.08145E+00
  7.36893E-01  2.18700E-28  1.43927E+06  2.00000E-03 -2.01379E+00
  8.30473E-01  2.18759E-28  1.43956E+06  2.00000E-03 -2.36944E+00
  9.24053E-01  2.18857E-28  1.44000E+06  2.00000E-03 -2.51429E+00
  1.01763E+00  2.18861E-28  1.44001E+06  2.00000E-03 -2.49514E+00
  1.11121E+00  2.18862E-28  1.44001E+06  2.00000E-03 -2.49514E+00
  1.20479E+00  2.18888E-28  1.44015E+06  2.00000E-03 -2.54490E+00
  1.29837E+00  2.18909E-28  1.44024E+06  2.00000E-03 -2.60844E+00
  1.39195E+00  2.18909E-28  1.44024E+06  2.00000E-03 -2.60844E+00
  1.48553E+00  2.18909E-28  1.44025E+06  2.00000E-03 -2.60844E+00
  1.57911E+00  2.18944E-28  1.44041E+06  2.00000E-03 -2.71910E+00
  1.67269E+00  2.18965E-28  1.44050E+06  2.00000E-03 -2.78339E+00
  1.76627E+00  2.18965E-28  1.44050E+06  2.00000E-03 -2.78339E+00
  1.85985E+00  2.18965E-28  1.44050E+06  2.00000E-03 -2.78338E+00
  1.95343E+00  2.18734E-28  1.43944E+06  2.00000E-03 -2.84772E+00
  2.04701E+00  2.18615E-28  1.43889E+06  2.00000E-03 -2.88117E+00
  2.14059E+00  2.18615E-28  1.43889E+06  2.00000E-03 -2.88117E+00
  2.23417E+00  2.18615E-28  1.43889E+06  2.00000E-03 -2.88117E+00
  2.32775E+00  2.18784E-28  1.43962E+06  2.00000E-03 -2.03718E+00
  2.42133E+00  2.18855E-28  1.43993E+06  2.00000E-03 -1.68257E+00
  2.51491E+00  2.18855E-28  1.43993E+06  2.00000E-03 -1.68257E+00
  2.60849E+00  2.18855E-28  1.43993E+06  2.00000E-03 -1.68257E+00
  2.70207E+00  2.18363E-28  1.43774E+06  2.00000E-03 -7.07933E-01
  2.79565E+00  2.17919E-28  1.43576E+06  2.00000E-03  1.76279E-01
  2.88923E+00  2.17919E-28  1.43576E+06  2.00000E-03  1.76279E-01
  2.98281E+00  2.18049E-28  1.43632E+06  2.00000E-03  2.35065E-01
  3.07639E+00  2.17798E-28  1.43533E+06  2.00000E-03  1.03304E-01
  3.16997E+00  2.17272E-28  1.43316E+06  2.00000E-03 -1.57083E-01
  3.26355E+00  2.17272E-28  1.43316E+06  2.00000E-03 -1.57082E-01
  3.35713E+00  2.17310E-28  1.43333E+06  2.00000E-03 -1.39527E-01
  3.45071E+00  2.17315E-28  1.43332E+06  2.00000E-03 -1.01086E+00
  3.54429E+00  2.17325E-28  1.43334E+06  2.00000E-03 -1.87974E+00
  3.63787E+00  2.17463E-28  1.43393E+06  2.00000E-03 -1.84713E+00
  3.73145E+00  2.17549E-28  1.43430E+06  2.00000E-03 -1.82692E+00
  3.82503E+00  2.17401E-28  1.43363E+06  2.00000E-03 -2.55696E+00
  3.91861E+00  2.17307E-28  1.43321E+06  2.00000E-03 -3.01415E+00
  4.01219E+00  2.17307E-28  1.43321E+06  2.00000E-03 -3.01414E+00
  4.10577E+00  2.17307E-28  1.43321E+06  2.00000E-03 -3.01415E+00
  4.19935E+00  2.17219E-28  1.43280E+06  2.00000E-03 -3.37085E+00
  4.29293E+00  2.17067E-28  1.43212E+06  2.00000E-03 -3.98092E+00
  4.38651E+00  2.17067E-28  1.43212E+06  2.00000E-03 -3.98092E+00
  4.48009E+00  2.17067E-28  1.43212E+06  2.00000E-03 -3.98091E+00
  4.57367E+00  2.16992E-28  1.43178E+06  2.00000E-03 -4.32944E+00
  4.66725E+00  2.16870E-28  1.43123E+06  1.99999E-03 -4.90257E+00
  4.76083E+00  2.16870E-28  1.43123E+06  1.99999E-03 -4.90257E+00
  4.85441E+00  2.16870E-28  1.43123E+06  1.99999E-03 -4.90257E+00
  4.94799E+00  2.16846E-28  1.43124E+06  1.99996E-03 -5.18156E+00
  5.04157E+00  2.16799E-28  1.43126E+06  1.99989E-03 -5.72446E+00
  5.13515E+00  2.16799E-28  1.43126E+06  1.99989E-03 -5.72446E+00
  5.22873E+00  2.16799E-28  1.43126E+06  1.99989E-03 -5.72446E+00
  5.32231E+00  2.16802E-28  1.43153E+06  1.99974E-03 -5.89391E+00
  5.41589E+00  2.16807E-28  1.43209E+06  1.99945E-03 -6.23638E+00
  5.50947E+00  2.16807E-28  1.43209E+06  1.99945E-03 -6.23638E+00
  5.60305E+00  2.16807E-28  1.43209E+06  1.99945E-03 -6.23638E+00
  5.69663E+00  2.16900E-28  1.43234E+06  1.99922E-03 -6.23523E+00
  5.79021E+00  2.17217E-28  1.43322E+06  1.99844E-03 -6.23133E+00
  5.88378E+00  2.17256E-28  1.43325E+06  1.99839E-03 -6.23518E+00
  5.97736E+00  2.17486E-28  1.43341E+06  1.99812E-03 -6.25812E+00
  6.07094E+00  2.17616E-28  1.43329E+06  1.99790E-03 -6.15540E+00
  6.16452E+00  2.18154E-28  1.43259E+06  1.99696E-03 -5.78879E+00
  6.25810E+00  2.18345E-28  1.43244E+06  1.99667E-03 -5.78707E+00
  6.35168E+00  2.18453E-28  1.43235E+06  1.99650E-03 -5.78610E+00
  6.44526E+00  2.18291E-28  1.43343E+06  1.99714E-03 -5.69757E+00
  6.53884E+00  2.18320E-28  1.43706E+06  1.99854E-03 -5.36453E+00
  6.63242E+00  2.18576E-28  1.43711E+06  1.99817E-03 -5.34061E+00
  6.72600E+00  2.18576E-28  1.43711E+06  1.99817E-03 -5.34061E+00
  6.81958E+00  2.18604E-28  1.43754E+06  1.99838E-03 -5.32825E+00
  6.91316E+00  2.18768E-28  1.44022E+06  1.99972E-03 -5.21590E+00
  7.00674E+00  2.18768E-28  1.44022E+06  1.99972E-03 -5.21590E+00
  7.10032E+00  2.18766E-28  1.44021E+06  1.99971E-03 -5.22244E+00
  7.19390E+00  2.18785E-28  1.44024E+06  1.99968E-03 -5.26231E+00
  7.28748E+00  2.19227E-28  1.44153E+06  2.00000E-03 -5.35403E+00
  7.38106E+00  2.19244E-28  1.44159E+06  2.00000E-03 -5.32149E+00
  7.47464E+00  2.19227E-28  1.44153E+06  2.00000E-03 -5.35403E+00
  7.56822E+00  2.19256E-28  1.44166E+06  2.00000E-03 -5.36830E+00
  7.66180E+00  2.19646E-28  1.44342E+06  2.00000E-03 -5.56032E+00
  7.75538E+00  2.19652E-28  1.44345E+06  2.00000E-03 -5.55749E+00
  7.84896E+00  2.19665E-28  1.44350E+06  2.00000E-03 -5.52568E+00
  7.94254E+00  2.19674E-28  1.44354E+06  2.00000E-03 -5.53209E+00
  8.03612E+00  2.20093E-28  1.44536E+06  2.00000E-03 -5.63082E+00
  8.12970E+00  2.20096E-28  1.44537E+06  2.00000E-03 -5.62186E+00
  8.22328E+00  2.20113E-28  1.44544E+06  2.00000E-03 -5.53786E+00
  8.31686E+00  2.20123E-28  1.44548E+06  2.00000E-03 -5.53826E+00
  8.41044E+00  2.20489E-28  1.44710E+06  2.00000E-03 -5.55398E+00
  8.50402E+00  2.20501E-28  1.44715E+06  2.00000E-03 -5.55451E+00
  8.59760E+00  2.20501E-28  1.44715E+06  2.00000E-03 -5.55451E+00
  8.69118E+00  2.20501E-28  1.44715E+06  2.00000E-03 -5.55451E+00
  8.78476E+00  2.20987E-28  1.44929E+06  2.00000E-03 -5.50338E+00
  8.87834E+00  2.21114E-28  1.44984E+06  2.00000E-03 -5.46587E+00
  8.97192E+00  2.21132E-28  1.44992E+06  2.00000E-03 -5.45954E+00
  9.06550E+00  2.21132E-28  1.44992E+06  2.00000E-03 -5.45954E+00
  9.15908E+00  2.21328E-28  1.45078E+06  2.00000E-03 -5.52102E+00
  9.25266E+00  2.21350E-28  1.45088E+06  2.00000E-03 -5.52844E+00
  9.34624E+00  2.21443E-28  1.45128E+06  2.00000E-03 -5.49805E+00
  9.43982E+00  2.21622E-28  1.45207E+06  2.00000E-03 -5.43891E+00
  9.53340E+00  2.21704E-28  1.45243E+06  2.00000E-03 -5.55863E+00
  9.62698E+00  2.21720E-28  1.45250E+06  2.00000E-03 -5.58551E+00
  9.72056E+00  2.21720E-28  1.45250E+06  2.00000E-03 -5.58551E+00
  9.81414E+00  2.21720E-28  1.45250E+06  2.00000E-03 -5.58551E+00
  9.90772E+00  2.21702E-28  1.45242E+06  2.00000E-03 -5.76792E+00
  1.00013E+01  2.21698E-28  1.45240E+06  2.00000E-03 -5.80793E+00
  1.00949E+01  2.21698E-28  1.45240E+06  2.00000E-03 -5.80793E+00
  1.01885E+01  2.21698E-28  1.45240E+06  2.00000E-03 -5.80793E+00
  1.02820E+01  2.21616E-28  1.45205E+06  2.00000E-03 -6.01036E+00
  1.03756E+01  2.21586E-28  1.45192E+06  2.00000E-03 -6.08372E+00
  1.04692E+01  2.21586E-28  1.45192E+06  2.00000E-03 -6.08372E+00
  1.05628E+01  2.21586E-28  1.45192E+06  2.00000E-03 -6.08372E+00
  1.06564E+01  2.21477E-28  1.45144E+06  2.00000E-03 -6.29492E+00
  1.07499E+01  2.21439E-28  1.45127E+06  2.00000E-03 -6.36777E+00
  1.08435E+01  2.21439E-28  1.45127E+06  2.00000E-03 -6.36777E+00
  1.09371E+01  2.21439E-28  1.45127E+06  2.00000E-03 -6.36777E+00
  1.10307E+01  2.21352E-28  1.45089E+06  2.00000E-03 -6.54371E+00
  1.11243E+01  2.21319E-28  1.45074E+06  2.00000E-03 -6.61107E+00
  1.12178E+01  2.21319E-28  1.45074E+06  2.00000E-03 -6.61107E+00
  1.13114E+01  2.21319E-28  1.45074E+06  2.00000E-03 -6.61107E+00
  1.14050E+01  2.21278E-28  1.45056E+06  2.00000E-03 -6.72925E+00
  1.14986E+01  2.21257E-28  1.45047E+06  2.00000E-03 -6.78925E+00
  1.15922E+01  2.21273E-28  1.45054E+06  2.00000E-03 -6.79986E+00
  1.16857E+01  2.21288E-28  1.45060E+06  2.00000E-03 -6.80968E+00
  1.17793E+01  2.21265E-28  1.45050E+06  2.00000E-03 -6.88862E+00
  1.18729E+01  2.21250E-28  1.45043E+06  2.00000E-03 -6.95504E+00
  1.19665E+01  2.21256E-28  1.45046E+06  2.00000E-03 -6.96958E+00
  1.20601E+01  2.21259E-28  1.45047E+06  2.00000E-03 -6.97630E+00
  1.21536E+01  2.21210E-28  1.45025E+06  2.00000E-03 -7.06252E+00
  1.22472E+01  2.21166E-28  1.45006E+06  2.00000E-03 -7.15167E+00
  1.23408E+01  2.21163E-28  1.45004E+06  2.00000E-03 -7.16775E+00
  1.24344E+01  2.21163E-28  1.45004E+06  2.00000E-03 -7.16775E+00
  1.25280E+01  2.21053E-28  1.44956E+06  2.00000E-03 -7.28271E+00
  1.26215E+01  2.20943E-28  1.44908E+06  2.00000E-03 -7.39742E+00
  1.27151E+01  2.20943E-28  1.44908E+06  2.00000E-03 -7.39742E+00
  1.28087E+01  2.20943E-28  1.44908E+06  2.00000E-03 -7.39742E+00
  1.29023E+01  2.20753E-28  1.44824E+06  2.00000E-03 -7.56640E+00
  1.29959E+01  2.20571E-28  1.44744E+06  2.00000E-03 -7.72878E+00
  1.30894E+01  2.20571E-28  1.44744E+06  2.00000E-03 -7.72878E+00
  1.31830E+01  2.20571E-28  1.44744E+06  2.00000E-03 -7.72878E+00
  1.32766E+01  2.20401E-28  1.44670E+06  2.00000E-03 -7.87159E+00
  1.33702E+01  2.20078E-28  1.44528E+06  2.00000E-03 -8.14292E+00
  1.34638E+01  2.20043E-28  1.44512E+06  2.00000E-03 -8.12470E+00
  1.35573E+01  2.19995E-28  1.44491E+06  2.00000E-03 -8.09955E+00
  1.36509E+01  2.19840E-28  1.44423E+06  2.00000E-03 -8.20918E+00
  1.37445E+01  2.19511E-28  1.44278E+06  2.00000E-03 -8.48159E+00
  1.38381E+01  2.19527E-28  1.44285E+06  2.00000E-03 -8.49932E+00
  1.39317E+01  2.19519E-28  1.44282E+06  2.00000E-03 -8.49082E+00
  1.40252E+01  2.19392E-28  1.44226E+06  2.00000E-03 -8.57323E+00
  1.41188E+01  2.19191E-28  1.44137E+06  2.00000E-03 -8.76255E+00
  1.42124E+01  2.19191E-28  1.44137E+06  2.00000E-03 -8.76255E+00
  1.43060E+01  2.19191E-28  1.44136E+06  2.00000E-03 -8.76062E+00
  1.43996E+01  2.19167E-28  1.44125E+06  2.00000E-03 -8.79905E+00
  1.44931E+01  2.19155E-28  1.44119E+06  2.00000E-03 -8.83185E+00
  1.45867E+01  2.19160E-28  1.44121E+06  2.00000E-03 -8.84423E+00
  1.46803E+01  2.19170E-28  1.44125E+06  2.00000E-03 -8.87369E+00
  1.47739E+01  2.19216E-28  1.44145E+06  2.00000E-03 -8.84538E+00
  1.48675E+01  2.19367E-28  1.44210E+06  2.00000E-03 -8.76826E+00
  1.49610E+01  2.19367E-28  1.44210E+06  2.00000E-03 -8.76826E+00
  1.50546E+01  2.19383E-28  1.44217E+06  2.00000E-03 -8.73386E+00
  1.51482E+01  2.19526E-28  1.44279E+06  2.00000E-03 -8.59789E+00
  1.52418E+01  2.19906E-28  1.44444E+06  2.00000E-03 -8.39216E+00
  1.53354E+01  2.19906E-28  1.44444E+06  2.00000E-03 -8.39216E+00
  1.54289E+01  2.19906E-28  1.44444E+06  2.00000E-03 -8.39216E+00
  1.55225E+01  2.20002E-28  1.44486E+06  2.00000E-03 -8.33278E+00
  1.56161E+01  2.20399E-28  1.44659E+06  2.00000E-03 -8.08796E+00
  1.57097E+01  2.20399E-28  1.44659E+06  2.00000E-03 -8.08796E+00
  1.58032E+01  2.20399E-28  1.44659E+06  2.00000E-03 -8.08796E+00
  1.58968E+01  2.20495E-28  1.44701E+06  2.00000E-03 -8.02561E+00
  1.59904E+01  2.20874E-28  1.44866E+06  2.00000E-03 -7.77954E+00
  1.60840E+01  2.20874E-28  1.44866E+06  2.00000E-03 -7.77954E+00
  1.61776E+01  2.20874E-28  1.44866E+06  2.00000E-03 -7.77954E+00
  1.62711E+01  2.20904E-28  1.44879E+06  2.00000E-03 -7.75780E+00
  1.63647E+01  2.21203E-28  1.45009E+06  2.00000E-03 -7.54166E+00
  1.64583E+01  2.21203E-28  1.45009E+06  2.00000E-03 -7.54166E+00
  1.65519E+01  2.21203E-28  1.45009E+06  2.00000E-03 -7.54166E+00
  1.66455E+01  2.21213E-28  1.45014E+06  2.00000E-03 -7.53640E+00
  1.67390E+01  2.21327E-28  1.45063E+06  2.00000E-03 -7.47843E+00
  1.68326E+01  2.21329E-28  1.45064E+06  2.00000E-03 -7.47737E+00
  1.69262E+01  2.21329E-28  1.45064E+06  2.00000E-03 -7.47737E+00
  1.70198E+01  2.21327E-28  1.45063E+06  2.00000E-03 -7.48006E+00
  1.71134E+01  2.21273E-28  1.45039E+06  2.00000E-03 -7.53346E+00
  1.72069E+01  2.21272E-28  1.45039E+06  2.00000E-03 -7.53473E+00
  1.73005E+01  2.21242E-28  1.45025E+06  2.00000E-03 -7.57700E+00
  1.73941E+01  2.21235E-28  1.45023E+06  2.00000E-03 -7.58315E+00
  1.74877E+01  2.20938E-28  1.44892E+06  2.00000E-03 -7.79233E+00
  1.75813E+01  2.20926E-28  1.44887E+06  2.00000E-03 -7.80273E+00
  1.76748E+01  2.20926E-28  1.44887E+06  2.00000E-03 -7.80298E+00
  1.77684E+01  2.20920E-28  1.44884E+06  2.00000E-03 -7.80769E+00
  1.78620E+01  2.20434E-28  1.44671E+06  2.00000E-03 -8.16560E+00
  1.79556E+01  2.20335E-28  1.44628E+06  2.00000E-03 -8.26146E+00
  1.80492E+01  2.20335E-28  1.44628E+06  2.00000E-03 -8.26146E+00
  1.81427E+01  2.20335E-28  1.44628E+06  2.00000E-03 -8.26147E+00
  1.82363E+01  2.19863E-28  1.44421E+06  2.00000E-03 -8.58492E+00
  1.83299E+01  2.19813E-28  1.44399E+06  2.00000E-03 -8.61898E+00
  1.84235E+01  2.19813E-28  1.44399E+06  2.00000E-03 -8.61898E+00
  1.85171E+01  2.19813E-28  1.44399E+06  2.00000E-03 -8.61898E+00
  1.86106E+01  2.19422E-28  1.44227E+06  2.00000E-03 -8.89282E+00
  1.87042E+01  2.19393E-28  1.44214E+06  2.00000E-03 -8.91276E+00
  1.87978E+01  2.19393E-28  1.44214E+06  2.00000E-03 -8.91276E+00
  1.88914E+01  2.19393E-28  1.44214E+06  2.00000E-03 -8.91276E+00
  1.89850E+01  2.19262E-28  1.44156E+06  2.00000E-03 -9.03995E+00
  1.90785E+01  2.19239E-28  1.44147E+06  2.00000E-03 -9.06178E+00
  1.91721E+01  2.19239E-28  1.44146E+06  2.00000E-03 -9.06178E+00
  1.92657E+01  2.19239E-28  1.44146E+06  2.00000E-03 -9.06178E+00
  1.93593E+01  2.19239E-28  1.44147E+06  2.00000E-03 -9.06178E+00
  1.94529E+01  2.19239E-28  1.44147E+06  2.00000E-03 -9.06178E+00
  1.95464E+01  2.19239E-28  1.44146E+06  2.00000E-03 -9.06178E+00
  1.96400E+01  2.19239E-28  1.44147E+06  2.00000E-03 -9.06178E+00
  1.97336E+01  2.19232E-28  1.44140E+06  2.00000E-03 -9.00326E+00
  1.98272E+01  2.19230E-28  1.44138E+06  2.00000E-03 -8.98261E+00
  1.99208E+01  2.19230E-28  1.44138E+06  2.00000E-03 -8.98261E+00
  2.00143E+01  2.19230E-28  1.44138E+06  2.00000E-03 -8.98261E+00
  2.01079E+01  2.19240E-28  1.44142E+06  2.00000E-03 -8.98418E+00
  2.02015E+01  2.19246E-28  1.44145E+06  2.00000E-03 -8.98518E+00
  2.02951E+01  2.19252E-28  1.44148E+06  2.00000E-03 -8.98606E+00
  2.03887E+01  2.19254E-28  1.44149E+06  2.00000E-03 -8.98647E+00
  2.04822E+01  2.19455E-28  1.44236E+06  2.00000E-03 -8.71318E+00
  2.05758E+01  2.19533E-28  1.44269E+06  2.00000E-03 -8.59604E+00
  2.06694E+01  2.19533E-28  1.44269E+06  2.00000E-03 -8.59604E+00
  2.07630E+01  2.19533E-28  1.44269E+06  2.00000E-03 -8.59604E+00
  2.08566E+01  2.19539E-28  1.44272E+06  2.00000E-03 -8.59066E+00
  2.09501E+01  2.19548E-28  1.44276E+06  2.00000E-03 -8.56594E+00
  2.10437E+01  2.19559E-28  1.44280E+06  2.00000E-03 -8.52818E+00
  2.11373E+01  2.19559E-28  1.44280E+06  2.00000E-03 -8.52819E+00
  2.12309E+01  2.19598E-28  1.44297E+06  2.00000E-03 -8.46107E+00
  2.13245E+01  2.19625E-28  1.44308E+06  2.00000E-03 -8.41535E+00
  2.14180E+01  2.19631E-28  1.44311E+06  2.00000E-03 -8.37137E+00
  2.15116E+01  2.19629E-28  1.44310E+06  2.00000E-03 -8.38472E+00
  2.16052E+01  2.19630E-28  1.44310E+06  2.00000E-03 -8.38036E+00
  2.16988E+01  2.19635E-28  1.44312E+06  2.00000E-03 -8.34602E+00
  2.17924E+01  2.19635E-28  1.44312E+06  2.00000E-03 -8.34602E+00
  2.18859E+01  2.19646E-28  1.44317E+06  2.00000E-03 -8.27403E+00
  2.19795E+01  2.19611E-28  1.44301E+06  2.00000E-03 -8.18919E+00
  2.20731E+01  2.19567E-28  1.44281E+06  2.00000E-03 -8.17170E+00
  2.21667E+01  2.19567E-28  1.44281E+06  2.00000E-03 -8.17170E+00
  2.22603E+01  2.19567E-28  1.44281E+06  2.00000E-03 -8.17170E+00
  2.23538E+01  2.19567E-28  1.44281E+06  2.00000E-03 -8.17169E+00
  2.24474E+01  2.19567E-28  1.44281E+06  2.00000E-03 -8.17169E+00
  2.25410E+01  2.19567E-28  1.44281E+06  2.00000E-03 -8.17170E+00
  2.26346E+01  2.19567E-28  1.44281E+06  2.00000E-03 -8.17170E+00
  2.27282E+01  2.19503E-28  1.44253E+06  2.00000E-03 -8.15999E+00
  2.28217E+01  2.19419E-28  1.44215E+06  2.00000E-03 -8.14466E+00
  2.29153E+01  2.19419E-28  1.44215E+06  2.00000E-03 -8.14466E+00
  2.30089E+01  2.19419E-28  1.44215E+06  2.00000E-03 -8.14466E+00
  2.31025E+01  2.19419E-28  1.44215E+06  2.00000E-03 -8.14466E+00
  2.31961E+01  2.19419E-28  1.44215E+06  2.00000E-03 -8.14466E+00
  2.32896E+01  2.19419E-28  1.44215E+06  2.00000E-03 -8.14466E+00
  2.33832E+01  2.19419E-28  1.44215E+06  2.00000E-03 -8.14466E+00
  2.34768E+01  2.19370E-28  1.44193E+06  2.00000E-03 -8.12419E+00
  2.35704E+01  2.19280E-28  1.44153E+06  2.00000E-03 -8.08664E+00
  2.36640E+01  2.19280E-28  1.44153E+06  2.00000E-03 -8.08664E+00
  2.37575E+01  2.19280E-28  1.44153E+06  2.00000E-03 -8.08664E+00
  2.38511E+01  2.19280E-28  1.44153E+06  2.00000E-03 -8.08664E+00
  2.39447E+01  2.19280E-28  1.44153E+06  2.00000E-03 -8.08664E+00
  2.40383E+01  2.19280E-28  1.44153E+06  2.00000E-03 -8.08664E+00
  2.41319E+01  2.19280E-28  1.44153E+06  2.00000E-03 -8.08664E+00
  2.42254E+01  2.19253E-28  1.44141E+06  2.00000E-03 -8.06090E+00
