 -2.42657E+01  2.16918E-28  1.43105E+06  2.00000E-03  1.44952E+00
 -2.41721E+01  2.16901E-28  1.43098E+06  2.00000E-03  1.45914E+00
 -2.40786E+01  2.16882E-28  1.43089E+06  2.00000E-03  1.47031E+00
 -2.39850E+01  2.16882E-28  1.43089E+06  2.00000E-03  1.47031E+00
 -2.38914E+01  2.16882E-28  1.43090E+06  2.00000E-03  1.47031E+00
 -2.37978E+01  2.16882E-28  1.43090E+06  2.00000E-03  1.47031E+00
 -2.37042E+01  2.16882E-28  1.43090E+06  2.00000E-03  1.47031E+00
 -2.36107E+01  2.16906E-28  1.43100E+06  2.00000E-03  1.46770E+00
 -2.35171E+01  2.16939E-28  1.43115E+06  2.00000E-03  1.46403E+00
 -2.34235E+01  2.16939E-28  1.43115E+06  2.00000E-03  1.46403E+00
 -2.33299E+01  2.16939E-28  1.43115E+06  2.00000E-03  1.46403E+00
 -2.32363E+01  2.16939E-28  1.43115E+06  2.00000E-03  1.46403E+00
 -2.31428E+01  2.16939E-28  1.43115E+06  2.00000E-03  1.46403E+00
 -2.30492E+01  2.16939E-28  1.43115E+06  2.00000E-03  1.46403E+00
 -2.29556E+01  2.16939E-28  1.43115E+06  2.00000E-03  1.46403E+00
 -2.28620E+01  2.16966E-28  1.43126E+06  2.00000E-03  1.45219E+00
 -2.27684E+01  2.17068E-28  1.43171E+06  2.00000E-03  1.40668E+00
 -2.26749E+01  2.17068E-28  1.43171E+06  2.00000E-03  1.40668E+00
 -2.25813E+01  2.17068E-28  1.43171E+06  2.00000E-03  1.40668E+00
 -2.24877E+01  2.17068E-28  1.43171E+06  2.00000E-03  1.40668E+00
 -2.23941E+01  2.17068E-28  1.43171E+06  2.00000E-03  1.40668E+00
 -2.23005E+01  2.17068E-28  1.43171E+06  2.00000E-03  1.40668E+00
 -2.22070E+01  2.17068E-28  1.43171E+06  2.00000E-03  1.40668E+00
 -2.21134E+01  2.17075E-28  1.43174E+06  2.00000E-03  1.40334E+00
 -2.20198E+01  2.17196E-28  1.43228E+06  2.00000E-03  1.34587E+00
 -2.19262E+01  2.17198E-28  1.43229E+06  2.00000E-03  1.34475E+00
 -2.18326E+01  2.17198E-28  1.43229E+06  2.00000E-03  1.34475E+00
 -2.17391E+01  2.17198E-28  1.43229E+06  2.00000E-03  1.34475E+00
 -2.16455E+01  2.17198E-28  1.43229E+06  2.00000E-03  1.34475E+00
 -2.15519E+01  2.17198E-28  1.43229E+06  2.00000E-03  1.34475E+00
 -2.14583E+01  2.17198E-28  1.43229E+06  2.00000E-03  1.34475E+00
 -2.13647E+01  2.17198E-28  1.43229E+06  2.00000E-03  1.34475E+00
 -2.12712E+01  2.17318E-28  1.43282E+06  2.00000E-03  1.28257E+00
 -2.11776E+01  2.17329E-28  1.43286E+06  2.00000E-03  1.27692E+00
 -2.10840E+01  2.17329E-28  1.43286E+06  2.00000E-03  1.27692E+00
 -2.09904E+01  2.17329E-28  1.43286E+06  2.00000E-03  1.27692E+00
 -2.08968E+01  2.17329E-28  1.43286E+06  2.00000E-03  1.27692E+00
 -2.08033E+01  2.17329E-28  1.43286E+06  2.00000E-03  1.27692E+00
 -2.07097E+01  2.17380E-28  1.43309E+06  2.00000E-03  1.25207E+00
 -2.06161E+01  2.17395E-28  1.43316E+06  2.00000E-03  1.24475E+00
 -2.05225E+01  2.17531E-28  1.43376E+06  2.00000E-03  1.15877E+00
 -2.04289E+01  2.17594E-28  1.43404E+06  2.00000E-03  1.12380E+00
 -2.03354E+01  2.17633E-28  1.43421E+06  2.00000E-03  1.10751E+00
 -2.02418E+01  2.17641E-28  1.43424E+06  2.00000E-03  1.10398E+00
 -2.01482E+01  2.17641E-28  1.43424E+06  2.00000E-03  1.10398E+00
 -2.00546E+01  2.17641E-28  1.43424E+06  2.00000E-03  1.10398E+00
 -1.99610E+01  2.17641E-28  1.43424E+06  2.00000E-03  1.10398E+00
 -1.98675E+01  2.17641E-28  1.43424E+06  2.00000E-03  1.10398E+00
 -1.97739E+01  2.17749E-28  1.43473E+06  2.00000E-03  1.07372E+00
 -1.96803E+01  2.17810E-28  1.43500E+06  2.00000E-03  1.05649E+00
 -1.95867E+01  2.17810E-28  1.43500E+06  2.00000E-03  1.05649E+00
 -1.94931E+01  2.17810E-28  1.43500E+06  2.00000E-03  1.05649E+00
 -1.93996E+01  2.17810E-28  1.43500E+06  2.00000E-03  1.05649E+00
 -1.93060E+01  2.17810E-28  1.43500E+06  2.00000E-03  1.05649E+00
 -1.92124E+01  2.17810E-28  1.43500E+06  2.00000E-03  1.05649E+00
 -1.91188E+01  2.17810E-28  1.43500E+06  2.00000E-03  1.05650E+00
 -1.90252E+01  2.17928E-28  1.43551E+06  2.00000E-03  1.00437E+00
 -1.89317E+01  2.18070E-28  1.43612E+06  2.00000E-03  9.42236E-01
 -1.88381E+01  2.18062E-28  1.43609E+06  2.00000E-03  9.50103E-01
 -1.87445E+01  2.18036E-28  1.43598E+06  2.00000E-03  9.75070E-01
 -1.86509E+01  2.17980E-28  1.43573E+06  2.00000E-03  1.04781E+00
 -1.85573E+01  2.17892E-28  1.43534E+06  2.00000E-03  1.16898E+00
 -1.84638E+01  2.17892E-28  1.43534E+06  2.00000E-03  1.16898E+00
 -1.83702E+01  2.17873E-28  1.43526E+06  2.00000E-03  1.18721E+00
 -1.82766E+01  2.17796E-28  1.43492E+06  2.00000E-03  1.27134E+00
 -1.81830E+01  2.17728E-28  1.43462E+06  2.00000E-03  1.35195E+00
 -1.80894E+01  2.17728E-28  1.43462E+06  2.00000E-03  1.35195E+00
 -1.79959E+01  2.17728E-28  1.43462E+06  2.00000E-03  1.35195E+00
 -1.79023E+01  2.17706E-28  1.43453E+06  2.00000E-03  1.36800E+00
 -1.78087E+01  2.17646E-28  1.43426E+06  2.00000E-03  1.41148E+00
 -1.77151E+01  2.17646E-28  1.43426E+06  2.00000E-03  1.41148E+00
 -1.76215E+01  2.17646E-28  1.43426E+06  2.00000E-03  1.41148E+00
 -1.75280E+01  2.17629E-28  1.43419E+06  2.00000E-03  1.41541E+00
 -1.74344E+01  2.17559E-28  1.43388E+06  2.00000E-03  1.43093E+00
 -1.73408E+01  2.17621E-28  1.43416E+06  2.00000E-03  1.39715E+00
 -1.72472E+01  2.17616E-28  1.43413E+06  2.00000E-03  1.39995E+00
 -1.71536E+01  2.17609E-28  1.43410E+06  2.00000E-03  1.39952E+00
 -1.70601E+01  2.17597E-28  1.43405E+06  2.00000E-03  1.36793E+00
 -1.69665E+01  2.17544E-28  1.43382E+06  2.00000E-03  1.39406E+00
 -1.68729E+01  2.17553E-28  1.43386E+06  2.00000E-03  1.38935E+00
 -1.67793E+01  2.17560E-28  1.43389E+06  2.00000E-03  1.38858E+00
 -1.66857E+01  2.17482E-28  1.43355E+06  2.00000E-03  1.38969E+00
 -1.65922E+01  2.17543E-28  1.43382E+06  2.00000E-03  1.35727E+00
 -1.64986E+01  2.17554E-28  1.43387E+06  2.00000E-03  1.35199E+00
 -1.64050E+01  2.17558E-28  1.43389E+06  2.00000E-03  1.35010E+00
 -1.63114E+01  2.17492E-28  1.43360E+06  2.00000E-03  1.36197E+00
 -1.62178E+01  2.17478E-28  1.43354E+06  2.00000E-03  1.36603E+00
 -1.61243E+01  2.17480E-28  1.43355E+06  2.00000E-03  1.36506E+00
 -1.60307E+01  2.17480E-28  1.43355E+06  2.00000E-03  1.36531E+00
 -1.59371E+01  2.17357E-28  1.43302E+06  2.00000E-03  1.42950E+00
 -1.58435E+01  2.17378E-28  1.43311E+06  2.00000E-03  1.42108E+00
 -1.57499E+01  2.17367E-28  1.43306E+06  2.00000E-03  1.42617E+00
 -1.56564E+01  2.17378E-28  1.43311E+06  2.00000E-03  1.42108E+00
 -1.55628E+01  2.17183E-28  1.43226E+06  2.00000E-03  1.55023E+00
 -1.54692E+01  2.17159E-28  1.43216E+06  2.00000E-03  1.56790E+00
 -1.53756E+01  2.17163E-28  1.43217E+06  2.00000E-03  1.56622E+00
 -1.52820E+01  2.17156E-28  1.43214E+06  2.00000E-03  1.56974E+00
 -1.51885E+01  2.17013E-28  1.43152E+06  2.00000E-03  1.68045E+00
 -1.50949E+01  2.16890E-28  1.43099E+06  2.00000E-03  1.77217E+00
 -1.50013E+01  2.16890E-28  1.43099E+06  2.00000E-03  1.77217E+00
 -1.49077E+01  2.16890E-28  1.43099E+06  2.00000E-03  1.77217E+00
 -1.48141E+01  2.16624E-28  1.42982E+06  2.00000E-03  1.97892E+00
 -1.47206E+01  2.16440E-28  1.42901E+06  2.00000E-03  2.12241E+00
 -1.46270E+01  2.16418E-28  1.42892E+06  2.00000E-03  2.14090E+00
 -1.45334E+01  2.16395E-28  1.42882E+06  2.00000E-03  2.15943E+00
 -1.44398E+01  2.16262E-28  1.42825E+06  2.00000E-03  2.27502E+00
 -1.43462E+01  2.16107E-28  1.42758E+06  2.00000E-03  2.41595E+00
 -1.42527E+01  2.16086E-28  1.42749E+06  2.00000E-03  2.43699E+00
 -1.41591E+01  2.16086E-28  1.42749E+06  2.00000E-03  2.43699E+00
 -1.40655E+01  2.16125E-28  1.42764E+06  2.00000E-03  2.42444E+00
 -1.39719E+01  2.16171E-28  1.42781E+06  2.00000E-03  2.41007E+00
 -1.38783E+01  2.16167E-28  1.42778E+06  2.00000E-03  2.41689E+00
 -1.37848E+01  2.16148E-28  1.42768E+06  2.00000E-03  2.43913E+00
 -1.36912E+01  2.16104E-28  1.42749E+06  2.00000E-03  2.46810E+00
 -1.35976E+01  2.16064E-28  1.42731E+06  2.00000E-03  2.49182E+00
 -1.35040E+01  2.16029E-28  1.42716E+06  2.00000E-03  2.50791E+00
 -1.34104E+01  2.15954E-28  1.42683E+06  2.00000E-03  2.54122E+00
 -1.33169E+01  2.15892E-28  1.42656E+06  2.00000E-03  2.56688E+00
 -1.32233E+01  2.15770E-28  1.42602E+06  2.00000E-03  2.61520E+00
 -1.31297E+01  2.15739E-28  1.42588E+06  2.00000E-03  2.62442E+00
 -1.30361E+01  2.15615E-28  1.42534E+06  2.00000E-03  2.66144E+00
 -1.29425E+01  2.15595E-28  1.42525E+06  2.00000E-03  2.65553E+00
 -1.28490E+01  2.15613E-28  1.42533E+06  2.00000E-03  2.61211E+00
 -1.27554E+01  2.15550E-28  1.42505E+06  2.00000E-03  2.64713E+00
 -1.26618E+01  2.15483E-28  1.42476E+06  2.00000E-03  2.64802E+00
 -1.25682E+01  2.15472E-28  1.42470E+06  2.00000E-03  2.64536E+00
 -1.24747E+01  2.15436E-28  1.42455E+06  2.00000E-03  2.63345E+00
 -1.23811E+01  2.15395E-28  1.42436E+06  2.00000E-03  2.65888E+00
 -1.22875E+01  2.15401E-28  1.42439E+06  2.00000E-03  2.62778E+00
 -1.21939E+01  2.15407E-28  1.42442E+06  2.00000E-03  2.63251E+00
 -1.21003E+01  2.15472E-28  1.42471E+06  2.00000E-03  2.55539E+00
 -1.20068E+01  2.15487E-28  1.42477E+06  2.00000E-03  2.54351E+00
 -1.19132E+01  2.15604E-28  1.42529E+06  2.00000E-03  2.44725E+00
 -1.18196E+01  2.15614E-28  1.42533E+06  2.00000E-03  2.44033E+00
 -1.17260E+01  2.15848E-28  1.42637E+06  2.00000E-03  2.28408E+00
 -1.16324E+01  2.15977E-28  1.42694E+06  2.00000E-03  2.23398E+00
 -1.15389E+01  2.16336E-28  1.42852E+06  2.00000E-03  2.01840E+00
 -1.14453E+01  2.16372E-28  1.42868E+06  2.00000E-03  1.99665E+00
 -1.13517E+01  2.16826E-28  1.43068E+06  2.00000E-03  1.74203E+00
 -1.12581E+01  2.17046E-28  1.43165E+06  2.00000E-03  1.64759E+00
 -1.11645E+01  2.17492E-28  1.43361E+06  2.00000E-03  1.41764E+00
 -1.10710E+01  2.17561E-28  1.43391E+06  2.00000E-03  1.38247E+00
 -1.09774E+01  2.17940E-28  1.43558E+06  2.00000E-03  1.20852E+00
 -1.08838E+01  2.18007E-28  1.43588E+06  2.00000E-03  1.17910E+00
 -1.07902E+01  2.18368E-28  1.43746E+06  2.00000E-03  1.05008E+00
 -1.06966E+01  2.18409E-28  1.43764E+06  2.00000E-03  1.03777E+00
 -1.06031E+01  2.18571E-28  1.43836E+06  2.00000E-03  1.00511E+00
 -1.05095E+01  2.18689E-28  1.43888E+06  2.00000E-03  9.77202E-01
 -1.04159E+01  2.18743E-28  1.43911E+06  2.00000E-03  1.00370E+00
 -1.03223E+01  2.18747E-28  1.43913E+06  2.00000E-03  1.01784E+00
 -1.02287E+01  2.18767E-28  1.43922E+06  2.00000E-03  1.08133E+00
 -1.01352E+01  2.18754E-28  1.43917E+06  2.00000E-03  1.10705E+00
 -1.00416E+01  2.18657E-28  1.43874E+06  2.00000E-03  1.19944E+00
 -9.94799E+00  2.18607E-28  1.43852E+06  2.00000E-03  1.24688E+00
 -9.85441E+00  2.18500E-28  1.43806E+06  2.00000E-03  1.33727E+00
 -9.76083E+00  2.18436E-28  1.43778E+06  2.00000E-03  1.39152E+00
 -9.66725E+00  2.18232E-28  1.43689E+06  2.00000E-03  1.53772E+00
 -9.57368E+00  2.18144E-28  1.43650E+06  2.00000E-03  1.59767E+00
 -9.48009E+00  2.18066E-28  1.43617E+06  2.00000E-03  1.66037E+00
 -9.38652E+00  2.17982E-28  1.43580E+06  2.00000E-03  1.71931E+00
 -9.29294E+00  2.17871E-28  1.43532E+06  2.00000E-03  1.79207E+00
 -9.19936E+00  2.17805E-28  1.43503E+06  2.00000E-03  1.83910E+00
 -9.10578E+00  2.17794E-28  1.43499E+06  2.00000E-03  1.85688E+00
 -9.01220E+00  2.17786E-28  1.43495E+06  2.00000E-03  1.87090E+00
 -8.91862E+00  2.17802E-28  1.43503E+06  2.00000E-03  1.86863E+00
 -8.82504E+00  2.17811E-28  1.43507E+06  2.00000E-03  1.86874E+00
 -8.73146E+00  2.17819E-28  1.43511E+06  2.00000E-03  1.85791E+00
 -8.63788E+00  2.17883E-28  1.43539E+06  2.00000E-03  1.81835E+00
 -8.54430E+00  2.17937E-28  1.43564E+06  2.00000E-03  1.77864E+00
 -8.45072E+00  2.18029E-28  1.43604E+06  2.00000E-03  1.71663E+00
 -8.35714E+00  2.18077E-28  1.43626E+06  2.00000E-03  1.67832E+00
 -8.26356E+00  2.18190E-28  1.43676E+06  2.00000E-03  1.59093E+00
 -8.16998E+00  2.18240E-28  1.43699E+06  2.00000E-03  1.54048E+00
 -8.07640E+00  2.18358E-28  1.43751E+06  2.00000E-03  1.45000E+00
 -7.98282E+00  2.18381E-28  1.43761E+06  2.00000E-03  1.43032E+00
 -7.88924E+00  2.18468E-28  1.43799E+06  2.00000E-03  1.35177E+00
 -7.79566E+00  2.18471E-28  1.43800E+06  2.00000E-03  1.33668E+00
 -7.70208E+00  2.18414E-28  1.43777E+06  2.00000E-03  1.30734E+00
 -7.60850E+00  2.18400E-28  1.43771E+06  2.00000E-03  1.30330E+00
 -7.51492E+00  2.18364E-28  1.43756E+06  2.00000E-03  1.27865E+00
 -7.42134E+00  2.18348E-28  1.43748E+06  2.00000E-03  1.27528E+00
 -7.32776E+00  2.18260E-28  1.43710E+06  2.00000E-03  1.26961E+00
 -7.23418E+00  2.18126E-28  1.43652E+06  2.00000E-03  1.30252E+00
 -7.14060E+00  2.18034E-28  1.43611E+06  2.00000E-03  1.30183E+00
 -7.04702E+00  2.18022E-28  1.43606E+06  2.00000E-03  1.30299E+00
 -6.95344E+00  2.17914E-28  1.43558E+06  2.00000E-03  1.31366E+00
 -6.85986E+00  2.17938E-28  1.43568E+06  2.00000E-03  1.29520E+00
 -6.76628E+00  2.17780E-28  1.43498E+06  2.00000E-03  1.33908E+00
 -6.67270E+00  2.17697E-28  1.43461E+06  2.00000E-03  1.37615E+00
 -6.57912E+00  2.17516E-28  1.43381E+06  2.00000E-03  1.44222E+00
 -6.48554E+00  2.17519E-28  1.43381E+06  2.00000E-03  1.42452E+00
 -6.39196E+00  2.17305E-28  1.43287E+06  2.00000E-03  1.51407E+00
 -6.29838E+00  2.17240E-28  1.43258E+06  2.00000E-03  1.55019E+00
 -6.20480E+00  2.16926E-28  1.43120E+06  2.00000E-03  1.70416E+00
 -6.11122E+00  2.16911E-28  1.43113E+06  2.00000E-03  1.71119E+00
 -6.01764E+00  2.16717E-28  1.43028E+06  2.00000E-03  1.79682E+00
 -5.92406E+00  2.16698E-28  1.43019E+06  2.00000E-03  1.80532E+00
 -5.83048E+00  2.16555E-28  1.42957E+06  2.00000E-03  1.86289E+00
 -5.73690E+00  2.16495E-28  1.42930E+06  2.00000E-03  1.91112E+00
 -5.64332E+00  2.16421E-28  1.42899E+06  2.00000E-03  1.94704E+00
 -5.54974E+00  2.16412E-28  1.42894E+06  2.00000E-03  1.95249E+00
 -5.45616E+00  2.16447E-28  1.42911E+06  2.00000E-03  1.91698E+00
 -5.36258E+00  2.16465E-28  1.42919E+06  2.00000E-03  1.90317E+00
 -5.26900E+00  2.16648E-28  1.43000E+06  2.00000E-03  1.83733E+00
 -5.17542E+00  2.16728E-28  1.43036E+06  2.00000E-03  1.79963E+00
 -5.08184E+00  2.16907E-28  1.43115E+06  2.00000E-03  1.70460E+00
 -4.98826E+00  2.16995E-28  1.43154E+06  2.00000E-03  1.65803E+00
 -4.89468E+00  2.17167E-28  1.43231E+06  2.00000E-03  1.57247E+00
 -4.80110E+00  2.17268E-28  1.43275E+06  2.00000E-03  1.52262E+00
 -4.70752E+00  2.17501E-28  1.43379E+06  2.00000E-03  1.43989E+00
 -4.61394E+00  2.17655E-28  1.43447E+06  2.00000E-03  1.39294E+00
 -4.52036E+00  2.17813E-28  1.43517E+06  2.00000E-03  1.34413E+00
 -4.42678E+00  2.17943E-28  1.43575E+06  2.00000E-03  1.31611E+00
 -4.33320E+00  2.18042E-28  1.43620E+06  2.00000E-03  1.29092E+00
 -4.23962E+00  2.18189E-28  1.43685E+06  2.00000E-03  1.26777E+00
 -4.14604E+00  2.18281E-28  1.43726E+06  2.00000E-03  1.25103E+00
 -4.05246E+00  2.18357E-28  1.43760E+06  2.00000E-03  1.23069E+00
 -3.95888E+00  2.18281E-28  1.43727E+06  2.00000E-03  1.23364E+00
 -3.86530E+00  2.18163E-28  1.43675E+06  2.00000E-03  1.24685E+00
 -3.77172E+00  2.18224E-28  1.43702E+06  2.00000E-03  1.22483E+00
 -3.67814E+00  2.18455E-28  1.43804E+06  2.00000E-03  1.16813E+00
 -3.58456E+00  2.18526E-28  1.43835E+06  2.00000E-03  1.13730E+00
 -3.49098E+00  2.18608E-28  1.43870E+06  2.00000E-03  1.09935E+00
 -3.39740E+00  2.18762E-28  1.43938E+06  2.00000E-03  1.05493E+00
 -3.30382E+00  2.19038E-28  1.44059E+06  2.00000E-03  9.63979E-01
 -3.21024E+00  2.19122E-28  1.44095E+06  2.00000E-03  9.12392E-01
 -3.11666E+00  2.19198E-28  1.44128E+06  2.00000E-03  8.58697E-01
 -3.02309E+00  2.19226E-28  1.44139E+06  2.00000E-03  8.29865E-01
 -2.92951E+00  2.19296E-28  1.44169E+06  2.00000E-03  7.59398E-01
 -2.83593E+00  2.19300E-28  1.44170E+06  2.00000E-03  7.45127E-01
 -2.74235E+00  2.19338E-28  1.44185E+06  2.00000E-03  6.64606E-01
 -2.64877E+00  2.19341E-28  1.44187E+06  2.00000E-03  6.35300E-01
 -2.55519E+00  2.19270E-28  1.44155E+06  2.00000E-03  6.39459E-01
 -2.46161E+00  2.19232E-28  1.44138E+06  2.00000E-03  6.42618E-01
 -2.36803E+00  2.19012E-28  1.44040E+06  2.00000E-03  6.91459E-01
 -2.27445E+00  2.18944E-28  1.44010E+06  2.00000E-03  7.35345E-01
 -2.18087E+00  2.18557E-28  1.43840E+06  2.00000E-03  9.26233E-01
 -2.08729E+00  2.18536E-28  1.43831E+06  2.00000E-03  9.26135E-01
 -1.99371E+00  2.18136E-28  1.43654E+06  2.00000E-03  1.05796E+00
 -1.90013E+00  2.18067E-28  1.43624E+06  2.00000E-03  1.08656E+00
 -1.80655E+00  2.17624E-28  1.43429E+06  2.00000E-03  1.27123E+00
 -1.71297E+00  2.17381E-28  1.43323E+06  2.00000E-03  1.38853E+00
 -1.61939E+00  2.16946E-28  1.43131E+06  2.00000E-03  1.56115E+00
 -1.52581E+00  2.16820E-28  1.43076E+06  2.00000E-03  1.62147E+00
 -1.43223E+00  2.16495E-28  1.42933E+06  2.00000E-03  1.72829E+00
 -1.33865E+00  2.16398E-28  1.42890E+06  2.00000E-03  1.78329E+00
 -1.24507E+00  2.16133E-28  1.42774E+06  2.00000E-03  1.86225E+00
 -1.15149E+00  2.16121E-28  1.42769E+06  2.00000E-03  1.86216E+00
 -1.05791E+00  2.16068E-28  1.42747E+06  2.00000E-03  1.79332E+00
 -9.64328E-01  2.16063E-28  1.42745E+06  2.00000E-03  1.78658E+00
 -8.70748E-01  2.16054E-28  1.42742E+06  2.00000E-03  1.67787E+00
 -7.77169E-01  2.16053E-28  1.42742E+06  2.00000E-03  1.66529E+00
 -6.83589E-01  2.16112E-28  1.42770E+06  2.00000E-03  1.52191E+00
 -5.90009E-01  2.16178E-28  1.42799E+06  2.00000E-03  1.49911E+00
 -4.96429E-01  2.16199E-28  1.42810E+06  2.00000E-03  1.36923E+00
 -4.02849E-01  2.16209E-28  1.42814E+06  2.00000E-03  1.33597E+00
 -3.09269E-01  2.16259E-28  1.42837E+06  2.00000E-03  1.21108E+00
 -2.15689E-01  2.16400E-28  1.42900E+06  2.00000E-03  1.17889E+00
 -1.22110E-01  2.16343E-28  1.42875E+06  2.00000E-03  1.08295E+00
 -2.85297E-02  2.16313E-28  1.42862E+06  2.00000E-03  1.04253E+00
  6.50501E-02  2.16196E-28  1.42810E+06  2.00000E-03  9.60431E-01
  1.58630E-01  2.16151E-28  1.42790E+06  2.00000E-03  9.29066E-01
  2.52210E-01  2.15944E-28  1.42699E+06  2.00000E-03  8.70901E-01
  3.45790E-01  2.15857E-28  1.42661E+06  2.00000E-03  8.66432E-01
  4.39370E-01  2.15734E-28  1.42607E+06  2.00000E-03  8.25245E-01
  5.32949E-01  2.15644E-28  1.42567E+06  2.00000E-03  8.29878E-01
  6.26529E-01  2.15487E-28  1.42499E+06  2.00000E-03  8.10215E-01
  7.20109E-01  2.15400E-28  1.42460E+06  2.00000E-03  7.81141E-01
  8.13689E-01  2.15266E-28  1.42402E+06  2.00000E-03  7.76530E-01
  9.07269E-01  2.15174E-28  1.42362E+06  2.00000E-03  7.59469E-01
  1.00085E+00  2.15071E-28  1.42317E+06  2.00000E-03  7.18650E-01
  1.09443E+00  2.15011E-28  1.42290E+06  2.00000E-03  6.81929E-01
  1.18801E+00  2.14981E-28  1.42278E+06  2.00000E-03  6.56532E-01
  1.28159E+00  2.14972E-28  1.42275E+06  2.00000E-03  6.11025E-01
  1.37517E+00  2.14987E-28  1.42284E+06  2.00000E-03  5.81829E-01
  1.46875E+00  2.14896E-28  1.42246E+06  2.00000E-03  5.31079E-01
  1.56233E+00  2.14875E-28  1.42238E+06  2.00000E-03  4.89485E-01
  1.65591E+00  2.14819E-28  1.42216E+06  2.00000E-03  4.30392E-01
  1.74949E+00  2.14789E-28  1.42206E+06  2.00000E-03  4.00243E-01
  1.84307E+00  2.14730E-28  1.42183E+06  2.00000E-03  3.31955E-01
  1.93665E+00  2.14729E-28  1.42183E+06  2.00000E-03  2.98312E-01
  2.03023E+00  2.14722E-28  1.42180E+06  2.00000E-03  2.42513E-01
  2.12381E+00  2.14678E-28  1.42161E+06  2.00000E-03  2.15424E-01
  2.21739E+00  2.14661E-28  1.42153E+06  2.00000E-03  1.60272E-01
  2.31097E+00  2.14653E-28  1.42151E+06  2.00000E-03  1.42981E-01
  2.40455E+00  2.14645E-28  1.42147E+06  2.00000E-03  8.18728E-02
  2.49813E+00  2.14570E-28  1.42115E+06  2.00000E-03  6.34964E-02
  2.59171E+00  2.14596E-28  1.42124E+06  2.00000E-03  1.77689E-02
  2.68529E+00  2.14599E-28  1.42126E+06  2.00000E-03  6.53922E-04
  2.77887E+00  2.14633E-28  1.42139E+06  2.00000E-03 -3.97425E-02
  2.87245E+00  2.14635E-28  1.42141E+06  2.00000E-03 -5.66892E-02
  2.96603E+00  2.14651E-28  1.42147E+06  2.00000E-03 -9.63302E-02
  3.05961E+00  2.14645E-28  1.42145E+06  2.00000E-03 -1.02073E-01
  3.15319E+00  2.14574E-28  1.42113E+06  2.00000E-03 -1.73241E-01
  3.24677E+00  2.14564E-28  1.42109E+06  2.00000E-03 -1.79658E-01
  3.34035E+00  2.14469E-28  1.42071E+06  2.00000E-03 -3.04437E-01
  3.43392E+00  2.14514E-28  1.42092E+06  2.00000E-03 -3.10037E-01
  3.52750E+00  2.14255E-28  1.41978E+06  2.00000E-03 -4.74547E-01
  3.62108E+00  2.14238E-28  1.41971E+06  2.00000E-03 -4.88773E-01
  3.71466E+00  2.13962E-28  1.41849E+06  2.00000E-03 -6.93950E-01
  3.80824E+00  2.14021E-28  1.41878E+06  2.00000E-03 -6.96704E-01
  3.90182E+00  2.13658E-28  1.41715E+06  2.00000E-03 -9.37880E-01
  3.99540E+00  2.13648E-28  1.41711E+06  2.00000E-03 -9.44807E-01
  4.08898E+00  2.13395E-28  1.41597E+06  2.00000E-03 -1.14546E+00
  4.18256E+00  2.13366E-28  1.41584E+06  2.00000E-03 -1.16909E+00
  4.27614E+00  2.13207E-28  1.41512E+06  2.00000E-03 -1.33268E+00
  4.36972E+00  2.13209E-28  1.41514E+06  2.00000E-03 -1.36778E+00
  4.46330E+00  2.13142E-28  1.41484E+06  2.00000E-03 -1.48950E+00
  4.55688E+00  2.13095E-28  1.41464E+06  2.00000E-03 -1.53727E+00
  4.65046E+00  2.13110E-28  1.41470E+06  2.00000E-03 -1.60976E+00
  4.74404E+00  2.13039E-28  1.41439E+06  2.00000E-03 -1.68321E+00
  4.83762E+00  2.13043E-28  1.41442E+06  2.00000E-03 -1.78614E+00
  4.93120E+00  2.13072E-28  1.41455E+06  2.00000E-03 -1.79206E+00
  5.02478E+00  2.13322E-28  1.41566E+06  2.00000E-03 -1.77642E+00
  5.11836E+00  2.13368E-28  1.41586E+06  2.00000E-03 -1.77158E+00
  5.21194E+00  2.13614E-28  1.41696E+06  2.00000E-03 -1.73281E+00
  5.30552E+00  2.13665E-28  1.41724E+06  2.00000E-03 -1.75363E+00
  5.39910E+00  2.13844E-28  1.41810E+06  2.00000E-03 -1.75277E+00
  5.49268E+00  2.13972E-28  1.41869E+06  2.00000E-03 -1.74090E+00
  5.58626E+00  2.14283E-28  1.42007E+06  2.00000E-03 -1.66746E+00
  5.67984E+00  2.14485E-28  1.42097E+06  2.00000E-03 -1.61952E+00
  5.77342E+00  2.14552E-28  1.42135E+06  2.00000E-03 -1.63458E+00
  5.86700E+00  2.14720E-28  1.42215E+06  2.00000E-03 -1.61316E+00
  5.96058E+00  2.14992E-28  1.42334E+06  2.00000E-03 -1.54178E+00
  6.05416E+00  2.15258E-28  1.42451E+06  2.00000E-03 -1.47160E+00
  6.14774E+00  2.15549E-28  1.42579E+06  2.00000E-03 -1.39949E+00
  6.24132E+00  2.15793E-28  1.42686E+06  2.00000E-03 -1.34079E+00
  6.33490E+00  2.15915E-28  1.42740E+06  2.00000E-03 -1.32220E+00
  6.42848E+00  2.16062E-28  1.42803E+06  2.00000E-03 -1.29966E+00
  6.52206E+00  2.16218E-28  1.42870E+06  2.00000E-03 -1.27502E+00
  6.61564E+00  2.16351E-28  1.42926E+06  2.00000E-03 -1.25630E+00
  6.70922E+00  2.16531E-28  1.43004E+06  2.00000E-03 -1.20580E+00
  6.80280E+00  2.16614E-28  1.43038E+06  2.00000E-03 -1.17807E+00
  6.89638E+00  2.16665E-28  1.43052E+06  2.00000E-03 -1.16724E+00
  6.98996E+00  2.16921E-28  1.43161E+06  2.00000E-03 -1.08209E+00
  7.08354E+00  2.17148E-28  1.43259E+06  2.00000E-03 -9.93317E-01
  7.17712E+00  2.17348E-28  1.43344E+06  2.00000E-03 -9.23140E-01
  7.27070E+00  2.17476E-28  1.43397E+06  2.00000E-03 -8.68816E-01
  7.36428E+00  2.17497E-28  1.43396E+06  2.00000E-03 -8.60811E-01
  7.45786E+00  2.17482E-28  1.43388E+06  2.00000E-03 -8.63129E-01
  7.55144E+00  2.17374E-28  1.43337E+06  2.00000E-03 -9.26149E-01
  7.64502E+00  2.17133E-28  1.43229E+06  2.00000E-03 -1.04305E+00
  7.73860E+00  2.16841E-28  1.43096E+06  2.00000E-03 -1.18951E+00
  7.83218E+00  2.16488E-28  1.42935E+06  2.00000E-03 -1.39038E+00
  7.92576E+00  2.16284E-28  1.42841E+06  2.00000E-03 -1.52356E+00
  8.01934E+00  2.15940E-28  1.42688E+06  2.00000E-03 -1.70983E+00
  8.11292E+00  2.15696E-28  1.42580E+06  2.00000E-03 -1.84757E+00
  8.20650E+00  2.15593E-28  1.42534E+06  2.00000E-03 -1.91597E+00
  8.30008E+00  2.15629E-28  1.42547E+06  2.00000E-03 -1.94181E+00
  8.39366E+00  2.15744E-28  1.42597E+06  2.00000E-03 -1.90912E+00
  8.48724E+00  2.15802E-28  1.42622E+06  2.00000E-03 -1.88228E+00
  8.58082E+00  2.15902E-28  1.42666E+06  2.00000E-03 -1.81972E+00
  8.67440E+00  2.16027E-28  1.42720E+06  2.00000E-03 -1.74905E+00
  8.76798E+00  2.16071E-28  1.42739E+06  2.00000E-03 -1.71137E+00
  8.86156E+00  2.16099E-28  1.42751E+06  2.00000E-03 -1.70938E+00
  8.95514E+00  2.16047E-28  1.42728E+06  2.00000E-03 -1.74366E+00
  9.04872E+00  2.15916E-28  1.42671E+06  2.00000E-03 -1.83528E+00
  9.14230E+00  2.15636E-28  1.42550E+06  2.00000E-03 -1.97939E+00
  9.23588E+00  2.15317E-28  1.42419E+06  2.00000E-03 -2.16715E+00
  9.32946E+00  2.15148E-28  1.42358E+06  2.00000E-03 -2.30019E+00
  9.42304E+00  2.14804E-28  1.42220E+06  2.00000E-03 -2.49056E+00
  9.51662E+00  2.14765E-28  1.42205E+06  2.00000E-03 -2.53386E+00
  9.61020E+00  2.14618E-28  1.42124E+06  2.00000E-03 -2.63198E+00
  9.70378E+00  2.14548E-28  1.42089E+06  2.00000E-03 -2.66450E+00
  9.79735E+00  2.14657E-28  1.42133E+06  2.00000E-03 -2.64226E+00
  9.89093E+00  2.14624E-28  1.42118E+06  2.00000E-03 -2.64905E+00
  9.98452E+00  2.14859E-28  1.42219E+06  2.00000E-03 -2.52470E+00
  1.00781E+01  2.14947E-28  1.42257E+06  2.00000E-03 -2.48225E+00
  1.01717E+01  2.15318E-28  1.42419E+06  2.00000E-03 -2.29389E+00
  1.02653E+01  2.15465E-28  1.42483E+06  2.00000E-03 -2.22012E+00
  1.03588E+01  2.15975E-28  1.42706E+06  2.00000E-03 -2.00624E+00
  1.04524E+01  2.16041E-28  1.42735E+06  2.00000E-03 -1.98882E+00
  1.05460E+01  2.16344E-28  1.42867E+06  2.00000E-03 -1.86691E+00
  1.06396E+01  2.16574E-28  1.42968E+06  2.00000E-03 -1.77172E+00
  1.07332E+01  2.16861E-28  1.43093E+06  2.00000E-03 -1.69104E+00
  1.08267E+01  2.16980E-28  1.43144E+06  2.00000E-03 -1.66238E+00
  1.09203E+01  2.17141E-28  1.43214E+06  2.00000E-03 -1.62714E+00
  1.10139E+01  2.17261E-28  1.43267E+06  2.00000E-03 -1.60122E+00
  1.11075E+01  2.17327E-28  1.43295E+06  2.00000E-03 -1.61060E+00
  1.12011E+01  2.17363E-28  1.43310E+06  2.00000E-03 -1.61719E+00
  1.12946E+01  2.17313E-28  1.43288E+06  2.00000E-03 -1.68196E+00
  1.13882E+01  2.17253E-28  1.43260E+06  2.00000E-03 -1.76104E+00
  1.14818E+01  2.17165E-28  1.43221E+06  2.00000E-03 -1.81715E+00
  1.15754E+01  2.17049E-28  1.43170E+06  2.00000E-03 -1.88970E+00
  1.16690E+01  2.16942E-28  1.43122E+06  2.00000E-03 -1.94637E+00
  1.17625E+01  2.16795E-28  1.43057E+06  2.00000E-03 -2.02740E+00
  1.18561E+01  2.16702E-28  1.43016E+06  2.00000E-03 -2.07538E+00
  1.19497E+01  2.16538E-28  1.42943E+06  2.00000E-03 -2.15962E+00
  1.20433E+01  2.16459E-28  1.42909E+06  2.00000E-03 -2.19763E+00
  1.21369E+01  2.16292E-28  1.42835E+06  2.00000E-03 -2.27852E+00
  1.22304E+01  2.16261E-28  1.42821E+06  2.00000E-03 -2.29274E+00
  1.23240E+01  2.16108E-28  1.42754E+06  2.00000E-03 -2.36437E+00
  1.24176E+01  2.16092E-28  1.42746E+06  2.00000E-03 -2.38065E+00
  1.25112E+01  2.16026E-28  1.42717E+06  2.00000E-03 -2.40545E+00
  1.26048E+01  2.16033E-28  1.42720E+06  2.00000E-03 -2.39544E+00
  1.26983E+01  2.16057E-28  1.42731E+06  2.00000E-03 -2.36918E+00
  1.27919E+01  2.16075E-28  1.42739E+06  2.00000E-03 -2.36553E+00
  1.28855E+01  2.16184E-28  1.42786E+06  2.00000E-03 -2.29582E+00
  1.29791E+01  2.16218E-28  1.42801E+06  2.00000E-03 -2.27178E+00
  1.30726E+01  2.16381E-28  1.42872E+06  2.00000E-03 -2.15888E+00
  1.31662E+01  2.16413E-28  1.42887E+06  2.00000E-03 -2.13731E+00
  1.32598E+01  2.16622E-28  1.42978E+06  2.00000E-03 -1.99773E+00
  1.33534E+01  2.16641E-28  1.42987E+06  2.00000E-03 -2.00249E+00
  1.34470E+01  2.16883E-28  1.43093E+06  2.00000E-03 -1.84557E+00
  1.35405E+01  2.16913E-28  1.43106E+06  2.00000E-03 -1.83404E+00
  1.36341E+01  2.17177E-28  1.43222E+06  2.00000E-03 -1.65808E+00
  1.37277E+01  2.17263E-28  1.43260E+06  2.00000E-03 -1.59762E+00
  1.38213E+01  2.17545E-28  1.43385E+06  2.00000E-03 -1.41520E+00
  1.39149E+01  2.17545E-28  1.43385E+06  2.00000E-03 -1.42185E+00
  1.40084E+01  2.17835E-28  1.43518E+06  2.00000E-03 -1.23868E+00
  1.41020E+01  2.17864E-28  1.43531E+06  2.00000E-03 -1.22079E+00
  1.41956E+01  2.18159E-28  1.43667E+06  2.00000E-03 -1.07143E+00
  1.42892E+01  2.18195E-28  1.43683E+06  2.00000E-03 -1.05352E+00
  1.43828E+01  2.18195E-28  1.43683E+06  2.00000E-03 -1.05352E+00
  1.44763E+01  2.18195E-28  1.43683E+06  2.00000E-03 -1.05352E+00
  1.45699E+01  2.18446E-28  1.43788E+06  2.00000E-03 -9.53483E-01
  1.46635E+01  2.18503E-28  1.43812E+06  2.00000E-03 -9.30942E-01
  1.47571E+01  2.18503E-28  1.43812E+06  2.00000E-03 -9.30942E-01
  1.48507E+01  2.18503E-28  1.43812E+06  2.00000E-03 -9.30942E-01
  1.49442E+01  2.18612E-28  1.43858E+06  2.00000E-03 -9.26210E-01
  1.50378E+01  2.18643E-28  1.43871E+06  2.00000E-03 -9.24847E-01
  1.51314E+01  2.18643E-28  1.43871E+06  2.00000E-03 -9.24847E-01
  1.52250E+01  2.18643E-28  1.43871E+06  2.00000E-03 -9.24847E-01
  1.53186E+01  2.18651E-28  1.43874E+06  2.00000E-03 -9.64731E-01
  1.54121E+01  2.18640E-28  1.43868E+06  2.00000E-03 -9.89654E-01
  1.55057E+01  2.18640E-28  1.43868E+06  2.00000E-03 -9.89654E-01
  1.55993E+01  2.18617E-28  1.43858E+06  2.00000E-03 -1.00230E+00
  1.56929E+01  2.18643E-28  1.43869E+06  2.00000E-03 -1.00459E+00
  1.57865E+01  2.18654E-28  1.43873E+06  2.00000E-03 -1.00876E+00
  1.58800E+01  2.18613E-28  1.43855E+06  2.00000E-03 -1.03353E+00
  1.59736E+01  2.18601E-28  1.43850E+06  2.00000E-03 -1.04041E+00
  1.60672E+01  2.18652E-28  1.43872E+06  2.00000E-03 -1.00255E+00
  1.61608E+01  2.18685E-28  1.43886E+06  2.00000E-03 -9.77868E-01
  1.62544E+01  2.18685E-28  1.43886E+06  2.00000E-03 -9.77868E-01
  1.63479E+01  2.18685E-28  1.43886E+06  2.00000E-03 -9.77868E-01
  1.64415E+01  2.18694E-28  1.43890E+06  2.00000E-03 -9.45278E-01
  1.65351E+01  2.18703E-28  1.43893E+06  2.00000E-03 -9.11535E-01
  1.66287E+01  2.18703E-28  1.43893E+06  2.00000E-03 -9.11535E-01
  1.67223E+01  2.18703E-28  1.43893E+06  2.00000E-03 -9.11535E-01
  1.68158E+01  2.18679E-28  1.43882E+06  2.00000E-03 -9.02400E-01
  1.69094E+01  2.18612E-28  1.43853E+06  2.00000E-03 -8.77570E-01
  1.70030E+01  2.18612E-28  1.43853E+06  2.00000E-03 -8.77570E-01
  1.70966E+01  2.18612E-28  1.43853E+06  2.00000E-03 -8.77570E-01
  1.71902E+01  2.18549E-28  1.43825E+06  2.00000E-03 -8.87694E-01
  1.72837E+01  2.18386E-28  1.43754E+06  2.00000E-03 -9.13756E-01
  1.73773E+01  2.18395E-28  1.43758E+06  2.00000E-03 -9.09863E-01
  1.74709E+01  2.18449E-28  1.43781E+06  2.00000E-03 -8.88229E-01
  1.75645E+01  2.18397E-28  1.43758E+06  2.00000E-03 -9.05029E-01
  1.76581E+01  2.18228E-28  1.43684E+06  2.00000E-03 -9.56924E-01
  1.77516E+01  2.18228E-28  1.43684E+06  2.00000E-03 -9.56924E-01
  1.78452E+01  2.18254E-28  1.43695E+06  2.00000E-03 -9.45277E-01
  1.79388E+01  2.18286E-28  1.43709E+06  2.00000E-03 -9.32014E-01
  1.80324E+01  2.17969E-28  1.43570E+06  2.00000E-03 -1.07931E+00
  1.81260E+01  2.17972E-28  1.43571E+06  2.00000E-03 -1.07932E+00
  1.82195E+01  2.18025E-28  1.43594E+06  2.00000E-03 -1.07962E+00
  1.83131E+01  2.18013E-28  1.43589E+06  2.00000E-03 -1.08960E+00
  1.84067E+01  2.17738E-28  1.43468E+06  2.00000E-03 -1.24213E+00
  1.85003E+01  2.17736E-28  1.43467E+06  2.00000E-03 -1.24284E+00
  1.85939E+01  2.17769E-28  1.43481E+06  2.00000E-03 -1.23290E+00
  1.86874E+01  2.17760E-28  1.43478E+06  2.00000E-03 -1.23995E+00
  1.87810E+01  2.17582E-28  1.43401E+06  2.00000E-03 -1.35632E+00
  1.88746E+01  2.17613E-28  1.43415E+06  2.00000E-03 -1.33773E+00
  1.89682E+01  2.17612E-28  1.43414E+06  2.00000E-03 -1.33823E+00
  1.90618E+01  2.17617E-28  1.43416E+06  2.00000E-03 -1.33496E+00
  1.91553E+01  2.17705E-28  1.43460E+06  2.00000E-03 -1.27254E+00
  1.92489E+01  2.17711E-28  1.43463E+06  2.00000E-03 -1.26792E+00
  1.93425E+01  2.17711E-28  1.43463E+06  2.00000E-03 -1.26792E+00
  1.94361E+01  2.17726E-28  1.43469E+06  2.00000E-03 -1.27929E+00
  1.95297E+01  2.17738E-28  1.43474E+06  2.00000E-03 -1.28851E+00
  1.96232E+01  2.17740E-28  1.43475E+06  2.00000E-03 -1.28995E+00
  1.97168E+01  2.17749E-28  1.43479E+06  2.00000E-03 -1.29704E+00
  1.98104E+01  2.17749E-28  1.43479E+06  2.00000E-03 -1.29729E+00
  1.99040E+01  2.17678E-28  1.43445E+06  2.00000E-03 -1.39102E+00
  1.99976E+01  2.17662E-28  1.43437E+06  2.00000E-03 -1.40654E+00
  2.00911E+01  2.17662E-28  1.43437E+06  2.00000E-03 -1.40654E+00
  2.01847E+01  2.17662E-28  1.43437E+06  2.00000E-03 -1.40654E+00
  2.02783E+01  2.17662E-28  1.43437E+06  2.00000E-03 -1.40654E+00
  2.03719E+01  2.17662E-28  1.43437E+06  2.00000E-03 -1.40654E+00
  2.04655E+01  2.17662E-28  1.43437E+06  2.00000E-03 -1.40654E+00
  2.05590E+01  2.17662E-28  1.43437E+06  2.00000E-03 -1.40654E+00
  2.06526E+01  2.17499E-28  1.43365E+06  2.00000E-03 -1.51080E+00
  2.07462E+01  2.17406E-28  1.43323E+06  2.00000E-03 -1.57068E+00
  2.08398E+01  2.17406E-28  1.43323E+06  2.00000E-03 -1.57068E+00
  2.09334E+01  2.17406E-28  1.43323E+06  2.00000E-03 -1.57068E+00
  2.10269E+01  2.17406E-28  1.43323E+06  2.00000E-03 -1.57068E+00
  2.11205E+01  2.17406E-28  1.43323E+06  2.00000E-03 -1.57068E+00
  2.12141E+01  2.17406E-28  1.43323E+06  2.00000E-03 -1.57068E+00
  2.13077E+01  2.17406E-28  1.43323E+06  2.00000E-03 -1.57068E+00
  2.14013E+01  2.17142E-28  1.43207E+06  2.00000E-03 -1.71439E+00
  2.14948E+01  2.16944E-28  1.43119E+06  2.00000E-03 -1.82276E+00
  2.15884E+01  2.16944E-28  1.43119E+06  2.00000E-03 -1.82276E+00
  2.16820E+01  2.16943E-28  1.43119E+06  2.00000E-03 -1.82276E+00
  2.17756E+01  2.16943E-28  1.43119E+06  2.00000E-03 -1.82276E+00
  2.18692E+01  2.16944E-28  1.43119E+06  2.00000E-03 -1.82276E+00
  2.19627E+01  2.16944E-28  1.43119E+06  2.00000E-03 -1.82276E+00
  2.20563E+01  2.16944E-28  1.43119E+06  2.00000E-03 -1.82276E+00
  2.21499E+01  2.16754E-28  1.43035E+06  2.00000E-03 -1.91129E+00
  2.22435E+01  2.16512E-28  1.42928E+06  2.00000E-03 -2.02385E+00
  2.23371E+01  2.16512E-28  1.42928E+06  2.00000E-03 -2.02385E+00
  2.24306E+01  2.16512E-28  1.42928E+06  2.00000E-03 -2.02385E+00
  2.25242E+01  2.16512E-28  1.42928E+06  2.00000E-03 -2.02385E+00
  2.26178E+01  2.16512E-28  1.42928E+06  2.00000E-03 -2.02385E+00
  2.27114E+01  2.16512E-28  1.42928E+06  2.00000E-03 -2.02385E+00
  2.28050E+01  2.16512E-28  1.42928E+06  2.00000E-03 -2.02385E+00
  2.28985E+01  2.16488E-28  1.42917E+06  2.00000E-03 -2.02096E+00
  2.29921E+01  2.16400E-28  1.42879E+06  2.00000E-03 -2.01079E+00
  2.30857E+01  2.16400E-28  1.42879E+06  2.00000E-03 -2.01079E+00
  2.31793E+01  2.16400E-28  1.42879E+06  2.00000E-03 -2.01079E+00
  2.32729E+01  2.16400E-28  1.42879E+06  2.00000E-03 -2.01079E+00
  2.33664E+01  2.16400E-28  1.42879E+06  2.00000E-03 -2.01079E+00
  2.34600E+01  2.16385E-28  1.42872E+06  2.00000E-03 -2.04721E+00
  2.35536E+01  2.16385E-28  1.42872E+06  2.00000E-03 -2.04898E+00
  2.36472E+01  2.16404E-28  1.42880E+06  2.00000E-03 -2.02961E+00
  2.37408E+01  2.16580E-28  1.42957E+06  2.00000E-03 -1.84509E+00
  2.38343E+01  2.16565E-28  1.42951E+06  2.00000E-03 -1.86266E+00
  2.39279E+01  2.16536E-28  1.42938E+06  2.00000E-03 -1.89638E+00
  2.40215E+01  2.16536E-28  1.42938E+06  2.00000E-03 -1.89638E+00
  2.41151E+01  2.16536E-28  1.42938E+06  2.00000E-03 -1.89638E+00
  2.42087E+01  2.16536E-28  1.42938E+06  2.00000E-03 -1.89638E+00
  2.43022E+01  2.16536E-28  1.42938E+06  2.00000E-03 -1.89638E+00
  2.43958E+01  2.16536E-28  1.42938E+06  2.00000E-03 -1.89638E+00
