 -2.42657E+01  2.16328E-28  1.42861E+06  2.00000E-03  8.24400E+00
 -2.41721E+01  2.16372E-28  1.42880E+06  2.00000E-03  8.22004E+00
 -2.40786E+01  2.16422E-28  1.42902E+06  2.00000E-03  8.19224E+00
 -2.39850E+01  2.16422E-28  1.42902E+06  2.00000E-03  8.19224E+00
 -2.38914E+01  2.16422E-28  1.42902E+06  2.00000E-03  8.19224E+00
 -2.37978E+01  2.16422E-28  1.42902E+06  2.00000E-03  8.19224E+00
 -2.37042E+01  2.16422E-28  1.42902E+06  2.00000E-03  8.19224E+00
 -2.36107E+01  2.16350E-28  1.42871E+06  2.00000E-03  8.28329E+00
 -2.35171E+01  2.16249E-28  1.42827E+06  2.00000E-03  8.41110E+00
 -2.34235E+01  2.16249E-28  1.42827E+06  2.00000E-03  8.41110E+00
 -2.33299E+01  2.16249E-28  1.42827E+06  2.00000E-03  8.41110E+00
 -2.32363E+01  2.16249E-28  1.42827E+06  2.00000E-03  8.41110E+00
 -2.31428E+01  2.16249E-28  1.42827E+06  2.00000E-03  8.41110E+00
 -2.30492E+01  2.16249E-28  1.42827E+06  2.00000E-03  8.41110E+00
 -2.29556E+01  2.16249E-28  1.42827E+06  2.00000E-03  8.41110E+00
 -2.28620E+01  2.16201E-28  1.42806E+06  2.00000E-03  8.46815E+00
 -2.27684E+01  2.16017E-28  1.42726E+06  2.00000E-03  8.68769E+00
 -2.26749E+01  2.16017E-28  1.42726E+06  2.00000E-03  8.68769E+00
 -2.25813E+01  2.16017E-28  1.42726E+06  2.00000E-03  8.68769E+00
 -2.24877E+01  2.16017E-28  1.42726E+06  2.00000E-03  8.68769E+00
 -2.23941E+01  2.16017E-28  1.42726E+06  2.00000E-03  8.68769E+00
 -2.23005E+01  2.16017E-28  1.42726E+06  2.00000E-03  8.68769E+00
 -2.22070E+01  2.16017E-28  1.42726E+06  2.00000E-03  8.68769E+00
 -2.21134E+01  2.16003E-28  1.42719E+06  2.00000E-03  8.70506E+00
 -2.20198E+01  2.15756E-28  1.42612E+06  2.00000E-03  9.00416E+00
 -2.19262E+01  2.15752E-28  1.42610E+06  2.00000E-03  9.01001E+00
 -2.18326E+01  2.15752E-28  1.42610E+06  2.00000E-03  9.01001E+00
 -2.17391E+01  2.15752E-28  1.42610E+06  2.00000E-03  9.01001E+00
 -2.16455E+01  2.15752E-28  1.42610E+06  2.00000E-03  9.01001E+00
 -2.15519E+01  2.15752E-28  1.42610E+06  2.00000E-03  9.01001E+00
 -2.14583E+01  2.15752E-28  1.42610E+06  2.00000E-03  9.01001E+00
 -2.13647E+01  2.15752E-28  1.42610E+06  2.00000E-03  9.01001E+00
 -2.12712E+01  2.15569E-28  1.42532E+06  2.00000E-03  9.27250E+00
 -2.11776E+01  2.15553E-28  1.42524E+06  2.00000E-03  9.29636E+00
 -2.10840E+01  2.15553E-28  1.42524E+06  2.00000E-03  9.29636E+00
 -2.09904E+01  2.15553E-28  1.42524E+06  2.00000E-03  9.29636E+00
 -2.08968E+01  2.15553E-28  1.42524E+06  2.00000E-03  9.29636E+00
 -2.08033E+01  2.15553E-28  1.42524E+06  2.00000E-03  9.29636E+00
 -2.07097E+01  2.15533E-28  1.42516E+06  2.00000E-03  9.42746E+00
 -2.06161E+01  2.15527E-28  1.42513E+06  2.00000E-03  9.46608E+00
 -2.05225E+01  2.15511E-28  1.42508E+06  2.00000E-03  9.58519E+00
 -2.04289E+01  2.15517E-28  1.42511E+06  2.00000E-03  9.66447E+00
 -2.03354E+01  2.15528E-28  1.42516E+06  2.00000E-03  9.75352E+00
 -2.02418E+01  2.15530E-28  1.42517E+06  2.00000E-03  9.77286E+00
 -2.01482E+01  2.15530E-28  1.42517E+06  2.00000E-03  9.77286E+00
 -2.00546E+01  2.15530E-28  1.42517E+06  2.00000E-03  9.77286E+00
 -1.99610E+01  2.15530E-28  1.42517E+06  2.00000E-03  9.77286E+00
 -1.98675E+01  2.15530E-28  1.42517E+06  2.00000E-03  9.77286E+00
 -1.97739E+01  2.15559E-28  1.42534E+06  2.00000E-03  9.84285E+00
 -1.96803E+01  2.15575E-28  1.42543E+06  2.00000E-03  9.88272E+00
 -1.95867E+01  2.15575E-28  1.42543E+06  2.00000E-03  9.88272E+00
 -1.94931E+01  2.15575E-28  1.42543E+06  2.00000E-03  9.88272E+00
 -1.93996E+01  2.15575E-28  1.42543E+06  2.00000E-03  9.88272E+00
 -1.93060E+01  2.15575E-28  1.42543E+06  2.00000E-03  9.88272E+00
 -1.92124E+01  2.15575E-28  1.42543E+06  2.00000E-03  9.88272E+00
 -1.91188E+01  2.15575E-28  1.42543E+06  2.00000E-03  9.88272E+00
 -1.90252E+01  2.15592E-28  1.42551E+06  2.00000E-03  9.86646E+00
 -1.89317E+01  2.15612E-28  1.42561E+06  2.00000E-03  9.84705E+00
 -1.88381E+01  2.15611E-28  1.42561E+06  2.00000E-03  9.86179E+00
 -1.87445E+01  2.15609E-28  1.42560E+06  2.00000E-03  9.90857E+00
 -1.86509E+01  2.15572E-28  1.42544E+06  2.00000E-03  9.98184E+00
 -1.85573E+01  2.15501E-28  1.42514E+06  2.00000E-03  1.00868E+01
 -1.84638E+01  2.15501E-28  1.42514E+06  2.00000E-03  1.00868E+01
 -1.83702E+01  2.15496E-28  1.42512E+06  2.00000E-03  1.01179E+01
 -1.82766E+01  2.15426E-28  1.42482E+06  2.00000E-03  1.02570E+01
 -1.81830E+01  2.15322E-28  1.42437E+06  2.00000E-03  1.03867E+01
 -1.80894E+01  2.15322E-28  1.42437E+06  2.00000E-03  1.03867E+01
 -1.79959E+01  2.15322E-28  1.42437E+06  2.00000E-03  1.03867E+01
 -1.79023E+01  2.15258E-28  1.42409E+06  2.00000E-03  1.04541E+01
 -1.78087E+01  2.15086E-28  1.42333E+06  2.00000E-03  1.06368E+01
 -1.77151E+01  2.15086E-28  1.42333E+06  2.00000E-03  1.06368E+01
 -1.76215E+01  2.15086E-28  1.42333E+06  2.00000E-03  1.06368E+01
 -1.75280E+01  2.15034E-28  1.42310E+06  2.00000E-03  1.06878E+01
 -1.74344E+01  2.14795E-28  1.42205E+06  2.00000E-03  1.09251E+01
 -1.73408E+01  2.14832E-28  1.42221E+06  2.00000E-03  1.09027E+01
 -1.72472E+01  2.14829E-28  1.42220E+06  2.00000E-03  1.09045E+01
 -1.71536E+01  2.14800E-28  1.42207E+06  2.00000E-03  1.09325E+01
 -1.70601E+01  2.14539E-28  1.42092E+06  2.00000E-03  1.11944E+01
 -1.69665E+01  2.14516E-28  1.42082E+06  2.00000E-03  1.12101E+01
 -1.68729E+01  2.14519E-28  1.42083E+06  2.00000E-03  1.12079E+01
 -1.67793E+01  2.14476E-28  1.42064E+06  2.00000E-03  1.12941E+01
 -1.66857E+01  2.14200E-28  1.41943E+06  2.00000E-03  1.15779E+01
 -1.65922E+01  2.14202E-28  1.41943E+06  2.00000E-03  1.16163E+01
 -1.64986E+01  2.14205E-28  1.41945E+06  2.00000E-03  1.16199E+01
 -1.64050E+01  2.14204E-28  1.41944E+06  2.00000E-03  1.16258E+01
 -1.63114E+01  2.14016E-28  1.41863E+06  2.00000E-03  1.19383E+01
 -1.62178E+01  2.13997E-28  1.41854E+06  2.00000E-03  1.19613E+01
 -1.61243E+01  2.13998E-28  1.41854E+06  2.00000E-03  1.19609E+01
 -1.60307E+01  2.13998E-28  1.41854E+06  2.00000E-03  1.19612E+01
 -1.59371E+01  2.13959E-28  1.41838E+06  2.00000E-03  1.20667E+01
 -1.58435E+01  2.13970E-28  1.41843E+06  2.00000E-03  1.20726E+01
 -1.57499E+01  2.13965E-28  1.41841E+06  2.00000E-03  1.20752E+01
 -1.56564E+01  2.13970E-28  1.41843E+06  2.00000E-03  1.20726E+01
 -1.55628E+01  2.14035E-28  1.41873E+06  2.00000E-03  1.20922E+01
 -1.54692E+01  2.14059E-28  1.41883E+06  2.00000E-03  1.20907E+01
 -1.53756E+01  2.14061E-28  1.41884E+06  2.00000E-03  1.20897E+01
 -1.52820E+01  2.14057E-28  1.41882E+06  2.00000E-03  1.20918E+01
 -1.51885E+01  2.14201E-28  1.41946E+06  2.00000E-03  1.20358E+01
 -1.50949E+01  2.14301E-28  1.41991E+06  2.00000E-03  1.19984E+01
 -1.50013E+01  2.14301E-28  1.41991E+06  2.00000E-03  1.19984E+01
 -1.49077E+01  2.14301E-28  1.41991E+06  2.00000E-03  1.19984E+01
 -1.48141E+01  2.14518E-28  1.42087E+06  2.00000E-03  1.19217E+01
 -1.47206E+01  2.14673E-28  1.42156E+06  2.00000E-03  1.18761E+01
 -1.46270E+01  2.14698E-28  1.42167E+06  2.00000E-03  1.18786E+01
 -1.45334E+01  2.14723E-28  1.42178E+06  2.00000E-03  1.18812E+01
 -1.44398E+01  2.14849E-28  1.42235E+06  2.00000E-03  1.18386E+01
 -1.43462E+01  2.15003E-28  1.42304E+06  2.00000E-03  1.18211E+01
 -1.42527E+01  2.15028E-28  1.42316E+06  2.00000E-03  1.18341E+01
 -1.41591E+01  2.15028E-28  1.42316E+06  2.00000E-03  1.18341E+01
 -1.40655E+01  2.15008E-28  1.42307E+06  2.00000E-03  1.18286E+01
 -1.39719E+01  2.14985E-28  1.42296E+06  2.00000E-03  1.18223E+01
 -1.38783E+01  2.14981E-28  1.42295E+06  2.00000E-03  1.18207E+01
 -1.37848E+01  2.14970E-28  1.42290E+06  2.00000E-03  1.18292E+01
 -1.36912E+01  2.14951E-28  1.42282E+06  2.00000E-03  1.18692E+01
 -1.35976E+01  2.14930E-28  1.42273E+06  2.00000E-03  1.18911E+01
 -1.35040E+01  2.14915E-28  1.42266E+06  2.00000E-03  1.19061E+01
 -1.34104E+01  2.14883E-28  1.42252E+06  2.00000E-03  1.19317E+01
 -1.33169E+01  2.14862E-28  1.42244E+06  2.00000E-03  1.19604E+01
 -1.32233E+01  2.14824E-28  1.42227E+06  2.00000E-03  1.20037E+01
 -1.31297E+01  2.14816E-28  1.42224E+06  2.00000E-03  1.20066E+01
 -1.30361E+01  2.14782E-28  1.42209E+06  2.00000E-03  1.20181E+01
 -1.29425E+01  2.14776E-28  1.42207E+06  2.00000E-03  1.20185E+01
 -1.28490E+01  2.14789E-28  1.42213E+06  2.00000E-03  1.20105E+01
 -1.27554E+01  2.14759E-28  1.42200E+06  2.00000E-03  1.20761E+01
 -1.26618E+01  2.14704E-28  1.42177E+06  2.00000E-03  1.20989E+01
 -1.25682E+01  2.14685E-28  1.42169E+06  2.00000E-03  1.21101E+01
 -1.24747E+01  2.14628E-28  1.42145E+06  2.00000E-03  1.21738E+01
 -1.23811E+01  2.14592E-28  1.42130E+06  2.00000E-03  1.22163E+01
 -1.22875E+01  2.14511E-28  1.42096E+06  2.00000E-03  1.22795E+01
 -1.21939E+01  2.14501E-28  1.42091E+06  2.00000E-03  1.23321E+01
 -1.21003E+01  2.14411E-28  1.42053E+06  2.00000E-03  1.23958E+01
 -1.20068E+01  2.14398E-28  1.42048E+06  2.00000E-03  1.24044E+01
 -1.19132E+01  2.14286E-28  1.42000E+06  2.00000E-03  1.24821E+01
 -1.18196E+01  2.14281E-28  1.41998E+06  2.00000E-03  1.24861E+01
 -1.17260E+01  2.14193E-28  1.41960E+06  2.00000E-03  1.26103E+01
 -1.16324E+01  2.14189E-28  1.41959E+06  2.00000E-03  1.26483E+01
 -1.15389E+01  2.14101E-28  1.41921E+06  2.00000E-03  1.27150E+01
 -1.14453E+01  2.14094E-28  1.41919E+06  2.00000E-03  1.27232E+01
 -1.13517E+01  2.14048E-28  1.41899E+06  2.00000E-03  1.27934E+01
 -1.12581E+01  2.14066E-28  1.41908E+06  2.00000E-03  1.28443E+01
 -1.11645E+01  2.14044E-28  1.41899E+06  2.00000E-03  1.28613E+01
 -1.10710E+01  2.14039E-28  1.41897E+06  2.00000E-03  1.28644E+01
 -1.09774E+01  2.14052E-28  1.41903E+06  2.00000E-03  1.28558E+01
 -1.08838E+01  2.14055E-28  1.41905E+06  2.00000E-03  1.28541E+01
 -1.07902E+01  2.14114E-28  1.41931E+06  2.00000E-03  1.28446E+01
 -1.06966E+01  2.14110E-28  1.41930E+06  2.00000E-03  1.28752E+01
 -1.06031E+01  2.14171E-28  1.41957E+06  2.00000E-03  1.28506E+01
 -1.05095E+01  2.14212E-28  1.41975E+06  2.00000E-03  1.28551E+01
 -1.04159E+01  2.14292E-28  1.42011E+06  2.00000E-03  1.28034E+01
 -1.03223E+01  2.14317E-28  1.42022E+06  2.00000E-03  1.27843E+01
 -1.02287E+01  2.14419E-28  1.42067E+06  2.00000E-03  1.27718E+01
 -1.01352E+01  2.14446E-28  1.42079E+06  2.00000E-03  1.27575E+01
 -1.00416E+01  2.14495E-28  1.42101E+06  2.00000E-03  1.27133E+01
 -9.94799E+00  2.14520E-28  1.42112E+06  2.00000E-03  1.26907E+01
 -9.85441E+00  2.14542E-28  1.42122E+06  2.00000E-03  1.26614E+01
 -9.76083E+00  2.14556E-28  1.42127E+06  2.00000E-03  1.26438E+01
 -9.66725E+00  2.14564E-28  1.42131E+06  2.00000E-03  1.26928E+01
 -9.57368E+00  2.14570E-28  1.42134E+06  2.00000E-03  1.27265E+01
 -9.48009E+00  2.14546E-28  1.42123E+06  2.00000E-03  1.27265E+01
 -9.38652E+00  2.14533E-28  1.42117E+06  2.00000E-03  1.27515E+01
 -9.29294E+00  2.14511E-28  1.42108E+06  2.00000E-03  1.28208E+01
 -9.19936E+00  2.14487E-28  1.42097E+06  2.00000E-03  1.28541E+01
 -9.10578E+00  2.14449E-28  1.42080E+06  2.00000E-03  1.28682E+01
 -9.01220E+00  2.14419E-28  1.42067E+06  2.00000E-03  1.28793E+01
 -8.91862E+00  2.14387E-28  1.42053E+06  2.00000E-03  1.28977E+01
 -8.82504E+00  2.14358E-28  1.42040E+06  2.00000E-03  1.29317E+01
 -8.73146E+00  2.14356E-28  1.42039E+06  2.00000E-03  1.29954E+01
 -8.63788E+00  2.14326E-28  1.42026E+06  2.00000E-03  1.30534E+01
 -8.54430E+00  2.14313E-28  1.42020E+06  2.00000E-03  1.31110E+01
 -8.45072E+00  2.14271E-28  1.42001E+06  2.00000E-03  1.31664E+01
 -8.35714E+00  2.14235E-28  1.41986E+06  2.00000E-03  1.32171E+01
 -8.26356E+00  2.14199E-28  1.41971E+06  2.00000E-03  1.33331E+01
 -8.16998E+00  2.14197E-28  1.41970E+06  2.00000E-03  1.34357E+01
 -8.07640E+00  2.14133E-28  1.41940E+06  2.00000E-03  1.36176E+01
 -7.98282E+00  2.14090E-28  1.41911E+06  2.00000E-03  1.37086E+01
 -7.88924E+00  2.14044E-28  1.41867E+06  2.00000E-03  1.39957E+01
 -7.79566E+00  2.14025E-28  1.41870E+06  2.00000E-03  1.41182E+01
 -7.70208E+00  2.13910E-28  1.41868E+06  1.99999E-03  1.45487E+01
 -7.60850E+00  2.13817E-28  1.41870E+06  1.99994E-03  1.46188E+01
 -7.51492E+00  2.13582E-28  1.41886E+06  1.99971E-03  1.52229E+01
 -7.42134E+00  2.13681E-28  1.41793E+06  1.99923E-03  1.53970E+01
 -7.32776E+00  2.14241E-28  1.41319E+06  1.99688E-03  1.60264E+01
 -7.23418E+00  2.14954E-28  1.40825E+06  1.99453E-03  1.60924E+01
 -7.14060E+00  2.17731E-28  1.38884E+06  1.98533E-03  1.68189E+01
 -7.04702E+00  2.18040E-28  1.38658E+06  1.98448E-03  1.68862E+01
 -6.95344E+00  2.20782E-28  1.36689E+06  1.97700E-03  1.74370E+01
 -6.85986E+00  2.21691E-28  1.36071E+06  1.97452E-03  1.73125E+01
 -6.76628E+00  2.25798E-28  1.33456E+06  1.96553E-03  1.71872E+01
 -6.67270E+00  2.29496E-28  1.31332E+06  1.95417E-03  1.66476E+01
 -6.57912E+00  2.48179E-28  1.21385E+06  1.90020E-03  1.49415E+01
 -6.48554E+00  2.52398E-28  1.19382E+06  1.88837E-03  1.40828E+01
 -6.39196E+00  2.85655E-28  1.05798E+06  1.80732E-03  1.22385E+01
 -6.29838E+00  2.90247E-28  1.04194E+06  1.80013E-03  1.19640E+01
 -6.20480E+00  3.55390E-28  8.51647E+05  1.70142E-03  9.93419E+00
 -6.11122E+00  3.59608E-28  8.41658E+05  1.69610E-03  9.83687E+00
 -6.01764E+00  4.04717E-28  7.48588E+05  1.66865E-03  8.47155E+00
 -5.92406E+00  4.09118E-28  7.40620E+05  1.66623E-03  8.35159E+00
 -5.83048E+00  4.31049E-28  7.04796E+05  1.64783E-03  7.48363E+00
 -5.73690E+00  4.38498E-28  6.93562E+05  1.63834E-03  6.95732E+00
 -5.64332E+00  4.48099E-28  6.80027E+05  1.60615E-03  6.08471E+00
 -5.54974E+00  4.48157E-28  6.80196E+05  1.60115E-03  5.87257E+00
 -5.45616E+00  4.17010E-28  7.30768E+05  1.62037E-03  5.68425E+00
 -5.36258E+00  4.06740E-28  7.49124E+05  1.62817E-03  5.62894E+00
 -5.26900E+00  3.16455E-28  9.62309E+05  1.74243E-03  4.78893E+00
 -5.17542E+00  2.76812E-28  1.09969E+06  1.81654E-03  4.54660E+00
 -5.08184E+00  2.54293E-28  1.19582E+06  1.87277E-03  4.51425E+00
 -4.98826E+00  2.43244E-28  1.24950E+06  1.90416E-03  4.49619E+00
 -4.89468E+00  2.34644E-28  1.29396E+06  1.92964E-03  4.74954E+00
 -4.80110E+00  2.29627E-28  1.32143E+06  1.94538E-03  4.90611E+00
 -4.70752E+00  2.60956E-28  1.16230E+06  1.86536E-03  5.42431E+00
 -4.61394E+00  2.79611E-28  1.08448E+06  1.82544E-03  5.60438E+00
 -4.52036E+00  3.35342E-28  9.04188E+05  1.69881E-03  6.09801E+00
 -4.42678E+00  3.69694E-28  8.19877E+05  1.64463E-03  6.20903E+00
 -4.33320E+00  3.94750E-28  7.67517E+05  1.62164E-03  5.77066E+00
 -4.23962E+00  4.01838E-28  7.53412E+05  1.61711E-03  5.33577E+00
 -4.14604E+00  4.31516E-28  6.99774E+05  1.58648E-03  4.37644E+00
 -4.05246E+00  4.81265E-28  6.25092E+05  1.54359E-03  3.21412E+00
 -3.95888E+00  4.11207E-28  7.30948E+05  1.60220E-03  1.89466E+00
 -3.86530E+00  3.64920E-28  8.23082E+05  1.65178E-03  7.80514E-01
 -3.77172E+00  3.33243E-28  9.00150E+05  1.70287E-03 -1.77584E-01
 -3.67814E+00  2.82952E-28  1.05796E+06  1.80766E-03 -2.15699E+00
 -3.58456E+00  2.70107E-28  1.10589E+06  1.83544E-03 -2.66184E+00
 -3.49098E+00  2.54405E-28  1.17081E+06  1.87216E-03 -3.27772E+00
 -3.39740E+00  2.49428E-28  1.19280E+06  1.88600E-03 -3.30952E+00
 -3.30382E+00  2.35788E-28  1.25856E+06  1.92248E-03 -3.39141E+00
 -3.21024E+00  2.27377E-28  1.30221E+06  1.94385E-03 -3.06979E+00
 -3.11666E+00  2.21432E-28  1.33442E+06  1.96225E-03 -2.67818E+00
 -3.02309E+00  2.19479E-28  1.34455E+06  1.96781E-03 -2.39985E+00
 -2.92951E+00  2.14731E-28  1.36997E+06  1.98188E-03 -1.71072E+00
 -2.83593E+00  2.14144E-28  1.37292E+06  1.98352E-03 -1.57951E+00
 -2.74235E+00  2.10650E-28  1.39102E+06  1.99371E-03 -8.41284E-01
 -2.64877E+00  2.10961E-28  1.38616E+06  1.99210E-03 -3.97503E-01
 -2.55519E+00  2.08958E-28  1.39559E+06  1.99777E-03  2.10214E-01
 -2.46161E+00  2.08844E-28  1.39526E+06  1.99799E-03  3.56355E-01
 -2.36803E+00  2.08151E-28  1.39489E+06  1.99972E-03  1.12886E+00
 -2.27445E+00  2.08122E-28  1.39448E+06  1.99975E-03  1.24797E+00
 -2.18087E+00  2.07855E-28  1.39121E+06  1.99999E-03  1.93357E+00
 -2.08729E+00  2.07794E-28  1.39095E+06  1.99999E-03  1.95619E+00
 -1.99371E+00  2.07197E-28  1.38835E+06  2.00000E-03  2.38713E+00
 -1.90013E+00  2.07132E-28  1.38808E+06  2.00000E-03  2.43444E+00
 -1.80655E+00  2.06710E-28  1.38634E+06  2.00000E-03  2.72808E+00
 -1.71297E+00  2.06647E-28  1.38607E+06  2.00000E-03  2.79473E+00
 -1.61939E+00  2.06239E-28  1.38424E+06  2.00000E-03  3.03936E+00
 -1.52581E+00  2.06179E-28  1.38397E+06  2.00000E-03  3.08121E+00
 -1.43223E+00  2.05813E-28  1.38233E+06  2.00000E-03  3.24257E+00
 -1.33865E+00  2.05757E-28  1.38208E+06  2.00000E-03  3.28084E+00
 -1.24507E+00  2.05377E-28  1.38038E+06  2.00000E-03  3.39027E+00
 -1.15149E+00  2.05349E-28  1.38025E+06  2.00000E-03  3.39581E+00
 -1.05791E+00  2.05059E-28  1.37881E+06  2.00000E-03  3.38622E+00
 -9.64328E-01  2.05033E-28  1.37867E+06  2.00000E-03  3.38515E+00
 -8.70748E-01  2.04736E-28  1.37697E+06  2.00000E-03  3.35497E+00
 -7.77169E-01  2.04702E-28  1.37677E+06  2.00000E-03  3.35147E+00
 -6.83589E-01  2.04074E-28  1.37499E+06  2.00000E-03  3.35919E+00
 -5.90009E-01  2.03903E-28  1.37448E+06  2.00000E-03  3.30285E+00
 -4.96429E-01  2.02854E-28  1.37512E+06  2.00000E-03  3.51536E+00
 -4.02849E-01  2.02572E-28  1.37532E+06  2.00000E-03  3.53422E+00
 -3.09269E-01  2.01065E-28  1.37565E+06  1.99981E-03  4.05655E+00
 -2.15689E-01  2.00325E-28  1.37573E+06  1.99972E-03  3.58919E+00
 -1.22110E-01  2.00955E-28  1.35787E+06  1.98854E-03  4.05746E+00
 -2.85297E-02  2.01233E-28  1.35041E+06  1.98387E-03  4.27987E+00
  6.50501E-02  2.21474E-28  1.20520E+06  1.85054E-03  3.10113E+00
  1.58630E-01  2.29201E-28  1.15652E+06  1.80586E-03  2.70604E+00
  2.52210E-01  4.11704E-28  6.33443E+05  1.55832E-03 -7.18437E+00
  3.45790E-01  4.87925E-28  5.31097E+05  1.51040E-03 -1.00301E+01
  4.39370E-01  7.54705E-28  3.45094E+05  1.42396E-03 -1.56724E+01
  5.32949E-01  8.67310E-28  3.01478E+05  1.40501E-03 -1.72302E+01
  6.26529E-01  1.03844E-27  2.55536E+05  1.38333E-03 -1.93247E+01
  7.20109E-01  1.16477E-27  2.29942E+05  1.37282E-03 -2.02127E+01
  8.13689E-01  1.06965E-27  2.56188E+05  1.39532E-03 -2.01629E+01
  9.07269E-01  1.00843E-27  2.76671E+05  1.41354E-03 -1.97583E+01
  1.00085E+00  8.09722E-28  3.48970E+05  1.45951E-03 -1.85838E+01
  1.09443E+00  6.29400E-28  4.53784E+05  1.52508E-03 -1.59850E+01
  1.18801E+00  5.65083E-28  5.05536E+05  1.55175E-03 -1.45906E+01
  1.28159E+00  4.38574E-28  6.50795E+05  1.62519E-03 -9.76658E+00
  1.37517E+00  4.14720E-28  6.83612E+05  1.64275E-03 -6.47505E+00
  1.46875E+00  3.76779E-28  7.47854E+05  1.67909E-03 -2.73056E+00
  1.56233E+00  3.75504E-28  7.43496E+05  1.67901E-03 -1.23750E+00
  1.65591E+00  3.64112E-28  7.58225E+05  1.68998E-03  4.80325E-01
  1.74949E+00  3.71587E-28  7.39849E+05  1.68135E-03  7.15952E-01
  1.84307E+00  3.95828E-28  6.88747E+05  1.65882E-03  1.50044E+00
  1.93665E+00  4.13631E-28  6.55720E+05  1.65267E-03  5.12031E-01
  2.03023E+00  4.44819E-28  6.04796E+05  1.64173E-03 -6.95088E-01
  2.12381E+00  4.20124E-28  6.41735E+05  1.66895E-03 -1.02978E+00
  2.21739E+00  3.70494E-28  7.28947E+05  1.73523E-03 -2.81525E+00
  2.31097E+00  3.34223E-28  8.09468E+05  1.77225E-03 -3.26115E+00
  2.40455E+00  2.33178E-28  1.16464E+06  1.91949E-03 -5.05204E+00
  2.49813E+00  2.25334E-28  1.20768E+06  1.93646E-03 -4.58278E+00
  2.59171E+00  2.04190E-28  1.33540E+06  1.98179E-03 -4.70948E+00
  2.68529E+00  2.04774E-28  1.33146E+06  1.97949E-03 -4.80105E+00
  2.77887E+00  2.06787E-28  1.31853E+06  1.97261E-03 -4.49114E+00
  2.87245E+00  2.06678E-28  1.31812E+06  1.97254E-03 -4.55311E+00
  2.96603E+00  2.03509E-28  1.33807E+06  1.98547E-03 -3.98160E+00
  3.05961E+00  2.03363E-28  1.33897E+06  1.98606E-03 -3.96273E+00
  3.15319E+00  2.01651E-28  1.34956E+06  1.99294E-03 -3.74841E+00
  3.24677E+00  2.01587E-28  1.34991E+06  1.99317E-03 -3.76244E+00
  3.34035E+00  2.00266E-28  1.35556E+06  1.99724E-03 -3.97424E+00
  3.43392E+00  2.00161E-28  1.35517E+06  1.99731E-03 -3.95347E+00
  3.52750E+00  1.99517E-28  1.35707E+06  1.99902E-03 -4.77714E+00
  3.62108E+00  1.99465E-28  1.35704E+06  1.99914E-03 -4.85290E+00
  3.71466E+00  1.99154E-28  1.35483E+06  1.99955E-03 -6.11011E+00
  3.80824E+00  1.98863E-28  1.35392E+06  1.99959E-03 -5.99380E+00
  3.90182E+00  1.98480E-28  1.35159E+06  1.99809E-03 -8.04714E+00
  3.99540E+00  1.98472E-28  1.35147E+06  1.99801E-03 -8.11812E+00
  4.08898E+00  1.98441E-28  1.34516E+06  1.99360E-03 -1.08226E+01
  4.18256E+00  1.98492E-28  1.34401E+06  1.99291E-03 -1.11566E+01
  4.27614E+00  2.02452E-28  1.31039E+06  1.97710E-03 -1.44447E+01
  4.36972E+00  2.06712E-28  1.27709E+06  1.95954E-03 -1.48748E+01
  4.46330E+00  2.66567E-28  9.97309E+05  1.80060E-03 -1.42518E+01
  4.55688E+00  3.15291E-28  8.45848E+05  1.71294E-03 -1.36431E+01
  4.65046E+00  7.75225E-28  3.43142E+05  1.43081E-03 -6.75725E+00
  4.74404E+00  9.72913E-28  2.74509E+05  1.39390E-03 -6.37040E+00
  4.83762E+00  2.13526E-27  1.19887E+05  1.31241E-03 -3.43545E+00
  4.93120E+00  2.39343E-27  1.05496E+05  1.30454E-03 -3.02336E+00
  5.02478E+00  1.60357E-27  1.56374E+05  1.33335E-03 -3.21354E+00
  5.11836E+00  1.35857E-27  1.83562E+05  1.34841E-03 -3.15840E+00
  5.21194E+00  1.34895E-27  1.83520E+05  1.32641E-03 -3.67104E+00
  5.30552E+00  1.67239E-27  1.46594E+05  1.31012E-03 -6.91942E+00
  5.39910E+00  1.42893E-27  1.74769E+05  1.30540E-03 -9.12465E+00
  5.49268E+00  1.09004E-27  2.33272E+05  1.30753E-03 -9.90979E+00
  5.58626E+00  1.43055E-27  1.78087E+05  1.30091E-03 -7.17198E+00
  5.67984E+00  1.59755E-27  1.59470E+05  1.29972E-03 -5.95401E+00
  5.77342E+00  1.76964E-27  1.44384E+05  1.30308E-03 -4.04251E+00
  5.86700E+00  2.09496E-27  1.22332E+05  1.30169E-03 -1.76370E+00
  5.96058E+00  1.17595E-27  2.22183E+05  1.35331E-03 -8.65870E-01
  6.05416E+00  2.89775E-28  9.17295E+05  1.71239E-03  5.68298E+00
  6.14774E+00  2.57624E-28  1.02812E+06  1.78002E-03  6.39010E+00
  6.24132E+00  2.20371E-28  1.19599E+06  1.88219E-03  7.60364E+00
  6.33490E+00  2.13726E-28  1.23394E+06  1.91794E-03  5.81304E+00
  6.42848E+00  2.07447E-28  1.27209E+06  1.95288E-03  3.96271E+00
  6.52206E+00  2.02704E-28  1.30037E+06  1.97132E-03  2.50703E+00
  6.61564E+00  1.97844E-28  1.32935E+06  1.99082E-03  8.42009E-01
  6.70922E+00  1.96473E-28  1.33476E+06  1.99536E-03 -4.82428E-01
  6.80280E+00  1.95270E-28  1.33686E+06  1.99883E-03 -1.73071E+00
  6.89638E+00  1.94673E-28  1.33378E+06  1.99954E-03 -2.80187E+00
  6.98996E+00  1.94211E-28  1.33071E+06  1.99991E-03 -3.94402E+00
  7.08354E+00  1.93709E-28  1.32791E+06  1.99997E-03 -4.94344E+00
  7.17712E+00  1.93239E-28  1.32550E+06  1.99999E-03 -5.96429E+00
  7.27070E+00  1.92685E-28  1.32299E+06  2.00000E-03 -7.01062E+00
  7.36428E+00  1.91831E-28  1.31913E+06  2.00000E-03 -8.25144E+00
  7.45786E+00  1.91310E-28  1.31673E+06  2.00000E-03 -9.20892E+00
  7.55144E+00  1.90763E-28  1.31417E+06  2.00000E-03 -1.02340E+01
  7.64502E+00  1.90263E-28  1.31185E+06  2.00000E-03 -1.09456E+01
  7.73860E+00  1.89570E-28  1.30863E+06  2.00000E-03 -1.16444E+01
  7.83218E+00  1.88895E-28  1.30550E+06  2.00000E-03 -1.23143E+01
  7.92576E+00  1.87828E-28  1.30062E+06  2.00000E-03 -1.27236E+01
  8.01934E+00  1.87285E-28  1.29798E+06  2.00000E-03 -1.23253E+01
  8.11292E+00  1.86765E-28  1.29531E+06  1.99998E-03 -1.18320E+01
  8.20650E+00  1.86196E-28  1.29283E+06  1.99987E-03 -1.15628E+01
  8.30008E+00  1.84715E-28  1.28869E+06  1.99875E-03 -1.20528E+01
  8.39366E+00  1.87286E-28  1.25648E+06  1.98406E-03 -1.32245E+01
  8.48724E+00  2.11437E-28  1.09172E+06  1.89372E-03 -1.29241E+01
  8.58082E+00  3.05348E-28  7.48300E+05  1.69658E-03 -1.00798E+01
  8.67440E+00  1.10451E-27  2.04088E+05  1.38735E-03  2.19676E+00
  8.76798E+00  7.38215E-27  2.70919E+04  1.29481E-03  6.49832E+00
  8.86156E+00  9.11063E-27  2.25245E+04  1.29623E-03  7.37115E+00
  8.95514E+00  2.22732E-27  9.95480E+04  1.34035E-03  8.08202E+00
  9.04872E+00  4.78452E-28  4.55220E+05  1.53312E-03  6.72178E+00
  9.14230E+00  1.88340E-28  1.21104E+06  1.96130E-03 -1.59971E+00
  9.23588E+00  1.81817E-28  1.27348E+06  1.99908E-03 -6.63067E+00
  9.32946E+00  1.81830E-28  1.27312E+06  1.99997E-03 -1.05860E+01
  9.42304E+00  1.83708E-28  1.28194E+06  2.00000E-03 -1.22602E+01
  9.51662E+00  1.83697E-28  1.28202E+06  2.00000E-03 -1.24804E+01
  9.61020E+00  1.84945E-28  1.28746E+06  2.00000E-03 -1.37861E+01
  9.70378E+00  1.84794E-28  1.28661E+06  2.00000E-03 -1.44267E+01
  9.79735E+00  1.84997E-28  1.28755E+06  2.00000E-03 -1.55230E+01
  9.89093E+00  1.85177E-28  1.28839E+06  2.00000E-03 -1.59669E+01
  9.98452E+00  1.85977E-28  1.29209E+06  2.00000E-03 -1.66916E+01
  1.00781E+01  1.86249E-28  1.29334E+06  2.00000E-03 -1.68597E+01
  1.01717E+01  1.86809E-28  1.29592E+06  2.00000E-03 -1.74924E+01
  1.02653E+01  1.87019E-28  1.29689E+06  2.00000E-03 -1.77242E+01
  1.03588E+01  1.87187E-28  1.29766E+06  2.00000E-03 -1.84759E+01
  1.04524E+01  1.86865E-28  1.29618E+06  2.00000E-03 -1.89682E+01
  1.05460E+01  1.87067E-28  1.29711E+06  2.00000E-03 -1.94699E+01
  1.06396E+01  1.87305E-28  1.29820E+06  2.00000E-03 -1.97170E+01
  1.07332E+01  1.87474E-28  1.29897E+06  2.00000E-03 -2.01807E+01
  1.08267E+01  1.87237E-28  1.29786E+06  2.00000E-03 -2.07663E+01
  1.09203E+01  1.87383E-28  1.29852E+06  2.00000E-03 -2.11558E+01
  1.10139E+01  1.87625E-28  1.29963E+06  2.00000E-03 -2.14031E+01
  1.11075E+01  1.87877E-28  1.30079E+06  2.00000E-03 -2.16584E+01
  1.12011E+01  1.88051E-28  1.30158E+06  2.00000E-03 -2.18852E+01
  1.12946E+01  1.88077E-28  1.30170E+06  2.00000E-03 -2.22239E+01
  1.13882E+01  1.87980E-28  1.30125E+06  2.00000E-03 -2.27339E+01
  1.14818E+01  1.88067E-28  1.30165E+06  2.00000E-03 -2.28960E+01
  1.15754E+01  1.87996E-28  1.30131E+06  2.00000E-03 -2.32868E+01
  1.16690E+01  1.87748E-28  1.30016E+06  2.00000E-03 -2.36783E+01
  1.17625E+01  1.87830E-28  1.30053E+06  2.00000E-03 -2.38330E+01
  1.18561E+01  1.87616E-28  1.29954E+06  2.00000E-03 -2.41040E+01
  1.19497E+01  1.87448E-28  1.29875E+06  2.00000E-03 -2.43805E+01
  1.20433E+01  1.87480E-28  1.29889E+06  2.00000E-03 -2.43473E+01
  1.21369E+01  1.87547E-28  1.29920E+06  2.00000E-03 -2.42768E+01
  1.22304E+01  1.87569E-28  1.29930E+06  2.00000E-03 -2.42274E+01
  1.23240E+01  1.87536E-28  1.29914E+06  2.00000E-03 -2.40939E+01
  1.24176E+01  1.86947E-28  1.29642E+06  2.00000E-03 -2.44757E+01
  1.25112E+01  1.87079E-28  1.29702E+06  2.00000E-03 -2.40608E+01
  1.26048E+01  1.87129E-28  1.29725E+06  2.00000E-03 -2.39194E+01
  1.26983E+01  1.87201E-28  1.29758E+06  2.00000E-03 -2.35046E+01
  1.27919E+01  1.86920E-28  1.29628E+06  2.00000E-03 -2.35866E+01
  1.28855E+01  1.86735E-28  1.29541E+06  2.00000E-03 -2.32230E+01
  1.29791E+01  1.86778E-28  1.29560E+06  2.00000E-03 -2.31152E+01
  1.30726E+01  1.86977E-28  1.29652E+06  2.00000E-03 -2.26089E+01
  1.31662E+01  1.87012E-28  1.29667E+06  2.00000E-03 -2.25408E+01
  1.32598E+01  1.87232E-28  1.29769E+06  2.00000E-03 -2.21006E+01
  1.33534E+01  1.86741E-28  1.29543E+06  2.00000E-03 -2.22208E+01
  1.34470E+01  1.86892E-28  1.29613E+06  2.00000E-03 -2.19021E+01
  1.35405E+01  1.86669E-28  1.29509E+06  2.00000E-03 -2.19399E+01
  1.36341E+01  1.86918E-28  1.29625E+06  2.00000E-03 -2.17242E+01
  1.37277E+01  1.87145E-28  1.29730E+06  2.00000E-03 -2.18027E+01
  1.38213E+01  1.87394E-28  1.29846E+06  2.00000E-03 -2.17314E+01
  1.39149E+01  1.86914E-28  1.29624E+06  2.00000E-03 -2.18653E+01
  1.40084E+01  1.87415E-28  1.29859E+06  2.00000E-03 -2.18555E+01
  1.41020E+01  1.87486E-28  1.29891E+06  2.00000E-03 -2.18638E+01
  1.41956E+01  1.87109E-28  1.29714E+06  2.00000E-03 -2.23838E+01
  1.42892E+01  1.87049E-28  1.29686E+06  2.00000E-03 -2.24499E+01
  1.43828E+01  1.87049E-28  1.29686E+06  2.00000E-03 -2.24498E+01
  1.44763E+01  1.87049E-28  1.29686E+06  2.00000E-03 -2.24498E+01
  1.45699E+01  1.87697E-28  1.29982E+06  2.00000E-03 -2.29580E+01
  1.46635E+01  1.87844E-28  1.30048E+06  2.00000E-03 -2.30722E+01
  1.47571E+01  1.87844E-28  1.30048E+06  2.00000E-03 -2.30722E+01
  1.48507E+01  1.87844E-28  1.30048E+06  2.00000E-03 -2.30722E+01
  1.49442E+01  1.88467E-28  1.30333E+06  2.00000E-03 -2.35104E+01
  1.50378E+01  1.88647E-28  1.30414E+06  2.00000E-03 -2.36362E+01
  1.51314E+01  1.88647E-28  1.30414E+06  2.00000E-03 -2.36362E+01
  1.52250E+01  1.88647E-28  1.30414E+06  2.00000E-03 -2.36362E+01
  1.53186E+01  1.88714E-28  1.30421E+06  2.00000E-03 -2.44590E+01
  1.54121E+01  1.88476E-28  1.30296E+06  2.00000E-03 -2.50043E+01
  1.55057E+01  1.88476E-28  1.30296E+06  2.00000E-03 -2.50043E+01
  1.55993E+01  1.88064E-28  1.30099E+06  2.00000E-03 -2.53148E+01
  1.56929E+01  1.88717E-28  1.30382E+06  2.00000E-03 -2.56445E+01
  1.57865E+01  1.88814E-28  1.30415E+06  2.00000E-03 -2.60909E+01
  1.58800E+01  1.87718E-28  1.29894E+06  2.00000E-03 -2.70504E+01
  1.59736E+01  1.87413E-28  1.29749E+06  2.00000E-03 -2.73186E+01
  1.60672E+01  1.88429E-28  1.30282E+06  2.00000E-03 -2.72716E+01
  1.61608E+01  1.89092E-28  1.30626E+06  2.00000E-03 -2.72412E+01
  1.62544E+01  1.89092E-28  1.30626E+06  2.00000E-03 -2.72412E+01
  1.63479E+01  1.89092E-28  1.30626E+06  2.00000E-03 -2.72412E+01
  1.64415E+01  1.90079E-28  1.31169E+06  2.00000E-03 -2.68489E+01
  1.65351E+01  1.91102E-28  1.31724E+06  2.00000E-03 -2.64469E+01
  1.66287E+01  1.91102E-28  1.31724E+06  2.00000E-03 -2.64469E+01
  1.67223E+01  1.91102E-28  1.31724E+06  2.00000E-03 -2.64469E+01
  1.68158E+01  1.91737E-28  1.32061E+06  2.00000E-03 -2.60138E+01
  1.69094E+01  1.93464E-28  1.32964E+06  2.00000E-03 -2.48514E+01
  1.70030E+01  1.93464E-28  1.32964E+06  2.00000E-03 -2.48514E+01
  1.70966E+01  1.93464E-28  1.32965E+06  2.00000E-03 -2.48514E+01
  1.71902E+01  1.94204E-28  1.33317E+06  2.00000E-03 -2.41665E+01
  1.72837E+01  1.96109E-28  1.34210E+06  2.00000E-03 -2.24290E+01
  1.73773E+01  1.95821E-28  1.34249E+06  1.99998E-03 -2.26376E+01
  1.74709E+01  1.94224E-28  1.34469E+06  1.99990E-03 -2.38080E+01
  1.75645E+01  1.94604E-28  1.34767E+06  1.99987E-03 -2.33129E+01
  1.76581E+01  1.96406E-28  1.35670E+06  1.99980E-03 -2.13496E+01
  1.77516E+01  1.96406E-28  1.35669E+06  1.99980E-03 -2.13496E+01
  1.78452E+01  1.96034E-28  1.35724E+06  1.99977E-03 -2.16490E+01
  1.79388E+01  1.95575E-28  1.35910E+06  1.99972E-03 -2.19000E+01
  1.80324E+01  1.99914E-28  1.36438E+06  1.99988E-03 -1.72796E+01
  1.81260E+01  1.99975E-28  1.36456E+06  1.99988E-03 -1.72337E+01
  1.82195E+01  2.01420E-28  1.36881E+06  1.99992E-03 -1.61483E+01
  1.83131E+01  2.01763E-28  1.36977E+06  1.99992E-03 -1.57433E+01
  1.84067E+01  2.04471E-28  1.37671E+06  1.99999E-03 -1.15422E+01
  1.85003E+01  2.04436E-28  1.37657E+06  1.99999E-03 -1.15693E+01
  1.85939E+01  2.04922E-28  1.37859E+06  1.99999E-03 -1.11920E+01
  1.86874E+01  2.05007E-28  1.37893E+06  1.99999E-03 -1.10331E+01
  1.87810E+01  2.06425E-28  1.38478E+06  2.00000E-03 -8.15431E+00
  1.88746E+01  2.06858E-28  1.38672E+06  2.00000E-03 -7.79827E+00
  1.89682E+01  2.06849E-28  1.38668E+06  2.00000E-03 -7.80425E+00
  1.90618E+01  2.06907E-28  1.38694E+06  2.00000E-03 -7.74031E+00
  1.91553E+01  2.08006E-28  1.39204E+06  2.00000E-03 -6.03107E+00
  1.92489E+01  2.08088E-28  1.39241E+06  2.00000E-03 -5.89349E+00
  1.93425E+01  2.08088E-28  1.39241E+06  2.00000E-03 -5.89349E+00
  1.94361E+01  2.08346E-28  1.39367E+06  2.00000E-03 -4.47356E+00
  1.95297E+01  2.08556E-28  1.39468E+06  1.99999E-03 -3.32384E+00
  1.96232E+01  2.08589E-28  1.39484E+06  1.99999E-03 -3.14513E+00
  1.97168E+01  2.08750E-28  1.39562E+06  1.99999E-03 -2.26286E+00
  1.98104E+01  2.08756E-28  1.39565E+06  1.99999E-03 -2.23191E+00
  1.99040E+01  2.10346E-28  1.40232E+06  2.00000E-03  1.01371E-01
  1.99976E+01  2.10597E-28  1.40333E+06  2.00000E-03  2.72986E-01
  2.00911E+01  2.10597E-28  1.40333E+06  2.00000E-03  2.72986E-01
  2.01847E+01  2.10597E-28  1.40333E+06  2.00000E-03  2.72987E-01
  2.02783E+01  2.10597E-28  1.40333E+06  2.00000E-03  2.72987E-01
  2.03719E+01  2.10597E-28  1.40333E+06  2.00000E-03  2.72986E-01
  2.04655E+01  2.10597E-28  1.40333E+06  2.00000E-03  2.72987E-01
  2.05590E+01  2.10597E-28  1.40333E+06  2.00000E-03  2.72986E-01
  2.06526E+01  2.11050E-28  1.40534E+06  2.00000E-03  1.48979E-02
  2.07462E+01  2.11309E-28  1.40649E+06  2.00000E-03 -1.32665E-01
  2.08398E+01  2.11309E-28  1.40649E+06  2.00000E-03 -1.32665E-01
  2.09334E+01  2.11309E-28  1.40649E+06  2.00000E-03 -1.32665E-01
  2.10269E+01  2.11309E-28  1.40648E+06  2.00000E-03 -1.32665E-01
  2.11205E+01  2.11309E-28  1.40648E+06  2.00000E-03 -1.32665E-01
  2.12141E+01  2.11309E-28  1.40648E+06  2.00000E-03 -1.32665E-01
  2.13077E+01  2.11309E-28  1.40649E+06  2.00000E-03 -1.32665E-01
  2.14013E+01  2.11627E-28  1.40788E+06  2.00000E-03 -5.75613E-01
  2.14948E+01  2.11865E-28  1.40893E+06  2.00000E-03 -9.08036E-01
  2.15884E+01  2.11865E-28  1.40893E+06  2.00000E-03 -9.08036E-01
  2.16820E+01  2.11865E-28  1.40893E+06  2.00000E-03 -9.08036E-01
  2.17756E+01  2.11865E-28  1.40893E+06  2.00000E-03 -9.08036E-01
  2.18692E+01  2.11865E-28  1.40893E+06  2.00000E-03 -9.08036E-01
  2.19627E+01  2.11865E-28  1.40893E+06  2.00000E-03 -9.08036E-01
  2.20563E+01  2.11865E-28  1.40893E+06  2.00000E-03 -9.08036E-01
  2.21499E+01  2.12109E-28  1.41000E+06  2.00000E-03 -1.24177E+00
  2.22435E+01  2.12418E-28  1.41135E+06  2.00000E-03 -1.66420E+00
  2.23371E+01  2.12418E-28  1.41135E+06  2.00000E-03 -1.66420E+00
  2.24306E+01  2.12418E-28  1.41135E+06  2.00000E-03 -1.66420E+00
  2.25242E+01  2.12418E-28  1.41135E+06  2.00000E-03 -1.66420E+00
  2.26178E+01  2.12418E-28  1.41135E+06  2.00000E-03 -1.66420E+00
  2.27114E+01  2.12418E-28  1.41135E+06  2.00000E-03 -1.66420E+00
  2.28050E+01  2.12418E-28  1.41135E+06  2.00000E-03 -1.66420E+00
  2.28985E+01  2.12544E-28  1.41191E+06  2.00000E-03 -1.79760E+00
  2.29921E+01  2.12987E-28  1.41385E+06  2.00000E-03 -2.26543E+00
  2.30857E+01  2.12987E-28  1.41385E+06  2.00000E-03 -2.26543E+00
  2.31793E+01  2.12987E-28  1.41385E+06  2.00000E-03 -2.26543E+00
  2.32729E+01  2.12987E-28  1.41385E+06  2.00000E-03 -2.26543E+00
  2.33664E+01  2.12987E-28  1.41385E+06  2.00000E-03 -2.26543E+00
  2.34600E+01  2.13049E-28  1.41413E+06  2.00000E-03 -1.71707E+00
  2.35536E+01  2.13052E-28  1.41414E+06  2.00000E-03 -1.69036E+00
  2.36472E+01  2.13102E-28  1.41436E+06  2.00000E-03 -1.72801E+00
  2.37408E+01  2.13578E-28  1.41645E+06  2.00000E-03 -2.27619E+00
  2.38343E+01  2.13592E-28  1.41651E+06  2.00000E-03 -2.14629E+00
  2.39279E+01  2.13601E-28  1.41655E+06  2.00000E-03 -1.91480E+00
  2.40215E+01  2.13601E-28  1.41655E+06  2.00000E-03 -1.91480E+00
  2.41151E+01  2.13601E-28  1.41655E+06  2.00000E-03 -1.91480E+00
  2.42087E+01  2.13601E-28  1.41655E+06  2.00000E-03 -1.91480E+00
  2.43022E+01  2.13601E-28  1.41655E+06  2.00000E-03 -1.91480E+00
  2.43958E+01  2.13601E-28  1.41655E+06  2.00000E-03 -1.91480E+00
