 -2.66868E+01  2.17243E-28  1.43248E+06  2.00000E-03  1.00598E+00
 -2.65933E+01  2.17243E-28  1.43248E+06  2.00000E-03  1.00598E+00
 -2.64997E+01  2.17278E-28  1.43264E+06  2.00000E-03  9.83214E-01
 -2.64061E+01  2.17324E-28  1.43284E+06  2.00000E-03  9.53151E-01
 -2.63125E+01  2.17372E-28  1.43305E+06  2.00000E-03  9.22007E-01
 -2.62189E+01  2.17372E-28  1.43305E+06  2.00000E-03  9.22007E-01
 -2.61254E+01  2.17372E-28  1.43305E+06  2.00000E-03  9.22007E-01
 -2.60318E+01  2.17372E-28  1.43305E+06  2.00000E-03  9.22007E-01
 -2.59382E+01  2.17239E-28  1.43247E+06  2.00000E-03  9.90625E-01
 -2.58446E+01  2.17103E-28  1.43187E+06  2.00000E-03  1.06103E+00
 -2.57510E+01  2.17103E-28  1.43187E+06  2.00000E-03  1.06103E+00
 -2.56575E+01  2.17103E-28  1.43187E+06  2.00000E-03  1.06103E+00
 -2.55639E+01  2.17103E-28  1.43187E+06  2.00000E-03  1.06103E+00
 -2.54703E+01  2.17103E-28  1.43187E+06  2.00000E-03  1.06103E+00
 -2.53767E+01  2.17103E-28  1.43187E+06  2.00000E-03  1.06103E+00
 -2.52831E+01  2.17103E-28  1.43187E+06  2.00000E-03  1.06103E+00
 -2.51896E+01  2.17103E-28  1.43187E+06  2.00000E-03  1.06103E+00
 -2.50960E+01  2.17073E-28  1.43174E+06  2.00000E-03  1.10773E+00
 -2.50024E+01  2.17053E-28  1.43165E+06  2.00000E-03  1.13881E+00
 -2.49088E+01  2.17053E-28  1.43165E+06  2.00000E-03  1.13881E+00
 -2.48152E+01  2.16991E-28  1.43138E+06  2.00000E-03  1.11784E+00
 -2.47217E+01  2.16961E-28  1.43125E+06  2.00000E-03  1.10756E+00
 -2.46281E+01  2.16921E-28  1.43107E+06  2.00000E-03  1.09398E+00
 -2.45345E+01  2.16921E-28  1.43107E+06  2.00000E-03  1.09398E+00
 -2.44409E+01  2.16921E-28  1.43107E+06  2.00000E-03  1.09398E+00
 -2.43473E+01  2.16921E-28  1.43107E+06  2.00000E-03  1.09398E+00
 -2.42538E+01  2.16855E-28  1.43078E+06  2.00000E-03  1.19060E+00
 -2.41602E+01  2.16823E-28  1.43064E+06  2.00000E-03  1.23694E+00
 -2.40666E+01  2.16823E-28  1.43064E+06  2.00000E-03  1.23694E+00
 -2.39730E+01  2.16823E-28  1.43064E+06  2.00000E-03  1.23694E+00
 -2.38794E+01  2.16823E-28  1.43064E+06  2.00000E-03  1.23694E+00
 -2.37859E+01  2.16823E-28  1.43064E+06  2.00000E-03  1.23694E+00
 -2.36923E+01  2.16823E-28  1.43064E+06  2.00000E-03  1.23694E+00
 -2.35987E+01  2.16823E-28  1.43064E+06  2.00000E-03  1.23694E+00
 -2.35051E+01  2.16823E-28  1.43064E+06  2.00000E-03  1.23694E+00
 -2.34115E+01  2.16936E-28  1.43114E+06  2.00000E-03  1.31370E+00
 -2.33180E+01  2.16978E-28  1.43133E+06  2.00000E-03  1.34219E+00
 -2.32244E+01  2.16956E-28  1.43123E+06  2.00000E-03  1.34583E+00
 -2.31308E+01  2.16662E-28  1.42994E+06  2.00000E-03  1.39550E+00
 -2.30372E+01  2.16513E-28  1.42929E+06  2.00000E-03  1.42068E+00
 -2.29436E+01  2.16346E-28  1.42855E+06  2.00000E-03  1.44897E+00
 -2.28501E+01  2.16346E-28  1.42855E+06  2.00000E-03  1.44897E+00
 -2.27565E+01  2.16346E-28  1.42855E+06  2.00000E-03  1.44897E+00
 -2.26629E+01  2.16346E-28  1.42855E+06  2.00000E-03  1.44897E+00
 -2.25693E+01  2.16479E-28  1.42914E+06  2.00000E-03  1.55559E+00
 -2.24757E+01  2.16517E-28  1.42931E+06  2.00000E-03  1.58594E+00
 -2.23822E+01  2.16517E-28  1.42931E+06  2.00000E-03  1.58594E+00
 -2.22886E+01  2.16517E-28  1.42931E+06  2.00000E-03  1.58594E+00
 -2.21950E+01  2.16517E-28  1.42931E+06  2.00000E-03  1.58594E+00
 -2.21014E+01  2.16517E-28  1.42931E+06  2.00000E-03  1.58594E+00
 -2.20078E+01  2.16517E-28  1.42931E+06  2.00000E-03  1.58594E+00
 -2.19143E+01  2.16517E-28  1.42931E+06  2.00000E-03  1.58594E+00
 -2.18207E+01  2.16517E-28  1.42931E+06  2.00000E-03  1.58594E+00
 -2.17271E+01  2.17013E-28  1.43151E+06  2.00000E-03  1.58240E+00
 -2.16335E+01  2.17120E-28  1.43198E+06  2.00000E-03  1.58165E+00
 -2.15399E+01  2.17015E-28  1.43152E+06  2.00000E-03  1.59185E+00
 -2.14464E+01  2.16682E-28  1.43005E+06  2.00000E-03  1.62451E+00
 -2.13528E+01  2.16423E-28  1.42891E+06  2.00000E-03  1.64983E+00
 -2.12592E+01  2.16243E-28  1.42812E+06  2.00000E-03  1.66753E+00
 -2.11656E+01  2.16243E-28  1.42812E+06  2.00000E-03  1.66753E+00
 -2.10720E+01  2.16243E-28  1.42812E+06  2.00000E-03  1.66753E+00
 -2.09785E+01  2.16243E-28  1.42812E+06  2.00000E-03  1.66753E+00
 -2.08849E+01  2.17069E-28  1.43174E+06  2.00000E-03  1.50357E+00
 -2.07913E+01  2.17195E-28  1.43229E+06  2.00000E-03  1.47886E+00
 -2.06977E+01  2.17090E-28  1.43183E+06  2.00000E-03  1.48438E+00
 -2.06041E+01  2.16868E-28  1.43085E+06  2.00000E-03  1.49652E+00
 -2.05106E+01  2.16914E-28  1.43105E+06  2.00000E-03  1.41443E+00
 -2.04170E+01  2.17359E-28  1.43300E+06  2.00000E-03  1.22044E+00
 -2.03234E+01  2.17358E-28  1.43300E+06  2.00000E-03  1.22071E+00
 -2.02298E+01  2.17359E-28  1.43300E+06  2.00000E-03  1.22049E+00
 -2.01362E+01  2.17358E-28  1.43300E+06  2.00000E-03  1.22062E+00
 -2.00427E+01  2.18024E-28  1.43593E+06  2.00000E-03  9.95205E-01
 -1.99491E+01  2.18090E-28  1.43622E+06  2.00000E-03  9.72817E-01
 -1.98555E+01  2.17941E-28  1.43557E+06  2.00000E-03  9.63548E-01
 -1.97619E+01  2.17706E-28  1.43453E+06  2.00000E-03  9.49273E-01
 -1.96683E+01  2.17653E-28  1.43430E+06  2.00000E-03  8.62816E-01
 -1.95748E+01  2.17909E-28  1.43542E+06  2.00000E-03  7.49024E-01
 -1.94812E+01  2.17908E-28  1.43542E+06  2.00000E-03  7.49034E-01
 -1.93876E+01  2.17909E-28  1.43542E+06  2.00000E-03  7.49016E-01
 -1.92940E+01  2.17911E-28  1.43543E+06  2.00000E-03  7.48658E-01
 -1.92004E+01  2.18267E-28  1.43700E+06  2.00000E-03  6.84032E-01
 -1.91069E+01  2.18288E-28  1.43709E+06  2.00000E-03  6.80213E-01
 -1.90133E+01  2.18107E-28  1.43629E+06  2.00000E-03  6.78110E-01
 -1.89197E+01  2.17888E-28  1.43533E+06  2.00000E-03  6.75494E-01
 -1.88261E+01  2.17656E-28  1.43431E+06  2.00000E-03  7.03900E-01
 -1.87325E+01  2.17690E-28  1.43446E+06  2.00000E-03  7.38319E-01
 -1.86390E+01  2.17690E-28  1.43446E+06  2.00000E-03  7.38253E-01
 -1.85454E+01  2.17683E-28  1.43443E+06  2.00000E-03  7.29962E-01
 -1.84518E+01  2.17676E-28  1.43440E+06  2.00000E-03  7.33331E-01
 -1.83582E+01  2.17641E-28  1.43425E+06  2.00000E-03  9.36751E-01
 -1.82646E+01  2.17648E-28  1.43428E+06  2.00000E-03  9.16546E-01
 -1.81711E+01  2.17450E-28  1.43341E+06  2.00000E-03  9.53084E-01
 -1.80775E+01  2.17181E-28  1.43223E+06  2.00000E-03  9.29733E-01
 -1.79839E+01  2.16817E-28  1.43063E+06  2.00000E-03  1.12902E+00
 -1.78903E+01  2.16719E-28  1.43020E+06  2.00000E-03  1.25369E+00
 -1.77967E+01  2.16719E-28  1.43020E+06  2.00000E-03  1.25379E+00
 -1.77032E+01  2.16719E-28  1.43020E+06  2.00000E-03  1.25390E+00
 -1.76096E+01  2.16701E-28  1.43012E+06  2.00000E-03  1.28254E+00
 -1.75160E+01  2.16536E-28  1.42940E+06  2.00000E-03  1.53872E+00
 -1.74224E+01  2.16458E-28  1.42905E+06  2.00000E-03  1.51741E+00
 -1.73288E+01  2.16289E-28  1.42831E+06  2.00000E-03  1.49110E+00
 -1.72353E+01  2.15996E-28  1.42702E+06  2.00000E-03  1.46457E+00
 -1.71417E+01  2.15940E-28  1.42678E+06  2.00000E-03  1.51249E+00
 -1.70481E+01  2.15947E-28  1.42681E+06  2.00000E-03  1.61500E+00
 -1.69545E+01  2.15924E-28  1.42671E+06  2.00000E-03  1.60296E+00
 -1.68609E+01  2.15944E-28  1.42680E+06  2.00000E-03  1.61322E+00
 -1.67674E+01  2.15961E-28  1.42687E+06  2.00000E-03  1.60559E+00
 -1.66738E+01  2.16165E-28  1.42777E+06  2.00000E-03  1.60934E+00
 -1.65802E+01  2.16097E-28  1.42748E+06  2.00000E-03  1.60213E+00
 -1.64866E+01  2.15943E-28  1.42680E+06  2.00000E-03  1.58235E+00
 -1.63930E+01  2.15661E-28  1.42556E+06  2.00000E-03  1.54450E+00
 -1.62995E+01  2.15840E-28  1.42635E+06  2.00000E-03  1.47657E+00
 -1.62059E+01  2.16075E-28  1.42739E+06  2.00000E-03  1.42435E+00
 -1.61123E+01  2.16022E-28  1.42715E+06  2.00000E-03  1.43130E+00
 -1.60187E+01  2.16070E-28  1.42737E+06  2.00000E-03  1.42499E+00
 -1.59252E+01  2.16120E-28  1.42759E+06  2.00000E-03  1.39728E+00
 -1.58316E+01  2.16552E-28  1.42953E+06  2.00000E-03  1.24367E+00
 -1.57380E+01  2.16484E-28  1.42923E+06  2.00000E-03  1.22835E+00
 -1.56444E+01  2.16322E-28  1.42852E+06  2.00000E-03  1.23375E+00
 -1.55508E+01  2.15972E-28  1.42698E+06  2.00000E-03  1.24532E+00
 -1.54573E+01  2.16309E-28  1.42843E+06  2.00000E-03  1.11603E+00
 -1.53637E+01  2.16607E-28  1.42971E+06  2.00000E-03  1.02175E+00
 -1.52701E+01  2.16541E-28  1.42942E+06  2.00000E-03  1.04174E+00
 -1.51765E+01  2.16570E-28  1.42953E+06  2.00000E-03  1.05757E+00
 -1.50829E+01  2.16526E-28  1.42934E+06  2.00000E-03  1.06663E+00
 -1.49894E+01  2.16601E-28  1.42967E+06  2.00000E-03  1.04946E+00
 -1.48958E+01  2.16572E-28  1.42954E+06  2.00000E-03  1.05991E+00
 -1.48022E+01  2.16571E-28  1.42954E+06  2.00000E-03  1.07323E+00
 -1.47086E+01  2.16530E-28  1.42936E+06  2.00000E-03  1.11650E+00
 -1.46150E+01  2.16573E-28  1.42955E+06  2.00000E-03  1.10954E+00
 -1.45215E+01  2.16602E-28  1.42968E+06  2.00000E-03  1.10843E+00
 -1.44279E+01  2.16579E-28  1.42958E+06  2.00000E-03  1.12919E+00
 -1.43343E+01  2.16630E-28  1.42980E+06  2.00000E-03  1.13871E+00
 -1.42407E+01  2.16628E-28  1.42979E+06  2.00000E-03  1.14776E+00
 -1.41471E+01  2.16700E-28  1.43011E+06  2.00000E-03  1.11182E+00
 -1.40536E+01  2.16692E-28  1.43008E+06  2.00000E-03  1.11510E+00
 -1.39600E+01  2.16766E-28  1.43040E+06  2.00000E-03  1.07181E+00
 -1.38664E+01  2.16810E-28  1.43059E+06  2.00000E-03  1.07881E+00
 -1.37728E+01  2.16871E-28  1.43086E+06  2.00000E-03  1.02099E+00
 -1.36792E+01  2.16914E-28  1.43105E+06  2.00000E-03  9.94093E-01
 -1.35857E+01  2.16939E-28  1.43116E+06  2.00000E-03  9.66800E-01
 -1.34921E+01  2.17056E-28  1.43167E+06  2.00000E-03  9.21270E-01
 -1.33985E+01  2.17098E-28  1.43186E+06  2.00000E-03  9.08991E-01
 -1.33049E+01  2.17127E-28  1.43199E+06  2.00000E-03  8.60106E-01
 -1.32113E+01  2.17168E-28  1.43217E+06  2.00000E-03  8.55456E-01
 -1.31178E+01  2.17196E-28  1.43229E+06  2.00000E-03  8.21475E-01
 -1.30242E+01  2.17292E-28  1.43271E+06  2.00000E-03  8.12432E-01
 -1.29306E+01  2.17252E-28  1.43254E+06  2.00000E-03  7.94061E-01
 -1.28370E+01  2.17249E-28  1.43252E+06  2.00000E-03  7.85196E-01
 -1.27434E+01  2.17264E-28  1.43259E+06  2.00000E-03  7.89564E-01
 -1.26499E+01  2.17273E-28  1.43263E+06  2.00000E-03  7.86748E-01
 -1.25563E+01  2.17290E-28  1.43271E+06  2.00000E-03  7.90990E-01
 -1.24627E+01  2.17175E-28  1.43220E+06  2.00000E-03  7.98519E-01
 -1.23691E+01  2.17228E-28  1.43244E+06  2.00000E-03  8.11404E-01
 -1.22755E+01  2.17162E-28  1.43215E+06  2.00000E-03  8.23980E-01
 -1.21820E+01  2.17259E-28  1.43258E+06  2.00000E-03  8.29649E-01
 -1.20884E+01  2.17148E-28  1.43209E+06  2.00000E-03  8.32632E-01
 -1.19948E+01  2.17144E-28  1.43208E+06  2.00000E-03  8.33876E-01
 -1.19012E+01  2.17181E-28  1.43224E+06  2.00000E-03  8.31756E-01
 -1.18076E+01  2.17222E-28  1.43243E+06  2.00000E-03  8.15709E-01
 -1.17141E+01  2.17248E-28  1.43254E+06  2.00000E-03  8.06328E-01
 -1.16205E+01  2.17135E-28  1.43204E+06  2.00000E-03  7.94813E-01
 -1.15269E+01  2.17244E-28  1.43253E+06  2.00000E-03  7.77794E-01
 -1.14333E+01  2.17180E-28  1.43225E+06  2.00000E-03  7.59517E-01
 -1.13397E+01  2.17295E-28  1.43275E+06  2.00000E-03  7.34597E-01
 -1.12462E+01  2.17106E-28  1.43192E+06  2.00000E-03  7.36963E-01
 -1.11526E+01  2.17103E-28  1.43191E+06  2.00000E-03  7.26908E-01
 -1.10590E+01  2.17045E-28  1.43166E+06  2.00000E-03  7.21621E-01
 -1.09654E+01  2.17017E-28  1.43154E+06  2.00000E-03  7.09377E-01
 -1.08718E+01  2.16946E-28  1.43123E+06  2.00000E-03  7.15883E-01
 -1.07783E+01  2.16659E-28  1.42997E+06  2.00000E-03  7.52552E-01
 -1.06847E+01  2.16809E-28  1.43062E+06  2.00000E-03  7.34444E-01
 -1.05911E+01  2.16594E-28  1.42968E+06  2.00000E-03  7.71074E-01
 -1.04975E+01  2.16594E-28  1.42968E+06  2.00000E-03  7.90788E-01
 -1.04039E+01  2.16285E-28  1.42832E+06  2.00000E-03  8.39628E-01
 -1.03104E+01  2.16218E-28  1.42802E+06  2.00000E-03  8.84809E-01
 -1.02168E+01  2.16220E-28  1.42803E+06  2.00000E-03  9.04714E-01
 -1.01232E+01  2.16108E-28  1.42753E+06  2.00000E-03  9.60249E-01
 -1.00296E+01  2.16031E-28  1.42719E+06  2.00000E-03  9.75929E-01
 -9.93604E+00  2.15661E-28  1.42556E+06  2.00000E-03  1.04528E+00
 -9.84246E+00  2.15902E-28  1.42662E+06  2.00000E-03  1.04936E+00
 -9.74888E+00  2.15737E-28  1.42589E+06  2.00000E-03  1.09612E+00
 -9.65530E+00  2.15772E-28  1.42604E+06  2.00000E-03  1.11297E+00
 -9.56172E+00  2.15484E-28  1.42477E+06  2.00000E-03  1.14257E+00
 -9.46814E+00  2.15486E-28  1.42478E+06  2.00000E-03  1.16753E+00
 -9.37456E+00  2.15553E-28  1.42508E+06  2.00000E-03  1.16929E+00
 -9.28098E+00  2.15538E-28  1.42501E+06  2.00000E-03  1.19112E+00
 -9.18740E+00  2.15455E-28  1.42465E+06  2.00000E-03  1.18902E+00
 -9.09382E+00  2.15160E-28  1.42335E+06  2.00000E-03  1.19678E+00
 -9.00024E+00  2.15464E-28  1.42469E+06  2.00000E-03  1.19484E+00
 -8.90666E+00  2.15404E-28  1.42442E+06  2.00000E-03  1.17081E+00
 -8.81308E+00  2.15478E-28  1.42474E+06  2.00000E-03  1.16767E+00
 -8.71950E+00  2.15291E-28  1.42392E+06  2.00000E-03  1.11945E+00
 -8.62592E+00  2.15415E-28  1.42447E+06  2.00000E-03  1.09809E+00
 -8.53234E+00  2.15572E-28  1.42516E+06  2.00000E-03  1.03805E+00
 -8.43876E+00  2.15750E-28  1.42595E+06  2.00000E-03  9.81318E-01
 -8.34518E+00  2.15701E-28  1.42573E+06  2.00000E-03  9.42605E-01
 -8.25160E+00  2.15620E-28  1.42538E+06  2.00000E-03  8.49243E-01
 -8.15802E+00  2.15988E-28  1.42700E+06  2.00000E-03  8.22120E-01
 -8.06444E+00  2.16100E-28  1.42749E+06  2.00000E-03  7.12771E-01
 -7.97086E+00  2.16220E-28  1.42802E+06  2.00000E-03  6.91249E-01
 -7.87728E+00  2.16117E-28  1.42757E+06  2.00000E-03  6.11526E-01
 -7.78370E+00  2.16308E-28  1.42841E+06  2.00000E-03  5.79105E-01
 -7.69012E+00  2.16427E-28  1.42893E+06  2.00000E-03  5.37523E-01
 -7.59654E+00  2.16599E-28  1.42969E+06  2.00000E-03  5.10645E-01
 -7.50296E+00  2.16503E-28  1.42926E+06  2.00000E-03  4.91993E-01
 -7.40938E+00  2.16371E-28  1.42868E+06  2.00000E-03  4.63693E-01
 -7.31580E+00  2.16654E-28  1.42993E+06  2.00000E-03  4.77118E-01
 -7.22222E+00  2.16597E-28  1.42968E+06  2.00000E-03  4.79142E-01
 -7.12864E+00  2.16645E-28  1.42989E+06  2.00000E-03  4.87990E-01
 -7.03506E+00  2.16469E-28  1.42912E+06  2.00000E-03  5.00520E-01
 -6.94148E+00  2.16568E-28  1.42956E+06  2.00000E-03  5.22571E-01
 -6.84790E+00  2.16476E-28  1.42916E+06  2.00000E-03  5.53618E-01
 -6.75432E+00  2.16529E-28  1.42939E+06  2.00000E-03  5.86119E-01
 -6.66075E+00  2.16357E-28  1.42864E+06  2.00000E-03  6.02907E-01
 -6.56716E+00  2.16350E-28  1.42861E+06  2.00000E-03  6.37399E-01
 -6.47359E+00  2.16382E-28  1.42875E+06  2.00000E-03  6.63615E-01
 -6.38001E+00  2.16290E-28  1.42835E+06  2.00000E-03  6.99086E-01
 -6.28643E+00  2.16329E-28  1.42852E+06  2.00000E-03  7.03951E-01
 -6.19285E+00  2.16126E-28  1.42764E+06  2.00000E-03  7.31798E-01
 -6.09927E+00  2.16200E-28  1.42796E+06  2.00000E-03  7.42941E-01
 -6.00569E+00  2.16136E-28  1.42768E+06  2.00000E-03  7.65597E-01
 -5.91211E+00  2.16259E-28  1.42822E+06  2.00000E-03  7.86545E-01
 -5.81853E+00  2.16087E-28  1.42746E+06  2.00000E-03  7.85543E-01
 -5.72495E+00  2.16165E-28  1.42781E+06  2.00000E-03  7.99271E-01
 -5.63137E+00  2.16143E-28  1.42772E+06  2.00000E-03  7.99254E-01
 -5.53779E+00  2.16239E-28  1.42814E+06  2.00000E-03  8.09451E-01
 -5.44421E+00  2.16270E-28  1.42827E+06  2.00000E-03  8.14435E-01
 -5.35063E+00  2.16201E-28  1.42797E+06  2.00000E-03  7.94275E-01
 -5.25705E+00  2.16284E-28  1.42833E+06  2.00000E-03  7.98029E-01
 -5.16347E+00  2.16362E-28  1.42868E+06  2.00000E-03  7.87521E-01
 -5.06989E+00  2.16507E-28  1.42931E+06  2.00000E-03  7.91222E-01
 -4.97631E+00  2.16434E-28  1.42899E+06  2.00000E-03  7.72787E-01
 -4.88273E+00  2.16568E-28  1.42958E+06  2.00000E-03  7.70411E-01
 -4.78915E+00  2.16595E-28  1.42970E+06  2.00000E-03  7.58446E-01
 -4.69557E+00  2.16774E-28  1.43049E+06  2.00000E-03  7.36026E-01
 -4.60199E+00  2.16739E-28  1.43033E+06  2.00000E-03  7.47186E-01
 -4.50841E+00  2.16879E-28  1.43095E+06  2.00000E-03  6.86117E-01
 -4.41483E+00  2.16867E-28  1.43090E+06  2.00000E-03  7.01532E-01
 -4.32125E+00  2.17064E-28  1.43176E+06  2.00000E-03  6.52719E-01
 -4.22767E+00  2.17063E-28  1.43176E+06  2.00000E-03  6.56715E-01
 -4.13409E+00  2.17119E-28  1.43200E+06  2.00000E-03  6.21906E-01
 -4.04051E+00  2.17153E-28  1.43215E+06  2.00000E-03  5.95444E-01
 -3.94693E+00  2.17148E-28  1.43213E+06  2.00000E-03  5.80201E-01
 -3.85335E+00  2.17241E-28  1.43253E+06  2.00000E-03  5.54804E-01
 -3.75977E+00  2.17141E-28  1.43209E+06  2.00000E-03  5.39659E-01
 -3.66619E+00  2.17230E-28  1.43249E+06  2.00000E-03  5.20482E-01
 -3.57261E+00  2.17051E-28  1.43170E+06  2.00000E-03  4.84209E-01
 -3.47903E+00  2.17119E-28  1.43200E+06  2.00000E-03  4.77174E-01
 -3.38545E+00  2.16989E-28  1.43143E+06  2.00000E-03  4.41612E-01
 -3.29187E+00  2.17001E-28  1.43148E+06  2.00000E-03  4.38978E-01
 -3.19829E+00  2.16892E-28  1.43100E+06  2.00000E-03  4.03392E-01
 -3.10471E+00  2.16802E-28  1.43061E+06  2.00000E-03  3.78661E-01
 -3.01113E+00  2.16738E-28  1.43033E+06  2.00000E-03  3.51279E-01
 -2.91755E+00  2.16645E-28  1.42992E+06  2.00000E-03  3.24236E-01
 -2.82397E+00  2.16658E-28  1.42998E+06  2.00000E-03  3.14803E-01
 -2.73039E+00  2.16503E-28  1.42930E+06  2.00000E-03  2.77359E-01
 -2.63681E+00  2.16492E-28  1.42926E+06  2.00000E-03  2.49291E-01
 -2.54323E+00  2.16407E-28  1.42888E+06  2.00000E-03  2.31796E-01
 -2.44965E+00  2.16430E-28  1.42899E+06  2.00000E-03  2.06207E-01
 -2.35607E+00  2.16407E-28  1.42889E+06  2.00000E-03  2.02471E-01
 -2.26249E+00  2.16382E-28  1.42878E+06  2.00000E-03  1.70661E-01
 -2.16891E+00  2.16394E-28  1.42883E+06  2.00000E-03  1.62694E-01
 -2.07533E+00  2.16388E-28  1.42880E+06  2.00000E-03  1.47321E-01
 -1.98175E+00  2.16454E-28  1.42910E+06  2.00000E-03  1.34252E-01
 -1.88817E+00  2.16473E-28  1.42918E+06  2.00000E-03  1.51272E-01
 -1.79459E+00  2.16534E-28  1.42945E+06  2.00000E-03  1.18723E-01
 -1.70101E+00  2.16579E-28  1.42965E+06  2.00000E-03  1.48902E-01
 -1.60743E+00  2.16638E-28  1.42991E+06  2.00000E-03  1.32432E-01
 -1.51385E+00  2.16774E-28  1.43050E+06  2.00000E-03  1.69992E-01
 -1.42027E+00  2.16913E-28  1.43111E+06  2.00000E-03  1.98392E-01
 -1.32669E+00  2.16964E-28  1.43134E+06  2.00000E-03  1.88851E-01
 -1.23311E+00  2.16966E-28  1.43135E+06  2.00000E-03  1.76507E-01
 -1.13953E+00  2.17114E-28  1.43200E+06  2.00000E-03  1.95707E-01
 -1.04595E+00  2.17271E-28  1.43269E+06  2.00000E-03  2.49665E-01
 -9.52374E-01  2.17432E-28  1.43339E+06  2.00000E-03  2.68646E-01
 -8.58794E-01  2.17431E-28  1.43339E+06  2.00000E-03  2.67397E-01
 -7.65214E-01  2.17504E-28  1.43371E+06  2.00000E-03  2.61427E-01
 -6.71634E-01  2.17657E-28  1.43438E+06  2.00000E-03  3.08756E-01
 -5.78054E-01  2.17889E-28  1.43540E+06  2.00000E-03  3.68947E-01
 -4.84475E-01  2.17910E-28  1.43549E+06  2.00000E-03  3.65525E-01
 -3.90895E-01  2.17903E-28  1.43546E+06  2.00000E-03  3.52950E-01
 -2.97315E-01  2.18052E-28  1.43611E+06  2.00000E-03  3.85737E-01
 -2.03735E-01  2.18228E-28  1.43689E+06  2.00000E-03  4.44525E-01
 -1.10155E-01  2.18354E-28  1.43744E+06  2.00000E-03  4.68072E-01
 -1.65752E-02  2.18354E-28  1.43744E+06  2.00000E-03  4.67717E-01
  7.70046E-02  2.18404E-28  1.43766E+06  2.00000E-03  4.71795E-01
  1.70584E-01  2.18569E-28  1.43838E+06  2.00000E-03  5.35242E-01
  2.64164E-01  2.18733E-28  1.43910E+06  2.00000E-03  5.95584E-01
  3.57744E-01  2.18729E-28  1.43908E+06  2.00000E-03  5.90517E-01
  4.51324E-01  2.18726E-28  1.43907E+06  2.00000E-03  5.86383E-01
  5.44904E-01  2.18841E-28  1.43957E+06  2.00000E-03  6.34225E-01
  6.38484E-01  2.18997E-28  1.44025E+06  2.00000E-03  7.07525E-01
  7.32064E-01  2.19045E-28  1.44046E+06  2.00000E-03  7.36784E-01
  8.25643E-01  2.19045E-28  1.44046E+06  2.00000E-03  7.36784E-01
  9.19223E-01  2.19079E-28  1.44061E+06  2.00000E-03  7.63608E-01
  1.01280E+00  2.19155E-28  1.44094E+06  2.00000E-03  8.22860E-01
  1.10638E+00  2.19227E-28  1.44126E+06  2.00000E-03  8.89713E-01
  1.19996E+00  2.19225E-28  1.44125E+06  2.00000E-03  8.93817E-01
  1.29354E+00  2.19229E-28  1.44126E+06  2.00000E-03  8.98441E-01
  1.38712E+00  2.19235E-28  1.44129E+06  2.00000E-03  9.42553E-01
  1.48070E+00  2.19231E-28  1.44127E+06  2.00000E-03  9.81028E-01
  1.57428E+00  2.19217E-28  1.44121E+06  2.00000E-03  1.00400E+00
  1.66786E+00  2.19217E-28  1.44121E+06  2.00000E-03  1.00400E+00
  1.76144E+00  2.19170E-28  1.44101E+06  2.00000E-03  1.01355E+00
  1.85502E+00  2.19037E-28  1.44042E+06  2.00000E-03  1.01161E+00
  1.94860E+00  2.18908E-28  1.43986E+06  2.00000E-03  1.00738E+00
  2.04218E+00  2.18901E-28  1.43983E+06  2.00000E-03  1.00673E+00
  2.13576E+00  2.18899E-28  1.43982E+06  2.00000E-03  1.00687E+00
  2.22934E+00  2.18652E-28  1.43874E+06  2.00000E-03  9.47515E-01
  2.32292E+00  2.18398E-28  1.43762E+06  2.00000E-03  8.84165E-01
  2.41650E+00  2.18286E-28  1.43713E+06  2.00000E-03  8.50842E-01
  2.51008E+00  2.18286E-28  1.43713E+06  2.00000E-03  8.50790E-01
  2.60366E+00  2.18126E-28  1.43643E+06  2.00000E-03  7.83402E-01
  2.69724E+00  2.17713E-28  1.43461E+06  2.00000E-03  6.38629E-01
  2.79082E+00  2.17387E-28  1.43318E+06  2.00000E-03  5.02003E-01
  2.88440E+00  2.17375E-28  1.43312E+06  2.00000E-03  4.89643E-01
  2.97798E+00  2.17315E-28  1.43286E+06  2.00000E-03  4.45016E-01
  3.07156E+00  2.16864E-28  1.43088E+06  2.00000E-03  2.32158E-01
  3.16514E+00  2.16412E-28  1.42888E+06  2.00000E-03  2.61231E-02
  3.25872E+00  2.16157E-28  1.42775E+06  2.00000E-03 -1.23218E-01
  3.35230E+00  2.16148E-28  1.42771E+06  2.00000E-03 -1.29797E-01
  3.44588E+00  2.15776E-28  1.42607E+06  2.00000E-03 -3.58219E-01
  3.53946E+00  2.15363E-28  1.42425E+06  2.00000E-03 -5.63375E-01
  3.63304E+00  2.14906E-28  1.42223E+06  2.00000E-03 -8.28461E-01
  3.72662E+00  2.14856E-28  1.42201E+06  2.00000E-03 -8.64081E-01
  3.82020E+00  2.14692E-28  1.42128E+06  2.00000E-03 -9.81851E-01
  3.91378E+00  2.14419E-28  1.42007E+06  2.00000E-03 -1.16461E+00
  4.00736E+00  2.14224E-28  1.41922E+06  2.00000E-03 -1.29454E+00
  4.10094E+00  2.14081E-28  1.41858E+06  2.00000E-03 -1.40774E+00
  4.19452E+00  2.14070E-28  1.41853E+06  2.00000E-03 -1.41786E+00
  4.28810E+00  2.13969E-28  1.41809E+06  2.00000E-03 -1.53154E+00
  4.38168E+00  2.14002E-28  1.41823E+06  2.00000E-03 -1.53829E+00
  4.47526E+00  2.14001E-28  1.41823E+06  2.00000E-03 -1.59694E+00
  4.56884E+00  2.13997E-28  1.41821E+06  2.00000E-03 -1.60795E+00
  4.66242E+00  2.14047E-28  1.41843E+06  2.00000E-03 -1.61772E+00
  4.75600E+00  2.14217E-28  1.41918E+06  2.00000E-03 -1.56957E+00
  4.84958E+00  2.14431E-28  1.42013E+06  2.00000E-03 -1.49297E+00
  4.94316E+00  2.14577E-28  1.42077E+06  2.00000E-03 -1.44885E+00
  5.03674E+00  2.14606E-28  1.42090E+06  2.00000E-03 -1.43781E+00
  5.13032E+00  2.15023E-28  1.42274E+06  2.00000E-03 -1.26752E+00
  5.22390E+00  2.15189E-28  1.42347E+06  2.00000E-03 -1.19569E+00
  5.31748E+00  2.15566E-28  1.42513E+06  2.00000E-03 -1.02367E+00
  5.41106E+00  2.15595E-28  1.42526E+06  2.00000E-03 -1.01007E+00
  5.50464E+00  2.15848E-28  1.42638E+06  2.00000E-03 -8.87998E-01
  5.59822E+00  2.16052E-28  1.42727E+06  2.00000E-03 -7.92547E-01
  5.69180E+00  2.16196E-28  1.42791E+06  2.00000E-03 -7.26011E-01
  5.78538E+00  2.16303E-28  1.42838E+06  2.00000E-03 -6.75390E-01
  5.87896E+00  2.16316E-28  1.42844E+06  2.00000E-03 -6.70915E-01
  5.97254E+00  2.16376E-28  1.42870E+06  2.00000E-03 -6.70052E-01
  6.06612E+00  2.16378E-28  1.42871E+06  2.00000E-03 -6.84063E-01
  6.15970E+00  2.16312E-28  1.42842E+06  2.00000E-03 -7.49712E-01
  6.25327E+00  2.16301E-28  1.42837E+06  2.00000E-03 -7.59978E-01
  6.34685E+00  2.16203E-28  1.42794E+06  2.00000E-03 -8.45592E-01
  6.44043E+00  2.16140E-28  1.42766E+06  2.00000E-03 -8.98994E-01
  6.53401E+00  2.16095E-28  1.42746E+06  2.00000E-03 -9.43403E-01
  6.62759E+00  2.16064E-28  1.42733E+06  2.00000E-03 -9.76067E-01
  6.72117E+00  2.16072E-28  1.42736E+06  2.00000E-03 -9.80378E-01
  6.81475E+00  2.16100E-28  1.42749E+06  2.00000E-03 -9.85695E-01
  6.90833E+00  2.16127E-28  1.42760E+06  2.00000E-03 -9.78688E-01
  7.00191E+00  2.16227E-28  1.42805E+06  2.00000E-03 -9.49300E-01
  7.09549E+00  2.16262E-28  1.42820E+06  2.00000E-03 -9.36935E-01
  7.18907E+00  2.16482E-28  1.42917E+06  2.00000E-03 -8.51209E-01
  7.28265E+00  2.16633E-28  1.42984E+06  2.00000E-03 -7.83019E-01
  7.37623E+00  2.16862E-28  1.43084E+06  2.00000E-03 -6.76499E-01
  7.46981E+00  2.17071E-28  1.43176E+06  2.00000E-03 -5.86405E-01
  7.56339E+00  2.17214E-28  1.43239E+06  2.00000E-03 -5.22078E-01
  7.65697E+00  2.17536E-28  1.43381E+06  2.00000E-03 -3.83974E-01
  7.75055E+00  2.17650E-28  1.43431E+06  2.00000E-03 -3.30597E-01
  7.84413E+00  2.17903E-28  1.43543E+06  2.00000E-03 -2.36773E-01
  7.93771E+00  2.17952E-28  1.43564E+06  2.00000E-03 -2.19647E-01
  8.03129E+00  2.18140E-28  1.43647E+06  2.00000E-03 -1.63856E-01
  8.12487E+00  2.18232E-28  1.43687E+06  2.00000E-03 -1.36020E-01
  8.21845E+00  2.18334E-28  1.43732E+06  2.00000E-03 -1.12651E-01
  8.31203E+00  2.18390E-28  1.43757E+06  2.00000E-03 -1.07354E-01
  8.40561E+00  2.18416E-28  1.43768E+06  2.00000E-03 -1.10040E-01
  8.49919E+00  2.18447E-28  1.43781E+06  2.00000E-03 -1.30365E-01
  8.59277E+00  2.18452E-28  1.43783E+06  2.00000E-03 -1.39239E-01
  8.68635E+00  2.18405E-28  1.43763E+06  2.00000E-03 -1.99439E-01
  8.77993E+00  2.18392E-28  1.43757E+06  2.00000E-03 -2.13282E-01
  8.87351E+00  2.18269E-28  1.43703E+06  2.00000E-03 -3.16206E-01
  8.96709E+00  2.18195E-28  1.43670E+06  2.00000E-03 -3.73583E-01
  9.06067E+00  2.18032E-28  1.43599E+06  2.00000E-03 -4.92844E-01
  9.15425E+00  2.17919E-28  1.43549E+06  2.00000E-03 -5.74891E-01
  9.24783E+00  2.17766E-28  1.43482E+06  2.00000E-03 -6.75799E-01
  9.34141E+00  2.17473E-28  1.43353E+06  2.00000E-03 -8.69513E-01
  9.43499E+00  2.17334E-28  1.43292E+06  2.00000E-03 -9.56952E-01
  9.52857E+00  2.17081E-28  1.43180E+06  2.00000E-03 -1.12465E+00
  9.62215E+00  2.17015E-28  1.43151E+06  2.00000E-03 -1.16499E+00
  9.71573E+00  2.16752E-28  1.43036E+06  2.00000E-03 -1.33030E+00
  9.80931E+00  2.16627E-28  1.42981E+06  2.00000E-03 -1.40262E+00
  9.90289E+00  2.16482E-28  1.42917E+06  2.00000E-03 -1.48628E+00
  9.99647E+00  2.16433E-28  1.42895E+06  2.00000E-03 -1.51642E+00
  1.00900E+01  2.16367E-28  1.42866E+06  2.00000E-03 -1.54302E+00
  1.01836E+01  2.16301E-28  1.42837E+06  2.00000E-03 -1.56293E+00
  1.02772E+01  2.16272E-28  1.42824E+06  2.00000E-03 -1.56534E+00
  1.03708E+01  2.16269E-28  1.42823E+06  2.00000E-03 -1.55338E+00
  1.04644E+01  2.16263E-28  1.42820E+06  2.00000E-03 -1.54615E+00
  1.05579E+01  2.16257E-28  1.42817E+06  2.00000E-03 -1.51830E+00
  1.06515E+01  2.16255E-28  1.42816E+06  2.00000E-03 -1.49143E+00
  1.07451E+01  2.16249E-28  1.42814E+06  2.00000E-03 -1.48294E+00
  1.08387E+01  2.16246E-28  1.42812E+06  2.00000E-03 -1.47771E+00
  1.09323E+01  2.16245E-28  1.42812E+06  2.00000E-03 -1.45923E+00
  1.10258E+01  2.16239E-28  1.42809E+06  2.00000E-03 -1.44656E+00
  1.11194E+01  2.16244E-28  1.42811E+06  2.00000E-03 -1.43631E+00
  1.12130E+01  2.16236E-28  1.42808E+06  2.00000E-03 -1.44112E+00
  1.13066E+01  2.16246E-28  1.42812E+06  2.00000E-03 -1.43296E+00
  1.14002E+01  2.16271E-28  1.42823E+06  2.00000E-03 -1.41726E+00
  1.14937E+01  2.16297E-28  1.42834E+06  2.00000E-03 -1.40312E+00
  1.15873E+01  2.16326E-28  1.42847E+06  2.00000E-03 -1.39730E+00
  1.16809E+01  2.16341E-28  1.42854E+06  2.00000E-03 -1.39417E+00
  1.17745E+01  2.16380E-28  1.42871E+06  2.00000E-03 -1.38464E+00
  1.18681E+01  2.16400E-28  1.42880E+06  2.00000E-03 -1.39262E+00
  1.19616E+01  2.16395E-28  1.42878E+06  2.00000E-03 -1.40703E+00
  1.20552E+01  2.16391E-28  1.42876E+06  2.00000E-03 -1.43896E+00
  1.21488E+01  2.16339E-28  1.42854E+06  2.00000E-03 -1.48469E+00
  1.22424E+01  2.16250E-28  1.42814E+06  2.00000E-03 -1.58119E+00
  1.23360E+01  2.16146E-28  1.42768E+06  2.00000E-03 -1.66690E+00
  1.24295E+01  2.16070E-28  1.42735E+06  2.00000E-03 -1.74919E+00
  1.25231E+01  2.16011E-28  1.42709E+06  2.00000E-03 -1.80926E+00
  1.26167E+01  2.15922E-28  1.42670E+06  2.00000E-03 -1.89239E+00
  1.27103E+01  2.15894E-28  1.42658E+06  2.00000E-03 -1.94305E+00
  1.28039E+01  2.15907E-28  1.42663E+06  2.00000E-03 -1.94573E+00
  1.28974E+01  2.15980E-28  1.42695E+06  2.00000E-03 -1.92292E+00
  1.29910E+01  2.16084E-28  1.42741E+06  2.00000E-03 -1.86334E+00
  1.30846E+01  2.16324E-28  1.42847E+06  2.00000E-03 -1.72351E+00
  1.31782E+01  2.16543E-28  1.42943E+06  2.00000E-03 -1.58811E+00
  1.32718E+01  2.16823E-28  1.43066E+06  2.00000E-03 -1.40915E+00
  1.33653E+01  2.17041E-28  1.43162E+06  2.00000E-03 -1.26888E+00
  1.34589E+01  2.17470E-28  1.43351E+06  2.00000E-03 -9.85745E-01
  1.35525E+01  2.17921E-28  1.43549E+06  2.00000E-03 -6.87765E-01
  1.36461E+01  2.18146E-28  1.43648E+06  2.00000E-03 -5.36523E-01
  1.37397E+01  2.18418E-28  1.43767E+06  2.00000E-03 -3.49146E-01
  1.38332E+01  2.18666E-28  1.43876E+06  2.00000E-03 -1.84887E-01
  1.39268E+01  2.18891E-28  1.43974E+06  2.00000E-03 -2.18701E-02
  1.40204E+01  2.19067E-28  1.44051E+06  2.00000E-03  9.77418E-02
  1.41140E+01  2.19041E-28  1.44040E+06  2.00000E-03  1.03203E-01
  1.42076E+01  2.19053E-28  1.44045E+06  2.00000E-03  1.22755E-01
  1.43011E+01  2.18988E-28  1.44017E+06  2.00000E-03  1.01980E-01
  1.43947E+01  2.18857E-28  1.43959E+06  2.00000E-03  4.39786E-02
  1.44883E+01  2.18742E-28  1.43909E+06  2.00000E-03 -1.64908E-02
  1.45819E+01  2.18471E-28  1.43790E+06  2.00000E-03 -1.68171E-01
  1.46755E+01  2.18289E-28  1.43710E+06  2.00000E-03 -2.67749E-01
  1.47690E+01  2.17914E-28  1.43545E+06  2.00000E-03 -4.88021E-01
  1.48626E+01  2.17686E-28  1.43445E+06  2.00000E-03 -6.14424E-01
  1.49562E+01  2.17409E-28  1.43323E+06  2.00000E-03 -7.91673E-01
  1.50498E+01  2.17216E-28  1.43238E+06  2.00000E-03 -9.04290E-01
  1.51434E+01  2.16945E-28  1.43119E+06  2.00000E-03 -1.07208E+00
  1.52369E+01  2.16697E-28  1.43010E+06  2.00000E-03 -1.20907E+00
  1.53305E+01  2.16624E-28  1.42979E+06  2.00000E-03 -1.25357E+00
  1.54241E+01  2.16577E-28  1.42959E+06  2.00000E-03 -1.29489E+00
  1.55177E+01  2.16524E-28  1.42937E+06  2.00000E-03 -1.31636E+00
  1.56113E+01  2.16747E-28  1.43040E+06  2.00000E-03 -1.16372E+00
  1.57048E+01  2.16793E-28  1.43061E+06  2.00000E-03 -1.13407E+00
  1.57984E+01  2.16793E-28  1.43061E+06  2.00000E-03 -1.13407E+00
  1.58920E+01  2.16732E-28  1.43035E+06  2.00000E-03 -1.15756E+00
  1.59856E+01  2.16956E-28  1.43131E+06  2.00000E-03 -1.03825E+00
  1.60792E+01  2.17022E-28  1.43158E+06  2.00000E-03 -9.90324E-01
  1.61727E+01  2.17002E-28  1.43149E+06  2.00000E-03 -9.98077E-01
  1.62663E+01  2.17002E-28  1.43149E+06  2.00000E-03 -9.98077E-01
  1.63599E+01  2.17069E-28  1.43178E+06  2.00000E-03 -9.73511E-01
  1.64535E+01  2.17290E-28  1.43274E+06  2.00000E-03 -8.93102E-01
  1.65471E+01  2.17312E-28  1.43283E+06  2.00000E-03 -8.84903E-01
  1.66406E+01  2.17312E-28  1.43283E+06  2.00000E-03 -8.84903E-01
  1.67342E+01  2.17254E-28  1.43258E+06  2.00000E-03 -9.08260E-01
  1.68278E+01  2.17264E-28  1.43262E+06  2.00000E-03 -9.43651E-01
  1.69214E+01  2.17201E-28  1.43234E+06  2.00000E-03 -9.91604E-01
  1.70150E+01  2.17194E-28  1.43231E+06  2.00000E-03 -9.94448E-01
  1.71085E+01  2.17194E-28  1.43231E+06  2.00000E-03 -9.94448E-01
  1.72021E+01  2.17211E-28  1.43238E+06  2.00000E-03 -1.00169E+00
  1.72957E+01  2.17259E-28  1.43258E+06  2.00000E-03 -1.02207E+00
  1.73893E+01  2.17262E-28  1.43259E+06  2.00000E-03 -1.02329E+00
  1.74829E+01  2.17262E-28  1.43259E+06  2.00000E-03 -1.02329E+00
  1.75764E+01  2.17264E-28  1.43260E+06  2.00000E-03 -1.00845E+00
  1.76700E+01  2.17398E-28  1.43319E+06  2.00000E-03 -9.42641E-01
  1.77636E+01  2.17566E-28  1.43393E+06  2.00000E-03 -8.27550E-01
  1.78572E+01  2.17566E-28  1.43393E+06  2.00000E-03 -8.27550E-01
  1.79508E+01  2.17566E-28  1.43393E+06  2.00000E-03 -8.27550E-01
  1.80443E+01  2.17678E-28  1.43441E+06  2.00000E-03 -7.59312E-01
  1.81379E+01  2.17948E-28  1.43560E+06  2.00000E-03 -5.94527E-01
  1.82315E+01  2.17952E-28  1.43561E+06  2.00000E-03 -5.92098E-01
  1.83251E+01  2.17952E-28  1.43561E+06  2.00000E-03 -5.92098E-01
  1.84187E+01  2.18099E-28  1.43626E+06  2.00000E-03 -4.84249E-01
  1.85122E+01  2.18393E-28  1.43755E+06  2.00000E-03 -2.96887E-01
  1.86058E+01  2.18576E-28  1.43835E+06  2.00000E-03 -1.81078E-01
  1.86994E+01  2.18576E-28  1.43835E+06  2.00000E-03 -1.81078E-01
  1.87930E+01  2.18576E-28  1.43835E+06  2.00000E-03 -1.81078E-01
  1.88866E+01  2.18590E-28  1.43841E+06  2.00000E-03 -1.89346E-01
  1.89801E+01  2.18618E-28  1.43853E+06  2.00000E-03 -2.05712E-01
  1.90737E+01  2.18618E-28  1.43853E+06  2.00000E-03 -2.05712E-01
  1.91673E+01  2.18618E-28  1.43853E+06  2.00000E-03 -2.05712E-01
  1.92609E+01  2.18579E-28  1.43836E+06  2.00000E-03 -2.33389E-01
  1.93545E+01  2.18376E-28  1.43747E+06  2.00000E-03 -3.86216E-01
  1.94480E+01  2.18204E-28  1.43672E+06  2.00000E-03 -5.00051E-01
  1.95416E+01  2.18204E-28  1.43672E+06  2.00000E-03 -5.00051E-01
  1.96352E+01  2.18204E-28  1.43672E+06  2.00000E-03 -5.00051E-01
  1.97288E+01  2.18057E-28  1.43607E+06  2.00000E-03 -6.11459E-01
  1.98224E+01  2.17680E-28  1.43441E+06  2.00000E-03 -8.99109E-01
  1.99159E+01  2.17680E-28  1.43441E+06  2.00000E-03 -8.99109E-01
  2.00095E+01  2.17680E-28  1.43441E+06  2.00000E-03 -8.99109E-01
  2.01031E+01  2.17321E-28  1.43284E+06  2.00000E-03 -1.14000E+00
  2.01967E+01  2.16617E-28  1.42974E+06  2.00000E-03 -1.64664E+00
  2.02903E+01  2.16259E-28  1.42816E+06  2.00000E-03 -1.89229E+00
  2.03838E+01  2.16258E-28  1.42816E+06  2.00000E-03 -1.89228E+00
  2.04774E+01  2.16259E-28  1.42816E+06  2.00000E-03 -1.89228E+00
  2.05710E+01  2.16175E-28  1.42779E+06  2.00000E-03 -1.95976E+00
  2.06646E+01  2.16005E-28  1.42705E+06  2.00000E-03 -2.09761E+00
  2.07582E+01  2.16005E-28  1.42705E+06  2.00000E-03 -2.09761E+00
  2.08517E+01  2.15960E-28  1.42685E+06  2.00000E-03 -2.12330E+00
  2.09453E+01  2.15883E-28  1.42651E+06  2.00000E-03 -2.16747E+00
  2.10389E+01  2.16068E-28  1.42735E+06  2.00000E-03 -2.06777E+00
  2.11325E+01  2.16150E-28  1.42771E+06  2.00000E-03 -2.02295E+00
  2.12261E+01  2.16150E-28  1.42771E+06  2.00000E-03 -2.02295E+00
  2.13196E+01  2.16150E-28  1.42771E+06  2.00000E-03 -2.02295E+00
  2.14132E+01  2.16150E-28  1.42771E+06  2.00000E-03 -2.02295E+00
  2.15068E+01  2.16150E-28  1.42771E+06  2.00000E-03 -2.02295E+00
  2.16004E+01  2.16150E-28  1.42771E+06  2.00000E-03 -2.02295E+00
  2.16940E+01  2.16153E-28  1.42773E+06  2.00000E-03 -2.00694E+00
  2.17875E+01  2.16197E-28  1.42793E+06  2.00000E-03 -1.95248E+00
  2.18811E+01  2.16807E-28  1.43060E+06  2.00000E-03 -1.49272E+00
  2.19747E+01  2.17028E-28  1.43157E+06  2.00000E-03 -1.32335E+00
  2.20683E+01  2.17028E-28  1.43157E+06  2.00000E-03 -1.32335E+00
  2.21618E+01  2.17028E-28  1.43157E+06  2.00000E-03 -1.32335E+00
  2.22554E+01  2.17028E-28  1.43157E+06  2.00000E-03 -1.32335E+00
  2.23490E+01  2.17028E-28  1.43157E+06  2.00000E-03 -1.32335E+00
  2.24426E+01  2.17028E-28  1.43157E+06  2.00000E-03 -1.32335E+00
  2.25362E+01  2.17028E-28  1.43157E+06  2.00000E-03 -1.32335E+00
  2.26297E+01  2.17072E-28  1.43176E+06  2.00000E-03 -1.28964E+00
  2.27233E+01  2.17445E-28  1.43339E+06  2.00000E-03 -1.00368E+00
  2.28169E+01  2.17505E-28  1.43366E+06  2.00000E-03 -9.57681E-01
  2.29105E+01  2.17505E-28  1.43366E+06  2.00000E-03 -9.57681E-01
  2.30041E+01  2.17505E-28  1.43366E+06  2.00000E-03 -9.57681E-01
  2.30976E+01  2.17505E-28  1.43366E+06  2.00000E-03 -9.57682E-01
  2.31912E+01  2.17505E-28  1.43366E+06  2.00000E-03 -9.57681E-01
  2.32848E+01  2.17505E-28  1.43366E+06  2.00000E-03 -9.57681E-01
  2.33784E+01  2.17544E-28  1.43383E+06  2.00000E-03 -9.31205E-01
  2.34720E+01  2.17606E-28  1.43410E+06  2.00000E-03 -8.85319E-01
  2.35655E+01  2.17623E-28  1.43417E+06  2.00000E-03 -8.63678E-01
  2.36591E+01  2.17620E-28  1.43416E+06  2.00000E-03 -8.68019E-01
  2.37527E+01  2.17620E-28  1.43416E+06  2.00000E-03 -8.68019E-01
  2.38463E+01  2.17620E-28  1.43416E+06  2.00000E-03 -8.68019E-01
  2.39399E+01  2.17620E-28  1.43416E+06  2.00000E-03 -8.68019E-01
  2.40334E+01  2.17620E-28  1.43416E+06  2.00000E-03 -8.68019E-01
  2.41270E+01  2.17620E-28  1.43416E+06  2.00000E-03 -8.68019E-01
  2.42206E+01  2.17620E-28  1.43416E+06  2.00000E-03 -8.68019E-01
  2.43142E+01  2.17618E-28  1.43415E+06  2.00000E-03 -8.69203E-01
  2.44078E+01  2.17252E-28  1.43254E+06  2.00000E-03 -1.06782E+00
  2.45013E+01  2.17226E-28  1.43242E+06  2.00000E-03 -1.08195E+00
  2.45949E+01  2.17226E-28  1.43242E+06  2.00000E-03 -1.08195E+00
  2.46885E+01  2.17226E-28  1.43242E+06  2.00000E-03 -1.08195E+00
  2.47821E+01  2.17226E-28  1.43242E+06  2.00000E-03 -1.08195E+00
  2.48757E+01  2.17226E-28  1.43242E+06  2.00000E-03 -1.08195E+00
  2.49692E+01  2.17226E-28  1.43242E+06  2.00000E-03 -1.08195E+00
  2.50628E+01  2.17165E-28  1.43215E+06  2.00000E-03 -1.12500E+00
  2.51564E+01  2.17064E-28  1.43171E+06  2.00000E-03 -1.19524E+00
  2.52500E+01  2.16491E-28  1.42918E+06  2.00000E-03 -1.55103E+00
  2.53436E+01  2.16476E-28  1.42912E+06  2.00000E-03 -1.56037E+00
  2.54371E+01  2.16476E-28  1.42912E+06  2.00000E-03 -1.56038E+00
  2.55307E+01  2.16476E-28  1.42912E+06  2.00000E-03 -1.56038E+00
  2.56243E+01  2.16476E-28  1.42912E+06  2.00000E-03 -1.56038E+00
  2.57179E+01  2.16476E-28  1.42912E+06  2.00000E-03 -1.56038E+00
  2.58115E+01  2.16476E-28  1.42912E+06  2.00000E-03 -1.56038E+00
  2.59050E+01  2.16476E-28  1.42912E+06  2.00000E-03 -1.56038E+00
  2.59986E+01  2.16464E-28  1.42907E+06  2.00000E-03 -1.56669E+00
  2.60922E+01  2.16316E-28  1.42841E+06  2.00000E-03 -1.64877E+00
  2.61858E+01  2.16316E-28  1.42841E+06  2.00000E-03 -1.64877E+00
  2.62794E+01  2.16316E-28  1.42841E+06  2.00000E-03 -1.64877E+00
  2.63729E+01  2.16316E-28  1.42841E+06  2.00000E-03 -1.64877E+00
  2.64665E+01  2.16316E-28  1.42841E+06  2.00000E-03 -1.64877E+00
  2.65601E+01  2.16316E-28  1.42841E+06  2.00000E-03 -1.64877E+00
  2.66537E+01  2.16316E-28  1.42841E+06  2.00000E-03 -1.64877E+00
  2.67473E+01  2.16335E-28  1.42849E+06  2.00000E-03 -1.63644E+00
  2.68408E+01  2.16368E-28  1.42864E+06  2.00000E-03 -1.61193E+00
