 -2.66868E+01  2.18143E-28  1.43658E+06  2.00000E-03  7.60159E+00
 -2.65933E+01  2.18143E-28  1.43658E+06  2.00000E-03  7.60159E+00
 -2.64997E+01  2.18151E-28  1.43661E+06  2.00000E-03  7.58984E+00
 -2.64061E+01  2.18160E-28  1.43665E+06  2.00000E-03  7.57432E+00
 -2.63125E+01  2.18171E-28  1.43669E+06  2.00000E-03  7.55824E+00
 -2.62189E+01  2.18170E-28  1.43669E+06  2.00000E-03  7.55824E+00
 -2.61254E+01  2.18170E-28  1.43669E+06  2.00000E-03  7.55824E+00
 -2.60318E+01  2.18170E-28  1.43669E+06  2.00000E-03  7.55824E+00
 -2.59382E+01  2.18112E-28  1.43644E+06  2.00000E-03  7.60343E+00
 -2.58446E+01  2.18052E-28  1.43618E+06  2.00000E-03  7.64977E+00
 -2.57510E+01  2.18052E-28  1.43618E+06  2.00000E-03  7.64977E+00
 -2.56575E+01  2.18052E-28  1.43618E+06  2.00000E-03  7.64978E+00
 -2.55639E+01  2.18052E-28  1.43618E+06  2.00000E-03  7.64977E+00
 -2.54703E+01  2.18052E-28  1.43618E+06  2.00000E-03  7.64978E+00
 -2.53767E+01  2.18052E-28  1.43618E+06  2.00000E-03  7.64978E+00
 -2.52831E+01  2.18052E-28  1.43618E+06  2.00000E-03  7.64977E+00
 -2.51896E+01  2.18052E-28  1.43618E+06  2.00000E-03  7.64977E+00
 -2.50960E+01  2.17922E-28  1.43562E+06  2.00000E-03  7.74896E+00
 -2.50024E+01  2.17836E-28  1.43525E+06  2.00000E-03  7.81501E+00
 -2.49088E+01  2.17836E-28  1.43525E+06  2.00000E-03  7.81501E+00
 -2.48152E+01  2.17788E-28  1.43504E+06  2.00000E-03  7.81410E+00
 -2.47217E+01  2.17764E-28  1.43493E+06  2.00000E-03  7.81365E+00
 -2.46281E+01  2.17733E-28  1.43480E+06  2.00000E-03  7.81306E+00
 -2.45345E+01  2.17733E-28  1.43480E+06  2.00000E-03  7.81306E+00
 -2.44409E+01  2.17733E-28  1.43480E+06  2.00000E-03  7.81306E+00
 -2.43473E+01  2.17733E-28  1.43480E+06  2.00000E-03  7.81306E+00
 -2.42538E+01  2.17482E-28  1.43371E+06  2.00000E-03  7.99580E+00
 -2.41602E+01  2.17361E-28  1.43318E+06  2.00000E-03  8.08355E+00
 -2.40666E+01  2.17361E-28  1.43318E+06  2.00000E-03  8.08355E+00
 -2.39730E+01  2.17361E-28  1.43318E+06  2.00000E-03  8.08355E+00
 -2.38794E+01  2.17361E-28  1.43318E+06  2.00000E-03  8.08355E+00
 -2.37859E+01  2.17361E-28  1.43318E+06  2.00000E-03  8.08355E+00
 -2.36923E+01  2.17361E-28  1.43318E+06  2.00000E-03  8.08355E+00
 -2.35987E+01  2.17361E-28  1.43318E+06  2.00000E-03  8.08355E+00
 -2.35051E+01  2.17361E-28  1.43318E+06  2.00000E-03  8.08355E+00
 -2.34115E+01  2.17075E-28  1.43194E+06  2.00000E-03  8.32414E+00
 -2.33180E+01  2.16968E-28  1.43148E+06  2.00000E-03  8.41365E+00
 -2.32244E+01  2.16960E-28  1.43145E+06  2.00000E-03  8.41290E+00
 -2.31308E+01  2.16858E-28  1.43100E+06  2.00000E-03  8.40269E+00
 -2.30372E+01  2.16806E-28  1.43077E+06  2.00000E-03  8.39752E+00
 -2.29436E+01  2.16748E-28  1.43051E+06  2.00000E-03  8.39171E+00
 -2.28501E+01  2.16748E-28  1.43051E+06  2.00000E-03  8.39171E+00
 -2.27565E+01  2.16748E-28  1.43051E+06  2.00000E-03  8.39171E+00
 -2.26629E+01  2.16748E-28  1.43051E+06  2.00000E-03  8.39171E+00
 -2.25693E+01  2.16446E-28  1.42920E+06  2.00000E-03  8.65325E+00
 -2.24757E+01  2.16360E-28  1.42883E+06  2.00000E-03  8.72788E+00
 -2.23822E+01  2.16360E-28  1.42883E+06  2.00000E-03  8.72788E+00
 -2.22886E+01  2.16360E-28  1.42883E+06  2.00000E-03  8.72788E+00
 -2.21950E+01  2.16360E-28  1.42883E+06  2.00000E-03  8.72788E+00
 -2.21014E+01  2.16360E-28  1.42883E+06  2.00000E-03  8.72788E+00
 -2.20078E+01  2.16360E-28  1.42883E+06  2.00000E-03  8.72788E+00
 -2.19143E+01  2.16360E-28  1.42883E+06  2.00000E-03  8.72788E+00
 -2.18207E+01  2.16360E-28  1.42883E+06  2.00000E-03  8.72788E+00
 -2.17271E+01  2.16354E-28  1.42885E+06  2.00000E-03  8.89424E+00
 -2.16335E+01  2.16352E-28  1.42886E+06  2.00000E-03  8.92984E+00
 -2.15399E+01  2.16289E-28  1.42858E+06  2.00000E-03  8.92970E+00
 -2.14464E+01  2.16086E-28  1.42768E+06  2.00000E-03  8.92926E+00
 -2.13528E+01  2.15929E-28  1.42699E+06  2.00000E-03  8.92892E+00
 -2.12592E+01  2.15819E-28  1.42651E+06  2.00000E-03  8.92868E+00
 -2.11656E+01  2.15819E-28  1.42651E+06  2.00000E-03  8.92867E+00
 -2.10720E+01  2.15819E-28  1.42651E+06  2.00000E-03  8.92867E+00
 -2.09785E+01  2.15819E-28  1.42651E+06  2.00000E-03  8.92867E+00
 -2.08849E+01  2.16016E-28  1.42737E+06  2.00000E-03  8.97197E+00
 -2.07913E+01  2.16046E-28  1.42751E+06  2.00000E-03  8.97838E+00
 -2.06977E+01  2.15985E-28  1.42724E+06  2.00000E-03  8.99229E+00
 -2.06041E+01  2.15858E-28  1.42668E+06  2.00000E-03  9.02123E+00
 -2.05106E+01  2.15815E-28  1.42650E+06  2.00000E-03  9.02931E+00
 -2.04170E+01  2.15922E-28  1.42697E+06  2.00000E-03  9.00167E+00
 -2.03234E+01  2.15922E-28  1.42697E+06  2.00000E-03  9.00150E+00
 -2.02298E+01  2.15922E-28  1.42697E+06  2.00000E-03  9.00164E+00
 -2.01362E+01  2.15922E-28  1.42697E+06  2.00000E-03  9.00156E+00
 -2.00427E+01  2.16140E-28  1.42795E+06  2.00000E-03  8.95458E+00
 -1.99491E+01  2.16162E-28  1.42804E+06  2.00000E-03  8.94970E+00
 -1.98555E+01  2.16077E-28  1.42767E+06  2.00000E-03  8.94859E+00
 -1.97619E+01  2.15944E-28  1.42708E+06  2.00000E-03  8.94662E+00
 -1.96683E+01  2.15884E-28  1.42683E+06  2.00000E-03  8.92239E+00
 -1.95748E+01  2.15983E-28  1.42727E+06  2.00000E-03  8.88755E+00
 -1.94812E+01  2.15983E-28  1.42727E+06  2.00000E-03  8.88751E+00
 -1.93876E+01  2.15983E-28  1.42727E+06  2.00000E-03  8.88759E+00
 -1.92940E+01  2.15985E-28  1.42728E+06  2.00000E-03  8.88720E+00
 -1.92004E+01  2.16238E-28  1.42841E+06  2.00000E-03  8.82947E+00
 -1.91069E+01  2.16252E-28  1.42848E+06  2.00000E-03  8.82608E+00
 -1.90133E+01  2.16178E-28  1.42815E+06  2.00000E-03  8.83108E+00
 -1.89197E+01  2.16089E-28  1.42775E+06  2.00000E-03  8.83703E+00
 -1.88261E+01  2.16115E-28  1.42788E+06  2.00000E-03  8.79309E+00
 -1.87325E+01  2.16262E-28  1.42853E+06  2.00000E-03  8.73707E+00
 -1.86390E+01  2.16262E-28  1.42853E+06  2.00000E-03  8.73704E+00
 -1.85454E+01  2.16257E-28  1.42851E+06  2.00000E-03  8.73390E+00
 -1.84518E+01  2.16268E-28  1.42856E+06  2.00000E-03  8.72482E+00
 -1.83582E+01  2.16599E-28  1.43003E+06  2.00000E-03  8.58891E+00
 -1.82646E+01  2.16600E-28  1.43003E+06  2.00000E-03  8.57943E+00
 -1.81711E+01  2.16576E-28  1.42993E+06  2.00000E-03  8.57936E+00
 -1.80775E+01  2.16516E-28  1.42967E+06  2.00000E-03  8.56151E+00
 -1.79839E+01  2.16717E-28  1.43056E+06  2.00000E-03  8.43054E+00
 -1.78903E+01  2.16889E-28  1.43132E+06  2.00000E-03  8.33617E+00
 -1.77967E+01  2.16889E-28  1.43132E+06  2.00000E-03  8.33618E+00
 -1.77032E+01  2.16889E-28  1.43132E+06  2.00000E-03  8.33620E+00
 -1.76096E+01  2.16919E-28  1.43146E+06  2.00000E-03  8.31611E+00
 -1.75160E+01  2.17185E-28  1.43265E+06  2.00000E-03  8.13866E+00
 -1.74224E+01  2.17191E-28  1.43267E+06  2.00000E-03  8.12645E+00
 -1.73288E+01  2.17206E-28  1.43274E+06  2.00000E-03  8.10599E+00
 -1.72353E+01  2.17236E-28  1.43288E+06  2.00000E-03  8.07594E+00
 -1.71417E+01  2.17318E-28  1.43325E+06  2.00000E-03  7.99021E+00
 -1.70481E+01  2.17408E-28  1.43365E+06  2.00000E-03  7.91793E+00
 -1.69545E+01  2.17422E-28  1.43371E+06  2.00000E-03  7.90198E+00
 -1.68609E+01  2.17410E-28  1.43366E+06  2.00000E-03  7.91557E+00
 -1.67674E+01  2.17404E-28  1.43364E+06  2.00000E-03  7.90284E+00
 -1.66738E+01  2.17305E-28  1.43321E+06  2.00000E-03  7.89065E+00
 -1.65802E+01  2.17329E-28  1.43332E+06  2.00000E-03  7.87043E+00
 -1.64866E+01  2.17380E-28  1.43355E+06  2.00000E-03  7.84908E+00
 -1.63930E+01  2.17467E-28  1.43393E+06  2.00000E-03  7.81841E+00
 -1.62995E+01  2.17307E-28  1.43324E+06  2.00000E-03  7.84849E+00
 -1.62059E+01  2.17122E-28  1.43243E+06  2.00000E-03  7.91162E+00
 -1.61123E+01  2.17172E-28  1.43264E+06  2.00000E-03  7.87566E+00
 -1.60187E+01  2.17126E-28  1.43244E+06  2.00000E-03  7.90831E+00
 -1.59252E+01  2.17065E-28  1.43218E+06  2.00000E-03  7.91630E+00
 -1.58316E+01  2.16594E-28  1.43011E+06  2.00000E-03  8.09019E+00
 -1.57380E+01  2.16608E-28  1.43017E+06  2.00000E-03  8.08736E+00
 -1.56444E+01  2.16690E-28  1.43053E+06  2.00000E-03  8.07308E+00
 -1.55508E+01  2.16864E-28  1.43129E+06  2.00000E-03  8.04405E+00
 -1.54573E+01  2.16541E-28  1.42987E+06  2.00000E-03  8.15696E+00
 -1.53637E+01  2.16252E-28  1.42860E+06  2.00000E-03  8.28080E+00
 -1.52701E+01  2.16239E-28  1.42854E+06  2.00000E-03  8.29400E+00
 -1.51765E+01  2.16095E-28  1.42790E+06  2.00000E-03  8.38015E+00
 -1.50829E+01  2.16133E-28  1.42806E+06  2.00000E-03  8.37470E+00
 -1.49894E+01  2.15911E-28  1.42708E+06  2.00000E-03  8.46630E+00
 -1.48958E+01  2.15938E-28  1.42719E+06  2.00000E-03  8.46687E+00
 -1.48022E+01  2.15832E-28  1.42672E+06  2.00000E-03  8.51963E+00
 -1.47086E+01  2.15954E-28  1.42725E+06  2.00000E-03  8.51148E+00
 -1.46150E+01  2.15848E-28  1.42678E+06  2.00000E-03  8.52710E+00
 -1.45215E+01  2.15769E-28  1.42643E+06  2.00000E-03  8.55032E+00
 -1.44279E+01  2.15845E-28  1.42676E+06  2.00000E-03  8.52378E+00
 -1.43343E+01  2.15866E-28  1.42686E+06  2.00000E-03  8.52713E+00
 -1.42407E+01  2.15951E-28  1.42722E+06  2.00000E-03  8.50081E+00
 -1.41471E+01  2.15858E-28  1.42681E+06  2.00000E-03  8.50763E+00
 -1.40536E+01  2.15917E-28  1.42707E+06  2.00000E-03  8.49399E+00
 -1.39600E+01  2.15939E-28  1.42717E+06  2.00000E-03  8.48523E+00
 -1.38664E+01  2.16103E-28  1.42789E+06  2.00000E-03  8.47080E+00
 -1.37728E+01  2.16025E-28  1.42755E+06  2.00000E-03  8.47841E+00
 -1.36792E+01  2.15989E-28  1.42739E+06  2.00000E-03  8.48962E+00
 -1.35857E+01  2.16064E-28  1.42772E+06  2.00000E-03  8.48668E+00
 -1.34921E+01  2.16097E-28  1.42786E+06  2.00000E-03  8.51729E+00
 -1.33985E+01  2.16146E-28  1.42808E+06  2.00000E-03  8.52702E+00
 -1.33049E+01  2.16034E-28  1.42759E+06  2.00000E-03  8.56006E+00
 -1.32113E+01  2.16117E-28  1.42796E+06  2.00000E-03  8.57300E+00
 -1.31178E+01  2.16069E-28  1.42775E+06  2.00000E-03  8.61716E+00
 -1.30242E+01  2.16163E-28  1.42816E+06  2.00000E-03  8.63888E+00
 -1.29306E+01  2.16049E-28  1.42766E+06  2.00000E-03  8.67856E+00
 -1.28370E+01  2.16013E-28  1.42750E+06  2.00000E-03  8.70447E+00
 -1.27434E+01  2.16057E-28  1.42770E+06  2.00000E-03  8.74112E+00
 -1.26499E+01  2.16028E-28  1.42757E+06  2.00000E-03  8.78722E+00
 -1.25563E+01  2.16049E-28  1.42766E+06  2.00000E-03  8.80792E+00
 -1.24627E+01  2.15931E-28  1.42714E+06  2.00000E-03  8.84618E+00
 -1.23691E+01  2.16006E-28  1.42747E+06  2.00000E-03  8.86936E+00
 -1.22755E+01  2.15960E-28  1.42727E+06  2.00000E-03  8.91268E+00
 -1.21820E+01  2.16035E-28  1.42760E+06  2.00000E-03  8.94228E+00
 -1.20884E+01  2.15948E-28  1.42721E+06  2.00000E-03  8.97382E+00
 -1.19948E+01  2.15943E-28  1.42719E+06  2.00000E-03  8.99629E+00
 -1.19012E+01  2.15979E-28  1.42735E+06  2.00000E-03  9.03462E+00
 -1.18076E+01  2.15989E-28  1.42740E+06  2.00000E-03  9.07692E+00
 -1.17141E+01  2.16004E-28  1.42746E+06  2.00000E-03  9.09783E+00
 -1.16205E+01  2.15935E-28  1.42716E+06  2.00000E-03  9.12152E+00
 -1.15269E+01  2.16001E-28  1.42745E+06  2.00000E-03  9.15264E+00
 -1.14333E+01  2.15982E-28  1.42736E+06  2.00000E-03  9.18456E+00
 -1.13397E+01  2.16042E-28  1.42762E+06  2.00000E-03  9.21858E+00
 -1.12462E+01  2.15991E-28  1.42740E+06  2.00000E-03  9.22570E+00
 -1.11526E+01  2.16001E-28  1.42744E+06  2.00000E-03  9.24294E+00
 -1.10590E+01  2.16026E-28  1.42755E+06  2.00000E-03  9.26357E+00
 -1.09654E+01  2.16059E-28  1.42769E+06  2.00000E-03  9.28907E+00
 -1.08718E+01  2.16077E-28  1.42778E+06  2.00000E-03  9.29180E+00
 -1.07783E+01  2.16065E-28  1.42772E+06  2.00000E-03  9.27094E+00
 -1.06847E+01  2.16125E-28  1.42799E+06  2.00000E-03  9.29593E+00
 -1.05911E+01  2.16184E-28  1.42825E+06  2.00000E-03  9.27075E+00
 -1.04975E+01  2.16231E-28  1.42846E+06  2.00000E-03  9.28946E+00
 -1.04039E+01  2.16260E-28  1.42858E+06  2.00000E-03  9.21896E+00
 -1.03104E+01  2.16323E-28  1.42886E+06  2.00000E-03  9.22235E+00
 -1.02168E+01  2.16413E-28  1.42925E+06  2.00000E-03  9.18481E+00
 -1.01232E+01  2.16537E-28  1.42980E+06  2.00000E-03  9.15248E+00
 -1.00296E+01  2.16573E-28  1.42996E+06  2.00000E-03  9.11552E+00
 -9.93604E+00  2.16683E-28  1.43044E+06  2.00000E-03  9.01079E+00
 -9.84246E+00  2.16776E-28  1.43086E+06  2.00000E-03  9.01579E+00
 -9.74888E+00  2.16967E-28  1.43170E+06  2.00000E-03  8.89455E+00
 -9.65530E+00  2.17053E-28  1.43207E+06  2.00000E-03  8.87999E+00
 -9.56172E+00  2.17158E-28  1.43254E+06  2.00000E-03  8.74764E+00
 -9.46814E+00  2.17279E-28  1.43307E+06  2.00000E-03  8.71072E+00
 -9.37456E+00  2.17418E-28  1.43368E+06  2.00000E-03  8.60556E+00
 -9.28098E+00  2.17599E-28  1.43448E+06  2.00000E-03  8.52538E+00
 -9.18740E+00  2.17636E-28  1.43464E+06  2.00000E-03  8.46622E+00
 -9.09382E+00  2.17737E-28  1.43509E+06  2.00000E-03  8.35143E+00
 -9.00024E+00  2.17833E-28  1.43552E+06  2.00000E-03  8.32625E+00
 -8.90666E+00  2.17958E-28  1.43607E+06  2.00000E-03  8.20327E+00
 -8.81308E+00  2.18012E-28  1.43631E+06  2.00000E-03  8.18940E+00
 -8.71950E+00  2.18010E-28  1.43630E+06  2.00000E-03  8.09799E+00
 -8.62592E+00  2.18059E-28  1.43651E+06  2.00000E-03  8.09038E+00
 -8.53234E+00  2.18061E-28  1.43652E+06  2.00000E-03  8.02305E+00
 -8.43876E+00  2.18086E-28  1.43663E+06  2.00000E-03  8.01915E+00
 -8.34518E+00  2.18036E-28  1.43641E+06  2.00000E-03  7.98899E+00
 -8.25160E+00  2.17936E-28  1.43596E+06  2.00000E-03  7.98202E+00
 -8.15802E+00  2.17943E-28  1.43600E+06  2.00000E-03  7.99133E+00
 -8.06444E+00  2.17793E-28  1.43534E+06  2.00000E-03  8.00076E+00
 -7.97086E+00  2.17775E-28  1.43526E+06  2.00000E-03  8.01991E+00
 -7.87728E+00  2.17588E-28  1.43443E+06  2.00000E-03  8.01712E+00
 -7.78370E+00  2.17530E-28  1.43417E+06  2.00000E-03  8.06678E+00
 -7.69012E+00  2.17375E-28  1.43348E+06  2.00000E-03  8.06725E+00
 -7.59654E+00  2.17264E-28  1.43300E+06  2.00000E-03  8.13548E+00
 -7.50296E+00  2.17157E-28  1.43252E+06  2.00000E-03  8.11838E+00
 -7.40938E+00  2.16967E-28  1.43168E+06  2.00000E-03  8.15645E+00
 -7.31580E+00  2.16931E-28  1.43153E+06  2.00000E-03  8.18111E+00
 -7.22222E+00  2.16723E-28  1.43062E+06  2.00000E-03  8.18504E+00
 -7.12864E+00  2.16694E-28  1.43049E+06  2.00000E-03  8.21265E+00
 -7.03506E+00  2.16501E-28  1.42964E+06  2.00000E-03  8.19075E+00
 -6.94148E+00  2.16456E-28  1.42945E+06  2.00000E-03  8.22302E+00
 -6.84790E+00  2.16315E-28  1.42883E+06  2.00000E-03  8.18501E+00
 -6.75432E+00  2.16248E-28  1.42853E+06  2.00000E-03  8.19441E+00
 -6.66075E+00  2.16150E-28  1.42809E+06  2.00000E-03  8.15686E+00
 -6.56716E+00  2.16049E-28  1.42764E+06  2.00000E-03  8.10580E+00
 -6.47359E+00  2.16009E-28  1.42746E+06  2.00000E-03  8.10370E+00
 -6.38001E+00  2.15887E-28  1.42691E+06  2.00000E-03  7.99509E+00
 -6.28643E+00  2.15878E-28  1.42687E+06  2.00000E-03  7.95699E+00
 -6.19285E+00  2.15740E-28  1.42623E+06  2.00000E-03  7.86404E+00
 -6.09927E+00  2.15732E-28  1.42619E+06  2.00000E-03  7.85289E+00
 -6.00569E+00  2.15638E-28  1.42575E+06  2.00000E-03  7.72965E+00
 -5.91211E+00  2.15624E-28  1.42568E+06  2.00000E-03  7.73167E+00
 -5.81853E+00  2.15548E-28  1.42534E+06  2.00000E-03  7.64364E+00
 -5.72495E+00  2.15510E-28  1.42516E+06  2.00000E-03  7.62329E+00
 -5.63137E+00  2.15483E-28  1.42505E+06  2.00000E-03  7.57078E+00
 -5.53779E+00  2.15429E-28  1.42481E+06  2.00000E-03  7.54496E+00
 -5.44421E+00  2.15432E-28  1.42483E+06  2.00000E-03  7.51507E+00
 -5.35063E+00  2.15346E-28  1.42446E+06  2.00000E-03  7.48285E+00
 -5.25705E+00  2.15355E-28  1.42450E+06  2.00000E-03  7.47889E+00
 -5.16347E+00  2.15315E-28  1.42435E+06  2.00000E-03  7.43356E+00
 -5.06989E+00  2.15315E-28  1.42435E+06  2.00000E-03  7.45748E+00
 -4.97631E+00  2.15280E-28  1.42420E+06  2.00000E-03  7.37695E+00
 -4.88273E+00  2.15293E-28  1.42426E+06  2.00000E-03  7.36276E+00
 -4.78915E+00  2.15287E-28  1.42425E+06  2.00000E-03  7.30539E+00
 -4.69557E+00  2.15272E-28  1.42419E+06  2.00000E-03  7.29953E+00
 -4.60199E+00  2.15298E-28  1.42431E+06  2.00000E-03  7.23450E+00
 -4.50841E+00  2.15254E-28  1.42411E+06  2.00000E-03  7.19925E+00
 -4.41483E+00  2.15305E-28  1.42433E+06  2.00000E-03  7.15566E+00
 -4.32125E+00  2.15299E-28  1.42429E+06  2.00000E-03  7.10041E+00
 -4.22767E+00  2.15328E-28  1.42441E+06  2.00000E-03  7.07376E+00
 -4.13409E+00  2.15333E-28  1.42440E+06  2.00000E-03  6.98473E+00
 -4.04051E+00  2.15350E-28  1.42447E+06  2.00000E-03  6.96098E+00
 -3.94693E+00  2.15382E-28  1.42459E+06  2.00000E-03  6.89090E+00
 -3.85335E+00  2.15411E-28  1.42469E+06  2.00000E-03  6.85550E+00
 -3.75977E+00  2.15425E-28  1.42476E+06  2.00000E-03  6.80181E+00
 -3.66619E+00  2.15449E-28  1.42484E+06  2.00000E-03  6.75560E+00
 -3.57261E+00  2.15451E-28  1.42487E+06  2.00000E-03  6.70491E+00
 -3.47903E+00  2.15495E-28  1.42506E+06  2.00000E-03  6.66020E+00
 -3.38545E+00  2.15487E-28  1.42503E+06  2.00000E-03  6.61598E+00
 -3.29187E+00  2.15515E-28  1.42517E+06  2.00000E-03  6.55775E+00
 -3.19829E+00  2.15498E-28  1.42509E+06  2.00000E-03  6.50673E+00
 -3.10471E+00  2.15507E-28  1.42517E+06  2.00000E-03  6.43006E+00
 -3.01113E+00  2.15503E-28  1.42517E+06  2.00000E-03  6.36574E+00
 -2.91755E+00  2.15488E-28  1.42513E+06  2.00000E-03  6.29218E+00
 -2.82397E+00  2.15481E-28  1.42513E+06  2.00000E-03  6.21135E+00
 -2.73039E+00  2.15426E-28  1.42490E+06  2.00000E-03  6.11711E+00
 -2.63681E+00  2.15415E-28  1.42487E+06  2.00000E-03  6.00826E+00
 -2.54323E+00  2.15358E-28  1.42462E+06  2.00000E-03  5.92581E+00
 -2.44965E+00  2.15342E-28  1.42456E+06  2.00000E-03  5.81805E+00
 -2.35607E+00  2.15268E-28  1.42423E+06  2.00000E-03  5.72159E+00
 -2.26249E+00  2.15221E-28  1.42402E+06  2.00000E-03  5.59063E+00
 -2.16891E+00  2.15149E-28  1.42371E+06  2.00000E-03  5.47397E+00
 -2.07533E+00  2.15101E-28  1.42350E+06  2.00000E-03  5.36934E+00
 -1.98175E+00  2.15053E-28  1.42329E+06  2.00000E-03  5.24847E+00
 -1.88817E+00  2.14972E-28  1.42293E+06  2.00000E-03  5.12448E+00
 -1.79459E+00  2.14907E-28  1.42264E+06  2.00000E-03  4.95171E+00
 -1.70101E+00  2.14842E-28  1.42236E+06  2.00000E-03  4.84779E+00
 -1.60743E+00  2.14777E-28  1.42207E+06  2.00000E-03  4.65422E+00
 -1.51385E+00  2.14737E-28  1.42189E+06  2.00000E-03  4.55262E+00
 -1.42027E+00  2.14678E-28  1.42163E+06  2.00000E-03  4.38962E+00
 -1.32669E+00  2.14625E-28  1.42140E+06  2.00000E-03  4.22575E+00
 -1.23311E+00  2.14601E-28  1.42130E+06  2.00000E-03  4.15219E+00
 -1.13953E+00  2.14549E-28  1.42106E+06  2.00000E-03  3.93316E+00
 -1.04595E+00  2.14554E-28  1.42108E+06  2.00000E-03  3.88170E+00
 -9.52374E-01  2.14479E-28  1.42076E+06  2.00000E-03  3.59654E+00
 -8.58794E-01  2.14477E-28  1.42074E+06  2.00000E-03  3.58880E+00
 -7.65214E-01  2.14411E-28  1.42046E+06  2.00000E-03  3.35556E+00
 -6.71634E-01  2.14432E-28  1.42055E+06  2.00000E-03  3.29249E+00
 -5.78054E-01  2.14423E-28  1.42051E+06  2.00000E-03  3.08651E+00
 -4.84475E-01  2.14394E-28  1.42038E+06  2.00000E-03  2.99064E+00
 -3.90895E-01  2.14356E-28  1.42021E+06  2.00000E-03  2.89648E+00
 -2.97315E-01  2.14345E-28  1.42017E+06  2.00000E-03  2.70781E+00
 -2.03735E-01  2.14401E-28  1.42042E+06  2.00000E-03  2.66545E+00
 -1.10155E-01  2.14360E-28  1.42023E+06  2.00000E-03  2.40369E+00
 -1.65752E-02  2.14359E-28  1.42023E+06  2.00000E-03  2.40081E+00
  7.70046E-02  2.14302E-28  1.41998E+06  2.00000E-03  2.13344E+00
  1.70584E-01  2.14362E-28  1.42025E+06  2.00000E-03  2.07953E+00
  2.64164E-01  2.14380E-28  1.42032E+06  2.00000E-03  1.88218E+00
  3.57744E-01  2.14337E-28  1.42013E+06  2.00000E-03  1.74592E+00
  4.51324E-01  2.14309E-28  1.42001E+06  2.00000E-03  1.65043E+00
  5.44904E-01  2.14287E-28  1.41992E+06  2.00000E-03  1.39414E+00
  6.38484E-01  2.14335E-28  1.42014E+06  2.00000E-03  1.32570E+00
  7.32064E-01  2.14253E-28  1.41977E+06  2.00000E-03  9.94643E-01
  8.25643E-01  2.14252E-28  1.41977E+06  2.00000E-03  9.94643E-01
  9.19223E-01  2.14166E-28  1.41940E+06  2.00000E-03  6.69342E-01
  1.01280E+00  2.14170E-28  1.41941E+06  2.00000E-03  5.47574E-01
  1.10638E+00  2.14109E-28  1.41913E+06  2.00000E-03  2.17817E-01
  1.19996E+00  2.14062E-28  1.41892E+06  1.99999E-03  6.48137E-02
  1.29354E+00  2.14016E-28  1.41872E+06  1.99999E-03 -8.69834E-02
  1.38712E+00  2.13922E-28  1.41831E+06  1.99998E-03 -4.91173E-01
  1.48070E+00  2.13889E-28  1.41817E+06  1.99997E-03 -6.99785E-01
  1.57428E+00  2.13730E-28  1.41746E+06  1.99995E-03 -1.26865E+00
  1.66786E+00  2.13730E-28  1.41746E+06  1.99995E-03 -1.26865E+00
  1.76144E+00  2.13585E-28  1.41689E+06  1.99990E-03 -1.99094E+00
  1.85502E+00  2.13535E-28  1.41670E+06  1.99986E-03 -2.31226E+00
  1.94860E+00  2.13410E-28  1.41637E+06  1.99977E-03 -3.11831E+00
  2.04218E+00  2.13365E-28  1.41626E+06  1.99974E-03 -3.39365E+00
  2.13576E+00  2.13358E-28  1.41625E+06  1.99969E-03 -3.52338E+00
  2.22934E+00  2.13340E-28  1.41596E+06  1.99949E-03 -4.00156E+00
  2.32292E+00  2.13355E-28  1.41572E+06  1.99935E-03 -4.25390E+00
  2.41650E+00  2.13443E-28  1.41585E+06  1.99923E-03 -4.16688E+00
  2.51008E+00  2.13443E-28  1.41585E+06  1.99923E-03 -4.16403E+00
  2.60366E+00  2.13509E-28  1.41582E+06  1.99897E-03 -3.75131E+00
  2.69724E+00  2.13668E-28  1.41551E+06  1.99856E-03 -3.74483E+00
  2.79082E+00  2.13751E-28  1.41533E+06  1.99835E-03 -3.38488E+00
  2.88440E+00  2.13740E-28  1.41535E+06  1.99838E-03 -3.24951E+00
  2.97798E+00  2.13720E-28  1.41554E+06  1.99843E-03 -3.10274E+00
  3.07156E+00  2.13912E-28  1.41531E+06  1.99805E-03 -2.83495E+00
  3.16514E+00  2.14121E-28  1.41500E+06  1.99764E-03 -2.65663E+00
  3.25872E+00  2.14122E-28  1.41542E+06  1.99770E-03 -2.41667E+00
  3.35230E+00  2.14109E-28  1.41547E+06  1.99773E-03 -2.41338E+00
  3.44588E+00  2.13981E-28  1.41629E+06  1.99813E-03 -2.28756E+00
  3.53946E+00  2.14217E-28  1.41592E+06  1.99759E-03 -2.16187E+00
  3.63304E+00  2.14168E-28  1.41643E+06  1.99776E-03 -2.20712E+00
  3.72662E+00  2.14110E-28  1.41665E+06  1.99791E-03 -2.24225E+00
  3.82020E+00  2.13999E-28  1.41709E+06  1.99826E-03 -2.38943E+00
  3.91378E+00  2.14078E-28  1.41717E+06  1.99823E-03 -2.46727E+00
  4.00736E+00  2.14212E-28  1.41705E+06  1.99804E-03 -2.53265E+00
  4.10094E+00  2.14122E-28  1.41745E+06  1.99834E-03 -2.80762E+00
  4.19452E+00  2.14106E-28  1.41749E+06  1.99839E-03 -2.84929E+00
  4.28810E+00  2.14030E-28  1.41777E+06  1.99861E-03 -3.33254E+00
  4.38168E+00  2.14194E-28  1.41734E+06  1.99818E-03 -3.38806E+00
  4.47526E+00  2.14192E-28  1.41705E+06  1.99813E-03 -3.95989E+00
  4.56884E+00  2.14170E-28  1.41705E+06  1.99818E-03 -4.06864E+00
  4.66242E+00  2.14103E-28  1.41662E+06  1.99818E-03 -4.55253E+00
  4.75600E+00  2.14250E-28  1.41517E+06  1.99761E-03 -4.98921E+00
  4.84958E+00  2.14403E-28  1.41353E+06  1.99697E-03 -5.47773E+00
  4.94316E+00  2.14333E-28  1.41259E+06  1.99683E-03 -6.17550E+00
  5.03674E+00  2.14294E-28  1.41245E+06  1.99684E-03 -6.32078E+00
  5.13032E+00  2.14386E-28  1.40855E+06  1.99554E-03 -7.62266E+00
  5.22390E+00  2.14659E-28  1.40636E+06  1.99449E-03 -7.85094E+00
  5.31748E+00  2.14391E-28  1.40406E+06  1.99412E-03 -9.40023E+00
  5.41106E+00  2.14336E-28  1.40398E+06  1.99417E-03 -9.55935E+00
  5.50464E+00  2.14000E-28  1.40184E+06  1.99394E-03 -1.09943E+01
  5.59822E+00  2.14260E-28  1.39780E+06  1.99230E-03 -1.18944E+01
  5.69180E+00  2.14061E-28  1.39601E+06  1.99195E-03 -1.31055E+01
  5.78538E+00  2.13304E-28  1.39686E+06  1.99318E-03 -1.46132E+01
  5.87896E+00  2.12860E-28  1.39780E+06  1.99368E-03 -1.52489E+01
  5.97254E+00  2.11480E-28  1.39891E+06  1.99450E-03 -1.84131E+01
  6.06612E+00  2.11968E-28  1.39657E+06  1.99342E-03 -1.85117E+01
  6.15970E+00  2.09453E-28  1.40092E+06  1.99465E-03 -2.32571E+01
  6.25327E+00  2.09354E-28  1.40115E+06  1.99467E-03 -2.35292E+01
  6.34685E+00  2.10189E-28  1.38563E+06  1.98318E-03 -2.54774E+01
  6.44043E+00  2.09902E-28  1.38251E+06  1.98136E-03 -2.73849E+01
  6.53401E+00  2.19330E-28  1.32225E+06  1.94253E-03 -2.56861E+01
  6.62759E+00  2.37590E-28  1.21187E+06  1.86943E-03 -2.25108E+01
  6.72117E+00  3.13169E-28  9.19659E+05  1.74352E-03 -1.48894E+01
  6.81475E+00  5.21803E-28  5.52137E+05  1.57664E-03 -5.38182E+00
  6.90833E+00  4.75701E-28  6.10934E+05  1.60488E-03 -7.15720E+00
  7.00191E+00  1.47856E-27  1.94226E+05  1.41816E-03  9.16644E+00
  7.09549E+00  1.59790E-27  1.80026E+05  1.41131E-03  9.75406E+00
  7.18907E+00  2.87500E-27  9.85413E+04  1.36977E-03  1.86975E+01
  7.28265E+00  2.93269E-27  9.81964E+04  1.36857E-03  1.90118E+01
  7.37623E+00  2.23291E-27  1.33523E+05  1.38417E-03  1.90488E+01
  7.46981E+00  2.64807E-27  1.11353E+05  1.37589E-03  2.25672E+01
  7.56339E+00  1.70635E-27  1.76424E+05  1.39676E-03  2.20465E+01
  7.65697E+00  4.58359E-28  6.63156E+05  1.58399E-03  1.87830E+01
  7.75055E+00  3.13395E-28  9.80243E+05  1.73958E-03  1.70866E+01
  7.84413E+00  2.18438E-28  1.38667E+06  1.97701E-03  9.74476E+00
  7.93771E+00  2.14233E-28  1.40982E+06  1.99541E-03  8.06756E+00
  8.03129E+00  2.11952E-28  1.41005E+06  1.99914E-03  2.03177E+00
  8.12487E+00  2.11225E-28  1.40818E+06  1.99977E-03 -5.71248E-01
  8.21845E+00  2.10576E-28  1.40507E+06  1.99951E-03 -3.53859E+00
  8.31203E+00  2.09702E-28  1.40150E+06  1.99914E-03 -5.20701E+00
  8.40561E+00  2.09577E-28  1.39861E+06  1.99866E-03 -6.40872E+00
  8.49919E+00  2.08770E-28  1.39292E+06  1.99792E-03 -8.54602E+00
  8.59277E+00  2.08527E-28  1.39369E+06  1.99846E-03 -9.40916E+00
  8.68635E+00  2.07928E-28  1.38827E+06  1.99706E-03 -1.06242E+01
  8.77993E+00  2.07810E-28  1.38821E+06  1.99710E-03 -1.08686E+01
  8.87351E+00  2.06844E-28  1.38483E+06  1.99666E-03 -1.24985E+01
  8.96709E+00  2.06362E-28  1.38579E+06  1.99734E-03 -1.32178E+01
  9.06067E+00  2.05887E-28  1.38313E+06  1.99767E-03 -1.40580E+01
  9.15425E+00  2.05643E-28  1.37779E+06  1.99688E-03 -1.45161E+01
  9.24783E+00  2.06076E-28  1.37198E+06  1.99454E-03 -1.46629E+01
  9.34141E+00  2.06085E-28  1.36009E+06  1.99119E-03 -1.53166E+01
  9.43499E+00  2.06502E-28  1.35887E+06  1.99018E-03 -1.54212E+01
  9.52857E+00  2.11077E-28  1.32153E+06  1.97290E-03 -1.24916E+01
  9.62215E+00  2.11019E-28  1.32228E+06  1.97315E-03 -1.27502E+01
  9.71573E+00  2.25484E-28  1.21251E+06  1.90862E-03 -9.87822E+00
  9.80931E+00  2.24289E-28  1.21454E+06  1.91095E-03 -1.03654E+01
  9.90289E+00  3.33771E-28  8.20750E+05  1.73460E-03  3.92589E+00
  9.99647E+00  4.17182E-28  6.58229E+05  1.66030E-03  1.00076E+01
  1.00900E+01  2.18067E-27  1.22289E+05  1.33522E-03  3.35256E+01
  1.01836E+01  4.18265E-27  6.42141E+04  1.29737E-03  3.37324E+01
  1.02772E+01  4.34493E-27  6.21495E+04  1.29636E-03  3.25381E+01
  1.03708E+01  7.87629E-27  3.04069E+04  1.28528E-03  3.56541E+01
  1.04644E+01  7.01047E-27  3.55096E+04  1.28730E-03  3.55124E+01
  1.05579E+01  1.98079E-27  1.44770E+05  1.34186E-03  3.16715E+01
  1.06515E+01  6.34933E-28  4.84659E+05  1.49514E-03  2.92616E+01
  1.07451E+01  3.83168E-28  7.84072E+05  1.66432E-03  2.47469E+01
  1.08387E+01  2.34568E-28  1.26256E+06  1.93460E-03  1.75144E+01
  1.09323E+01  2.18720E-28  1.35757E+06  1.97670E-03  1.06654E+01
  1.10258E+01  2.10575E-28  1.40472E+06  1.99964E-03  3.35701E+00
  1.11194E+01  2.10989E-28  1.40583E+06  1.99998E-03  1.55393E+00
  1.12130E+01  2.10250E-28  1.40214E+06  2.00000E-03 -2.04810E+00
  1.13066E+01  2.10169E-28  1.40174E+06  2.00000E-03 -2.90912E+00
  1.14002E+01  2.09508E-28  1.39880E+06  2.00000E-03 -5.77051E+00
  1.14937E+01  2.09532E-28  1.39891E+06  2.00000E-03 -6.50842E+00
  1.15873E+01  2.09182E-28  1.39734E+06  2.00000E-03 -7.74653E+00
  1.16809E+01  2.09018E-28  1.39660E+06  2.00000E-03 -8.34824E+00
  1.17745E+01  2.08903E-28  1.39609E+06  2.00000E-03 -9.13984E+00
  1.18681E+01  2.08776E-28  1.39552E+06  2.00000E-03 -9.92853E+00
  1.19616E+01  2.08774E-28  1.39551E+06  2.00000E-03 -1.01773E+01
  1.20552E+01  2.08709E-28  1.39522E+06  2.00000E-03 -1.07417E+01
  1.21488E+01  2.08690E-28  1.39514E+06  2.00000E-03 -1.09658E+01
  1.22424E+01  2.08694E-28  1.39515E+06  2.00000E-03 -1.14217E+01
  1.23360E+01  2.08686E-28  1.39511E+06  2.00000E-03 -1.16046E+01
  1.24295E+01  2.08745E-28  1.39537E+06  2.00000E-03 -1.18420E+01
  1.25231E+01  2.08765E-28  1.39545E+06  2.00000E-03 -1.20046E+01
  1.26167E+01  2.08751E-28  1.39539E+06  2.00000E-03 -1.22003E+01
  1.27103E+01  2.08780E-28  1.39551E+06  2.00000E-03 -1.23957E+01
  1.28039E+01  2.08774E-28  1.39549E+06  2.00000E-03 -1.24716E+01
  1.28974E+01  2.08889E-28  1.39598E+06  2.00000E-03 -1.26007E+01
  1.29910E+01  2.08814E-28  1.39565E+06  2.00000E-03 -1.26947E+01
  1.30846E+01  2.08876E-28  1.39592E+06  2.00000E-03 -1.28131E+01
  1.31782E+01  2.08789E-28  1.39552E+06  2.00000E-03 -1.28955E+01
  1.32718E+01  2.08920E-28  1.39610E+06  2.00000E-03 -1.29349E+01
  1.33653E+01  2.08941E-28  1.39619E+06  2.00000E-03 -1.29722E+01
  1.34589E+01  2.08921E-28  1.39610E+06  2.00000E-03 -1.30266E+01
  1.35525E+01  2.08949E-28  1.39621E+06  2.00000E-03 -1.30574E+01
  1.36461E+01  2.08952E-28  1.39622E+06  2.00000E-03 -1.30662E+01
  1.37397E+01  2.09117E-28  1.39695E+06  2.00000E-03 -1.30351E+01
  1.38332E+01  2.09066E-28  1.39672E+06  2.00000E-03 -1.30455E+01
  1.39268E+01  2.09187E-28  1.39725E+06  2.00000E-03 -1.29961E+01
  1.40204E+01  2.09143E-28  1.39705E+06  2.00000E-03 -1.29932E+01
  1.41140E+01  2.09315E-28  1.39782E+06  2.00000E-03 -1.29106E+01
  1.42076E+01  2.09360E-28  1.39802E+06  2.00000E-03 -1.28748E+01
  1.43011E+01  2.09436E-28  1.39836E+06  2.00000E-03 -1.27992E+01
  1.43947E+01  2.09508E-28  1.39868E+06  2.00000E-03 -1.27217E+01
  1.44883E+01  2.09555E-28  1.39889E+06  2.00000E-03 -1.26717E+01
  1.45819E+01  2.09720E-28  1.39963E+06  2.00000E-03 -1.25628E+01
  1.46755E+01  2.09735E-28  1.39970E+06  2.00000E-03 -1.25147E+01
  1.47690E+01  2.09877E-28  1.40034E+06  2.00000E-03 -1.23945E+01
  1.48626E+01  2.09887E-28  1.40039E+06  2.00000E-03 -1.23498E+01
  1.49562E+01  2.10035E-28  1.40105E+06  2.00000E-03 -1.22413E+01
  1.50498E+01  2.10078E-28  1.40125E+06  2.00000E-03 -1.21934E+01
  1.51434E+01  2.10169E-28  1.40166E+06  2.00000E-03 -1.20997E+01
  1.52369E+01  2.10214E-28  1.40187E+06  2.00000E-03 -1.20275E+01
  1.53305E+01  2.10253E-28  1.40205E+06  2.00000E-03 -1.19818E+01
  1.54241E+01  2.10343E-28  1.40245E+06  2.00000E-03 -1.19037E+01
  1.55177E+01  2.10342E-28  1.40246E+06  2.00000E-03 -1.18692E+01
  1.56113E+01  2.10469E-28  1.40303E+06  2.00000E-03 -1.17067E+01
  1.57048E+01  2.10492E-28  1.40314E+06  2.00000E-03 -1.16814E+01
  1.57984E+01  2.10492E-28  1.40314E+06  2.00000E-03 -1.16814E+01
  1.58920E+01  2.10435E-28  1.40289E+06  2.00000E-03 -1.17121E+01
  1.59856E+01  2.10363E-28  1.40257E+06  2.00000E-03 -1.17178E+01
  1.60792E+01  2.10213E-28  1.40191E+06  2.00000E-03 -1.17860E+01
  1.61727E+01  2.10189E-28  1.40181E+06  2.00000E-03 -1.17997E+01
  1.62663E+01  2.10189E-28  1.40181E+06  2.00000E-03 -1.17997E+01
  1.63599E+01  2.10168E-28  1.40172E+06  2.00000E-03 -1.18032E+01
  1.64535E+01  2.10100E-28  1.40142E+06  2.00000E-03 -1.18147E+01
  1.65471E+01  2.10093E-28  1.40139E+06  2.00000E-03 -1.18158E+01
  1.66406E+01  2.10093E-28  1.40139E+06  2.00000E-03 -1.18158E+01
  1.67342E+01  2.10035E-28  1.40113E+06  2.00000E-03 -1.18536E+01
  1.68278E+01  2.09907E-28  1.40056E+06  2.00000E-03 -1.19002E+01
  1.69214E+01  2.09755E-28  1.39989E+06  2.00000E-03 -1.19762E+01
  1.70150E+01  2.09748E-28  1.39986E+06  2.00000E-03 -1.19810E+01
  1.71085E+01  2.09748E-28  1.39986E+06  2.00000E-03 -1.19810E+01
  1.72021E+01  2.09714E-28  1.39970E+06  2.00000E-03 -1.19878E+01
  1.72957E+01  2.09620E-28  1.39927E+06  2.00000E-03 -1.20070E+01
  1.73893E+01  2.09614E-28  1.39925E+06  2.00000E-03 -1.20081E+01
  1.74829E+01  2.09614E-28  1.39925E+06  2.00000E-03 -1.20081E+01
  1.75764E+01  2.09545E-28  1.39894E+06  2.00000E-03 -1.20504E+01
  1.76700E+01  2.09398E-28  1.39827E+06  2.00000E-03 -1.20998E+01
  1.77636E+01  2.09215E-28  1.39745E+06  2.00000E-03 -1.21862E+01
  1.78572E+01  2.09215E-28  1.39745E+06  2.00000E-03 -1.21862E+01
  1.79508E+01  2.09215E-28  1.39745E+06  2.00000E-03 -1.21862E+01
  1.80443E+01  2.09188E-28  1.39732E+06  2.00000E-03 -1.21822E+01
  1.81379E+01  2.09124E-28  1.39701E+06  2.00000E-03 -1.21725E+01
  1.82315E+01  2.09123E-28  1.39701E+06  2.00000E-03 -1.21724E+01
  1.83251E+01  2.09123E-28  1.39701E+06  2.00000E-03 -1.21724E+01
  1.84187E+01  2.09086E-28  1.39684E+06  2.00000E-03 -1.21829E+01
  1.85122E+01  2.09088E-28  1.39683E+06  2.00000E-03 -1.21119E+01
  1.86058E+01  2.09084E-28  1.39680E+06  2.00000E-03 -1.20622E+01
  1.86994E+01  2.09084E-28  1.39680E+06  2.00000E-03 -1.20622E+01
  1.87930E+01  2.09084E-28  1.39680E+06  2.00000E-03 -1.20622E+01
  1.88866E+01  2.09160E-28  1.39713E+06  2.00000E-03 -1.19777E+01
  1.89801E+01  2.09309E-28  1.39777E+06  2.00000E-03 -1.18106E+01
  1.90737E+01  2.09309E-28  1.39777E+06  2.00000E-03 -1.18106E+01
  1.91673E+01  2.09309E-28  1.39777E+06  2.00000E-03 -1.18106E+01
  1.92609E+01  2.09424E-28  1.39828E+06  2.00000E-03 -1.17037E+01
  1.93545E+01  2.09797E-28  1.39992E+06  2.00000E-03 -1.13452E+01
  1.94480E+01  2.10020E-28  1.40090E+06  2.00000E-03 -1.11348E+01
  1.95416E+01  2.10020E-28  1.40090E+06  2.00000E-03 -1.11348E+01
  1.96352E+01  2.10020E-28  1.40090E+06  2.00000E-03 -1.11348E+01
  1.97288E+01  2.10135E-28  1.40140E+06  2.00000E-03 -1.10245E+01
  1.98224E+01  2.10433E-28  1.40270E+06  2.00000E-03 -1.07408E+01
  1.99159E+01  2.10433E-28  1.40270E+06  2.00000E-03 -1.07408E+01
  2.00095E+01  2.10433E-28  1.40270E+06  2.00000E-03 -1.07408E+01
  2.01031E+01  2.10683E-28  1.40382E+06  2.00000E-03 -1.05460E+01
  2.01967E+01  2.11153E-28  1.40588E+06  2.00000E-03 -1.01354E+01
  2.02903E+01  2.11408E-28  1.40701E+06  2.00000E-03 -9.92436E+00
  2.03838E+01  2.11408E-28  1.40701E+06  2.00000E-03 -9.92436E+00
  2.04774E+01  2.11408E-28  1.40701E+06  2.00000E-03 -9.92436E+00
  2.05710E+01  2.11486E-28  1.40735E+06  2.00000E-03 -9.83968E+00
  2.06646E+01  2.11646E-28  1.40804E+06  2.00000E-03 -9.66707E+00
  2.07582E+01  2.11646E-28  1.40804E+06  2.00000E-03 -9.66707E+00
  2.08517E+01  2.11749E-28  1.40850E+06  2.00000E-03 -9.58315E+00
  2.09453E+01  2.11970E-28  1.40948E+06  2.00000E-03 -9.39828E+00
  2.10389E+01  2.12102E-28  1.41005E+06  2.00000E-03 -9.23527E+00
  2.11325E+01  2.12061E-28  1.40986E+06  2.00000E-03 -9.25435E+00
  2.12261E+01  2.12061E-28  1.40986E+06  2.00000E-03 -9.25434E+00
  2.13196E+01  2.12061E-28  1.40986E+06  2.00000E-03 -9.25434E+00
  2.14132E+01  2.12061E-28  1.40986E+06  2.00000E-03 -9.25434E+00
  2.15068E+01  2.12061E-28  1.40986E+06  2.00000E-03 -9.25434E+00
  2.16004E+01  2.12061E-28  1.40986E+06  2.00000E-03 -9.25434E+00
  2.16940E+01  2.12252E-28  1.41071E+06  2.00000E-03 -9.10493E+00
  2.17875E+01  2.12590E-28  1.41220E+06  2.00000E-03 -8.83207E+00
  2.18811E+01  2.13075E-28  1.41430E+06  2.00000E-03 -8.35429E+00
  2.19747E+01  2.13302E-28  1.41529E+06  2.00000E-03 -8.15060E+00
  2.20683E+01  2.13302E-28  1.41529E+06  2.00000E-03 -8.15060E+00
  2.21618E+01  2.13302E-28  1.41529E+06  2.00000E-03 -8.15060E+00
  2.22554E+01  2.13302E-28  1.41529E+06  2.00000E-03 -8.15060E+00
  2.23490E+01  2.13302E-28  1.41529E+06  2.00000E-03 -8.15060E+00
  2.24426E+01  2.13302E-28  1.41529E+06  2.00000E-03 -8.15060E+00
  2.25362E+01  2.13302E-28  1.41529E+06  2.00000E-03 -8.15060E+00
  2.26297E+01  2.13332E-28  1.41542E+06  2.00000E-03 -8.11274E+00
  2.27233E+01  2.13586E-28  1.41653E+06  2.00000E-03 -7.79139E+00
  2.28169E+01  2.13627E-28  1.41671E+06  2.00000E-03 -7.73967E+00
  2.29105E+01  2.13627E-28  1.41671E+06  2.00000E-03 -7.73967E+00
  2.30041E+01  2.13627E-28  1.41671E+06  2.00000E-03 -7.73967E+00
  2.30976E+01  2.13627E-28  1.41671E+06  2.00000E-03 -7.73967E+00
  2.31912E+01  2.13627E-28  1.41671E+06  2.00000E-03 -7.73967E+00
  2.32848E+01  2.13627E-28  1.41671E+06  2.00000E-03 -7.73967E+00
  2.33784E+01  2.13757E-28  1.41728E+06  2.00000E-03 -7.62812E+00
  2.34720E+01  2.13973E-28  1.41823E+06  2.00000E-03 -7.43272E+00
  2.35655E+01  2.14412E-28  1.42015E+06  2.00000E-03 -6.95749E+00
  2.36591E+01  2.14526E-28  1.42065E+06  2.00000E-03 -6.84270E+00
  2.37527E+01  2.14526E-28  1.42065E+06  2.00000E-03 -6.84270E+00
  2.38463E+01  2.14526E-28  1.42065E+06  2.00000E-03 -6.84270E+00
  2.39399E+01  2.14526E-28  1.42065E+06  2.00000E-03 -6.84270E+00
  2.40334E+01  2.14526E-28  1.42065E+06  2.00000E-03 -6.84270E+00
  2.41270E+01  2.14526E-28  1.42065E+06  2.00000E-03 -6.84270E+00
  2.42206E+01  2.14526E-28  1.42065E+06  2.00000E-03 -6.84270E+00
  2.43142E+01  2.14528E-28  1.42066E+06  2.00000E-03 -6.84068E+00
  2.44078E+01  2.14811E-28  1.42190E+06  2.00000E-03 -6.50115E+00
  2.45013E+01  2.14831E-28  1.42198E+06  2.00000E-03 -6.47707E+00
  2.45949E+01  2.14831E-28  1.42198E+06  2.00000E-03 -6.47707E+00
  2.46885E+01  2.14831E-28  1.42198E+06  2.00000E-03 -6.47707E+00
  2.47821E+01  2.14831E-28  1.42198E+06  2.00000E-03 -6.47707E+00
  2.48757E+01  2.14831E-28  1.42198E+06  2.00000E-03 -6.47707E+00
  2.49692E+01  2.14831E-28  1.42198E+06  2.00000E-03 -6.47707E+00
  2.50628E+01  2.14941E-28  1.42247E+06  2.00000E-03 -6.37371E+00
  2.51564E+01  2.15099E-28  1.42316E+06  2.00000E-03 -6.22280E+00
  2.52500E+01  2.15487E-28  1.42486E+06  2.00000E-03 -5.79585E+00
  2.53436E+01  2.15495E-28  1.42490E+06  2.00000E-03 -5.78668E+00
  2.54371E+01  2.15495E-28  1.42490E+06  2.00000E-03 -5.78668E+00
  2.55307E+01  2.15495E-28  1.42490E+06  2.00000E-03 -5.78668E+00
  2.56243E+01  2.15495E-28  1.42490E+06  2.00000E-03 -5.78668E+00
  2.57179E+01  2.15495E-28  1.42490E+06  2.00000E-03 -5.78668E+00
  2.58115E+01  2.15495E-28  1.42490E+06  2.00000E-03 -5.78668E+00
  2.59050E+01  2.15495E-28  1.42490E+06  2.00000E-03 -5.78668E+00
  2.59986E+01  2.15510E-28  1.42496E+06  2.00000E-03 -5.76865E+00
  2.60922E+01  2.15713E-28  1.42585E+06  2.00000E-03 -5.53449E+00
  2.61858E+01  2.15713E-28  1.42585E+06  2.00000E-03 -5.53449E+00
  2.62794E+01  2.15713E-28  1.42585E+06  2.00000E-03 -5.53449E+00
  2.63729E+01  2.15713E-28  1.42585E+06  2.00000E-03 -5.53450E+00
  2.64665E+01  2.15713E-28  1.42585E+06  2.00000E-03 -5.53449E+00
  2.65601E+01  2.15713E-28  1.42585E+06  2.00000E-03 -5.53449E+00
  2.66537E+01  2.15713E-28  1.42585E+06  2.00000E-03 -5.53450E+00
  2.67473E+01  2.15866E-28  1.42652E+06  2.00000E-03 -5.40670E+00
  2.68408E+01  2.16032E-28  1.42725E+06  2.00000E-03 -5.26122E+00
