 -2.38863E+01  2.16089E-28  1.42753E+06  2.00000E-03  9.96645E+00
 -2.38395E+01  2.16089E-28  1.42753E+06  2.00000E-03  9.96645E+00
 -2.37927E+01  2.16089E-28  1.42753E+06  2.00000E-03  9.96645E+00
 -2.37459E+01  2.16089E-28  1.42753E+06  2.00000E-03  9.96645E+00
 -2.36991E+01  2.16089E-28  1.42753E+06  2.00000E-03  9.96645E+00
 -2.36523E+01  2.16089E-28  1.42753E+06  2.00000E-03  9.96645E+00
 -2.36055E+01  2.16089E-28  1.42753E+06  2.00000E-03  9.96645E+00
 -2.35587E+01  2.16089E-28  1.42753E+06  2.00000E-03  9.96645E+00
 -2.35119E+01  2.16089E-28  1.42753E+06  2.00000E-03  9.96645E+00
 -2.34651E+01  2.16089E-28  1.42753E+06  2.00000E-03  9.96645E+00
 -2.34184E+01  2.16089E-28  1.42753E+06  2.00000E-03  9.96645E+00
 -2.33716E+01  2.16089E-28  1.42753E+06  2.00000E-03  9.96645E+00
 -2.33248E+01  2.16089E-28  1.42753E+06  2.00000E-03  9.96645E+00
 -2.32780E+01  2.16089E-28  1.42753E+06  2.00000E-03  9.96645E+00
 -2.32312E+01  2.16089E-28  1.42753E+06  2.00000E-03  9.96645E+00
 -2.31844E+01  2.15775E-28  1.42616E+06  2.00000E-03  1.02181E+01
 -2.31376E+01  2.15460E-28  1.42477E+06  2.00000E-03  1.04706E+01
 -2.30908E+01  2.15460E-28  1.42477E+06  2.00000E-03  1.04706E+01
 -2.30440E+01  2.15460E-28  1.42477E+06  2.00000E-03  1.04706E+01
 -2.29972E+01  2.15460E-28  1.42477E+06  2.00000E-03  1.04706E+01
 -2.29505E+01  2.15460E-28  1.42477E+06  2.00000E-03  1.04706E+01
 -2.29037E+01  2.15460E-28  1.42477E+06  2.00000E-03  1.04706E+01
 -2.28569E+01  2.15460E-28  1.42477E+06  2.00000E-03  1.04706E+01
 -2.28101E+01  2.15460E-28  1.42477E+06  2.00000E-03  1.04706E+01
 -2.27633E+01  2.15460E-28  1.42477E+06  2.00000E-03  1.04706E+01
 -2.27165E+01  2.15460E-28  1.42477E+06  2.00000E-03  1.04706E+01
 -2.26697E+01  2.15460E-28  1.42477E+06  2.00000E-03  1.04706E+01
 -2.26229E+01  2.15460E-28  1.42477E+06  2.00000E-03  1.04706E+01
 -2.25761E+01  2.15460E-28  1.42477E+06  2.00000E-03  1.04706E+01
 -2.25294E+01  2.15460E-28  1.42477E+06  2.00000E-03  1.04706E+01
 -2.24826E+01  2.15460E-28  1.42477E+06  2.00000E-03  1.04706E+01
 -2.24358E+01  2.15177E-28  1.42354E+06  2.00000E-03  1.06875E+01
 -2.23890E+01  2.14895E-28  1.42229E+06  2.00000E-03  1.09051E+01
 -2.23422E+01  2.14895E-28  1.42229E+06  2.00000E-03  1.09051E+01
 -2.22954E+01  2.14895E-28  1.42229E+06  2.00000E-03  1.09051E+01
 -2.22486E+01  2.14895E-28  1.42229E+06  2.00000E-03  1.09051E+01
 -2.22018E+01  2.14895E-28  1.42229E+06  2.00000E-03  1.09051E+01
 -2.21550E+01  2.14895E-28  1.42229E+06  2.00000E-03  1.09051E+01
 -2.21082E+01  2.14895E-28  1.42229E+06  2.00000E-03  1.09051E+01
 -2.20615E+01  2.14895E-28  1.42229E+06  2.00000E-03  1.09051E+01
 -2.20147E+01  2.14895E-28  1.42229E+06  2.00000E-03  1.09051E+01
 -2.19679E+01  2.14895E-28  1.42229E+06  2.00000E-03  1.09051E+01
 -2.19211E+01  2.14895E-28  1.42229E+06  2.00000E-03  1.09051E+01
 -2.18743E+01  2.14895E-28  1.42229E+06  2.00000E-03  1.09051E+01
 -2.18275E+01  2.14895E-28  1.42229E+06  2.00000E-03  1.09051E+01
 -2.17807E+01  2.14895E-28  1.42229E+06  2.00000E-03  1.09051E+01
 -2.17339E+01  2.14895E-28  1.42229E+06  2.00000E-03  1.09051E+01
 -2.16871E+01  2.14677E-28  1.42134E+06  2.00000E-03  1.10640E+01
 -2.16403E+01  2.14460E-28  1.42039E+06  2.00000E-03  1.12233E+01
 -2.15936E+01  2.14460E-28  1.42039E+06  2.00000E-03  1.12233E+01
 -2.15468E+01  2.14460E-28  1.42039E+06  2.00000E-03  1.12233E+01
 -2.15000E+01  2.14460E-28  1.42039E+06  2.00000E-03  1.12233E+01
 -2.14532E+01  2.14460E-28  1.42039E+06  2.00000E-03  1.12233E+01
 -2.14064E+01  2.14460E-28  1.42039E+06  2.00000E-03  1.12233E+01
 -2.13596E+01  2.14460E-28  1.42039E+06  2.00000E-03  1.12233E+01
 -2.13128E+01  2.14460E-28  1.42039E+06  2.00000E-03  1.12233E+01
 -2.12660E+01  2.14460E-28  1.42039E+06  2.00000E-03  1.12233E+01
 -2.12192E+01  2.14460E-28  1.42039E+06  2.00000E-03  1.12233E+01
 -2.11724E+01  2.14460E-28  1.42039E+06  2.00000E-03  1.12233E+01
 -2.11257E+01  2.14460E-28  1.42039E+06  2.00000E-03  1.12233E+01
 -2.10789E+01  2.14460E-28  1.42039E+06  2.00000E-03  1.12233E+01
 -2.10321E+01  2.14460E-28  1.42039E+06  2.00000E-03  1.12233E+01
 -2.09853E+01  2.14460E-28  1.42039E+06  2.00000E-03  1.12233E+01
 -2.09385E+01  2.14293E-28  1.41967E+06  2.00000E-03  1.13322E+01
 -2.08917E+01  2.14127E-28  1.41894E+06  2.00000E-03  1.14412E+01
 -2.08449E+01  2.14127E-28  1.41894E+06  2.00000E-03  1.14412E+01
 -2.07981E+01  2.14127E-28  1.41894E+06  2.00000E-03  1.14412E+01
 -2.07513E+01  2.14127E-28  1.41894E+06  2.00000E-03  1.14412E+01
 -2.07045E+01  2.14127E-28  1.41894E+06  2.00000E-03  1.14412E+01
 -2.06578E+01  2.14127E-28  1.41894E+06  2.00000E-03  1.14412E+01
 -2.06110E+01  2.14127E-28  1.41894E+06  2.00000E-03  1.14412E+01
 -2.05642E+01  2.14127E-28  1.41894E+06  2.00000E-03  1.14412E+01
 -2.05174E+01  2.14127E-28  1.41894E+06  2.00000E-03  1.14412E+01
 -2.04706E+01  2.14127E-28  1.41894E+06  2.00000E-03  1.14412E+01
 -2.04238E+01  2.14127E-28  1.41894E+06  2.00000E-03  1.14412E+01
 -2.03770E+01  2.14127E-28  1.41894E+06  2.00000E-03  1.14412E+01
 -2.03302E+01  2.14127E-28  1.41894E+06  2.00000E-03  1.14412E+01
 -2.02834E+01  2.14127E-28  1.41894E+06  2.00000E-03  1.14412E+01
 -2.02366E+01  2.14127E-28  1.41894E+06  2.00000E-03  1.14412E+01
 -2.01899E+01  2.13954E-28  1.41819E+06  2.00000E-03  1.15421E+01
 -2.01431E+01  2.13781E-28  1.41743E+06  2.00000E-03  1.16431E+01
 -2.00963E+01  2.13781E-28  1.41743E+06  2.00000E-03  1.16431E+01
 -2.00495E+01  2.13781E-28  1.41743E+06  2.00000E-03  1.16431E+01
 -2.00027E+01  2.13781E-28  1.41743E+06  2.00000E-03  1.16431E+01
 -1.99559E+01  2.13781E-28  1.41743E+06  2.00000E-03  1.16431E+01
 -1.99091E+01  2.13781E-28  1.41743E+06  2.00000E-03  1.16431E+01
 -1.98623E+01  2.13781E-28  1.41743E+06  2.00000E-03  1.16431E+01
 -1.98155E+01  2.13781E-28  1.41743E+06  2.00000E-03  1.16431E+01
 -1.97687E+01  2.13781E-28  1.41743E+06  2.00000E-03  1.16431E+01
 -1.97220E+01  2.13781E-28  1.41743E+06  2.00000E-03  1.16431E+01
 -1.96752E+01  2.13781E-28  1.41743E+06  2.00000E-03  1.16431E+01
 -1.96284E+01  2.13781E-28  1.41743E+06  2.00000E-03  1.16431E+01
 -1.95816E+01  2.13781E-28  1.41743E+06  2.00000E-03  1.16431E+01
 -1.95348E+01  2.13781E-28  1.41743E+06  2.00000E-03  1.16431E+01
 -1.94880E+01  2.13781E-28  1.41743E+06  2.00000E-03  1.16431E+01
 -1.94412E+01  2.13504E-28  1.41623E+06  2.00000E-03  1.17664E+01
 -1.93944E+01  2.13227E-28  1.41503E+06  2.00000E-03  1.18900E+01
 -1.93476E+01  2.13227E-28  1.41503E+06  2.00000E-03  1.18900E+01
 -1.93008E+01  2.13227E-28  1.41503E+06  2.00000E-03  1.18900E+01
 -1.92541E+01  2.13227E-28  1.41503E+06  2.00000E-03  1.18900E+01
 -1.92073E+01  2.13227E-28  1.41503E+06  2.00000E-03  1.18900E+01
 -1.91605E+01  2.13227E-28  1.41503E+06  2.00000E-03  1.18900E+01
 -1.91137E+01  2.13227E-28  1.41503E+06  2.00000E-03  1.18900E+01
 -1.90669E+01  2.13227E-28  1.41503E+06  2.00000E-03  1.18900E+01
 -1.90201E+01  2.13227E-28  1.41503E+06  2.00000E-03  1.18900E+01
 -1.89733E+01  2.13227E-28  1.41503E+06  2.00000E-03  1.18900E+01
 -1.89265E+01  2.13227E-28  1.41503E+06  2.00000E-03  1.18900E+01
 -1.88797E+01  2.13227E-28  1.41503E+06  2.00000E-03  1.18900E+01
 -1.88329E+01  2.13227E-28  1.41503E+06  2.00000E-03  1.18900E+01
 -1.87862E+01  2.13227E-28  1.41503E+06  2.00000E-03  1.18900E+01
 -1.87394E+01  2.13227E-28  1.41503E+06  2.00000E-03  1.18900E+01
 -1.86926E+01  2.12795E-28  1.41313E+06  2.00000E-03  1.22073E+01
 -1.86458E+01  2.12362E-28  1.41122E+06  2.00000E-03  1.25260E+01
 -1.85990E+01  2.12362E-28  1.41122E+06  2.00000E-03  1.25260E+01
 -1.85522E+01  2.12362E-28  1.41122E+06  2.00000E-03  1.25260E+01
 -1.85054E+01  2.12362E-28  1.41122E+06  2.00000E-03  1.25260E+01
 -1.84586E+01  2.12362E-28  1.41122E+06  2.00000E-03  1.25260E+01
 -1.84118E+01  2.12362E-28  1.41122E+06  2.00000E-03  1.25260E+01
 -1.83650E+01  2.12362E-28  1.41122E+06  2.00000E-03  1.25260E+01
 -1.83183E+01  2.12095E-28  1.41004E+06  2.00000E-03  1.26647E+01
 -1.82715E+01  2.11827E-28  1.40886E+06  2.00000E-03  1.28037E+01
 -1.82247E+01  2.11827E-28  1.40886E+06  2.00000E-03  1.28037E+01
 -1.81779E+01  2.11827E-28  1.40886E+06  2.00000E-03  1.28037E+01
 -1.81311E+01  2.11827E-28  1.40886E+06  2.00000E-03  1.28037E+01
 -1.80843E+01  2.11827E-28  1.40886E+06  2.00000E-03  1.28037E+01
 -1.80375E+01  2.11827E-28  1.40886E+06  2.00000E-03  1.28037E+01
 -1.79907E+01  2.11827E-28  1.40886E+06  2.00000E-03  1.28037E+01
 -1.79439E+01  2.11533E-28  1.40756E+06  2.00000E-03  1.29587E+01
 -1.78971E+01  2.11238E-28  1.40626E+06  2.00000E-03  1.31142E+01
 -1.78504E+01  2.11238E-28  1.40626E+06  2.00000E-03  1.31142E+01
 -1.78036E+01  2.11238E-28  1.40626E+06  2.00000E-03  1.31142E+01
 -1.77568E+01  2.11238E-28  1.40626E+06  2.00000E-03  1.31142E+01
 -1.77100E+01  2.11238E-28  1.40626E+06  2.00000E-03  1.31142E+01
 -1.76632E+01  2.11238E-28  1.40626E+06  2.00000E-03  1.31142E+01
 -1.76164E+01  2.11238E-28  1.40626E+06  2.00000E-03  1.31142E+01
 -1.75696E+01  2.10933E-28  1.40492E+06  2.00000E-03  1.32758E+01
 -1.75228E+01  2.10627E-28  1.40356E+06  2.00000E-03  1.34378E+01
 -1.74760E+01  2.10627E-28  1.40356E+06  2.00000E-03  1.34378E+01
 -1.74292E+01  2.10627E-28  1.40356E+06  2.00000E-03  1.34378E+01
 -1.73825E+01  2.10627E-28  1.40356E+06  2.00000E-03  1.34378E+01
 -1.73357E+01  2.10627E-28  1.40356E+06  2.00000E-03  1.34378E+01
 -1.72889E+01  2.10627E-28  1.40356E+06  2.00000E-03  1.34378E+01
 -1.72421E+01  2.10627E-28  1.40356E+06  2.00000E-03  1.34378E+01
 -1.71953E+01  2.10314E-28  1.40218E+06  2.00000E-03  1.36085E+01
 -1.71485E+01  2.10001E-28  1.40079E+06  2.00000E-03  1.37796E+01
 -1.71017E+01  2.10001E-28  1.40079E+06  2.00000E-03  1.37796E+01
 -1.70549E+01  2.10001E-28  1.40079E+06  2.00000E-03  1.37796E+01
 -1.70081E+01  2.10001E-28  1.40079E+06  2.00000E-03  1.37796E+01
 -1.69613E+01  2.10001E-28  1.40079E+06  2.00000E-03  1.37796E+01
 -1.69146E+01  2.10001E-28  1.40079E+06  2.00000E-03  1.37796E+01
 -1.68678E+01  2.10001E-28  1.40079E+06  2.00000E-03  1.37796E+01
 -1.68210E+01  2.09671E-28  1.39933E+06  2.00000E-03  1.39704E+01
 -1.67742E+01  2.09341E-28  1.39787E+06  2.00000E-03  1.41617E+01
 -1.67274E+01  2.09341E-28  1.39787E+06  2.00000E-03  1.41617E+01
 -1.66806E+01  2.09341E-28  1.39787E+06  2.00000E-03  1.41617E+01
 -1.66338E+01  2.09341E-28  1.39787E+06  2.00000E-03  1.41617E+01
 -1.65870E+01  2.09341E-28  1.39787E+06  2.00000E-03  1.41617E+01
 -1.65402E+01  2.09341E-28  1.39787E+06  2.00000E-03  1.41617E+01
 -1.64935E+01  2.09341E-28  1.39787E+06  2.00000E-03  1.41617E+01
 -1.64467E+01  2.08970E-28  1.39623E+06  2.00000E-03  1.43935E+01
 -1.63999E+01  2.08598E-28  1.39458E+06  2.00000E-03  1.46261E+01
 -1.63531E+01  2.08598E-28  1.39458E+06  2.00000E-03  1.46261E+01
 -1.63063E+01  2.08598E-28  1.39458E+06  2.00000E-03  1.46261E+01
 -1.62595E+01  2.08598E-28  1.39458E+06  2.00000E-03  1.46261E+01
 -1.62127E+01  2.08598E-28  1.39458E+06  2.00000E-03  1.46261E+01
 -1.61659E+01  2.08598E-28  1.39458E+06  2.00000E-03  1.46261E+01
 -1.61191E+01  2.08598E-28  1.39458E+06  2.00000E-03  1.46261E+01
 -1.60723E+01  2.08148E-28  1.39258E+06  2.00000E-03  1.49303E+01
 -1.60256E+01  2.07698E-28  1.39057E+06  2.00000E-03  1.52359E+01
 -1.59788E+01  2.07698E-28  1.39057E+06  2.00000E-03  1.52359E+01
 -1.59320E+01  2.07698E-28  1.39057E+06  2.00000E-03  1.52359E+01
 -1.58852E+01  2.07698E-28  1.39057E+06  2.00000E-03  1.52359E+01
 -1.58384E+01  2.07698E-28  1.39057E+06  2.00000E-03  1.52359E+01
 -1.57916E+01  2.07698E-28  1.39057E+06  2.00000E-03  1.52359E+01
 -1.57448E+01  2.07698E-28  1.39057E+06  2.00000E-03  1.52359E+01
 -1.56980E+01  2.07120E-28  1.38801E+06  2.00000E-03  1.56442E+01
 -1.56512E+01  2.06542E-28  1.38542E+06  2.00000E-03  1.60549E+01
 -1.56044E+01  2.06542E-28  1.38542E+06  2.00000E-03  1.60549E+01
 -1.55577E+01  2.06542E-28  1.38542E+06  2.00000E-03  1.60549E+01
 -1.55109E+01  2.06542E-28  1.38542E+06  2.00000E-03  1.60549E+01
 -1.54641E+01  2.06542E-28  1.38542E+06  2.00000E-03  1.60549E+01
 -1.54173E+01  2.06542E-28  1.38542E+06  2.00000E-03  1.60549E+01
 -1.53705E+01  2.06542E-28  1.38542E+06  2.00000E-03  1.60549E+01
 -1.53237E+01  2.05834E-28  1.38227E+06  2.00000E-03  1.66269E+01
 -1.52769E+01  2.05125E-28  1.37909E+06  2.00000E-03  1.72029E+01
 -1.52301E+01  2.05125E-28  1.37909E+06  2.00000E-03  1.72029E+01
 -1.51833E+01  2.05125E-28  1.37909E+06  2.00000E-03  1.72029E+01
 -1.51365E+01  2.05125E-28  1.37909E+06  2.00000E-03  1.72029E+01
 -1.50898E+01  2.05125E-28  1.37909E+06  2.00000E-03  1.72029E+01
 -1.50430E+01  2.05125E-28  1.37909E+06  2.00000E-03  1.72029E+01
 -1.49962E+01  2.05125E-28  1.37909E+06  2.00000E-03  1.72029E+01
 -1.49494E+01  2.04321E-28  1.37545E+06  2.00000E-03  1.79831E+01
 -1.49026E+01  2.03518E-28  1.37178E+06  2.00000E-03  1.87695E+01
 -1.48558E+01  2.03518E-28  1.37178E+06  2.00000E-03  1.87695E+01
 -1.48090E+01  2.03518E-28  1.37178E+06  2.00000E-03  1.87695E+01
 -1.47622E+01  2.03518E-28  1.37178E+06  2.00000E-03  1.87695E+01
 -1.47154E+01  2.03518E-28  1.37178E+06  2.00000E-03  1.87695E+01
 -1.46686E+01  2.03518E-28  1.37178E+06  2.00000E-03  1.87695E+01
 -1.46219E+01  2.03518E-28  1.37178E+06  2.00000E-03  1.87695E+01
 -1.45751E+01  2.02668E-28  1.36837E+06  1.99999E-03  1.94198E+01
 -1.45283E+01  2.01818E-28  1.36494E+06  1.99999E-03  2.00757E+01
 -1.44815E+01  2.01818E-28  1.36494E+06  1.99999E-03  2.00757E+01
 -1.44347E+01  2.01818E-28  1.36494E+06  1.99999E-03  2.00757E+01
 -1.43879E+01  2.01818E-28  1.36494E+06  1.99999E-03  2.00757E+01
 -1.43411E+01  2.01818E-28  1.36494E+06  1.99999E-03  2.00757E+01
 -1.42943E+01  2.01818E-28  1.36494E+06  1.99999E-03  2.00757E+01
 -1.42475E+01  2.01818E-28  1.36494E+06  1.99999E-03  2.00757E+01
 -1.42007E+01  2.00652E-28  1.36240E+06  1.99999E-03  1.93721E+01
 -1.41540E+01  1.99486E-28  1.35984E+06  1.99999E-03  1.86602E+01
 -1.41072E+01  1.99486E-28  1.35984E+06  1.99999E-03  1.86602E+01
 -1.40604E+01  1.99486E-28  1.35984E+06  1.99999E-03  1.86602E+01
 -1.40136E+01  1.99486E-28  1.35984E+06  1.99999E-03  1.86602E+01
 -1.39668E+01  1.99486E-28  1.35984E+06  1.99999E-03  1.86602E+01
 -1.39200E+01  1.99486E-28  1.35984E+06  1.99999E-03  1.86602E+01
 -1.38732E+01  1.99486E-28  1.35984E+06  1.99999E-03  1.86602E+01
 -1.38264E+01  1.99657E-28  1.36089E+06  1.99999E-03  1.76595E+01
 -1.37796E+01  1.99829E-28  1.36193E+06  1.99998E-03  1.66605E+01
 -1.37328E+01  1.99829E-28  1.36193E+06  1.99998E-03  1.66605E+01
 -1.36861E+01  1.99829E-28  1.36193E+06  1.99998E-03  1.66605E+01
 -1.36393E+01  2.00218E-28  1.36272E+06  1.99998E-03  1.62114E+01
 -1.35925E+01  2.00607E-28  1.36350E+06  1.99998E-03  1.57639E+01
 -1.35457E+01  2.00607E-28  1.36350E+06  1.99998E-03  1.57639E+01
 -1.34989E+01  2.00607E-28  1.36350E+06  1.99998E-03  1.57639E+01
 -1.34521E+01  2.01365E-28  1.36522E+06  1.99999E-03  1.56425E+01
 -1.34053E+01  2.02124E-28  1.36692E+06  1.99999E-03  1.55220E+01
 -1.33585E+01  2.02124E-28  1.36692E+06  1.99999E-03  1.55220E+01
 -1.33117E+01  2.02124E-28  1.36692E+06  1.99999E-03  1.55220E+01
 -1.32649E+01  2.02935E-28  1.36994E+06  1.99986E-03  1.61158E+01
 -1.32182E+01  2.03747E-28  1.37294E+06  1.99973E-03  1.67048E+01
 -1.31714E+01  2.03747E-28  1.37294E+06  1.99973E-03  1.67048E+01
 -1.31246E+01  2.03747E-28  1.37294E+06  1.99973E-03  1.67048E+01
 -1.30778E+01  2.04649E-28  1.37598E+06  1.99841E-03  1.80609E+01
 -1.30310E+01  2.05551E-28  1.37898E+06  1.99710E-03  1.94051E+01
 -1.29842E+01  2.05551E-28  1.37898E+06  1.99710E-03  1.94051E+01
 -1.29374E+01  2.05551E-28  1.37898E+06  1.99710E-03  1.94051E+01
 -1.28906E+01  2.07500E-28  1.37550E+06  1.99213E-03  2.12238E+01
 -1.28438E+01  2.09450E-28  1.37209E+06  1.98724E-03  2.30086E+01
 -1.27970E+01  2.09450E-28  1.37209E+06  1.98724E-03  2.30086E+01
 -1.27503E+01  2.09450E-28  1.37209E+06  1.98724E-03  2.30086E+01
 -1.27035E+01  2.13504E-28  1.35511E+06  1.97306E-03  2.48566E+01
 -1.26567E+01  2.17558E-28  1.33877E+06  1.95940E-03  2.66357E+01
 -1.26099E+01  2.17558E-28  1.33877E+06  1.95940E-03  2.66357E+01
 -1.25631E+01  2.17558E-28  1.33877E+06  1.95940E-03  2.66357E+01
 -1.25163E+01  2.25289E-28  1.29983E+06  1.93558E-03  2.80674E+01
 -1.24695E+01  2.33019E-28  1.26347E+06  1.91334E-03  2.94040E+01
 -1.24227E+01  2.33019E-28  1.26347E+06  1.91334E-03  2.94040E+01
 -1.23759E+01  2.33019E-28  1.26347E+06  1.91334E-03  2.94040E+01
 -1.23291E+01  2.49119E-28  1.18635E+06  1.87559E-03  2.97135E+01
 -1.22824E+01  2.65218E-28  1.11859E+06  1.84243E-03  2.99853E+01
 -1.22356E+01  2.65218E-28  1.11859E+06  1.84243E-03  2.99853E+01
 -1.21888E+01  2.65218E-28  1.11859E+06  1.84243E-03  2.99853E+01
 -1.21420E+01  3.12038E-28  9.52536E+05  1.74148E-03  2.84511E+01
 -1.20952E+01  3.58857E-28  8.29812E+05  1.66687E-03  2.73172E+01
 -1.20484E+01  3.58857E-28  8.29812E+05  1.66687E-03  2.73172E+01
 -1.20016E+01  3.58857E-28  8.29812E+05  1.66687E-03  2.73172E+01
 -1.19548E+01  5.59484E-28  5.31353E+05  1.49980E-03  2.36469E+01
 -1.19080E+01  7.60112E-28  3.90447E+05  1.42093E-03  2.19141E+01
 -1.18612E+01  7.60112E-28  3.90447E+05  1.42093E-03  2.19141E+01
 -1.18145E+01  7.60112E-28  3.90447E+05  1.42093E-03  2.19141E+01
 -1.17677E+01  1.04182E-27  2.84643E+05  1.36622E-03  1.91676E+01
 -1.17209E+01  1.32353E-27  2.23879E+05  1.33479E-03  1.75903E+01
 -1.16741E+01  1.32353E-27  2.23879E+05  1.33479E-03  1.75903E+01
 -1.16273E+01  1.32353E-27  2.23879E+05  1.33479E-03  1.75903E+01
 -1.15805E+01  1.16958E-27  2.56547E+05  1.35286E-03  1.72695E+01
 -1.15337E+01  1.01563E-27  2.99118E+05  1.37641E-03  1.68514E+01
 -1.14869E+01  1.01563E-27  2.99118E+05  1.37641E-03  1.68514E+01
 -1.14401E+01  1.01563E-27  2.99118E+05  1.37641E-03  1.68514E+01
 -1.13933E+01  8.34458E-28  3.64171E+05  1.39143E-03  1.49670E+01
 -1.13466E+01  6.53288E-28  4.65305E+05  1.41480E-03  1.20375E+01
 -1.12998E+01  6.53288E-28  4.65305E+05  1.41480E-03  1.20375E+01
 -1.12530E+01  6.53288E-28  4.65305E+05  1.41480E-03  1.20375E+01
 -1.12062E+01  1.74909E-27  1.75951E+05  1.26323E-03  4.04871E+00
 -1.11594E+01  2.84489E-27  1.09504E+05  1.22843E-03  2.21421E+00
 -1.11126E+01  2.84489E-27  1.09504E+05  1.22843E-03  2.21421E+00
 -1.10658E+01  2.84489E-27  1.09504E+05  1.22843E-03  2.21421E+00
 -1.10190E+01  5.08547E-27  4.72430E+04  1.19578E-03 -2.82682E+00
 -1.09722E+01  7.32605E-27  2.30652E+04  1.18310E-03 -4.78438E+00
 -1.09254E+01  7.32605E-27  2.30652E+04  1.18310E-03 -4.78438E+00
 -1.08787E+01  7.32605E-27  2.30652E+04  1.18310E-03 -4.78438E+00
 -1.08319E+01  7.39247E-27  1.99946E+04  1.17628E-03 -9.24910E+00
 -1.07851E+01  7.45889E-27  1.69787E+04  1.16958E-03 -1.36343E+01
 -1.07383E+01  7.45889E-27  1.69787E+04  1.16958E-03 -1.36343E+01
 -1.06915E+01  7.45889E-27  1.69787E+04  1.16958E-03 -1.36343E+01
 -1.06447E+01  8.32013E-27  1.58022E+04  1.16504E-03 -1.69703E+01
 -1.05979E+01  9.18137E-27  1.48464E+04  1.16134E-03 -1.96804E+01
 -1.05511E+01  9.18137E-27  1.48464E+04  1.16134E-03 -1.96804E+01
 -1.05043E+01  9.18137E-27  1.48464E+04  1.16134E-03 -1.96804E+01
 -1.04575E+01  8.83184E-27  1.49787E+04  1.16381E-03 -2.28196E+01
 -1.04108E+01  8.48231E-27  1.51219E+04  1.16649E-03 -2.62174E+01
 -1.03640E+01  8.48231E-27  1.51219E+04  1.16649E-03 -2.62174E+01
 -1.03172E+01  8.48231E-27  1.51219E+04  1.16649E-03 -2.62174E+01
 -1.02704E+01  6.79057E-27  1.68597E+04  1.17972E-03 -2.88649E+01
 -1.02236E+01  5.09883E-27  1.97507E+04  1.20174E-03 -3.32692E+01
 -1.01768E+01  5.09883E-27  1.97507E+04  1.20174E-03 -3.32692E+01
 -1.01300E+01  5.09883E-27  1.97507E+04  1.20174E-03 -3.32692E+01
 -1.00832E+01  3.70576E-27  2.60504E+04  1.21240E-03 -3.42260E+01
 -1.00364E+01  2.31268E-27  3.99395E+04  1.23590E-03 -3.63355E+01
 -9.98965E+00  2.31268E-27  3.99395E+04  1.23590E-03 -3.63355E+01
 -9.94286E+00  2.31268E-27  3.99395E+04  1.23590E-03 -3.63355E+01
 -9.89607E+00  1.99651E-27  4.36692E+04  1.24051E-03 -3.61449E+01
 -9.84928E+00  1.68033E-27  4.88024E+04  1.24685E-03 -3.58826E+01
 -9.80249E+00  1.68033E-27  4.88024E+04  1.24685E-03 -3.58826E+01
 -9.75570E+00  1.68033E-27  4.88024E+04  1.24685E-03 -3.58826E+01
 -9.70891E+00  1.60916E-27  4.59633E+04  1.24794E-03 -3.70968E+01
 -9.66212E+00  1.53800E-27  4.28614E+04  1.24913E-03 -3.84234E+01
 -9.61533E+00  1.53800E-27  4.28614E+04  1.24913E-03 -3.84234E+01
 -9.56854E+00  1.53800E-27  4.28614E+04  1.24913E-03 -3.84234E+01
 -9.52175E+00  1.53170E-27  4.14774E+04  1.24996E-03 -3.90922E+01
 -9.47496E+00  1.52541E-27  4.00819E+04  1.25079E-03 -3.97666E+01
 -9.42817E+00  1.52541E-27  4.00819E+04  1.25079E-03 -3.97666E+01
 -9.38138E+00  1.52541E-27  4.00819E+04  1.25079E-03 -3.97666E+01
 -9.33459E+00  1.71003E-27  4.01250E+04  1.25080E-03 -3.75677E+01
 -9.28780E+00  1.89465E-27  4.01597E+04  1.25081E-03 -3.57974E+01
 -9.24101E+00  1.89465E-27  4.01597E+04  1.25081E-03 -3.57974E+01
 -9.19422E+00  1.89465E-27  4.01597E+04  1.25081E-03 -3.57974E+01
 -9.14743E+00  2.03301E-27  4.06114E+04  1.25281E-03 -3.50062E+01
 -9.10064E+00  2.17136E-27  4.10056E+04  1.25456E-03 -3.43158E+01
 -9.05385E+00  2.44492E-27  3.90318E+04  1.25350E-03 -3.22826E+01
 -9.00706E+00  2.71849E-27  3.74553E+04  1.25266E-03 -3.06586E+01
 -8.96027E+00  3.04620E-27  3.55104E+04  1.25017E-03 -2.86197E+01
 -8.91348E+00  3.37391E-27  3.39433E+04  1.24816E-03 -2.69769E+01
 -8.86669E+00  3.70541E-27  3.22894E+04  1.24633E-03 -2.50767E+01
 -8.81990E+00  4.03691E-27  3.09071E+04  1.24481E-03 -2.34885E+01
 -8.77311E+00  4.23953E-27  3.05040E+04  1.24443E-03 -2.17100E+01
 -8.72632E+00  4.44215E-27  3.01376E+04  1.24409E-03 -2.00938E+01
 -8.67953E+00  4.42418E-27  3.12531E+04  1.24526E-03 -1.84165E+01
 -8.63274E+00  4.40621E-27  3.23777E+04  1.24644E-03 -1.67255E+01
 -8.58595E+00  4.17950E-27  3.50834E+04  1.24934E-03 -1.51751E+01
 -8.53916E+00  3.95279E-27  3.80994E+04  1.25257E-03 -1.34469E+01
 -8.49237E+00  3.62865E-27  4.23587E+04  1.25681E-03 -1.20558E+01
 -8.44558E+00  3.30452E-27  4.74536E+04  1.26188E-03 -1.03918E+01
 -8.39879E+00  3.09775E-27  5.14246E+04  1.26592E-03 -8.98819E+00
 -8.35200E+00  2.89098E-27  5.59636E+04  1.27053E-03 -7.38378E+00
 -8.30521E+00  2.66357E-27  6.19292E+04  1.27392E-03 -5.86258E+00
 -8.25842E+00  2.43616E-27  6.90086E+04  1.27795E-03 -4.05737E+00
 -8.21163E+00  2.13253E-27  8.02391E+04  1.28349E-03 -2.44793E+00
 -8.16484E+00  1.82891E-27  9.51984E+04  1.29087E-03 -3.04107E-01
 -8.11805E+00  1.50364E-27  1.16056E+05  1.30032E-03  6.45821E-01
 -8.07126E+00  1.17837E-27  1.48429E+05  1.31498E-03  2.12017E+00
 -8.02447E+00  1.06303E-27  1.63048E+05  1.32243E-03  1.47449E+00
 -7.97768E+00  9.47693E-28  1.81225E+05  1.33168E-03  6.71641E-01
 -7.93089E+00  9.42875E-28  1.79996E+05  1.33113E-03 -9.48305E-01
 -7.88410E+00  9.38057E-28  1.78754E+05  1.33057E-03 -2.58489E+00
 -7.83731E+00  9.96182E-28  1.64243E+05  1.32110E-03 -2.75763E+00
 -7.79052E+00  1.05431E-27  1.51332E+05  1.31268E-03 -2.91133E+00
 -7.74373E+00  1.14000E-27  1.32634E+05  1.30105E-03 -1.27834E+00
 -7.69694E+00  1.22570E-27  1.16549E+05  1.29106E-03  1.26301E-01
 -7.65015E+00  1.24337E-27  1.05314E+05  1.28805E-03  2.24803E+00
 -7.60336E+00  1.26105E-27  9.43946E+04  1.28514E-03  4.31027E+00
 -7.55657E+00  1.20548E-27  9.17134E+04  1.29060E-03  5.53772E+00
 -7.50978E+00  1.14990E-27  8.87729E+04  1.29658E-03  6.88382E+00
 -7.46299E+00  1.10791E-27  9.06480E+04  1.30331E-03  7.46533E+00
 -7.41620E+00  1.06591E-27  9.26708E+04  1.31057E-03  8.09265E+00
 -7.36941E+00  1.02047E-27  9.68875E+04  1.31413E-03  8.82818E+00
 -7.32262E+00  9.75035E-28  1.01497E+05  1.31802E-03  9.63227E+00
 -7.27583E+00  9.31284E-28  1.06690E+05  1.31758E-03  1.06243E+01
 -7.22904E+00  8.87533E-28  1.12394E+05  1.31710E-03  1.17141E+01
 -7.18225E+00  8.45339E-28  1.23619E+05  1.31426E-03  1.22201E+01
 -7.13546E+00  8.03144E-28  1.36022E+05  1.31112E-03  1.27793E+01
 -7.08867E+00  7.60317E-28  1.56236E+05  1.31544E-03  1.29799E+01
 -7.04188E+00  7.17490E-28  1.78862E+05  1.32028E-03  1.32044E+01
 -6.99509E+00  6.74935E-28  2.09036E+05  1.34210E-03  1.33704E+01
 -6.94830E+00  6.32381E-28  2.43271E+05  1.36686E-03  1.35588E+01
 -6.90151E+00  5.97120E-28  2.81306E+05  1.39820E-03  1.27754E+01
 -6.85472E+00  5.61858E-28  3.24114E+05  1.43348E-03  1.18938E+01
 -6.80793E+00  5.78572E-28  3.42171E+05  1.45020E-03  9.01891E+00
 -6.76114E+00  5.95285E-28  3.59214E+05  1.46599E-03  6.30548E+00
 -6.71435E+00  7.48026E-28  3.12845E+05  1.41845E-03  5.38783E+00
 -6.66756E+00  9.00768E-28  2.82200E+05  1.38703E-03  4.78140E+00
 -6.62077E+00  1.05862E-27  2.45457E+05  1.37636E-03  5.74500E+00
 -6.57398E+00  1.21646E-27  2.18249E+05  1.36845E-03  6.45854E+00
 -6.52719E+00  1.20097E-27  2.19918E+05  1.37313E-03  4.15633E+00
 -6.48040E+00  1.18547E-27  2.21630E+05  1.37793E-03  1.79395E+00
 -6.43362E+00  1.02626E-27  2.57263E+05  1.38586E-03 -3.38805E+00
 -6.38683E+00  8.67037E-28  3.05983E+05  1.39671E-03 -1.04732E+01
 -6.34003E+00  8.39914E-28  3.16162E+05  1.40282E-03 -1.60286E+01
 -6.29325E+00  8.12791E-28  3.27021E+05  1.40935E-03 -2.19547E+01
 -6.24646E+00  7.83386E-28  3.37615E+05  1.41233E-03 -2.47020E+01
 -6.19967E+00  7.53982E-28  3.49036E+05  1.41556E-03 -2.76635E+01
 -6.15288E+00  7.56296E-28  3.47858E+05  1.41375E-03 -2.83795E+01
 -6.10609E+00  7.58610E-28  3.46687E+05  1.41196E-03 -2.90911E+01
 -6.05930E+00  7.68748E-28  3.44267E+05  1.40851E-03 -2.84390E+01
 -6.01251E+00  7.78886E-28  3.41911E+05  1.40516E-03 -2.78038E+01
 -5.96572E+00  7.88514E-28  3.39153E+05  1.40126E-03 -2.57970E+01
 -5.91893E+00  7.98142E-28  3.36461E+05  1.39746E-03 -2.38385E+01
 -5.87214E+00  8.13724E-28  3.31959E+05  1.39253E-03 -2.07841E+01
 -5.82535E+00  8.29305E-28  3.27626E+05  1.38779E-03 -1.78445E+01
 -5.77856E+00  8.52982E-28  3.19363E+05  1.38341E-03 -1.42255E+01
 -5.73177E+00  8.76658E-28  3.11546E+05  1.37926E-03 -1.08021E+01
 -5.68498E+00  9.08215E-28  3.01292E+05  1.37721E-03 -7.13923E+00
 -5.63819E+00  9.39772E-28  2.91728E+05  1.37530E-03 -3.72240E+00
 -5.59140E+00  9.84470E-28  2.78266E+05  1.37206E-03 -1.73760E+00
 -5.54461E+00  1.02917E-27  2.65974E+05  1.36911E-03  7.47906E-02
 -5.49782E+00  1.15079E-27  2.38363E+05  1.36023E-03 -4.05333E-01
 -5.45103E+00  1.27241E-27  2.16031E+05  1.35304E-03 -7.93673E-01
 -5.40424E+00  1.59105E-27  1.75816E+05  1.34870E-03 -2.04736E+00
 -5.35745E+00  1.90969E-27  1.49021E+05  1.34580E-03 -2.88268E+00
 -5.31066E+00  1.97555E-27  1.44233E+05  1.34380E-03 -4.97149E+00
 -5.26387E+00  2.04140E-27  1.39753E+05  1.34194E-03 -6.92552E+00
 -5.21708E+00  2.22683E-27  1.24139E+05  1.33650E-03 -1.07009E+01
 -5.17029E+00  2.41227E-27  1.10925E+05  1.33189E-03 -1.38959E+01
 -5.12350E+00  2.17271E-27  1.19874E+05  1.34044E-03 -1.92440E+01
 -5.07671E+00  1.93316E-27  1.31042E+05  1.35111E-03 -2.59175E+01
 -5.02992E+00  1.36204E-27  1.81839E+05  1.37884E-03 -3.09404E+01
 -4.98313E+00  7.90914E-28  3.05999E+05  1.44663E-03 -4.32175E+01
 -4.93634E+00  6.30294E-28  3.73496E+05  1.47375E-03 -4.92387E+01
 -4.88955E+00  4.69673E-28  4.87160E+05  1.51942E-03 -5.93782E+01
 -4.84276E+00  4.75843E-28  4.79303E+05  1.49702E-03 -6.24730E+01
 -4.79597E+00  4.82012E-28  4.71648E+05  1.47519E-03 -6.54886E+01
 -4.74918E+00  4.88150E-28  4.71776E+05  1.47419E-03 -6.58991E+01
 -4.70239E+00  4.94289E-28  4.71901E+05  1.47322E-03 -6.62994E+01
 -4.65560E+00  4.77967E-28  4.94419E+05  1.49552E-03 -6.69329E+01
 -4.60881E+00  4.61644E-28  5.18530E+05  1.51939E-03 -6.76113E+01
 -4.56202E+00  4.53504E-28  5.32792E+05  1.53325E-03 -6.84387E+01
 -4.51523E+00  4.45363E-28  5.47575E+05  1.54762E-03 -6.92964E+01
 -4.46844E+00  4.57016E-28  5.41530E+05  1.54146E-03 -6.88317E+01
 -4.42165E+00  4.68668E-28  5.35784E+05  1.53560E-03 -6.83902E+01
 -4.37486E+00  5.01232E-28  5.14882E+05  1.51769E-03 -6.57190E+01
 -4.32807E+00  5.33796E-28  4.96529E+05  1.50196E-03 -6.33738E+01
 -4.28128E+00  5.89520E-28  4.66897E+05  1.48090E-03 -5.87613E+01
 -4.23449E+00  6.45243E-28  4.42382E+05  1.46349E-03 -5.49456E+01
 -4.18770E+00  7.14879E-28  4.10307E+05  1.44566E-03 -5.04323E+01
 -4.14091E+00  7.84514E-28  3.83926E+05  1.43100E-03 -4.67202E+01
 -4.09412E+00  8.00057E-28  3.80176E+05  1.42658E-03 -4.50155E+01
 -4.04733E+00  8.15599E-28  3.76569E+05  1.42233E-03 -4.33758E+01
 -4.00054E+00  7.11158E-28  4.36168E+05  1.45505E-03 -4.43815E+01
 -3.95375E+00  6.06716E-28  5.16286E+05  1.49904E-03 -4.57335E+01
 -3.90696E+00  5.00531E-28  6.29148E+05  1.56284E-03 -4.77722E+01
 -3.86017E+00  3.94347E-28  8.02791E+05  1.66100E-03 -5.09089E+01
 -3.81338E+00  3.65996E-28  8.66666E+05  1.69622E-03 -5.23354E+01
 -3.76659E+00  3.37646E-28  9.41268E+05  1.73736E-03 -5.40015E+01
 -3.71980E+00  3.43282E-28  9.28699E+05  1.73613E-03 -5.35935E+01
 -3.67301E+00  3.48919E-28  9.16536E+05  1.73495E-03 -5.31987E+01
 -3.62622E+00  3.60256E-28  8.89691E+05  1.72234E-03 -5.16411E+01
 -3.57943E+00  3.71592E-28  8.64484E+05  1.71050E-03 -5.01786E+01
 -3.53264E+00  3.73206E-28  8.64261E+05  1.70938E-03 -4.86082E+01
 -3.48585E+00  3.74819E-28  8.64041E+05  1.70828E-03 -4.70514E+01
 -3.43906E+00  3.69026E-28  8.85658E+05  1.71569E-03 -4.50549E+01
 -3.39227E+00  3.63233E-28  9.07965E+05  1.72335E-03 -4.29947E+01
 -3.34548E+00  3.57772E-28  9.32133E+05  1.72919E-03 -3.97153E+01
 -3.29869E+00  3.52311E-28  9.57051E+05  1.73522E-03 -3.63344E+01
 -3.25190E+00  3.49427E-28  9.70913E+05  1.73883E-03 -3.18828E+01
 -3.20511E+00  3.46543E-28  9.85006E+05  1.74250E-03 -2.73572E+01
 -3.15832E+00  3.48468E-28  9.76223E+05  1.74135E-03 -2.27780E+01
 -3.11153E+00  3.50394E-28  9.67538E+05  1.74020E-03 -1.82492E+01
 -3.06474E+00  3.79595E-28  8.81965E+05  1.71178E-03 -1.46653E+01
 -3.01795E+00  4.08796E-28  8.08617E+05  1.68742E-03 -1.15934E+01
 -2.97116E+00  5.75961E-28  5.63578E+05  1.57389E-03 -9.35915E+00
 -2.92437E+00  7.43127E-28  4.28781E+05  1.51144E-03 -8.13008E+00
 -2.87758E+00  1.86640E-27  1.65402E+05  1.34459E-03 -7.06336E+00
 -2.83079E+00  2.98967E-27  9.99355E+04  1.30311E-03 -6.79821E+00
 -2.78400E+00  7.64667E-27  3.67124E+04  1.24257E-03 -5.80454E+00
 -2.73721E+00  1.23037E-26  2.13498E+04  1.22786E-03 -5.56308E+00
 -2.69042E+00  1.51981E-26  1.70955E+04  1.21083E-03 -4.17883E+00
 -2.64363E+00  1.80925E-26  1.42025E+04  1.19926E-03 -3.23748E+00
 -2.59684E+00  1.87810E-26  1.40833E+04  1.19069E-03 -1.94996E+00
 -2.55005E+00  1.94695E-26  1.39725E+04  1.18273E-03 -7.53501E-01
 -2.50326E+00  1.98537E-26  1.39610E+04  1.17980E-03 -9.33615E-03
 -2.45647E+00  2.02379E-26  1.39500E+04  1.17698E-03  7.06572E-01
 -2.40968E+00  1.99411E-26  1.39730E+04  1.17614E-03  9.81678E-01
 -2.36289E+00  1.96443E-26  1.39967E+04  1.17527E-03  1.26510E+00
 -2.31610E+00  1.88566E-26  1.39842E+04  1.17615E-03  1.14531E+00
 -2.26931E+00  1.80688E-26  1.39706E+04  1.17709E-03  1.01508E+00
 -2.22252E+00  1.70736E-26  1.39782E+04  1.17808E-03  7.56669E-01
 -2.17573E+00  1.60783E-26  1.39867E+04  1.17918E-03  4.66261E-01
 -2.12894E+00  1.41891E-26  1.41877E+04  1.18068E-03  1.90672E-01
 -2.08215E+00  1.22999E-26  1.44504E+04  1.18263E-03 -1.69578E-01
 -2.03536E+00  1.00672E-26  1.57395E+04  1.18881E-03  7.95061E-02
 -1.98857E+00  7.83445E-27  1.77634E+04  1.19850E-03  4.70560E-01
 -1.94178E+00  6.02632E-27  2.41681E+04  1.20721E-03  1.88897E+00
 -1.89499E+00  4.21818E-27  3.60636E+04  1.22337E-03  4.52340E+00
 -1.84820E+00  2.81148E-27  6.04902E+04  1.24061E-03  6.64353E+00
 -1.80141E+00  1.40479E-27  1.33836E+05  1.29238E-03  1.30097E+01
 -1.75462E+00  1.01175E-27  2.00709E+05  1.32982E-03  1.69606E+01
 -1.70783E+00  6.18707E-28  3.52545E+05  1.41483E-03  2.59313E+01
 -1.66104E+00  5.39582E-28  4.17788E+05  1.45807E-03  3.05454E+01
 -1.61425E+00  4.60456E-28  5.05454E+05  1.51618E-03  3.67454E+01
 -1.56746E+00  4.35514E-28  5.34734E+05  1.54427E-03  3.66953E+01
 -1.52067E+00  4.10571E-28  5.67572E+05  1.57578E-03  3.66391E+01
 -1.47388E+00  5.33934E-28  4.37608E+05  1.46437E-03  2.88539E+01
 -1.42709E+00  6.57296E-28  3.56428E+05  1.39479E-03  2.39910E+01
 -1.38030E+00  2.11396E-27  1.05238E+05  1.24008E-03  1.10930E+01
 -1.33351E+00  3.57062E-27  5.89983E+04  1.21160E-03  8.71872E+00
 -1.28672E+00  3.52168E-27  5.50086E+04  1.21029E-03  6.28964E+00
 -1.23993E+00  3.47275E-27  5.09065E+04  1.20894E-03  3.79210E+00
 -1.19314E+00  2.90543E-27  6.36322E+04  1.22568E-03  3.64153E+00
 -1.14635E+00  2.33812E-27  8.25335E+04  1.25055E-03  3.41789E+00
 -1.09956E+00  6.32230E-27  3.09897E+04  1.20036E-03  1.93457E+00
 -1.05277E+00  1.03065E-26  1.92966E+04  1.18898E-03  1.59807E+00
 -1.00598E+00  6.44995E-27  3.41692E+04  1.20528E-03  1.37982E+00
 -9.59194E-01  2.59342E-27  9.32743E+04  1.27007E-03  5.12518E-01
 -9.12404E-01  1.56010E-27  1.46829E+05  1.30771E-03  1.93856E-01
 -8.65614E-01  5.26775E-28  4.10487E+05  1.49302E-03 -1.37498E+00
 -8.18824E-01  4.67871E-28  4.51837E+05  1.53430E-03 -4.64846E+00
 -7.72034E-01  4.08966E-28  5.05098E+05  1.58746E-03 -8.86491E+00
 -7.25244E-01  3.94073E-28  5.07399E+05  1.59753E-03 -1.06319E+01
 -6.78454E-01  3.79180E-28  5.09880E+05  1.60840E-03 -1.25376E+01
 -6.31664E-01  3.69312E-28  5.04062E+05  1.60882E-03 -1.26228E+01
 -5.84874E-01  3.59444E-28  4.97925E+05  1.60926E-03 -1.27126E+01
 -5.38084E-01  3.61077E-28  4.75669E+05  1.59940E-03 -1.19500E+01
 -4.91294E-01  3.62710E-28  4.53614E+05  1.58962E-03 -1.11943E+01
 -4.44504E-01  3.75611E-28  4.24262E+05  1.57269E-03 -1.04538E+01
 -3.97714E-01  3.88511E-28  3.96860E+05  1.55687E-03 -9.76246E+00
 -3.50924E-01  4.13818E-28  3.70896E+05  1.53776E-03 -9.57505E+00
 -3.04135E-01  4.39125E-28  3.47924E+05  1.52086E-03 -9.40924E+00
 -2.57345E-01  4.74972E-28  3.30481E+05  1.50587E-03 -9.72742E+00
 -2.10555E-01  5.10819E-28  3.15486E+05  1.49298E-03 -1.00009E+01
 -1.63765E-01  5.57931E-28  3.02062E+05  1.47878E-03 -9.70557E+00
 -1.16975E-01  6.05043E-28  2.90728E+05  1.46679E-03 -9.45620E+00
 -7.01849E-02  6.58662E-28  2.78882E+05  1.45342E-03 -7.86717E+00
 -2.33950E-02  7.12281E-28  2.68819E+05  1.44207E-03 -6.51738E+00
  2.33950E-02  8.07993E-28  2.43229E+05  1.42197E-03 -3.51861E+00
  7.01849E-02  9.03705E-28  2.23059E+05  1.40613E-03 -1.15505E+00
  1.16975E-01  9.89970E-28  2.04876E+05  1.39240E-03  2.39957E+00
  1.63765E-01  1.07624E-27  1.89609E+05  1.38086E-03  5.38436E+00
  2.10555E-01  1.00244E-27  2.03960E+05  1.39374E-03  8.81105E+00
  2.57345E-01  9.28648E-28  2.20592E+05  1.40867E-03  1.27823E+01
  3.04135E-01  7.99208E-28  2.57729E+05  1.43781E-03  1.52019E+01
  3.50924E-01  6.69768E-28  3.09221E+05  1.47821E-03  1.85567E+01
  3.97714E-01  5.84599E-28  3.57615E+05  1.51156E-03  1.88535E+01
  4.44504E-01  4.99431E-28  4.22515E+05  1.55630E-03  1.92516E+01
  4.91294E-01  4.58219E-28  4.73470E+05  1.57978E-03  1.72422E+01
  5.38084E-01  4.17007E-28  5.34497E+05  1.60791E-03  1.48356E+01
  5.84874E-01  3.98271E-28  5.77561E+05  1.62211E-03  1.18850E+01
  6.31664E-01  3.79535E-28  6.24876E+05  1.63771E-03  8.64324E+00
  6.78454E-01  3.72516E-28  6.53906E+05  1.64521E-03  5.91022E+00
  7.25244E-01  3.65496E-28  6.84052E+05  1.65300E-03  3.07222E+00
  7.72034E-01  3.67259E-28  6.94889E+05  1.65669E-03  9.29599E-01
  8.18824E-01  3.69021E-28  7.05622E+05  1.66035E-03 -1.19255E+00
  8.65614E-01  3.74368E-28  7.06868E+05  1.65923E-03 -2.73696E+00
  9.12404E-01  3.79715E-28  7.08079E+05  1.65814E-03 -4.23788E+00
  9.59194E-01  3.86914E-28  7.04174E+05  1.65417E-03 -5.23229E+00
  1.00598E+00  3.94112E-28  7.00412E+05  1.65034E-03 -6.19038E+00
  1.05277E+00  3.99747E-28  6.98579E+05  1.64972E-03 -6.59421E+00
  1.09956E+00  4.05381E-28  6.96796E+05  1.64911E-03 -6.98682E+00
  1.14635E+00  4.07292E-28  6.99661E+05  1.65143E-03 -6.94679E+00
  1.19314E+00  4.09202E-28  7.02499E+05  1.65372E-03 -6.90712E+00
  1.23993E+00  4.15855E-28  6.95157E+05  1.65132E-03 -6.55775E+00
  1.28672E+00  4.22508E-28  6.88046E+05  1.64900E-03 -6.21939E+00
  1.33351E+00  4.35331E-28  6.67106E+05  1.63834E-03 -5.19475E+00
  1.38030E+00  4.48153E-28  6.47365E+05  1.62829E-03 -4.22875E+00
  1.42709E+00  4.85953E-28  5.88100E+05  1.59233E-03 -2.37219E+00
  1.47388E+00  5.23754E-28  5.37390E+05  1.56156E-03 -7.83612E-01
  1.52067E+00  6.47549E-28  4.19812E+05  1.49125E-03  9.48403E-01
  1.56746E+00  7.71345E-28  3.39975E+05  1.44350E-03  2.12446E+00
  1.61425E+00  8.70324E-28  2.88108E+05  1.41471E-03  3.21481E+00
  1.66104E+00  9.69303E-28  2.46833E+05  1.39179E-03  4.08248E+00
  1.70783E+00  9.33784E-28  2.46319E+05  1.39875E-03  4.31986E+00
  1.75462E+00  8.98266E-28  2.45763E+05  1.40626E-03  4.57601E+00
  1.80141E+00  8.00674E-28  2.67478E+05  1.41921E-03  4.14351E+00
  1.84820E+00  7.03082E-28  2.95221E+05  1.43576E-03  3.59096E+00
  1.89499E+00  6.37819E-28  3.18976E+05  1.44938E-03  2.86677E+00
  1.94178E+00  5.72556E-28  3.48147E+05  1.46611E-03  1.97750E+00
  1.98857E+00  5.31177E-28  3.71318E+05  1.47796E-03  1.46256E+00
  2.03536E+00  4.89798E-28  3.98405E+05  1.49180E-03  8.60628E-01
  2.08215E+00  4.62730E-28  4.21832E+05  1.49856E-03  3.52762E-01
  2.12894E+00  4.35661E-28  4.48171E+05  1.50615E-03 -2.18214E-01
  2.17573E+00  4.10217E-28  4.81361E+05  1.51657E-03 -1.02602E+00
  2.22252E+00  3.84773E-28  5.18940E+05  1.52837E-03 -1.94067E+00
  2.26931E+00  3.62850E-28  5.55975E+05  1.55103E-03 -2.87815E+00
  2.31610E+00  3.40928E-28  5.97772E+05  1.57660E-03 -3.93619E+00
  2.36289E+00  3.97621E-28  5.20930E+05  1.55521E-03 -3.82145E+00
  2.40968E+00  4.54314E-28  4.63266E+05  1.53917E-03 -3.73535E+00
  2.45647E+00  1.45976E-27  1.44638E+05  1.29632E-03 -1.21892E+00
  2.50326E+00  2.46520E-27  8.59176E+04  1.25156E-03 -7.55166E-01
  2.55005E+00  7.94704E-27  2.54811E+04  1.21223E-03 -2.51227E-01
  2.59684E+00  1.34289E-26  1.43865E+04  1.20501E-03 -1.58717E-01
  2.64363E+00  1.27198E-26  1.46694E+04  1.20600E-03 -3.74540E-02
  2.69042E+00  1.20107E-26  1.49858E+04  1.20711E-03  9.81279E-02
  2.73721E+00  9.18399E-27  1.97849E+04  1.21546E-03 -1.13298E-01
  2.78400E+00  6.35731E-27  2.88518E+04  1.23122E-03 -5.12739E-01
  2.83079E+00  5.24152E-27  3.69561E+04  1.23552E-03 -8.99709E-01
  2.87758E+00  4.12572E-27  4.94439E+04  1.24214E-03 -1.49599E+00
  2.92437E+00  4.23101E-27  5.03691E+04  1.23950E-03 -1.08745E+00
  2.97116E+00  4.33629E-27  5.12494E+04  1.23698E-03 -6.98750E-01
  3.01795E+00  5.01977E-27  4.51926E+04  1.23273E-03 -5.30780E-02
  3.06474E+00  5.70326E-27  4.05875E+04  1.22949E-03  4.37837E-01
  3.11153E+00  6.33966E-27  3.60498E+04  1.22732E-03  1.16847E+00
  3.15832E+00  6.97605E-27  3.23399E+04  1.22555E-03  1.76579E+00
  3.20511E+00  7.19144E-27  3.09154E+04  1.22444E-03  2.83924E+00
  3.25190E+00  7.40682E-27  2.95736E+04  1.22339E-03  3.85025E+00
  3.29869E+00  7.52399E-27  2.95834E+04  1.22249E-03  5.44805E+00
  3.34548E+00  7.64115E-27  2.95929E+04  1.22161E-03  6.99686E+00
  3.39227E+00  8.18117E-27  2.77229E+04  1.22238E-03  8.35450E+00
  3.43906E+00  8.72120E-27  2.60845E+04  1.22306E-03  9.54402E+00
  3.48585E+00  9.20125E-27  2.52545E+04  1.22504E-03  9.33793E+00
  3.53264E+00  9.68131E-27  2.45067E+04  1.22682E-03  9.15229E+00
  3.57943E+00  8.98477E-27  2.69590E+04  1.23458E-03  8.86903E+00
  3.62622E+00  8.28824E-27  2.98235E+04  1.24364E-03  8.53818E+00
  3.67301E+00  6.67998E-27  3.68523E+04  1.25282E-03  9.12634E+00
  3.71980E+00  5.07172E-27  4.83388E+04  1.26782E-03  1.00875E+01
  3.76659E+00  3.67989E-27  6.57054E+04  1.28194E-03  1.12431E+01
  3.81338E+00  2.28806E-27  1.04200E+05  1.31326E-03  1.38046E+01
  3.86017E+00  1.69954E-27  1.38343E+05  1.33635E-03  1.49435E+01
  3.90696E+00  1.11102E-27  2.08656E+05  1.38390E-03  1.72890E+01
  3.95375E+00  8.91919E-28  2.58562E+05  1.41371E-03  1.81423E+01
  4.00054E+00  6.72815E-28  3.40973E+05  1.46294E-03  1.95512E+01
  4.04733E+00  5.95879E-28  3.84421E+05  1.48912E-03  2.09683E+01
  4.09412E+00  5.18942E-28  4.40753E+05  1.52307E-03  2.28057E+01
  4.14091E+00  4.84533E-28  4.69943E+05  1.53957E-03  2.49300E+01
  4.18770E+00  4.50123E-28  5.03597E+05  1.55858E-03  2.73790E+01
  4.23449E+00  4.29182E-28  5.25307E+05  1.57025E-03  3.00020E+01
  4.28128E+00  4.08241E-28  5.49245E+05  1.58312E-03  3.28940E+01
  4.32807E+00  3.91913E-28  5.68764E+05  1.59287E-03  3.60538E+01
  4.37486E+00  3.75586E-28  5.89979E+05  1.60348E-03  3.94883E+01
  4.42165E+00  3.73878E-28  5.88687E+05  1.60626E-03  4.24993E+01
  4.46844E+00  3.72171E-28  5.87383E+05  1.60907E-03  4.55378E+01
  4.51523E+00  3.85573E-28  5.60178E+05  1.60185E-03  4.68586E+01
  4.56202E+00  3.98975E-28  5.34801E+05  1.59511E-03  4.80906E+01
  4.60881E+00  4.31658E-28  4.86022E+05  1.57538E-03  4.71504E+01
  4.65560E+00  4.64340E-28  4.44111E+05  1.55842E-03  4.63425E+01
  4.70239E+00  5.44265E-28  3.81682E+05  1.52318E-03  4.17090E+01
  4.74918E+00  6.24189E-28  3.35240E+05  1.49697E-03  3.82621E+01
  4.79597E+00  7.84978E-28  2.72172E+05  1.46083E-03  3.14146E+01
  4.84276E+00  9.45767E-28  2.30548E+05  1.43699E-03  2.68953E+01
  4.88955E+00  1.16235E-27  1.90158E+05  1.40188E-03  1.96422E+01
  4.93634E+00  1.37893E-27  1.62456E+05  1.37781E-03  1.46674E+01
  4.98313E+00  2.11673E-27  1.05373E+05  1.34158E-03  5.92391E+00
  5.02992E+00  2.85453E-27  7.77972E+04  1.32409E-03  1.70019E+00
  5.07671E+00  2.41380E-27  9.05023E+04  1.33435E-03 -3.22455E+00
  5.12350E+00  1.97307E-27  1.08883E+05  1.34920E-03 -1.03494E+01
  5.17029E+00  1.44015E-27  1.47666E+05  1.37383E-03 -1.30257E+01
  5.21708E+00  9.07221E-28  2.32014E+05  1.42740E-03 -1.88462E+01
  5.26387E+00  8.55330E-28  2.41723E+05  1.43944E-03 -1.99968E+01
  5.31066E+00  8.03439E-28  2.52687E+05  1.45304E-03 -2.12960E+01
  5.35745E+00  7.35380E-28  2.75094E+05  1.46441E-03 -2.04337E+01
  5.40424E+00  6.67321E-28  3.02072E+05  1.47809E-03 -1.93954E+01
  5.45103E+00  6.26065E-28  3.24038E+05  1.48841E-03 -1.72539E+01
  5.49782E+00  5.84810E-28  3.49103E+05  1.50019E-03 -1.48103E+01
  5.54461E+00  5.52683E-28  3.73682E+05  1.51204E-03 -1.21861E+01
  5.59140E+00  5.20556E-28  4.01296E+05  1.52535E-03 -9.23806E+00
  5.63819E+00  5.07114E-28  4.15909E+05  1.53313E-03 -6.24630E+00
  5.68498E+00  4.93672E-28  4.31318E+05  1.54133E-03 -3.09161E+00
  5.73177E+00  4.92992E-28  4.32432E+05  1.54152E-03  9.11330E-02
  5.77856E+00  4.92311E-28  4.33548E+05  1.54171E-03  3.28268E+00
  5.82535E+00  4.98494E-28  4.25457E+05  1.53701E-03  5.96956E+00
  5.87214E+00  5.04676E-28  4.17564E+05  1.53242E-03  8.59061E+00
  5.91893E+00  5.12206E-28  4.09887E+05  1.52656E-03  1.01245E+01
  5.96572E+00  5.19736E-28  4.02433E+05  1.52086E-03  1.16139E+01
  6.01251E+00  5.29961E-28  3.98913E+05  1.51629E-03  1.12747E+01
  6.05930E+00  5.40187E-28  3.95527E+05  1.51189E-03  1.09483E+01
  6.10609E+00  5.62747E-28  3.89540E+05  1.50921E-03  9.59116E+00
  6.15288E+00  5.85307E-28  3.84014E+05  1.50673E-03  8.33864E+00
  6.19967E+00  6.32846E-28  3.66599E+05  1.49867E-03  6.82587E+00
  6.24646E+00  6.80384E-28  3.51617E+05  1.49174E-03  5.52449E+00
  6.29325E+00  7.54907E-28  3.27792E+05  1.48578E-03  4.10494E+00
  6.34003E+00  8.29429E-28  3.08249E+05  1.48089E-03  2.94047E+00
  6.38683E+00  8.56433E-28  3.07260E+05  1.48633E-03  1.85661E+00
  6.43362E+00  8.83436E-28  3.06331E+05  1.49144E-03  8.39009E-01
  6.48040E+00  8.73266E-28  3.15397E+05  1.50110E-03  7.23327E-01
  6.52719E+00  8.63095E-28  3.24677E+05  1.51099E-03  6.04920E-01
  6.57398E+00  8.59131E-28  3.27739E+05  1.51496E-03  1.11584E+00
  6.62077E+00  8.55166E-28  3.30829E+05  1.51898E-03  1.63150E+00
  6.66756E+00  7.88881E-28  3.58920E+05  1.54274E-03  2.08290E+00
  6.71435E+00  7.22596E-28  3.92165E+05  1.57086E-03  2.61711E+00
  6.76114E+00  6.95806E-28  4.06087E+05  1.56393E-03  3.92021E+00
  6.80793E+00  6.69016E-28  4.21124E+05  1.55643E-03  5.32768E+00
  6.85472E+00  8.60633E-28  3.23251E+05  1.50942E-03  7.95386E+00
  6.90151E+00  1.05225E-27  2.61023E+05  1.47954E-03  9.62358E+00
  6.94830E+00  1.95785E-27  1.31180E+05  1.39539E-03  9.35888E+00
  6.99509E+00  2.86344E-27  8.34655E+04  1.36447E-03  9.26161E+00
  7.04188E+00  6.48611E-27  3.16418E+04  1.29251E-03  3.00897E+00
  7.08867E+00  1.01088E-26  1.69620E+04  1.27213E-03  1.23783E+00
  7.13546E+00  1.16023E-26  1.57801E+04  1.25994E-03 -1.68860E+00
  7.18225E+00  1.30959E-26  1.48678E+04  1.25053E-03 -3.94753E+00
  7.22904E+00  9.24329E-27  2.38655E+04  1.25719E-03 -4.45623E+00
  7.27583E+00  5.39073E-27  4.57239E+04  1.27336E-03 -5.69203E+00
  7.32262E+00  3.78096E-27  6.92985E+04  1.29792E-03 -4.80567E+00
  7.36941E+00  2.17120E-27  1.27830E+05  1.35887E-03 -2.60499E+00
  7.41620E+00  1.89949E-27  1.47018E+05  1.36771E-03 -2.17183E+00
  7.46299E+00  1.62779E-27  1.72612E+05  1.37949E-03 -1.59407E+00
  7.50978E+00  1.69603E-27  1.67679E+05  1.37941E-03 -4.48321E+00
  7.55657E+00  1.76428E-27  1.63127E+05  1.37933E-03 -7.14882E+00
  7.60336E+00  1.50199E-27  1.93650E+05  1.39774E-03 -1.11436E+01
  7.65015E+00  1.23970E-27  2.37089E+05  1.42394E-03 -1.68287E+01
  7.69694E+00  9.00875E-28  3.27344E+05  1.47082E-03 -1.95759E+01
  7.74373E+00  5.62049E-28  5.26418E+05  1.57422E-03 -2.56351E+01
  7.79052E+00  5.50351E-28  5.38031E+05  1.57519E-03 -2.79094E+01
  7.83731E+00  5.38653E-28  5.50148E+05  1.57619E-03 -3.02824E+01
  7.88410E+00  5.40372E-28  5.49076E+05  1.58310E-03 -3.17923E+01
  7.93089E+00  5.42091E-28  5.48011E+05  1.58996E-03 -3.32927E+01
  7.97768E+00  5.41003E-28  5.50460E+05  1.59915E-03 -3.50729E+01
  8.02447E+00  5.39914E-28  5.52919E+05  1.60839E-03 -3.68603E+01
  8.07126E+00  5.69147E-28  5.26264E+05  1.60197E-03 -3.83785E+01
  8.11805E+00  5.98380E-28  5.02214E+05  1.59617E-03 -3.97483E+01
  8.16484E+00  6.66295E-28  4.51611E+05  1.56604E-03 -4.05045E+01
  8.21163E+00  7.34210E-28  4.10370E+05  1.54149E-03 -4.11208E+01
  8.25842E+00  8.27328E-28  3.63041E+05  1.50276E-03 -4.14084E+01
  8.30521E+00  9.20445E-28  3.25288E+05  1.47186E-03 -4.16379E+01
  8.35200E+00  1.03020E-27  2.87803E+05  1.44375E-03 -4.18217E+01
  8.39879E+00  1.13996E-27  2.57535E+05  1.42105E-03 -4.19700E+01
  8.44558E+00  1.22246E-27  2.35985E+05  1.40929E-03 -4.22057E+01
  8.49237E+00  1.30496E-27  2.17159E+05  1.39902E-03 -4.24117E+01
  8.53916E+00  1.31005E-27  2.12156E+05  1.39778E-03 -4.26036E+01
  8.58595E+00  1.31515E-27  2.07191E+05  1.39655E-03 -4.27940E+01
  8.63274E+00  1.26031E-27  2.14057E+05  1.40103E-03 -4.28042E+01
  8.67953E+00  1.20548E-27  2.21547E+05  1.40591E-03 -4.28154E+01
  8.72632E+00  1.11334E-27  2.40154E+05  1.41695E-03 -4.32962E+01
  8.77311E+00  1.02121E-27  2.62119E+05  1.42998E-03 -4.38637E+01
  8.81990E+00  9.20938E-28  2.92572E+05  1.44976E-03 -4.51404E+01
  8.86669E+00  8.20665E-28  3.30467E+05  1.47437E-03 -4.67291E+01
  8.91348E+00  7.33462E-28  3.72820E+05  1.50326E-03 -4.85571E+01
  8.96027E+00  6.46260E-28  4.26604E+05  1.53995E-03 -5.08784E+01
  9.00706E+00  5.91594E-28  4.72159E+05  1.57106E-03 -5.21976E+01
  9.05385E+00  5.36928E-28  5.26991E+05  1.60851E-03 -5.37854E+01
  9.10064E+00  5.09858E-28  5.61716E+05  1.63050E-03 -5.41572E+01
  9.14743E+00  4.82788E-28  6.00335E+05  1.65496E-03 -5.45708E+01
  9.19422E+00  4.71452E-28  6.29177E+05  1.66866E-03 -5.35633E+01
  9.24101E+00  4.60117E-28  6.59441E+05  1.68304E-03 -5.25061E+01
  9.28780E+00  4.60117E-28  6.59441E+05  1.68304E-03 -5.25061E+01
  9.33459E+00  4.60117E-28  6.59441E+05  1.68304E-03 -5.25061E+01
  9.38138E+00  4.48797E-28  6.84620E+05  1.69535E-03 -5.17985E+01
  9.42817E+00  4.37478E-28  7.11102E+05  1.70829E-03 -5.10543E+01
  9.47496E+00  4.37478E-28  7.11102E+05  1.70829E-03 -5.10543E+01
  9.52175E+00  4.37478E-28  7.11102E+05  1.70829E-03 -5.10543E+01
  9.56854E+00  4.16889E-28  7.50842E+05  1.71856E-03 -5.04552E+01
  9.61533E+00  3.96300E-28  7.94711E+05  1.72989E-03 -4.97939E+01
  9.66212E+00  3.96300E-28  7.94711E+05  1.72989E-03 -4.97939E+01
  9.70891E+00  3.96300E-28  7.94711E+05  1.72989E-03 -4.97939E+01
  9.75570E+00  3.79442E-28  8.30739E+05  1.73624E-03 -4.96447E+01
  9.80249E+00  3.62585E-28  8.70117E+05  1.74318E-03 -4.94816E+01
  9.84928E+00  3.62585E-28  8.70117E+05  1.74318E-03 -4.94816E+01
  9.89607E+00  3.62585E-28  8.70117E+05  1.74318E-03 -4.94816E+01
  9.94286E+00  3.56453E-28  8.81924E+05  1.74455E-03 -4.96661E+01
  9.98965E+00  3.50321E-28  8.94145E+05  1.74597E-03 -4.98570E+01
  1.00364E+01  3.50321E-28  8.94145E+05  1.74597E-03 -4.98570E+01
  1.00832E+01  3.50321E-28  8.94145E+05  1.74597E-03 -4.98570E+01
  1.01300E+01  3.46962E-28  8.94681E+05  1.74566E-03 -5.01962E+01
  1.01768E+01  3.43602E-28  8.95228E+05  1.74534E-03 -5.05421E+01
  1.02236E+01  3.43602E-28  8.95228E+05  1.74534E-03 -5.05421E+01
  1.02704E+01  3.43602E-28  8.95228E+05  1.74534E-03 -5.05421E+01
  1.03172E+01  3.40579E-28  8.89087E+05  1.74500E-03 -5.09593E+01
  1.03640E+01  3.37556E-28  8.82835E+05  1.74466E-03 -5.13839E+01
  1.04108E+01  3.37556E-28  8.82835E+05  1.74466E-03 -5.13839E+01
  1.04575E+01  3.37556E-28  8.82835E+05  1.74466E-03 -5.13839E+01
  1.05043E+01  3.34286E-28  8.75795E+05  1.74338E-03 -5.15889E+01
  1.05511E+01  3.31017E-28  8.68616E+05  1.74207E-03 -5.17980E+01
  1.05979E+01  3.31017E-28  8.68616E+05  1.74207E-03 -5.17980E+01
  1.06447E+01  3.31017E-28  8.68616E+05  1.74207E-03 -5.17980E+01
  1.06915E+01  3.26513E-28  8.65877E+05  1.74220E-03 -5.16458E+01
  1.07383E+01  3.22009E-28  8.63062E+05  1.74234E-03 -5.14893E+01
  1.07851E+01  3.22009E-28  8.63062E+05  1.74234E-03 -5.14893E+01
  1.08319E+01  3.22009E-28  8.63062E+05  1.74234E-03 -5.14893E+01
  1.08787E+01  3.16556E-28  8.72876E+05  1.74152E-03 -5.02712E+01
  1.09254E+01  3.11102E-28  8.83036E+05  1.74068E-03 -4.90104E+01
  1.09722E+01  3.11102E-28  8.83036E+05  1.74068E-03 -4.90104E+01
  1.10190E+01  3.11102E-28  8.83036E+05  1.74068E-03 -4.90104E+01
  1.10658E+01  3.08332E-28  8.85826E+05  1.73204E-03 -4.80955E+01
  1.11126E+01  3.05561E-28  8.88667E+05  1.72325E-03 -4.71640E+01
  1.11594E+01  3.05561E-28  8.88667E+05  1.72325E-03 -4.71640E+01
  1.12062E+01  3.05561E-28  8.88667E+05  1.72325E-03 -4.71640E+01
  1.12530E+01  3.09671E-28  8.75235E+05  1.71964E-03 -4.71482E+01
  1.12998E+01  3.13781E-28  8.62156E+05  1.71612E-03 -4.71329E+01
  1.13466E+01  3.13781E-28  8.62156E+05  1.71612E-03 -4.71329E+01
  1.13933E+01  3.13781E-28  8.62156E+05  1.71612E-03 -4.71329E+01
  1.14401E+01  3.08535E-28  8.75948E+05  1.72410E-03 -4.73934E+01
  1.14869E+01  3.03290E-28  8.90217E+05  1.73236E-03 -4.76628E+01
  1.15337E+01  3.03290E-28  8.90217E+05  1.73236E-03 -4.76628E+01
  1.15805E+01  3.03290E-28  8.90217E+05  1.73236E-03 -4.76628E+01
  1.16273E+01  2.95167E-28  9.18979E+05  1.74616E-03 -4.74524E+01
  1.16741E+01  2.87044E-28  9.49369E+05  1.76073E-03 -4.72299E+01
  1.17209E+01  2.87044E-28  9.49369E+05  1.76073E-03 -4.72299E+01
  1.17677E+01  2.87044E-28  9.49369E+05  1.76073E-03 -4.72299E+01
  1.18145E+01  2.79370E-28  9.79518E+05  1.77634E-03 -4.56242E+01
  1.18612E+01  2.71697E-28  1.01137E+06  1.79284E-03 -4.39278E+01
  1.19080E+01  2.71697E-28  1.01137E+06  1.79284E-03 -4.39278E+01
  1.19548E+01  2.71697E-28  1.01137E+06  1.79284E-03 -4.39278E+01
  1.20016E+01  2.66155E-28  1.04072E+06  1.80757E-03 -4.10086E+01
  1.20484E+01  2.60613E-28  1.07133E+06  1.82292E-03 -3.79653E+01
  1.20952E+01  2.60613E-28  1.07133E+06  1.82292E-03 -3.79653E+01
  1.21420E+01  2.60613E-28  1.07133E+06  1.82292E-03 -3.79653E+01
  1.21888E+01  2.57883E-28  1.08999E+06  1.83228E-03 -3.40162E+01
  1.22356E+01  2.55154E-28  1.10906E+06  1.84184E-03 -2.99826E+01
  1.22824E+01  2.55154E-28  1.10906E+06  1.84184E-03 -2.99826E+01
  1.23291E+01  2.55154E-28  1.10906E+06  1.84184E-03 -2.99826E+01
  1.23759E+01  2.57751E-28  1.10342E+06  1.83849E-03 -2.53849E+01
  1.24227E+01  2.60348E-28  1.09790E+06  1.83522E-03 -2.08789E+01
  1.24695E+01  2.60348E-28  1.09790E+06  1.83522E-03 -2.08789E+01
  1.25163E+01  2.60348E-28  1.09790E+06  1.83522E-03 -2.08789E+01
  1.25631E+01  2.70461E-28  1.06020E+06  1.81542E-03 -1.61332E+01
  1.26099E+01  2.80574E-28  1.02522E+06  1.79704E-03 -1.17296E+01
  1.26567E+01  2.80574E-28  1.02522E+06  1.79704E-03 -1.17296E+01
  1.27035E+01  2.80574E-28  1.02522E+06  1.79704E-03 -1.17296E+01
  1.27503E+01  2.97696E-28  9.68311E+05  1.76732E-03 -7.47358E+00
  1.27970E+01  3.14819E-28  9.17590E+05  1.74082E-03 -3.68049E+00
  1.28438E+01  3.14819E-28  9.17590E+05  1.74082E-03 -3.68049E+00
  1.28906E+01  3.14819E-28  9.17590E+05  1.74082E-03 -3.68049E+00
  1.29374E+01  3.33794E-28  8.67129E+05  1.71523E-03 -5.09663E-01
  1.29842E+01  3.52769E-28  8.22097E+05  1.69240E-03  2.32005E+00
  1.30310E+01  3.52769E-28  8.22097E+05  1.69240E-03  2.32005E+00
  1.30778E+01  3.52769E-28  8.22097E+05  1.69240E-03  2.32005E+00
  1.31246E+01  3.61398E-28  8.04850E+05  1.68531E-03  4.21267E+00
  1.31714E+01  3.70026E-28  7.88407E+05  1.67856E-03  6.01703E+00
  1.32182E+01  3.70026E-28  7.88407E+05  1.67856E-03  6.01703E+00
  1.32649E+01  3.70026E-28  7.88407E+05  1.67856E-03  6.01703E+00
  1.33117E+01  3.68282E-28  7.94896E+05  1.68368E-03  6.73184E+00
  1.33585E+01  3.66538E-28  8.01447E+05  1.68884E-03  7.45345E+00
  1.34053E+01  3.66538E-28  8.01447E+05  1.68884E-03  7.45345E+00
  1.34521E+01  3.66538E-28  8.01447E+05  1.68884E-03  7.45345E+00
  1.34989E+01  3.56790E-28  8.26744E+05  1.70320E-03  6.99641E+00
  1.35457E+01  3.47043E-28  8.53462E+05  1.71835E-03  6.51370E+00
  1.35925E+01  3.47043E-28  8.53462E+05  1.71835E-03  6.51370E+00
  1.36393E+01  3.47043E-28  8.53462E+05  1.71835E-03  6.51370E+00
  1.36861E+01  3.39760E-28  8.77132E+05  1.73348E-03  5.19241E+00
  1.37328E+01  3.32478E-28  9.01840E+05  1.74926E-03  3.81325E+00
  1.37796E+01  3.32478E-28  9.01840E+05  1.74926E-03  3.81325E+00
  1.38264E+01  3.32478E-28  9.01840E+05  1.74926E-03  3.81325E+00
  1.38732E+01  2.95311E-28  1.01892E+06  1.79458E-03  6.65270E-01
  1.39200E+01  2.58143E-28  1.16970E+06  1.85296E-03 -3.38921E+00
  1.39668E+01  2.58143E-28  1.16970E+06  1.85296E-03 -3.38921E+00
  1.40136E+01  2.58143E-28  1.16970E+06  1.85296E-03 -3.38921E+00
  1.40604E+01  2.58143E-28  1.16970E+06  1.85296E-03 -3.38921E+00
  1.41072E+01  2.58143E-28  1.16970E+06  1.85296E-03 -3.38921E+00
  1.41540E+01  2.58143E-28  1.16970E+06  1.85296E-03 -3.38921E+00
  1.42007E+01  2.58143E-28  1.16970E+06  1.85296E-03 -3.38921E+00
  1.42475E+01  2.41994E-28  1.25349E+06  1.90246E-03 -4.90450E+00
  1.42943E+01  2.25845E-28  1.34925E+06  1.95904E-03 -6.63648E+00
  1.43411E+01  2.25845E-28  1.34925E+06  1.95904E-03 -6.63648E+00
  1.43879E+01  2.25845E-28  1.34925E+06  1.95904E-03 -6.63648E+00
  1.44347E+01  2.25845E-28  1.34925E+06  1.95904E-03 -6.63648E+00
  1.44815E+01  2.25845E-28  1.34925E+06  1.95904E-03 -6.63648E+00
  1.45283E+01  2.25845E-28  1.34925E+06  1.95904E-03 -6.63648E+00
  1.45751E+01  2.25845E-28  1.34925E+06  1.95904E-03 -6.63648E+00
  1.46219E+01  2.25197E-28  1.35759E+06  1.96373E-03 -7.83064E+00
  1.46686E+01  2.24549E-28  1.36597E+06  1.96845E-03 -9.03169E+00
  1.47154E+01  2.24549E-28  1.36597E+06  1.96845E-03 -9.03169E+00
  1.47622E+01  2.24549E-28  1.36597E+06  1.96845E-03 -9.03169E+00
  1.48090E+01  2.24549E-28  1.36597E+06  1.96845E-03 -9.03169E+00
  1.48558E+01  2.24549E-28  1.36597E+06  1.96845E-03 -9.03169E+00
  1.49026E+01  2.24549E-28  1.36597E+06  1.96845E-03 -9.03169E+00
  1.49494E+01  2.24549E-28  1.36597E+06  1.96845E-03 -9.03169E+00
  1.49962E+01  2.24703E-28  1.36659E+06  1.96843E-03 -1.03601E+01
  1.50430E+01  2.24858E-28  1.36720E+06  1.96841E-03 -1.16866E+01
  1.50898E+01  2.24858E-28  1.36720E+06  1.96841E-03 -1.16866E+01
  1.51365E+01  2.24858E-28  1.36720E+06  1.96841E-03 -1.16866E+01
  1.51833E+01  2.24858E-28  1.36720E+06  1.96841E-03 -1.16866E+01
  1.52301E+01  2.24858E-28  1.36720E+06  1.96841E-03 -1.16866E+01
  1.52769E+01  2.24858E-28  1.36720E+06  1.96841E-03 -1.16866E+01
  1.53237E+01  2.24858E-28  1.36720E+06  1.96841E-03 -1.16866E+01
  1.53705E+01  2.21518E-28  1.38835E+06  1.97780E-03 -1.32402E+01
  1.54173E+01  2.18177E-28  1.41015E+06  1.98748E-03 -1.48412E+01
  1.54641E+01  2.18177E-28  1.41015E+06  1.98748E-03 -1.48412E+01
  1.55109E+01  2.18177E-28  1.41015E+06  1.98748E-03 -1.48412E+01
  1.55577E+01  2.18177E-28  1.41015E+06  1.98748E-03 -1.48412E+01
  1.56044E+01  2.18177E-28  1.41015E+06  1.98748E-03 -1.48412E+01
  1.56512E+01  2.18177E-28  1.41015E+06  1.98748E-03 -1.48412E+01
  1.56980E+01  2.18177E-28  1.41015E+06  1.98748E-03 -1.48412E+01
  1.57448E+01  2.17253E-28  1.41539E+06  1.99075E-03 -1.61644E+01
  1.57916E+01  2.16329E-28  1.42068E+06  1.99405E-03 -1.74988E+01
  1.58384E+01  2.16329E-28  1.42068E+06  1.99405E-03 -1.74988E+01
  1.58852E+01  2.16329E-28  1.42068E+06  1.99405E-03 -1.74988E+01
  1.59320E+01  2.16329E-28  1.42068E+06  1.99405E-03 -1.74988E+01
  1.59788E+01  2.16329E-28  1.42068E+06  1.99405E-03 -1.74988E+01
  1.60256E+01  2.16329E-28  1.42068E+06  1.99405E-03 -1.74988E+01
  1.60723E+01  2.16329E-28  1.42068E+06  1.99405E-03 -1.74988E+01
  1.61191E+01  2.17629E-28  1.41022E+06  1.99062E-03 -1.83474E+01
  1.61659E+01  2.18928E-28  1.39989E+06  1.98722E-03 -1.91859E+01
  1.62127E+01  2.18928E-28  1.39989E+06  1.98722E-03 -1.91859E+01
  1.62595E+01  2.18928E-28  1.39989E+06  1.98722E-03 -1.91859E+01
  1.63063E+01  2.18928E-28  1.39989E+06  1.98722E-03 -1.91859E+01
  1.63531E+01  2.18928E-28  1.39989E+06  1.98722E-03 -1.91859E+01
  1.63999E+01  2.18928E-28  1.39989E+06  1.98722E-03 -1.91859E+01
  1.64467E+01  2.18928E-28  1.39989E+06  1.98722E-03 -1.91859E+01
  1.64935E+01  2.20587E-28  1.38688E+06  1.98280E-03 -1.99235E+01
  1.65402E+01  2.22247E-28  1.37406E+06  1.97845E-03 -2.06500E+01
  1.65870E+01  2.22247E-28  1.37406E+06  1.97845E-03 -2.06500E+01
  1.66338E+01  2.22247E-28  1.37406E+06  1.97845E-03 -2.06500E+01
  1.66806E+01  2.22247E-28  1.37406E+06  1.97845E-03 -2.06500E+01
  1.67274E+01  2.22247E-28  1.37406E+06  1.97845E-03 -2.06500E+01
  1.67742E+01  2.22247E-28  1.37406E+06  1.97845E-03 -2.06500E+01
  1.68210E+01  2.22247E-28  1.37406E+06  1.97845E-03 -2.06500E+01
  1.68678E+01  2.24146E-28  1.35894E+06  1.97273E-03 -2.19046E+01
  1.69146E+01  2.26046E-28  1.34408E+06  1.96710E-03 -2.31381E+01
  1.69613E+01  2.26046E-28  1.34408E+06  1.96710E-03 -2.31381E+01
  1.70081E+01  2.26046E-28  1.34408E+06  1.96710E-03 -2.31381E+01
  1.70549E+01  2.26046E-28  1.34408E+06  1.96710E-03 -2.31381E+01
  1.71017E+01  2.26046E-28  1.34408E+06  1.96710E-03 -2.31381E+01
  1.71485E+01  2.26046E-28  1.34408E+06  1.96710E-03 -2.31381E+01
  1.71953E+01  2.26046E-28  1.34408E+06  1.96710E-03 -2.31381E+01
  1.72421E+01  2.29250E-28  1.32088E+06  1.95654E-03 -2.51449E+01
  1.72889E+01  2.32454E-28  1.29832E+06  1.94628E-03 -2.70964E+01
  1.73357E+01  2.32454E-28  1.29832E+06  1.94628E-03 -2.70964E+01
  1.73825E+01  2.32454E-28  1.29832E+06  1.94628E-03 -2.70964E+01
  1.74292E+01  2.32454E-28  1.29832E+06  1.94628E-03 -2.70964E+01
  1.74760E+01  2.32454E-28  1.29832E+06  1.94628E-03 -2.70964E+01
  1.75228E+01  2.32454E-28  1.29832E+06  1.94628E-03 -2.70964E+01
  1.75696E+01  2.32454E-28  1.29832E+06  1.94628E-03 -2.70964E+01
  1.76164E+01  2.37480E-28  1.26717E+06  1.93007E-03 -2.91004E+01
  1.76632E+01  2.42506E-28  1.23730E+06  1.91454E-03 -3.10214E+01
  1.77100E+01  2.42506E-28  1.23730E+06  1.91454E-03 -3.10214E+01
  1.77568E+01  2.42506E-28  1.23730E+06  1.91454E-03 -3.10214E+01
  1.78036E+01  2.42506E-28  1.23730E+06  1.91454E-03 -3.10214E+01
  1.78504E+01  2.42506E-28  1.23730E+06  1.91454E-03 -3.10214E+01
  1.78971E+01  2.42506E-28  1.23730E+06  1.91454E-03 -3.10214E+01
  1.79439E+01  2.42506E-28  1.23730E+06  1.91454E-03 -3.10214E+01
  1.79907E+01  2.45504E-28  1.22269E+06  1.90603E-03 -3.18235E+01
  1.80375E+01  2.48502E-28  1.20843E+06  1.89772E-03 -3.26064E+01
  1.80843E+01  2.48502E-28  1.20843E+06  1.89772E-03 -3.26064E+01
  1.81311E+01  2.48502E-28  1.20843E+06  1.89772E-03 -3.26064E+01
  1.81779E+01  2.48502E-28  1.20843E+06  1.89772E-03 -3.26064E+01
  1.82247E+01  2.48502E-28  1.20843E+06  1.89772E-03 -3.26064E+01
  1.82715E+01  2.48502E-28  1.20843E+06  1.89772E-03 -3.26064E+01
  1.83183E+01  2.48502E-28  1.20843E+06  1.89772E-03 -3.26064E+01
  1.83650E+01  2.44470E-28  1.23019E+06  1.90873E-03 -3.20390E+01
  1.84118E+01  2.40437E-28  1.25268E+06  1.92011E-03 -3.14526E+01
  1.84586E+01  2.40437E-28  1.25268E+06  1.92011E-03 -3.14526E+01
  1.85054E+01  2.40437E-28  1.25268E+06  1.92011E-03 -3.14526E+01
  1.85522E+01  2.40437E-28  1.25268E+06  1.92011E-03 -3.14526E+01
  1.85990E+01  2.40437E-28  1.25268E+06  1.92011E-03 -3.14526E+01
  1.86458E+01  2.40437E-28  1.25268E+06  1.92011E-03 -3.14526E+01
  1.86926E+01  2.40437E-28  1.25268E+06  1.92011E-03 -3.14526E+01
  1.87394E+01  2.32203E-28  1.29573E+06  1.94088E-03 -2.94595E+01
  1.87862E+01  2.23968E-28  1.34194E+06  1.96318E-03 -2.73199E+01
  1.88329E+01  2.23968E-28  1.34194E+06  1.96318E-03 -2.73199E+01
  1.88797E+01  2.23968E-28  1.34194E+06  1.96318E-03 -2.73199E+01
  1.89265E+01  2.23968E-28  1.34194E+06  1.96318E-03 -2.73199E+01
  1.89733E+01  2.23968E-28  1.34194E+06  1.96318E-03 -2.73199E+01
  1.90201E+01  2.23968E-28  1.34194E+06  1.96318E-03 -2.73199E+01
  1.90669E+01  2.23968E-28  1.34194E+06  1.96318E-03 -2.73199E+01
  1.91137E+01  2.23968E-28  1.34194E+06  1.96318E-03 -2.73199E+01
  1.91605E+01  2.23968E-28  1.34194E+06  1.96318E-03 -2.73199E+01
  1.92073E+01  2.23968E-28  1.34194E+06  1.96318E-03 -2.73199E+01
  1.92541E+01  2.23968E-28  1.34194E+06  1.96318E-03 -2.73199E+01
  1.93008E+01  2.23968E-28  1.34194E+06  1.96318E-03 -2.73199E+01
  1.93476E+01  2.23968E-28  1.34194E+06  1.96318E-03 -2.73199E+01
  1.93944E+01  2.23968E-28  1.34194E+06  1.96318E-03 -2.73199E+01
  1.94412E+01  2.23968E-28  1.34194E+06  1.96318E-03 -2.73199E+01
  1.94880E+01  2.18103E-28  1.38011E+06  1.98109E-03 -2.56421E+01
  1.95348E+01  2.12238E-28  1.42038E+06  2.00000E-03 -2.38716E+01
  1.95816E+01  2.12238E-28  1.42038E+06  2.00000E-03 -2.38716E+01
  1.96284E+01  2.12238E-28  1.42038E+06  2.00000E-03 -2.38716E+01
  1.96752E+01  2.12238E-28  1.42038E+06  2.00000E-03 -2.38716E+01
  1.97220E+01  2.12238E-28  1.42038E+06  2.00000E-03 -2.38716E+01
  1.97687E+01  2.12238E-28  1.42038E+06  2.00000E-03 -2.38716E+01
  1.98155E+01  2.12238E-28  1.42038E+06  2.00000E-03 -2.38716E+01
  1.98623E+01  2.12238E-28  1.42038E+06  2.00000E-03 -2.38716E+01
  1.99091E+01  2.12238E-28  1.42038E+06  2.00000E-03 -2.38716E+01
  1.99559E+01  2.12238E-28  1.42038E+06  2.00000E-03 -2.38716E+01
  2.00027E+01  2.12238E-28  1.42038E+06  2.00000E-03 -2.38716E+01
  2.00495E+01  2.12238E-28  1.42038E+06  2.00000E-03 -2.38716E+01
  2.00963E+01  2.12238E-28  1.42038E+06  2.00000E-03 -2.38716E+01
  2.01431E+01  2.12238E-28  1.42038E+06  2.00000E-03 -2.38716E+01
  2.01899E+01  2.12238E-28  1.42038E+06  2.00000E-03 -2.38716E+01
  2.02366E+01  2.13104E-28  1.41836E+06  2.00000E-03 -2.26184E+01
  2.02834E+01  2.13970E-28  1.41635E+06  2.00000E-03 -2.13754E+01
  2.03302E+01  2.13970E-28  1.41635E+06  2.00000E-03 -2.13754E+01
  2.03770E+01  2.13970E-28  1.41635E+06  2.00000E-03 -2.13754E+01
  2.04238E+01  2.13970E-28  1.41635E+06  2.00000E-03 -2.13754E+01
  2.04706E+01  2.13970E-28  1.41635E+06  2.00000E-03 -2.13754E+01
  2.05174E+01  2.13970E-28  1.41635E+06  2.00000E-03 -2.13754E+01
  2.05642E+01  2.13970E-28  1.41635E+06  2.00000E-03 -2.13754E+01
  2.06110E+01  2.13970E-28  1.41635E+06  2.00000E-03 -2.13754E+01
  2.06578E+01  2.13970E-28  1.41635E+06  2.00000E-03 -2.13754E+01
  2.07045E+01  2.13970E-28  1.41635E+06  2.00000E-03 -2.13754E+01
  2.07513E+01  2.13970E-28  1.41635E+06  2.00000E-03 -2.13754E+01
  2.07981E+01  2.13970E-28  1.41635E+06  2.00000E-03 -2.13754E+01
  2.08449E+01  2.13970E-28  1.41635E+06  2.00000E-03 -2.13754E+01
  2.08917E+01  2.13970E-28  1.41635E+06  2.00000E-03 -2.13754E+01
  2.09385E+01  2.13970E-28  1.41635E+06  2.00000E-03 -2.13754E+01
  2.09853E+01  2.14129E-28  1.41821E+06  2.00000E-03 -2.04255E+01
  2.10321E+01  2.14287E-28  1.42008E+06  2.00000E-03 -1.94771E+01
  2.10789E+01  2.14287E-28  1.42008E+06  2.00000E-03 -1.94771E+01
  2.11257E+01  2.14287E-28  1.42008E+06  2.00000E-03 -1.94771E+01
  2.11724E+01  2.14287E-28  1.42008E+06  2.00000E-03 -1.94771E+01
  2.12192E+01  2.14287E-28  1.42008E+06  2.00000E-03 -1.94771E+01
  2.12660E+01  2.14287E-28  1.42008E+06  2.00000E-03 -1.94771E+01
  2.13128E+01  2.14287E-28  1.42008E+06  2.00000E-03 -1.94771E+01
  2.13596E+01  2.14287E-28  1.42008E+06  2.00000E-03 -1.94771E+01
  2.14064E+01  2.14287E-28  1.42008E+06  2.00000E-03 -1.94771E+01
  2.14532E+01  2.14287E-28  1.42008E+06  2.00000E-03 -1.94771E+01
  2.15000E+01  2.14287E-28  1.42008E+06  2.00000E-03 -1.94771E+01
  2.15468E+01  2.14287E-28  1.42008E+06  2.00000E-03 -1.94771E+01
  2.15936E+01  2.14287E-28  1.42008E+06  2.00000E-03 -1.94771E+01
  2.16403E+01  2.14287E-28  1.42008E+06  2.00000E-03 -1.94771E+01
  2.16871E+01  2.14287E-28  1.42008E+06  2.00000E-03 -1.94771E+01
  2.17339E+01  2.14584E-28  1.42113E+06  2.00000E-03 -1.88064E+01
  2.17807E+01  2.14881E-28  1.42219E+06  2.00000E-03 -1.81375E+01
  2.18275E+01  2.14881E-28  1.42219E+06  2.00000E-03 -1.81375E+01
  2.18743E+01  2.14881E-28  1.42219E+06  2.00000E-03 -1.81375E+01
  2.19211E+01  2.14881E-28  1.42219E+06  2.00000E-03 -1.81375E+01
  2.19679E+01  2.14881E-28  1.42219E+06  2.00000E-03 -1.81375E+01
  2.20147E+01  2.14881E-28  1.42219E+06  2.00000E-03 -1.81375E+01
  2.20615E+01  2.14881E-28  1.42219E+06  2.00000E-03 -1.81375E+01
  2.21082E+01  2.14881E-28  1.42219E+06  2.00000E-03 -1.81375E+01
  2.21550E+01  2.14881E-28  1.42219E+06  2.00000E-03 -1.81375E+01
  2.22018E+01  2.14881E-28  1.42219E+06  2.00000E-03 -1.81375E+01
  2.22486E+01  2.14881E-28  1.42219E+06  2.00000E-03 -1.81375E+01
  2.22954E+01  2.14881E-28  1.42219E+06  2.00000E-03 -1.81375E+01
  2.23422E+01  2.14881E-28  1.42219E+06  2.00000E-03 -1.81375E+01
  2.23890E+01  2.14881E-28  1.42219E+06  2.00000E-03 -1.81375E+01
  2.24358E+01  2.14881E-28  1.42219E+06  2.00000E-03 -1.81375E+01
  2.24826E+01  2.15117E-28  1.42326E+06  2.00000E-03 -1.76178E+01
  2.25294E+01  2.15354E-28  1.42432E+06  2.00000E-03 -1.70993E+01
  2.25761E+01  2.15354E-28  1.42432E+06  2.00000E-03 -1.70993E+01
  2.26229E+01  2.15354E-28  1.42432E+06  2.00000E-03 -1.70993E+01
  2.26697E+01  2.15354E-28  1.42432E+06  2.00000E-03 -1.70993E+01
  2.27165E+01  2.15354E-28  1.42432E+06  2.00000E-03 -1.70993E+01
  2.27633E+01  2.15354E-28  1.42432E+06  2.00000E-03 -1.70993E+01
  2.28101E+01  2.15354E-28  1.42432E+06  2.00000E-03 -1.70993E+01
  2.28569E+01  2.15354E-28  1.42432E+06  2.00000E-03 -1.70993E+01
  2.29037E+01  2.15354E-28  1.42432E+06  2.00000E-03 -1.70993E+01
  2.29505E+01  2.15354E-28  1.42432E+06  2.00000E-03 -1.70993E+01
  2.29972E+01  2.15354E-28  1.42432E+06  2.00000E-03 -1.70993E+01
  2.30440E+01  2.15354E-28  1.42432E+06  2.00000E-03 -1.70993E+01
  2.30908E+01  2.15354E-28  1.42432E+06  2.00000E-03 -1.70993E+01
  2.31376E+01  2.15354E-28  1.42432E+06  2.00000E-03 -1.70993E+01
  2.31844E+01  2.15354E-28  1.42432E+06  2.00000E-03 -1.70993E+01
  2.32312E+01  2.15549E-28  1.42517E+06  2.00000E-03 -1.66688E+01
  2.32780E+01  2.15745E-28  1.42603E+06  2.00000E-03 -1.62391E+01
  2.33248E+01  2.15745E-28  1.42603E+06  2.00000E-03 -1.62391E+01
  2.33716E+01  2.15745E-28  1.42603E+06  2.00000E-03 -1.62391E+01
  2.34184E+01  2.15745E-28  1.42603E+06  2.00000E-03 -1.62391E+01
  2.34651E+01  2.15745E-28  1.42603E+06  2.00000E-03 -1.62391E+01
  2.35119E+01  2.15745E-28  1.42603E+06  2.00000E-03 -1.62391E+01
  2.35587E+01  2.15745E-28  1.42603E+06  2.00000E-03 -1.62391E+01
  2.36055E+01  2.15745E-28  1.42603E+06  2.00000E-03 -1.62391E+01
  2.36523E+01  2.15745E-28  1.42603E+06  2.00000E-03 -1.62391E+01
  2.36991E+01  2.15745E-28  1.42603E+06  2.00000E-03 -1.62391E+01
  2.37459E+01  2.15745E-28  1.42603E+06  2.00000E-03 -1.62391E+01
  2.37927E+01  2.15745E-28  1.42603E+06  2.00000E-03 -1.62391E+01
  2.38395E+01  2.15745E-28  1.42603E+06  2.00000E-03 -1.62391E+01
  2.38863E+01  2.15745E-28  1.42603E+06  2.00000E-03 -1.62391E+01
  2.39330E+01  2.15745E-28  1.42603E+06  2.00000E-03 -1.62391E+01
  2.39798E+01  2.15916E-28  1.42678E+06  2.00000E-03 -1.58588E+01
