 -2.38863E+01  2.15765E-28  1.42612E+06  2.00000E-03  9.41165E+00
 -2.38395E+01  2.15765E-28  1.42612E+06  2.00000E-03  9.41165E+00
 -2.37927E+01  2.15765E-28  1.42612E+06  2.00000E-03  9.41165E+00
 -2.37459E+01  2.15765E-28  1.42612E+06  2.00000E-03  9.41165E+00
 -2.36991E+01  2.15765E-28  1.42612E+06  2.00000E-03  9.41165E+00
 -2.36523E+01  2.15765E-28  1.42612E+06  2.00000E-03  9.41165E+00
 -2.36055E+01  2.15765E-28  1.42612E+06  2.00000E-03  9.41165E+00
 -2.35587E+01  2.15765E-28  1.42612E+06  2.00000E-03  9.41165E+00
 -2.35119E+01  2.15765E-28  1.42612E+06  2.00000E-03  9.41165E+00
 -2.34651E+01  2.15765E-28  1.42612E+06  2.00000E-03  9.41165E+00
 -2.34184E+01  2.15765E-28  1.42612E+06  2.00000E-03  9.41165E+00
 -2.33716E+01  2.15765E-28  1.42612E+06  2.00000E-03  9.41165E+00
 -2.33248E+01  2.15765E-28  1.42612E+06  2.00000E-03  9.41165E+00
 -2.32780E+01  2.15765E-28  1.42612E+06  2.00000E-03  9.41165E+00
 -2.32312E+01  2.15765E-28  1.42612E+06  2.00000E-03  9.41165E+00
 -2.31844E+01  2.15679E-28  1.42574E+06  2.00000E-03  9.56014E+00
 -2.31376E+01  2.15592E-28  1.42536E+06  2.00000E-03  9.70874E+00
 -2.30908E+01  2.15592E-28  1.42536E+06  2.00000E-03  9.70874E+00
 -2.30440E+01  2.15592E-28  1.42536E+06  2.00000E-03  9.70874E+00
 -2.29972E+01  2.15592E-28  1.42536E+06  2.00000E-03  9.70874E+00
 -2.29505E+01  2.15592E-28  1.42536E+06  2.00000E-03  9.70874E+00
 -2.29037E+01  2.15592E-28  1.42536E+06  2.00000E-03  9.70874E+00
 -2.28569E+01  2.15592E-28  1.42536E+06  2.00000E-03  9.70874E+00
 -2.28101E+01  2.15592E-28  1.42536E+06  2.00000E-03  9.70874E+00
 -2.27633E+01  2.15592E-28  1.42536E+06  2.00000E-03  9.70874E+00
 -2.27165E+01  2.15592E-28  1.42536E+06  2.00000E-03  9.70874E+00
 -2.26697E+01  2.15592E-28  1.42536E+06  2.00000E-03  9.70874E+00
 -2.26229E+01  2.15592E-28  1.42536E+06  2.00000E-03  9.70874E+00
 -2.25761E+01  2.15592E-28  1.42536E+06  2.00000E-03  9.70874E+00
 -2.25294E+01  2.15592E-28  1.42536E+06  2.00000E-03  9.70874E+00
 -2.24826E+01  2.15592E-28  1.42536E+06  2.00000E-03  9.70874E+00
 -2.24358E+01  2.15419E-28  1.42461E+06  2.00000E-03  9.94884E+00
 -2.23890E+01  2.15247E-28  1.42385E+06  2.00000E-03  1.01893E+01
 -2.23422E+01  2.15247E-28  1.42385E+06  2.00000E-03  1.01893E+01
 -2.22954E+01  2.15247E-28  1.42385E+06  2.00000E-03  1.01893E+01
 -2.22486E+01  2.15247E-28  1.42385E+06  2.00000E-03  1.01893E+01
 -2.22018E+01  2.15247E-28  1.42385E+06  2.00000E-03  1.01893E+01
 -2.21550E+01  2.15247E-28  1.42385E+06  2.00000E-03  1.01893E+01
 -2.21082E+01  2.15247E-28  1.42385E+06  2.00000E-03  1.01893E+01
 -2.20615E+01  2.15247E-28  1.42385E+06  2.00000E-03  1.01893E+01
 -2.20147E+01  2.15247E-28  1.42385E+06  2.00000E-03  1.01893E+01
 -2.19679E+01  2.15247E-28  1.42385E+06  2.00000E-03  1.01893E+01
 -2.19211E+01  2.15247E-28  1.42385E+06  2.00000E-03  1.01893E+01
 -2.18743E+01  2.15247E-28  1.42385E+06  2.00000E-03  1.01893E+01
 -2.18275E+01  2.15247E-28  1.42385E+06  2.00000E-03  1.01893E+01
 -2.17807E+01  2.15247E-28  1.42385E+06  2.00000E-03  1.01893E+01
 -2.17339E+01  2.15247E-28  1.42385E+06  2.00000E-03  1.01893E+01
 -2.16871E+01  2.15062E-28  1.42304E+06  2.00000E-03  1.04781E+01
 -2.16403E+01  2.14877E-28  1.42224E+06  2.00000E-03  1.07673E+01
 -2.15936E+01  2.14877E-28  1.42224E+06  2.00000E-03  1.07673E+01
 -2.15468E+01  2.14877E-28  1.42224E+06  2.00000E-03  1.07673E+01
 -2.15000E+01  2.14877E-28  1.42224E+06  2.00000E-03  1.07673E+01
 -2.14532E+01  2.14877E-28  1.42224E+06  2.00000E-03  1.07673E+01
 -2.14064E+01  2.14877E-28  1.42224E+06  2.00000E-03  1.07673E+01
 -2.13596E+01  2.14877E-28  1.42224E+06  2.00000E-03  1.07673E+01
 -2.13128E+01  2.14877E-28  1.42224E+06  2.00000E-03  1.07673E+01
 -2.12660E+01  2.14877E-28  1.42224E+06  2.00000E-03  1.07673E+01
 -2.12192E+01  2.14877E-28  1.42224E+06  2.00000E-03  1.07673E+01
 -2.11724E+01  2.14877E-28  1.42224E+06  2.00000E-03  1.07673E+01
 -2.11257E+01  2.14877E-28  1.42224E+06  2.00000E-03  1.07673E+01
 -2.10789E+01  2.14877E-28  1.42224E+06  2.00000E-03  1.07673E+01
 -2.10321E+01  2.14877E-28  1.42224E+06  2.00000E-03  1.07673E+01
 -2.09853E+01  2.14877E-28  1.42224E+06  2.00000E-03  1.07673E+01
 -2.09385E+01  2.14792E-28  1.42187E+06  2.00000E-03  1.10154E+01
 -2.08917E+01  2.14707E-28  1.42151E+06  2.00000E-03  1.12638E+01
 -2.08449E+01  2.14707E-28  1.42151E+06  2.00000E-03  1.12638E+01
 -2.07981E+01  2.14707E-28  1.42151E+06  2.00000E-03  1.12638E+01
 -2.07513E+01  2.14707E-28  1.42151E+06  2.00000E-03  1.12638E+01
 -2.07045E+01  2.14707E-28  1.42151E+06  2.00000E-03  1.12638E+01
 -2.06578E+01  2.14707E-28  1.42151E+06  2.00000E-03  1.12638E+01
 -2.06110E+01  2.14707E-28  1.42151E+06  2.00000E-03  1.12638E+01
 -2.05642E+01  2.14707E-28  1.42151E+06  2.00000E-03  1.12638E+01
 -2.05174E+01  2.14707E-28  1.42151E+06  2.00000E-03  1.12638E+01
 -2.04706E+01  2.14707E-28  1.42151E+06  2.00000E-03  1.12638E+01
 -2.04238E+01  2.14707E-28  1.42151E+06  2.00000E-03  1.12638E+01
 -2.03770E+01  2.14707E-28  1.42151E+06  2.00000E-03  1.12638E+01
 -2.03302E+01  2.14707E-28  1.42151E+06  2.00000E-03  1.12638E+01
 -2.02834E+01  2.14707E-28  1.42151E+06  2.00000E-03  1.12638E+01
 -2.02366E+01  2.14707E-28  1.42151E+06  2.00000E-03  1.12638E+01
 -2.01899E+01  2.14763E-28  1.42177E+06  2.00000E-03  1.14178E+01
 -2.01431E+01  2.14818E-28  1.42202E+06  2.00000E-03  1.15717E+01
 -2.00963E+01  2.14818E-28  1.42202E+06  2.00000E-03  1.15717E+01
 -2.00495E+01  2.14818E-28  1.42202E+06  2.00000E-03  1.15717E+01
 -2.00027E+01  2.14818E-28  1.42202E+06  2.00000E-03  1.15717E+01
 -1.99559E+01  2.14818E-28  1.42202E+06  2.00000E-03  1.15717E+01
 -1.99091E+01  2.14818E-28  1.42202E+06  2.00000E-03  1.15717E+01
 -1.98623E+01  2.14818E-28  1.42202E+06  2.00000E-03  1.15717E+01
 -1.98155E+01  2.14818E-28  1.42202E+06  2.00000E-03  1.15717E+01
 -1.97687E+01  2.14818E-28  1.42202E+06  2.00000E-03  1.15717E+01
 -1.97220E+01  2.14818E-28  1.42202E+06  2.00000E-03  1.15717E+01
 -1.96752E+01  2.14818E-28  1.42202E+06  2.00000E-03  1.15717E+01
 -1.96284E+01  2.14818E-28  1.42202E+06  2.00000E-03  1.15717E+01
 -1.95816E+01  2.14818E-28  1.42202E+06  2.00000E-03  1.15717E+01
 -1.95348E+01  2.14818E-28  1.42202E+06  2.00000E-03  1.15717E+01
 -1.94880E+01  2.14818E-28  1.42202E+06  2.00000E-03  1.15717E+01
 -1.94412E+01  2.14932E-28  1.42256E+06  2.00000E-03  1.17043E+01
 -1.93944E+01  2.15046E-28  1.42309E+06  2.00000E-03  1.18368E+01
 -1.93476E+01  2.15046E-28  1.42309E+06  2.00000E-03  1.18368E+01
 -1.93008E+01  2.15046E-28  1.42309E+06  2.00000E-03  1.18368E+01
 -1.92541E+01  2.15046E-28  1.42309E+06  2.00000E-03  1.18368E+01
 -1.92073E+01  2.15046E-28  1.42309E+06  2.00000E-03  1.18368E+01
 -1.91605E+01  2.15046E-28  1.42309E+06  2.00000E-03  1.18368E+01
 -1.91137E+01  2.15046E-28  1.42309E+06  2.00000E-03  1.18368E+01
 -1.90669E+01  2.15046E-28  1.42309E+06  2.00000E-03  1.18368E+01
 -1.90201E+01  2.15046E-28  1.42309E+06  2.00000E-03  1.18368E+01
 -1.89733E+01  2.15046E-28  1.42309E+06  2.00000E-03  1.18368E+01
 -1.89265E+01  2.15046E-28  1.42309E+06  2.00000E-03  1.18368E+01
 -1.88797E+01  2.15046E-28  1.42309E+06  2.00000E-03  1.18368E+01
 -1.88329E+01  2.15046E-28  1.42309E+06  2.00000E-03  1.18368E+01
 -1.87862E+01  2.15046E-28  1.42309E+06  2.00000E-03  1.18368E+01
 -1.87394E+01  2.15046E-28  1.42309E+06  2.00000E-03  1.18368E+01
 -1.86926E+01  2.14960E-28  1.42271E+06  2.00000E-03  1.19014E+01
 -1.86458E+01  2.14874E-28  1.42234E+06  2.00000E-03  1.19662E+01
 -1.85990E+01  2.14874E-28  1.42234E+06  2.00000E-03  1.19662E+01
 -1.85522E+01  2.14874E-28  1.42234E+06  2.00000E-03  1.19662E+01
 -1.85054E+01  2.14874E-28  1.42234E+06  2.00000E-03  1.19662E+01
 -1.84586E+01  2.14874E-28  1.42234E+06  2.00000E-03  1.19662E+01
 -1.84118E+01  2.14874E-28  1.42234E+06  2.00000E-03  1.19662E+01
 -1.83650E+01  2.14874E-28  1.42234E+06  2.00000E-03  1.19662E+01
 -1.83183E+01  2.14823E-28  1.42213E+06  2.00000E-03  1.20702E+01
 -1.82715E+01  2.14773E-28  1.42191E+06  2.00000E-03  1.21742E+01
 -1.82247E+01  2.14773E-28  1.42191E+06  2.00000E-03  1.21742E+01
 -1.81779E+01  2.14773E-28  1.42191E+06  2.00000E-03  1.21742E+01
 -1.81311E+01  2.14773E-28  1.42191E+06  2.00000E-03  1.21742E+01
 -1.80843E+01  2.14773E-28  1.42191E+06  2.00000E-03  1.21742E+01
 -1.80375E+01  2.14773E-28  1.42191E+06  2.00000E-03  1.21742E+01
 -1.79907E+01  2.14773E-28  1.42191E+06  2.00000E-03  1.21742E+01
 -1.79439E+01  2.14723E-28  1.42170E+06  2.00000E-03  1.22728E+01
 -1.78971E+01  2.14674E-28  1.42149E+06  2.00000E-03  1.23715E+01
 -1.78504E+01  2.14674E-28  1.42149E+06  2.00000E-03  1.23715E+01
 -1.78036E+01  2.14674E-28  1.42149E+06  2.00000E-03  1.23715E+01
 -1.77568E+01  2.14674E-28  1.42149E+06  2.00000E-03  1.23715E+01
 -1.77100E+01  2.14674E-28  1.42149E+06  2.00000E-03  1.23715E+01
 -1.76632E+01  2.14674E-28  1.42149E+06  2.00000E-03  1.23715E+01
 -1.76164E+01  2.14674E-28  1.42149E+06  2.00000E-03  1.23715E+01
 -1.75696E+01  2.14663E-28  1.42145E+06  2.00000E-03  1.24498E+01
 -1.75228E+01  2.14652E-28  1.42141E+06  2.00000E-03  1.25281E+01
 -1.74760E+01  2.14652E-28  1.42141E+06  2.00000E-03  1.25281E+01
 -1.74292E+01  2.14652E-28  1.42141E+06  2.00000E-03  1.25281E+01
 -1.73825E+01  2.14652E-28  1.42141E+06  2.00000E-03  1.25281E+01
 -1.73357E+01  2.14652E-28  1.42141E+06  2.00000E-03  1.25281E+01
 -1.72889E+01  2.14652E-28  1.42141E+06  2.00000E-03  1.25281E+01
 -1.72421E+01  2.14652E-28  1.42141E+06  2.00000E-03  1.25281E+01
 -1.71953E+01  2.14693E-28  1.42160E+06  2.00000E-03  1.25764E+01
 -1.71485E+01  2.14734E-28  1.42179E+06  2.00000E-03  1.26246E+01
 -1.71017E+01  2.14734E-28  1.42179E+06  2.00000E-03  1.26246E+01
 -1.70549E+01  2.14734E-28  1.42179E+06  2.00000E-03  1.26246E+01
 -1.70081E+01  2.14734E-28  1.42179E+06  2.00000E-03  1.26246E+01
 -1.69613E+01  2.14734E-28  1.42179E+06  2.00000E-03  1.26246E+01
 -1.69146E+01  2.14734E-28  1.42179E+06  2.00000E-03  1.26246E+01
 -1.68678E+01  2.14734E-28  1.42179E+06  2.00000E-03  1.26246E+01
 -1.68210E+01  2.14804E-28  1.42210E+06  2.00000E-03  1.26535E+01
 -1.67742E+01  2.14874E-28  1.42242E+06  2.00000E-03  1.26823E+01
 -1.67274E+01  2.14874E-28  1.42242E+06  2.00000E-03  1.26823E+01
 -1.66806E+01  2.14874E-28  1.42242E+06  2.00000E-03  1.26823E+01
 -1.66338E+01  2.14874E-28  1.42242E+06  2.00000E-03  1.26823E+01
 -1.65870E+01  2.14874E-28  1.42242E+06  2.00000E-03  1.26823E+01
 -1.65402E+01  2.14874E-28  1.42242E+06  2.00000E-03  1.26823E+01
 -1.64935E+01  2.14874E-28  1.42242E+06  2.00000E-03  1.26823E+01
 -1.64467E+01  2.14925E-28  1.42265E+06  2.00000E-03  1.27240E+01
 -1.63999E+01  2.14976E-28  1.42288E+06  2.00000E-03  1.27656E+01
 -1.63531E+01  2.14976E-28  1.42288E+06  2.00000E-03  1.27656E+01
 -1.63063E+01  2.14976E-28  1.42288E+06  2.00000E-03  1.27656E+01
 -1.62595E+01  2.14976E-28  1.42288E+06  2.00000E-03  1.27656E+01
 -1.62127E+01  2.14976E-28  1.42288E+06  2.00000E-03  1.27656E+01
 -1.61659E+01  2.14976E-28  1.42288E+06  2.00000E-03  1.27656E+01
 -1.61191E+01  2.14976E-28  1.42288E+06  2.00000E-03  1.27656E+01
 -1.60723E+01  2.14967E-28  1.42285E+06  2.00000E-03  1.28521E+01
 -1.60256E+01  2.14959E-28  1.42282E+06  2.00000E-03  1.29385E+01
 -1.59788E+01  2.14959E-28  1.42282E+06  2.00000E-03  1.29385E+01
 -1.59320E+01  2.14959E-28  1.42282E+06  2.00000E-03  1.29385E+01
 -1.58852E+01  2.14959E-28  1.42282E+06  2.00000E-03  1.29385E+01
 -1.58384E+01  2.14959E-28  1.42282E+06  2.00000E-03  1.29385E+01
 -1.57916E+01  2.14959E-28  1.42282E+06  2.00000E-03  1.29385E+01
 -1.57448E+01  2.14959E-28  1.42282E+06  2.00000E-03  1.29385E+01
 -1.56980E+01  2.14887E-28  1.42251E+06  2.00000E-03  1.30779E+01
 -1.56512E+01  2.14816E-28  1.42221E+06  2.00000E-03  1.32173E+01
 -1.56044E+01  2.14816E-28  1.42221E+06  2.00000E-03  1.32173E+01
 -1.55577E+01  2.14816E-28  1.42221E+06  2.00000E-03  1.32173E+01
 -1.55109E+01  2.14816E-28  1.42221E+06  2.00000E-03  1.32173E+01
 -1.54641E+01  2.14816E-28  1.42221E+06  2.00000E-03  1.32173E+01
 -1.54173E+01  2.14816E-28  1.42221E+06  2.00000E-03  1.32173E+01
 -1.53705E+01  2.14816E-28  1.42221E+06  2.00000E-03  1.32173E+01
 -1.53237E+01  2.14720E-28  1.42180E+06  2.00000E-03  1.33841E+01
 -1.52769E+01  2.14625E-28  1.42139E+06  2.00000E-03  1.35512E+01
 -1.52301E+01  2.14625E-28  1.42139E+06  2.00000E-03  1.35512E+01
 -1.51833E+01  2.14625E-28  1.42139E+06  2.00000E-03  1.35512E+01
 -1.51365E+01  2.14625E-28  1.42139E+06  2.00000E-03  1.35512E+01
 -1.50898E+01  2.14625E-28  1.42139E+06  2.00000E-03  1.35512E+01
 -1.50430E+01  2.14625E-28  1.42139E+06  2.00000E-03  1.35512E+01
 -1.49962E+01  2.14625E-28  1.42139E+06  2.00000E-03  1.35512E+01
 -1.49494E+01  2.14563E-28  1.42112E+06  2.00000E-03  1.37037E+01
 -1.49026E+01  2.14501E-28  1.42086E+06  2.00000E-03  1.38562E+01
 -1.48558E+01  2.14501E-28  1.42086E+06  2.00000E-03  1.38562E+01
 -1.48090E+01  2.14501E-28  1.42086E+06  2.00000E-03  1.38562E+01
 -1.47622E+01  2.14501E-28  1.42086E+06  2.00000E-03  1.38562E+01
 -1.47154E+01  2.14501E-28  1.42086E+06  2.00000E-03  1.38562E+01
 -1.46686E+01  2.14501E-28  1.42086E+06  2.00000E-03  1.38562E+01
 -1.46219E+01  2.14501E-28  1.42086E+06  2.00000E-03  1.38562E+01
 -1.45751E+01  2.14505E-28  1.42088E+06  2.00000E-03  1.39635E+01
 -1.45283E+01  2.14509E-28  1.42090E+06  2.00000E-03  1.40707E+01
 -1.44815E+01  2.14509E-28  1.42090E+06  2.00000E-03  1.40707E+01
 -1.44347E+01  2.14509E-28  1.42090E+06  2.00000E-03  1.40707E+01
 -1.43879E+01  2.14509E-28  1.42090E+06  2.00000E-03  1.40707E+01
 -1.43411E+01  2.14509E-28  1.42090E+06  2.00000E-03  1.40707E+01
 -1.42943E+01  2.14509E-28  1.42090E+06  2.00000E-03  1.40707E+01
 -1.42475E+01  2.14509E-28  1.42090E+06  2.00000E-03  1.40707E+01
 -1.42007E+01  2.14586E-28  1.42126E+06  2.00000E-03  1.41410E+01
 -1.41540E+01  2.14663E-28  1.42162E+06  2.00000E-03  1.42113E+01
 -1.41072E+01  2.14663E-28  1.42162E+06  2.00000E-03  1.42113E+01
 -1.40604E+01  2.14663E-28  1.42162E+06  2.00000E-03  1.42113E+01
 -1.40136E+01  2.14663E-28  1.42162E+06  2.00000E-03  1.42113E+01
 -1.39668E+01  2.14663E-28  1.42162E+06  2.00000E-03  1.42113E+01
 -1.39200E+01  2.14663E-28  1.42162E+06  2.00000E-03  1.42113E+01
 -1.38732E+01  2.14663E-28  1.42162E+06  2.00000E-03  1.42113E+01
 -1.38264E+01  2.14681E-28  1.42171E+06  2.00000E-03  1.41633E+01
 -1.37796E+01  2.14698E-28  1.42179E+06  2.00000E-03  1.41154E+01
 -1.37328E+01  2.14698E-28  1.42179E+06  2.00000E-03  1.41154E+01
 -1.36861E+01  2.14698E-28  1.42179E+06  2.00000E-03  1.41154E+01
 -1.36393E+01  2.14768E-28  1.42211E+06  2.00000E-03  1.41192E+01
 -1.35925E+01  2.14838E-28  1.42242E+06  2.00000E-03  1.41231E+01
 -1.35457E+01  2.14838E-28  1.42242E+06  2.00000E-03  1.41231E+01
 -1.34989E+01  2.14838E-28  1.42242E+06  2.00000E-03  1.41231E+01
 -1.34521E+01  2.14932E-28  1.42284E+06  2.00000E-03  1.41099E+01
 -1.34053E+01  2.15027E-28  1.42327E+06  2.00000E-03  1.40968E+01
 -1.33585E+01  2.15027E-28  1.42327E+06  2.00000E-03  1.40968E+01
 -1.33117E+01  2.15027E-28  1.42327E+06  2.00000E-03  1.40968E+01
 -1.32649E+01  2.15150E-28  1.42383E+06  2.00000E-03  1.40685E+01
 -1.32182E+01  2.15273E-28  1.42439E+06  2.00000E-03  1.40403E+01
 -1.31714E+01  2.15273E-28  1.42439E+06  2.00000E-03  1.40403E+01
 -1.31246E+01  2.15273E-28  1.42439E+06  2.00000E-03  1.40403E+01
 -1.30778E+01  2.15423E-28  1.42506E+06  2.00000E-03  1.40001E+01
 -1.30310E+01  2.15574E-28  1.42572E+06  2.00000E-03  1.39600E+01
 -1.29842E+01  2.15574E-28  1.42572E+06  2.00000E-03  1.39600E+01
 -1.29374E+01  2.15574E-28  1.42572E+06  2.00000E-03  1.39600E+01
 -1.28906E+01  2.15744E-28  1.42642E+06  2.00000E-03  1.39171E+01
 -1.28438E+01  2.15914E-28  1.42711E+06  2.00000E-03  1.38743E+01
 -1.27970E+01  2.15914E-28  1.42711E+06  2.00000E-03  1.38743E+01
 -1.27503E+01  2.15914E-28  1.42711E+06  2.00000E-03  1.38743E+01
 -1.27035E+01  2.16073E-28  1.42783E+06  1.99999E-03  1.38473E+01
 -1.26567E+01  2.16231E-28  1.42855E+06  1.99999E-03  1.38203E+01
 -1.26099E+01  2.16231E-28  1.42855E+06  1.99999E-03  1.38203E+01
 -1.25631E+01  2.16231E-28  1.42855E+06  1.99999E-03  1.38203E+01
 -1.25163E+01  2.16339E-28  1.42934E+06  1.99996E-03  1.38290E+01
 -1.24695E+01  2.16447E-28  1.43012E+06  1.99993E-03  1.38377E+01
 -1.24227E+01  2.16447E-28  1.43012E+06  1.99993E-03  1.38377E+01
 -1.23759E+01  2.16447E-28  1.43012E+06  1.99993E-03  1.38377E+01
 -1.23291E+01  2.16519E-28  1.43064E+06  1.99981E-03  1.38898E+01
 -1.22824E+01  2.16591E-28  1.43116E+06  1.99969E-03  1.39419E+01
 -1.22356E+01  2.16591E-28  1.43116E+06  1.99969E-03  1.39419E+01
 -1.21888E+01  2.16591E-28  1.43116E+06  1.99969E-03  1.39419E+01
 -1.21420E+01  2.16720E-28  1.43067E+06  1.99929E-03  1.40268E+01
 -1.20952E+01  2.16850E-28  1.43017E+06  1.99888E-03  1.41116E+01
 -1.20484E+01  2.16850E-28  1.43017E+06  1.99888E-03  1.41116E+01
 -1.20016E+01  2.16850E-28  1.43017E+06  1.99888E-03  1.41116E+01
 -1.19548E+01  2.17191E-28  1.42761E+06  1.99778E-03  1.42044E+01
 -1.19080E+01  2.17533E-28  1.42506E+06  1.99668E-03  1.42968E+01
 -1.18612E+01  2.17533E-28  1.42506E+06  1.99668E-03  1.42968E+01
 -1.18145E+01  2.17533E-28  1.42506E+06  1.99668E-03  1.42968E+01
 -1.17677E+01  2.18241E-28  1.41954E+06  1.99421E-03  1.43699E+01
 -1.17209E+01  2.18949E-28  1.41406E+06  1.99176E-03  1.44426E+01
 -1.16741E+01  2.18949E-28  1.41406E+06  1.99176E-03  1.44426E+01
 -1.16273E+01  2.18949E-28  1.41406E+06  1.99176E-03  1.44426E+01
 -1.15805E+01  2.20073E-28  1.40555E+06  1.98757E-03  1.44778E+01
 -1.15337E+01  2.21197E-28  1.39712E+06  1.98342E-03  1.45126E+01
 -1.14869E+01  2.21197E-28  1.39712E+06  1.98342E-03  1.45126E+01
 -1.14401E+01  2.21197E-28  1.39712E+06  1.98342E-03  1.45126E+01
 -1.13933E+01  2.22438E-28  1.38784E+06  1.97858E-03  1.45004E+01
 -1.13466E+01  2.23680E-28  1.37866E+06  1.97378E-03  1.44884E+01
 -1.12998E+01  2.23680E-28  1.37866E+06  1.97378E-03  1.44884E+01
 -1.12530E+01  2.23680E-28  1.37866E+06  1.97378E-03  1.44884E+01
 -1.12062E+01  2.24692E-28  1.37096E+06  1.96976E-03  1.44286E+01
 -1.11594E+01  2.25705E-28  1.36334E+06  1.96576E-03  1.43693E+01
 -1.11126E+01  2.25705E-28  1.36334E+06  1.96576E-03  1.43693E+01
 -1.10658E+01  2.25705E-28  1.36334E+06  1.96576E-03  1.43693E+01
 -1.10190E+01  2.26378E-28  1.35793E+06  1.96305E-03  1.42692E+01
 -1.09722E+01  2.27050E-28  1.35255E+06  1.96035E-03  1.41697E+01
 -1.09254E+01  2.27050E-28  1.35255E+06  1.96035E-03  1.41697E+01
 -1.08787E+01  2.27050E-28  1.35255E+06  1.96035E-03  1.41697E+01
 -1.08319E+01  2.27438E-28  1.34903E+06  1.95874E-03  1.40415E+01
 -1.07851E+01  2.27825E-28  1.34552E+06  1.95713E-03  1.39138E+01
 -1.07383E+01  2.27825E-28  1.34552E+06  1.95713E-03  1.39138E+01
 -1.06915E+01  2.27825E-28  1.34552E+06  1.95713E-03  1.39138E+01
 -1.06447E+01  2.27847E-28  1.34429E+06  1.95681E-03  1.37840E+01
 -1.05979E+01  2.27868E-28  1.34306E+06  1.95649E-03  1.36542E+01
 -1.05511E+01  2.27868E-28  1.34306E+06  1.95649E-03  1.36542E+01
 -1.05043E+01  2.27868E-28  1.34306E+06  1.95649E-03  1.36542E+01
 -1.04575E+01  2.27145E-28  1.34610E+06  1.95857E-03  1.35366E+01
 -1.04108E+01  2.26423E-28  1.34916E+06  1.96065E-03  1.34182E+01
 -1.03640E+01  2.26423E-28  1.34916E+06  1.96065E-03  1.34182E+01
 -1.03172E+01  2.26423E-28  1.34916E+06  1.96065E-03  1.34182E+01
 -1.02704E+01  2.25436E-28  1.35357E+06  1.96370E-03  1.32919E+01
 -1.02236E+01  2.24450E-28  1.35801E+06  1.96678E-03  1.31644E+01
 -1.01768E+01  2.24450E-28  1.35801E+06  1.96678E-03  1.31644E+01
 -1.01300E+01  2.24450E-28  1.35801E+06  1.96678E-03  1.31644E+01
 -1.00832E+01  2.23048E-28  1.36472E+06  1.97095E-03  1.30120E+01
 -1.00364E+01  2.21646E-28  1.37152E+06  1.97517E-03  1.28577E+01
 -9.98965E+00  2.21646E-28  1.37152E+06  1.97517E-03  1.28577E+01
 -9.94286E+00  2.21646E-28  1.37152E+06  1.97517E-03  1.28577E+01
 -9.89607E+00  2.22110E-28  1.36674E+06  1.97249E-03  1.27026E+01
 -9.84928E+00  2.22574E-28  1.36198E+06  1.96982E-03  1.25482E+01
 -9.80249E+00  2.22574E-28  1.36198E+06  1.96982E-03  1.25482E+01
 -9.75570E+00  2.22574E-28  1.36198E+06  1.96982E-03  1.25482E+01
 -9.70891E+00  2.33081E-28  1.29828E+06  1.93117E-03  1.23931E+01
 -9.66212E+00  2.43588E-28  1.24008E+06  1.89586E-03  1.22514E+01
 -9.61533E+00  2.43588E-28  1.24008E+06  1.89586E-03  1.22514E+01
 -9.56854E+00  2.43588E-28  1.24008E+06  1.89586E-03  1.22514E+01
 -9.52175E+00  2.61386E-28  1.15378E+06  1.84222E-03  1.21641E+01
 -9.47496E+00  2.79183E-28  1.07848E+06  1.79541E-03  1.20878E+01
 -9.42817E+00  2.79183E-28  1.07848E+06  1.79541E-03  1.20878E+01
 -9.38138E+00  2.79183E-28  1.07848E+06  1.79541E-03  1.20878E+01
 -9.33459E+00  2.83497E-28  1.06040E+06  1.78546E-03  1.21481E+01
 -9.28780E+00  2.87811E-28  1.04286E+06  1.77581E-03  1.22065E+01
 -9.24101E+00  2.87811E-28  1.04286E+06  1.77581E-03  1.22065E+01
 -9.19422E+00  2.87811E-28  1.04286E+06  1.77581E-03  1.22065E+01
 -9.14743E+00  2.83910E-28  1.05576E+06  1.78330E-03  1.23384E+01
 -9.10064E+00  2.80008E-28  1.06901E+06  1.79100E-03  1.24739E+01
 -9.05385E+00  2.80008E-28  1.06901E+06  1.79100E-03  1.24739E+01
 -9.00706E+00  2.80008E-28  1.06901E+06  1.79100E-03  1.24739E+01
 -8.96027E+00  2.77402E-28  1.07774E+06  1.79548E-03  1.25808E+01
 -8.91348E+00  2.74795E-28  1.08662E+06  1.80004E-03  1.26898E+01
 -8.86669E+00  2.74795E-28  1.08662E+06  1.80004E-03  1.26898E+01
 -8.81990E+00  2.74795E-28  1.08662E+06  1.80004E-03  1.26898E+01
 -8.77311E+00  2.76183E-28  1.07979E+06  1.79532E-03  1.27226E+01
 -8.72632E+00  2.77570E-28  1.07302E+06  1.79064E-03  1.27551E+01
 -8.67953E+00  2.77570E-28  1.07302E+06  1.79064E-03  1.27551E+01
 -8.63274E+00  2.77570E-28  1.07302E+06  1.79064E-03  1.27551E+01
 -8.58595E+00  2.80121E-28  1.06160E+06  1.78314E-03  1.27541E+01
 -8.53916E+00  2.82672E-28  1.05039E+06  1.77578E-03  1.27531E+01
 -8.49237E+00  2.82672E-28  1.05039E+06  1.77578E-03  1.27531E+01
 -8.44558E+00  2.82672E-28  1.05039E+06  1.77578E-03  1.27531E+01
 -8.39879E+00  2.83696E-28  1.04450E+06  1.77161E-03  1.27887E+01
 -8.35200E+00  2.84721E-28  1.03865E+06  1.76747E-03  1.28241E+01
 -8.30521E+00  2.84721E-28  1.03865E+06  1.76747E-03  1.28241E+01
 -8.25842E+00  2.84721E-28  1.03865E+06  1.76747E-03  1.28241E+01
 -8.21163E+00  2.83572E-28  1.04032E+06  1.76846E-03  1.29461E+01
 -8.16484E+00  2.82424E-28  1.04200E+06  1.76947E-03  1.30692E+01
 -8.11805E+00  2.82424E-28  1.04200E+06  1.76947E-03  1.30692E+01
 -8.07126E+00  2.82424E-28  1.04200E+06  1.76947E-03  1.30692E+01
 -8.02447E+00  2.79404E-28  1.05030E+06  1.77547E-03  1.33005E+01
 -7.97768E+00  2.76384E-28  1.05878E+06  1.78161E-03  1.35369E+01
 -7.93089E+00  2.76384E-28  1.05878E+06  1.78161E-03  1.35369E+01
 -7.88410E+00  2.76384E-28  1.05878E+06  1.78161E-03  1.35369E+01
 -7.83731E+00  2.72309E-28  1.07145E+06  1.79190E-03  1.38484E+01
 -7.79052E+00  2.68234E-28  1.08450E+06  1.80250E-03  1.41694E+01
 -7.74373E+00  2.68234E-28  1.08450E+06  1.80250E-03  1.41694E+01
 -7.69694E+00  2.68234E-28  1.08450E+06  1.80250E-03  1.41694E+01
 -7.65015E+00  2.64461E-28  1.09658E+06  1.81244E-03  1.44422E+01
 -7.60336E+00  2.60688E-28  1.10901E+06  1.82267E-03  1.47229E+01
 -7.55657E+00  2.60688E-28  1.10901E+06  1.82267E-03  1.47229E+01
 -7.50978E+00  2.60688E-28  1.10901E+06  1.82267E-03  1.47229E+01
 -7.46299E+00  2.58053E-28  1.11689E+06  1.82905E-03  1.48253E+01
 -7.41620E+00  2.55418E-28  1.12494E+06  1.83556E-03  1.49299E+01
 -7.36941E+00  2.55418E-28  1.12494E+06  1.83556E-03  1.49299E+01
 -7.32262E+00  2.55418E-28  1.12494E+06  1.83556E-03  1.49299E+01
 -7.27583E+00  2.53759E-28  1.12898E+06  1.83888E-03  1.48248E+01
 -7.22904E+00  2.52100E-28  1.13308E+06  1.84225E-03  1.47183E+01
 -7.18225E+00  2.52100E-28  1.13308E+06  1.84225E-03  1.47183E+01
 -7.13546E+00  2.52100E-28  1.13308E+06  1.84225E-03  1.47183E+01
 -7.08867E+00  2.50981E-28  1.13502E+06  1.84414E-03  1.44760E+01
 -7.04188E+00  2.49861E-28  1.13699E+06  1.84605E-03  1.42316E+01
 -6.99509E+00  2.49861E-28  1.13699E+06  1.84605E-03  1.42316E+01
 -6.94830E+00  2.49861E-28  1.13699E+06  1.84605E-03  1.42316E+01
 -6.90151E+00  2.49247E-28  1.13707E+06  1.84664E-03  1.39996E+01
 -6.85472E+00  2.48632E-28  1.13716E+06  1.84723E-03  1.37665E+01
 -6.80793E+00  2.48632E-28  1.13716E+06  1.84723E-03  1.37665E+01
 -6.76114E+00  2.48632E-28  1.13716E+06  1.84723E-03  1.37665E+01
 -6.71435E+00  2.48871E-28  1.13391E+06  1.84544E-03  1.37052E+01
 -6.66756E+00  2.49110E-28  1.13066E+06  1.84366E-03  1.36440E+01
 -6.62077E+00  2.49110E-28  1.13066E+06  1.84366E-03  1.36440E+01
 -6.57398E+00  2.49110E-28  1.13066E+06  1.84366E-03  1.36440E+01
 -6.52719E+00  2.50209E-28  1.12398E+06  1.83950E-03  1.38143E+01
 -6.48040E+00  2.51309E-28  1.11737E+06  1.83538E-03  1.39831E+01
 -6.43362E+00  2.51309E-28  1.11737E+06  1.83538E-03  1.39831E+01
 -6.38683E+00  2.51309E-28  1.11737E+06  1.83538E-03  1.39831E+01
 -6.34003E+00  2.51885E-28  1.11357E+06  1.83342E-03  1.43601E+01
 -6.29325E+00  2.52461E-28  1.10979E+06  1.83148E-03  1.47354E+01
 -6.24646E+00  2.52461E-28  1.10979E+06  1.83148E-03  1.47354E+01
 -6.19967E+00  2.52461E-28  1.10979E+06  1.83148E-03  1.47354E+01
 -6.15288E+00  2.52263E-28  1.10996E+06  1.83259E-03  1.53602E+01
 -6.10609E+00  2.52065E-28  1.11012E+06  1.83370E-03  1.59860E+01
 -6.05930E+00  2.52065E-28  1.11012E+06  1.83370E-03  1.59860E+01
 -6.01251E+00  2.52065E-28  1.11012E+06  1.83370E-03  1.59860E+01
 -5.96572E+00  2.51123E-28  1.11339E+06  1.83671E-03  1.69389E+01
 -5.91893E+00  2.50180E-28  1.11668E+06  1.83974E-03  1.78991E+01
 -5.87214E+00  2.50180E-28  1.11668E+06  1.83974E-03  1.78991E+01
 -5.82535E+00  2.50180E-28  1.11668E+06  1.83974E-03  1.78991E+01
 -5.77856E+00  2.48054E-28  1.12439E+06  1.84526E-03  1.92088E+01
 -5.73177E+00  2.45927E-28  1.13223E+06  1.85087E-03  2.05412E+01
 -5.68498E+00  2.45927E-28  1.13223E+06  1.85087E-03  2.05412E+01
 -5.63819E+00  2.45927E-28  1.13223E+06  1.85087E-03  2.05412E+01
 -5.59140E+00  2.41612E-28  1.14898E+06  1.86299E-03  2.22268E+01
 -5.54461E+00  2.37297E-28  1.16635E+06  1.87555E-03  2.39736E+01
 -5.49782E+00  2.37297E-28  1.16635E+06  1.87555E-03  2.39736E+01
 -5.45103E+00  2.37297E-28  1.16635E+06  1.87555E-03  2.39736E+01
 -5.40424E+00  2.32997E-28  1.18185E+06  1.88974E-03  2.60751E+01
 -5.35745E+00  2.28697E-28  1.19794E+06  1.90447E-03  2.82557E+01
 -5.31066E+00  2.28697E-28  1.19794E+06  1.90447E-03  2.82557E+01
 -5.26387E+00  2.28697E-28  1.19794E+06  1.90447E-03  2.82557E+01
 -5.21708E+00  2.26186E-28  1.20279E+06  1.90924E-03  3.09539E+01
 -5.17029E+00  2.23675E-28  1.20774E+06  1.91411E-03  3.37128E+01
 -5.12350E+00  2.23675E-28  1.20774E+06  1.91411E-03  3.37128E+01
 -5.07671E+00  2.23675E-28  1.20774E+06  1.91411E-03  3.37128E+01
 -5.02992E+00  2.23062E-28  1.19840E+06  1.91316E-03  3.70279E+01
 -4.98313E+00  2.22450E-28  1.18902E+06  1.91220E-03  4.03612E+01
 -4.93634E+00  2.22450E-28  1.18902E+06  1.91220E-03  4.03612E+01
 -4.88955E+00  2.22450E-28  1.18902E+06  1.91220E-03  4.03612E+01
 -4.84276E+00  2.23997E-28  1.16463E+06  1.90656E-03  4.35326E+01
 -4.79597E+00  2.25545E-28  1.14057E+06  1.90100E-03  4.66605E+01
 -4.74918E+00  2.25545E-28  1.14057E+06  1.90100E-03  4.66605E+01
 -4.70239E+00  2.25545E-28  1.14057E+06  1.90100E-03  4.66605E+01
 -4.65560E+00  2.31461E-28  1.09551E+06  1.88676E-03  4.81707E+01
 -4.60881E+00  2.37377E-28  1.05269E+06  1.87323E-03  4.96057E+01
 -4.56202E+00  2.37377E-28  1.05269E+06  1.87323E-03  4.96057E+01
 -4.51523E+00  2.37377E-28  1.05269E+06  1.87323E-03  4.96057E+01
 -4.46844E+00  2.50799E-28  9.86078E+05  1.84459E-03  4.78422E+01
 -4.42165E+00  2.64221E-28  9.26230E+05  1.81887E-03  4.62578E+01
 -4.37486E+00  2.64221E-28  9.26230E+05  1.81887E-03  4.62578E+01
 -4.32807E+00  2.64221E-28  9.26230E+05  1.81887E-03  4.62578E+01
 -4.28128E+00  2.74263E-28  8.93273E+05  1.79693E-03  4.04628E+01
 -4.23449E+00  2.84304E-28  8.62644E+05  1.77655E-03  3.50771E+01
 -4.18770E+00  2.84304E-28  8.62644E+05  1.77655E-03  3.50771E+01
 -4.14091E+00  2.84304E-28  8.62644E+05  1.77655E-03  3.50771E+01
 -4.09412E+00  2.94362E-28  8.47683E+05  1.76816E-03  2.65634E+01
 -4.04733E+00  3.04420E-28  8.33712E+05  1.76032E-03  1.86122E+01
 -4.00054E+00  3.04420E-28  8.33712E+05  1.76032E-03  1.86122E+01
 -3.95375E+00  3.04420E-28  8.33712E+05  1.76032E-03  1.86122E+01
 -3.90696E+00  3.41173E-28  7.62712E+05  1.71790E-03  1.34100E+01
 -3.86017E+00  3.77926E-28  7.05522E+05  1.68372E-03  9.21966E+00
 -3.81338E+00  3.77926E-28  7.05522E+05  1.68372E-03  9.21966E+00
 -3.76659E+00  3.77926E-28  7.05522E+05  1.68372E-03  9.21966E+00
 -3.71980E+00  3.52240E-28  7.58222E+05  1.70983E-03  6.84943E+00
 -3.67301E+00  3.26555E-28  8.19212E+05  1.74006E-03  4.10634E+00
 -3.62622E+00  3.26555E-28  8.19212E+05  1.74006E-03  4.10634E+00
 -3.57943E+00  3.26555E-28  8.19212E+05  1.74006E-03  4.10634E+00
 -3.53264E+00  3.19779E-28  8.33942E+05  1.73640E-03  3.72103E-01
 -3.48585E+00  3.13002E-28  8.49311E+05  1.73259E-03 -3.52383E+00
 -3.43906E+00  3.13002E-28  8.49311E+05  1.73259E-03 -3.52383E+00
 -3.39227E+00  3.13002E-28  8.49311E+05  1.73259E-03 -3.52383E+00
 -3.34548E+00  3.50367E-28  7.55055E+05  1.70144E-03 -8.57876E+00
 -3.29869E+00  3.87732E-28  6.78966E+05  1.67629E-03 -1.26594E+01
 -3.25190E+00  3.87732E-28  6.78966E+05  1.67629E-03 -1.26594E+01
 -3.20511E+00  3.87732E-28  6.78966E+05  1.67629E-03 -1.26594E+01
 -3.15832E+00  4.30565E-28  5.88845E+05  1.65644E-03 -1.84512E+01
 -3.11153E+00  4.73398E-28  5.15032E+05  1.64019E-03 -2.31949E+01
 -3.06474E+00  4.73398E-28  5.15032E+05  1.64019E-03 -2.31949E+01
 -3.01795E+00  4.73398E-28  5.15032E+05  1.64019E-03 -2.31949E+01
 -2.97116E+00  4.69497E-28  5.05064E+05  1.63676E-03 -2.74177E+01
 -2.92437E+00  4.65596E-28  4.94929E+05  1.63328E-03 -3.17114E+01
 -2.87758E+00  4.65596E-28  4.94929E+05  1.63328E-03 -3.17114E+01
 -2.83079E+00  4.65596E-28  4.94929E+05  1.63328E-03 -3.17114E+01
 -2.78400E+00  3.87459E-28  6.03151E+05  1.67730E-03 -3.15879E+01
 -2.73721E+00  3.09321E-28  7.66050E+05  1.74357E-03 -3.14020E+01
 -2.69042E+00  3.09321E-28  7.66050E+05  1.74357E-03 -3.14020E+01
 -2.64363E+00  3.09321E-28  7.66050E+05  1.74357E-03 -3.14020E+01
 -2.59684E+00  2.94481E-28  8.14324E+05  1.75762E-03 -2.74009E+01
 -2.55005E+00  2.79640E-28  8.67723E+05  1.77316E-03 -2.29750E+01
 -2.50326E+00  2.79640E-28  8.67723E+05  1.77316E-03 -2.29750E+01
 -2.45647E+00  2.79640E-28  8.67723E+05  1.77316E-03 -2.29750E+01
 -2.40968E+00  4.54681E-28  5.37296E+05  1.62866E-03 -1.66422E+01
 -2.36289E+00  6.29722E-28  3.90564E+05  1.56450E-03 -1.38300E+01
 -2.31610E+00  6.29722E-28  3.90564E+05  1.56450E-03 -1.38300E+01
 -2.26931E+00  6.29722E-28  3.90564E+05  1.56450E-03 -1.38300E+01
 -2.22252E+00  1.04391E-27  2.36875E+05  1.49345E-03 -1.19331E+01
 -2.17573E+00  1.45810E-27  1.70500E+05  1.46277E-03 -1.11139E+01
 -2.12894E+00  1.45810E-27  1.70500E+05  1.46277E-03 -1.11139E+01
 -2.08215E+00  1.45810E-27  1.70500E+05  1.46277E-03 -1.11139E+01
 -2.03536E+00  1.54516E-27  1.63499E+05  1.45893E-03 -1.33007E+01
 -1.98857E+00  1.63223E-27  1.57245E+05  1.45549E-03 -1.52542E+01
 -1.94178E+00  1.63223E-27  1.57245E+05  1.45549E-03 -1.52542E+01
 -1.89499E+00  1.63223E-27  1.57245E+05  1.45549E-03 -1.52542E+01
 -1.84820E+00  1.31866E-27  1.97989E+05  1.47272E-03 -1.90621E+01
 -1.80141E+00  1.00509E-27  2.64155E+05  1.50071E-03 -2.52461E+01
 -1.75462E+00  1.00509E-27  2.64155E+05  1.50071E-03 -2.52461E+01
 -1.70783E+00  1.00509E-27  2.64155E+05  1.50071E-03 -2.52461E+01
 -1.66104E+00  7.16222E-28  3.72451E+05  1.54497E-03 -2.92207E+01
 -1.61425E+00  4.27356E-28  6.27152E+05  1.64908E-03 -3.85684E+01
 -1.56746E+00  4.27356E-28  6.27152E+05  1.64908E-03 -3.85684E+01
 -1.52067E+00  4.27356E-28  6.27152E+05  1.64908E-03 -3.85684E+01
 -1.47388E+00  4.20412E-28  6.33140E+05  1.62223E-03 -4.26304E+01
 -1.42709E+00  4.13468E-28  6.39328E+05  1.59447E-03 -4.68289E+01
 -1.38030E+00  4.13468E-28  6.39328E+05  1.59447E-03 -4.68289E+01
 -1.33351E+00  4.13468E-28  6.39328E+05  1.59447E-03 -4.68289E+01
 -1.28672E+00  4.29533E-28  6.20313E+05  1.58311E-03 -4.84058E+01
 -1.23993E+00  4.45598E-28  6.02669E+05  1.57256E-03 -4.98690E+01
 -1.19314E+00  4.45598E-28  6.02669E+05  1.57256E-03 -4.98690E+01
 -1.14635E+00  4.45598E-28  6.02669E+05  1.57256E-03 -4.98690E+01
 -1.09956E+00  4.03649E-28  6.78443E+05  1.61993E-03 -4.86647E+01
 -1.05277E+00  3.61700E-28  7.71793E+05  1.67828E-03 -4.71811E+01
 -1.00598E+00  3.61700E-28  7.71793E+05  1.67828E-03 -4.71811E+01
 -9.59194E-01  3.61700E-28  7.71793E+05  1.67828E-03 -4.71811E+01
 -9.12404E-01  3.10470E-28  9.12636E+05  1.75069E-03 -4.38393E+01
 -8.65614E-01  2.59241E-28  1.10914E+06  1.85173E-03 -3.91767E+01
 -8.18824E-01  2.59241E-28  1.10914E+06  1.85173E-03 -3.91767E+01
 -7.72034E-01  2.59241E-28  1.10914E+06  1.85173E-03 -3.91767E+01
 -7.25244E-01  2.41374E-28  1.19086E+06  1.88749E-03 -3.50620E+01
 -6.78454E-01  2.23507E-28  1.28563E+06  1.92898E-03 -3.02896E+01
 -6.31664E-01  2.23507E-28  1.28563E+06  1.92898E-03 -3.02896E+01
 -5.84874E-01  2.23507E-28  1.28563E+06  1.92898E-03 -3.02896E+01
 -5.38084E-01  2.36217E-28  1.21326E+06  1.90127E-03 -2.64746E+01
 -4.91294E-01  2.48928E-28  1.14828E+06  1.87639E-03 -2.30491E+01
 -4.44504E-01  2.48928E-28  1.14828E+06  1.87639E-03 -2.30491E+01
 -3.97714E-01  2.48928E-28  1.14828E+06  1.87639E-03 -2.30491E+01
 -3.50924E-01  2.81444E-28  1.00972E+06  1.81122E-03 -1.78799E+01
 -3.04135E-01  3.13961E-28  8.99861E+05  1.75956E-03 -1.37815E+01
 -2.57345E-01  3.13961E-28  8.99861E+05  1.75956E-03 -1.37815E+01
 -2.10555E-01  3.13961E-28  8.99861E+05  1.75956E-03 -1.37815E+01
 -1.63765E-01  3.84762E-28  7.26865E+05  1.68072E-03 -6.91656E+00
 -1.16975E-01  4.55562E-28  6.07642E+05  1.62639E-03 -2.18544E+00
 -7.01849E-02  4.55562E-28  6.07642E+05  1.62639E-03 -2.18544E+00
 -2.33950E-02  4.55562E-28  6.07642E+05  1.62639E-03 -2.18544E+00
  2.33950E-02  5.42229E-28  5.01531E+05  1.57801E-03  3.44111E+00
  7.01849E-02  6.28895E-28  4.24666E+05  1.54297E-03  7.51691E+00
  1.16975E-01  6.28895E-28  4.24666E+05  1.54297E-03  7.51691E+00
  1.63765E-01  6.28895E-28  4.24666E+05  1.54297E-03  7.51691E+00
  2.10555E-01  6.25398E-28  4.15313E+05  1.53596E-03  1.08541E+01
  2.57345E-01  6.21900E-28  4.05855E+05  1.52887E-03  1.42289E+01
  3.04135E-01  6.21900E-28  4.05855E+05  1.52887E-03  1.42289E+01
  3.50924E-01  6.21900E-28  4.05855E+05  1.52887E-03  1.42289E+01
  3.97714E-01  6.71050E-28  3.61451E+05  1.49616E-03  1.61310E+01
  4.44504E-01  7.20199E-28  3.23107E+05  1.46791E-03  1.77735E+01
  4.91294E-01  7.20199E-28  3.23107E+05  1.46791E-03  1.77735E+01
  5.38084E-01  7.20199E-28  3.23107E+05  1.46791E-03  1.77735E+01
  5.84874E-01  9.53641E-28  2.23337E+05  1.42244E-03  1.70379E+01
  6.31664E-01  1.18708E-27  1.62807E+05  1.39485E-03  1.65916E+01
  6.78454E-01  1.18708E-27  1.62807E+05  1.39485E-03  1.65916E+01
  7.25244E-01  1.18708E-27  1.62807E+05  1.39485E-03  1.65916E+01
  7.72034E-01  1.27405E-27  1.38446E+05  1.38371E-03  1.45682E+01
  8.18824E-01  1.36101E-27  1.17199E+05  1.37399E-03  1.28034E+01
  8.65614E-01  1.36101E-27  1.17199E+05  1.37399E-03  1.28034E+01
  9.12404E-01  1.36101E-27  1.17199E+05  1.37399E-03  1.28034E+01
  9.59194E-01  1.02460E-27  1.56594E+05  1.38665E-03  1.15190E+01
  1.00598E+00  6.88187E-28  2.34504E+05  1.41169E-03  8.97866E+00
  1.05277E+00  6.88187E-28  2.34504E+05  1.41169E-03  8.97866E+00
  1.09956E+00  6.88187E-28  2.34504E+05  1.41169E-03  8.97866E+00
  1.14635E+00  4.97446E-28  3.41339E+05  1.48422E-03  8.09818E+00
  1.19314E+00  3.06705E-28  5.81057E+05  1.64698E-03  6.12253E+00
  1.23993E+00  3.06705E-28  5.81057E+05  1.64698E-03  6.12253E+00
  1.28672E+00  3.06705E-28  5.81057E+05  1.64698E-03  6.12253E+00
  1.33351E+00  2.48358E-28  7.42910E+05  1.74287E-03  8.20631E+00
  1.38030E+00  1.90011E-28  1.00416E+06  1.89765E-03  1.15698E+01
  1.42709E+00  1.90011E-28  1.00416E+06  1.89765E-03  1.15698E+01
  1.47388E+00  1.90011E-28  1.00416E+06  1.89765E-03  1.15698E+01
  1.52067E+00  1.85140E-28  1.02990E+06  1.91759E-03  1.58534E+01
  1.56746E+00  1.80269E-28  1.05702E+06  1.93862E-03  2.03685E+01
  1.61425E+00  1.80269E-28  1.05702E+06  1.93862E-03  2.03685E+01
  1.66104E+00  1.80269E-28  1.05702E+06  1.93862E-03  2.03685E+01
  1.70783E+00  1.92100E-28  9.77605E+05  1.90979E-03  2.14574E+01
  1.75462E+00  2.03931E-28  9.07404E+05  1.88431E-03  2.24199E+01
  1.80141E+00  2.03931E-28  9.07404E+05  1.88431E-03  2.24199E+01
  1.84820E+00  2.03931E-28  9.07404E+05  1.88431E-03  2.24199E+01
  1.89499E+00  2.65013E-28  6.82999E+05  1.76457E-03  1.93824E+01
  1.94178E+00  3.26096E-28  5.42662E+05  1.68969E-03  1.74828E+01
  1.98857E+00  3.26096E-28  5.42662E+05  1.68969E-03  1.74828E+01
  2.03536E+00  3.26096E-28  5.42662E+05  1.68969E-03  1.74828E+01
  2.08215E+00  6.22899E-28  2.69998E+05  1.48687E-03  1.00439E+01
  2.12894E+00  9.19702E-28  1.73321E+05  1.41496E-03  7.40632E+00
  2.17573E+00  9.19702E-28  1.73321E+05  1.41496E-03  7.40632E+00
  2.22252E+00  9.19702E-28  1.73321E+05  1.41496E-03  7.40632E+00
  2.26931E+00  1.48416E-27  1.01459E+05  1.38179E-03 -1.58010E-02
  2.31610E+00  2.04862E-27  6.91969E+04  1.36690E-03 -3.34787E+00
  2.36289E+00  2.04862E-27  6.91969E+04  1.36690E-03 -3.34787E+00
  2.40968E+00  2.04862E-27  6.91969E+04  1.36690E-03 -3.34787E+00
  2.45647E+00  2.12094E-27  6.33400E+04  1.36779E-03 -7.55377E+00
  2.50326E+00  2.19327E-27  5.78693E+04  1.36862E-03 -1.14823E+01
  2.55005E+00  2.19327E-27  5.78693E+04  1.36862E-03 -1.14823E+01
  2.59684E+00  2.19327E-27  5.78693E+04  1.36862E-03 -1.14823E+01
  2.64363E+00  2.11376E-27  6.20184E+04  1.37415E-03 -1.22029E+01
  2.69042E+00  2.03425E-27  6.64918E+04  1.38012E-03 -1.29799E+01
  2.73721E+00  2.03425E-27  6.64918E+04  1.38012E-03 -1.29799E+01
  2.78400E+00  2.03425E-27  6.64918E+04  1.38012E-03 -1.29799E+01
  2.83079E+00  1.65409E-27  8.71962E+04  1.39208E-03 -1.15638E+01
  2.87758E+00  1.27394E-27  1.20258E+05  1.41119E-03 -9.30267E+00
  2.92437E+00  1.27394E-27  1.20258E+05  1.41119E-03 -9.30267E+00
  2.97116E+00  1.27394E-27  1.20258E+05  1.41119E-03 -9.30267E+00
  3.01795E+00  1.02210E-27  1.49696E+05  1.42860E-03 -8.35597E+00
  3.06474E+00  7.70269E-28  1.98383E+05  1.45739E-03 -6.79025E+00
  3.11153E+00  7.70269E-28  1.98383E+05  1.45739E-03 -6.79025E+00
  3.15832E+00  7.70269E-28  1.98383E+05  1.45739E-03 -6.79025E+00
  3.20511E+00  6.70222E-28  2.42998E+05  1.48355E-03 -7.56451E+00
  3.25190E+00  5.70175E-28  3.03269E+05  1.51889E-03 -8.61048E+00
  3.29869E+00  5.70175E-28  3.03269E+05  1.51889E-03 -8.61048E+00
  3.34548E+00  5.70175E-28  3.03269E+05  1.51889E-03 -8.61048E+00
  3.39227E+00  6.03386E-28  3.04249E+05  1.50428E-03 -9.28944E+00
  3.43906E+00  6.36597E-28  3.05126E+05  1.49120E-03 -9.89756E+00
  3.48585E+00  6.36597E-28  3.05126E+05  1.49120E-03 -9.89756E+00
  3.53264E+00  6.36597E-28  3.05126E+05  1.49120E-03 -9.89756E+00
  3.57943E+00  6.99800E-28  2.97016E+05  1.48792E-03 -8.79392E+00
  3.62622E+00  7.63004E-28  2.90251E+05  1.48517E-03 -7.87312E+00
  3.67301E+00  7.63004E-28  2.90251E+05  1.48517E-03 -7.87312E+00
  3.71980E+00  7.63004E-28  2.90251E+05  1.48517E-03 -7.87312E+00
  3.76659E+00  9.87369E-28  2.29184E+05  1.45326E-03 -7.05946E+00
  3.81338E+00  1.21173E-27  1.90732E+05  1.43316E-03 -6.54712E+00
  3.86017E+00  1.21173E-27  1.90732E+05  1.43316E-03 -6.54712E+00
  3.90696E+00  1.21173E-27  1.90732E+05  1.43316E-03 -6.54712E+00
  3.95375E+00  1.27453E-27  1.85046E+05  1.43240E-03 -8.49416E+00
  4.00054E+00  1.33732E-27  1.79894E+05  1.43171E-03 -1.02584E+01
  4.04733E+00  1.33732E-27  1.79894E+05  1.43171E-03 -1.02584E+01
  4.09412E+00  1.33732E-27  1.79894E+05  1.43171E-03 -1.02584E+01
  4.14091E+00  8.01419E-28  3.08828E+05  1.50268E-03 -1.06878E+01
  4.18770E+00  2.65522E-28  9.58208E+05  1.86009E-03 -1.28506E+01
  4.23449E+00  2.65522E-28  9.58208E+05  1.86009E-03 -1.28506E+01
  4.28128E+00  2.65522E-28  9.58208E+05  1.86009E-03 -1.28506E+01
  4.32807E+00  2.42734E-28  1.03985E+06  1.88369E-03 -1.31870E+01
  4.37486E+00  2.19946E-28  1.13840E+06  1.91219E-03 -1.35930E+01
  4.42165E+00  2.19946E-28  1.13840E+06  1.91219E-03 -1.35930E+01
  4.46844E+00  2.19946E-28  1.13840E+06  1.91219E-03 -1.35930E+01
  4.51523E+00  4.01311E-28  6.32561E+05  1.69156E-03 -1.13953E+01
  4.56202E+00  5.82675E-28  4.41617E+05  1.60828E-03 -1.05657E+01
  4.60881E+00  5.82675E-28  4.41617E+05  1.60828E-03 -1.05657E+01
  4.65560E+00  5.82675E-28  4.41617E+05  1.60828E-03 -1.05657E+01
  4.70239E+00  1.21849E-27  2.14488E+05  1.50557E-03 -7.84358E+00
  4.74918E+00  1.85430E-27  1.43118E+05  1.47330E-03 -6.98821E+00
  4.79597E+00  1.85430E-27  1.43118E+05  1.47330E-03 -6.98821E+00
  4.84276E+00  1.85430E-27  1.43118E+05  1.47330E-03 -6.98821E+00
  4.88955E+00  1.04949E-27  2.57657E+05  1.52503E-03 -7.36703E+00
  4.93634E+00  2.44687E-28  1.12566E+06  1.91704E-03 -1.02378E+01
  4.98313E+00  2.44687E-28  1.12566E+06  1.91704E-03 -1.02378E+01
  5.02992E+00  2.44687E-28  1.12566E+06  1.91704E-03 -1.02378E+01
  5.07671E+00  2.22096E-28  1.23860E+06  1.95359E-03 -1.30599E+01
  5.12350E+00  1.99505E-28  1.37712E+06  1.99842E-03 -1.65211E+01
  5.17029E+00  1.99505E-28  1.37712E+06  1.99842E-03 -1.65211E+01
  5.21708E+00  1.99505E-28  1.37712E+06  1.99842E-03 -1.65211E+01
  5.26387E+00  2.00032E-28  1.37753E+06  1.99794E-03 -1.91862E+01
  5.31066E+00  2.00560E-28  1.37793E+06  1.99747E-03 -2.18372E+01
  5.35745E+00  2.00560E-28  1.37793E+06  1.99747E-03 -2.18372E+01
  5.40424E+00  2.00560E-28  1.37793E+06  1.99747E-03 -2.18372E+01
  5.45103E+00  2.02697E-28  1.36354E+06  1.98856E-03 -2.16167E+01
  5.49782E+00  2.04834E-28  1.34945E+06  1.97983E-03 -2.14008E+01
  5.54461E+00  2.04834E-28  1.34945E+06  1.97983E-03 -2.14008E+01
  5.59140E+00  2.04834E-28  1.34945E+06  1.97983E-03 -2.14008E+01
  5.63819E+00  2.23212E-28  1.24020E+06  1.91085E-03 -1.84298E+01
  5.68498E+00  2.41590E-28  1.14757E+06  1.85237E-03 -1.59109E+01
  5.73177E+00  2.41590E-28  1.14757E+06  1.85237E-03 -1.59109E+01
  5.77856E+00  2.41590E-28  1.14757E+06  1.85237E-03 -1.59109E+01
  5.82535E+00  3.97464E-28  6.96695E+05  1.65610E-03 -1.10191E+01
  5.87214E+00  5.53337E-28  4.99838E+05  1.57041E-03 -8.88337E+00
  5.91893E+00  5.53337E-28  4.99838E+05  1.57041E-03 -8.88337E+00
  5.96572E+00  5.53337E-28  4.99838E+05  1.57041E-03 -8.88337E+00
  6.01251E+00  9.66516E-28  2.87223E+05  1.47301E-03 -5.50680E+00
  6.05930E+00  1.37970E-27  2.01952E+05  1.43395E-03 -4.15260E+00
  6.10609E+00  1.37970E-27  2.01952E+05  1.43395E-03 -4.15260E+00
  6.15288E+00  1.37970E-27  2.01952E+05  1.43395E-03 -4.15260E+00
  6.19967E+00  1.34463E-27  2.06924E+05  1.43569E-03 -3.54424E+00
  6.24646E+00  1.30957E-27  2.12162E+05  1.43751E-03 -2.90330E+00
  6.29325E+00  1.30957E-27  2.12162E+05  1.43751E-03 -2.90330E+00
  6.34003E+00  1.30957E-27  2.12162E+05  1.43751E-03 -2.90330E+00
  6.38683E+00  1.11779E-27  2.47460E+05  1.45277E-03 -3.77424E+00
  6.43362E+00  9.26014E-28  2.97379E+05  1.47435E-03 -5.00592E+00
  6.48040E+00  9.26014E-28  2.97379E+05  1.47435E-03 -5.00592E+00
  6.52719E+00  9.26014E-28  2.97379E+05  1.47435E-03 -5.00592E+00
  6.57398E+00  8.32409E-28  3.30748E+05  1.49115E-03 -7.26163E+00
  6.62077E+00  7.38805E-28  3.72572E+05  1.51220E-03 -1.00889E+01
  6.66756E+00  7.38805E-28  3.72572E+05  1.51220E-03 -1.00889E+01
  6.71435E+00  7.38805E-28  3.72572E+05  1.51220E-03 -1.00889E+01
  6.76114E+00  6.03627E-28  4.56870E+05  1.55305E-03 -1.25658E+01
  6.80793E+00  4.68449E-28  5.89819E+05  1.61747E-03 -1.64721E+01
  6.85472E+00  4.68449E-28  5.89819E+05  1.61747E-03 -1.64721E+01
  6.90151E+00  4.68449E-28  5.89819E+05  1.61747E-03 -1.64721E+01
  6.94830E+00  3.73772E-28  7.41885E+05  1.68992E-03 -1.84614E+01
  6.99509E+00  2.79094E-28  9.97121E+05  1.81152E-03 -2.18003E+01
  7.04188E+00  2.79094E-28  9.97121E+05  1.81152E-03 -2.18003E+01
  7.08867E+00  2.79094E-28  9.97121E+05  1.81152E-03 -2.18003E+01
  7.13546E+00  2.49044E-28  1.12713E+06  1.87834E-03 -2.23827E+01
  7.18225E+00  2.18993E-28  1.29282E+06  1.96350E-03 -2.31250E+01
  7.22904E+00  2.18993E-28  1.29282E+06  1.96350E-03 -2.31250E+01
  7.27583E+00  2.18993E-28  1.29282E+06  1.96350E-03 -2.31250E+01
  7.32262E+00  2.12153E-28  1.34022E+06  1.98091E-03 -2.22043E+01
  7.36941E+00  2.05314E-28  1.39078E+06  1.99947E-03 -2.12223E+01
  7.41620E+00  2.05314E-28  1.39078E+06  1.99947E-03 -2.12223E+01
  7.46299E+00  2.05314E-28  1.39078E+06  1.99947E-03 -2.12223E+01
  7.50978E+00  2.05923E-28  1.38987E+06  1.99974E-03 -2.03104E+01
  7.55657E+00  2.06531E-28  1.38897E+06  2.00000E-03 -1.94038E+01
  7.60336E+00  2.06531E-28  1.38897E+06  2.00000E-03 -1.94038E+01
  7.65015E+00  2.06531E-28  1.38897E+06  2.00000E-03 -1.94038E+01
  7.69694E+00  2.06905E-28  1.38953E+06  2.00000E-03 -1.90823E+01
  7.74373E+00  2.07279E-28  1.39008E+06  2.00000E-03 -1.87621E+01
  7.79052E+00  2.07279E-28  1.39008E+06  2.00000E-03 -1.87621E+01
  7.83731E+00  2.07279E-28  1.39008E+06  2.00000E-03 -1.87621E+01
  7.88410E+00  2.07627E-28  1.39085E+06  2.00000E-03 -1.88485E+01
  7.93089E+00  2.07975E-28  1.39161E+06  2.00000E-03 -1.89347E+01
  7.97768E+00  2.07975E-28  1.39161E+06  2.00000E-03 -1.89347E+01
  8.02447E+00  2.07975E-28  1.39161E+06  2.00000E-03 -1.89347E+01
  8.07126E+00  2.08216E-28  1.39298E+06  2.00000E-03 -1.91144E+01
  8.11805E+00  2.08457E-28  1.39434E+06  2.00000E-03 -1.92938E+01
  8.16484E+00  2.08457E-28  1.39434E+06  2.00000E-03 -1.92938E+01
  8.21163E+00  2.08457E-28  1.39434E+06  2.00000E-03 -1.92938E+01
  8.25842E+00  2.08693E-28  1.39532E+06  2.00000E-03 -1.94037E+01
  8.30521E+00  2.08929E-28  1.39629E+06  2.00000E-03 -1.95135E+01
  8.35200E+00  2.08929E-28  1.39629E+06  2.00000E-03 -1.95135E+01
  8.39879E+00  2.08929E-28  1.39629E+06  2.00000E-03 -1.95135E+01
  8.44558E+00  2.09124E-28  1.39716E+06  2.00000E-03 -1.95470E+01
  8.49237E+00  2.09319E-28  1.39802E+06  2.00000E-03 -1.95805E+01
  8.53916E+00  2.09319E-28  1.39802E+06  2.00000E-03 -1.95805E+01
  8.58595E+00  2.09319E-28  1.39802E+06  2.00000E-03 -1.95805E+01
  8.63274E+00  2.09474E-28  1.39870E+06  2.00000E-03 -1.95664E+01
  8.67953E+00  2.09629E-28  1.39937E+06  2.00000E-03 -1.95522E+01
  8.72632E+00  2.09629E-28  1.39937E+06  2.00000E-03 -1.95522E+01
  8.77311E+00  2.09629E-28  1.39937E+06  2.00000E-03 -1.95522E+01
  8.81990E+00  2.09735E-28  1.39983E+06  2.00000E-03 -1.95175E+01
  8.86669E+00  2.09841E-28  1.40029E+06  2.00000E-03 -1.94828E+01
  8.91348E+00  2.09841E-28  1.40029E+06  2.00000E-03 -1.94828E+01
  8.96027E+00  2.09841E-28  1.40029E+06  2.00000E-03 -1.94828E+01
  9.00706E+00  2.09902E-28  1.40056E+06  2.00000E-03 -1.94417E+01
  9.05385E+00  2.09964E-28  1.40082E+06  2.00000E-03 -1.94007E+01
  9.10064E+00  2.09964E-28  1.40082E+06  2.00000E-03 -1.94007E+01
  9.14743E+00  2.09964E-28  1.40082E+06  2.00000E-03 -1.94007E+01
  9.19422E+00  2.10000E-28  1.40098E+06  2.00000E-03 -1.93504E+01
  9.24101E+00  2.10036E-28  1.40114E+06  2.00000E-03 -1.93002E+01
  9.28780E+00  2.10036E-28  1.40114E+06  2.00000E-03 -1.93002E+01
  9.33459E+00  2.10036E-28  1.40114E+06  2.00000E-03 -1.93002E+01
  9.38138E+00  2.10072E-28  1.40131E+06  2.00000E-03 -1.92284E+01
  9.42817E+00  2.10107E-28  1.40147E+06  2.00000E-03 -1.91566E+01
  9.47496E+00  2.10107E-28  1.40147E+06  2.00000E-03 -1.91566E+01
  9.52175E+00  2.10107E-28  1.40147E+06  2.00000E-03 -1.91566E+01
  9.56854E+00  2.10165E-28  1.40174E+06  2.00000E-03 -1.90518E+01
  9.61533E+00  2.10223E-28  1.40200E+06  2.00000E-03 -1.89470E+01
  9.66212E+00  2.10223E-28  1.40200E+06  2.00000E-03 -1.89470E+01
  9.70891E+00  2.10223E-28  1.40200E+06  2.00000E-03 -1.89470E+01
  9.75570E+00  2.10313E-28  1.40241E+06  2.00000E-03 -1.88048E+01
  9.80249E+00  2.10403E-28  1.40282E+06  2.00000E-03 -1.86628E+01
  9.84928E+00  2.10403E-28  1.40282E+06  2.00000E-03 -1.86628E+01
  9.89607E+00  2.10403E-28  1.40282E+06  2.00000E-03 -1.86628E+01
  9.94286E+00  2.10519E-28  1.40335E+06  2.00000E-03 -1.84888E+01
  9.98965E+00  2.10636E-28  1.40388E+06  2.00000E-03 -1.83151E+01
  1.00364E+01  2.10636E-28  1.40388E+06  2.00000E-03 -1.83151E+01
  1.00832E+01  2.10636E-28  1.40388E+06  2.00000E-03 -1.83151E+01
  1.01300E+01  2.10766E-28  1.40446E+06  2.00000E-03 -1.81216E+01
  1.01768E+01  2.10897E-28  1.40504E+06  2.00000E-03 -1.79283E+01
  1.02236E+01  2.10897E-28  1.40504E+06  2.00000E-03 -1.79283E+01
  1.02704E+01  2.10897E-28  1.40504E+06  2.00000E-03 -1.79283E+01
  1.03172E+01  2.11026E-28  1.40562E+06  2.00000E-03 -1.77272E+01
  1.03640E+01  2.11156E-28  1.40620E+06  2.00000E-03 -1.75263E+01
  1.04108E+01  2.11156E-28  1.40620E+06  2.00000E-03 -1.75263E+01
  1.04575E+01  2.11156E-28  1.40620E+06  2.00000E-03 -1.75263E+01
  1.05043E+01  2.11277E-28  1.40674E+06  2.00000E-03 -1.73248E+01
  1.05511E+01  2.11397E-28  1.40727E+06  2.00000E-03 -1.71235E+01
  1.05979E+01  2.11397E-28  1.40727E+06  2.00000E-03 -1.71235E+01
  1.06447E+01  2.11397E-28  1.40727E+06  2.00000E-03 -1.71235E+01
  1.06915E+01  2.11505E-28  1.40774E+06  2.00000E-03 -1.69240E+01
  1.07383E+01  2.11613E-28  1.40822E+06  2.00000E-03 -1.67247E+01
  1.07851E+01  2.11613E-28  1.40822E+06  2.00000E-03 -1.67247E+01
  1.08319E+01  2.11613E-28  1.40822E+06  2.00000E-03 -1.67247E+01
  1.08787E+01  2.11706E-28  1.40863E+06  2.00000E-03 -1.65280E+01
  1.09254E+01  2.11800E-28  1.40904E+06  2.00000E-03 -1.63315E+01
  1.09722E+01  2.11800E-28  1.40904E+06  2.00000E-03 -1.63315E+01
  1.10190E+01  2.11800E-28  1.40904E+06  2.00000E-03 -1.63315E+01
  1.10658E+01  2.11877E-28  1.40937E+06  2.00000E-03 -1.61402E+01
  1.11126E+01  2.11953E-28  1.40971E+06  2.00000E-03 -1.59492E+01
  1.11594E+01  2.11953E-28  1.40971E+06  2.00000E-03 -1.59492E+01
  1.12062E+01  2.11953E-28  1.40971E+06  2.00000E-03 -1.59492E+01
  1.12530E+01  2.12008E-28  1.40994E+06  2.00000E-03 -1.57691E+01
  1.12998E+01  2.12063E-28  1.41018E+06  2.00000E-03 -1.55891E+01
  1.13466E+01  2.12063E-28  1.41018E+06  2.00000E-03 -1.55891E+01
  1.13933E+01  2.12063E-28  1.41018E+06  2.00000E-03 -1.55891E+01
  1.14401E+01  2.12090E-28  1.41029E+06  2.00000E-03 -1.54264E+01
  1.14869E+01  2.12117E-28  1.41041E+06  2.00000E-03 -1.52637E+01
  1.15337E+01  2.12117E-28  1.41041E+06  2.00000E-03 -1.52637E+01
  1.15805E+01  2.12117E-28  1.41041E+06  2.00000E-03 -1.52637E+01
  1.16273E+01  2.12116E-28  1.41040E+06  2.00000E-03 -1.51215E+01
  1.16741E+01  2.12115E-28  1.41039E+06  2.00000E-03 -1.49792E+01
  1.17209E+01  2.12115E-28  1.41039E+06  2.00000E-03 -1.49792E+01
  1.17677E+01  2.12115E-28  1.41039E+06  2.00000E-03 -1.49792E+01
  1.18145E+01  2.12091E-28  1.41028E+06  2.00000E-03 -1.48548E+01
  1.18612E+01  2.12068E-28  1.41017E+06  2.00000E-03 -1.47303E+01
  1.19080E+01  2.12068E-28  1.41017E+06  2.00000E-03 -1.47303E+01
  1.19548E+01  2.12068E-28  1.41017E+06  2.00000E-03 -1.47303E+01
  1.20016E+01  2.12034E-28  1.41002E+06  2.00000E-03 -1.46155E+01
  1.20484E+01  2.12001E-28  1.40986E+06  2.00000E-03 -1.45006E+01
  1.20952E+01  2.12001E-28  1.40986E+06  2.00000E-03 -1.45006E+01
  1.21420E+01  2.12001E-28  1.40986E+06  2.00000E-03 -1.45006E+01
  1.21888E+01  2.11975E-28  1.40974E+06  2.00000E-03 -1.43846E+01
  1.22356E+01  2.11949E-28  1.40962E+06  2.00000E-03 -1.42686E+01
  1.22824E+01  2.11949E-28  1.40962E+06  2.00000E-03 -1.42686E+01
  1.23291E+01  2.11949E-28  1.40962E+06  2.00000E-03 -1.42686E+01
  1.23759E+01  2.11943E-28  1.40959E+06  2.00000E-03 -1.41422E+01
  1.24227E+01  2.11937E-28  1.40957E+06  2.00000E-03 -1.40157E+01
  1.24695E+01  2.11937E-28  1.40957E+06  2.00000E-03 -1.40157E+01
  1.25163E+01  2.11937E-28  1.40957E+06  2.00000E-03 -1.40157E+01
  1.25631E+01  2.11960E-28  1.40966E+06  2.00000E-03 -1.38740E+01
  1.26099E+01  2.11982E-28  1.40976E+06  2.00000E-03 -1.37323E+01
  1.26567E+01  2.11982E-28  1.40976E+06  2.00000E-03 -1.37323E+01
  1.27035E+01  2.11982E-28  1.40976E+06  2.00000E-03 -1.37323E+01
  1.27503E+01  2.12031E-28  1.40998E+06  2.00000E-03 -1.35759E+01
  1.27970E+01  2.12081E-28  1.41020E+06  2.00000E-03 -1.34195E+01
  1.28438E+01  2.12081E-28  1.41020E+06  2.00000E-03 -1.34195E+01
  1.28906E+01  2.12081E-28  1.41020E+06  2.00000E-03 -1.34195E+01
  1.29374E+01  2.12149E-28  1.41050E+06  2.00000E-03 -1.32539E+01
  1.29842E+01  2.12217E-28  1.41080E+06  2.00000E-03 -1.30884E+01
  1.30310E+01  2.12217E-28  1.41080E+06  2.00000E-03 -1.30884E+01
  1.30778E+01  2.12217E-28  1.41080E+06  2.00000E-03 -1.30884E+01
  1.31246E+01  2.12293E-28  1.41113E+06  2.00000E-03 -1.29222E+01
  1.31714E+01  2.12368E-28  1.41146E+06  2.00000E-03 -1.27560E+01
  1.32182E+01  2.12368E-28  1.41146E+06  2.00000E-03 -1.27560E+01
  1.32649E+01  2.12368E-28  1.41146E+06  2.00000E-03 -1.27560E+01
  1.33117E+01  2.12438E-28  1.41177E+06  2.00000E-03 -1.25984E+01
  1.33585E+01  2.12507E-28  1.41207E+06  2.00000E-03 -1.24410E+01
  1.34053E+01  2.12507E-28  1.41207E+06  2.00000E-03 -1.24410E+01
  1.34521E+01  2.12507E-28  1.41207E+06  2.00000E-03 -1.24410E+01
  1.34989E+01  2.12562E-28  1.41231E+06  2.00000E-03 -1.22994E+01
  1.35457E+01  2.12617E-28  1.41255E+06  2.00000E-03 -1.21578E+01
  1.35925E+01  2.12617E-28  1.41255E+06  2.00000E-03 -1.21578E+01
  1.36393E+01  2.12617E-28  1.41255E+06  2.00000E-03 -1.21578E+01
  1.36861E+01  2.12654E-28  1.41271E+06  2.00000E-03 -1.20343E+01
  1.37328E+01  2.12690E-28  1.41287E+06  2.00000E-03 -1.19108E+01
  1.37796E+01  2.12690E-28  1.41287E+06  2.00000E-03 -1.19108E+01
  1.38264E+01  2.12690E-28  1.41287E+06  2.00000E-03 -1.19108E+01
  1.38732E+01  2.12741E-28  1.41310E+06  2.00000E-03 -1.18005E+01
  1.39200E+01  2.12791E-28  1.41332E+06  2.00000E-03 -1.16903E+01
  1.39668E+01  2.12791E-28  1.41332E+06  2.00000E-03 -1.16903E+01
  1.40136E+01  2.12791E-28  1.41332E+06  2.00000E-03 -1.16903E+01
  1.40604E+01  2.12791E-28  1.41332E+06  2.00000E-03 -1.16903E+01
  1.41072E+01  2.12791E-28  1.41332E+06  2.00000E-03 -1.16903E+01
  1.41540E+01  2.12791E-28  1.41332E+06  2.00000E-03 -1.16903E+01
  1.42007E+01  2.12791E-28  1.41332E+06  2.00000E-03 -1.16903E+01
  1.42475E+01  2.12790E-28  1.41330E+06  2.00000E-03 -1.14842E+01
  1.42943E+01  2.12790E-28  1.41328E+06  2.00000E-03 -1.12781E+01
  1.43411E+01  2.12790E-28  1.41328E+06  2.00000E-03 -1.12781E+01
  1.43879E+01  2.12790E-28  1.41328E+06  2.00000E-03 -1.12781E+01
  1.44347E+01  2.12790E-28  1.41328E+06  2.00000E-03 -1.12781E+01
  1.44815E+01  2.12790E-28  1.41328E+06  2.00000E-03 -1.12781E+01
  1.45283E+01  2.12790E-28  1.41328E+06  2.00000E-03 -1.12781E+01
  1.45751E+01  2.12790E-28  1.41328E+06  2.00000E-03 -1.12781E+01
  1.46219E+01  2.12808E-28  1.41335E+06  2.00000E-03 -1.10615E+01
  1.46686E+01  2.12826E-28  1.41343E+06  2.00000E-03 -1.08448E+01
  1.47154E+01  2.12826E-28  1.41343E+06  2.00000E-03 -1.08448E+01
  1.47622E+01  2.12826E-28  1.41343E+06  2.00000E-03 -1.08448E+01
  1.48090E+01  2.12826E-28  1.41343E+06  2.00000E-03 -1.08448E+01
  1.48558E+01  2.12826E-28  1.41343E+06  2.00000E-03 -1.08448E+01
  1.49026E+01  2.12826E-28  1.41343E+06  2.00000E-03 -1.08448E+01
  1.49494E+01  2.12826E-28  1.41343E+06  2.00000E-03 -1.08448E+01
  1.49962E+01  2.12864E-28  1.41359E+06  2.00000E-03 -1.06183E+01
  1.50430E+01  2.12901E-28  1.41374E+06  2.00000E-03 -1.03918E+01
  1.50898E+01  2.12901E-28  1.41374E+06  2.00000E-03 -1.03918E+01
  1.51365E+01  2.12901E-28  1.41374E+06  2.00000E-03 -1.03918E+01
  1.51833E+01  2.12901E-28  1.41374E+06  2.00000E-03 -1.03918E+01
  1.52301E+01  2.12901E-28  1.41374E+06  2.00000E-03 -1.03918E+01
  1.52769E+01  2.12901E-28  1.41374E+06  2.00000E-03 -1.03918E+01
  1.53237E+01  2.12901E-28  1.41374E+06  2.00000E-03 -1.03918E+01
  1.53705E+01  2.12933E-28  1.41387E+06  2.00000E-03 -1.01777E+01
  1.54173E+01  2.12965E-28  1.41401E+06  2.00000E-03 -9.96363E+00
  1.54641E+01  2.12965E-28  1.41401E+06  2.00000E-03 -9.96363E+00
  1.55109E+01  2.12965E-28  1.41401E+06  2.00000E-03 -9.96363E+00
  1.55577E+01  2.12965E-28  1.41401E+06  2.00000E-03 -9.96363E+00
  1.56044E+01  2.12965E-28  1.41401E+06  2.00000E-03 -9.96363E+00
  1.56512E+01  2.12965E-28  1.41401E+06  2.00000E-03 -9.96363E+00
  1.56980E+01  2.12965E-28  1.41401E+06  2.00000E-03 -9.96363E+00
  1.57448E+01  2.12963E-28  1.41399E+06  2.00000E-03 -9.78591E+00
  1.57916E+01  2.12961E-28  1.41397E+06  2.00000E-03 -9.60818E+00
  1.58384E+01  2.12961E-28  1.41397E+06  2.00000E-03 -9.60818E+00
  1.58852E+01  2.12961E-28  1.41397E+06  2.00000E-03 -9.60818E+00
  1.59320E+01  2.12961E-28  1.41397E+06  2.00000E-03 -9.60818E+00
  1.59788E+01  2.12961E-28  1.41397E+06  2.00000E-03 -9.60818E+00
  1.60256E+01  2.12961E-28  1.41397E+06  2.00000E-03 -9.60818E+00
  1.60723E+01  2.12961E-28  1.41397E+06  2.00000E-03 -9.60818E+00
  1.61191E+01  2.12913E-28  1.41375E+06  2.00000E-03 -9.47854E+00
  1.61659E+01  2.12865E-28  1.41353E+06  2.00000E-03 -9.34885E+00
  1.62127E+01  2.12865E-28  1.41353E+06  2.00000E-03 -9.34885E+00
  1.62595E+01  2.12865E-28  1.41353E+06  2.00000E-03 -9.34885E+00
  1.63063E+01  2.12865E-28  1.41353E+06  2.00000E-03 -9.34885E+00
  1.63531E+01  2.12865E-28  1.41353E+06  2.00000E-03 -9.34885E+00
  1.63999E+01  2.12865E-28  1.41353E+06  2.00000E-03 -9.34885E+00
  1.64467E+01  2.12865E-28  1.41353E+06  2.00000E-03 -9.34885E+00
  1.64935E+01  2.12780E-28  1.41314E+06  2.00000E-03 -9.26227E+00
  1.65402E+01  2.12696E-28  1.41276E+06  2.00000E-03 -9.17562E+00
  1.65870E+01  2.12696E-28  1.41276E+06  2.00000E-03 -9.17562E+00
  1.66338E+01  2.12696E-28  1.41276E+06  2.00000E-03 -9.17562E+00
  1.66806E+01  2.12696E-28  1.41276E+06  2.00000E-03 -9.17562E+00
  1.67274E+01  2.12696E-28  1.41276E+06  2.00000E-03 -9.17562E+00
  1.67742E+01  2.12696E-28  1.41276E+06  2.00000E-03 -9.17562E+00
  1.68210E+01  2.12696E-28  1.41276E+06  2.00000E-03 -9.17562E+00
  1.68678E+01  2.12606E-28  1.41236E+06  2.00000E-03 -9.11121E+00
  1.69146E+01  2.12516E-28  1.41195E+06  2.00000E-03 -9.04675E+00
  1.69613E+01  2.12516E-28  1.41195E+06  2.00000E-03 -9.04675E+00
  1.70081E+01  2.12516E-28  1.41195E+06  2.00000E-03 -9.04675E+00
  1.70549E+01  2.12516E-28  1.41195E+06  2.00000E-03 -9.04675E+00
  1.71017E+01  2.12516E-28  1.41195E+06  2.00000E-03 -9.04675E+00
  1.71485E+01  2.12516E-28  1.41195E+06  2.00000E-03 -9.04675E+00
  1.71953E+01  2.12516E-28  1.41195E+06  2.00000E-03 -9.04675E+00
  1.72421E+01  2.12456E-28  1.41168E+06  2.00000E-03 -8.97294E+00
  1.72889E+01  2.12397E-28  1.41141E+06  2.00000E-03 -8.89908E+00
  1.73357E+01  2.12397E-28  1.41141E+06  2.00000E-03 -8.89908E+00
  1.73825E+01  2.12397E-28  1.41141E+06  2.00000E-03 -8.89908E+00
  1.74292E+01  2.12397E-28  1.41141E+06  2.00000E-03 -8.89908E+00
  1.74760E+01  2.12397E-28  1.41141E+06  2.00000E-03 -8.89908E+00
  1.75228E+01  2.12397E-28  1.41141E+06  2.00000E-03 -8.89908E+00
  1.75696E+01  2.12397E-28  1.41141E+06  2.00000E-03 -8.89908E+00
  1.76164E+01  2.12401E-28  1.41143E+06  2.00000E-03 -8.78406E+00
  1.76632E+01  2.12404E-28  1.41144E+06  2.00000E-03 -8.66904E+00
  1.77100E+01  2.12404E-28  1.41144E+06  2.00000E-03 -8.66904E+00
  1.77568E+01  2.12404E-28  1.41144E+06  2.00000E-03 -8.66904E+00
  1.78036E+01  2.12404E-28  1.41144E+06  2.00000E-03 -8.66904E+00
  1.78504E+01  2.12404E-28  1.41144E+06  2.00000E-03 -8.66904E+00
  1.78971E+01  2.12404E-28  1.41144E+06  2.00000E-03 -8.66904E+00
  1.79439E+01  2.12404E-28  1.41144E+06  2.00000E-03 -8.66904E+00
  1.79907E+01  2.12494E-28  1.41183E+06  2.00000E-03 -8.49331E+00
  1.80375E+01  2.12583E-28  1.41222E+06  2.00000E-03 -8.31773E+00
  1.80843E+01  2.12583E-28  1.41222E+06  2.00000E-03 -8.31773E+00
  1.81311E+01  2.12583E-28  1.41222E+06  2.00000E-03 -8.31773E+00
  1.81779E+01  2.12583E-28  1.41222E+06  2.00000E-03 -8.31773E+00
  1.82247E+01  2.12583E-28  1.41222E+06  2.00000E-03 -8.31773E+00
  1.82715E+01  2.12583E-28  1.41222E+06  2.00000E-03 -8.31773E+00
  1.83183E+01  2.12583E-28  1.41222E+06  2.00000E-03 -8.31773E+00
  1.83650E+01  2.12753E-28  1.41298E+06  2.00000E-03 -8.09132E+00
  1.84118E+01  2.12924E-28  1.41373E+06  2.00000E-03 -7.86528E+00
  1.84586E+01  2.12924E-28  1.41373E+06  2.00000E-03 -7.86528E+00
  1.85054E+01  2.12924E-28  1.41373E+06  2.00000E-03 -7.86528E+00
  1.85522E+01  2.12924E-28  1.41373E+06  2.00000E-03 -7.86528E+00
  1.85990E+01  2.12924E-28  1.41373E+06  2.00000E-03 -7.86528E+00
  1.86458E+01  2.12924E-28  1.41373E+06  2.00000E-03 -7.86528E+00
  1.86926E+01  2.12924E-28  1.41373E+06  2.00000E-03 -7.86528E+00
  1.87394E+01  2.13173E-28  1.41482E+06  2.00000E-03 -7.51855E+00
  1.87862E+01  2.13421E-28  1.41591E+06  2.00000E-03 -7.17262E+00
  1.88329E+01  2.13421E-28  1.41591E+06  2.00000E-03 -7.17262E+00
  1.88797E+01  2.13421E-28  1.41591E+06  2.00000E-03 -7.17262E+00
  1.89265E+01  2.13421E-28  1.41591E+06  2.00000E-03 -7.17262E+00
  1.89733E+01  2.13421E-28  1.41591E+06  2.00000E-03 -7.17262E+00
  1.90201E+01  2.13421E-28  1.41591E+06  2.00000E-03 -7.17262E+00
  1.90669E+01  2.13421E-28  1.41591E+06  2.00000E-03 -7.17262E+00
  1.91137E+01  2.13421E-28  1.41591E+06  2.00000E-03 -7.17262E+00
  1.91605E+01  2.13421E-28  1.41591E+06  2.00000E-03 -7.17262E+00
  1.92073E+01  2.13421E-28  1.41591E+06  2.00000E-03 -7.17262E+00
  1.92541E+01  2.13421E-28  1.41591E+06  2.00000E-03 -7.17262E+00
  1.93008E+01  2.13421E-28  1.41591E+06  2.00000E-03 -7.17262E+00
  1.93476E+01  2.13421E-28  1.41591E+06  2.00000E-03 -7.17262E+00
  1.93944E+01  2.13421E-28  1.41591E+06  2.00000E-03 -7.17262E+00
  1.94412E+01  2.13421E-28  1.41591E+06  2.00000E-03 -7.17262E+00
  1.94880E+01  2.13853E-28  1.41780E+06  2.00000E-03 -6.72882E+00
  1.95348E+01  2.14286E-28  1.41969E+06  2.00000E-03 -6.28682E+00
  1.95816E+01  2.14286E-28  1.41969E+06  2.00000E-03 -6.28682E+00
  1.96284E+01  2.14286E-28  1.41969E+06  2.00000E-03 -6.28682E+00
  1.96752E+01  2.14286E-28  1.41969E+06  2.00000E-03 -6.28682E+00
  1.97220E+01  2.14286E-28  1.41969E+06  2.00000E-03 -6.28682E+00
  1.97687E+01  2.14286E-28  1.41969E+06  2.00000E-03 -6.28682E+00
  1.98155E+01  2.14286E-28  1.41969E+06  2.00000E-03 -6.28682E+00
  1.98623E+01  2.14286E-28  1.41969E+06  2.00000E-03 -6.28682E+00
  1.99091E+01  2.14286E-28  1.41969E+06  2.00000E-03 -6.28682E+00
  1.99559E+01  2.14286E-28  1.41969E+06  2.00000E-03 -6.28682E+00
  2.00027E+01  2.14286E-28  1.41969E+06  2.00000E-03 -6.28682E+00
  2.00495E+01  2.14286E-28  1.41969E+06  2.00000E-03 -6.28682E+00
  2.00963E+01  2.14286E-28  1.41969E+06  2.00000E-03 -6.28682E+00
  2.01431E+01  2.14286E-28  1.41969E+06  2.00000E-03 -6.28682E+00
  2.01899E+01  2.14286E-28  1.41969E+06  2.00000E-03 -6.28682E+00
  2.02366E+01  2.14549E-28  1.42084E+06  2.00000E-03 -6.01431E+00
  2.02834E+01  2.14813E-28  1.42199E+06  2.00000E-03 -5.74247E+00
  2.03302E+01  2.14813E-28  1.42199E+06  2.00000E-03 -5.74247E+00
  2.03770E+01  2.14813E-28  1.42199E+06  2.00000E-03 -5.74247E+00
  2.04238E+01  2.14813E-28  1.42199E+06  2.00000E-03 -5.74247E+00
  2.04706E+01  2.14813E-28  1.42199E+06  2.00000E-03 -5.74247E+00
  2.05174E+01  2.14813E-28  1.42199E+06  2.00000E-03 -5.74247E+00
  2.05642E+01  2.14813E-28  1.42199E+06  2.00000E-03 -5.74247E+00
  2.06110E+01  2.14813E-28  1.42199E+06  2.00000E-03 -5.74247E+00
  2.06578E+01  2.14813E-28  1.42199E+06  2.00000E-03 -5.74247E+00
  2.07045E+01  2.14813E-28  1.42199E+06  2.00000E-03 -5.74247E+00
  2.07513E+01  2.14813E-28  1.42199E+06  2.00000E-03 -5.74247E+00
  2.07981E+01  2.14813E-28  1.42199E+06  2.00000E-03 -5.74247E+00
  2.08449E+01  2.14813E-28  1.42199E+06  2.00000E-03 -5.74247E+00
  2.08917E+01  2.14813E-28  1.42199E+06  2.00000E-03 -5.74247E+00
  2.09385E+01  2.14813E-28  1.42199E+06  2.00000E-03 -5.74247E+00
  2.09853E+01  2.14894E-28  1.42234E+06  2.00000E-03 -5.62469E+00
  2.10321E+01  2.14975E-28  1.42268E+06  2.00000E-03 -5.50700E+00
  2.10789E+01  2.14975E-28  1.42268E+06  2.00000E-03 -5.50700E+00
  2.11257E+01  2.14975E-28  1.42268E+06  2.00000E-03 -5.50700E+00
  2.11724E+01  2.14975E-28  1.42268E+06  2.00000E-03 -5.50700E+00
  2.12192E+01  2.14975E-28  1.42268E+06  2.00000E-03 -5.50700E+00
  2.12660E+01  2.14975E-28  1.42268E+06  2.00000E-03 -5.50700E+00
  2.13128E+01  2.14975E-28  1.42268E+06  2.00000E-03 -5.50700E+00
  2.13596E+01  2.14975E-28  1.42268E+06  2.00000E-03 -5.50700E+00
  2.14064E+01  2.14975E-28  1.42268E+06  2.00000E-03 -5.50700E+00
  2.14532E+01  2.14975E-28  1.42268E+06  2.00000E-03 -5.50700E+00
  2.15000E+01  2.14975E-28  1.42268E+06  2.00000E-03 -5.50700E+00
  2.15468E+01  2.14975E-28  1.42268E+06  2.00000E-03 -5.50700E+00
  2.15936E+01  2.14975E-28  1.42268E+06  2.00000E-03 -5.50700E+00
  2.16403E+01  2.14975E-28  1.42268E+06  2.00000E-03 -5.50700E+00
  2.16871E+01  2.14975E-28  1.42268E+06  2.00000E-03 -5.50700E+00
  2.17339E+01  2.14962E-28  1.42262E+06  2.00000E-03 -5.46828E+00
  2.17807E+01  2.14950E-28  1.42255E+06  2.00000E-03 -5.42955E+00
  2.18275E+01  2.14950E-28  1.42255E+06  2.00000E-03 -5.42955E+00
  2.18743E+01  2.14950E-28  1.42255E+06  2.00000E-03 -5.42955E+00
  2.19211E+01  2.14950E-28  1.42255E+06  2.00000E-03 -5.42955E+00
  2.19679E+01  2.14950E-28  1.42255E+06  2.00000E-03 -5.42955E+00
  2.20147E+01  2.14950E-28  1.42255E+06  2.00000E-03 -5.42955E+00
  2.20615E+01  2.14950E-28  1.42255E+06  2.00000E-03 -5.42955E+00
  2.21082E+01  2.14950E-28  1.42255E+06  2.00000E-03 -5.42955E+00
  2.21550E+01  2.14950E-28  1.42255E+06  2.00000E-03 -5.42955E+00
  2.22018E+01  2.14950E-28  1.42255E+06  2.00000E-03 -5.42955E+00
  2.22486E+01  2.14950E-28  1.42255E+06  2.00000E-03 -5.42955E+00
  2.22954E+01  2.14950E-28  1.42255E+06  2.00000E-03 -5.42955E+00
  2.23422E+01  2.14950E-28  1.42255E+06  2.00000E-03 -5.42955E+00
  2.23890E+01  2.14950E-28  1.42255E+06  2.00000E-03 -5.42955E+00
  2.24358E+01  2.14950E-28  1.42255E+06  2.00000E-03 -5.42955E+00
  2.24826E+01  2.14929E-28  1.42245E+06  2.00000E-03 -5.40209E+00
  2.25294E+01  2.14908E-28  1.42235E+06  2.00000E-03 -5.37462E+00
  2.25761E+01  2.14908E-28  1.42235E+06  2.00000E-03 -5.37462E+00
  2.26229E+01  2.14908E-28  1.42235E+06  2.00000E-03 -5.37462E+00
  2.26697E+01  2.14908E-28  1.42235E+06  2.00000E-03 -5.37462E+00
  2.27165E+01  2.14908E-28  1.42235E+06  2.00000E-03 -5.37462E+00
  2.27633E+01  2.14908E-28  1.42235E+06  2.00000E-03 -5.37462E+00
  2.28101E+01  2.14908E-28  1.42235E+06  2.00000E-03 -5.37462E+00
  2.28569E+01  2.14908E-28  1.42235E+06  2.00000E-03 -5.37462E+00
  2.29037E+01  2.14908E-28  1.42235E+06  2.00000E-03 -5.37462E+00
  2.29505E+01  2.14908E-28  1.42235E+06  2.00000E-03 -5.37462E+00
  2.29972E+01  2.14908E-28  1.42235E+06  2.00000E-03 -5.37462E+00
  2.30440E+01  2.14908E-28  1.42235E+06  2.00000E-03 -5.37462E+00
  2.30908E+01  2.14908E-28  1.42235E+06  2.00000E-03 -5.37462E+00
  2.31376E+01  2.14908E-28  1.42235E+06  2.00000E-03 -5.37462E+00
  2.31844E+01  2.14908E-28  1.42235E+06  2.00000E-03 -5.37462E+00
  2.32312E+01  2.14916E-28  1.42238E+06  2.00000E-03 -5.33197E+00
  2.32780E+01  2.14925E-28  1.42241E+06  2.00000E-03 -5.28933E+00
  2.33248E+01  2.14925E-28  1.42241E+06  2.00000E-03 -5.28933E+00
  2.33716E+01  2.14925E-28  1.42241E+06  2.00000E-03 -5.28933E+00
  2.34184E+01  2.14925E-28  1.42241E+06  2.00000E-03 -5.28933E+00
  2.34651E+01  2.14925E-28  1.42241E+06  2.00000E-03 -5.28933E+00
  2.35119E+01  2.14925E-28  1.42241E+06  2.00000E-03 -5.28933E+00
  2.35587E+01  2.14925E-28  1.42241E+06  2.00000E-03 -5.28933E+00
  2.36055E+01  2.14925E-28  1.42241E+06  2.00000E-03 -5.28933E+00
  2.36523E+01  2.14925E-28  1.42241E+06  2.00000E-03 -5.28933E+00
  2.36991E+01  2.14925E-28  1.42241E+06  2.00000E-03 -5.28933E+00
  2.37459E+01  2.14925E-28  1.42241E+06  2.00000E-03 -5.28933E+00
  2.37927E+01  2.14925E-28  1.42241E+06  2.00000E-03 -5.28933E+00
  2.38395E+01  2.14925E-28  1.42241E+06  2.00000E-03 -5.28933E+00
  2.38863E+01  2.14925E-28  1.42241E+06  2.00000E-03 -5.28933E+00
  2.39330E+01  2.14925E-28  1.42241E+06  2.00000E-03 -5.28933E+00
  2.39798E+01  2.14956E-28  1.42255E+06  2.00000E-03 -5.23821E+00
