 -4.07254E+01  2.16518E-28  1.42930E+06  2.00000E-03  1.61861E+00
 -4.06319E+01  2.16518E-28  1.42930E+06  2.00000E-03  1.61861E+00
 -4.05383E+01  2.16518E-28  1.42930E+06  2.00000E-03  1.61861E+00
 -4.04447E+01  2.16518E-28  1.42930E+06  2.00000E-03  1.61861E+00
 -4.03511E+01  2.16518E-28  1.42930E+06  2.00000E-03  1.61861E+00
 -4.02575E+01  2.16587E-28  1.42960E+06  2.00000E-03  1.59276E+00
 -4.01640E+01  2.16699E-28  1.43010E+06  2.00000E-03  1.55025E+00
 -4.00704E+01  2.16699E-28  1.43010E+06  2.00000E-03  1.55025E+00
 -3.99768E+01  2.16699E-28  1.43010E+06  2.00000E-03  1.55025E+00
 -3.98832E+01  2.16699E-28  1.43010E+06  2.00000E-03  1.55025E+00
 -3.97896E+01  2.16699E-28  1.43010E+06  2.00000E-03  1.55025E+00
 -3.96961E+01  2.16699E-28  1.43010E+06  2.00000E-03  1.55025E+00
 -3.96025E+01  2.16771E-28  1.43042E+06  2.00000E-03  1.49570E+00
 -3.95089E+01  2.16928E-28  1.43111E+06  2.00000E-03  1.38041E+00
 -3.94153E+01  2.17145E-28  1.43207E+06  2.00000E-03  1.22026E+00
 -3.93217E+01  2.17382E-28  1.43311E+06  2.00000E-03  1.04638E+00
 -3.92282E+01  2.17898E-28  1.43538E+06  2.00000E-03  6.69693E-01
 -3.91346E+01  2.17913E-28  1.43545E+06  2.00000E-03  6.55598E-01
 -3.90410E+01  2.17946E-28  1.43559E+06  2.00000E-03  6.25234E-01
 -3.89474E+01  2.17946E-28  1.43559E+06  2.00000E-03  6.25234E-01
 -3.88538E+01  2.17946E-28  1.43559E+06  2.00000E-03  6.25234E-01
 -3.87603E+01  2.17946E-28  1.43559E+06  2.00000E-03  6.25234E-01
 -3.86667E+01  2.17946E-28  1.43559E+06  2.00000E-03  6.25234E-01
 -3.85731E+01  2.17946E-28  1.43559E+06  2.00000E-03  6.25234E-01
 -3.84795E+01  2.17946E-28  1.43559E+06  2.00000E-03  6.25234E-01
 -3.83859E+01  2.18040E-28  1.43601E+06  2.00000E-03  5.45506E-01
 -3.82924E+01  2.18538E-28  1.43820E+06  2.00000E-03  1.49338E-01
 -3.81988E+01  2.18623E-28  1.43857E+06  2.00000E-03  1.03313E-01
 -3.81052E+01  2.18685E-28  1.43885E+06  2.00000E-03  7.05140E-02
 -3.80116E+01  2.18685E-28  1.43885E+06  2.00000E-03  7.05140E-02
 -3.79180E+01  2.18685E-28  1.43885E+06  2.00000E-03  7.05140E-02
 -3.78245E+01  2.18685E-28  1.43885E+06  2.00000E-03  7.05140E-02
 -3.77309E+01  2.18685E-28  1.43885E+06  2.00000E-03  7.05140E-02
 -3.76373E+01  2.18685E-28  1.43885E+06  2.00000E-03  7.05140E-02
 -3.75437E+01  2.18685E-28  1.43885E+06  2.00000E-03  7.05140E-02
 -3.74501E+01  2.18689E-28  1.43886E+06  2.00000E-03  4.35920E-02
 -3.73566E+01  2.18696E-28  1.43890E+06  2.00000E-03 -1.67808E-02
 -3.72630E+01  2.18696E-28  1.43890E+06  2.00000E-03 -1.89961E-02
 -3.71694E+01  2.18696E-28  1.43890E+06  2.00000E-03 -1.89961E-02
 -3.70758E+01  2.18696E-28  1.43890E+06  2.00000E-03 -1.89961E-02
 -3.69822E+01  2.18538E-28  1.43821E+06  2.00000E-03  1.35405E-01
 -3.68887E+01  2.18461E-28  1.43788E+06  2.00000E-03  2.10516E-01
 -3.67951E+01  2.18461E-28  1.43788E+06  2.00000E-03  2.10516E-01
 -3.67015E+01  2.18461E-28  1.43788E+06  2.00000E-03  2.10516E-01
 -3.66079E+01  2.18461E-28  1.43788E+06  2.00000E-03  2.10516E-01
 -3.65143E+01  2.18364E-28  1.43746E+06  2.00000E-03  2.78311E-01
 -3.64208E+01  2.18058E-28  1.43612E+06  2.00000E-03  4.93161E-01
 -3.63272E+01  2.18016E-28  1.43593E+06  2.00000E-03  5.22536E-01
 -3.62336E+01  2.18016E-28  1.43593E+06  2.00000E-03  5.22536E-01
 -3.61400E+01  2.18016E-28  1.43593E+06  2.00000E-03  5.22536E-01
 -3.60464E+01  2.18016E-28  1.43593E+06  2.00000E-03  5.22536E-01
 -3.59529E+01  2.18016E-28  1.43593E+06  2.00000E-03  5.22536E-01
 -3.58593E+01  2.18016E-28  1.43593E+06  2.00000E-03  5.22536E-01
 -3.57657E+01  2.17982E-28  1.43579E+06  2.00000E-03  5.65628E-01
 -3.56721E+01  2.17787E-28  1.43495E+06  2.00000E-03  8.17883E-01
 -3.55785E+01  2.17680E-28  1.43448E+06  2.00000E-03  9.10584E-01
 -3.54850E+01  2.17497E-28  1.43368E+06  2.00000E-03  1.00829E+00
 -3.53914E+01  2.17472E-28  1.43357E+06  2.00000E-03  1.02188E+00
 -3.52978E+01  2.17472E-28  1.43357E+06  2.00000E-03  1.02188E+00
 -3.52042E+01  2.17472E-28  1.43357E+06  2.00000E-03  1.02188E+00
 -3.51106E+01  2.17472E-28  1.43357E+06  2.00000E-03  1.02188E+00
 -3.50171E+01  2.17472E-28  1.43357E+06  2.00000E-03  1.02188E+00
 -3.49235E+01  2.17472E-28  1.43357E+06  2.00000E-03  1.02188E+00
 -3.48299E+01  2.17472E-28  1.43357E+06  2.00000E-03  1.02629E+00
 -3.47363E+01  2.17472E-28  1.43357E+06  2.00000E-03  1.02943E+00
 -3.46427E+01  2.17418E-28  1.43333E+06  2.00000E-03  1.05125E+00
 -3.45492E+01  2.17265E-28  1.43265E+06  2.00000E-03  1.10935E+00
 -3.44556E+01  2.17354E-28  1.43305E+06  2.00000E-03  1.06784E+00
 -3.43620E+01  2.17729E-28  1.43472E+06  2.00000E-03  9.06138E-01
 -3.42684E+01  2.17751E-28  1.43482E+06  2.00000E-03  8.96854E-01
 -3.41749E+01  2.17753E-28  1.43483E+06  2.00000E-03  8.96093E-01
 -3.40813E+01  2.17753E-28  1.43483E+06  2.00000E-03  8.96093E-01
 -3.39877E+01  2.17753E-28  1.43483E+06  2.00000E-03  8.96093E-01
 -3.38941E+01  2.17753E-28  1.43483E+06  2.00000E-03  8.96093E-01
 -3.38005E+01  2.17753E-28  1.43483E+06  2.00000E-03  8.96093E-01
 -3.37070E+01  2.17738E-28  1.43477E+06  2.00000E-03  8.94983E-01
 -3.36134E+01  2.17630E-28  1.43429E+06  2.00000E-03  8.86715E-01
 -3.35198E+01  2.17598E-28  1.43415E+06  2.00000E-03  8.84236E-01
 -3.34262E+01  2.17598E-28  1.43415E+06  2.00000E-03  8.84236E-01
 -3.33326E+01  2.17598E-28  1.43415E+06  2.00000E-03  8.84236E-01
 -3.32391E+01  2.17616E-28  1.43423E+06  2.00000E-03  8.87016E-01
 -3.31455E+01  2.17693E-28  1.43462E+06  2.00000E-03  8.99395E-01
 -3.30519E+01  2.17766E-28  1.43498E+06  2.00000E-03  9.11081E-01
 -3.29583E+01  2.17766E-28  1.43498E+06  2.00000E-03  9.11081E-01
 -3.28647E+01  2.17766E-28  1.43498E+06  2.00000E-03  9.11081E-01
 -3.27712E+01  2.17765E-28  1.43498E+06  2.00000E-03  8.87419E-01
 -3.26776E+01  2.17759E-28  1.43496E+06  2.00000E-03  7.22759E-01
 -3.25840E+01  2.17759E-28  1.43496E+06  2.00000E-03  7.14963E-01
 -3.24904E+01  2.17759E-28  1.43496E+06  2.00000E-03  7.14963E-01
 -3.23968E+01  2.17759E-28  1.43496E+06  2.00000E-03  7.14963E-01
 -3.23033E+01  2.17759E-28  1.43496E+06  2.00000E-03  7.14963E-01
 -3.22097E+01  2.17759E-28  1.43496E+06  2.00000E-03  7.14963E-01
 -3.21161E+01  2.17759E-28  1.43496E+06  2.00000E-03  7.14963E-01
 -3.20225E+01  2.17759E-28  1.43496E+06  2.00000E-03  7.14963E-01
 -3.19289E+01  2.17735E-28  1.43482E+06  2.00000E-03  7.34206E-01
 -3.18354E+01  2.17708E-28  1.43464E+06  2.00000E-03  7.69583E-01
 -3.17418E+01  2.17610E-28  1.43419E+06  2.00000E-03  7.23397E-01
 -3.16482E+01  2.17584E-28  1.43408E+06  2.00000E-03  6.86966E-01
 -3.15546E+01  2.17584E-28  1.43408E+06  2.00000E-03  6.86966E-01
 -3.14610E+01  2.17584E-28  1.43408E+06  2.00000E-03  6.86966E-01
 -3.13675E+01  2.17577E-28  1.43405E+06  2.00000E-03  6.89384E-01
 -3.12739E+01  2.17362E-28  1.43309E+06  2.00000E-03  7.93213E-01
 -3.11803E+01  2.17202E-28  1.43237E+06  2.00000E-03  9.40075E-01
 -3.10867E+01  2.17110E-28  1.43196E+06  2.00000E-03  1.03376E+00
 -3.09931E+01  2.17110E-28  1.43196E+06  2.00000E-03  1.03376E+00
 -3.08996E+01  2.17107E-28  1.43194E+06  2.00000E-03  1.03620E+00
 -3.08060E+01  2.16555E-28  1.42951E+06  2.00000E-03  1.39971E+00
 -3.07124E+01  2.16443E-28  1.42902E+06  2.00000E-03  1.47328E+00
 -3.06188E+01  2.16219E-28  1.42805E+06  2.00000E-03  1.66378E+00
 -3.05252E+01  2.15923E-28  1.42675E+06  2.00000E-03  1.91643E+00
 -3.04317E+01  2.15868E-28  1.42651E+06  2.00000E-03  1.96395E+00
 -3.03381E+01  2.15336E-28  1.42417E+06  2.00000E-03  2.34237E+00
 -3.02445E+01  2.15165E-28  1.42341E+06  2.00000E-03  2.46472E+00
 -3.01509E+01  2.15165E-28  1.42341E+06  2.00000E-03  2.46472E+00
 -3.00573E+01  2.15092E-28  1.42309E+06  2.00000E-03  2.51991E+00
 -2.99638E+01  2.14813E-28  1.42187E+06  2.00000E-03  2.73182E+00
 -2.98702E+01  2.14392E-28  1.42002E+06  2.00000E-03  3.00400E+00
 -2.97766E+01  2.14354E-28  1.41985E+06  2.00000E-03  3.02388E+00
 -2.96830E+01  2.14353E-28  1.41984E+06  2.00000E-03  3.02112E+00
 -2.95894E+01  2.14352E-28  1.41984E+06  2.00000E-03  3.01949E+00
 -2.94959E+01  2.14352E-28  1.41984E+06  2.00000E-03  3.01963E+00
 -2.94023E+01  2.14421E-28  1.42014E+06  2.00000E-03  2.96760E+00
 -2.93087E+01  2.14510E-28  1.42054E+06  2.00000E-03  2.85987E+00
 -2.92151E+01  2.14583E-28  1.42087E+06  2.00000E-03  2.78130E+00
 -2.91215E+01  2.14586E-28  1.42089E+06  2.00000E-03  2.77824E+00
 -2.90280E+01  2.14586E-28  1.42089E+06  2.00000E-03  2.77824E+00
 -2.89344E+01  2.14866E-28  1.42212E+06  2.00000E-03  2.54835E+00
 -2.88408E+01  2.15048E-28  1.42293E+06  2.00000E-03  2.39900E+00
 -2.87472E+01  2.15133E-28  1.42330E+06  2.00000E-03  2.31845E+00
 -2.86536E+01  2.15309E-28  1.42409E+06  2.00000E-03  2.15198E+00
 -2.85601E+01  2.15379E-28  1.42440E+06  2.00000E-03  2.08637E+00
 -2.84665E+01  2.15428E-28  1.42461E+06  2.00000E-03  2.05544E+00
 -2.83729E+01  2.15472E-28  1.42481E+06  2.00000E-03  2.02755E+00
 -2.82793E+01  2.15472E-28  1.42481E+06  2.00000E-03  2.02755E+00
 -2.81857E+01  2.15472E-28  1.42481E+06  2.00000E-03  2.02755E+00
 -2.80922E+01  2.15452E-28  1.42472E+06  2.00000E-03  2.04686E+00
 -2.79986E+01  2.15374E-28  1.42439E+06  2.00000E-03  2.13024E+00
 -2.79050E+01  2.15270E-28  1.42395E+06  2.00000E-03  2.23215E+00
 -2.78114E+01  2.15270E-28  1.42394E+06  2.00000E-03  2.23215E+00
 -2.77178E+01  2.15270E-28  1.42394E+06  2.00000E-03  2.23215E+00
 -2.76243E+01  2.15278E-28  1.42398E+06  2.00000E-03  2.22803E+00
 -2.75307E+01  2.15402E-28  1.42453E+06  2.00000E-03  2.15888E+00
 -2.74371E+01  2.15497E-28  1.42495E+06  2.00000E-03  2.11179E+00
 -2.73435E+01  2.15521E-28  1.42507E+06  2.00000E-03  2.12071E+00
 -2.72499E+01  2.15524E-28  1.42509E+06  2.00000E-03  2.12333E+00
 -2.71564E+01  2.15528E-28  1.42511E+06  2.00000E-03  2.11989E+00
 -2.70628E+01  2.15887E-28  1.42669E+06  2.00000E-03  1.84721E+00
 -2.69692E+01  2.16176E-28  1.42796E+06  2.00000E-03  1.62798E+00
 -2.68756E+01  2.16146E-28  1.42782E+06  2.00000E-03  1.65370E+00
 -2.67820E+01  2.16344E-28  1.42871E+06  2.00000E-03  1.51810E+00
 -2.66885E+01  2.16663E-28  1.43013E+06  2.00000E-03  1.29771E+00
 -2.65949E+01  2.17016E-28  1.43168E+06  2.00000E-03  1.01501E+00
 -2.65013E+01  2.17298E-28  1.43291E+06  2.00000E-03  7.89167E-01
 -2.64077E+01  2.17298E-28  1.43291E+06  2.00000E-03  7.89167E-01
 -2.63141E+01  2.17298E-28  1.43291E+06  2.00000E-03  7.89167E-01
 -2.62206E+01  2.17330E-28  1.43305E+06  2.00000E-03  7.67911E-01
 -2.61270E+01  2.17576E-28  1.43415E+06  2.00000E-03  5.94077E-01
 -2.60334E+01  2.17692E-28  1.43468E+06  2.00000E-03  5.25703E-01
 -2.59398E+01  2.17694E-28  1.43469E+06  2.00000E-03  5.24912E-01
 -2.58462E+01  2.17694E-28  1.43469E+06  2.00000E-03  5.24912E-01
 -2.57527E+01  2.17694E-28  1.43469E+06  2.00000E-03  5.24912E-01
 -2.56591E+01  2.17465E-28  1.43368E+06  2.00000E-03  7.02225E-01
 -2.55655E+01  2.17124E-28  1.43220E+06  2.00000E-03  9.78421E-01
 -2.54719E+01  2.16943E-28  1.43142E+06  2.00000E-03  1.14019E+00
 -2.53783E+01  2.16788E-28  1.43077E+06  2.00000E-03  1.27794E+00
 -2.52848E+01  2.16788E-28  1.43077E+06  2.00000E-03  1.27794E+00
 -2.51912E+01  2.16288E-28  1.42857E+06  2.00000E-03  1.66578E+00
 -2.50976E+01  2.15657E-28  1.42579E+06  2.00000E-03  2.15683E+00
 -2.50040E+01  2.15701E-28  1.42598E+06  2.00000E-03  2.12886E+00
 -2.49104E+01  2.15504E-28  1.42513E+06  2.00000E-03  2.31160E+00
 -2.48169E+01  2.14941E-28  1.42269E+06  2.00000E-03  2.80957E+00
 -2.47233E+01  2.14069E-28  1.41887E+06  2.00000E-03  3.52881E+00
 -2.46297E+01  2.13259E-28  1.41528E+06  2.00000E-03  4.17263E+00
 -2.45361E+01  2.13210E-28  1.41506E+06  2.00000E-03  4.21251E+00
 -2.44425E+01  2.13232E-28  1.41515E+06  2.00000E-03  4.20336E+00
 -2.43490E+01  2.13234E-28  1.41516E+06  2.00000E-03  4.20237E+00
 -2.42554E+01  2.12699E-28  1.41289E+06  2.00000E-03  4.66198E+00
 -2.41618E+01  2.12419E-28  1.41175E+06  2.00000E-03  5.01870E+00
 -2.40682E+01  2.12404E-28  1.41174E+06  2.00000E-03  5.08664E+00
 -2.39746E+01  2.12404E-28  1.41174E+06  2.00000E-03  5.08664E+00
 -2.38811E+01  2.12404E-28  1.41174E+06  2.00000E-03  5.08664E+00
 -2.37875E+01  2.12828E-28  1.41365E+06  2.00000E-03  4.73549E+00
 -2.36939E+01  2.13512E-28  1.41673E+06  2.00000E-03  4.17055E+00
 -2.36003E+01  2.13956E-28  1.41859E+06  2.00000E-03  3.89162E+00
 -2.35067E+01  2.15726E-28  1.42628E+06  2.00000E-03  2.52263E+00
 -2.34132E+01  2.16168E-28  1.42822E+06  2.00000E-03  2.14861E+00
 -2.33196E+01  2.16698E-28  1.43049E+06  2.00000E-03  1.73631E+00
 -2.32260E+01  2.17500E-28  1.43391E+06  2.00000E-03  1.16773E+00
 -2.31324E+01  2.17717E-28  1.43480E+06  2.00000E-03  1.04103E+00
 -2.30388E+01  2.17727E-28  1.43484E+06  2.00000E-03  9.80801E-01
 -2.29453E+01  2.17755E-28  1.43493E+06  2.00000E-03  9.76772E-01
 -2.28517E+01  2.17601E-28  1.43422E+06  2.00000E-03  1.15321E+00
 -2.27581E+01  2.17366E-28  1.43318E+06  2.00000E-03  1.35054E+00
 -2.26645E+01  2.17246E-28  1.43265E+06  2.00000E-03  1.46155E+00
 -2.25709E+01  2.16697E-28  1.43024E+06  2.00000E-03  1.93151E+00
 -2.24774E+01  2.16501E-28  1.42938E+06  2.00000E-03  2.11724E+00
 -2.23838E+01  2.16366E-28  1.42879E+06  2.00000E-03  2.21674E+00
 -2.22902E+01  2.16132E-28  1.42776E+06  2.00000E-03  2.48291E+00
 -2.21966E+01  2.16067E-28  1.42749E+06  2.00000E-03  2.56679E+00
 -2.21030E+01  2.16131E-28  1.42776E+06  2.00000E-03  2.50491E+00
 -2.20095E+01  2.16207E-28  1.42810E+06  2.00000E-03  2.48354E+00
 -2.19159E+01  2.16406E-28  1.42898E+06  2.00000E-03  2.37422E+00
 -2.18223E+01  2.16749E-28  1.43049E+06  2.00000E-03  2.11632E+00
 -2.17287E+01  2.16896E-28  1.43114E+06  2.00000E-03  2.01453E+00
 -2.16351E+01  2.17401E-28  1.43336E+06  2.00000E-03  1.62514E+00
 -2.15416E+01  2.17844E-28  1.43531E+06  2.00000E-03  1.31026E+00
 -2.14480E+01  2.17941E-28  1.43574E+06  2.00000E-03  1.22582E+00
 -2.13544E+01  2.18783E-28  1.43943E+06  2.00000E-03  5.42587E-01
 -2.12608E+01  2.19153E-28  1.44105E+06  2.00000E-03  2.77233E-01
 -2.11672E+01  2.19536E-28  1.44273E+06  2.00000E-03 -6.11496E-02
 -2.10737E+01  2.19724E-28  1.44355E+06  2.00000E-03 -2.32853E-01
 -2.09801E+01  2.19979E-28  1.44468E+06  2.00000E-03 -4.10168E-01
 -2.08865E+01  2.20002E-28  1.44478E+06  2.00000E-03 -4.72587E-01
 -2.07929E+01  2.20030E-28  1.44489E+06  2.00000E-03 -4.93385E-01
 -2.06994E+01  2.19610E-28  1.44306E+06  2.00000E-03 -2.01784E-01
 -2.06058E+01  2.19183E-28  1.44119E+06  2.00000E-03  1.31295E-01
 -2.05122E+01  2.19064E-28  1.44067E+06  2.00000E-03  2.09056E-01
 -2.04186E+01  2.18141E-28  1.43662E+06  2.00000E-03  8.80630E-01
 -2.03250E+01  2.17879E-28  1.43548E+06  2.00000E-03  1.12151E+00
 -2.02315E+01  2.17309E-28  1.43297E+06  2.00000E-03  1.51512E+00
 -2.01379E+01  2.16987E-28  1.43155E+06  2.00000E-03  1.69799E+00
 -2.00443E+01  2.16630E-28  1.42999E+06  2.00000E-03  2.05220E+00
 -1.99507E+01  2.15968E-28  1.42707E+06  2.00000E-03  2.50695E+00
 -1.98571E+01  2.15936E-28  1.42693E+06  2.00000E-03  2.52800E+00
 -1.97636E+01  2.15522E-28  1.42511E+06  2.00000E-03  2.83194E+00
 -1.96700E+01  2.15306E-28  1.42416E+06  2.00000E-03  3.08518E+00
 -1.95764E+01  2.15126E-28  1.42337E+06  2.00000E-03  3.17134E+00
 -1.94828E+01  2.14830E-28  1.42207E+06  2.00000E-03  3.36225E+00
 -1.93892E+01  2.14984E-28  1.42275E+06  2.00000E-03  3.39652E+00
 -1.92957E+01  2.14910E-28  1.42243E+06  2.00000E-03  3.46711E+00
 -1.92021E+01  2.14804E-28  1.42197E+06  2.00000E-03  3.50662E+00
 -1.91085E+01  2.15212E-28  1.42378E+06  2.00000E-03  3.33349E+00
 -1.90149E+01  2.15517E-28  1.42513E+06  2.00000E-03  3.13933E+00
 -1.89213E+01  2.15627E-28  1.42562E+06  2.00000E-03  3.08856E+00
 -1.88278E+01  2.15924E-28  1.42694E+06  2.00000E-03  2.88844E+00
 -1.87342E+01  2.16363E-28  1.42889E+06  2.00000E-03  2.64276E+00
 -1.86406E+01  2.16488E-28  1.42944E+06  2.00000E-03  2.57631E+00
 -1.85470E+01  2.16399E-28  1.42906E+06  2.00000E-03  2.58924E+00
 -1.84534E+01  2.16484E-28  1.42945E+06  2.00000E-03  2.61061E+00
 -1.83599E+01  2.16366E-28  1.42894E+06  2.00000E-03  2.71948E+00
 -1.82663E+01  2.15977E-28  1.42723E+06  2.00000E-03  2.93649E+00
 -1.81727E+01  2.15542E-28  1.42533E+06  2.00000E-03  3.27740E+00
 -1.80791E+01  2.14688E-28  1.42157E+06  2.00000E-03  3.86779E+00
 -1.79855E+01  2.14482E-28  1.42066E+06  2.00000E-03  4.01073E+00
 -1.78920E+01  2.14184E-28  1.41934E+06  2.00000E-03  4.13332E+00
 -1.77984E+01  2.13755E-28  1.41746E+06  2.00000E-03  4.41172E+00
 -1.77048E+01  2.13588E-28  1.41673E+06  2.00000E-03  4.52661E+00
 -1.76112E+01  2.13843E-28  1.41786E+06  2.00000E-03  4.21077E+00
 -1.75176E+01  2.13867E-28  1.41798E+06  2.00000E-03  4.18560E+00
 -1.74241E+01  2.14219E-28  1.41956E+06  2.00000E-03  3.85507E+00
 -1.73305E+01  2.14483E-28  1.42071E+06  2.00000E-03  3.58955E+00
 -1.72369E+01  2.14631E-28  1.42137E+06  2.00000E-03  3.48992E+00
 -1.71433E+01  2.15185E-28  1.42383E+06  2.00000E-03  3.05348E+00
 -1.70497E+01  2.15388E-28  1.42473E+06  2.00000E-03  2.90159E+00
 -1.69562E+01  2.15734E-28  1.42625E+06  2.00000E-03  2.60248E+00
 -1.68626E+01  2.17572E-28  1.43440E+06  2.00000E-03  1.18835E+00
 -1.67690E+01  2.18608E-28  1.43897E+06  2.00000E-03  3.75704E-01
 -1.66754E+01  2.19904E-28  1.44467E+06  2.00000E-03 -7.27605E-01
 -1.65818E+01  2.21190E-28  1.45035E+06  2.00000E-03 -1.79253E+00
 -1.64883E+01  2.22422E-28  1.45577E+06  2.00000E-03 -2.84408E+00
 -1.63947E+01  2.22831E-28  1.45757E+06  2.00000E-03 -3.22234E+00
 -1.63011E+01  2.22746E-28  1.45721E+06  2.00000E-03 -3.21584E+00
 -1.62075E+01  2.22241E-28  1.45506E+06  2.00000E-03 -2.96727E+00
 -1.61139E+01  2.21530E-28  1.45200E+06  2.00000E-03 -2.52414E+00
 -1.60204E+01  2.20873E-28  1.44916E+06  2.00000E-03 -2.02663E+00
 -1.59268E+01  2.19243E-28  1.44218E+06  2.00000E-03 -8.45789E-01
 -1.58332E+01  2.18152E-28  1.43759E+06  2.00000E-03 -1.24774E-01
 -1.57396E+01  2.17152E-28  1.43328E+06  2.00000E-03  6.21399E-01
 -1.56460E+01  2.16809E-28  1.43178E+06  2.00000E-03  8.53409E-01
 -1.55525E+01  2.16058E-28  1.42849E+06  2.00000E-03  1.28819E+00
 -1.54589E+01  2.15459E-28  1.42590E+06  2.00000E-03  1.69207E+00
 -1.53653E+01  2.15078E-28  1.42424E+06  2.00000E-03  1.99361E+00
 -1.52717E+01  2.14645E-28  1.42231E+06  2.00000E-03  2.34416E+00
 -1.51781E+01  2.14253E-28  1.42057E+06  2.00000E-03  2.70697E+00
 -1.50846E+01  2.13836E-28  1.41855E+06  2.00000E-03  3.03121E+00
 -1.49910E+01  2.13296E-28  1.41605E+06  2.00000E-03  3.49744E+00
 -1.48974E+01  2.12949E-28  1.41442E+06  2.00000E-03  3.81313E+00
 -1.48038E+01  2.12494E-28  1.41229E+06  2.00000E-03  4.20329E+00
 -1.47102E+01  2.12169E-28  1.41080E+06  2.00000E-03  4.50967E+00
 -1.46167E+01  2.11882E-28  1.40955E+06  2.00000E-03  4.85448E+00
 -1.45231E+01  2.11649E-28  1.40852E+06  2.00000E-03  5.09244E+00
 -1.44295E+01  2.11563E-28  1.40815E+06  2.00000E-03  5.22298E+00
 -1.43359E+01  2.11542E-28  1.40808E+06  2.00000E-03  5.36061E+00
 -1.42423E+01  2.11573E-28  1.40821E+06  2.00000E-03  5.39618E+00
 -1.41488E+01  2.11730E-28  1.40891E+06  2.00000E-03  5.41152E+00
 -1.40552E+01  2.11916E-28  1.40972E+06  2.00000E-03  5.38144E+00
 -1.39616E+01  2.12106E-28  1.41054E+06  2.00000E-03  5.31626E+00
 -1.38680E+01  2.12304E-28  1.41142E+06  2.00000E-03  5.29996E+00
 -1.37744E+01  2.12334E-28  1.41153E+06  2.00000E-03  5.33624E+00
 -1.36809E+01  2.12272E-28  1.41124E+06  2.00000E-03  5.47417E+00
 -1.35873E+01  2.12106E-28  1.41050E+06  2.00000E-03  5.70505E+00
 -1.34937E+01  2.11867E-28  1.40944E+06  2.00000E-03  5.97888E+00
 -1.34001E+01  2.11422E-28  1.40747E+06  2.00000E-03  6.49735E+00
 -1.33065E+01  2.11028E-28  1.40571E+06  2.00000E-03  6.87234E+00
 -1.32130E+01  2.10430E-28  1.40305E+06  2.00000E-03  7.49560E+00
 -1.31194E+01  2.09962E-28  1.40098E+06  2.00000E-03  8.00502E+00
 -1.30258E+01  2.09469E-28  1.39878E+06  2.00000E-03  8.55651E+00
 -1.29322E+01  2.09066E-28  1.39701E+06  2.00000E-03  9.09466E+00
 -1.28386E+01  2.08802E-28  1.39586E+06  2.00000E-03  9.43070E+00
 -1.27451E+01  2.08797E-28  1.39584E+06  2.00000E-03  9.59133E+00
 -1.26515E+01  2.09254E-28  1.39788E+06  2.00000E-03  9.39827E+00
 -1.25579E+01  2.09932E-28  1.40091E+06  2.00000E-03  8.97723E+00
 -1.24643E+01  2.11121E-28  1.40621E+06  2.00000E-03  8.20509E+00
 -1.23707E+01  2.12166E-28  1.41085E+06  2.00000E-03  7.50738E+00
 -1.22772E+01  2.13306E-28  1.41590E+06  2.00000E-03  6.78620E+00
 -1.21836E+01  2.14402E-28  1.42075E+06  2.00000E-03  6.10041E+00
 -1.20900E+01  2.15109E-28  1.42387E+06  2.00000E-03  5.70386E+00
 -1.19964E+01  2.15452E-28  1.42538E+06  2.00000E-03  5.63331E+00
 -1.19028E+01  2.15358E-28  1.42495E+06  2.00000E-03  5.85755E+00
 -1.18093E+01  2.14859E-28  1.42274E+06  2.00000E-03  6.40164E+00
 -1.17157E+01  2.14062E-28  1.41922E+06  2.00000E-03  7.22650E+00
 -1.16221E+01  2.13425E-28  1.41638E+06  2.00000E-03  7.87121E+00
 -1.15285E+01  2.13287E-28  1.41574E+06  2.00000E-03  8.07321E+00
 -1.14349E+01  2.13441E-28  1.41643E+06  2.00000E-03  8.08689E+00
 -1.13414E+01  2.14060E-28  1.41915E+06  2.00000E-03  7.73809E+00
 -1.12478E+01  2.14636E-28  1.42168E+06  2.00000E-03  7.31740E+00
 -1.11542E+01  2.15463E-28  1.42531E+06  2.00000E-03  6.63334E+00
 -1.10606E+01  2.15650E-28  1.42610E+06  2.00000E-03  6.37147E+00
 -1.09670E+01  2.15416E-28  1.42504E+06  2.00000E-03  6.41691E+00
 -1.08735E+01  2.14881E-28  1.42266E+06  2.00000E-03  6.60477E+00
 -1.07799E+01  2.14354E-28  1.42032E+06  2.00000E-03  6.77242E+00
 -1.06863E+01  2.13493E-28  1.41650E+06  2.00000E-03  7.02243E+00
 -1.05927E+01  2.12928E-28  1.41399E+06  2.00000E-03  7.13233E+00
 -1.04991E+01  2.12469E-28  1.41195E+06  2.00000E-03  7.04884E+00
 -1.04056E+01  2.12434E-28  1.41178E+06  2.00000E-03  6.70482E+00
 -1.03120E+01  2.12853E-28  1.41363E+06  2.00000E-03  5.93028E+00
 -1.02184E+01  2.14320E-28  1.42013E+06  2.00000E-03  4.31638E+00
 -1.01248E+01  2.16416E-28  1.42940E+06  2.00000E-03  2.18672E+00
 -1.00312E+01  2.19536E-28  1.44312E+06  2.00000E-03 -7.87642E-01
 -9.93767E+00  2.21672E-28  1.45247E+06  2.00000E-03 -2.74829E+00
 -9.84409E+00  2.23377E-28  1.45989E+06  2.00000E-03 -4.33712E+00
 -9.75051E+00  2.24073E-28  1.46295E+06  2.00000E-03 -4.83307E+00
 -9.65693E+00  2.23878E-28  1.46211E+06  2.00000E-03 -4.75787E+00
 -9.56335E+00  2.22941E-28  1.45804E+06  2.00000E-03 -4.07197E+00
 -9.46977E+00  2.22171E-28  1.45471E+06  2.00000E-03 -3.27440E+00
 -9.37619E+00  2.21128E-28  1.45017E+06  2.00000E-03 -2.26669E+00
 -9.28261E+00  2.20763E-28  1.44858E+06  2.00000E-03 -1.89416E+00
 -9.18903E+00  2.21374E-28  1.45129E+06  2.00000E-03 -1.98954E+00
 -9.09545E+00  2.22056E-28  1.45429E+06  2.00000E-03 -2.21021E+00
 -9.00187E+00  2.22545E-28  1.45646E+06  2.00000E-03 -2.36799E+00
 -8.90829E+00  2.22863E-28  1.45785E+06  2.00000E-03 -2.26627E+00
 -8.81471E+00  2.22836E-28  1.45772E+06  1.99969E-03 -1.58133E+00
 -8.72113E+00  2.23008E-28  1.45550E+06  1.99717E-03  3.82530E-01
 -8.62755E+00  2.22805E-28  1.45318E+06  1.99490E-03  3.58514E+00
 -8.53397E+00  2.22216E-28  1.45322E+06  1.99503E-03  7.23267E+00
 -8.44039E+00  2.23319E-28  1.44896E+06  1.98795E-03  9.39419E+00
 -8.34681E+00  2.24791E-28  1.44167E+06  1.97620E-03  1.16108E+01
 -8.25323E+00  2.26626E-28  1.43548E+06  1.96767E-03  1.19124E+01
 -8.15965E+00  2.25034E-28  1.45007E+06  1.98287E-03  1.09265E+01
 -8.06607E+00  2.24100E-28  1.45691E+06  1.99012E-03  9.47179E+00
 -7.97249E+00  2.23619E-28  1.46617E+06  1.99947E-03  6.01061E+00
 -7.87891E+00  2.24067E-28  1.46478E+06  1.99679E-03  4.35759E+00
 -7.78533E+00  2.26185E-28  1.45332E+06  1.98522E-03  2.37062E+00
 -7.69175E+00  2.29194E-28  1.43603E+06  1.96754E-03  2.23999E-01
 -7.59817E+00  2.32443E-28  1.42206E+06  1.95005E-03 -4.39779E+00
 -7.50459E+00  2.45621E-28  1.35749E+06  1.87904E-03 -1.02877E+01
 -7.41101E+00  2.90259E-28  1.16019E+06  1.68924E-03 -1.50051E+01
 -7.31743E+00  3.07612E-28  1.10676E+06  1.63711E-03 -1.95982E+01
 -7.22385E+00  2.55119E-28  1.34256E+06  1.85533E-03 -2.30258E+01
 -7.13027E+00  2.63406E-28  1.30029E+06  1.80573E-03 -2.62032E+01
 -7.03669E+00  3.04415E-28  1.11095E+06  1.62499E-03 -2.62079E+01
 -6.94311E+00  3.06617E-28  1.08626E+06  1.60498E-03 -2.46478E+01
 -6.84953E+00  2.91182E-28  1.14283E+06  1.66045E-03 -2.39052E+01
 -6.75595E+00  2.81943E-28  1.19456E+06  1.70612E-03 -2.52084E+01
 -6.66237E+00  2.63614E-28  1.30306E+06  1.79756E-03 -2.73655E+01
 -6.56879E+00  2.53055E-28  1.38679E+06  1.86962E-03 -3.04154E+01
 -6.47521E+00  2.50714E-28  1.42567E+06  1.90060E-03 -3.34720E+01
 -6.38163E+00  2.49587E-28  1.45631E+06  1.92491E-03 -3.61347E+01
 -6.28805E+00  2.44704E-28  1.50612E+06  1.96860E-03 -3.93763E+01
 -6.19447E+00  2.52937E-28  1.47604E+06  1.92943E-03 -4.27969E+01
 -6.10089E+00  2.79977E-28  1.35387E+06  1.80427E-03 -4.59544E+01
 -6.00731E+00  3.00394E-28  1.27370E+06  1.71958E-03 -4.98007E+01
 -5.91373E+00  3.53236E-28  1.09018E+06  1.56489E-03 -6.57478E+01
 -5.82015E+00  5.49814E-28  6.99370E+05  1.26968E-03 -8.04736E+01
 -5.72657E+00  7.59942E-28  4.78716E+05  1.11651E-03 -8.09463E+01
 -5.63299E+00  7.21240E-28  4.63929E+05  1.11360E-03 -7.25771E+01
 -5.53941E+00  6.00008E-28  5.07625E+05  1.14212E-03 -6.17333E+01
 -5.44583E+00  4.82310E-28  5.61568E+05  1.18291E-03 -4.90747E+01
 -5.35225E+00  4.06587E-28  6.04650E+05  1.22947E-03 -3.96981E+01
 -5.25868E+00  3.69459E-28  6.45928E+05  1.27855E-03 -4.14612E+01
 -5.16509E+00  3.40942E-28  6.99150E+05  1.33121E-03 -4.92714E+01
 -5.07152E+00  3.31615E-28  7.20742E+05  1.35775E-03 -5.49195E+01
 -4.97794E+00  3.36807E-28  6.94264E+05  1.33711E-03 -6.17029E+01
 -4.88436E+00  3.50678E-28  6.54408E+05  1.29821E-03 -6.66342E+01
 -4.79078E+00  3.51258E-28  6.74422E+05  1.30206E-03 -5.69504E+01
 -4.69720E+00  3.36261E-28  7.51112E+05  1.35343E-03 -3.28990E+01
 -4.60362E+00  3.19104E-28  8.23201E+05  1.41254E-03 -1.23231E+01
 -4.51004E+00  3.08010E-28  8.79616E+05  1.46084E-03 -2.13528E+00
 -4.41646E+00  3.02668E-28  9.53781E+05  1.51486E-03  5.60435E-01
 -4.32288E+00  3.12239E-28  1.03794E+06  1.56184E-03  5.90818E-01
 -4.22930E+00  3.17297E-28  1.09304E+06  1.59164E-03  4.07709E+00
 -4.13572E+00  3.07052E-28  1.11652E+06  1.61385E-03  9.31974E+00
 -4.04214E+00  2.88772E-28  1.13380E+06  1.64242E-03  1.20742E+01
 -3.94856E+00  2.68710E-28  1.16576E+06  1.68783E-03  1.23299E+01
 -3.85498E+00  2.68274E-28  1.12396E+06  1.67393E-03  1.01931E+01
 -3.76140E+00  3.15397E-28  9.04504E+05  1.49383E-03  7.43560E+00
 -3.66782E+00  3.96169E-28  6.90852E+05  1.32575E-03 -1.62808E+01
 -3.57424E+00  7.49003E-28  3.53224E+05  1.02267E-03 -6.43388E+01
 -3.48066E+00  1.11936E-27  2.13491E+05  8.80754E-04 -8.17993E+01
 -3.38708E+00  1.12023E-27  1.99522E+05  8.72228E-04 -8.49555E+01
 -3.29350E+00  1.06653E-27  2.04169E+05  8.82976E-04 -8.30555E+01
 -3.19992E+00  1.05685E-27  2.05504E+05  8.73317E-04 -8.67087E+01
 -3.10634E+00  7.69019E-28  2.82218E+05  9.42660E-04 -9.44419E+01
 -3.01276E+00  4.19944E-28  5.17677E+05  1.19955E-03 -1.12025E+02
 -2.91918E+00  3.68393E-28  6.25776E+05  1.29419E-03 -1.15219E+02
 -2.82560E+00  6.14250E-28  4.01309E+05  1.06517E-03 -9.87726E+01
 -2.73202E+00  1.46027E-27  1.60088E+05  8.78909E-04 -9.11783E+01
 -2.63844E+00  1.38107E-27  1.52410E+05  8.77480E-04 -8.95717E+01
 -2.54486E+00  6.81759E-28  2.93819E+05  9.70014E-04 -8.45035E+01
 -2.45128E+00  5.34464E-28  3.68756E+05  9.97716E-04 -7.53391E+01
 -2.35770E+00  6.16797E-28  3.25971E+05  9.68600E-04 -6.50061E+01
 -2.26412E+00  6.64124E-28  3.26423E+05  9.86562E-04 -5.76332E+01
 -2.17054E+00  5.12392E-28  4.70958E+05  1.12154E-03 -5.25577E+01
 -2.07696E+00  3.27309E-28  7.91877E+05  1.43820E-03 -5.28838E+01
 -1.98338E+00  3.01392E-28  9.03421E+05  1.52470E-03 -6.61886E+01
 -1.88980E+00  3.61663E-28  7.74821E+05  1.39348E-03 -7.81445E+01
 -1.79622E+00  4.20796E-28  6.72706E+05  1.28874E-03 -8.44906E+01
 -1.70264E+00  4.24645E-28  6.47930E+05  1.26225E-03 -9.22886E+01
 -1.60906E+00  3.76672E-28  6.92258E+05  1.30601E-03 -1.01468E+02
 -1.51548E+00  3.47332E-28  7.58597E+05  1.37025E-03 -1.16227E+02
 -1.42190E+00  3.54167E-28  7.97802E+05  1.39566E-03 -1.19290E+02
 -1.32832E+00  3.39992E-28  8.53334E+05  1.44220E-03 -1.15949E+02
 -1.23474E+00  3.58600E-28  8.13549E+05  1.40487E-03 -1.11801E+02
 -1.14116E+00  4.70104E-28  6.18080E+05  1.21364E-03 -1.05309E+02
 -1.04758E+00  5.92822E-28  5.10198E+05  1.10330E-03 -1.03294E+02
 -9.54002E-01  5.23631E-28  6.23837E+05  1.19825E-03 -1.06109E+02
 -8.60422E-01  4.12853E-28  8.31552E+05  1.36847E-03 -1.07730E+02
 -7.66842E-01  4.39131E-28  7.90337E+05  1.33745E-03 -1.15677E+02
 -6.73262E-01  6.80965E-28  5.04290E+05  1.14243E-03 -1.19746E+02
 -5.79682E-01  7.91723E-28  4.24149E+05  1.08183E-03 -1.23049E+02
 -4.86102E-01  7.72620E-28  4.22027E+05  1.06868E-03 -1.28332E+02
 -3.92522E-01  7.66272E-28  4.13928E+05  1.06220E-03 -1.37952E+02
 -2.98943E-01  7.16173E-28  4.32963E+05  1.05806E-03 -1.42212E+02
 -2.05363E-01  7.42899E-28  4.13739E+05  1.06769E-03 -1.38573E+02
 -1.11783E-01  1.13776E-27  2.65901E+05  9.77007E-04 -1.37256E+02
 -1.82031E-02  2.23357E-27  1.31805E+05  8.32052E-04 -1.39019E+02
  7.53768E-02  2.16307E-27  1.32217E+05  8.18185E-04 -1.41820E+02
  1.68957E-01  8.65172E-28  3.27515E+05  1.01568E-03 -1.47762E+02
  2.62536E-01  1.00014E-27  2.83199E+05  9.52967E-04 -1.43568E+02
  3.56116E-01  1.69324E-27  1.68061E+05  8.19204E-04 -1.39466E+02
  4.49696E-01  2.97400E-27  9.66772E+04  7.43852E-04 -1.37579E+02
  5.43276E-01  6.17448E-27  4.63970E+04  6.91768E-04 -1.36745E+02
  6.36856E-01  8.37891E-27  3.38029E+04  6.76699E-04 -1.35765E+02
  7.30436E-01  8.31008E-27  3.39397E+04  6.75220E-04 -1.34667E+02
  8.24016E-01  6.34973E-27  4.55880E+04  6.83188E-04 -1.34022E+02
  9.17596E-01  4.85557E-27  6.21620E+04  7.03777E-04 -1.33621E+02
  1.01118E+00  3.58700E-27  8.77549E+04  7.47312E-04 -1.31064E+02
  1.10476E+00  2.23624E-27  1.45608E+05  8.25898E-04 -1.26206E+02
  1.19834E+00  8.55900E-28  3.82547E+05  1.00582E-03 -1.15881E+02
  1.29191E+00  4.85769E-28  6.59944E+05  1.23053E-03 -1.01555E+02
  1.38549E+00  3.80384E-28  8.23952E+05  1.36519E-03 -9.02657E+01
  1.47907E+00  3.60695E-28  8.66691E+05  1.40361E-03 -8.44204E+01
  1.57265E+00  3.42863E-28  9.13096E+05  1.44812E-03 -8.04086E+01
  1.66623E+00  3.17740E-28  9.77967E+05  1.51317E-03 -7.69911E+01
  1.75981E+00  2.98059E-28  1.02961E+06  1.56763E-03 -7.42895E+01
  1.85339E+00  2.74936E-28  1.09766E+06  1.63228E-03 -7.42345E+01
  1.94697E+00  2.75132E-28  1.08029E+06  1.62615E-03 -7.19856E+01
  2.04055E+00  2.99824E-28  9.71209E+05  1.53649E-03 -6.79004E+01
  2.13413E+00  3.48000E-28  8.21624E+05  1.40618E-03 -5.99223E+01
  2.22771E+00  4.02260E-28  6.98322E+05  1.30577E-03 -5.07096E+01
  2.32129E+00  4.10514E-28  6.68804E+05  1.28625E-03 -4.11973E+01
  2.41487E+00  3.71002E-28  7.14545E+05  1.34545E-03 -3.35127E+01
  2.50845E+00  3.04548E-28  8.28914E+05  1.48494E-03 -2.43988E+01
  2.60203E+00  2.43786E-28  9.66094E+05  1.62437E-03 -1.60980E+01
  2.69561E+00  2.03222E-28  1.05980E+06  1.73125E-03 -6.80588E+00
  2.78919E+00  2.02283E-28  9.69215E+05  1.67430E-03 -9.42239E-01
  2.88277E+00  3.47781E-28  5.15879E+05  1.21690E-03 -2.50901E+01
  2.97635E+00  6.45764E-28  2.84834E+05  9.82201E-04 -5.37689E+01
  3.06993E+00  7.34970E-28  2.73548E+05  9.48001E-04 -7.71673E+01
  3.16351E+00  8.43658E-28  2.66309E+05  9.35632E-04 -8.35211E+01
  3.25709E+00  8.90489E-28  2.75507E+05  9.49471E-04 -7.99644E+01
  3.35067E+00  1.12913E-27  2.21285E+05  9.21815E-04 -8.34215E+01
  3.44425E+00  1.40311E-27  1.75075E+05  8.59817E-04 -8.70474E+01
  3.53783E+00  8.67472E-28  2.79863E+05  9.29735E-04 -8.85476E+01
  3.63141E+00  4.62342E-28  5.35484E+05  1.14266E-03 -9.27587E+01
  3.72499E+00  3.87128E-28  6.76376E+05  1.27031E-03 -9.46231E+01
  3.81857E+00  3.45637E-28  8.22766E+05  1.41566E-03 -8.89759E+01
  3.91215E+00  3.10059E-28  9.72211E+05  1.55585E-03 -7.19146E+01
  4.00573E+00  2.74966E-28  1.12286E+06  1.69141E-03 -5.46787E+01
  4.09931E+00  2.53874E-28  1.22868E+06  1.77869E-03 -4.01406E+01
  4.19289E+00  2.70894E-28  1.15293E+06  1.70640E-03 -2.90039E+01
  4.28647E+00  2.76356E-28  1.13252E+06  1.68232E-03 -2.46016E+01
  4.38005E+00  2.46031E-28  1.28778E+06  1.83199E-03 -2.62351E+01
  4.47363E+00  2.26163E-28  1.41631E+06  1.96022E-03 -2.67935E+01
  4.56721E+00  2.23226E-28  1.44380E+06  1.98630E-03 -2.48608E+01
  4.66079E+00  2.22142E-28  1.45318E+06  1.99566E-03 -2.18511E+01
  4.75437E+00  2.21538E-28  1.45482E+06  1.99898E-03 -1.81438E+01
  4.84795E+00  2.21328E-28  1.44874E+06  1.99479E-03 -1.35295E+01
  4.94153E+00  2.24387E-28  1.42011E+06  1.96897E-03 -9.90842E+00
  5.03511E+00  2.30961E-28  1.37094E+06  1.92591E-03 -7.50579E+00
  5.12869E+00  2.28331E-28  1.38114E+06  1.93714E-03 -6.28160E+00
  5.22227E+00  2.23778E-28  1.40662E+06  1.96376E-03 -6.39751E+00
  5.31585E+00  2.24444E-28  1.39915E+06  1.95715E-03 -6.68259E+00
  5.40943E+00  2.35411E-28  1.33394E+06  1.89115E-03 -5.70108E+00
  5.50301E+00  2.53508E-28  1.23543E+06  1.79282E-03 -2.61052E+00
  5.59659E+00  2.61399E-28  1.19359E+06  1.75151E-03 -9.19674E-01
  5.69017E+00  2.72918E-28  1.13948E+06  1.69706E-03 -4.64588E-01
  5.78375E+00  2.63979E-28  1.17466E+06  1.73228E-03 -3.30856E+00
  5.87733E+00  2.27679E-28  1.36232E+06  1.92476E-03 -7.97913E+00
  5.97091E+00  2.17937E-28  1.42409E+06  1.98593E-03 -9.82852E+00
  6.06449E+00  2.21006E-28  1.40434E+06  1.96465E-03 -1.18714E+01
  6.15807E+00  2.31188E-28  1.34060E+06  1.89573E-03 -1.21619E+01
  6.25165E+00  2.47455E-28  1.25169E+06  1.80209E-03 -1.16138E+01
  6.34523E+00  2.55131E-28  1.21287E+06  1.75878E-03 -9.11659E+00
  6.43881E+00  2.58064E-28  1.19710E+06  1.74226E-03 -5.32039E+00
  6.53239E+00  2.57160E-28  1.19868E+06  1.74439E-03 -1.67796E+00
  6.62597E+00  2.55851E-28  1.20143E+06  1.74783E-03  1.07710E+00
  6.71955E+00  2.53389E-28  1.21476E+06  1.76293E-03  4.96626E+00
  6.81313E+00  2.46540E-28  1.25010E+06  1.80238E-03  5.92112E+00
  6.90671E+00  2.39697E-28  1.28743E+06  1.84372E-03  5.07787E+00
  7.00029E+00  2.29711E-28  1.34567E+06  1.90830E-03  4.46888E+00
  7.09387E+00  2.21370E-28  1.39574E+06  1.96368E-03  3.91127E+00
  7.18745E+00  2.16721E-28  1.41670E+06  1.98995E-03  3.08061E+00
  7.28103E+00  2.15141E-28  1.42491E+06  1.99959E-03  2.22364E+00
  7.37461E+00  2.14813E-28  1.42295E+06  1.99995E-03  2.23069E+00
  7.46819E+00  2.14133E-28  1.41961E+06  1.99999E-03  2.51294E+00
  7.56177E+00  2.13505E-28  1.41672E+06  1.99999E-03  2.79905E+00
  7.65534E+00  2.12873E-28  1.41384E+06  2.00000E-03  3.16665E+00
  7.74892E+00  2.12519E-28  1.41218E+06  2.00000E-03  3.38987E+00
  7.84250E+00  2.12241E-28  1.41094E+06  2.00000E-03  3.52503E+00
  7.93608E+00  2.12128E-28  1.41043E+06  2.00000E-03  3.56544E+00
  8.02966E+00  2.11634E-28  1.40824E+06  2.00000E-03  3.53936E+00
  8.12324E+00  2.11067E-28  1.40573E+06  2.00000E-03  3.37512E+00
  8.21682E+00  2.10707E-28  1.40413E+06  2.00000E-03  3.20396E+00
  8.31040E+00  2.10294E-28  1.40229E+06  2.00000E-03  2.95296E+00
  8.40398E+00  2.10253E-28  1.40210E+06  2.00000E-03  2.73036E+00
  8.49756E+00  2.10410E-28  1.40277E+06  2.00000E-03  2.54557E+00
  8.59114E+00  2.10353E-28  1.40250E+06  2.00000E-03  2.44726E+00
  8.68472E+00  2.10285E-28  1.40219E+06  2.00000E-03  2.32532E+00
  8.77830E+00  2.10349E-28  1.40247E+06  2.00000E-03  2.23635E+00
  8.87188E+00  2.10332E-28  1.40238E+06  2.00000E-03  2.20939E+00
  8.96546E+00  2.10333E-28  1.40234E+06  2.00000E-03  2.19486E+00
  9.05904E+00  2.10406E-28  1.40264E+06  2.00000E-03  2.19862E+00
  9.15262E+00  2.10549E-28  1.40323E+06  2.00000E-03  2.23552E+00
  9.24620E+00  2.10656E-28  1.40367E+06  2.00000E-03  2.27792E+00
  9.33978E+00  2.10736E-28  1.40401E+06  2.00000E-03  2.29072E+00
  9.43336E+00  2.10848E-28  1.40450E+06  2.00000E-03  2.30048E+00
  9.52694E+00  2.10904E-28  1.40474E+06  2.00000E-03  2.31147E+00
  9.62052E+00  2.10915E-28  1.40478E+06  2.00000E-03  2.31452E+00
  9.71410E+00  2.10873E-28  1.40459E+06  2.00000E-03  2.36512E+00
  9.80768E+00  2.10760E-28  1.40408E+06  2.00000E-03  2.37785E+00
  9.90126E+00  2.10608E-28  1.40339E+06  2.00000E-03  2.51375E+00
  9.99484E+00  2.10471E-28  1.40278E+06  2.00000E-03  2.66326E+00
  1.00884E+01  2.10325E-28  1.40213E+06  2.00000E-03  2.93677E+00
  1.01820E+01  2.10170E-28  1.40145E+06  2.00000E-03  3.14511E+00
  1.02756E+01  2.10068E-28  1.40100E+06  2.00000E-03  3.30112E+00
  1.03692E+01  2.09865E-28  1.40010E+06  2.00000E-03  3.48780E+00
  1.04627E+01  2.09872E-28  1.40014E+06  2.00000E-03  3.57054E+00
  1.05563E+01  2.09875E-28  1.40015E+06  2.00000E-03  3.59758E+00
  1.06499E+01  2.09926E-28  1.40038E+06  2.00000E-03  3.54450E+00
  1.07435E+01  2.10124E-28  1.40126E+06  2.00000E-03  3.36311E+00
  1.08371E+01  2.10419E-28  1.40256E+06  2.00000E-03  3.06647E+00
  1.09306E+01  2.10708E-28  1.40383E+06  2.00000E-03  2.70125E+00
  1.10242E+01  2.11084E-28  1.40549E+06  2.00000E-03  2.33235E+00
  1.11178E+01  2.11503E-28  1.40734E+06  2.00000E-03  2.00253E+00
  1.12114E+01  2.12105E-28  1.41000E+06  2.00000E-03  1.58784E+00
  1.13050E+01  2.12644E-28  1.41240E+06  2.00000E-03  1.27739E+00
  1.13985E+01  2.13083E-28  1.41435E+06  2.00000E-03  1.03694E+00
  1.14921E+01  2.13524E-28  1.41632E+06  2.00000E-03  8.49263E-01
  1.15857E+01  2.13934E-28  1.41814E+06  2.00000E-03  7.16159E-01
  1.16793E+01  2.14212E-28  1.41937E+06  2.00000E-03  5.80880E-01
  1.17729E+01  2.14413E-28  1.42025E+06  2.00000E-03  5.12123E-01
  1.18664E+01  2.14454E-28  1.42043E+06  2.00000E-03  4.32263E-01
  1.19600E+01  2.14524E-28  1.42074E+06  2.00000E-03  3.38162E-01
  1.20536E+01  2.14561E-28  1.42091E+06  2.00000E-03  2.82509E-01
  1.21472E+01  2.14591E-28  1.42103E+06  2.00000E-03  1.26706E-01
  1.22408E+01  2.14616E-28  1.42114E+06  2.00000E-03 -9.57998E-03
  1.23343E+01  2.14637E-28  1.42122E+06  2.00000E-03 -1.92626E-01
  1.24279E+01  2.14882E-28  1.42230E+06  2.00000E-03 -4.18464E-01
  1.25215E+01  2.15136E-28  1.42340E+06  2.00000E-03 -6.83303E-01
  1.26151E+01  2.15553E-28  1.42522E+06  2.00000E-03 -1.03086E+00
  1.27087E+01  2.15894E-28  1.42671E+06  2.00000E-03 -1.28789E+00
  1.28022E+01  2.16224E-28  1.42815E+06  2.00000E-03 -1.50174E+00
  1.28958E+01  2.16625E-28  1.42990E+06  2.00000E-03 -1.66827E+00
  1.29894E+01  2.16982E-28  1.43146E+06  2.00000E-03 -1.80777E+00
  1.30830E+01  2.17339E-28  1.43302E+06  2.00000E-03 -1.92902E+00
  1.31766E+01  2.17483E-28  1.43365E+06  2.00000E-03 -1.96180E+00
  1.32701E+01  2.17610E-28  1.43421E+06  2.00000E-03 -1.99646E+00
  1.33637E+01  2.17664E-28  1.43445E+06  2.00000E-03 -2.05850E+00
  1.34573E+01  2.17629E-28  1.43429E+06  2.00000E-03 -2.08747E+00
  1.35509E+01  2.17567E-28  1.43403E+06  2.00000E-03 -2.21743E+00
  1.36445E+01  2.17471E-28  1.43361E+06  2.00000E-03 -2.30905E+00
  1.37380E+01  2.17363E-28  1.43313E+06  2.00000E-03 -2.46144E+00
  1.38316E+01  2.17243E-28  1.43260E+06  2.00000E-03 -2.54086E+00
  1.39252E+01  2.17044E-28  1.43171E+06  2.00000E-03 -2.60964E+00
  1.40188E+01  2.16881E-28  1.43099E+06  2.00000E-03 -2.68259E+00
  1.41124E+01  2.16764E-28  1.43047E+06  2.00000E-03 -2.73598E+00
  1.42059E+01  2.16685E-28  1.43011E+06  2.00000E-03 -2.81756E+00
  1.42995E+01  2.16697E-28  1.43017E+06  2.00000E-03 -2.90855E+00
  1.43931E+01  2.16825E-28  1.43073E+06  2.00000E-03 -3.08891E+00
  1.44867E+01  2.16973E-28  1.43138E+06  2.00000E-03 -3.24341E+00
  1.45803E+01  2.17139E-28  1.43212E+06  2.00000E-03 -3.41221E+00
  1.46738E+01  2.17301E-28  1.43283E+06  2.00000E-03 -3.53383E+00
  1.47674E+01  2.17486E-28  1.43365E+06  2.00000E-03 -3.63178E+00
  1.48610E+01  2.17773E-28  1.43491E+06  2.00000E-03 -3.73199E+00
  1.49546E+01  2.17976E-28  1.43581E+06  2.00000E-03 -3.74553E+00
  1.50482E+01  2.18255E-28  1.43705E+06  2.00000E-03 -3.73245E+00
  1.51417E+01  2.18530E-28  1.43830E+06  2.00000E-03 -3.61278E+00
  1.52353E+01  2.18826E-28  1.43964E+06  2.00000E-03 -3.45870E+00
  1.53289E+01  2.19090E-28  1.44084E+06  2.00000E-03 -3.37341E+00
  1.54225E+01  2.19253E-28  1.44163E+06  2.00000E-03 -3.28916E+00
  1.55161E+01  2.19449E-28  1.44256E+06  2.00000E-03 -3.18384E+00
  1.56096E+01  2.19538E-28  1.44299E+06  2.00000E-03 -3.13558E+00
  1.57032E+01  2.19642E-28  1.44349E+06  2.00000E-03 -3.10055E+00
  1.57968E+01  2.19494E-28  1.44284E+06  2.00000E-03 -3.08802E+00
  1.58904E+01  2.19468E-28  1.44271E+06  2.00000E-03 -3.09781E+00
  1.59840E+01  2.19202E-28  1.44148E+06  2.00000E-03 -3.13534E+00
  1.60775E+01  2.18952E-28  1.44030E+06  2.00000E-03 -3.23496E+00
  1.61711E+01  2.18937E-28  1.44020E+06  2.00000E-03 -3.26924E+00
  1.62647E+01  2.18335E-28  1.43756E+06  2.00000E-03 -3.27149E+00
  1.63583E+01  2.18150E-28  1.43673E+06  2.00000E-03 -3.41915E+00
  1.64519E+01  2.17843E-28  1.43538E+06  2.00000E-03 -3.47054E+00
  1.65454E+01  2.17297E-28  1.43297E+06  2.00000E-03 -3.44076E+00
  1.66390E+01  2.17206E-28  1.43255E+06  2.00000E-03 -3.57303E+00
  1.67326E+01  2.16531E-28  1.42957E+06  2.00000E-03 -3.52833E+00
  1.68262E+01  2.16381E-28  1.42890E+06  2.00000E-03 -3.49666E+00
  1.69198E+01  2.16058E-28  1.42747E+06  2.00000E-03 -3.47321E+00
  1.70133E+01  2.15668E-28  1.42574E+06  2.00000E-03 -3.45221E+00
  1.71069E+01  2.15514E-28  1.42506E+06  2.00000E-03 -3.45931E+00
  1.72005E+01  2.15234E-28  1.42382E+06  2.00000E-03 -3.32589E+00
  1.72941E+01  2.15130E-28  1.42335E+06  2.00000E-03 -3.28857E+00
  1.73876E+01  2.14998E-28  1.42277E+06  2.00000E-03 -3.16731E+00
  1.74812E+01  2.14884E-28  1.42227E+06  2.00000E-03 -3.04873E+00
  1.75748E+01  2.14901E-28  1.42235E+06  2.00000E-03 -2.98938E+00
  1.76684E+01  2.14905E-28  1.42237E+06  2.00000E-03 -2.73417E+00
  1.77620E+01  2.14882E-28  1.42226E+06  2.00000E-03 -2.66492E+00
  1.78555E+01  2.14950E-28  1.42257E+06  2.00000E-03 -2.56527E+00
  1.79491E+01  2.15096E-28  1.42321E+06  2.00000E-03 -2.34924E+00
  1.80427E+01  2.15168E-28  1.42353E+06  2.00000E-03 -2.27888E+00
  1.81363E+01  2.15284E-28  1.42404E+06  2.00000E-03 -2.19668E+00
  1.82299E+01  2.15507E-28  1.42502E+06  2.00000E-03 -2.02636E+00
  1.83234E+01  2.15686E-28  1.42580E+06  2.00000E-03 -1.92732E+00
  1.84170E+01  2.15726E-28  1.42597E+06  2.00000E-03 -1.94194E+00
  1.85106E+01  2.15826E-28  1.42641E+06  2.00000E-03 -1.91901E+00
  1.86042E+01  2.15959E-28  1.42699E+06  2.00000E-03 -1.94092E+00
  1.86978E+01  2.16023E-28  1.42727E+06  2.00000E-03 -1.94249E+00
  1.87913E+01  2.16004E-28  1.42719E+06  2.00000E-03 -2.00399E+00
  1.88849E+01  2.15998E-28  1.42716E+06  2.00000E-03 -2.09093E+00
  1.89785E+01  2.16022E-28  1.42727E+06  2.00000E-03 -2.07733E+00
  1.90721E+01  2.15915E-28  1.42680E+06  2.00000E-03 -2.16015E+00
  1.91657E+01  2.15886E-28  1.42668E+06  2.00000E-03 -2.17976E+00
  1.92592E+01  2.15846E-28  1.42651E+06  2.00000E-03 -2.17430E+00
  1.93528E+01  2.15728E-28  1.42600E+06  2.00000E-03 -2.20118E+00
  1.94464E+01  2.15726E-28  1.42600E+06  2.00000E-03 -2.18858E+00
  1.95400E+01  2.15642E-28  1.42565E+06  2.00000E-03 -2.11493E+00
  1.96336E+01  2.15645E-28  1.42567E+06  2.00000E-03 -2.07240E+00
  1.97271E+01  2.15606E-28  1.42550E+06  2.00000E-03 -2.05178E+00
  1.98207E+01  2.15522E-28  1.42515E+06  2.00000E-03 -1.93461E+00
  1.99143E+01  2.15575E-28  1.42538E+06  2.00000E-03 -1.89970E+00
  2.00079E+01  2.15497E-28  1.42504E+06  2.00000E-03 -1.79978E+00
  2.01015E+01  2.15506E-28  1.42508E+06  2.00000E-03 -1.74100E+00
  2.01950E+01  2.15548E-28  1.42525E+06  2.00000E-03 -1.68691E+00
  2.02886E+01  2.15454E-28  1.42482E+06  2.00000E-03 -1.57251E+00
  2.03822E+01  2.15443E-28  1.42477E+06  2.00000E-03 -1.56630E+00
  2.04758E+01  2.15288E-28  1.42406E+06  2.00000E-03 -1.48870E+00
  2.05694E+01  2.15342E-28  1.42428E+06  2.00000E-03 -1.48007E+00
  2.06629E+01  2.15223E-28  1.42375E+06  2.00000E-03 -1.46288E+00
  2.07565E+01  2.15058E-28  1.42301E+06  2.00000E-03 -1.43770E+00
  2.08501E+01  2.15109E-28  1.42322E+06  2.00000E-03 -1.48684E+00
  2.09437E+01  2.14939E-28  1.42247E+06  2.00000E-03 -1.47769E+00
  2.10373E+01  2.14845E-28  1.42205E+06  2.00000E-03 -1.46568E+00
  2.11308E+01  2.14779E-28  1.42175E+06  2.00000E-03 -1.50553E+00
  2.12244E+01  2.14639E-28  1.42112E+06  2.00000E-03 -1.48356E+00
  2.13180E+01  2.14642E-28  1.42113E+06  2.00000E-03 -1.49581E+00
  2.14116E+01  2.14502E-28  1.42050E+06  2.00000E-03 -1.46707E+00
  2.15052E+01  2.14441E-28  1.42022E+06  2.00000E-03 -1.43947E+00
  2.15987E+01  2.14412E-28  1.42009E+06  2.00000E-03 -1.41442E+00
  2.16923E+01  2.14294E-28  1.41956E+06  2.00000E-03 -1.32749E+00
  2.17859E+01  2.14259E-28  1.41941E+06  2.00000E-03 -1.32600E+00
  2.18795E+01  2.14196E-28  1.41912E+06  2.00000E-03 -1.28320E+00
  2.19731E+01  2.14152E-28  1.41892E+06  2.00000E-03 -1.20419E+00
  2.20666E+01  2.14087E-28  1.41863E+06  2.00000E-03 -1.19857E+00
  2.21602E+01  2.14022E-28  1.41834E+06  2.00000E-03 -1.13885E+00
  2.22538E+01  2.14008E-28  1.41828E+06  2.00000E-03 -1.12983E+00
  2.23474E+01  2.14019E-28  1.41833E+06  2.00000E-03 -1.08724E+00
  2.24410E+01  2.13882E-28  1.41772E+06  2.00000E-03 -1.11366E+00
  2.25345E+01  2.13867E-28  1.41765E+06  2.00000E-03 -1.12047E+00
  2.26281E+01  2.13838E-28  1.41753E+06  2.00000E-03 -1.14000E+00
  2.27217E+01  2.13749E-28  1.41713E+06  2.00000E-03 -1.18013E+00
  2.28153E+01  2.13646E-28  1.41668E+06  2.00000E-03 -1.27928E+00
  2.29089E+01  2.13643E-28  1.41667E+06  2.00000E-03 -1.30422E+00
  2.30024E+01  2.13579E-28  1.41639E+06  2.00000E-03 -1.36718E+00
  2.30960E+01  2.13494E-28  1.41603E+06  2.00000E-03 -1.52102E+00
  2.31896E+01  2.13428E-28  1.41574E+06  2.00000E-03 -1.55655E+00
  2.32832E+01  2.13451E-28  1.41584E+06  2.00000E-03 -1.61989E+00
  2.33768E+01  2.13424E-28  1.41578E+06  2.00000E-03 -1.69664E+00
  2.34703E+01  2.13410E-28  1.41576E+06  2.00000E-03 -1.74367E+00
  2.35639E+01  2.13464E-28  1.41600E+06  2.00000E-03 -1.80784E+00
  2.36575E+01  2.13496E-28  1.41620E+06  2.00000E-03 -1.77733E+00
  2.37511E+01  2.13680E-28  1.41709E+06  2.00000E-03 -1.80528E+00
  2.38447E+01  2.13837E-28  1.41778E+06  2.00000E-03 -1.90059E+00
  2.39382E+01  2.13824E-28  1.41772E+06  2.00000E-03 -1.88706E+00
  2.40318E+01  2.13818E-28  1.41769E+06  2.00000E-03 -1.88103E+00
  2.41254E+01  2.13821E-28  1.41771E+06  2.00000E-03 -1.88402E+00
  2.42190E+01  2.14154E-28  1.41918E+06  2.00000E-03 -1.96348E+00
  2.43126E+01  2.14371E-28  1.42007E+06  2.00000E-03 -1.92536E+00
  2.44061E+01  2.14331E-28  1.41983E+06  2.00000E-03 -1.81344E+00
  2.44997E+01  2.14333E-28  1.41982E+06  2.00000E-03 -1.79674E+00
  2.45933E+01  2.14333E-28  1.41982E+06  2.00000E-03 -1.79674E+00
  2.46869E+01  2.14512E-28  1.42061E+06  2.00000E-03 -1.84663E+00
  2.47805E+01  2.14803E-28  1.42188E+06  2.00000E-03 -1.92744E+00
  2.48740E+01  2.14784E-28  1.42179E+06  2.00000E-03 -1.91614E+00
  2.49676E+01  2.14717E-28  1.42148E+06  2.00000E-03 -1.87598E+00
  2.50612E+01  2.14679E-28  1.42131E+06  2.00000E-03 -1.85343E+00
  2.51548E+01  2.14766E-28  1.42169E+06  2.00000E-03 -1.87529E+00
  2.52484E+01  2.14979E-28  1.42264E+06  2.00000E-03 -1.92890E+00
  2.53419E+01  2.14979E-28  1.42264E+06  2.00000E-03 -1.92890E+00
  2.54355E+01  2.14979E-28  1.42264E+06  2.00000E-03 -1.92890E+00
  2.55291E+01  2.14966E-28  1.42259E+06  2.00000E-03 -1.92717E+00
  2.56227E+01  2.15058E-28  1.42301E+06  2.00000E-03 -1.92543E+00
  2.57163E+01  2.14958E-28  1.42257E+06  2.00000E-03 -1.93048E+00
  2.58098E+01  2.14955E-28  1.42256E+06  2.00000E-03 -1.93042E+00
  2.59034E+01  2.14955E-28  1.42256E+06  2.00000E-03 -1.93042E+00
  2.59970E+01  2.14955E-28  1.42256E+06  2.00000E-03 -1.93042E+00
  2.60906E+01  2.15070E-28  1.42308E+06  2.00000E-03 -1.92247E+00
  2.61842E+01  2.15139E-28  1.42339E+06  2.00000E-03 -1.90566E+00
  2.62777E+01  2.14971E-28  1.42263E+06  2.00000E-03 -1.87925E+00
  2.63713E+01  2.14918E-28  1.42240E+06  2.00000E-03 -1.86693E+00
  2.64649E+01  2.14918E-28  1.42239E+06  2.00000E-03 -1.86408E+00
  2.65585E+01  2.14951E-28  1.42253E+06  2.00000E-03 -1.86034E+00
  2.66521E+01  2.15012E-28  1.42279E+06  2.00000E-03 -1.86021E+00
  2.67456E+01  2.15020E-28  1.42282E+06  2.00000E-03 -1.86043E+00
  2.68392E+01  2.14967E-28  1.42258E+06  2.00000E-03 -1.81879E+00
  2.69328E+01  2.14953E-28  1.42251E+06  2.00000E-03 -1.79524E+00
  2.70264E+01  2.14965E-28  1.42255E+06  2.00000E-03 -1.82581E+00
  2.71200E+01  2.14980E-28  1.42262E+06  2.00000E-03 -1.86701E+00
  2.72135E+01  2.14981E-28  1.42262E+06  2.00000E-03 -1.86902E+00
  2.73071E+01  2.14981E-28  1.42262E+06  2.00000E-03 -1.86902E+00
  2.74007E+01  2.14981E-28  1.42262E+06  2.00000E-03 -1.86902E+00
  2.74943E+01  2.15045E-28  1.42289E+06  2.00000E-03 -1.88401E+00
  2.75879E+01  2.15039E-28  1.42285E+06  2.00000E-03 -1.90271E+00
  2.76814E+01  2.15026E-28  1.42279E+06  2.00000E-03 -1.89671E+00
  2.77750E+01  2.15026E-28  1.42279E+06  2.00000E-03 -1.89671E+00
  2.78686E+01  2.15026E-28  1.42279E+06  2.00000E-03 -1.89671E+00
  2.79622E+01  2.15116E-28  1.42318E+06  2.00000E-03 -1.92809E+00
  2.80558E+01  2.15308E-28  1.42402E+06  2.00000E-03 -1.96925E+00
  2.81493E+01  2.15284E-28  1.42391E+06  2.00000E-03 -1.90009E+00
  2.82429E+01  2.15235E-28  1.42369E+06  2.00000E-03 -1.79954E+00
  2.83365E+01  2.15235E-28  1.42369E+06  2.00000E-03 -1.79954E+00
  2.84301E+01  2.15420E-28  1.42450E+06  2.00000E-03 -1.81521E+00
  2.85237E+01  2.15638E-28  1.42546E+06  2.00000E-03 -1.83366E+00
  2.86172E+01  2.15666E-28  1.42559E+06  2.00000E-03 -1.83609E+00
  2.87108E+01  2.15649E-28  1.42551E+06  2.00000E-03 -1.76725E+00
  2.88044E+01  2.15665E-28  1.42558E+06  2.00000E-03 -1.63811E+00
  2.88980E+01  2.15781E-28  1.42608E+06  2.00000E-03 -1.54329E+00
  2.89916E+01  2.16000E-28  1.42706E+06  2.00000E-03 -1.56729E+00
  2.90851E+01  2.16048E-28  1.42727E+06  2.00000E-03 -1.57290E+00
  2.91787E+01  2.16048E-28  1.42726E+06  2.00000E-03 -1.57237E+00
  2.92723E+01  2.16029E-28  1.42718E+06  2.00000E-03 -1.52851E+00
  2.93659E+01  2.16167E-28  1.42779E+06  2.00000E-03 -1.49236E+00
  2.94595E+01  2.16423E-28  1.42892E+06  2.00000E-03 -1.45330E+00
  2.95530E+01  2.16432E-28  1.42895E+06  2.00000E-03 -1.39563E+00
  2.96466E+01  2.16432E-28  1.42895E+06  2.00000E-03 -1.39563E+00
  2.97402E+01  2.16432E-28  1.42895E+06  2.00000E-03 -1.39563E+00
  2.98338E+01  2.16505E-28  1.42928E+06  2.00000E-03 -1.41392E+00
  2.99274E+01  2.16812E-28  1.43063E+06  2.00000E-03 -1.49044E+00
  3.00209E+01  2.16864E-28  1.43086E+06  2.00000E-03 -1.46926E+00
  3.01145E+01  2.16845E-28  1.43077E+06  2.00000E-03 -1.38947E+00
  3.02081E+01  2.16835E-28  1.43073E+06  2.00000E-03 -1.35053E+00
  3.03017E+01  2.16933E-28  1.43116E+06  2.00000E-03 -1.37767E+00
  3.03953E+01  2.17180E-28  1.43225E+06  2.00000E-03 -1.44569E+00
  3.04888E+01  2.17234E-28  1.43249E+06  2.00000E-03 -1.46068E+00
  3.05824E+01  2.17234E-28  1.43249E+06  2.00000E-03 -1.46068E+00
  3.06760E+01  2.17201E-28  1.43234E+06  2.00000E-03 -1.40150E+00
  3.07696E+01  2.17238E-28  1.43250E+06  2.00000E-03 -1.37011E+00
  3.08631E+01  2.17464E-28  1.43348E+06  2.00000E-03 -1.39834E+00
  3.09567E+01  2.17464E-28  1.43348E+06  2.00000E-03 -1.39834E+00
  3.10503E+01  2.17459E-28  1.43346E+06  2.00000E-03 -1.39196E+00
  3.11439E+01  2.17455E-28  1.43345E+06  2.00000E-03 -1.38682E+00
  3.12375E+01  2.17474E-28  1.43353E+06  2.00000E-03 -1.37904E+00
  3.13310E+01  2.17576E-28  1.43398E+06  2.00000E-03 -1.33750E+00
  3.14246E+01  2.17558E-28  1.43390E+06  2.00000E-03 -1.28547E+00
  3.15182E+01  2.17548E-28  1.43385E+06  2.00000E-03 -1.28290E+00
  3.16118E+01  2.17539E-28  1.43381E+06  2.00000E-03 -1.28055E+00
  3.17054E+01  2.17542E-28  1.43383E+06  2.00000E-03 -1.26961E+00
  3.17989E+01  2.17657E-28  1.43433E+06  2.00000E-03 -1.20023E+00
  3.18925E+01  2.17624E-28  1.43419E+06  2.00000E-03 -1.18545E+00
  3.19861E+01  2.17500E-28  1.43366E+06  2.00000E-03 -1.15122E+00
  3.20797E+01  2.17353E-28  1.43302E+06  2.00000E-03 -1.11058E+00
  3.21733E+01  2.17359E-28  1.43305E+06  2.00000E-03 -1.09913E+00
  3.22668E+01  2.17479E-28  1.43359E+06  2.00000E-03 -1.03882E+00
  3.23604E+01  2.17483E-28  1.43361E+06  2.00000E-03 -1.03651E+00
  3.24540E+01  2.17483E-28  1.43361E+06  2.00000E-03 -1.03651E+00
  3.25476E+01  2.17484E-28  1.43361E+06  2.00000E-03 -1.03651E+00
  3.26412E+01  2.17483E-28  1.43361E+06  2.00000E-03 -1.03651E+00
  3.27347E+01  2.17484E-28  1.43361E+06  2.00000E-03 -1.03651E+00
  3.28283E+01  2.17484E-28  1.43361E+06  2.00000E-03 -1.03651E+00
  3.29219E+01  2.17483E-28  1.43361E+06  2.00000E-03 -1.03651E+00
  3.30155E+01  2.17483E-28  1.43361E+06  2.00000E-03 -1.03651E+00
  3.31091E+01  2.17475E-28  1.43357E+06  2.00000E-03 -1.03512E+00
  3.32026E+01  2.17160E-28  1.43218E+06  2.00000E-03 -1.05729E+00
  3.32962E+01  2.17025E-28  1.43158E+06  2.00000E-03 -1.16673E+00
  3.33898E+01  2.16965E-28  1.43131E+06  2.00000E-03 -1.23698E+00
  3.34834E+01  2.16965E-28  1.43131E+06  2.00000E-03 -1.23698E+00
  3.35770E+01  2.16908E-28  1.43105E+06  2.00000E-03 -1.25987E+00
  3.36705E+01  2.16864E-28  1.43086E+06  2.00000E-03 -1.27730E+00
  3.37641E+01  2.16847E-28  1.43078E+06  2.00000E-03 -1.28430E+00
  3.38577E+01  2.16860E-28  1.43084E+06  2.00000E-03 -1.27891E+00
  3.39513E+01  2.16844E-28  1.43077E+06  2.00000E-03 -1.28552E+00
  3.40449E+01  2.16761E-28  1.43040E+06  2.00000E-03 -1.30341E+00
  3.41384E+01  2.16594E-28  1.42966E+06  2.00000E-03 -1.31656E+00
  3.42320E+01  2.16576E-28  1.42958E+06  2.00000E-03 -1.31544E+00
  3.43256E+01  2.16576E-28  1.42958E+06  2.00000E-03 -1.31544E+00
  3.44192E+01  2.16576E-28  1.42958E+06  2.00000E-03 -1.31544E+00
  3.45128E+01  2.16574E-28  1.42957E+06  2.00000E-03 -1.31889E+00
  3.46063E+01  2.16573E-28  1.42955E+06  2.00000E-03 -1.32213E+00
  3.46999E+01  2.16572E-28  1.42955E+06  2.00000E-03 -1.32368E+00
  3.47935E+01  2.16572E-28  1.42955E+06  2.00000E-03 -1.32368E+00
  3.48871E+01  2.16572E-28  1.42955E+06  2.00000E-03 -1.32368E+00
  3.49807E+01  2.16572E-28  1.42955E+06  2.00000E-03 -1.32368E+00
  3.50742E+01  2.16600E-28  1.42967E+06  2.00000E-03 -1.24707E+00
  3.51678E+01  2.16611E-28  1.42971E+06  2.00000E-03 -1.21581E+00
  3.52614E+01  2.16611E-28  1.42971E+06  2.00000E-03 -1.21581E+00
  3.53550E+01  2.16611E-28  1.42971E+06  2.00000E-03 -1.21581E+00
  3.54486E+01  2.16611E-28  1.42971E+06  2.00000E-03 -1.21581E+00
  3.55421E+01  2.16611E-28  1.42971E+06  2.00000E-03 -1.21581E+00
  3.56357E+01  2.16611E-28  1.42971E+06  2.00000E-03 -1.21581E+00
  3.57293E+01  2.16612E-28  1.42972E+06  2.00000E-03 -1.21538E+00
  3.58229E+01  2.16770E-28  1.43041E+06  2.00000E-03 -1.09614E+00
  3.59165E+01  2.16856E-28  1.43079E+06  2.00000E-03 -1.02968E+00
  3.60100E+01  2.16951E-28  1.43120E+06  2.00000E-03 -9.48563E-01
  3.61036E+01  2.16980E-28  1.43133E+06  2.00000E-03 -9.24348E-01
  3.61972E+01  2.16980E-28  1.43133E+06  2.00000E-03 -9.24348E-01
  3.62908E+01  2.16980E-28  1.43133E+06  2.00000E-03 -9.24348E-01
  3.63844E+01  2.16980E-28  1.43133E+06  2.00000E-03 -9.24348E-01
  3.64779E+01  2.16980E-28  1.43133E+06  2.00000E-03 -9.24348E-01
  3.65715E+01  2.16980E-28  1.43133E+06  2.00000E-03 -9.24348E-01
  3.66651E+01  2.16980E-28  1.43133E+06  2.00000E-03 -9.24348E-01
  3.67587E+01  2.16980E-28  1.43133E+06  2.00000E-03 -9.24348E-01
  3.68523E+01  2.16996E-28  1.43140E+06  2.00000E-03 -9.17774E-01
  3.69458E+01  2.17120E-28  1.43195E+06  2.00000E-03 -8.69443E-01
  3.70394E+01  2.17238E-28  1.43246E+06  2.00000E-03 -7.82476E-01
  3.71330E+01  2.17306E-28  1.43276E+06  2.00000E-03 -6.99202E-01
  3.72266E+01  2.17330E-28  1.43287E+06  2.00000E-03 -6.69230E-01
  3.73202E+01  2.17330E-28  1.43287E+06  2.00000E-03 -6.69230E-01
  3.74137E+01  2.17330E-28  1.43287E+06  2.00000E-03 -6.69230E-01
  3.75073E+01  2.17330E-28  1.43287E+06  2.00000E-03 -6.69230E-01
  3.76009E+01  2.17330E-28  1.43287E+06  2.00000E-03 -6.69230E-01
  3.76945E+01  2.17330E-28  1.43287E+06  2.00000E-03 -6.69230E-01
  3.77881E+01  2.17332E-28  1.43287E+06  2.00000E-03 -6.68768E-01
  3.78816E+01  2.17391E-28  1.43313E+06  2.00000E-03 -6.50471E-01
  3.79752E+01  2.17434E-28  1.43333E+06  2.00000E-03 -6.36959E-01
  3.80688E+01  2.17434E-28  1.43333E+06  2.00000E-03 -6.36959E-01
  3.81624E+01  2.17434E-28  1.43333E+06  2.00000E-03 -6.36959E-01
  3.82560E+01  2.17431E-28  1.43332E+06  2.00000E-03 -6.36714E-01
  3.83495E+01  2.17401E-28  1.43318E+06  2.00000E-03 -6.35502E-01
  3.84431E+01  2.17349E-28  1.43295E+06  2.00000E-03 -6.39703E-01
  3.85367E+01  2.17348E-28  1.43295E+06  2.00000E-03 -6.39364E-01
  3.86303E+01  2.17347E-28  1.43294E+06  2.00000E-03 -6.39765E-01
  3.87239E+01  2.17345E-28  1.43293E+06  2.00000E-03 -6.40246E-01
  3.88174E+01  2.17307E-28  1.43277E+06  2.00000E-03 -6.73231E-01
  3.89110E+01  2.17291E-28  1.43270E+06  2.00000E-03 -6.92727E-01
  3.90046E+01  2.17262E-28  1.43257E+06  2.00000E-03 -7.04417E-01
  3.90982E+01  2.17249E-28  1.43251E+06  2.00000E-03 -7.09761E-01
  3.91918E+01  2.17249E-28  1.43251E+06  2.00000E-03 -7.09761E-01
  3.92853E+01  2.17249E-28  1.43251E+06  2.00000E-03 -7.09761E-01
  3.93789E+01  2.17249E-28  1.43251E+06  2.00000E-03 -7.09761E-01
  3.94725E+01  2.17249E-28  1.43251E+06  2.00000E-03 -7.09761E-01
  3.95661E+01  2.17215E-28  1.43236E+06  2.00000E-03 -7.26859E-01
  3.96597E+01  2.17073E-28  1.43174E+06  2.00000E-03 -7.98931E-01
  3.97532E+01  2.16943E-28  1.43117E+06  2.00000E-03 -8.64746E-01
  3.98468E+01  2.16895E-28  1.43096E+06  2.00000E-03 -8.89366E-01
  3.99404E+01  2.16895E-28  1.43096E+06  2.00000E-03 -8.89366E-01
  4.00340E+01  2.16895E-28  1.43096E+06  2.00000E-03 -8.89366E-01
  4.01276E+01  2.16895E-28  1.43096E+06  2.00000E-03 -8.89366E-01
  4.02211E+01  2.16895E-28  1.43096E+06  2.00000E-03 -8.89366E-01
  4.03147E+01  2.16895E-28  1.43096E+06  2.00000E-03 -8.89366E-01
  4.04083E+01  2.16895E-28  1.43096E+06  2.00000E-03 -8.89366E-01
  4.05019E+01  2.16895E-28  1.43096E+06  2.00000E-03 -8.89366E-01
  4.05955E+01  2.16895E-28  1.43096E+06  2.00000E-03 -8.89366E-01
  4.06890E+01  2.16841E-28  1.43072E+06  2.00000E-03 -8.87318E-01
  4.07826E+01  2.16809E-28  1.43058E+06  2.00000E-03 -8.86077E-01
  4.08762E+01  2.16775E-28  1.43043E+06  2.00000E-03 -9.01963E-01
