 -4.07254E+01  2.14836E-28  1.42203E+06  2.00000E-03  6.94866E+00
 -4.06319E+01  2.14836E-28  1.42203E+06  2.00000E-03  6.94866E+00
 -4.05383E+01  2.14836E-28  1.42203E+06  2.00000E-03  6.94866E+00
 -4.04447E+01  2.14836E-28  1.42203E+06  2.00000E-03  6.94866E+00
 -4.03511E+01  2.14836E-28  1.42203E+06  2.00000E-03  6.94866E+00
 -4.02575E+01  2.14819E-28  1.42196E+06  2.00000E-03  7.03694E+00
 -4.01640E+01  2.14791E-28  1.42183E+06  2.00000E-03  7.18221E+00
 -4.00704E+01  2.14791E-28  1.42183E+06  2.00000E-03  7.18221E+00
 -3.99768E+01  2.14791E-28  1.42183E+06  2.00000E-03  7.18221E+00
 -3.98832E+01  2.14791E-28  1.42183E+06  2.00000E-03  7.18221E+00
 -3.97896E+01  2.14791E-28  1.42183E+06  2.00000E-03  7.18221E+00
 -3.96961E+01  2.14791E-28  1.42183E+06  2.00000E-03  7.18221E+00
 -3.96025E+01  2.14832E-28  1.42202E+06  2.00000E-03  7.18739E+00
 -3.95089E+01  2.14801E-28  1.42188E+06  2.00000E-03  7.26767E+00
 -3.94153E+01  2.14738E-28  1.42161E+06  2.00000E-03  7.38734E+00
 -3.93217E+01  2.14786E-28  1.42183E+06  2.00000E-03  7.41053E+00
 -3.92282E+01  2.14881E-28  1.42225E+06  2.00000E-03  7.46556E+00
 -3.91346E+01  2.14933E-28  1.42248E+06  2.00000E-03  7.43253E+00
 -3.90410E+01  2.15045E-28  1.42297E+06  2.00000E-03  7.36141E+00
 -3.89474E+01  2.15045E-28  1.42297E+06  2.00000E-03  7.36141E+00
 -3.88538E+01  2.15045E-28  1.42297E+06  2.00000E-03  7.36141E+00
 -3.87603E+01  2.15045E-28  1.42297E+06  2.00000E-03  7.36141E+00
 -3.86667E+01  2.15045E-28  1.42297E+06  2.00000E-03  7.36141E+00
 -3.85731E+01  2.15045E-28  1.42297E+06  2.00000E-03  7.36141E+00
 -3.84795E+01  2.15045E-28  1.42297E+06  2.00000E-03  7.36141E+00
 -3.83859E+01  2.15060E-28  1.42304E+06  2.00000E-03  7.38475E+00
 -3.82924E+01  2.14875E-28  1.42223E+06  2.00000E-03  7.70633E+00
 -3.81988E+01  2.14613E-28  1.42108E+06  2.00000E-03  7.93371E+00
 -3.81052E+01  2.14407E-28  1.42017E+06  2.00000E-03  8.11101E+00
 -3.80116E+01  2.14407E-28  1.42017E+06  2.00000E-03  8.11101E+00
 -3.79180E+01  2.14407E-28  1.42017E+06  2.00000E-03  8.11101E+00
 -3.78245E+01  2.14407E-28  1.42017E+06  2.00000E-03  8.11101E+00
 -3.77309E+01  2.14407E-28  1.42017E+06  2.00000E-03  8.11101E+00
 -3.76373E+01  2.14407E-28  1.42017E+06  2.00000E-03  8.11101E+00
 -3.75437E+01  2.14407E-28  1.42017E+06  2.00000E-03  8.11101E+00
 -3.74501E+01  2.14313E-28  1.41976E+06  2.00000E-03  8.23456E+00
 -3.73566E+01  2.14102E-28  1.41883E+06  2.00000E-03  8.51202E+00
 -3.72630E+01  2.14094E-28  1.41879E+06  2.00000E-03  8.52221E+00
 -3.71694E+01  2.14094E-28  1.41879E+06  2.00000E-03  8.52221E+00
 -3.70758E+01  2.14094E-28  1.41879E+06  2.00000E-03  8.52221E+00
 -3.69822E+01  2.13275E-28  1.41519E+06  2.00000E-03  9.18220E+00
 -3.68887E+01  2.12878E-28  1.41343E+06  2.00000E-03  9.50474E+00
 -3.67951E+01  2.12878E-28  1.41343E+06  2.00000E-03  9.50474E+00
 -3.67015E+01  2.12878E-28  1.41343E+06  2.00000E-03  9.50474E+00
 -3.66079E+01  2.12878E-28  1.41343E+06  2.00000E-03  9.50474E+00
 -3.65143E+01  2.12802E-28  1.41310E+06  2.00000E-03  9.59945E+00
 -3.64208E+01  2.12562E-28  1.41204E+06  2.00000E-03  9.89949E+00
 -3.63272E+01  2.12529E-28  1.41189E+06  2.00000E-03  9.94050E+00
 -3.62336E+01  2.12530E-28  1.41189E+06  2.00000E-03  9.94050E+00
 -3.61400E+01  2.12530E-28  1.41189E+06  2.00000E-03  9.94050E+00
 -3.60464E+01  2.12529E-28  1.41189E+06  2.00000E-03  9.94050E+00
 -3.59529E+01  2.12529E-28  1.41189E+06  2.00000E-03  9.94050E+00
 -3.58593E+01  2.12529E-28  1.41189E+06  2.00000E-03  9.94050E+00
 -3.57657E+01  2.12395E-28  1.41130E+06  2.00000E-03  1.00554E+01
 -3.56721E+01  2.11608E-28  1.40783E+06  2.00000E-03  1.07304E+01
 -3.55785E+01  2.11385E-28  1.40684E+06  2.00000E-03  1.09568E+01
 -3.54850E+01  2.11280E-28  1.40638E+06  2.00000E-03  1.11498E+01
 -3.53914E+01  2.11266E-28  1.40631E+06  2.00000E-03  1.11767E+01
 -3.52978E+01  2.11266E-28  1.40631E+06  2.00000E-03  1.11767E+01
 -3.52042E+01  2.11266E-28  1.40631E+06  2.00000E-03  1.11767E+01
 -3.51106E+01  2.11266E-28  1.40631E+06  2.00000E-03  1.11767E+01
 -3.50171E+01  2.11266E-28  1.40631E+06  2.00000E-03  1.11767E+01
 -3.49235E+01  2.11266E-28  1.40631E+06  2.00000E-03  1.11767E+01
 -3.48299E+01  2.11357E-28  1.40672E+06  2.00000E-03  1.10905E+01
 -3.47363E+01  2.11423E-28  1.40701E+06  2.00000E-03  1.10291E+01
 -3.46427E+01  2.11441E-28  1.40709E+06  2.00000E-03  1.10468E+01
 -3.45492E+01  2.11405E-28  1.40692E+06  2.00000E-03  1.11795E+01
 -3.44556E+01  2.11201E-28  1.40602E+06  2.00000E-03  1.14167E+01
 -3.43620E+01  2.10731E-28  1.40395E+06  2.00000E-03  1.18706E+01
 -3.42684E+01  2.10821E-28  1.40435E+06  2.00000E-03  1.17302E+01
 -3.41749E+01  2.10855E-28  1.40450E+06  2.00000E-03  1.16818E+01
 -3.40813E+01  2.10855E-28  1.40450E+06  2.00000E-03  1.16818E+01
 -3.39877E+01  2.10855E-28  1.40450E+06  2.00000E-03  1.16818E+01
 -3.38941E+01  2.10855E-28  1.40450E+06  2.00000E-03  1.16818E+01
 -3.38005E+01  2.10855E-28  1.40450E+06  2.00000E-03  1.16818E+01
 -3.37070E+01  2.10858E-28  1.40451E+06  2.00000E-03  1.16953E+01
 -3.36134E+01  2.10882E-28  1.40461E+06  2.00000E-03  1.17952E+01
 -3.35198E+01  2.10890E-28  1.40464E+06  2.00000E-03  1.18252E+01
 -3.34262E+01  2.10890E-28  1.40464E+06  2.00000E-03  1.18252E+01
 -3.33326E+01  2.10890E-28  1.40464E+06  2.00000E-03  1.18252E+01
 -3.32391E+01  2.10860E-28  1.40451E+06  2.00000E-03  1.18679E+01
 -3.31455E+01  2.10726E-28  1.40393E+06  2.00000E-03  1.20583E+01
 -3.30519E+01  2.10599E-28  1.40339E+06  2.00000E-03  1.22385E+01
 -3.29583E+01  2.10599E-28  1.40339E+06  2.00000E-03  1.22385E+01
 -3.28647E+01  2.10599E-28  1.40339E+06  2.00000E-03  1.22385E+01
 -3.27712E+01  2.10636E-28  1.40355E+06  2.00000E-03  1.22299E+01
 -3.26776E+01  2.10891E-28  1.40468E+06  2.00000E-03  1.21704E+01
 -3.25840E+01  2.10903E-28  1.40473E+06  2.00000E-03  1.21676E+01
 -3.24904E+01  2.10903E-28  1.40473E+06  2.00000E-03  1.21676E+01
 -3.23968E+01  2.10903E-28  1.40473E+06  2.00000E-03  1.21676E+01
 -3.23033E+01  2.10903E-28  1.40473E+06  2.00000E-03  1.21676E+01
 -3.22097E+01  2.10903E-28  1.40473E+06  2.00000E-03  1.21676E+01
 -3.21161E+01  2.10903E-28  1.40473E+06  2.00000E-03  1.21676E+01
 -3.20225E+01  2.10903E-28  1.40473E+06  2.00000E-03  1.21676E+01
 -3.19289E+01  2.10915E-28  1.40478E+06  2.00000E-03  1.21949E+01
 -3.18354E+01  2.10997E-28  1.40515E+06  2.00000E-03  1.22573E+01
 -3.17418E+01  2.11200E-28  1.40605E+06  2.00000E-03  1.21331E+01
 -3.16482E+01  2.11327E-28  1.40661E+06  2.00000E-03  1.20577E+01
 -3.15546E+01  2.11327E-28  1.40661E+06  2.00000E-03  1.20577E+01
 -3.14610E+01  2.11327E-28  1.40661E+06  2.00000E-03  1.20577E+01
 -3.13675E+01  2.11340E-28  1.40667E+06  2.00000E-03  1.20478E+01
 -3.12739E+01  2.11731E-28  1.40840E+06  2.00000E-03  1.17765E+01
 -3.11803E+01  2.11869E-28  1.40902E+06  2.00000E-03  1.17520E+01
 -3.10867E+01  2.11926E-28  1.40928E+06  2.00000E-03  1.17629E+01
 -3.09931E+01  2.11926E-28  1.40928E+06  2.00000E-03  1.17629E+01
 -3.08996E+01  2.11929E-28  1.40929E+06  2.00000E-03  1.17614E+01
 -3.08060E+01  2.12266E-28  1.41078E+06  2.00000E-03  1.15258E+01
 -3.07124E+01  2.12334E-28  1.41108E+06  2.00000E-03  1.14784E+01
 -3.06188E+01  2.12365E-28  1.41122E+06  2.00000E-03  1.15189E+01
 -3.05252E+01  2.12407E-28  1.41141E+06  2.00000E-03  1.15725E+01
 -3.04317E+01  2.12415E-28  1.41145E+06  2.00000E-03  1.15825E+01
 -3.03381E+01  2.12555E-28  1.41206E+06  2.00000E-03  1.14609E+01
 -3.02445E+01  2.12600E-28  1.41226E+06  2.00000E-03  1.14217E+01
 -3.01509E+01  2.12600E-28  1.41226E+06  2.00000E-03  1.14218E+01
 -3.00573E+01  2.12594E-28  1.41223E+06  2.00000E-03  1.14510E+01
 -2.99638E+01  2.12570E-28  1.41213E+06  2.00000E-03  1.15633E+01
 -2.98702E+01  2.12561E-28  1.41209E+06  2.00000E-03  1.16310E+01
 -2.97766E+01  2.12563E-28  1.41210E+06  2.00000E-03  1.16274E+01
 -2.96830E+01  2.12567E-28  1.41211E+06  2.00000E-03  1.16195E+01
 -2.95894E+01  2.12569E-28  1.41212E+06  2.00000E-03  1.16149E+01
 -2.94959E+01  2.12569E-28  1.41212E+06  2.00000E-03  1.16153E+01
 -2.94023E+01  2.12577E-28  1.41215E+06  2.00000E-03  1.16244E+01
 -2.93087E+01  2.12566E-28  1.41211E+06  2.00000E-03  1.17201E+01
 -2.92151E+01  2.12508E-28  1.41186E+06  2.00000E-03  1.18900E+01
 -2.91215E+01  2.12506E-28  1.41184E+06  2.00000E-03  1.18970E+01
 -2.90280E+01  2.12506E-28  1.41184E+06  2.00000E-03  1.18970E+01
 -2.89344E+01  2.12554E-28  1.41206E+06  2.00000E-03  1.18756E+01
 -2.88408E+01  2.12585E-28  1.41220E+06  2.00000E-03  1.18617E+01
 -2.87472E+01  2.12561E-28  1.41208E+06  2.00000E-03  1.19811E+01
 -2.86536E+01  2.12512E-28  1.41185E+06  2.00000E-03  1.22281E+01
 -2.85601E+01  2.12493E-28  1.41176E+06  2.00000E-03  1.23256E+01
 -2.84665E+01  2.12566E-28  1.41208E+06  2.00000E-03  1.22874E+01
 -2.83729E+01  2.12631E-28  1.41237E+06  2.00000E-03  1.22529E+01
 -2.82793E+01  2.12631E-28  1.41237E+06  2.00000E-03  1.22529E+01
 -2.81857E+01  2.12631E-28  1.41237E+06  2.00000E-03  1.22529E+01
 -2.80922E+01  2.12619E-28  1.41236E+06  2.00000E-03  1.23730E+01
 -2.79986E+01  2.12646E-28  1.41259E+06  2.00000E-03  1.26043E+01
 -2.79050E+01  2.12676E-28  1.41277E+06  2.00000E-03  1.27282E+01
 -2.78114E+01  2.12676E-28  1.41277E+06  2.00000E-03  1.27282E+01
 -2.77178E+01  2.12676E-28  1.41277E+06  2.00000E-03  1.27282E+01
 -2.76243E+01  2.12682E-28  1.41280E+06  2.00000E-03  1.27209E+01
 -2.75307E+01  2.12743E-28  1.41304E+06  2.00000E-03  1.25811E+01
 -2.74371E+01  2.12708E-28  1.41270E+06  2.00000E-03  1.27829E+01
 -2.73435E+01  2.12468E-28  1.41156E+06  2.00000E-03  1.31957E+01
 -2.72499E+01  2.12408E-28  1.41127E+06  2.00000E-03  1.32739E+01
 -2.71564E+01  2.12424E-28  1.41133E+06  2.00000E-03  1.32730E+01
 -2.70628E+01  2.12400E-28  1.41129E+06  2.00000E-03  1.31665E+01
 -2.69692E+01  2.12369E-28  1.41120E+06  2.00000E-03  1.30912E+01
 -2.68756E+01  2.12271E-28  1.41081E+06  2.00000E-03  1.31146E+01
 -2.67820E+01  2.12120E-28  1.41014E+06  2.00000E-03  1.34858E+01
 -2.66885E+01  2.11893E-28  1.40913E+06  2.00000E-03  1.40518E+01
 -2.65949E+01  2.12035E-28  1.40977E+06  2.00000E-03  1.38735E+01
 -2.65013E+01  2.12149E-28  1.41027E+06  2.00000E-03  1.37309E+01
 -2.64077E+01  2.12149E-28  1.41027E+06  2.00000E-03  1.37309E+01
 -2.63141E+01  2.12149E-28  1.41027E+06  2.00000E-03  1.37309E+01
 -2.62206E+01  2.12127E-28  1.41017E+06  2.00000E-03  1.37872E+01
 -2.61270E+01  2.12171E-28  1.41036E+06  2.00000E-03  1.39198E+01
 -2.60334E+01  2.12255E-28  1.41072E+06  2.00000E-03  1.41092E+01
 -2.59398E+01  2.12253E-28  1.41072E+06  2.00000E-03  1.41159E+01
 -2.58462E+01  2.12253E-28  1.41072E+06  2.00000E-03  1.41159E+01
 -2.57527E+01  2.12253E-28  1.41072E+06  2.00000E-03  1.41159E+01
 -2.56591E+01  2.12397E-28  1.41136E+06  2.00000E-03  1.39315E+01
 -2.55655E+01  2.12518E-28  1.41190E+06  2.00000E-03  1.38942E+01
 -2.54719E+01  2.12449E-28  1.41159E+06  1.99999E-03  1.42106E+01
 -2.53783E+01  2.12391E-28  1.41133E+06  1.99999E-03  1.44798E+01
 -2.52848E+01  2.12391E-28  1.41133E+06  1.99999E-03  1.44798E+01
 -2.51912E+01  2.12374E-28  1.41126E+06  1.99999E-03  1.44278E+01
 -2.50976E+01  2.12352E-28  1.41117E+06  2.00000E-03  1.43623E+01
 -2.50040E+01  2.12298E-28  1.41094E+06  2.00000E-03  1.43453E+01
 -2.49104E+01  2.12145E-28  1.41028E+06  2.00000E-03  1.45486E+01
 -2.48169E+01  2.11883E-28  1.40916E+06  2.00000E-03  1.50478E+01
 -2.47233E+01  2.11505E-28  1.40751E+06  2.00000E-03  1.54247E+01
 -2.46297E+01  2.11205E-28  1.40618E+06  2.00000E-03  1.55644E+01
 -2.45361E+01  2.11185E-28  1.40609E+06  2.00000E-03  1.55651E+01
 -2.44425E+01  2.11151E-28  1.40593E+06  2.00000E-03  1.54568E+01
 -2.43490E+01  2.11148E-28  1.40592E+06  2.00000E-03  1.54451E+01
 -2.42554E+01  2.10492E-28  1.40302E+06  2.00000E-03  1.59533E+01
 -2.41618E+01  2.09618E-28  1.39915E+06  2.00000E-03  1.66651E+01
 -2.40682E+01  2.09366E-28  1.39804E+06  2.00000E-03  1.69143E+01
 -2.39746E+01  2.09366E-28  1.39804E+06  2.00000E-03  1.69143E+01
 -2.38811E+01  2.09366E-28  1.39804E+06  2.00000E-03  1.69143E+01
 -2.37875E+01  2.09218E-28  1.39738E+06  2.00000E-03  1.69447E+01
 -2.36939E+01  2.08977E-28  1.39631E+06  2.00000E-03  1.69938E+01
 -2.36003E+01  2.08629E-28  1.39474E+06  2.00000E-03  1.73212E+01
 -2.35067E+01  2.08136E-28  1.39250E+06  2.00000E-03  1.77069E+01
 -2.34132E+01  2.08133E-28  1.39248E+06  2.00000E-03  1.76725E+01
 -2.33196E+01  2.08040E-28  1.39205E+06  2.00000E-03  1.76858E+01
 -2.32260E+01  2.07896E-28  1.39142E+06  2.00000E-03  1.76916E+01
 -2.31324E+01  2.07821E-28  1.39110E+06  2.00000E-03  1.77190E+01
 -2.30388E+01  2.07822E-28  1.39110E+06  2.00000E-03  1.76416E+01
 -2.29453E+01  2.07736E-28  1.39074E+06  2.00000E-03  1.76425E+01
 -2.28517E+01  2.07668E-28  1.39043E+06  2.00000E-03  1.76154E+01
 -2.27581E+01  2.07698E-28  1.39052E+06  2.00000E-03  1.75245E+01
 -2.26645E+01  2.07676E-28  1.39045E+06  2.00000E-03  1.75100E+01
 -2.25709E+01  2.07652E-28  1.39042E+06  1.99999E-03  1.74498E+01
 -2.24774E+01  2.07634E-28  1.39036E+06  1.99999E-03  1.74464E+01
 -2.23838E+01  2.07656E-28  1.39048E+06  1.99999E-03  1.74397E+01
 -2.22902E+01  2.07609E-28  1.39040E+06  1.99996E-03  1.73714E+01
 -2.21966E+01  2.07564E-28  1.39019E+06  1.99997E-03  1.74174E+01
 -2.21030E+01  2.07628E-28  1.39062E+06  1.99994E-03  1.74040E+01
 -2.20095E+01  2.07577E-28  1.39046E+06  1.99995E-03  1.74664E+01
 -2.19159E+01  2.07537E-28  1.39058E+06  1.99993E-03  1.75378E+01
 -2.18223E+01  2.07621E-28  1.39157E+06  1.99987E-03  1.75974E+01
 -2.17287E+01  2.07609E-28  1.39171E+06  1.99984E-03  1.76349E+01
 -2.16351E+01  2.07723E-28  1.39269E+06  1.99972E-03  1.76920E+01
 -2.15416E+01  2.07820E-28  1.39316E+06  1.99959E-03  1.77749E+01
 -2.14480E+01  2.07906E-28  1.39335E+06  1.99955E-03  1.77654E+01
 -2.13544E+01  2.08509E-28  1.39425E+06  1.99915E-03  1.77847E+01
 -2.12608E+01  2.08704E-28  1.39482E+06  1.99922E-03  1.77015E+01
 -2.11672E+01  2.09220E-28  1.39667E+06  1.99920E-03  1.74774E+01
 -2.10737E+01  2.09531E-28  1.39727E+06  1.99901E-03  1.74386E+01
 -2.09801E+01  2.09854E-28  1.39782E+06  1.99881E-03  1.74722E+01
 -2.08865E+01  2.10403E-28  1.40120E+06  1.99904E-03  1.71616E+01
 -2.07929E+01  2.10326E-28  1.40262E+06  1.99947E-03  1.70514E+01
 -2.06994E+01  2.10705E-28  1.40408E+06  1.99941E-03  1.70060E+01
 -2.06058E+01  2.10943E-28  1.40497E+06  1.99936E-03  1.70333E+01
 -2.05122E+01  2.11013E-28  1.40532E+06  1.99937E-03  1.70013E+01
 -2.04186E+01  2.11355E-28  1.40710E+06  1.99942E-03  1.69324E+01
 -2.03250E+01  2.11305E-28  1.40693E+06  1.99941E-03  1.70453E+01
 -2.02315E+01  2.11472E-28  1.40810E+06  1.99953E-03  1.69488E+01
 -2.01379E+01  2.11564E-28  1.40906E+06  1.99975E-03  1.67361E+01
 -2.00443E+01  2.11451E-28  1.40862E+06  1.99977E-03  1.69226E+01
 -1.99507E+01  2.11707E-28  1.40977E+06  1.99986E-03  1.68533E+01
 -1.98571E+01  2.11718E-28  1.40979E+06  1.99986E-03  1.68451E+01
 -1.97636E+01  2.11863E-28  1.41033E+06  1.99992E-03  1.68047E+01
 -1.96700E+01  2.11896E-28  1.41043E+06  1.99993E-03  1.69046E+01
 -1.95764E+01  2.12015E-28  1.41056E+06  1.99997E-03  1.67493E+01
 -1.94828E+01  2.12252E-28  1.41130E+06  1.99999E-03  1.66165E+01
 -1.93892E+01  2.12138E-28  1.41066E+06  1.99999E-03  1.67451E+01
 -1.92957E+01  2.12314E-28  1.41129E+06  1.99999E-03  1.66726E+01
 -1.92021E+01  2.12476E-28  1.41195E+06  2.00000E-03  1.65788E+01
 -1.91085E+01  2.12361E-28  1.41158E+06  2.00000E-03  1.67102E+01
 -1.90149E+01  2.12484E-28  1.41214E+06  2.00000E-03  1.66951E+01
 -1.89213E+01  2.12474E-28  1.41213E+06  2.00000E-03  1.66040E+01
 -1.88278E+01  2.12510E-28  1.41197E+06  2.00000E-03  1.65652E+01
 -1.87342E+01  2.12576E-28  1.41155E+06  2.00000E-03  1.65141E+01
 -1.86406E+01  2.12583E-28  1.41137E+06  2.00000E-03  1.65180E+01
 -1.85470E+01  2.12658E-28  1.41196E+06  2.00000E-03  1.64086E+01
 -1.84534E+01  2.12485E-28  1.41196E+06  1.99999E-03  1.65617E+01
 -1.83599E+01  2.12449E-28  1.41243E+06  1.99999E-03  1.64955E+01
 -1.82663E+01  2.12608E-28  1.41285E+06  1.99999E-03  1.63082E+01
 -1.81727E+01  2.12358E-28  1.41437E+06  1.99986E-03  1.65696E+01
 -1.80791E+01  2.12292E-28  1.41641E+06  1.99979E-03  1.66812E+01
 -1.79855E+01  2.12290E-28  1.41692E+06  1.99979E-03  1.66917E+01
 -1.78920E+01  2.12603E-28  1.41740E+06  1.99971E-03  1.65530E+01
 -1.77984E+01  2.12889E-28  1.41780E+06  1.99911E-03  1.67206E+01
 -1.77048E+01  2.13238E-28  1.41860E+06  1.99854E-03  1.64017E+01
 -1.76112E+01  2.13509E-28  1.42000E+06  1.99867E-03  1.64362E+01
 -1.75176E+01  2.14190E-28  1.41713E+06  1.99735E-03  1.64443E+01
 -1.74241E+01  2.14978E-28  1.41337E+06  1.99573E-03  1.70812E+01
 -1.73305E+01  2.14524E-28  1.41618E+06  1.99674E-03  1.73821E+01
 -1.72369E+01  2.15244E-28  1.41002E+06  1.99471E-03  1.80730E+01
 -1.71433E+01  2.15275E-28  1.40386E+06  1.99281E-03  2.05318E+01
 -1.70497E+01  2.15111E-28  1.40282E+06  1.99243E-03  2.14781E+01
 -1.69562E+01  2.14653E-28  1.40451E+06  1.99348E-03  2.17057E+01
 -1.68626E+01  2.15165E-28  1.39046E+06  1.98782E-03  2.43239E+01
 -1.67690E+01  2.15501E-28  1.38528E+06  1.98581E-03  2.49987E+01
 -1.66754E+01  2.15158E-28  1.39007E+06  1.98859E-03  2.40520E+01
 -1.65818E+01  2.16442E-28  1.38091E+06  1.98472E-03  2.41304E+01
 -1.64883E+01  2.17981E-28  1.36932E+06  1.98078E-03  2.33677E+01
 -1.63947E+01  2.18091E-28  1.36914E+06  1.98167E-03  2.23798E+01
 -1.63011E+01  2.19002E-28  1.36453E+06  1.97789E-03  2.18171E+01
 -1.62075E+01  2.19291E-28  1.36898E+06  1.97672E-03  2.07677E+01
 -1.61139E+01  2.20609E-28  1.36551E+06  1.97388E-03  2.07218E+01
 -1.60204E+01  2.20758E-28  1.36484E+06  1.97221E-03  2.07251E+01
 -1.59268E+01  2.29303E-28  1.30466E+06  1.92746E-03  2.07489E+01
 -1.58332E+01  2.40282E-28  1.23187E+06  1.87327E-03  2.13455E+01
 -1.57396E+01  2.52520E-28  1.16328E+06  1.82977E-03  2.20794E+01
 -1.56460E+01  2.53716E-28  1.15410E+06  1.82507E-03  2.28594E+01
 -1.55525E+01  2.52298E-28  1.14869E+06  1.82651E-03  2.55543E+01
 -1.54589E+01  2.41869E-28  1.19512E+06  1.84504E-03  2.84959E+01
 -1.53653E+01  2.33184E-28  1.23915E+06  1.86837E-03  2.96243E+01
 -1.52717E+01  2.33039E-28  1.24031E+06  1.88525E-03  2.74410E+01
 -1.51781E+01  2.39400E-28  1.21404E+06  1.88214E-03  2.30851E+01
 -1.50846E+01  2.25230E-28  1.30737E+06  1.93775E-03  2.27800E+01
 -1.49910E+01  2.15082E-28  1.38846E+06  1.98551E-03  2.17812E+01
 -1.48974E+01  2.13930E-28  1.40410E+06  1.99257E-03  1.99121E+01
 -1.48038E+01  2.13440E-28  1.41640E+06  1.99767E-03  1.75620E+01
 -1.47102E+01  2.13715E-28  1.42002E+06  1.99921E-03  1.59065E+01
 -1.46167E+01  2.14275E-28  1.42178E+06  1.99976E-03  1.40303E+01
 -1.45231E+01  2.14637E-28  1.42288E+06  1.99993E-03  1.27743E+01
 -1.44295E+01  2.14946E-28  1.42294E+06  1.99996E-03  1.22621E+01
 -1.43359E+01  2.15316E-28  1.42434E+06  1.99999E-03  1.14484E+01
 -1.42423E+01  2.15427E-28  1.42514E+06  2.00000E-03  1.09166E+01
 -1.41488E+01  2.15760E-28  1.42674E+06  2.00000E-03  9.70910E+00
 -1.40552E+01  2.15968E-28  1.42819E+06  1.99998E-03  8.34920E+00
 -1.39616E+01  2.16316E-28  1.42977E+06  1.99987E-03  7.23408E+00
 -1.38680E+01  2.17409E-28  1.43160E+06  1.99864E-03  5.15723E+00
 -1.37744E+01  2.20004E-28  1.42310E+06  1.99331E-03  1.32666E+00
 -1.36809E+01  2.41707E-28  1.31224E+06  1.94773E-03 -7.93891E+00
 -1.35873E+01  4.88787E-28  6.55116E+05  1.64015E-03 -2.63186E+01
 -1.34937E+01  1.66491E-27  1.88711E+05  1.40785E-03 -4.04253E+01
 -1.34001E+01  6.38341E-27  3.82028E+04  1.33238E-03 -5.74039E+01
 -1.33065E+01  4.90589E-27  4.10230E+04  1.34142E-03 -6.21750E+01
 -1.32130E+01  2.02823E-27  9.00518E+04  1.39109E-03 -7.33792E+01
 -1.31194E+01  9.90939E-28  1.79130E+05  1.44563E-03 -8.08244E+01
 -1.30258E+01  6.41257E-28  2.88825E+05  1.49303E-03 -8.11508E+01
 -1.29322E+01  3.74810E-28  5.58218E+05  1.62873E-03 -8.18595E+01
 -1.28386E+01  3.32522E-28  6.84728E+05  1.68463E-03 -7.42388E+01
 -1.27451E+01  2.95147E-28  8.20715E+05  1.73025E-03 -6.26059E+01
 -1.26515E+01  3.71345E-28  6.79322E+05  1.62100E-03 -5.36609E+01
 -1.25579E+01  6.17486E-28  4.18429E+05  1.48640E-03 -5.34251E+01
 -1.24643E+01  1.10057E-27  2.37476E+05  1.42201E-03 -5.45665E+01
 -1.23707E+01  1.64618E-27  1.59207E+05  1.39448E-03 -5.58976E+01
 -1.22772E+01  1.60375E-27  1.62875E+05  1.39491E-03 -5.51666E+01
 -1.21836E+01  1.37708E-27  1.88606E+05  1.40395E-03 -5.34058E+01
 -1.20900E+01  1.14328E-27  2.30295E+05  1.42047E-03 -4.90343E+01
 -1.19964E+01  9.61637E-28  2.77457E+05  1.43445E-03 -4.24867E+01
 -1.19028E+01  9.11522E-28  2.93559E+05  1.42963E-03 -3.63499E+01
 -1.18093E+01  8.97498E-28  2.91188E+05  1.42298E-03 -2.86963E+01
 -1.17157E+01  8.34057E-28  2.98902E+05  1.42530E-03 -2.07440E+01
 -1.16221E+01  7.86166E-28  2.93424E+05  1.41470E-03 -1.29433E+01
 -1.15285E+01  8.04567E-28  2.85434E+05  1.40750E-03 -9.37160E+00
 -1.14349E+01  7.65687E-28  3.05730E+05  1.42453E-03 -8.16105E+00
 -1.13414E+01  7.36068E-28  3.23319E+05  1.43322E-03 -6.80507E+00
 -1.12478E+01  7.22188E-28  3.36840E+05  1.44062E-03 -7.50598E+00
 -1.11542E+01  6.93694E-28  3.63787E+05  1.45461E-03 -1.17737E+01
 -1.10606E+01  6.71083E-28  3.73730E+05  1.45889E-03 -1.42818E+01
 -1.09670E+01  6.78851E-28  3.69575E+05  1.45535E-03 -2.07133E+01
 -1.08735E+01  6.85805E-28  3.57206E+05  1.45042E-03 -2.87386E+01
 -1.07799E+01  6.73982E-28  3.52513E+05  1.45618E-03 -2.96154E+01
 -1.06863E+01  6.72729E-28  3.47022E+05  1.46812E-03 -2.19082E+01
 -1.05927E+01  6.65013E-28  3.52763E+05  1.47621E-03 -1.79786E+01
 -1.04991E+01  5.55922E-28  4.35327E+05  1.51863E-03 -2.17125E+01
 -1.04056E+01  4.22441E-28  5.88842E+05  1.59495E-03 -3.27044E+01
 -1.03120E+01  3.62935E-28  6.97650E+05  1.64061E-03 -4.64509E+01
 -1.02184E+01  3.68442E-28  6.98486E+05  1.62984E-03 -5.32538E+01
 -1.01248E+01  4.09859E-28  6.40078E+05  1.59147E-03 -5.44856E+01
 -1.00312E+01  4.36003E-28  6.18625E+05  1.57287E-03 -5.15374E+01
 -9.93767E+00  4.49465E-28  6.10738E+05  1.56498E-03 -4.93565E+01
 -9.84409E+00  4.55648E-28  6.12861E+05  1.56572E-03 -4.75613E+01
 -9.75051E+00  4.48709E-28  6.34774E+05  1.57905E-03 -4.42534E+01
 -9.65693E+00  4.41681E-28  6.52209E+05  1.58604E-03 -4.17502E+01
 -9.56335E+00  4.30899E-28  6.78826E+05  1.59448E-03 -3.73993E+01
 -9.46977E+00  4.29752E-28  6.85690E+05  1.59505E-03 -3.40234E+01
 -9.37619E+00  4.29305E-28  6.92631E+05  1.59344E-03 -2.93341E+01
 -9.28261E+00  4.20636E-28  7.10728E+05  1.59989E-03 -2.71085E+01
 -9.18903E+00  3.66631E-28  8.19915E+05  1.65745E-03 -2.55378E+01
 -9.09545E+00  2.90889E-28  1.03716E+06  1.77794E-03 -2.21823E+01
 -9.00187E+00  2.56250E-28  1.18197E+06  1.85943E-03 -1.97145E+01
 -8.90829E+00  2.30243E-28  1.32309E+06  1.93988E-03 -1.71350E+01
 -8.81471E+00  2.21720E-28  1.38434E+06  1.97185E-03 -1.69590E+01
 -8.72113E+00  2.19287E-28  1.41115E+06  1.98302E-03 -1.77238E+01
 -8.62755E+00  2.19305E-28  1.42450E+06  1.98541E-03 -2.02927E+01
 -8.53397E+00  2.21712E-28  1.42211E+06  1.97547E-03 -2.55032E+01
 -8.44039E+00  2.27433E-28  1.39928E+06  1.95681E-03 -3.12248E+01
 -8.34681E+00  2.38873E-28  1.34364E+06  1.92561E-03 -3.60344E+01
 -8.25323E+00  2.68754E-28  1.20175E+06  1.84901E-03 -3.88538E+01
 -8.15965E+00  3.60932E-28  8.99194E+05  1.71608E-03 -4.27962E+01
 -8.06607E+00  4.57775E-28  7.11590E+05  1.64575E-03 -4.45263E+01
 -7.97249E+00  5.92017E-28  5.48986E+05  1.60323E-03 -4.79946E+01
 -7.87891E+00  5.43259E-28  5.95483E+05  1.63751E-03 -5.08066E+01
 -7.78533E+00  4.67370E-28  6.87583E+05  1.67560E-03 -5.43320E+01
 -7.69175E+00  4.52630E-28  7.05576E+05  1.66229E-03 -5.75669E+01
 -7.59817E+00  5.02549E-28  6.29554E+05  1.60662E-03 -6.05690E+01
 -7.50459E+00  5.40169E-28  5.78285E+05  1.57268E-03 -6.35502E+01
 -7.41101E+00  5.14114E-28  6.01702E+05  1.58168E-03 -6.59100E+01
 -7.31743E+00  4.78958E-28  6.41973E+05  1.60009E-03 -6.83543E+01
 -7.22385E+00  4.66223E-28  6.58649E+05  1.60942E-03 -6.98197E+01
 -7.13027E+00  4.75476E-28  6.47345E+05  1.60625E-03 -6.97265E+01
 -7.03669E+00  4.77910E-28  6.45681E+05  1.60732E-03 -6.87387E+01
 -6.94311E+00  4.84533E-28  6.38145E+05  1.60514E-03 -6.72499E+01
 -6.84953E+00  5.02410E-28  6.17339E+05  1.59595E-03 -6.49103E+01
 -6.75595E+00  5.04002E-28  6.16778E+05  1.59584E-03 -6.30436E+01
 -6.66237E+00  4.90221E-28  6.35800E+05  1.60500E-03 -6.15780E+01
 -6.56879E+00  5.05837E-28  6.19568E+05  1.59724E-03 -5.87918E+01
 -6.47521E+00  5.06209E-28  6.22435E+05  1.59888E-03 -5.65234E+01
 -6.38163E+00  5.15311E-28  6.15168E+05  1.59574E-03 -5.39559E+01
 -6.28805E+00  5.41347E-28  5.88951E+05  1.58266E-03 -5.09392E+01
 -6.19447E+00  5.75736E-28  5.56562E+05  1.56565E-03 -4.78211E+01
 -6.10089E+00  6.04738E-28  5.31455E+05  1.55346E-03 -4.49929E+01
 -6.00731E+00  6.46560E-28  4.97486E+05  1.53573E-03 -4.17006E+01
 -5.91373E+00  6.77581E-28  4.73257E+05  1.52229E-03 -3.87835E+01
 -5.82015E+00  6.94917E-28  4.59049E+05  1.51364E-03 -3.62364E+01
 -5.72657E+00  6.86182E-28  4.61303E+05  1.51255E-03 -3.38663E+01
 -5.63299E+00  6.67878E-28  4.70018E+05  1.51588E-03 -3.14368E+01
 -5.53941E+00  6.35710E-28  4.89510E+05  1.52815E-03 -2.91985E+01
 -5.44583E+00  5.56090E-28  5.55011E+05  1.56393E-03 -2.62102E+01
 -5.35225E+00  4.22228E-28  7.26881E+05  1.64561E-03 -2.25455E+01
 -5.25868E+00  2.86017E-28  1.07017E+06  1.80568E-03 -1.89492E+01
 -5.16509E+00  2.42080E-28  1.26192E+06  1.90274E-03 -1.78302E+01
 -5.07152E+00  2.36086E-28  1.29107E+06  1.91902E-03 -1.80193E+01
 -4.97794E+00  2.38208E-28  1.27445E+06  1.90338E-03 -1.85728E+01
 -4.88436E+00  2.47753E-28  1.21961E+06  1.86703E-03 -1.95043E+01
 -4.79078E+00  2.68284E-28  1.11988E+06  1.81263E-03 -2.10502E+01
 -4.69720E+00  2.87817E-28  1.03610E+06  1.77382E-03 -2.24396E+01
 -4.60362E+00  2.81363E-28  1.04958E+06  1.78275E-03 -2.25990E+01
 -4.51004E+00  2.66742E-28  1.09783E+06  1.79743E-03 -2.17766E+01
 -4.41646E+00  2.58141E-28  1.12760E+06  1.80724E-03 -2.14562E+01
 -4.32288E+00  2.49731E-28  1.16410E+06  1.83410E-03 -2.02755E+01
 -4.22930E+00  2.38528E-28  1.21815E+06  1.87565E-03 -2.06777E+01
 -4.13572E+00  2.32493E-28  1.25218E+06  1.90553E-03 -2.46595E+01
 -4.04214E+00  3.32027E-28  8.77456E+05  1.67781E-03 -3.82045E+01
 -3.94856E+00  2.20998E-27  1.25829E+05  1.21985E-03 -6.24650E+01
 -3.85498E+00  9.52245E-27  2.43756E+04  1.16851E-03 -7.33765E+01
 -3.76140E+00  1.24996E-26  1.63867E+04  1.17324E-03 -7.70266E+01
 -3.66782E+00  1.22258E-26  1.59422E+04  1.18958E-03 -7.59173E+01
 -3.57424E+00  1.07356E-26  1.55341E+04  1.19373E-03 -7.35795E+01
 -3.48066E+00  6.81280E-27  1.85878E+04  1.18512E-03 -7.09601E+01
 -3.38708E+00  3.47406E-27  3.67131E+04  1.20152E-03 -6.76010E+01
 -3.29350E+00  2.44984E-27  6.52567E+04  1.24767E-03 -6.86989E+01
 -3.19992E+00  1.23976E-27  1.53428E+05  1.28760E-03 -6.61632E+01
 -3.10634E+00  5.76332E-28  3.62408E+05  1.39193E-03 -3.95286E+01
 -3.01276E+00  4.50612E-28  4.79092E+05  1.48765E-03 -1.38454E+01
 -2.91918E+00  4.13413E-28  5.06528E+05  1.52697E-03 -2.75992E+00
 -2.82560E+00  4.53997E-28  4.37272E+05  1.46237E-03 -3.76574E+00
 -2.73202E+00  7.72189E-28  2.34317E+05  1.30404E-03 -1.82310E+01
 -2.63844E+00  1.69638E-27  7.61504E+04  1.19502E-03 -3.42165E+01
 -2.54486E+00  1.75477E-27  4.23552E+04  1.17339E-03 -3.54592E+01
 -2.45128E+00  1.04882E-27  6.73683E+04  1.19125E-03 -2.67322E+01
 -2.35770E+00  5.56251E-28  2.27320E+05  1.29573E-03 -2.04664E+01
 -2.26412E+00  3.53868E-28  5.23967E+05  1.52803E-03 -1.79426E+01
 -2.17054E+00  1.72141E-27  1.27233E+05  1.28875E-03 -6.33290E+01
 -2.07696E+00  7.41583E-27  2.71641E+04  1.18483E-03 -7.60492E+01
 -1.98338E+00  1.06755E-26  1.64634E+04  1.15762E-03 -7.98613E+01
 -1.88980E+00  1.23796E-26  1.45340E+04  1.15192E-03 -7.99285E+01
 -1.79622E+00  1.51161E-26  1.36705E+04  1.14676E-03 -8.07371E+01
 -1.70264E+00  1.67111E-26  1.37856E+04  1.15027E-03 -8.04972E+01
 -1.60906E+00  1.84395E-26  1.39340E+04  1.14872E-03 -7.89562E+01
 -1.51548E+00  1.94983E-26  1.39238E+04  1.14004E-03 -7.75794E+01
 -1.42190E+00  1.84759E-26  1.38777E+04  1.13897E-03 -7.70153E+01
 -1.32832E+00  1.64921E-26  1.38700E+04  1.13847E-03 -7.74089E+01
 -1.23474E+00  1.51927E-26  1.38559E+04  1.13112E-03 -7.76978E+01
 -1.14116E+00  1.50259E-26  1.37726E+04  1.12262E-03 -7.70834E+01
 -1.04758E+00  1.52427E-26  1.37767E+04  1.12368E-03 -7.65706E+01
 -9.54002E-01  1.41257E-26  1.40201E+04  1.14291E-03 -7.95222E+01
 -8.60422E-01  1.21787E-26  1.44890E+04  1.16993E-03 -8.25116E+01
 -7.66842E-01  1.43748E-26  1.68684E+04  1.18803E-03 -8.41680E+01
 -6.73262E-01  1.55131E-26  2.38921E+04  1.18904E-03 -8.60039E+01
 -5.79682E-01  1.66531E-26  2.72886E+04  1.17311E-03 -8.32753E+01
 -4.86102E-01  1.80979E-26  2.67362E+04  1.16049E-03 -7.94940E+01
 -3.92522E-01  2.04197E-26  2.32642E+04  1.14737E-03 -7.63996E+01
 -2.98943E-01  2.23779E-26  2.06462E+04  1.14647E-03 -7.41050E+01
 -2.05363E-01  2.20692E-26  1.99785E+04  1.15263E-03 -7.19056E+01
 -1.11783E-01  1.94381E-26  2.13485E+04  1.15640E-03 -7.14496E+01
 -1.82031E-02  1.14404E-26  3.10477E+04  1.17472E-03 -7.25870E+01
  7.53768E-02  4.14178E-27  8.41291E+04  1.31056E-03 -7.47188E+01
  1.68957E-01  2.14342E-27  1.68815E+05  1.47019E-03 -8.52527E+01
  2.62536E-01  1.07984E-27  3.00772E+05  1.53660E-03 -1.01786E+02
  3.56116E-01  8.30248E-28  3.52871E+05  1.54176E-03 -1.11775E+02
  4.49696E-01  7.93552E-28  3.41931E+05  1.53685E-03 -1.15286E+02
  5.43276E-01  7.34840E-28  3.56028E+05  1.54047E-03 -1.17697E+02
  6.36856E-01  7.15020E-28  3.66463E+05  1.54268E-03 -1.15239E+02
  7.30436E-01  7.22335E-28  3.70460E+05  1.54088E-03 -1.09059E+02
  8.24016E-01  7.12515E-28  3.83892E+05  1.53899E-03 -1.02931E+02
  9.17596E-01  6.93126E-28  3.98399E+05  1.53545E-03 -9.83404E+01
  1.01118E+00  6.60233E-28  4.15334E+05  1.53285E-03 -9.43681E+01
  1.10476E+00  6.84046E-28  3.94404E+05  1.51641E-03 -9.12898E+01
  1.19834E+00  7.74887E-28  3.40754E+05  1.49055E-03 -8.85713E+01
  1.29191E+00  8.84562E-28  2.94124E+05  1.47002E-03 -8.51454E+01
  1.38549E+00  9.83702E-28  2.61675E+05  1.45028E-03 -8.04495E+01
  1.47907E+00  9.80735E-28  2.60486E+05  1.44621E-03 -7.62690E+01
  1.57265E+00  8.91411E-28  2.85936E+05  1.45672E-03 -7.28227E+01
  1.66623E+00  7.95840E-28  3.21904E+05  1.47337E-03 -7.20537E+01
  1.75981E+00  7.79910E-28  3.32402E+05  1.47786E-03 -7.27997E+01
  1.85339E+00  1.05265E-27  2.49426E+05  1.44636E-03 -7.50784E+01
  1.94697E+00  1.37223E-27  1.93136E+05  1.42700E-03 -7.72703E+01
  2.04055E+00  1.03524E-27  2.58205E+05  1.47017E-03 -7.99759E+01
  2.13413E+00  6.42038E-28  4.17570E+05  1.53659E-03 -8.32836E+01
  2.22771E+00  5.50527E-28  4.87917E+05  1.54985E-03 -8.45512E+01
  2.32129E+00  4.49429E-28  5.98506E+05  1.61131E-03 -8.28747E+01
  2.41487E+00  3.74297E-28  7.21425E+05  1.67286E-03 -8.25153E+01
  2.50845E+00  3.87448E-28  6.97134E+05  1.64967E-03 -8.42400E+01
  2.60203E+00  4.03884E-28  6.67846E+05  1.62668E-03 -8.45183E+01
  2.69561E+00  4.03744E-28  6.65765E+05  1.62425E-03 -8.39795E+01
  2.78919E+00  4.04567E-28  6.58888E+05  1.62316E-03 -8.42291E+01
  2.88277E+00  4.06959E-28  6.46655E+05  1.62035E-03 -8.47183E+01
  2.97635E+00  4.04436E-28  6.43508E+05  1.62285E-03 -8.85752E+01
  3.06993E+00  4.00051E-28  6.48192E+05  1.62886E-03 -9.35955E+01
  3.16351E+00  4.00142E-28  6.53044E+05  1.63452E-03 -9.57794E+01
  3.25709E+00  3.96907E-28  6.69427E+05  1.64580E-03 -9.61740E+01
  3.35067E+00  3.80435E-28  7.09916E+05  1.66805E-03 -9.65654E+01
  3.44425E+00  3.48254E-28  7.88492E+05  1.70684E-03 -9.63081E+01
  3.53783E+00  3.33719E-28  8.32512E+05  1.72862E-03 -9.47786E+01
  3.63141E+00  4.74878E-28  5.80158E+05  1.58536E-03 -8.97034E+01
  3.72499E+00  1.12123E-27  2.40146E+05  1.38446E-03 -8.48653E+01
  3.81857E+00  2.93059E-27  8.78102E+04  1.29220E-03 -8.39639E+01
  3.91215E+00  5.24557E-27  4.53645E+04  1.26560E-03 -8.36769E+01
  4.00573E+00  6.01516E-27  3.75345E+04  1.26037E-03 -8.26788E+01
  4.09931E+00  4.86058E-27  4.66068E+04  1.26777E-03 -8.10496E+01
  4.19289E+00  3.86808E-27  5.94008E+04  1.28048E-03 -7.90518E+01
  4.28647E+00  3.13961E-27  7.31639E+04  1.29005E-03 -7.63387E+01
  4.38005E+00  2.52160E-27  9.41469E+04  1.30179E-03 -7.25063E+01
  4.47363E+00  2.07897E-27  1.16797E+05  1.31484E-03 -6.81477E+01
  4.56721E+00  1.78580E-27  1.33908E+05  1.32321E-03 -6.38932E+01
  4.66079E+00  2.77251E-27  7.91504E+04  1.31056E-03 -6.58556E+01
  4.75437E+00  8.90100E-27  2.14969E+04  1.28068E-03 -6.90262E+01
  4.84795E+00  1.36840E-26  1.60175E+04  1.26278E-03 -6.75343E+01
  4.94153E+00  1.28666E-26  1.78347E+04  1.25824E-03 -6.57788E+01
  5.03511E+00  1.40253E-26  1.58491E+04  1.25274E-03 -6.83750E+01
  5.12869E+00  1.62015E-26  1.41797E+04  1.23532E-03 -7.37942E+01
  5.22227E+00  1.60962E-26  1.38025E+04  1.22314E-03 -7.57739E+01
  5.31585E+00  1.48168E-26  1.38336E+04  1.21861E-03 -7.72365E+01
  5.40943E+00  1.31271E-26  1.40380E+04  1.22860E-03 -7.84608E+01
  5.50301E+00  1.24684E-26  1.41659E+04  1.24629E-03 -8.10899E+01
  5.59659E+00  1.40885E-26  1.41353E+04  1.26007E-03 -8.34719E+01
  5.69017E+00  1.67319E-26  1.41422E+04  1.26682E-03 -8.24779E+01
  5.78375E+00  2.04775E-26  1.41913E+04  1.27341E-03 -8.02936E+01
  5.87733E+00  2.12953E-26  1.44837E+04  1.27706E-03 -8.01338E+01
  5.97091E+00  2.19678E-26  1.41859E+04  1.27333E-03 -7.93598E+01
  6.06449E+00  2.12321E-26  1.39444E+04  1.26868E-03 -7.77132E+01
  6.15807E+00  2.10241E-26  1.37410E+04  1.25851E-03 -7.47273E+01
  6.25165E+00  2.03038E-26  1.37443E+04  1.25554E-03 -7.28911E+01
  6.34523E+00  1.98152E-26  1.37726E+04  1.25610E-03 -7.06472E+01
  6.43881E+00  1.86675E-26  1.39946E+04  1.25521E-03 -6.86745E+01
  6.53239E+00  1.75121E-26  1.43822E+04  1.25021E-03 -6.63496E+01
  6.62597E+00  1.61888E-26  1.42894E+04  1.24383E-03 -6.45867E+01
  6.71955E+00  1.50977E-26  1.45514E+04  1.23518E-03 -6.39514E+01
  6.81313E+00  1.44531E-26  1.39480E+04  1.23295E-03 -6.41398E+01
  6.90671E+00  1.26468E-26  1.37791E+04  1.23598E-03 -6.31807E+01
  7.00029E+00  1.14938E-26  1.39465E+04  1.23874E-03 -6.39045E+01
  7.09387E+00  1.05376E-26  1.41343E+04  1.24219E-03 -6.62878E+01
  7.18745E+00  9.85713E-27  1.42470E+04  1.24297E-03 -6.86856E+01
  7.28103E+00  1.01626E-26  1.43759E+04  1.25125E-03 -7.14093E+01
  7.37461E+00  1.08105E-26  1.44971E+04  1.25954E-03 -7.35129E+01
  7.46819E+00  1.05374E-26  1.46439E+04  1.26610E-03 -7.40805E+01
  7.56177E+00  9.96990E-27  1.47435E+04  1.26840E-03 -7.42866E+01
  7.65534E+00  9.14727E-27  1.47079E+04  1.26805E-03 -7.46429E+01
  7.74892E+00  8.60999E-27  1.45482E+04  1.26458E-03 -7.41419E+01
  7.84250E+00  8.55067E-27  1.42947E+04  1.25906E-03 -7.30222E+01
  7.93608E+00  8.77287E-27  1.40962E+04  1.25094E-03 -7.06923E+01
  8.02966E+00  9.05578E-27  1.41156E+04  1.24485E-03 -6.88891E+01
  8.12324E+00  9.40646E-27  1.41040E+04  1.23802E-03 -6.73291E+01
  8.21682E+00  9.59736E-27  1.41785E+04  1.23205E-03 -6.63446E+01
  8.31040E+00  9.78835E-27  1.43111E+04  1.22799E-03 -6.58456E+01
  8.40398E+00  9.96176E-27  1.43743E+04  1.22507E-03 -6.60147E+01
  8.49756E+00  1.01542E-26  1.44886E+04  1.22397E-03 -6.64851E+01
  8.59114E+00  1.04318E-26  1.45551E+04  1.22385E-03 -6.65119E+01
  8.68472E+00  1.00616E-26  1.44973E+04  1.22334E-03 -6.59989E+01
  8.77830E+00  1.01305E-26  1.44017E+04  1.22243E-03 -6.53507E+01
  8.87188E+00  1.01061E-26  1.43856E+04  1.22252E-03 -6.47265E+01
  8.96546E+00  9.93354E-27  1.43679E+04  1.22238E-03 -6.35312E+01
  9.05904E+00  9.82211E-27  1.43421E+04  1.22205E-03 -6.26370E+01
  9.15262E+00  9.75733E-27  1.42989E+04  1.22023E-03 -6.09857E+01
  9.24620E+00  1.00722E-26  1.43154E+04  1.21967E-03 -5.90692E+01
  9.33978E+00  1.01466E-26  1.43142E+04  1.21810E-03 -5.80697E+01
  9.43336E+00  1.05307E-26  1.42644E+04  1.21541E-03 -5.70864E+01
  9.52694E+00  1.10636E-26  1.42395E+04  1.21332E-03 -5.66852E+01
  9.62052E+00  1.21228E-26  1.41384E+04  1.21249E-03 -5.77378E+01
  9.71410E+00  1.26089E-26  1.41522E+04  1.21398E-03 -5.80270E+01
  9.80768E+00  1.32490E-26  1.49163E+04  1.22352E-03 -5.92750E+01
  9.90126E+00  1.24653E-26  1.72402E+04  1.23003E-03 -5.94490E+01
  9.99484E+00  1.33526E-26  1.64710E+04  1.22350E-03 -5.82809E+01
  1.00884E+01  1.44461E-26  1.59942E+04  1.21805E-03 -5.74116E+01
  1.01820E+01  1.59518E-26  1.51207E+04  1.21544E-03 -5.65784E+01
  1.02756E+01  1.75931E-26  1.42993E+04  1.21308E-03 -5.58564E+01
  1.03692E+01  1.69475E-26  1.52946E+04  1.22669E-03 -5.39798E+01
  1.04627E+01  1.81444E-26  1.45680E+04  1.22746E-03 -5.37775E+01
  1.05563E+01  1.71770E-26  1.50379E+04  1.23281E-03 -5.30379E+01
  1.06499E+01  1.42141E-26  1.77221E+04  1.24095E-03 -5.27835E+01
  1.07435E+01  9.39431E-27  2.74107E+04  1.25127E-03 -5.26017E+01
  1.08371E+01  4.34895E-27  6.06800E+04  1.29204E-03 -5.13129E+01
  1.09306E+01  5.60949E-28  4.97434E+05  1.58398E-03 -3.48811E+01
  1.10242E+01  3.16231E-28  9.12753E+05  1.69747E-03 -2.65020E+01
  1.11178E+01  4.33963E-28  6.68674E+05  1.53032E-03 -3.19316E+01
  1.12114E+01  8.69706E-28  3.33443E+05  1.39772E-03 -3.77716E+01
  1.13050E+01  7.36028E-28  3.99271E+05  1.44120E-03 -3.69027E+01
  1.13985E+01  9.94171E-28  3.01558E+05  1.40608E-03 -3.92801E+01
  1.14921E+01  4.57395E-28  6.67141E+05  1.60079E-03 -3.12119E+01
  1.15857E+01  2.86365E-28  1.07105E+06  1.81133E-03 -2.16209E+01
  1.16793E+01  2.24212E-28  1.37744E+06  1.96509E-03 -1.67377E+01
  1.17729E+01  2.17536E-28  1.42972E+06  1.99330E-03 -1.79768E+01
  1.18664E+01  2.23642E-28  1.39704E+06  1.97977E-03 -1.87336E+01
  1.19600E+01  2.40466E-28  1.30106E+06  1.93687E-03 -1.89065E+01
  1.20536E+01  3.03291E-28  1.03099E+06  1.80769E-03 -2.17855E+01
  1.21472E+01  5.57785E-28  5.47090E+05  1.60180E-03 -2.41197E+01
  1.22408E+01  7.89960E-28  3.81076E+05  1.53011E-03 -2.74935E+01
  1.23343E+01  8.17822E-28  3.68363E+05  1.53050E-03 -2.91340E+01
  1.24279E+01  8.06894E-28  3.72694E+05  1.52227E-03 -2.81808E+01
  1.25215E+01  8.81258E-28  3.40568E+05  1.50324E-03 -2.32305E+01
  1.26151E+01  8.72370E-28  3.44279E+05  1.50451E-03 -2.11605E+01
  1.27087E+01  6.25878E-28  4.91649E+05  1.56950E-03 -2.10438E+01
  1.28022E+01  3.50860E-28  8.96362E+05  1.73806E-03 -2.27858E+01
  1.28958E+01  4.19537E-28  7.50983E+05  1.58372E-03 -2.67938E+01
  1.29894E+01  7.30370E-28  4.33828E+05  1.42022E-03 -2.69800E+01
  1.30830E+01  3.78324E-27  8.39049E+04  1.28307E-03 -2.59424E+01
  1.31766E+01  8.20895E-27  3.75556E+04  1.25223E-03 -2.69991E+01
  1.32701E+01  7.72618E-27  3.98245E+04  1.24910E-03 -2.58058E+01
  1.33637E+01  6.09276E-27  4.99921E+04  1.25455E-03 -2.35207E+01
  1.34573E+01  3.15155E-27  9.48710E+04  1.27812E-03 -1.77022E+01
  1.35509E+01  1.02848E-27  2.74474E+05  1.36840E-03 -2.42812E+00
  1.36445E+01  7.36856E-28  3.63734E+05  1.40992E-03  3.45319E+00
  1.37380E+01  2.32245E-28  1.17135E+06  1.83355E-03  3.38456E+01
  1.38316E+01  2.04473E-28  1.33973E+06  1.95513E-03  3.73901E+01
  1.39252E+01  1.99054E-28  1.37912E+06  1.99056E-03  3.47775E+01
  1.40188E+01  2.06691E-28  1.35159E+06  1.98249E-03  2.88538E+01
  1.41124E+01  2.18792E-28  1.29979E+06  1.95947E-03  2.37468E+01
  1.42059E+01  2.51809E-28  1.15410E+06  1.88717E-03  1.76794E+01
  1.42995E+01  3.01986E-28  9.74884E+05  1.79478E-03  1.34884E+01
  1.43931E+01  3.82599E-28  7.83579E+05  1.70224E-03  7.76634E+00
  1.44867E+01  4.44982E-28  6.81465E+05  1.65843E-03  3.43437E+00
  1.45803E+01  5.49798E-28  5.59203E+05  1.59917E-03 -1.76359E+00
  1.46738E+01  5.96572E-28  5.17704E+05  1.56860E-03 -5.69310E+00
  1.47674E+01  5.62308E-28  5.49014E+05  1.57641E-03 -7.93927E+00
  1.48610E+01  4.54731E-28  6.78556E+05  1.63014E-03 -8.73400E+00
  1.49546E+01  4.05084E-28  7.59666E+05  1.66620E-03 -9.98635E+00
  1.50482E+01  3.87609E-28  7.93316E+05  1.68169E-03 -1.48261E+01
  1.51417E+01  4.00850E-28  7.71773E+05  1.67185E-03 -1.70827E+01
  1.52353E+01  3.73328E-28  8.34597E+05  1.69641E-03 -1.95188E+01
  1.53289E+01  3.09307E-28  1.01608E+06  1.78285E-03 -2.42544E+01
  1.54225E+01  3.00599E-28  1.05303E+06  1.80057E-03 -2.45267E+01
  1.55161E+01  3.09969E-28  1.02780E+06  1.78109E-03 -2.37984E+01
  1.56096E+01  3.28179E-28  9.72194E+05  1.74394E-03 -2.43247E+01
  1.57032E+01  3.31782E-28  9.63544E+05  1.73759E-03 -2.40004E+01
  1.57968E+01  3.26110E-28  9.63306E+05  1.74668E-03 -3.60954E+01
  1.58904E+01  3.17447E-28  9.82903E+05  1.75214E-03 -3.48528E+01
  1.59840E+01  2.98053E-28  1.03178E+06  1.78901E-03 -4.18296E+01
  1.60775E+01  2.85671E-28  1.07408E+06  1.81479E-03 -4.95630E+01
  1.61711E+01  2.83066E-28  1.08719E+06  1.81905E-03 -4.95495E+01
  1.62647E+01  2.58761E-28  1.15771E+06  1.86926E-03 -5.53556E+01
  1.63583E+01  2.52720E-28  1.19276E+06  1.88567E-03 -5.67473E+01
  1.64519E+01  2.46331E-28  1.22232E+06  1.89662E-03 -5.70782E+01
  1.65454E+01  2.41952E-28  1.20662E+06  1.88403E-03 -5.52868E+01
  1.66390E+01  2.37854E-28  1.24122E+06  1.89990E-03 -5.76083E+01
  1.67326E+01  2.41909E-28  1.23013E+06  1.89262E-03 -5.78703E+01
  1.68262E+01  2.46737E-28  1.20173E+06  1.87860E-03 -5.68955E+01
  1.69198E+01  2.41417E-28  1.23970E+06  1.90071E-03 -5.43035E+01
  1.70133E+01  2.29847E-28  1.31701E+06  1.94050E-03 -5.28331E+01
  1.71069E+01  2.24971E-28  1.34674E+06  1.95605E-03 -5.22058E+01
  1.72005E+01  2.22211E-28  1.37394E+06  1.96822E-03 -4.74161E+01
  1.72941E+01  2.19611E-28  1.39617E+06  1.97783E-03 -4.62603E+01
  1.73876E+01  2.17706E-28  1.41600E+06  1.98454E-03 -4.33507E+01
  1.74812E+01  2.17772E-28  1.41992E+06  1.98479E-03 -4.01254E+01
  1.75748E+01  2.26120E-28  1.36727E+06  1.95730E-03 -3.90725E+01
  1.76684E+01  2.52764E-28  1.22257E+06  1.88328E-03 -3.54092E+01
  1.77620E+01  2.63590E-28  1.17210E+06  1.85759E-03 -3.40308E+01
  1.78555E+01  2.71271E-28  1.13796E+06  1.84013E-03 -3.26384E+01
  1.79491E+01  3.11194E-28  9.86837E+05  1.75645E-03 -3.06527E+01
  1.80427E+01  3.28103E-28  9.33827E+05  1.72679E-03 -3.13072E+01
  1.81363E+01  3.23745E-28  9.48797E+05  1.73420E-03 -2.83809E+01
  1.82299E+01  3.36595E-28  9.13872E+05  1.71044E-03 -2.98291E+01
  1.83234E+01  3.34105E-28  9.23326E+05  1.71186E-03 -2.96713E+01
  1.84170E+01  3.20546E-28  9.65436E+05  1.73407E-03 -2.67085E+01
  1.85106E+01  3.17867E-28  9.75224E+05  1.73704E-03 -2.71172E+01
  1.86042E+01  3.04158E-28  1.02148E+06  1.75976E-03 -2.60857E+01
  1.86978E+01  2.99680E-28  1.03784E+06  1.76807E-03 -2.56036E+01
  1.87913E+01  2.91932E-28  1.06334E+06  1.78376E-03 -2.45864E+01
  1.88849E+01  2.77674E-28  1.11582E+06  1.81512E-03 -2.27038E+01
  1.89785E+01  2.72878E-28  1.13843E+06  1.82783E-03 -2.21251E+01
  1.90721E+01  2.61882E-28  1.18314E+06  1.85112E-03 -1.98390E+01
  1.91657E+01  2.57865E-28  1.20167E+06  1.86165E-03 -1.92510E+01
  1.92592E+01  2.51582E-28  1.23526E+06  1.88193E-03 -1.87404E+01
  1.93528E+01  2.46935E-28  1.25599E+06  1.89179E-03 -1.78127E+01
  1.94464E+01  2.46222E-28  1.26038E+06  1.89467E-03 -1.75856E+01
  1.95400E+01  2.39125E-28  1.29913E+06  1.91999E-03 -1.79110E+01
  1.96336E+01  2.33664E-28  1.33110E+06  1.94124E-03 -1.79010E+01
  1.97271E+01  2.32446E-28  1.33742E+06  1.94482E-03 -1.83839E+01
  1.98207E+01  2.23909E-28  1.38750E+06  1.97273E-03 -1.99314E+01
  1.99143E+01  2.20588E-28  1.40985E+06  1.98496E-03 -1.96460E+01
  2.00079E+01  2.18909E-28  1.42134E+06  1.99127E-03 -2.04853E+01
  2.01015E+01  2.18397E-28  1.42528E+06  1.99321E-03 -2.03091E+01
  2.01950E+01  2.17923E-28  1.43049E+06  1.99560E-03 -2.02650E+01
  2.02886E+01  2.18481E-28  1.42793E+06  1.99426E-03 -2.10072E+01
  2.03822E+01  2.18520E-28  1.42790E+06  1.99423E-03 -2.10921E+01
  2.04758E+01  2.19577E-28  1.42282E+06  1.99160E-03 -2.15329E+01
  2.05694E+01  2.19747E-28  1.42205E+06  1.99128E-03 -2.11291E+01
  2.06629E+01  2.18507E-28  1.43201E+06  1.99601E-03 -2.22554E+01
  2.07565E+01  2.18514E-28  1.43351E+06  1.99667E-03 -2.29141E+01
  2.08501E+01  2.18454E-28  1.43411E+06  1.99697E-03 -2.27003E+01
  2.09437E+01  2.18563E-28  1.43490E+06  1.99722E-03 -2.31714E+01
  2.10373E+01  2.18637E-28  1.43513E+06  1.99727E-03 -2.34427E+01
  2.11308E+01  2.18806E-28  1.43490E+06  1.99709E-03 -2.33842E+01
  2.12244E+01  2.18654E-28  1.43726E+06  1.99811E-03 -2.35787E+01
  2.13180E+01  2.18620E-28  1.43784E+06  1.99834E-03 -2.33902E+01
  2.14116E+01  2.18569E-28  1.43924E+06  1.99882E-03 -2.33392E+01
  2.15052E+01  2.18456E-28  1.44061E+06  1.99937E-03 -2.31697E+01
  2.15987E+01  2.18474E-28  1.44058E+06  1.99944E-03 -2.31839E+01
  2.16923E+01  2.18510E-28  1.44067E+06  1.99974E-03 -2.33543E+01
  2.17859E+01  2.18514E-28  1.44072E+06  1.99973E-03 -2.33408E+01
  2.18795E+01  2.18590E-28  1.44012E+06  1.99984E-03 -2.32028E+01
  2.19731E+01  2.18643E-28  1.43953E+06  1.99994E-03 -2.33501E+01
  2.20666E+01  2.18648E-28  1.43943E+06  1.99994E-03 -2.33606E+01
  2.21602E+01  2.18639E-28  1.43898E+06  1.99996E-03 -2.34555E+01
  2.22538E+01  2.18636E-28  1.43890E+06  1.99997E-03 -2.34668E+01
  2.23474E+01  2.18600E-28  1.43849E+06  1.99998E-03 -2.34869E+01
  2.24410E+01  2.18616E-28  1.43845E+06  1.99998E-03 -2.33741E+01
  2.25345E+01  2.18596E-28  1.43839E+06  1.99999E-03 -2.33295E+01
  2.26281E+01  2.18534E-28  1.43825E+06  1.99999E-03 -2.30871E+01
  2.27217E+01  2.18557E-28  1.43839E+06  1.99999E-03 -2.29077E+01
  2.28153E+01  2.18547E-28  1.43839E+06  1.99999E-03 -2.26361E+01
  2.29089E+01  2.18514E-28  1.43829E+06  2.00000E-03 -2.25535E+01
  2.30024E+01  2.18543E-28  1.43846E+06  2.00000E-03 -2.23140E+01
  2.30960E+01  2.18552E-28  1.43853E+06  2.00000E-03 -2.20228E+01
  2.31896E+01  2.18583E-28  1.43869E+06  2.00000E-03 -2.18169E+01
  2.32832E+01  2.18557E-28  1.43861E+06  2.00000E-03 -2.16767E+01
  2.33768E+01  2.18603E-28  1.43884E+06  2.00000E-03 -2.13985E+01
  2.34703E+01  2.18649E-28  1.43906E+06  2.00000E-03 -2.12252E+01
  2.35639E+01  2.18649E-28  1.43907E+06  2.00000E-03 -2.10921E+01
  2.36575E+01  2.18735E-28  1.43946E+06  2.00000E-03 -2.09847E+01
  2.37511E+01  2.18920E-28  1.44026E+06  2.00000E-03 -2.05092E+01
  2.38447E+01  2.18972E-28  1.44047E+06  2.00000E-03 -2.01842E+01
  2.39382E+01  2.18993E-28  1.44056E+06  2.00000E-03 -2.01145E+01
  2.40318E+01  2.19003E-28  1.44060E+06  2.00000E-03 -2.00834E+01
  2.41254E+01  2.18998E-28  1.44058E+06  2.00000E-03 -2.00988E+01
  2.42190E+01  2.19100E-28  1.44103E+06  2.00000E-03 -1.98869E+01
  2.43126E+01  2.19398E-28  1.44232E+06  2.00000E-03 -1.91497E+01
  2.44061E+01  2.19597E-28  1.44317E+06  2.00000E-03 -1.87530E+01
  2.44997E+01  2.19629E-28  1.44331E+06  2.00000E-03 -1.86996E+01
  2.45933E+01  2.19629E-28  1.44331E+06  2.00000E-03 -1.86996E+01
  2.46869E+01  2.19731E-28  1.44375E+06  2.00000E-03 -1.85549E+01
  2.47805E+01  2.19897E-28  1.44447E+06  2.00000E-03 -1.83203E+01
  2.48740E+01  2.19943E-28  1.44467E+06  2.00000E-03 -1.82339E+01
  2.49676E+01  2.20105E-28  1.44538E+06  2.00000E-03 -1.79276E+01
  2.50612E+01  2.20196E-28  1.44578E+06  2.00000E-03 -1.77558E+01
  2.51548E+01  2.20292E-28  1.44620E+06  2.00000E-03 -1.76668E+01
  2.52484E+01  2.20527E-28  1.44722E+06  2.00000E-03 -1.74487E+01
  2.53419E+01  2.20527E-28  1.44722E+06  2.00000E-03 -1.74487E+01
  2.54355E+01  2.20527E-28  1.44722E+06  2.00000E-03 -1.74487E+01
  2.55291E+01  2.20539E-28  1.44727E+06  2.00000E-03 -1.74128E+01
  2.56227E+01  2.20868E-28  1.44870E+06  2.00000E-03 -1.70555E+01
  2.57163E+01  2.21046E-28  1.44947E+06  2.00000E-03 -1.67488E+01
  2.58098E+01  2.21046E-28  1.44947E+06  2.00000E-03 -1.67455E+01
  2.59034E+01  2.21046E-28  1.44947E+06  2.00000E-03 -1.67455E+01
  2.59970E+01  2.21046E-28  1.44947E+06  2.00000E-03 -1.67455E+01
  2.60906E+01  2.21252E-28  1.45036E+06  2.00000E-03 -1.66790E+01
  2.61842E+01  2.21500E-28  1.45144E+06  2.00000E-03 -1.64758E+01
  2.62777E+01  2.21464E-28  1.45128E+06  2.00000E-03 -1.61042E+01
  2.63713E+01  2.21455E-28  1.45124E+06  2.00000E-03 -1.59470E+01
  2.64649E+01  2.21457E-28  1.45124E+06  2.00000E-03 -1.59180E+01
  2.65585E+01  2.21610E-28  1.45191E+06  2.00000E-03 -1.58087E+01
  2.66521E+01  2.21890E-28  1.45313E+06  2.00000E-03 -1.56754E+01
  2.67456E+01  2.21877E-28  1.45307E+06  2.00000E-03 -1.56901E+01
  2.68392E+01  2.21796E-28  1.45271E+06  2.00000E-03 -1.53659E+01
  2.69328E+01  2.21721E-28  1.45238E+06  2.00000E-03 -1.52099E+01
  2.70264E+01  2.21897E-28  1.45315E+06  2.00000E-03 -1.51763E+01
  2.71200E+01  2.22135E-28  1.45418E+06  2.00000E-03 -1.51310E+01
  2.72135E+01  2.22146E-28  1.45423E+06  2.00000E-03 -1.51288E+01
  2.73071E+01  2.22146E-28  1.45423E+06  2.00000E-03 -1.51288E+01
  2.74007E+01  2.22146E-28  1.45423E+06  2.00000E-03 -1.51288E+01
  2.74943E+01  2.22198E-28  1.45446E+06  2.00000E-03 -1.49565E+01
  2.75879E+01  2.22397E-28  1.45532E+06  2.00000E-03 -1.47012E+01
  2.76814E+01  2.22394E-28  1.45531E+06  2.00000E-03 -1.46749E+01
  2.77750E+01  2.22394E-28  1.45531E+06  2.00000E-03 -1.46749E+01
  2.78686E+01  2.22394E-28  1.45531E+06  2.00000E-03 -1.46749E+01
  2.79622E+01  2.22475E-28  1.45567E+06  2.00000E-03 -1.46234E+01
  2.80558E+01  2.22650E-28  1.45644E+06  2.00000E-03 -1.44542E+01
  2.81493E+01  2.22632E-28  1.45636E+06  2.00000E-03 -1.43288E+01
  2.82429E+01  2.22592E-28  1.45618E+06  2.00000E-03 -1.41671E+01
  2.83365E+01  2.22592E-28  1.45618E+06  2.00000E-03 -1.41671E+01
  2.84301E+01  2.22666E-28  1.45651E+06  2.00000E-03 -1.40827E+01
  2.85237E+01  2.22753E-28  1.45689E+06  2.00000E-03 -1.39832E+01
  2.86172E+01  2.22764E-28  1.45694E+06  2.00000E-03 -1.39701E+01
  2.87108E+01  2.22695E-28  1.45664E+06  2.00000E-03 -1.38414E+01
  2.88044E+01  2.22605E-28  1.45624E+06  2.00000E-03 -1.36918E+01
  2.88980E+01  2.22554E-28  1.45602E+06  2.00000E-03 -1.35097E+01
  2.89916E+01  2.22592E-28  1.45618E+06  2.00000E-03 -1.34022E+01
  2.90851E+01  2.22601E-28  1.45623E+06  2.00000E-03 -1.33777E+01
  2.91787E+01  2.22600E-28  1.45622E+06  2.00000E-03 -1.33765E+01
  2.92723E+01  2.22513E-28  1.45584E+06  2.00000E-03 -1.32818E+01
  2.93659E+01  2.22411E-28  1.45539E+06  2.00000E-03 -1.31755E+01
  2.94595E+01  2.22261E-28  1.45474E+06  2.00000E-03 -1.29980E+01
  2.95530E+01  2.22180E-28  1.45438E+06  2.00000E-03 -1.29343E+01
  2.96466E+01  2.22180E-28  1.45438E+06  2.00000E-03 -1.29343E+01
  2.97402E+01  2.22180E-28  1.45438E+06  2.00000E-03 -1.29343E+01
  2.98338E+01  2.22152E-28  1.45426E+06  2.00000E-03 -1.29104E+01
  2.99274E+01  2.22038E-28  1.45375E+06  2.00000E-03 -1.28102E+01
  3.00209E+01  2.21952E-28  1.45338E+06  2.00000E-03 -1.27618E+01
  3.01145E+01  2.21816E-28  1.45277E+06  2.00000E-03 -1.27000E+01
  3.02081E+01  2.21750E-28  1.45248E+06  2.00000E-03 -1.26699E+01
  3.03017E+01  2.21711E-28  1.45230E+06  2.00000E-03 -1.26396E+01
  3.03953E+01  2.21612E-28  1.45187E+06  2.00000E-03 -1.25636E+01
  3.04888E+01  2.21590E-28  1.45177E+06  2.00000E-03 -1.25468E+01
  3.05824E+01  2.21590E-28  1.45177E+06  2.00000E-03 -1.25468E+01
  3.06760E+01  2.21481E-28  1.45130E+06  2.00000E-03 -1.24893E+01
  3.07696E+01  2.21380E-28  1.45085E+06  2.00000E-03 -1.24247E+01
  3.08631E+01  2.21269E-28  1.45036E+06  2.00000E-03 -1.23215E+01
  3.09567E+01  2.21269E-28  1.45036E+06  2.00000E-03 -1.23215E+01
  3.10503E+01  2.21246E-28  1.45026E+06  2.00000E-03 -1.22994E+01
  3.11439E+01  2.21227E-28  1.45018E+06  2.00000E-03 -1.22816E+01
  3.12375E+01  2.21186E-28  1.45000E+06  2.00000E-03 -1.22363E+01
  3.13310E+01  2.21094E-28  1.44959E+06  2.00000E-03 -1.20646E+01
  3.14246E+01  2.21058E-28  1.44943E+06  2.00000E-03 -1.19694E+01
  3.15182E+01  2.21039E-28  1.44935E+06  2.00000E-03 -1.19348E+01
  3.16118E+01  2.21022E-28  1.44928E+06  2.00000E-03 -1.19030E+01
  3.17054E+01  2.21010E-28  1.44923E+06  2.00000E-03 -1.18597E+01
  3.17989E+01  2.21070E-28  1.44949E+06  2.00000E-03 -1.17910E+01
  3.18925E+01  2.21060E-28  1.44944E+06  2.00000E-03 -1.17695E+01
  3.19861E+01  2.21017E-28  1.44924E+06  2.00000E-03 -1.17137E+01
  3.20797E+01  2.20967E-28  1.44901E+06  2.00000E-03 -1.16476E+01
  3.21733E+01  2.20998E-28  1.44915E+06  2.00000E-03 -1.16243E+01
  3.22668E+01  2.21250E-28  1.45026E+06  2.00000E-03 -1.14927E+01
  3.23604E+01  2.21259E-28  1.45030E+06  2.00000E-03 -1.14876E+01
  3.24540E+01  2.21259E-28  1.45030E+06  2.00000E-03 -1.14876E+01
  3.25476E+01  2.21259E-28  1.45030E+06  2.00000E-03 -1.14876E+01
  3.26412E+01  2.21259E-28  1.45030E+06  2.00000E-03 -1.14876E+01
  3.27347E+01  2.21259E-28  1.45030E+06  2.00000E-03 -1.14876E+01
  3.28283E+01  2.21259E-28  1.45030E+06  2.00000E-03 -1.14876E+01
  3.29219E+01  2.21259E-28  1.45030E+06  2.00000E-03 -1.14876E+01
  3.30155E+01  2.21259E-28  1.45030E+06  2.00000E-03 -1.14876E+01
  3.31091E+01  2.21264E-28  1.45032E+06  2.00000E-03 -1.14850E+01
  3.32026E+01  2.21350E-28  1.45070E+06  2.00000E-03 -1.12943E+01
  3.32962E+01  2.21259E-28  1.45028E+06  2.00000E-03 -1.10952E+01
  3.33898E+01  2.21191E-28  1.44996E+06  2.00000E-03 -1.09814E+01
  3.34834E+01  2.21191E-28  1.44996E+06  2.00000E-03 -1.09814E+01
  3.35770E+01  2.21182E-28  1.44993E+06  2.00000E-03 -1.08772E+01
  3.36705E+01  2.21174E-28  1.44990E+06  2.00000E-03 -1.07979E+01
  3.37641E+01  2.21172E-28  1.44989E+06  2.00000E-03 -1.07661E+01
  3.38577E+01  2.21174E-28  1.44989E+06  2.00000E-03 -1.07906E+01
  3.39513E+01  2.21171E-28  1.44988E+06  2.00000E-03 -1.07605E+01
  3.40449E+01  2.21204E-28  1.45003E+06  2.00000E-03 -1.06649E+01
  3.41384E+01  2.21342E-28  1.45065E+06  2.00000E-03 -1.05548E+01
  3.42320E+01  2.21364E-28  1.45075E+06  2.00000E-03 -1.05522E+01
  3.43256E+01  2.21364E-28  1.45075E+06  2.00000E-03 -1.05522E+01
  3.44192E+01  2.21364E-28  1.45075E+06  2.00000E-03 -1.05522E+01
  3.45128E+01  2.21118E-28  1.44967E+06  2.00000E-03 -1.04636E+01
  3.46063E+01  2.20886E-28  1.44864E+06  2.00000E-03 -1.03799E+01
  3.46999E+01  2.20776E-28  1.44816E+06  2.00000E-03 -1.03400E+01
  3.47935E+01  2.20776E-28  1.44816E+06  2.00000E-03 -1.03400E+01
  3.48871E+01  2.20776E-28  1.44816E+06  2.00000E-03 -1.03400E+01
  3.49807E+01  2.20776E-28  1.44816E+06  2.00000E-03 -1.03400E+01
  3.50742E+01  2.20919E-28  1.44879E+06  2.00000E-03 -1.03059E+01
  3.51678E+01  2.20977E-28  1.44904E+06  2.00000E-03 -1.02919E+01
  3.52614E+01  2.20977E-28  1.44904E+06  2.00000E-03 -1.02919E+01
  3.53550E+01  2.20977E-28  1.44904E+06  2.00000E-03 -1.02919E+01
  3.54486E+01  2.20977E-28  1.44904E+06  2.00000E-03 -1.02919E+01
  3.55421E+01  2.20977E-28  1.44904E+06  2.00000E-03 -1.02919E+01
  3.56357E+01  2.20977E-28  1.44904E+06  2.00000E-03 -1.02919E+01
  3.57293E+01  2.20976E-28  1.44904E+06  2.00000E-03 -1.02915E+01
  3.58229E+01  2.20535E-28  1.44710E+06  2.00000E-03 -1.01689E+01
  3.59165E+01  2.20354E-28  1.44630E+06  2.00000E-03 -1.01019E+01
  3.60100E+01  2.20499E-28  1.44693E+06  2.00000E-03 -1.00294E+01
  3.61036E+01  2.20542E-28  1.44712E+06  2.00000E-03 -1.00078E+01
  3.61972E+01  2.20542E-28  1.44712E+06  2.00000E-03 -1.00078E+01
  3.62908E+01  2.20542E-28  1.44712E+06  2.00000E-03 -1.00078E+01
  3.63844E+01  2.20542E-28  1.44712E+06  2.00000E-03 -1.00078E+01
  3.64779E+01  2.20542E-28  1.44712E+06  2.00000E-03 -1.00078E+01
  3.65715E+01  2.20542E-28  1.44712E+06  2.00000E-03 -1.00078E+01
  3.66651E+01  2.20542E-28  1.44712E+06  2.00000E-03 -1.00078E+01
  3.67587E+01  2.20542E-28  1.44712E+06  2.00000E-03 -1.00078E+01
  3.68523E+01  2.20544E-28  1.44713E+06  2.00000E-03 -9.99485E+00
  3.69458E+01  2.20559E-28  1.44720E+06  2.00000E-03 -9.89990E+00
  3.70394E+01  2.20447E-28  1.44671E+06  2.00000E-03 -9.77356E+00
  3.71330E+01  2.20281E-28  1.44597E+06  2.00000E-03 -9.67203E+00
  3.72266E+01  2.20221E-28  1.44570E+06  2.00000E-03 -9.63544E+00
  3.73202E+01  2.20221E-28  1.44570E+06  2.00000E-03 -9.63543E+00
  3.74137E+01  2.20221E-28  1.44570E+06  2.00000E-03 -9.63543E+00
  3.75073E+01  2.20221E-28  1.44570E+06  2.00000E-03 -9.63543E+00
  3.76009E+01  2.20221E-28  1.44570E+06  2.00000E-03 -9.63543E+00
  3.76945E+01  2.20221E-28  1.44570E+06  2.00000E-03 -9.63543E+00
  3.77881E+01  2.20221E-28  1.44571E+06  2.00000E-03 -9.63287E+00
  3.78816E+01  2.20246E-28  1.44582E+06  2.00000E-03 -9.53141E+00
  3.79752E+01  2.20264E-28  1.44590E+06  2.00000E-03 -9.45646E+00
  3.80688E+01  2.20264E-28  1.44590E+06  2.00000E-03 -9.45646E+00
  3.81624E+01  2.20264E-28  1.44590E+06  2.00000E-03 -9.45646E+00
  3.82560E+01  2.20249E-28  1.44583E+06  2.00000E-03 -9.44593E+00
  3.83495E+01  2.20088E-28  1.44512E+06  2.00000E-03 -9.33063E+00
  3.84431E+01  2.19850E-28  1.44407E+06  2.00000E-03 -9.16617E+00
  3.85367E+01  2.19847E-28  1.44406E+06  2.00000E-03 -9.16342E+00
  3.86303E+01  2.19841E-28  1.44403E+06  2.00000E-03 -9.15956E+00
  3.87239E+01  2.19835E-28  1.44400E+06  2.00000E-03 -9.15523E+00
  3.88174E+01  2.19834E-28  1.44400E+06  2.00000E-03 -9.04559E+00
  3.89110E+01  2.19859E-28  1.44411E+06  2.00000E-03 -8.99898E+00
  3.90046E+01  2.19774E-28  1.44374E+06  2.00000E-03 -8.95360E+00
  3.90982E+01  2.19735E-28  1.44357E+06  2.00000E-03 -8.93285E+00
  3.91918E+01  2.19735E-28  1.44357E+06  2.00000E-03 -8.93285E+00
  3.92853E+01  2.19735E-28  1.44357E+06  2.00000E-03 -8.93285E+00
  3.93789E+01  2.19735E-28  1.44357E+06  2.00000E-03 -8.93285E+00
  3.94725E+01  2.19735E-28  1.44357E+06  2.00000E-03 -8.93285E+00
  3.95661E+01  2.19692E-28  1.44338E+06  2.00000E-03 -8.91310E+00
  3.96597E+01  2.19511E-28  1.44258E+06  2.00000E-03 -8.82984E+00
  3.97532E+01  2.19395E-28  1.44207E+06  2.00000E-03 -8.72306E+00
  3.98468E+01  2.19386E-28  1.44203E+06  2.00000E-03 -8.66189E+00
  3.99404E+01  2.19386E-28  1.44203E+06  2.00000E-03 -8.66189E+00
  4.00340E+01  2.19386E-28  1.44203E+06  2.00000E-03 -8.66189E+00
  4.01276E+01  2.19386E-28  1.44203E+06  2.00000E-03 -8.66189E+00
  4.02211E+01  2.19386E-28  1.44203E+06  2.00000E-03 -8.66189E+00
  4.03147E+01  2.19386E-28  1.44203E+06  2.00000E-03 -8.66189E+00
  4.04083E+01  2.19386E-28  1.44203E+06  2.00000E-03 -8.66189E+00
  4.05019E+01  2.19386E-28  1.44203E+06  2.00000E-03 -8.66189E+00
  4.05955E+01  2.19386E-28  1.44203E+06  2.00000E-03 -8.66189E+00
  4.06890E+01  2.19410E-28  1.44213E+06  2.00000E-03 -8.59878E+00
  4.07826E+01  2.19425E-28  1.44220E+06  2.00000E-03 -8.56056E+00
  4.08762E+01  2.19347E-28  1.44185E+06  2.00000E-03 -8.52545E+00
