 -2.38863E+01  2.16659E-28  1.43006E+06  2.00000E-03  9.00746E+00
 -2.38395E+01  2.16659E-28  1.43006E+06  2.00000E-03  9.00746E+00
 -2.37927E+01  2.16659E-28  1.43006E+06  2.00000E-03  9.00746E+00
 -2.37459E+01  2.16659E-28  1.43006E+06  2.00000E-03  9.00746E+00
 -2.36991E+01  2.16659E-28  1.43006E+06  2.00000E-03  9.00746E+00
 -2.36523E+01  2.16659E-28  1.43006E+06  2.00000E-03  9.00746E+00
 -2.36055E+01  2.16659E-28  1.43006E+06  2.00000E-03  9.00746E+00
 -2.35587E+01  2.16659E-28  1.43006E+06  2.00000E-03  9.00746E+00
 -2.35119E+01  2.16659E-28  1.43006E+06  2.00000E-03  9.00746E+00
 -2.34651E+01  2.16659E-28  1.43006E+06  2.00000E-03  9.00746E+00
 -2.34184E+01  2.16659E-28  1.43006E+06  2.00000E-03  9.00746E+00
 -2.33716E+01  2.16659E-28  1.43006E+06  2.00000E-03  9.00746E+00
 -2.33248E+01  2.16659E-28  1.43006E+06  2.00000E-03  9.00746E+00
 -2.32780E+01  2.16659E-28  1.43006E+06  2.00000E-03  9.00746E+00
 -2.32312E+01  2.16659E-28  1.43006E+06  2.00000E-03  9.00746E+00
 -2.31844E+01  2.16432E-28  1.42906E+06  2.00000E-03  9.20297E+00
 -2.31376E+01  2.16204E-28  1.42807E+06  2.00000E-03  9.39890E+00
 -2.30908E+01  2.16204E-28  1.42807E+06  2.00000E-03  9.39890E+00
 -2.30440E+01  2.16204E-28  1.42807E+06  2.00000E-03  9.39890E+00
 -2.29972E+01  2.16204E-28  1.42807E+06  2.00000E-03  9.39890E+00
 -2.29505E+01  2.16204E-28  1.42807E+06  2.00000E-03  9.39890E+00
 -2.29037E+01  2.16204E-28  1.42807E+06  2.00000E-03  9.39890E+00
 -2.28569E+01  2.16204E-28  1.42807E+06  2.00000E-03  9.39890E+00
 -2.28101E+01  2.16204E-28  1.42807E+06  2.00000E-03  9.39890E+00
 -2.27633E+01  2.16204E-28  1.42807E+06  2.00000E-03  9.39890E+00
 -2.27165E+01  2.16204E-28  1.42807E+06  2.00000E-03  9.39890E+00
 -2.26697E+01  2.16204E-28  1.42807E+06  2.00000E-03  9.39890E+00
 -2.26229E+01  2.16204E-28  1.42807E+06  2.00000E-03  9.39890E+00
 -2.25761E+01  2.16204E-28  1.42807E+06  2.00000E-03  9.39890E+00
 -2.25294E+01  2.16204E-28  1.42807E+06  2.00000E-03  9.39890E+00
 -2.24826E+01  2.16204E-28  1.42807E+06  2.00000E-03  9.39890E+00
 -2.24358E+01  2.15991E-28  1.42714E+06  2.00000E-03  9.58181E+00
 -2.23890E+01  2.15777E-28  1.42620E+06  2.00000E-03  9.76509E+00
 -2.23422E+01  2.15777E-28  1.42620E+06  2.00000E-03  9.76509E+00
 -2.22954E+01  2.15777E-28  1.42620E+06  2.00000E-03  9.76509E+00
 -2.22486E+01  2.15777E-28  1.42620E+06  2.00000E-03  9.76509E+00
 -2.22018E+01  2.15777E-28  1.42620E+06  2.00000E-03  9.76509E+00
 -2.21550E+01  2.15777E-28  1.42620E+06  2.00000E-03  9.76509E+00
 -2.21082E+01  2.15777E-28  1.42620E+06  2.00000E-03  9.76509E+00
 -2.20615E+01  2.15777E-28  1.42620E+06  2.00000E-03  9.76509E+00
 -2.20147E+01  2.15777E-28  1.42620E+06  2.00000E-03  9.76509E+00
 -2.19679E+01  2.15777E-28  1.42620E+06  2.00000E-03  9.76509E+00
 -2.19211E+01  2.15777E-28  1.42620E+06  2.00000E-03  9.76509E+00
 -2.18743E+01  2.15777E-28  1.42620E+06  2.00000E-03  9.76509E+00
 -2.18275E+01  2.15777E-28  1.42620E+06  2.00000E-03  9.76509E+00
 -2.17807E+01  2.15777E-28  1.42620E+06  2.00000E-03  9.76509E+00
 -2.17339E+01  2.15777E-28  1.42620E+06  2.00000E-03  9.76509E+00
 -2.16871E+01  2.15584E-28  1.42536E+06  2.00000E-03  9.92645E+00
 -2.16403E+01  2.15391E-28  1.42452E+06  2.00000E-03  1.00881E+01
 -2.15936E+01  2.15391E-28  1.42452E+06  2.00000E-03  1.00881E+01
 -2.15468E+01  2.15391E-28  1.42452E+06  2.00000E-03  1.00881E+01
 -2.15000E+01  2.15391E-28  1.42452E+06  2.00000E-03  1.00881E+01
 -2.14532E+01  2.15391E-28  1.42452E+06  2.00000E-03  1.00881E+01
 -2.14064E+01  2.15391E-28  1.42452E+06  2.00000E-03  1.00881E+01
 -2.13596E+01  2.15391E-28  1.42452E+06  2.00000E-03  1.00881E+01
 -2.13128E+01  2.15391E-28  1.42452E+06  2.00000E-03  1.00881E+01
 -2.12660E+01  2.15391E-28  1.42452E+06  2.00000E-03  1.00881E+01
 -2.12192E+01  2.15391E-28  1.42452E+06  2.00000E-03  1.00881E+01
 -2.11724E+01  2.15391E-28  1.42452E+06  2.00000E-03  1.00881E+01
 -2.11257E+01  2.15391E-28  1.42452E+06  2.00000E-03  1.00881E+01
 -2.10789E+01  2.15391E-28  1.42452E+06  2.00000E-03  1.00881E+01
 -2.10321E+01  2.15391E-28  1.42452E+06  2.00000E-03  1.00881E+01
 -2.09853E+01  2.15391E-28  1.42452E+06  2.00000E-03  1.00881E+01
 -2.09385E+01  2.15198E-28  1.42368E+06  2.00000E-03  1.02397E+01
 -2.08917E+01  2.15006E-28  1.42284E+06  2.00000E-03  1.03915E+01
 -2.08449E+01  2.15006E-28  1.42284E+06  2.00000E-03  1.03915E+01
 -2.07981E+01  2.15006E-28  1.42284E+06  2.00000E-03  1.03915E+01
 -2.07513E+01  2.15006E-28  1.42284E+06  2.00000E-03  1.03915E+01
 -2.07045E+01  2.15006E-28  1.42284E+06  2.00000E-03  1.03915E+01
 -2.06578E+01  2.15006E-28  1.42284E+06  2.00000E-03  1.03915E+01
 -2.06110E+01  2.15006E-28  1.42284E+06  2.00000E-03  1.03915E+01
 -2.05642E+01  2.15006E-28  1.42284E+06  2.00000E-03  1.03915E+01
 -2.05174E+01  2.15006E-28  1.42284E+06  2.00000E-03  1.03915E+01
 -2.04706E+01  2.15006E-28  1.42284E+06  2.00000E-03  1.03915E+01
 -2.04238E+01  2.15006E-28  1.42284E+06  2.00000E-03  1.03915E+01
 -2.03770E+01  2.15006E-28  1.42284E+06  2.00000E-03  1.03915E+01
 -2.03302E+01  2.15006E-28  1.42284E+06  2.00000E-03  1.03915E+01
 -2.02834E+01  2.15006E-28  1.42284E+06  2.00000E-03  1.03915E+01
 -2.02366E+01  2.15006E-28  1.42284E+06  2.00000E-03  1.03915E+01
 -2.01899E+01  2.14790E-28  1.42190E+06  2.00000E-03  1.05489E+01
 -2.01431E+01  2.14574E-28  1.42096E+06  2.00000E-03  1.07066E+01
 -2.00963E+01  2.14574E-28  1.42096E+06  2.00000E-03  1.07066E+01
 -2.00495E+01  2.14574E-28  1.42096E+06  2.00000E-03  1.07066E+01
 -2.00027E+01  2.14574E-28  1.42096E+06  2.00000E-03  1.07066E+01
 -1.99559E+01  2.14574E-28  1.42096E+06  2.00000E-03  1.07066E+01
 -1.99091E+01  2.14574E-28  1.42096E+06  2.00000E-03  1.07066E+01
 -1.98623E+01  2.14574E-28  1.42096E+06  2.00000E-03  1.07066E+01
 -1.98155E+01  2.14574E-28  1.42096E+06  2.00000E-03  1.07066E+01
 -1.97687E+01  2.14574E-28  1.42096E+06  2.00000E-03  1.07066E+01
 -1.97220E+01  2.14574E-28  1.42096E+06  2.00000E-03  1.07066E+01
 -1.96752E+01  2.14574E-28  1.42096E+06  2.00000E-03  1.07066E+01
 -1.96284E+01  2.14574E-28  1.42096E+06  2.00000E-03  1.07066E+01
 -1.95816E+01  2.14574E-28  1.42096E+06  2.00000E-03  1.07066E+01
 -1.95348E+01  2.14574E-28  1.42096E+06  2.00000E-03  1.07066E+01
 -1.94880E+01  2.14574E-28  1.42096E+06  2.00000E-03  1.07066E+01
 -1.94412E+01  2.14321E-28  1.41987E+06  2.00000E-03  1.08745E+01
 -1.93944E+01  2.14069E-28  1.41877E+06  2.00000E-03  1.10428E+01
 -1.93476E+01  2.14069E-28  1.41877E+06  2.00000E-03  1.10428E+01
 -1.93008E+01  2.14069E-28  1.41877E+06  2.00000E-03  1.10428E+01
 -1.92541E+01  2.14069E-28  1.41877E+06  2.00000E-03  1.10428E+01
 -1.92073E+01  2.14069E-28  1.41877E+06  2.00000E-03  1.10428E+01
 -1.91605E+01  2.14069E-28  1.41877E+06  2.00000E-03  1.10428E+01
 -1.91137E+01  2.14069E-28  1.41877E+06  2.00000E-03  1.10428E+01
 -1.90669E+01  2.14069E-28  1.41877E+06  2.00000E-03  1.10428E+01
 -1.90201E+01  2.14069E-28  1.41877E+06  2.00000E-03  1.10428E+01
 -1.89733E+01  2.14069E-28  1.41877E+06  2.00000E-03  1.10428E+01
 -1.89265E+01  2.14069E-28  1.41877E+06  2.00000E-03  1.10428E+01
 -1.88797E+01  2.14069E-28  1.41877E+06  2.00000E-03  1.10428E+01
 -1.88329E+01  2.14069E-28  1.41877E+06  2.00000E-03  1.10428E+01
 -1.87862E+01  2.14069E-28  1.41877E+06  2.00000E-03  1.10428E+01
 -1.87394E+01  2.14069E-28  1.41877E+06  2.00000E-03  1.10428E+01
 -1.86926E+01  2.13968E-28  1.41834E+06  2.00000E-03  1.11634E+01
 -1.86458E+01  2.13868E-28  1.41791E+06  2.00000E-03  1.12841E+01
 -1.85990E+01  2.13868E-28  1.41791E+06  2.00000E-03  1.12841E+01
 -1.85522E+01  2.13868E-28  1.41791E+06  2.00000E-03  1.12841E+01
 -1.85054E+01  2.13868E-28  1.41791E+06  2.00000E-03  1.12841E+01
 -1.84586E+01  2.13868E-28  1.41791E+06  2.00000E-03  1.12841E+01
 -1.84118E+01  2.13868E-28  1.41791E+06  2.00000E-03  1.12841E+01
 -1.83650E+01  2.13868E-28  1.41791E+06  2.00000E-03  1.12841E+01
 -1.83183E+01  2.13703E-28  1.41719E+06  2.00000E-03  1.14000E+01
 -1.82715E+01  2.13537E-28  1.41646E+06  2.00000E-03  1.15161E+01
 -1.82247E+01  2.13537E-28  1.41646E+06  2.00000E-03  1.15161E+01
 -1.81779E+01  2.13537E-28  1.41646E+06  2.00000E-03  1.15161E+01
 -1.81311E+01  2.13537E-28  1.41646E+06  2.00000E-03  1.15161E+01
 -1.80843E+01  2.13537E-28  1.41646E+06  2.00000E-03  1.15161E+01
 -1.80375E+01  2.13537E-28  1.41646E+06  2.00000E-03  1.15161E+01
 -1.79907E+01  2.13537E-28  1.41646E+06  2.00000E-03  1.15161E+01
 -1.79439E+01  2.13350E-28  1.41564E+06  2.00000E-03  1.16426E+01
 -1.78971E+01  2.13162E-28  1.41482E+06  2.00000E-03  1.17694E+01
 -1.78504E+01  2.13162E-28  1.41482E+06  2.00000E-03  1.17694E+01
 -1.78036E+01  2.13162E-28  1.41482E+06  2.00000E-03  1.17694E+01
 -1.77568E+01  2.13162E-28  1.41482E+06  2.00000E-03  1.17694E+01
 -1.77100E+01  2.13162E-28  1.41482E+06  2.00000E-03  1.17694E+01
 -1.76632E+01  2.13162E-28  1.41482E+06  2.00000E-03  1.17694E+01
 -1.76164E+01  2.13162E-28  1.41482E+06  2.00000E-03  1.17694E+01
 -1.75696E+01  2.12951E-28  1.41389E+06  2.00000E-03  1.19115E+01
 -1.75228E+01  2.12739E-28  1.41296E+06  2.00000E-03  1.20540E+01
 -1.74760E+01  2.12739E-28  1.41296E+06  2.00000E-03  1.20540E+01
 -1.74292E+01  2.12739E-28  1.41296E+06  2.00000E-03  1.20540E+01
 -1.73825E+01  2.12739E-28  1.41296E+06  2.00000E-03  1.20540E+01
 -1.73357E+01  2.12739E-28  1.41296E+06  2.00000E-03  1.20540E+01
 -1.72889E+01  2.12739E-28  1.41296E+06  2.00000E-03  1.20540E+01
 -1.72421E+01  2.12739E-28  1.41296E+06  2.00000E-03  1.20540E+01
 -1.71953E+01  2.12513E-28  1.41197E+06  2.00000E-03  1.22074E+01
 -1.71485E+01  2.12286E-28  1.41098E+06  2.00000E-03  1.23612E+01
 -1.71017E+01  2.12286E-28  1.41098E+06  2.00000E-03  1.23612E+01
 -1.70549E+01  2.12286E-28  1.41098E+06  2.00000E-03  1.23612E+01
 -1.70081E+01  2.12286E-28  1.41098E+06  2.00000E-03  1.23612E+01
 -1.69613E+01  2.12286E-28  1.41098E+06  2.00000E-03  1.23612E+01
 -1.69146E+01  2.12286E-28  1.41098E+06  2.00000E-03  1.23612E+01
 -1.68678E+01  2.12286E-28  1.41098E+06  2.00000E-03  1.23612E+01
 -1.68210E+01  2.12069E-28  1.41002E+06  2.00000E-03  1.25163E+01
 -1.67742E+01  2.11851E-28  1.40906E+06  2.00000E-03  1.26717E+01
 -1.67274E+01  2.11851E-28  1.40906E+06  2.00000E-03  1.26717E+01
 -1.66806E+01  2.11851E-28  1.40906E+06  2.00000E-03  1.26717E+01
 -1.66338E+01  2.11851E-28  1.40906E+06  2.00000E-03  1.26717E+01
 -1.65870E+01  2.11851E-28  1.40906E+06  2.00000E-03  1.26717E+01
 -1.65402E+01  2.11851E-28  1.40906E+06  2.00000E-03  1.26717E+01
 -1.64935E+01  2.11851E-28  1.40906E+06  2.00000E-03  1.26717E+01
 -1.64467E+01  2.11667E-28  1.40826E+06  2.00000E-03  1.28171E+01
 -1.63999E+01  2.11484E-28  1.40745E+06  2.00000E-03  1.29628E+01
 -1.63531E+01  2.11484E-28  1.40745E+06  2.00000E-03  1.29628E+01
 -1.63063E+01  2.11484E-28  1.40745E+06  2.00000E-03  1.29628E+01
 -1.62595E+01  2.11484E-28  1.40745E+06  2.00000E-03  1.29628E+01
 -1.62127E+01  2.11484E-28  1.40745E+06  2.00000E-03  1.29628E+01
 -1.61659E+01  2.11484E-28  1.40745E+06  2.00000E-03  1.29628E+01
 -1.61191E+01  2.11484E-28  1.40745E+06  2.00000E-03  1.29628E+01
 -1.60723E+01  2.11353E-28  1.40688E+06  2.00000E-03  1.30911E+01
 -1.60256E+01  2.11221E-28  1.40631E+06  2.00000E-03  1.32195E+01
 -1.59788E+01  2.11221E-28  1.40631E+06  2.00000E-03  1.32195E+01
 -1.59320E+01  2.11221E-28  1.40631E+06  2.00000E-03  1.32195E+01
 -1.58852E+01  2.11221E-28  1.40631E+06  2.00000E-03  1.32195E+01
 -1.58384E+01  2.11221E-28  1.40631E+06  2.00000E-03  1.32195E+01
 -1.57916E+01  2.11221E-28  1.40631E+06  2.00000E-03  1.32195E+01
 -1.57448E+01  2.11221E-28  1.40631E+06  2.00000E-03  1.32195E+01
 -1.56980E+01  2.11131E-28  1.40592E+06  2.00000E-03  1.33344E+01
 -1.56512E+01  2.11041E-28  1.40553E+06  2.00000E-03  1.34493E+01
 -1.56044E+01  2.11041E-28  1.40553E+06  2.00000E-03  1.34493E+01
 -1.55577E+01  2.11041E-28  1.40553E+06  2.00000E-03  1.34493E+01
 -1.55109E+01  2.11041E-28  1.40553E+06  2.00000E-03  1.34493E+01
 -1.54641E+01  2.11041E-28  1.40553E+06  2.00000E-03  1.34493E+01
 -1.54173E+01  2.11041E-28  1.40553E+06  2.00000E-03  1.34493E+01
 -1.53705E+01  2.11041E-28  1.40553E+06  2.00000E-03  1.34493E+01
 -1.53237E+01  2.10952E-28  1.40515E+06  2.00000E-03  1.35733E+01
 -1.52769E+01  2.10863E-28  1.40477E+06  2.00000E-03  1.36974E+01
 -1.52301E+01  2.10863E-28  1.40477E+06  2.00000E-03  1.36974E+01
 -1.51833E+01  2.10863E-28  1.40477E+06  2.00000E-03  1.36974E+01
 -1.51365E+01  2.10863E-28  1.40477E+06  2.00000E-03  1.36974E+01
 -1.50898E+01  2.10863E-28  1.40477E+06  2.00000E-03  1.36974E+01
 -1.50430E+01  2.10863E-28  1.40477E+06  2.00000E-03  1.36974E+01
 -1.49962E+01  2.10863E-28  1.40477E+06  2.00000E-03  1.36974E+01
 -1.49494E+01  2.10703E-28  1.40407E+06  2.00000E-03  1.38610E+01
 -1.49026E+01  2.10543E-28  1.40338E+06  2.00000E-03  1.40249E+01
 -1.48558E+01  2.10543E-28  1.40338E+06  2.00000E-03  1.40249E+01
 -1.48090E+01  2.10543E-28  1.40338E+06  2.00000E-03  1.40249E+01
 -1.47622E+01  2.10543E-28  1.40338E+06  2.00000E-03  1.40249E+01
 -1.47154E+01  2.10543E-28  1.40338E+06  2.00000E-03  1.40249E+01
 -1.46686E+01  2.10543E-28  1.40338E+06  2.00000E-03  1.40249E+01
 -1.46219E+01  2.10543E-28  1.40338E+06  2.00000E-03  1.40249E+01
 -1.45751E+01  2.10237E-28  1.40204E+06  2.00000E-03  1.42313E+01
 -1.45283E+01  2.09932E-28  1.40069E+06  2.00000E-03  1.44383E+01
 -1.44815E+01  2.09932E-28  1.40069E+06  2.00000E-03  1.44383E+01
 -1.44347E+01  2.09932E-28  1.40069E+06  2.00000E-03  1.44383E+01
 -1.43879E+01  2.09932E-28  1.40069E+06  2.00000E-03  1.44383E+01
 -1.43411E+01  2.09932E-28  1.40069E+06  2.00000E-03  1.44383E+01
 -1.42943E+01  2.09932E-28  1.40069E+06  2.00000E-03  1.44383E+01
 -1.42475E+01  2.09932E-28  1.40069E+06  2.00000E-03  1.44383E+01
 -1.42007E+01  2.09446E-28  1.39856E+06  2.00000E-03  1.46856E+01
 -1.41540E+01  2.08961E-28  1.39642E+06  2.00000E-03  1.49340E+01
 -1.41072E+01  2.08961E-28  1.39642E+06  2.00000E-03  1.49340E+01
 -1.40604E+01  2.08961E-28  1.39642E+06  2.00000E-03  1.49340E+01
 -1.40136E+01  2.08961E-28  1.39642E+06  2.00000E-03  1.49340E+01
 -1.39668E+01  2.08961E-28  1.39642E+06  2.00000E-03  1.49340E+01
 -1.39200E+01  2.08961E-28  1.39642E+06  2.00000E-03  1.49340E+01
 -1.38732E+01  2.08961E-28  1.39642E+06  2.00000E-03  1.49340E+01
 -1.38264E+01  2.08525E-28  1.39448E+06  2.00000E-03  1.51598E+01
 -1.37796E+01  2.08090E-28  1.39254E+06  2.00000E-03  1.53865E+01
 -1.37328E+01  2.08090E-28  1.39254E+06  2.00000E-03  1.53865E+01
 -1.36861E+01  2.08090E-28  1.39254E+06  2.00000E-03  1.53865E+01
 -1.36393E+01  2.07748E-28  1.39102E+06  2.00000E-03  1.55228E+01
 -1.35925E+01  2.07405E-28  1.38949E+06  2.00000E-03  1.56596E+01
 -1.35457E+01  2.07405E-28  1.38949E+06  2.00000E-03  1.56596E+01
 -1.34989E+01  2.07405E-28  1.38949E+06  2.00000E-03  1.56596E+01
 -1.34521E+01  2.07066E-28  1.38798E+06  2.00000E-03  1.57716E+01
 -1.34053E+01  2.06728E-28  1.38647E+06  2.00000E-03  1.58839E+01
 -1.33585E+01  2.06728E-28  1.38647E+06  2.00000E-03  1.58839E+01
 -1.33117E+01  2.06728E-28  1.38647E+06  2.00000E-03  1.58839E+01
 -1.32649E+01  2.06412E-28  1.38507E+06  2.00000E-03  1.59580E+01
 -1.32182E+01  2.06097E-28  1.38366E+06  2.00000E-03  1.60324E+01
 -1.31714E+01  2.06097E-28  1.38366E+06  2.00000E-03  1.60324E+01
 -1.31246E+01  2.06097E-28  1.38366E+06  2.00000E-03  1.60324E+01
 -1.30778E+01  2.05811E-28  1.38238E+06  2.00000E-03  1.60640E+01
 -1.30310E+01  2.05525E-28  1.38110E+06  2.00000E-03  1.60957E+01
 -1.29842E+01  2.05525E-28  1.38110E+06  2.00000E-03  1.60957E+01
 -1.29374E+01  2.05525E-28  1.38110E+06  2.00000E-03  1.60957E+01
 -1.28906E+01  2.05264E-28  1.37993E+06  2.00000E-03  1.60897E+01
 -1.28438E+01  2.05004E-28  1.37877E+06  2.00000E-03  1.60836E+01
 -1.27970E+01  2.05004E-28  1.37877E+06  2.00000E-03  1.60836E+01
 -1.27503E+01  2.05004E-28  1.37877E+06  2.00000E-03  1.60836E+01
 -1.27035E+01  2.04758E-28  1.37767E+06  2.00000E-03  1.60538E+01
 -1.26567E+01  2.04512E-28  1.37657E+06  2.00000E-03  1.60239E+01
 -1.26099E+01  2.04512E-28  1.37657E+06  2.00000E-03  1.60239E+01
 -1.25631E+01  2.04512E-28  1.37657E+06  2.00000E-03  1.60239E+01
 -1.25163E+01  2.04269E-28  1.37548E+06  2.00000E-03  1.59886E+01
 -1.24695E+01  2.04025E-28  1.37439E+06  2.00000E-03  1.59532E+01
 -1.24227E+01  2.04025E-28  1.37439E+06  2.00000E-03  1.59532E+01
 -1.23759E+01  2.04025E-28  1.37439E+06  2.00000E-03  1.59532E+01
 -1.23291E+01  2.03775E-28  1.37327E+06  2.00000E-03  1.59296E+01
 -1.22824E+01  2.03525E-28  1.37215E+06  2.00000E-03  1.59059E+01
 -1.22356E+01  2.03525E-28  1.37215E+06  2.00000E-03  1.59059E+01
 -1.21888E+01  2.03525E-28  1.37215E+06  2.00000E-03  1.59059E+01
 -1.21420E+01  2.03267E-28  1.37100E+06  2.00000E-03  1.59072E+01
 -1.20952E+01  2.03009E-28  1.36984E+06  2.00000E-03  1.59086E+01
 -1.20484E+01  2.03009E-28  1.36984E+06  2.00000E-03  1.59086E+01
 -1.20016E+01  2.03009E-28  1.36984E+06  2.00000E-03  1.59086E+01
 -1.19548E+01  2.02751E-28  1.36869E+06  2.00000E-03  1.59429E+01
 -1.19080E+01  2.02494E-28  1.36752E+06  2.00000E-03  1.59774E+01
 -1.18612E+01  2.02494E-28  1.36752E+06  2.00000E-03  1.59774E+01
 -1.18145E+01  2.02494E-28  1.36752E+06  2.00000E-03  1.59774E+01
 -1.17677E+01  2.02248E-28  1.36645E+06  2.00000E-03  1.60480E+01
 -1.17209E+01  2.02002E-28  1.36537E+06  2.00000E-03  1.61189E+01
 -1.16741E+01  2.02002E-28  1.36537E+06  2.00000E-03  1.61189E+01
 -1.16273E+01  2.02002E-28  1.36537E+06  2.00000E-03  1.61189E+01
 -1.15805E+01  2.01798E-28  1.36439E+06  2.00000E-03  1.62264E+01
 -1.15337E+01  2.01595E-28  1.36341E+06  2.00000E-03  1.63342E+01
 -1.14869E+01  2.01595E-28  1.36341E+06  2.00000E-03  1.63342E+01
 -1.14401E+01  2.01595E-28  1.36341E+06  2.00000E-03  1.63342E+01
 -1.13933E+01  2.01430E-28  1.36282E+06  2.00000E-03  1.64831E+01
 -1.13466E+01  2.01265E-28  1.36223E+06  2.00000E-03  1.66322E+01
 -1.12998E+01  2.01265E-28  1.36223E+06  2.00000E-03  1.66322E+01
 -1.12530E+01  2.01265E-28  1.36223E+06  2.00000E-03  1.66322E+01
 -1.12062E+01  2.01234E-28  1.36168E+06  1.99998E-03  1.68284E+01
 -1.11594E+01  2.01204E-28  1.36112E+06  1.99997E-03  1.70247E+01
 -1.11126E+01  2.01204E-28  1.36112E+06  1.99997E-03  1.70247E+01
 -1.10658E+01  2.01204E-28  1.36112E+06  1.99997E-03  1.70247E+01
 -1.10190E+01  2.01064E-28  1.36239E+06  1.99992E-03  1.72190E+01
 -1.09722E+01  2.00924E-28  1.36367E+06  1.99988E-03  1.74136E+01
 -1.09254E+01  2.00924E-28  1.36367E+06  1.99988E-03  1.74136E+01
 -1.08787E+01  2.00924E-28  1.36367E+06  1.99988E-03  1.74136E+01
 -1.08319E+01  2.01109E-28  1.36277E+06  1.99929E-03  1.74073E+01
 -1.07851E+01  2.01294E-28  1.36187E+06  1.99870E-03  1.74009E+01
 -1.07383E+01  2.01294E-28  1.36187E+06  1.99870E-03  1.74009E+01
 -1.06915E+01  2.01294E-28  1.36187E+06  1.99870E-03  1.74009E+01
 -1.06447E+01  2.02261E-28  1.35742E+06  1.99681E-03  1.69631E+01
 -1.05979E+01  2.03228E-28  1.35301E+06  1.99493E-03  1.65294E+01
 -1.05511E+01  2.03228E-28  1.35301E+06  1.99493E-03  1.65294E+01
 -1.05043E+01  2.03228E-28  1.35301E+06  1.99493E-03  1.65294E+01
 -1.04575E+01  2.04867E-28  1.34353E+06  1.99055E-03  1.54584E+01
 -1.04108E+01  2.06506E-28  1.33420E+06  1.98623E-03  1.44044E+01
 -1.03640E+01  2.06506E-28  1.33420E+06  1.98623E-03  1.44044E+01
 -1.03172E+01  2.06506E-28  1.33420E+06  1.98623E-03  1.44044E+01
 -1.02704E+01  2.09318E-28  1.31795E+06  1.97829E-03  1.29389E+01
 -1.02236E+01  2.12130E-28  1.30213E+06  1.97055E-03  1.15123E+01
 -1.01768E+01  2.12130E-28  1.30213E+06  1.97055E-03  1.15123E+01
 -1.01300E+01  2.12130E-28  1.30213E+06  1.97055E-03  1.15123E+01
 -1.00832E+01  2.11575E-28  1.30666E+06  1.97279E-03  1.04787E+01
 -1.00364E+01  2.11021E-28  1.31122E+06  1.97503E-03  9.43974E+00
 -9.98965E+00  2.11021E-28  1.31122E+06  1.97503E-03  9.43974E+00
 -9.94286E+00  2.11021E-28  1.31122E+06  1.97503E-03  9.43974E+00
 -9.89607E+00  2.07298E-28  1.33329E+06  1.98451E-03  9.47179E+00
 -9.84928E+00  2.03576E-28  1.35616E+06  1.99433E-03  9.50500E+00
 -9.80249E+00  2.03576E-28  1.35616E+06  1.99433E-03  9.50500E+00
 -9.75570E+00  2.03576E-28  1.35616E+06  1.99433E-03  9.50500E+00
 -9.70891E+00  2.01917E-28  1.36300E+06  1.99686E-03  1.09708E+01
 -9.66212E+00  2.00258E-28  1.36995E+06  1.99944E-03  1.24609E+01
 -9.61533E+00  2.00258E-28  1.36995E+06  1.99944E-03  1.24609E+01
 -9.56854E+00  2.00258E-28  1.36995E+06  1.99944E-03  1.24609E+01
 -9.52175E+00  2.01153E-28  1.35674E+06  1.99030E-03  1.53928E+01
 -9.47496E+00  2.02049E-28  1.34365E+06  1.98125E-03  1.82988E+01
 -9.42817E+00  2.02049E-28  1.34365E+06  1.98125E-03  1.82988E+01
 -9.38138E+00  2.02049E-28  1.34365E+06  1.98125E-03  1.82988E+01
 -9.33459E+00  2.65516E-28  1.01064E+06  1.82954E-03  2.10296E+01
 -9.28780E+00  3.28982E-28  8.06124E+05  1.73637E-03  2.27068E+01
 -9.24101E+00  3.28982E-28  8.06124E+05  1.73637E-03  2.27068E+01
 -9.19422E+00  3.28982E-28  8.06124E+05  1.73637E-03  2.27068E+01
 -9.14743E+00  4.83712E-28  5.39199E+05  1.60206E-03  2.14265E+01
 -9.10064E+00  6.38442E-28  4.01655E+05  1.53285E-03  2.07667E+01
 -9.05385E+00  6.38442E-28  4.01655E+05  1.53285E-03  2.07667E+01
 -9.00706E+00  6.38442E-28  4.01655E+05  1.53285E-03  2.07667E+01
 -8.96027E+00  6.72751E-28  3.90155E+05  1.49112E-03  1.87550E+01
 -8.91348E+00  7.07059E-28  3.79770E+05  1.45344E-03  1.69385E+01
 -8.86669E+00  7.07059E-28  3.79770E+05  1.45344E-03  1.69385E+01
 -8.81990E+00  7.07059E-28  3.79770E+05  1.45344E-03  1.69385E+01
 -8.77311E+00  8.33366E-28  3.27198E+05  1.42837E-03  1.55911E+01
 -8.72632E+00  9.59672E-28  2.88465E+05  1.40989E-03  1.45984E+01
 -8.67953E+00  9.59672E-28  2.88465E+05  1.40989E-03  1.45984E+01
 -8.63274E+00  9.59672E-28  2.88465E+05  1.40989E-03  1.45984E+01
 -8.58595E+00  1.32525E-27  2.06941E+05  1.37661E-03  1.25505E+01
 -8.53916E+00  1.69082E-27  1.60670E+05  1.35772E-03  1.13881E+01
 -8.49237E+00  1.69082E-27  1.60670E+05  1.35772E-03  1.13881E+01
 -8.44558E+00  1.69082E-27  1.60670E+05  1.35772E-03  1.13881E+01
 -8.39879E+00  1.34049E-27  2.02454E+05  1.37776E-03  1.16287E+01
 -8.35200E+00  9.90160E-28  2.73806E+05  1.41199E-03  1.20394E+01
 -8.30521E+00  9.90160E-28  2.73806E+05  1.41199E-03  1.20394E+01
 -8.25842E+00  9.90160E-28  2.73806E+05  1.41199E-03  1.20394E+01
 -8.21163E+00  8.65791E-28  3.02969E+05  1.41818E-03  1.24473E+01
 -8.16484E+00  7.41421E-28  3.41916E+05  1.42645E-03  1.29920E+01
 -8.11805E+00  7.41421E-28  3.41916E+05  1.42645E-03  1.29920E+01
 -8.07126E+00  7.41421E-28  3.41916E+05  1.42645E-03  1.29920E+01
 -8.02447E+00  1.25416E-27  1.99413E+05  1.37142E-03  9.07012E+00
 -7.97768E+00  1.76690E-27  1.39616E+05  1.34832E-03  7.42444E+00
 -7.93089E+00  1.76690E-27  1.39616E+05  1.34832E-03  7.42444E+00
 -7.88410E+00  1.76690E-27  1.39616E+05  1.34832E-03  7.42444E+00
 -7.83731E+00  2.19172E-27  1.10218E+05  1.34163E-03  5.79921E+00
 -7.79052E+00  2.61654E-27  9.03663E+04  1.33711E-03  4.70172E+00
 -7.74373E+00  2.61654E-27  9.03663E+04  1.33711E-03  4.70172E+00
 -7.69694E+00  2.61654E-27  9.03663E+04  1.33711E-03  4.70172E+00
 -7.65015E+00  2.08583E-27  1.13977E+05  1.34703E-03  5.69888E+00
 -7.60336E+00  1.55512E-27  1.53703E+05  1.36372E-03  7.37663E+00
 -7.55657E+00  1.55512E-27  1.53703E+05  1.36372E-03  7.37663E+00
 -7.50978E+00  1.55512E-27  1.53703E+05  1.36372E-03  7.37663E+00
 -7.46299E+00  1.12411E-27  2.16757E+05  1.39097E-03  9.11751E+00
 -7.41620E+00  6.93106E-28  3.58231E+05  1.45209E-03  1.30235E+01
 -7.36941E+00  6.93106E-28  3.58231E+05  1.45209E-03  1.30235E+01
 -7.32262E+00  6.93106E-28  3.58231E+05  1.45209E-03  1.30235E+01
 -7.27583E+00  5.29155E-28  4.82406E+05  1.50956E-03  1.58659E+01
 -7.22904E+00  3.65203E-28  7.18074E+05  1.61863E-03  2.12605E+01
 -7.18225E+00  3.65203E-28  7.18074E+05  1.61863E-03  2.12605E+01
 -7.13546E+00  3.65203E-28  7.18074E+05  1.61863E-03  2.12605E+01
 -7.08867E+00  3.18193E-28  8.43123E+05  1.69139E-03  2.64061E+01
 -7.04188E+00  2.71183E-28  1.01153E+06  1.78937E-03  3.33356E+01
 -6.99509E+00  2.71183E-28  1.01153E+06  1.78937E-03  3.33356E+01
 -6.94830E+00  2.71183E-28  1.01153E+06  1.78937E-03  3.33356E+01
 -6.90151E+00  2.57910E-28  1.07436E+06  1.83133E-03  3.94282E+01
 -6.85472E+00  2.44638E-28  1.14401E+06  1.87786E-03  4.61819E+01
 -6.80793E+00  2.44638E-28  1.14401E+06  1.87786E-03  4.61819E+01
 -6.76114E+00  2.44638E-28  1.14401E+06  1.87786E-03  4.61819E+01
 -6.71435E+00  2.41710E-28  1.16602E+06  1.88954E-03  5.13331E+01
 -6.66756E+00  2.38782E-28  1.18858E+06  1.90152E-03  5.66105E+01
 -6.62077E+00  2.38782E-28  1.18858E+06  1.90152E-03  5.66105E+01
 -6.57398E+00  2.38782E-28  1.18858E+06  1.90152E-03  5.66105E+01
 -6.52719E+00  2.39736E-28  1.19284E+06  1.90062E-03  6.05886E+01
 -6.48040E+00  2.40691E-28  1.19708E+06  1.89973E-03  6.45351E+01
 -6.43362E+00  2.40691E-28  1.19708E+06  1.89973E-03  6.45351E+01
 -6.38683E+00  2.40691E-28  1.19708E+06  1.89973E-03  6.45351E+01
 -6.34003E+00  2.41773E-28  1.19650E+06  1.89775E-03  6.74405E+01
 -6.29325E+00  2.42855E-28  1.19594E+06  1.89580E-03  7.03200E+01
 -6.24646E+00  2.42855E-28  1.19594E+06  1.89580E-03  7.03200E+01
 -6.19967E+00  2.42855E-28  1.19594E+06  1.89580E-03  7.03200E+01
 -6.15288E+00  2.44234E-28  1.19124E+06  1.89631E-03  7.20761E+01
 -6.10609E+00  2.45612E-28  1.18660E+06  1.89681E-03  7.38124E+01
 -6.05930E+00  2.45612E-28  1.18660E+06  1.89681E-03  7.38124E+01
 -6.01251E+00  2.45612E-28  1.18660E+06  1.89681E-03  7.38124E+01
 -5.96572E+00  2.55745E-28  1.14034E+06  1.87401E-03  7.42780E+01
 -5.91893E+00  2.65877E-28  1.09760E+06  1.85296E-03  7.47081E+01
 -5.87214E+00  2.65877E-28  1.09760E+06  1.85296E-03  7.47081E+01
 -5.82535E+00  2.65877E-28  1.09760E+06  1.85296E-03  7.47081E+01
 -5.77856E+00  2.90656E-28  1.00038E+06  1.79879E-03  7.34991E+01
 -5.73177E+00  3.15435E-28  9.18427E+05  1.75314E-03  7.24801E+01
 -5.68498E+00  3.15435E-28  9.18427E+05  1.75314E-03  7.24801E+01
 -5.63819E+00  3.15435E-28  9.18427E+05  1.75314E-03  7.24801E+01
 -5.59140E+00  3.59187E-28  8.06047E+05  1.68397E-03  6.93242E+01
 -5.54461E+00  4.02940E-28  7.18073E+05  1.62981E-03  6.68537E+01
 -5.49782E+00  4.02940E-28  7.18073E+05  1.62981E-03  6.68537E+01
 -5.45103E+00  4.02940E-28  7.18073E+05  1.62981E-03  6.68537E+01
 -5.40424E+00  4.43246E-28  6.54178E+05  1.59941E-03  6.16807E+01
 -5.35745E+00  4.83552E-28  6.00936E+05  1.57408E-03  5.73700E+01
 -5.31066E+00  4.83552E-28  6.00936E+05  1.57408E-03  5.73700E+01
 -5.26387E+00  4.83552E-28  6.00936E+05  1.57408E-03  5.73700E+01
 -5.21708E+00  4.93258E-28  5.92710E+05  1.57713E-03  5.06715E+01
 -5.17029E+00  5.02965E-28  5.84801E+05  1.58005E-03  4.42316E+01
 -5.12350E+00  5.02965E-28  5.84801E+05  1.58005E-03  4.42316E+01
 -5.07671E+00  5.02965E-28  5.84801E+05  1.58005E-03  4.42316E+01
 -5.02992E+00  6.30357E-28  4.67915E+05  1.51571E-03  3.60419E+01
 -4.98313E+00  7.57750E-28  3.90330E+05  1.47300E-03  3.06060E+01
 -4.93634E+00  7.57750E-28  3.90330E+05  1.47300E-03  3.06060E+01
 -4.88955E+00  7.57750E-28  3.90330E+05  1.47300E-03  3.06060E+01
 -4.84276E+00  8.86537E-28  3.32777E+05  1.43674E-03  2.57585E+01
 -4.79597E+00  1.01532E-27  2.89824E+05  1.40967E-03  2.21408E+01
 -4.74918E+00  1.01532E-27  2.89824E+05  1.40967E-03  2.21408E+01
 -4.70239E+00  1.01532E-27  2.89824E+05  1.40967E-03  2.21408E+01
 -4.65560E+00  9.95205E-28  2.94493E+05  1.40722E-03  2.05691E+01
 -4.60881E+00  9.75085E-28  2.99355E+05  1.40466E-03  1.89326E+01
 -4.56202E+00  9.75085E-28  2.99355E+05  1.40466E-03  1.89326E+01
 -4.51523E+00  9.75085E-28  2.99355E+05  1.40466E-03  1.89326E+01
 -4.46844E+00  1.20858E-27  2.38566E+05  1.38223E-03  1.82643E+01
 -4.42165E+00  1.44207E-27  1.97462E+05  1.36706E-03  1.78125E+01
 -4.37486E+00  1.44207E-27  1.97462E+05  1.36706E-03  1.78125E+01
 -4.32807E+00  1.44207E-27  1.97462E+05  1.36706E-03  1.78125E+01
 -4.28128E+00  1.60648E-27  1.78430E+05  1.36104E-03  1.68536E+01
 -4.23449E+00  1.77090E-27  1.62932E+05  1.35613E-03  1.60729E+01
 -4.18770E+00  1.77090E-27  1.62932E+05  1.35613E-03  1.60729E+01
 -4.14091E+00  1.77090E-27  1.62932E+05  1.35613E-03  1.60729E+01
 -4.09412E+00  1.49670E-27  1.95475E+05  1.36866E-03  1.51460E+01
 -4.04733E+00  1.22251E-27  2.42616E+05  1.38680E-03  1.38035E+01
 -4.00054E+00  1.22251E-27  2.42616E+05  1.38680E-03  1.38035E+01
 -3.95375E+00  1.22251E-27  2.42616E+05  1.38680E-03  1.38035E+01
 -3.90696E+00  8.80078E-28  3.39372E+05  1.43063E-03  1.40055E+01
 -3.86017E+00  5.37650E-28  5.59376E+05  1.53031E-03  1.44649E+01
 -3.81338E+00  5.37650E-28  5.59376E+05  1.53031E-03  1.44649E+01
 -3.76659E+00  5.37650E-28  5.59376E+05  1.53031E-03  1.44649E+01
 -3.71980E+00  4.28709E-28  6.99004E+05  1.60508E-03  1.57540E+01
 -3.67301E+00  3.19767E-28  9.33772E+05  1.73080E-03  1.79215E+01
 -3.62622E+00  3.19767E-28  9.33772E+05  1.73080E-03  1.79215E+01
 -3.57943E+00  3.19767E-28  9.33772E+05  1.73080E-03  1.79215E+01
 -3.53264E+00  3.02192E-28  9.82562E+05  1.75778E-03  1.79594E+01
 -3.48585E+00  2.84616E-28  1.03738E+06  1.78810E-03  1.80020E+01
 -3.43906E+00  2.84616E-28  1.03738E+06  1.78810E-03  1.80020E+01
 -3.39227E+00  2.84616E-28  1.03738E+06  1.78810E-03  1.80020E+01
 -3.34548E+00  2.89706E-28  1.01796E+06  1.77668E-03  1.60819E+01
 -3.29869E+00  2.94795E-28  9.99209E+05  1.76566E-03  1.42281E+01
 -3.25190E+00  2.94795E-28  9.99209E+05  1.76566E-03  1.42281E+01
 -3.20511E+00  2.94795E-28  9.99209E+05  1.76566E-03  1.42281E+01
 -3.15832E+00  3.01588E-28  9.76522E+05  1.74958E-03  1.15869E+01
 -3.11153E+00  3.08380E-28  9.54834E+05  1.73421E-03  9.06204E+00
 -3.06474E+00  3.08380E-28  9.54834E+05  1.73421E-03  9.06204E+00
 -3.01795E+00  3.08380E-28  9.54834E+05  1.73421E-03  9.06204E+00
 -2.97116E+00  3.12840E-28  9.42077E+05  1.72476E-03  7.22810E+00
 -2.92437E+00  3.17300E-28  9.29678E+05  1.71557E-03  5.44571E+00
 -2.87758E+00  3.17300E-28  9.29678E+05  1.71557E-03  5.44571E+00
 -2.83079E+00  3.17300E-28  9.29678E+05  1.71557E-03  5.44571E+00
 -2.78400E+00  3.10925E-28  9.49067E+05  1.72563E-03  5.21015E+00
 -2.73721E+00  3.04551E-28  9.69267E+05  1.73612E-03  4.96472E+00
 -2.69042E+00  3.04551E-28  9.69267E+05  1.73612E-03  4.96472E+00
 -2.64363E+00  3.04551E-28  9.69267E+05  1.73612E-03  4.96472E+00
 -2.59684E+00  2.90004E-28  1.01665E+06  1.76163E-03  5.43988E+00
 -2.55005E+00  2.75456E-28  1.06904E+06  1.78984E-03  5.96522E+00
 -2.50326E+00  2.75456E-28  1.06904E+06  1.78984E-03  5.96522E+00
 -2.45647E+00  2.75456E-28  1.06904E+06  1.78984E-03  5.96522E+00
 -2.40968E+00  2.72089E-28  1.08198E+06  1.79829E-03  6.07850E+00
 -2.36289E+00  2.68721E-28  1.09524E+06  1.80697E-03  6.19461E+00
 -2.31610E+00  2.68721E-28  1.09524E+06  1.80697E-03  6.19461E+00
 -2.26931E+00  2.68721E-28  1.09524E+06  1.80697E-03  6.19461E+00
 -2.22252E+00  2.73742E-28  1.07370E+06  1.80015E-03  5.23096E+00
 -2.17573E+00  2.78763E-28  1.05293E+06  1.79358E-03  4.30202E+00
 -2.12894E+00  2.78763E-28  1.05293E+06  1.79358E-03  4.30202E+00
 -2.08215E+00  2.78763E-28  1.05293E+06  1.79358E-03  4.30202E+00
 -2.03536E+00  2.79456E-28  1.05762E+06  1.79588E-03  3.92403E+00
 -1.98857E+00  2.80150E-28  1.06229E+06  1.79818E-03  3.54791E+00
 -1.94178E+00  2.80150E-28  1.06229E+06  1.79818E-03  3.54791E+00
 -1.89499E+00  2.80150E-28  1.06229E+06  1.79818E-03  3.54791E+00
 -1.84820E+00  2.70501E-28  1.10193E+06  1.82176E-03  5.16355E+00
 -1.80141E+00  2.60852E-28  1.14450E+06  1.84708E-03  6.89872E+00
 -1.75462E+00  2.60852E-28  1.14450E+06  1.84708E-03  6.89872E+00
 -1.70783E+00  2.60852E-28  1.14450E+06  1.84708E-03  6.89872E+00
 -1.66104E+00  2.45813E-28  1.20904E+06  1.88503E-03  8.27525E+00
 -1.61425E+00  2.30775E-28  1.28198E+06  1.92791E-03  9.83120E+00
 -1.56746E+00  2.30775E-28  1.28198E+06  1.92791E-03  9.83120E+00
 -1.52067E+00  2.30775E-28  1.28198E+06  1.92791E-03  9.83120E+00
 -1.47388E+00  2.26347E-28  1.30749E+06  1.94348E-03  1.00035E+01
 -1.42709E+00  2.21919E-28  1.33401E+06  1.95966E-03  1.01826E+01
 -1.38030E+00  2.21919E-28  1.33401E+06  1.95966E-03  1.01826E+01
 -1.33351E+00  2.21919E-28  1.33401E+06  1.95966E-03  1.01826E+01
 -1.28672E+00  2.39927E-28  1.23568E+06  1.92138E-03  1.04027E+01
 -1.23993E+00  2.57935E-28  1.15108E+06  1.88844E-03  1.05921E+01
 -1.19314E+00  2.57935E-28  1.15108E+06  1.88844E-03  1.05921E+01
 -1.14635E+00  2.57935E-28  1.15108E+06  1.88844E-03  1.05921E+01
 -1.09956E+00  3.32250E-28  8.93829E+05  1.76512E-03  1.11728E+01
 -1.05277E+00  4.06566E-28  7.30624E+05  1.68689E-03  1.15413E+01
 -1.00598E+00  4.06566E-28  7.30624E+05  1.68689E-03  1.15413E+01
 -9.59194E-01  4.06566E-28  7.30624E+05  1.68689E-03  1.15413E+01
 -9.12404E-01  4.24195E-28  6.99493E+05  1.67028E-03  1.18736E+01
 -8.65614E-01  4.41824E-28  6.70847E+05  1.65500E-03  1.21793E+01
 -8.18824E-01  4.41824E-28  6.70847E+05  1.65500E-03  1.21793E+01
 -7.72034E-01  4.41824E-28  6.70847E+05  1.65500E-03  1.21793E+01
 -7.25244E-01  4.14330E-28  7.13545E+05  1.67968E-03  1.20935E+01
 -6.78454E-01  3.86836E-28  7.62311E+05  1.70787E-03  1.19955E+01
 -6.31664E-01  3.86836E-28  7.62311E+05  1.70787E-03  1.19955E+01
 -5.84874E-01  3.86836E-28  7.62311E+05  1.70787E-03  1.19955E+01
 -5.38084E-01  3.58405E-28  8.22316E+05  1.74889E-03  1.24345E+01
 -4.91294E-01  3.29973E-28  8.92662E+05  1.79697E-03  1.29491E+01
 -4.44504E-01  3.29973E-28  8.92662E+05  1.79697E-03  1.29491E+01
 -3.97714E-01  3.29973E-28  8.92662E+05  1.79697E-03  1.29491E+01
 -3.50924E-01  3.07659E-28  9.56374E+05  1.83237E-03  1.49108E+01
 -3.04135E-01  2.85345E-28  1.03005E+06  1.87329E-03  1.71794E+01
 -2.57345E-01  2.85345E-28  1.03005E+06  1.87329E-03  1.71794E+01
 -2.10555E-01  2.85345E-28  1.03005E+06  1.87329E-03  1.71794E+01
 -1.63765E-01  2.83481E-28  1.03372E+06  1.88319E-03  1.92757E+01
 -1.16975E-01  2.81617E-28  1.03743E+06  1.89321E-03  2.13996E+01
 -7.01849E-02  2.81617E-28  1.03743E+06  1.89321E-03  2.13996E+01
 -2.33950E-02  2.81617E-28  1.03743E+06  1.89321E-03  2.13996E+01
  2.33950E-02  2.83503E-28  1.02609E+06  1.89218E-03  2.09141E+01
  7.01849E-02  2.85389E-28  1.01490E+06  1.89117E-03  2.04350E+01
  1.16975E-01  2.85389E-28  1.01490E+06  1.89117E-03  2.04350E+01
  1.63765E-01  2.85389E-28  1.01490E+06  1.89117E-03  2.04350E+01
  2.10555E-01  3.50997E-28  8.29568E+05  1.82149E-03  1.65103E+01
  2.57345E-01  4.16605E-28  7.02607E+05  1.77376E-03  1.38218E+01
  3.04135E-01  4.16605E-28  7.02607E+05  1.77376E-03  1.38218E+01
  3.50924E-01  4.16605E-28  7.02607E+05  1.77376E-03  1.38218E+01
  3.97714E-01  6.00696E-28  4.87930E+05  1.65666E-03  8.42422E+00
  4.44504E-01  7.84787E-28  3.73968E+05  1.59449E-03  5.55893E+00
  4.91294E-01  7.84787E-28  3.73968E+05  1.59449E-03  5.55893E+00
  5.38084E-01  7.84787E-28  3.73968E+05  1.59449E-03  5.55893E+00
  5.84874E-01  5.52433E-28  5.36391E+05  1.65848E-03  4.37401E+00
  6.31664E-01  3.20078E-28  9.34629E+05  1.81537E-03  1.46876E+00
  6.78454E-01  3.20078E-28  9.34629E+05  1.81537E-03  1.46876E+00
  7.25244E-01  3.20078E-28  9.34629E+05  1.81537E-03  1.46876E+00
  7.72034E-01  2.67252E-28  1.12251E+06  1.88493E-03  1.93409E+00
  8.18824E-01  2.14425E-28  1.40296E+06  1.98875E-03  2.62870E+00
  8.65614E-01  2.14425E-28  1.40296E+06  1.98875E-03  2.62870E+00
  9.12404E-01  2.14425E-28  1.40296E+06  1.98875E-03  2.62870E+00
  9.59194E-01  2.13422E-28  1.40951E+06  1.99425E-03  3.21613E+00
  1.00598E+00  2.12418E-28  1.41612E+06  1.99981E-03  3.80911E+00
  1.05277E+00  2.12418E-28  1.41612E+06  1.99981E-03  3.80911E+00
  1.09956E+00  2.12418E-28  1.41612E+06  1.99981E-03  3.80911E+00
  1.14635E+00  2.12643E-28  1.41628E+06  1.99990E-03  4.03093E+00
  1.19314E+00  2.12869E-28  1.41644E+06  2.00000E-03  4.25229E+00
  1.23993E+00  2.12869E-28  1.41644E+06  2.00000E-03  4.25229E+00
  1.28672E+00  2.12869E-28  1.41644E+06  2.00000E-03  4.25229E+00
  1.33351E+00  2.13005E-28  1.41586E+06  2.00000E-03  4.45947E+00
  1.38030E+00  2.13141E-28  1.41528E+06  2.00000E-03  4.66638E+00
  1.42709E+00  2.13141E-28  1.41528E+06  2.00000E-03  4.66638E+00
  1.47388E+00  2.13141E-28  1.41528E+06  2.00000E-03  4.66638E+00
  1.52067E+00  2.13108E-28  1.41493E+06  2.00000E-03  4.82549E+00
  1.56746E+00  2.13075E-28  1.41458E+06  2.00000E-03  4.98464E+00
  1.61425E+00  2.13075E-28  1.41458E+06  2.00000E-03  4.98464E+00
  1.66104E+00  2.13075E-28  1.41458E+06  2.00000E-03  4.98464E+00
  1.70783E+00  2.12931E-28  1.41435E+06  1.99998E-03  5.10726E+00
  1.75462E+00  2.12787E-28  1.41412E+06  1.99997E-03  5.23005E+00
  1.80141E+00  2.12787E-28  1.41412E+06  1.99997E-03  5.23005E+00
  1.84820E+00  2.12787E-28  1.41412E+06  1.99997E-03  5.23005E+00
  1.89499E+00  2.12580E-28  1.41431E+06  1.99990E-03  5.43250E+00
  1.94178E+00  2.12373E-28  1.41449E+06  1.99983E-03  5.63534E+00
  1.98857E+00  2.12373E-28  1.41449E+06  1.99983E-03  5.63534E+00
  2.03536E+00  2.12373E-28  1.41449E+06  1.99983E-03  5.63534E+00
  2.08215E+00  2.12284E-28  1.41383E+06  1.99952E-03  5.98693E+00
  2.12894E+00  2.12195E-28  1.41316E+06  1.99922E-03  6.33881E+00
  2.17573E+00  2.12195E-28  1.41316E+06  1.99922E-03  6.33881E+00
  2.22252E+00  2.12195E-28  1.41316E+06  1.99922E-03  6.33881E+00
  2.26931E+00  2.12347E-28  1.41072E+06  1.99843E-03  6.69808E+00
  2.31610E+00  2.12499E-28  1.40829E+06  1.99765E-03  7.05683E+00
  2.36289E+00  2.12499E-28  1.40829E+06  1.99765E-03  7.05683E+00
  2.40968E+00  2.12499E-28  1.40829E+06  1.99765E-03  7.05683E+00
  2.45647E+00  2.12777E-28  1.40561E+06  1.99663E-03  7.30202E+00
  2.50326E+00  2.13055E-28  1.40295E+06  1.99563E-03  7.54657E+00
  2.55005E+00  2.13055E-28  1.40295E+06  1.99563E-03  7.54657E+00
  2.59684E+00  2.13055E-28  1.40295E+06  1.99563E-03  7.54657E+00
  2.64363E+00  2.13409E-28  1.40088E+06  1.99477E-03  7.77103E+00
  2.69042E+00  2.13764E-28  1.39881E+06  1.99392E-03  7.99473E+00
  2.73721E+00  2.13764E-28  1.39881E+06  1.99392E-03  7.99473E+00
  2.78400E+00  2.13764E-28  1.39881E+06  1.99392E-03  7.99473E+00
  2.83079E+00  2.13744E-28  1.39957E+06  1.99378E-03  8.29600E+00
  2.87758E+00  2.13724E-28  1.40033E+06  1.99363E-03  8.59733E+00
  2.92437E+00  2.13724E-28  1.40033E+06  1.99363E-03  8.59733E+00
  2.97116E+00  2.13724E-28  1.40033E+06  1.99363E-03  8.59733E+00
  3.01795E+00  2.14478E-28  1.39633E+06  1.99150E-03  9.05302E+00
  3.06474E+00  2.15233E-28  1.39237E+06  1.98939E-03  9.50552E+00
  3.11153E+00  2.15233E-28  1.39237E+06  1.98939E-03  9.50552E+00
  3.15832E+00  2.15233E-28  1.39237E+06  1.98939E-03  9.50552E+00
  3.20511E+00  2.20583E-28  1.35933E+06  1.97149E-03  1.03581E+01
  3.25190E+00  2.25932E-28  1.32785E+06  1.95443E-03  1.11703E+01
  3.29869E+00  2.25932E-28  1.32785E+06  1.95443E-03  1.11703E+01
  3.34548E+00  2.25932E-28  1.32785E+06  1.95443E-03  1.11703E+01
  3.39227E+00  2.48876E-28  1.19786E+06  1.88419E-03  1.15229E+01
  3.43906E+00  2.71821E-28  1.08981E+06  1.82581E-03  1.18160E+01
  3.48585E+00  2.71821E-28  1.08981E+06  1.82581E-03  1.18160E+01
  3.53264E+00  2.71821E-28  1.08981E+06  1.82581E-03  1.18160E+01
  3.57943E+00  2.89771E-28  1.01594E+06  1.78777E-03  1.05219E+01
  3.62622E+00  3.07720E-28  9.50689E+05  1.75417E-03  9.37880E+00
  3.67301E+00  3.07720E-28  9.50689E+05  1.75417E-03  9.37880E+00
  3.71980E+00  3.07720E-28  9.50689E+05  1.75417E-03  9.37880E+00
  3.76659E+00  3.00861E-28  9.73559E+05  1.76434E-03  7.35255E+00
  3.81338E+00  2.94002E-28  9.97497E+05  1.77499E-03  5.23176E+00
  3.86017E+00  2.94002E-28  9.97497E+05  1.77499E-03  5.23176E+00
  3.90696E+00  2.94002E-28  9.97497E+05  1.77499E-03  5.23176E+00
  3.95375E+00  2.74794E-28  1.07445E+06  1.81757E-03  3.48235E+00
  4.00054E+00  2.55586E-28  1.16297E+06  1.86655E-03  1.46999E+00
  4.04733E+00  2.55586E-28  1.16297E+06  1.86655E-03  1.46999E+00
  4.09412E+00  2.55586E-28  1.16297E+06  1.86655E-03  1.46999E+00
  4.14091E+00  2.99546E-28  9.97592E+05  1.79232E-03  2.79946E-02
  4.18770E+00  3.43505E-28  8.74539E+05  1.73709E-03 -1.04493E+00
  4.23449E+00  3.43505E-28  8.74539E+05  1.73709E-03 -1.04493E+00
  4.28128E+00  3.43505E-28  8.74539E+05  1.73709E-03 -1.04493E+00
  4.32807E+00  3.82456E-28  7.87641E+05  1.68478E-03 -2.72608E+00
  4.37486E+00  4.21407E-28  7.16808E+05  1.64214E-03 -4.09645E+00
  4.42165E+00  4.21407E-28  7.16808E+05  1.64214E-03 -4.09645E+00
  4.46844E+00  4.21407E-28  7.16808E+05  1.64214E-03 -4.09645E+00
  4.51523E+00  4.24687E-28  7.12730E+05  1.63279E-03 -6.27974E+00
  4.56202E+00  4.27966E-28  7.08715E+05  1.62358E-03 -8.42956E+00
  4.60881E+00  4.27966E-28  7.08715E+05  1.62358E-03 -8.42956E+00
  4.65560E+00  4.27966E-28  7.08715E+05  1.62358E-03 -8.42956E+00
  4.70239E+00  3.81675E-28  7.96236E+05  1.66927E-03 -1.04012E+01
  4.74918E+00  3.35384E-28  9.07916E+05  1.72757E-03 -1.29170E+01
  4.79597E+00  3.35384E-28  9.07916E+05  1.72757E-03 -1.29170E+01
  4.84276E+00  3.35384E-28  9.07916E+05  1.72757E-03 -1.29170E+01
  4.88955E+00  2.93741E-28  1.03787E+06  1.79798E-03 -1.42368E+01
  4.93634E+00  2.52098E-28  1.21076E+06  1.89164E-03 -1.59926E+01
  4.98313E+00  2.52098E-28  1.21076E+06  1.89164E-03 -1.59926E+01
  5.02992E+00  2.52098E-28  1.21076E+06  1.89164E-03 -1.59926E+01
  5.07671E+00  2.47476E-28  1.23290E+06  1.90307E-03 -1.67396E+01
  5.12350E+00  2.42854E-28  1.25587E+06  1.91492E-03 -1.75151E+01
  5.17029E+00  2.42854E-28  1.25587E+06  1.91492E-03 -1.75151E+01
  5.21708E+00  2.42854E-28  1.25587E+06  1.91492E-03 -1.75151E+01
  5.26387E+00  2.51682E-28  1.21044E+06  1.88964E-03 -1.80123E+01
  5.31066E+00  2.60510E-28  1.16808E+06  1.86607E-03 -1.84758E+01
  5.35745E+00  2.60510E-28  1.16808E+06  1.86607E-03 -1.84758E+01
  5.40424E+00  2.60510E-28  1.16808E+06  1.86607E-03 -1.84758E+01
  5.45103E+00  2.68149E-28  1.13300E+06  1.84715E-03 -1.90039E+01
  5.49782E+00  2.75789E-28  1.09985E+06  1.82927E-03 -1.95028E+01
  5.54461E+00  2.75789E-28  1.09985E+06  1.82927E-03 -1.95028E+01
  5.59140E+00  2.75789E-28  1.09985E+06  1.82927E-03 -1.95028E+01
  5.63819E+00  2.73662E-28  1.10593E+06  1.83336E-03 -2.02033E+01
  5.68498E+00  2.71536E-28  1.11210E+06  1.83751E-03 -2.09148E+01
  5.73177E+00  2.71536E-28  1.11210E+06  1.83751E-03 -2.09148E+01
  5.77856E+00  2.71536E-28  1.11210E+06  1.83751E-03 -2.09148E+01
  5.82535E+00  2.60684E-28  1.15516E+06  1.86127E-03 -2.18580E+01
  5.87214E+00  2.49832E-28  1.20196E+06  1.88710E-03 -2.28831E+01
  5.91893E+00  2.49832E-28  1.20196E+06  1.88710E-03 -2.28831E+01
  5.96572E+00  2.49832E-28  1.20196E+06  1.88710E-03 -2.28831E+01
  6.01251E+00  2.39335E-28  1.25082E+06  1.91466E-03 -2.40091E+01
  6.05930E+00  2.28838E-28  1.30416E+06  1.94474E-03 -2.52384E+01
  6.10609E+00  2.28838E-28  1.30416E+06  1.94474E-03 -2.52384E+01
  6.15288E+00  2.28838E-28  1.30416E+06  1.94474E-03 -2.52384E+01
  6.19967E+00  2.24858E-28  1.32351E+06  1.95697E-03 -2.62491E+01
  6.24646E+00  2.20879E-28  1.34357E+06  1.96964E-03 -2.72963E+01
  6.29325E+00  2.20879E-28  1.34357E+06  1.96964E-03 -2.72963E+01
  6.34003E+00  2.20879E-28  1.34357E+06  1.96964E-03 -2.72963E+01
  6.38683E+00  2.22570E-28  1.33087E+06  1.96541E-03 -2.76535E+01
  6.43362E+00  2.24262E-28  1.31836E+06  1.96124E-03 -2.80054E+01
  6.48040E+00  2.24262E-28  1.31836E+06  1.96124E-03 -2.80054E+01
  6.52719E+00  2.24262E-28  1.31836E+06  1.96124E-03 -2.80054E+01
  6.57398E+00  2.28705E-28  1.29226E+06  1.94801E-03 -2.72066E+01
  6.62077E+00  2.33148E-28  1.26714E+06  1.93529E-03 -2.64382E+01
  6.66756E+00  2.33148E-28  1.26714E+06  1.93529E-03 -2.64382E+01
  6.71435E+00  2.33148E-28  1.26714E+06  1.93529E-03 -2.64382E+01
  6.76114E+00  2.37655E-28  1.24375E+06  1.92241E-03 -2.44651E+01
  6.80793E+00  2.42162E-28  1.22124E+06  1.91001E-03 -2.25655E+01
  6.85472E+00  2.42162E-28  1.22124E+06  1.91001E-03 -2.25655E+01
  6.90151E+00  2.42162E-28  1.22124E+06  1.91001E-03 -2.25655E+01
  6.94830E+00  2.42838E-28  1.21810E+06  1.90928E-03 -2.00576E+01
  6.99509E+00  2.43514E-28  1.21499E+06  1.90856E-03 -1.75637E+01
  7.04188E+00  2.43514E-28  1.21499E+06  1.90856E-03 -1.75637E+01
  7.08867E+00  2.43514E-28  1.21499E+06  1.90856E-03 -1.75637E+01
  7.13546E+00  2.38242E-28  1.24063E+06  1.92155E-03 -1.54372E+01
  7.18225E+00  2.32970E-28  1.26743E+06  1.93513E-03 -1.32145E+01
  7.22904E+00  2.32970E-28  1.26743E+06  1.93513E-03 -1.32145E+01
  7.27583E+00  2.32970E-28  1.26743E+06  1.93513E-03 -1.32145E+01
  7.32262E+00  2.25784E-28  1.30642E+06  1.95498E-03 -1.18973E+01
  7.36941E+00  2.18597E-28  1.34798E+06  1.97615E-03 -1.04934E+01
  7.41620E+00  2.18597E-28  1.34798E+06  1.97615E-03 -1.04934E+01
  7.46299E+00  2.18597E-28  1.34798E+06  1.97615E-03 -1.04934E+01
  7.50978E+00  2.14540E-28  1.37331E+06  1.98712E-03 -9.73856E+00
  7.55657E+00  2.10483E-28  1.39962E+06  1.99852E-03 -8.95461E+00
  7.60336E+00  2.10483E-28  1.39962E+06  1.99852E-03 -8.95461E+00
  7.65015E+00  2.10483E-28  1.39962E+06  1.99852E-03 -8.95461E+00
  7.69694E+00  2.10173E-28  1.40034E+06  1.99926E-03 -8.70060E+00
  7.74373E+00  2.09864E-28  1.40107E+06  2.00000E-03 -8.44585E+00
  7.79052E+00  2.09864E-28  1.40107E+06  2.00000E-03 -8.44585E+00
  7.83731E+00  2.09864E-28  1.40107E+06  2.00000E-03 -8.44585E+00
  7.88410E+00  2.09889E-28  1.40089E+06  2.00000E-03 -8.61954E+00
  7.93089E+00  2.09914E-28  1.40070E+06  2.00000E-03 -8.79319E+00
  7.97768E+00  2.09914E-28  1.40070E+06  2.00000E-03 -8.79319E+00
  8.02447E+00  2.09914E-28  1.40070E+06  2.00000E-03 -8.79319E+00
  8.07126E+00  2.09975E-28  1.40095E+06  2.00000E-03 -9.04010E+00
  8.11805E+00  2.10035E-28  1.40119E+06  2.00000E-03 -9.28686E+00
  8.16484E+00  2.10035E-28  1.40119E+06  2.00000E-03 -9.28686E+00
  8.21163E+00  2.10035E-28  1.40119E+06  2.00000E-03 -9.28686E+00
  8.25842E+00  2.10107E-28  1.40153E+06  2.00000E-03 -9.50901E+00
  8.30521E+00  2.10179E-28  1.40186E+06  2.00000E-03 -9.73101E+00
  8.35200E+00  2.10179E-28  1.40186E+06  2.00000E-03 -9.73101E+00
  8.39879E+00  2.10179E-28  1.40186E+06  2.00000E-03 -9.73101E+00
  8.44558E+00  2.10292E-28  1.40234E+06  2.00000E-03 -9.93681E+00
  8.49237E+00  2.10405E-28  1.40283E+06  2.00000E-03 -1.01424E+01
  8.53916E+00  2.10405E-28  1.40283E+06  2.00000E-03 -1.01424E+01
  8.58595E+00  2.10405E-28  1.40283E+06  2.00000E-03 -1.01424E+01
  8.63274E+00  2.10549E-28  1.40346E+06  2.00000E-03 -1.03146E+01
  8.67953E+00  2.10694E-28  1.40409E+06  2.00000E-03 -1.04867E+01
  8.72632E+00  2.10694E-28  1.40409E+06  2.00000E-03 -1.04867E+01
  8.77311E+00  2.10694E-28  1.40409E+06  2.00000E-03 -1.04867E+01
  8.81990E+00  2.10860E-28  1.40482E+06  2.00000E-03 -1.06167E+01
  8.86669E+00  2.11027E-28  1.40554E+06  2.00000E-03 -1.07465E+01
  8.91348E+00  2.11027E-28  1.40554E+06  2.00000E-03 -1.07465E+01
  8.96027E+00  2.11027E-28  1.40554E+06  2.00000E-03 -1.07465E+01
  9.00706E+00  2.11204E-28  1.40632E+06  2.00000E-03 -1.08375E+01
  9.05385E+00  2.11381E-28  1.40710E+06  2.00000E-03 -1.09283E+01
  9.10064E+00  2.11381E-28  1.40710E+06  2.00000E-03 -1.09283E+01
  9.14743E+00  2.11381E-28  1.40710E+06  2.00000E-03 -1.09283E+01
  9.19422E+00  2.11556E-28  1.40786E+06  2.00000E-03 -1.09896E+01
  9.24101E+00  2.11730E-28  1.40863E+06  2.00000E-03 -1.10508E+01
  9.28780E+00  2.11730E-28  1.40863E+06  2.00000E-03 -1.10508E+01
  9.33459E+00  2.11730E-28  1.40863E+06  2.00000E-03 -1.10508E+01
  9.38138E+00  2.11894E-28  1.40935E+06  2.00000E-03 -1.10862E+01
  9.42817E+00  2.12058E-28  1.41007E+06  2.00000E-03 -1.11215E+01
  9.47496E+00  2.12058E-28  1.41007E+06  2.00000E-03 -1.11215E+01
  9.52175E+00  2.12058E-28  1.41007E+06  2.00000E-03 -1.11215E+01
  9.56854E+00  2.12201E-28  1.41069E+06  2.00000E-03 -1.11302E+01
  9.61533E+00  2.12343E-28  1.41131E+06  2.00000E-03 -1.11389E+01
  9.66212E+00  2.12343E-28  1.41131E+06  2.00000E-03 -1.11389E+01
  9.70891E+00  2.12343E-28  1.41131E+06  2.00000E-03 -1.11389E+01
  9.75570E+00  2.12458E-28  1.41179E+06  2.00000E-03 -1.11200E+01
  9.80249E+00  2.12573E-28  1.41227E+06  2.00000E-03 -1.11012E+01
  9.84928E+00  2.12573E-28  1.41227E+06  2.00000E-03 -1.11012E+01
  9.89607E+00  2.12573E-28  1.41227E+06  2.00000E-03 -1.11012E+01
  9.94286E+00  2.12658E-28  1.41261E+06  2.00000E-03 -1.10559E+01
  9.98965E+00  2.12743E-28  1.41294E+06  1.99999E-03 -1.10107E+01
  1.00364E+01  2.12743E-28  1.41294E+06  1.99999E-03 -1.10107E+01
  1.00832E+01  2.12743E-28  1.41294E+06  1.99999E-03 -1.10107E+01
  1.01300E+01  2.12797E-28  1.41314E+06  1.99999E-03 -1.09501E+01
  1.01768E+01  2.12851E-28  1.41333E+06  1.99999E-03 -1.08896E+01
  1.02236E+01  2.12851E-28  1.41333E+06  1.99999E-03 -1.08896E+01
  1.02704E+01  2.12851E-28  1.41333E+06  1.99999E-03 -1.08896E+01
  1.03172E+01  2.12879E-28  1.41342E+06  1.99999E-03 -1.08341E+01
  1.03640E+01  2.12906E-28  1.41350E+06  1.99999E-03 -1.07786E+01
  1.04108E+01  2.12906E-28  1.41350E+06  1.99999E-03 -1.07786E+01
  1.04575E+01  2.12906E-28  1.41350E+06  1.99999E-03 -1.07786E+01
  1.05043E+01  2.12915E-28  1.41352E+06  1.99999E-03 -1.07536E+01
  1.05511E+01  2.12923E-28  1.41353E+06  1.99999E-03 -1.07287E+01
  1.05979E+01  2.12923E-28  1.41353E+06  1.99999E-03 -1.07287E+01
  1.06447E+01  2.12923E-28  1.41353E+06  1.99999E-03 -1.07287E+01
  1.06915E+01  2.12921E-28  1.41352E+06  1.99999E-03 -1.07832E+01
  1.07383E+01  2.12919E-28  1.41351E+06  1.99999E-03 -1.08378E+01
  1.07851E+01  2.12919E-28  1.41351E+06  1.99999E-03 -1.08378E+01
  1.08319E+01  2.12919E-28  1.41351E+06  1.99999E-03 -1.08378E+01
  1.08787E+01  2.12893E-28  1.41355E+06  1.99999E-03 -1.11150E+01
  1.09254E+01  2.12867E-28  1.41359E+06  1.99999E-03 -1.13923E+01
  1.09722E+01  2.12867E-28  1.41359E+06  1.99999E-03 -1.13923E+01
  1.10190E+01  2.12867E-28  1.41359E+06  1.99999E-03 -1.13923E+01
  1.10658E+01  2.12735E-28  1.41372E+06  1.99995E-03 -1.21964E+01
  1.11126E+01  2.12602E-28  1.41385E+06  1.99992E-03 -1.30016E+01
  1.11594E+01  2.12602E-28  1.41385E+06  1.99992E-03 -1.30016E+01
  1.12062E+01  2.12602E-28  1.41385E+06  1.99992E-03 -1.30016E+01
  1.12530E+01  2.12900E-28  1.41050E+06  1.99911E-03 -1.45665E+01
  1.12998E+01  2.13198E-28  1.40716E+06  1.99831E-03 -1.61270E+01
  1.13466E+01  2.13198E-28  1.40716E+06  1.99831E-03 -1.61270E+01
  1.13933E+01  2.13198E-28  1.40716E+06  1.99831E-03 -1.61270E+01
  1.14401E+01  2.17770E-28  1.37455E+06  1.98666E-03 -1.81808E+01
  1.14869E+01  2.22341E-28  1.34329E+06  1.97548E-03 -2.01503E+01
  1.15337E+01  2.22341E-28  1.34329E+06  1.97548E-03 -2.01503E+01
  1.15805E+01  2.22341E-28  1.34329E+06  1.97548E-03 -2.01503E+01
  1.16273E+01  2.67256E-28  1.12423E+06  1.88152E-03 -2.01694E+01
  1.16741E+01  3.12170E-28  9.68203E+05  1.81459E-03 -2.01830E+01
  1.17209E+01  3.12170E-28  9.68203E+05  1.81459E-03 -2.01830E+01
  1.17677E+01  3.12170E-28  9.68203E+05  1.81459E-03 -2.01830E+01
  1.18145E+01  5.10198E-28  6.00884E+05  1.61267E-03 -1.36167E+01
  1.18612E+01  7.08226E-28  4.38979E+05  1.52367E-03 -1.07225E+01
  1.19080E+01  7.08226E-28  4.38979E+05  1.52367E-03 -1.07225E+01
  1.19548E+01  7.08226E-28  4.38979E+05  1.52367E-03 -1.07225E+01
  1.20016E+01  8.97174E-28  3.49502E+05  1.49112E-03 -4.13879E+00
  1.20484E+01  1.08612E-27  2.91158E+05  1.46989E-03  1.54227E-01
  1.20952E+01  1.08612E-27  2.91158E+05  1.46989E-03  1.54227E-01
  1.21420E+01  1.08612E-27  2.91158E+05  1.46989E-03  1.54227E-01
  1.21888E+01  6.75650E-28  4.71109E+05  1.55553E-03  1.62020E+00
  1.22356E+01  2.65179E-28  1.20815E+06  1.90630E-03  7.62454E+00
  1.22824E+01  2.65179E-28  1.20815E+06  1.90630E-03  7.62454E+00
  1.23291E+01  2.65179E-28  1.20815E+06  1.90630E-03  7.62454E+00
  1.23759E+01  2.40917E-28  1.30588E+06  1.94736E-03  7.17659E+00
  1.24227E+01  2.16655E-28  1.42550E+06  1.99762E-03  6.62831E+00
  1.24695E+01  2.16655E-28  1.42550E+06  1.99762E-03  6.62831E+00
  1.25163E+01  2.16655E-28  1.42550E+06  1.99762E-03  6.62831E+00
  1.25631E+01  2.16714E-28  1.42822E+06  1.99881E-03  3.68690E+00
  1.26099E+01  2.16772E-28  1.43093E+06  1.99999E-03  7.47078E-01
  1.26567E+01  2.16772E-28  1.43093E+06  1.99999E-03  7.47078E-01
  1.27035E+01  2.16772E-28  1.43093E+06  1.99999E-03  7.47078E-01
  1.27503E+01  2.16544E-28  1.42993E+06  1.99999E-03 -9.30688E-01
  1.27970E+01  2.16317E-28  1.42892E+06  2.00000E-03 -2.61199E+00
  1.28438E+01  2.16317E-28  1.42892E+06  2.00000E-03 -2.61199E+00
  1.28906E+01  2.16317E-28  1.42892E+06  2.00000E-03 -2.61199E+00
  1.29374E+01  2.16168E-28  1.42826E+06  2.00000E-03 -3.54911E+00
  1.29842E+01  2.16019E-28  1.42761E+06  2.00000E-03 -4.48753E+00
  1.30310E+01  2.16019E-28  1.42761E+06  2.00000E-03 -4.48753E+00
  1.30778E+01  2.16019E-28  1.42761E+06  2.00000E-03 -4.48753E+00
  1.31246E+01  2.16004E-28  1.42755E+06  2.00000E-03 -5.11699E+00
  1.31714E+01  2.15989E-28  1.42749E+06  2.00000E-03 -5.74654E+00
  1.32182E+01  2.15989E-28  1.42749E+06  2.00000E-03 -5.74654E+00
  1.32649E+01  2.15989E-28  1.42749E+06  2.00000E-03 -5.74654E+00
  1.33117E+01  2.16036E-28  1.42771E+06  2.00000E-03 -6.21978E+00
  1.33585E+01  2.16083E-28  1.42793E+06  2.00000E-03 -6.69282E+00
  1.34053E+01  2.16083E-28  1.42793E+06  2.00000E-03 -6.69282E+00
  1.34521E+01  2.16083E-28  1.42793E+06  2.00000E-03 -6.69282E+00
  1.34989E+01  2.16147E-28  1.42822E+06  2.00000E-03 -7.06449E+00
  1.35457E+01  2.16211E-28  1.42851E+06  2.00000E-03 -7.43595E+00
  1.35925E+01  2.16211E-28  1.42851E+06  2.00000E-03 -7.43595E+00
  1.36393E+01  2.16211E-28  1.42851E+06  2.00000E-03 -7.43595E+00
  1.36861E+01  2.16278E-28  1.42879E+06  2.00000E-03 -7.73030E+00
  1.37328E+01  2.16344E-28  1.42907E+06  2.00000E-03 -8.02448E+00
  1.37796E+01  2.16344E-28  1.42907E+06  2.00000E-03 -8.02448E+00
  1.38264E+01  2.16344E-28  1.42907E+06  2.00000E-03 -8.02448E+00
  1.38732E+01  2.16293E-28  1.42880E+06  2.00000E-03 -8.48419E+00
  1.39200E+01  2.16242E-28  1.42853E+06  2.00000E-03 -8.94412E+00
  1.39668E+01  2.16242E-28  1.42853E+06  2.00000E-03 -8.94412E+00
  1.40136E+01  2.16242E-28  1.42853E+06  2.00000E-03 -8.94412E+00
  1.40604E+01  2.16242E-28  1.42853E+06  2.00000E-03 -8.94412E+00
  1.41072E+01  2.16242E-28  1.42853E+06  2.00000E-03 -8.94412E+00
  1.41540E+01  2.16242E-28  1.42853E+06  2.00000E-03 -8.94412E+00
  1.42007E+01  2.16242E-28  1.42853E+06  2.00000E-03 -8.94412E+00
  1.42475E+01  2.16093E-28  1.42773E+06  2.00000E-03 -9.74113E+00
  1.42943E+01  2.15943E-28  1.42694E+06  2.00000E-03 -1.05392E+01
  1.43411E+01  2.15943E-28  1.42694E+06  2.00000E-03 -1.05392E+01
  1.43879E+01  2.15943E-28  1.42694E+06  2.00000E-03 -1.05392E+01
  1.44347E+01  2.15943E-28  1.42694E+06  2.00000E-03 -1.05392E+01
  1.44815E+01  2.15943E-28  1.42694E+06  2.00000E-03 -1.05392E+01
  1.45283E+01  2.15943E-28  1.42694E+06  2.00000E-03 -1.05392E+01
  1.45751E+01  2.15943E-28  1.42694E+06  2.00000E-03 -1.05392E+01
  1.46219E+01  2.15661E-28  1.42559E+06  2.00000E-03 -1.15849E+01
  1.46686E+01  2.15379E-28  1.42424E+06  1.99999E-03 -1.26332E+01
  1.47154E+01  2.15379E-28  1.42424E+06  1.99999E-03 -1.26332E+01
  1.47622E+01  2.15379E-28  1.42424E+06  1.99999E-03 -1.26332E+01
  1.48090E+01  2.15379E-28  1.42424E+06  1.99999E-03 -1.26332E+01
  1.48558E+01  2.15379E-28  1.42424E+06  1.99999E-03 -1.26332E+01
  1.49026E+01  2.15379E-28  1.42424E+06  1.99999E-03 -1.26332E+01
  1.49494E+01  2.15379E-28  1.42424E+06  1.99999E-03 -1.26332E+01
  1.49962E+01  2.14963E-28  1.42361E+06  1.99997E-03 -1.38848E+01
  1.50430E+01  2.14547E-28  1.42297E+06  1.99994E-03 -1.51412E+01
  1.50898E+01  2.14547E-28  1.42297E+06  1.99994E-03 -1.51412E+01
  1.51365E+01  2.14547E-28  1.42297E+06  1.99994E-03 -1.51412E+01
  1.51833E+01  2.14547E-28  1.42297E+06  1.99994E-03 -1.51412E+01
  1.52301E+01  2.14547E-28  1.42297E+06  1.99994E-03 -1.51412E+01
  1.52769E+01  2.14547E-28  1.42297E+06  1.99994E-03 -1.51412E+01
  1.53237E+01  2.14547E-28  1.42297E+06  1.99994E-03 -1.51412E+01
  1.53705E+01  2.14089E-28  1.42347E+06  1.99976E-03 -1.63750E+01
  1.54173E+01  2.13630E-28  1.42397E+06  1.99959E-03 -1.76140E+01
  1.54641E+01  2.13630E-28  1.42397E+06  1.99959E-03 -1.76140E+01
  1.55109E+01  2.13630E-28  1.42397E+06  1.99959E-03 -1.76140E+01
  1.55577E+01  2.13630E-28  1.42397E+06  1.99959E-03 -1.76140E+01
  1.56044E+01  2.13630E-28  1.42397E+06  1.99959E-03 -1.76140E+01
  1.56512E+01  2.13630E-28  1.42397E+06  1.99959E-03 -1.76140E+01
  1.56980E+01  2.13630E-28  1.42397E+06  1.99959E-03 -1.76140E+01
  1.57448E+01  2.13486E-28  1.42367E+06  1.99875E-03 -1.83951E+01
  1.57916E+01  2.13342E-28  1.42337E+06  1.99790E-03 -1.91773E+01
  1.58384E+01  2.13342E-28  1.42337E+06  1.99790E-03 -1.91773E+01
  1.58852E+01  2.13342E-28  1.42337E+06  1.99790E-03 -1.91773E+01
  1.59320E+01  2.13342E-28  1.42337E+06  1.99790E-03 -1.91773E+01
  1.59788E+01  2.13342E-28  1.42337E+06  1.99790E-03 -1.91773E+01
  1.60256E+01  2.13342E-28  1.42337E+06  1.99790E-03 -1.91773E+01
  1.60723E+01  2.13342E-28  1.42337E+06  1.99790E-03 -1.91773E+01
  1.61191E+01  2.14110E-28  1.42461E+06  1.99503E-03 -1.88126E+01
  1.61659E+01  2.14878E-28  1.42584E+06  1.99218E-03 -1.84505E+01
  1.62127E+01  2.14878E-28  1.42584E+06  1.99218E-03 -1.84505E+01
  1.62595E+01  2.14878E-28  1.42584E+06  1.99218E-03 -1.84505E+01
  1.63063E+01  2.14878E-28  1.42584E+06  1.99218E-03 -1.84505E+01
  1.63531E+01  2.14878E-28  1.42584E+06  1.99218E-03 -1.84505E+01
  1.63999E+01  2.14878E-28  1.42584E+06  1.99218E-03 -1.84505E+01
  1.64467E+01  2.14878E-28  1.42584E+06  1.99218E-03 -1.84505E+01
  1.64935E+01  2.15498E-28  1.42118E+06  1.98731E-03 -1.75044E+01
  1.65402E+01  2.16118E-28  1.41654E+06  1.98246E-03 -1.65637E+01
  1.65870E+01  2.16118E-28  1.41654E+06  1.98246E-03 -1.65637E+01
  1.66338E+01  2.16118E-28  1.41654E+06  1.98246E-03 -1.65637E+01
  1.66806E+01  2.16118E-28  1.41654E+06  1.98246E-03 -1.65637E+01
  1.67274E+01  2.16118E-28  1.41654E+06  1.98246E-03 -1.65637E+01
  1.67742E+01  2.16118E-28  1.41654E+06  1.98246E-03 -1.65637E+01
  1.68210E+01  2.16118E-28  1.41654E+06  1.98246E-03 -1.65637E+01
  1.68678E+01  2.15771E-28  1.41285E+06  1.98333E-03 -1.63823E+01
  1.69146E+01  2.15424E-28  1.40914E+06  1.98420E-03 -1.62002E+01
  1.69613E+01  2.15424E-28  1.40914E+06  1.98420E-03 -1.62002E+01
  1.70081E+01  2.15424E-28  1.40914E+06  1.98420E-03 -1.62002E+01
  1.70549E+01  2.15424E-28  1.40914E+06  1.98420E-03 -1.62002E+01
  1.71017E+01  2.15424E-28  1.40914E+06  1.98420E-03 -1.62002E+01
  1.71485E+01  2.15424E-28  1.40914E+06  1.98420E-03 -1.62002E+01
  1.71953E+01  2.15424E-28  1.40914E+06  1.98420E-03 -1.62002E+01
  1.72421E+01  2.15126E-28  1.41743E+06  1.99209E-03 -1.55999E+01
  1.72889E+01  2.14828E-28  1.42573E+06  2.00000E-03 -1.49979E+01
  1.73357E+01  2.14828E-28  1.42573E+06  2.00000E-03 -1.49979E+01
  1.73825E+01  2.14828E-28  1.42573E+06  2.00000E-03 -1.49979E+01
  1.74292E+01  2.14828E-28  1.42573E+06  2.00000E-03 -1.49979E+01
  1.74760E+01  2.14828E-28  1.42573E+06  2.00000E-03 -1.49979E+01
  1.75228E+01  2.14828E-28  1.42573E+06  2.00000E-03 -1.49979E+01
  1.75696E+01  2.14828E-28  1.42573E+06  2.00000E-03 -1.49979E+01
  1.76164E+01  2.14774E-28  1.42359E+06  2.00000E-03 -1.40687E+01
  1.76632E+01  2.14721E-28  1.42145E+06  2.00000E-03 -1.31392E+01
  1.77100E+01  2.14721E-28  1.42145E+06  2.00000E-03 -1.31392E+01
  1.77568E+01  2.14721E-28  1.42145E+06  2.00000E-03 -1.31392E+01
  1.78036E+01  2.14721E-28  1.42145E+06  2.00000E-03 -1.31392E+01
  1.78504E+01  2.14721E-28  1.42145E+06  2.00000E-03 -1.31392E+01
  1.78971E+01  2.14721E-28  1.42145E+06  2.00000E-03 -1.31392E+01
  1.79439E+01  2.14721E-28  1.42145E+06  2.00000E-03 -1.31392E+01
  1.79907E+01  2.14961E-28  1.42266E+06  2.00000E-03 -1.28509E+01
  1.80375E+01  2.15202E-28  1.42385E+06  2.00000E-03 -1.25633E+01
  1.80843E+01  2.15202E-28  1.42385E+06  2.00000E-03 -1.25633E+01
  1.81311E+01  2.15202E-28  1.42385E+06  2.00000E-03 -1.25633E+01
  1.81779E+01  2.15202E-28  1.42385E+06  2.00000E-03 -1.25633E+01
  1.82247E+01  2.15202E-28  1.42385E+06  2.00000E-03 -1.25633E+01
  1.82715E+01  2.15202E-28  1.42385E+06  2.00000E-03 -1.25633E+01
  1.83183E+01  2.15202E-28  1.42385E+06  2.00000E-03 -1.25633E+01
  1.83650E+01  2.15335E-28  1.42441E+06  2.00000E-03 -1.23748E+01
  1.84118E+01  2.15468E-28  1.42497E+06  2.00000E-03 -1.21866E+01
  1.84586E+01  2.15468E-28  1.42497E+06  2.00000E-03 -1.21866E+01
  1.85054E+01  2.15468E-28  1.42497E+06  2.00000E-03 -1.21866E+01
  1.85522E+01  2.15468E-28  1.42497E+06  2.00000E-03 -1.21866E+01
  1.85990E+01  2.15468E-28  1.42497E+06  2.00000E-03 -1.21866E+01
  1.86458E+01  2.15468E-28  1.42497E+06  2.00000E-03 -1.21866E+01
  1.86926E+01  2.15468E-28  1.42497E+06  2.00000E-03 -1.21866E+01
  1.87394E+01  2.15576E-28  1.42543E+06  2.00000E-03 -1.22519E+01
  1.87862E+01  2.15684E-28  1.42589E+06  2.00000E-03 -1.23172E+01
  1.88329E+01  2.15684E-28  1.42589E+06  2.00000E-03 -1.23172E+01
  1.88797E+01  2.15684E-28  1.42589E+06  2.00000E-03 -1.23172E+01
  1.89265E+01  2.15684E-28  1.42589E+06  2.00000E-03 -1.23172E+01
  1.89733E+01  2.15684E-28  1.42589E+06  2.00000E-03 -1.23172E+01
  1.90201E+01  2.15684E-28  1.42589E+06  2.00000E-03 -1.23172E+01
  1.90669E+01  2.15684E-28  1.42589E+06  2.00000E-03 -1.23172E+01
  1.91137E+01  2.15684E-28  1.42589E+06  2.00000E-03 -1.23172E+01
  1.91605E+01  2.15684E-28  1.42589E+06  2.00000E-03 -1.23172E+01
  1.92073E+01  2.15684E-28  1.42589E+06  2.00000E-03 -1.23172E+01
  1.92541E+01  2.15684E-28  1.42589E+06  2.00000E-03 -1.23172E+01
  1.93008E+01  2.15684E-28  1.42589E+06  2.00000E-03 -1.23172E+01
  1.93476E+01  2.15684E-28  1.42589E+06  2.00000E-03 -1.23172E+01
  1.93944E+01  2.15684E-28  1.42589E+06  2.00000E-03 -1.23172E+01
  1.94412E+01  2.15684E-28  1.42589E+06  2.00000E-03 -1.23172E+01
  1.94880E+01  2.15968E-28  1.42713E+06  2.00000E-03 -1.24729E+01
  1.95348E+01  2.16253E-28  1.42835E+06  2.00000E-03 -1.26281E+01
  1.95816E+01  2.16253E-28  1.42835E+06  2.00000E-03 -1.26281E+01
  1.96284E+01  2.16253E-28  1.42835E+06  2.00000E-03 -1.26281E+01
  1.96752E+01  2.16253E-28  1.42835E+06  2.00000E-03 -1.26281E+01
  1.97220E+01  2.16253E-28  1.42835E+06  2.00000E-03 -1.26281E+01
  1.97687E+01  2.16253E-28  1.42835E+06  2.00000E-03 -1.26281E+01
  1.98155E+01  2.16253E-28  1.42835E+06  2.00000E-03 -1.26281E+01
  1.98623E+01  2.16253E-28  1.42835E+06  2.00000E-03 -1.26281E+01
  1.99091E+01  2.16253E-28  1.42835E+06  2.00000E-03 -1.26281E+01
  1.99559E+01  2.16253E-28  1.42835E+06  2.00000E-03 -1.26281E+01
  2.00027E+01  2.16253E-28  1.42835E+06  2.00000E-03 -1.26281E+01
  2.00495E+01  2.16253E-28  1.42835E+06  2.00000E-03 -1.26281E+01
  2.00963E+01  2.16253E-28  1.42835E+06  2.00000E-03 -1.26281E+01
  2.01431E+01  2.16253E-28  1.42835E+06  2.00000E-03 -1.26281E+01
  2.01899E+01  2.16253E-28  1.42835E+06  2.00000E-03 -1.26281E+01
  2.02366E+01  2.16430E-28  1.42913E+06  2.00000E-03 -1.26149E+01
  2.02834E+01  2.16608E-28  1.42990E+06  2.00000E-03 -1.26017E+01
  2.03302E+01  2.16608E-28  1.42990E+06  2.00000E-03 -1.26017E+01
  2.03770E+01  2.16608E-28  1.42990E+06  2.00000E-03 -1.26017E+01
  2.04238E+01  2.16608E-28  1.42990E+06  2.00000E-03 -1.26017E+01
  2.04706E+01  2.16608E-28  1.42990E+06  2.00000E-03 -1.26017E+01
  2.05174E+01  2.16608E-28  1.42990E+06  2.00000E-03 -1.26017E+01
  2.05642E+01  2.16608E-28  1.42990E+06  2.00000E-03 -1.26017E+01
  2.06110E+01  2.16608E-28  1.42990E+06  2.00000E-03 -1.26017E+01
  2.06578E+01  2.16608E-28  1.42990E+06  2.00000E-03 -1.26017E+01
  2.07045E+01  2.16608E-28  1.42990E+06  2.00000E-03 -1.26017E+01
  2.07513E+01  2.16608E-28  1.42990E+06  2.00000E-03 -1.26017E+01
  2.07981E+01  2.16608E-28  1.42990E+06  2.00000E-03 -1.26017E+01
  2.08449E+01  2.16608E-28  1.42990E+06  2.00000E-03 -1.26017E+01
  2.08917E+01  2.16608E-28  1.42990E+06  2.00000E-03 -1.26017E+01
  2.09385E+01  2.16608E-28  1.42990E+06  2.00000E-03 -1.26017E+01
  2.09853E+01  2.16663E-28  1.43013E+06  2.00000E-03 -1.25909E+01
  2.10321E+01  2.16718E-28  1.43036E+06  2.00000E-03 -1.25800E+01
  2.10789E+01  2.16718E-28  1.43036E+06  2.00000E-03 -1.25800E+01
  2.11257E+01  2.16718E-28  1.43036E+06  2.00000E-03 -1.25800E+01
  2.11724E+01  2.16718E-28  1.43036E+06  2.00000E-03 -1.25800E+01
  2.12192E+01  2.16718E-28  1.43036E+06  2.00000E-03 -1.25800E+01
  2.12660E+01  2.16718E-28  1.43036E+06  2.00000E-03 -1.25800E+01
  2.13128E+01  2.16718E-28  1.43036E+06  2.00000E-03 -1.25800E+01
  2.13596E+01  2.16718E-28  1.43036E+06  2.00000E-03 -1.25800E+01
  2.14064E+01  2.16718E-28  1.43036E+06  2.00000E-03 -1.25800E+01
  2.14532E+01  2.16718E-28  1.43036E+06  2.00000E-03 -1.25800E+01
  2.15000E+01  2.16718E-28  1.43036E+06  2.00000E-03 -1.25800E+01
  2.15468E+01  2.16718E-28  1.43036E+06  2.00000E-03 -1.25800E+01
  2.15936E+01  2.16718E-28  1.43036E+06  2.00000E-03 -1.25800E+01
  2.16403E+01  2.16718E-28  1.43036E+06  2.00000E-03 -1.25800E+01
  2.16871E+01  2.16718E-28  1.43036E+06  2.00000E-03 -1.25800E+01
  2.17339E+01  2.16685E-28  1.43021E+06  2.00000E-03 -1.25778E+01
  2.17807E+01  2.16651E-28  1.43005E+06  2.00000E-03 -1.25757E+01
  2.18275E+01  2.16651E-28  1.43005E+06  2.00000E-03 -1.25757E+01
  2.18743E+01  2.16651E-28  1.43005E+06  2.00000E-03 -1.25757E+01
  2.19211E+01  2.16651E-28  1.43005E+06  2.00000E-03 -1.25757E+01
  2.19679E+01  2.16651E-28  1.43005E+06  2.00000E-03 -1.25757E+01
  2.20147E+01  2.16651E-28  1.43005E+06  2.00000E-03 -1.25757E+01
  2.20615E+01  2.16651E-28  1.43005E+06  2.00000E-03 -1.25757E+01
  2.21082E+01  2.16651E-28  1.43005E+06  2.00000E-03 -1.25757E+01
  2.21550E+01  2.16651E-28  1.43005E+06  2.00000E-03 -1.25757E+01
  2.22018E+01  2.16651E-28  1.43005E+06  2.00000E-03 -1.25757E+01
  2.22486E+01  2.16651E-28  1.43005E+06  2.00000E-03 -1.25757E+01
  2.22954E+01  2.16651E-28  1.43005E+06  2.00000E-03 -1.25757E+01
  2.23422E+01  2.16651E-28  1.43005E+06  2.00000E-03 -1.25757E+01
  2.23890E+01  2.16651E-28  1.43005E+06  2.00000E-03 -1.25757E+01
  2.24358E+01  2.16651E-28  1.43005E+06  2.00000E-03 -1.25757E+01
  2.24826E+01  2.16598E-28  1.42981E+06  2.00000E-03 -1.25443E+01
  2.25294E+01  2.16545E-28  1.42957E+06  2.00000E-03 -1.25129E+01
  2.25761E+01  2.16545E-28  1.42957E+06  2.00000E-03 -1.25129E+01
  2.26229E+01  2.16545E-28  1.42957E+06  2.00000E-03 -1.25129E+01
  2.26697E+01  2.16545E-28  1.42957E+06  2.00000E-03 -1.25129E+01
  2.27165E+01  2.16545E-28  1.42957E+06  2.00000E-03 -1.25129E+01
  2.27633E+01  2.16545E-28  1.42957E+06  2.00000E-03 -1.25129E+01
  2.28101E+01  2.16545E-28  1.42957E+06  2.00000E-03 -1.25129E+01
  2.28569E+01  2.16545E-28  1.42957E+06  2.00000E-03 -1.25129E+01
  2.29037E+01  2.16545E-28  1.42957E+06  2.00000E-03 -1.25129E+01
  2.29505E+01  2.16545E-28  1.42957E+06  2.00000E-03 -1.25129E+01
  2.29972E+01  2.16545E-28  1.42957E+06  2.00000E-03 -1.25129E+01
  2.30440E+01  2.16545E-28  1.42957E+06  2.00000E-03 -1.25129E+01
  2.30908E+01  2.16545E-28  1.42957E+06  2.00000E-03 -1.25129E+01
  2.31376E+01  2.16545E-28  1.42957E+06  2.00000E-03 -1.25129E+01
  2.31844E+01  2.16545E-28  1.42957E+06  2.00000E-03 -1.25129E+01
  2.32312E+01  2.16523E-28  1.42946E+06  2.00000E-03 -1.24345E+01
  2.32780E+01  2.16501E-28  1.42936E+06  2.00000E-03 -1.23561E+01
  2.33248E+01  2.16501E-28  1.42936E+06  2.00000E-03 -1.23561E+01
  2.33716E+01  2.16501E-28  1.42936E+06  2.00000E-03 -1.23561E+01
  2.34184E+01  2.16501E-28  1.42936E+06  2.00000E-03 -1.23561E+01
  2.34651E+01  2.16501E-28  1.42936E+06  2.00000E-03 -1.23561E+01
  2.35119E+01  2.16501E-28  1.42936E+06  2.00000E-03 -1.23561E+01
  2.35587E+01  2.16501E-28  1.42936E+06  2.00000E-03 -1.23561E+01
  2.36055E+01  2.16501E-28  1.42936E+06  2.00000E-03 -1.23561E+01
  2.36523E+01  2.16501E-28  1.42936E+06  2.00000E-03 -1.23561E+01
  2.36991E+01  2.16501E-28  1.42936E+06  2.00000E-03 -1.23561E+01
  2.37459E+01  2.16501E-28  1.42936E+06  2.00000E-03 -1.23561E+01
  2.37927E+01  2.16501E-28  1.42936E+06  2.00000E-03 -1.23561E+01
  2.38395E+01  2.16501E-28  1.42936E+06  2.00000E-03 -1.23561E+01
  2.38863E+01  2.16501E-28  1.42936E+06  2.00000E-03 -1.23561E+01
  2.39330E+01  2.16501E-28  1.42936E+06  2.00000E-03 -1.23561E+01
  2.39798E+01  2.16514E-28  1.42941E+06  2.00000E-03 -1.22385E+01
