 -2.38863E+01  2.15998E-28  1.42716E+06  2.00000E-03  1.07546E+01
 -2.38395E+01  2.15998E-28  1.42716E+06  2.00000E-03  1.07546E+01
 -2.37927E+01  2.15998E-28  1.42716E+06  2.00000E-03  1.07546E+01
 -2.37459E+01  2.15998E-28  1.42716E+06  2.00000E-03  1.07546E+01
 -2.36991E+01  2.15998E-28  1.42716E+06  2.00000E-03  1.07546E+01
 -2.36523E+01  2.15998E-28  1.42716E+06  2.00000E-03  1.07546E+01
 -2.36055E+01  2.15998E-28  1.42716E+06  2.00000E-03  1.07546E+01
 -2.35587E+01  2.15998E-28  1.42716E+06  2.00000E-03  1.07546E+01
 -2.35119E+01  2.15998E-28  1.42716E+06  2.00000E-03  1.07546E+01
 -2.34651E+01  2.15998E-28  1.42716E+06  2.00000E-03  1.07546E+01
 -2.34184E+01  2.15998E-28  1.42716E+06  2.00000E-03  1.07546E+01
 -2.33716E+01  2.15998E-28  1.42716E+06  2.00000E-03  1.07546E+01
 -2.33248E+01  2.15998E-28  1.42716E+06  2.00000E-03  1.07546E+01
 -2.32780E+01  2.15998E-28  1.42716E+06  2.00000E-03  1.07546E+01
 -2.32312E+01  2.15998E-28  1.42716E+06  2.00000E-03  1.07546E+01
 -2.31844E+01  2.16057E-28  1.42743E+06  2.00000E-03  1.09199E+01
 -2.31376E+01  2.16115E-28  1.42769E+06  2.00000E-03  1.10850E+01
 -2.30908E+01  2.16115E-28  1.42769E+06  2.00000E-03  1.10850E+01
 -2.30440E+01  2.16115E-28  1.42769E+06  2.00000E-03  1.10850E+01
 -2.29972E+01  2.16115E-28  1.42769E+06  2.00000E-03  1.10850E+01
 -2.29505E+01  2.16115E-28  1.42769E+06  2.00000E-03  1.10850E+01
 -2.29037E+01  2.16115E-28  1.42769E+06  2.00000E-03  1.10850E+01
 -2.28569E+01  2.16115E-28  1.42769E+06  2.00000E-03  1.10850E+01
 -2.28101E+01  2.16115E-28  1.42769E+06  2.00000E-03  1.10850E+01
 -2.27633E+01  2.16115E-28  1.42769E+06  2.00000E-03  1.10850E+01
 -2.27165E+01  2.16115E-28  1.42769E+06  2.00000E-03  1.10850E+01
 -2.26697E+01  2.16115E-28  1.42769E+06  2.00000E-03  1.10850E+01
 -2.26229E+01  2.16115E-28  1.42769E+06  2.00000E-03  1.10850E+01
 -2.25761E+01  2.16115E-28  1.42769E+06  2.00000E-03  1.10850E+01
 -2.25294E+01  2.16115E-28  1.42769E+06  2.00000E-03  1.10850E+01
 -2.24826E+01  2.16115E-28  1.42769E+06  2.00000E-03  1.10850E+01
 -2.24358E+01  2.16143E-28  1.42782E+06  2.00000E-03  1.12944E+01
 -2.23890E+01  2.16170E-28  1.42795E+06  2.00000E-03  1.15037E+01
 -2.23422E+01  2.16170E-28  1.42795E+06  2.00000E-03  1.15037E+01
 -2.22954E+01  2.16170E-28  1.42795E+06  2.00000E-03  1.15037E+01
 -2.22486E+01  2.16170E-28  1.42795E+06  2.00000E-03  1.15037E+01
 -2.22018E+01  2.16170E-28  1.42795E+06  2.00000E-03  1.15037E+01
 -2.21550E+01  2.16170E-28  1.42795E+06  2.00000E-03  1.15037E+01
 -2.21082E+01  2.16170E-28  1.42795E+06  2.00000E-03  1.15037E+01
 -2.20615E+01  2.16170E-28  1.42795E+06  2.00000E-03  1.15037E+01
 -2.20147E+01  2.16170E-28  1.42795E+06  2.00000E-03  1.15037E+01
 -2.19679E+01  2.16170E-28  1.42795E+06  2.00000E-03  1.15037E+01
 -2.19211E+01  2.16170E-28  1.42795E+06  2.00000E-03  1.15037E+01
 -2.18743E+01  2.16170E-28  1.42795E+06  2.00000E-03  1.15037E+01
 -2.18275E+01  2.16170E-28  1.42795E+06  2.00000E-03  1.15037E+01
 -2.17807E+01  2.16170E-28  1.42795E+06  2.00000E-03  1.15037E+01
 -2.17339E+01  2.16170E-28  1.42795E+06  2.00000E-03  1.15037E+01
 -2.16871E+01  2.16093E-28  1.42762E+06  2.00000E-03  1.18008E+01
 -2.16403E+01  2.16017E-28  1.42729E+06  2.00000E-03  1.20982E+01
 -2.15936E+01  2.16017E-28  1.42729E+06  2.00000E-03  1.20982E+01
 -2.15468E+01  2.16017E-28  1.42729E+06  2.00000E-03  1.20982E+01
 -2.15000E+01  2.16017E-28  1.42729E+06  2.00000E-03  1.20982E+01
 -2.14532E+01  2.16017E-28  1.42729E+06  2.00000E-03  1.20982E+01
 -2.14064E+01  2.16017E-28  1.42729E+06  2.00000E-03  1.20982E+01
 -2.13596E+01  2.16017E-28  1.42729E+06  2.00000E-03  1.20982E+01
 -2.13128E+01  2.16017E-28  1.42729E+06  2.00000E-03  1.20982E+01
 -2.12660E+01  2.16017E-28  1.42729E+06  2.00000E-03  1.20982E+01
 -2.12192E+01  2.16017E-28  1.42729E+06  2.00000E-03  1.20982E+01
 -2.11724E+01  2.16017E-28  1.42729E+06  2.00000E-03  1.20982E+01
 -2.11257E+01  2.16017E-28  1.42729E+06  2.00000E-03  1.20982E+01
 -2.10789E+01  2.16017E-28  1.42729E+06  2.00000E-03  1.20982E+01
 -2.10321E+01  2.16017E-28  1.42729E+06  2.00000E-03  1.20982E+01
 -2.09853E+01  2.16017E-28  1.42729E+06  2.00000E-03  1.20982E+01
 -2.09385E+01  2.15859E-28  1.42660E+06  2.00000E-03  1.24572E+01
 -2.08917E+01  2.15700E-28  1.42591E+06  2.00000E-03  1.28168E+01
 -2.08449E+01  2.15700E-28  1.42591E+06  2.00000E-03  1.28168E+01
 -2.07981E+01  2.15700E-28  1.42591E+06  2.00000E-03  1.28168E+01
 -2.07513E+01  2.15700E-28  1.42591E+06  2.00000E-03  1.28168E+01
 -2.07045E+01  2.15700E-28  1.42591E+06  2.00000E-03  1.28168E+01
 -2.06578E+01  2.15700E-28  1.42591E+06  2.00000E-03  1.28168E+01
 -2.06110E+01  2.15700E-28  1.42591E+06  2.00000E-03  1.28168E+01
 -2.05642E+01  2.15700E-28  1.42591E+06  2.00000E-03  1.28168E+01
 -2.05174E+01  2.15700E-28  1.42591E+06  2.00000E-03  1.28168E+01
 -2.04706E+01  2.15700E-28  1.42591E+06  2.00000E-03  1.28168E+01
 -2.04238E+01  2.15700E-28  1.42591E+06  2.00000E-03  1.28168E+01
 -2.03770E+01  2.15700E-28  1.42591E+06  2.00000E-03  1.28168E+01
 -2.03302E+01  2.15700E-28  1.42591E+06  2.00000E-03  1.28168E+01
 -2.02834E+01  2.15700E-28  1.42591E+06  2.00000E-03  1.28168E+01
 -2.02366E+01  2.15700E-28  1.42591E+06  2.00000E-03  1.28168E+01
 -2.01899E+01  2.15554E-28  1.42527E+06  2.00000E-03  1.31660E+01
 -2.01431E+01  2.15408E-28  1.42463E+06  2.00000E-03  1.35156E+01
 -2.00963E+01  2.15408E-28  1.42463E+06  2.00000E-03  1.35156E+01
 -2.00495E+01  2.15408E-28  1.42463E+06  2.00000E-03  1.35156E+01
 -2.00027E+01  2.15408E-28  1.42463E+06  2.00000E-03  1.35156E+01
 -1.99559E+01  2.15408E-28  1.42463E+06  2.00000E-03  1.35156E+01
 -1.99091E+01  2.15408E-28  1.42463E+06  2.00000E-03  1.35156E+01
 -1.98623E+01  2.15408E-28  1.42463E+06  2.00000E-03  1.35156E+01
 -1.98155E+01  2.15408E-28  1.42463E+06  2.00000E-03  1.35156E+01
 -1.97687E+01  2.15408E-28  1.42463E+06  2.00000E-03  1.35156E+01
 -1.97220E+01  2.15408E-28  1.42463E+06  2.00000E-03  1.35156E+01
 -1.96752E+01  2.15408E-28  1.42463E+06  2.00000E-03  1.35156E+01
 -1.96284E+01  2.15408E-28  1.42463E+06  2.00000E-03  1.35156E+01
 -1.95816E+01  2.15408E-28  1.42463E+06  2.00000E-03  1.35156E+01
 -1.95348E+01  2.15408E-28  1.42463E+06  2.00000E-03  1.35156E+01
 -1.94880E+01  2.15408E-28  1.42463E+06  2.00000E-03  1.35156E+01
 -1.94412E+01  2.15360E-28  1.42445E+06  2.00000E-03  1.38048E+01
 -1.93944E+01  2.15312E-28  1.42428E+06  2.00000E-03  1.40941E+01
 -1.93476E+01  2.15312E-28  1.42428E+06  2.00000E-03  1.40941E+01
 -1.93008E+01  2.15312E-28  1.42428E+06  2.00000E-03  1.40941E+01
 -1.92541E+01  2.15312E-28  1.42428E+06  2.00000E-03  1.40941E+01
 -1.92073E+01  2.15312E-28  1.42428E+06  2.00000E-03  1.40941E+01
 -1.91605E+01  2.15312E-28  1.42428E+06  2.00000E-03  1.40941E+01
 -1.91137E+01  2.15312E-28  1.42428E+06  2.00000E-03  1.40941E+01
 -1.90669E+01  2.15312E-28  1.42428E+06  2.00000E-03  1.40941E+01
 -1.90201E+01  2.15312E-28  1.42428E+06  2.00000E-03  1.40941E+01
 -1.89733E+01  2.15312E-28  1.42428E+06  2.00000E-03  1.40941E+01
 -1.89265E+01  2.15312E-28  1.42428E+06  2.00000E-03  1.40941E+01
 -1.88797E+01  2.15312E-28  1.42428E+06  2.00000E-03  1.40941E+01
 -1.88329E+01  2.15312E-28  1.42428E+06  2.00000E-03  1.40941E+01
 -1.87862E+01  2.15312E-28  1.42428E+06  2.00000E-03  1.40941E+01
 -1.87394E+01  2.15312E-28  1.42428E+06  2.00000E-03  1.40941E+01
 -1.86926E+01  2.15324E-28  1.42432E+06  2.00000E-03  1.42871E+01
 -1.86458E+01  2.15335E-28  1.42436E+06  2.00000E-03  1.44802E+01
 -1.85990E+01  2.15335E-28  1.42436E+06  2.00000E-03  1.44802E+01
 -1.85522E+01  2.15335E-28  1.42436E+06  2.00000E-03  1.44802E+01
 -1.85054E+01  2.15335E-28  1.42436E+06  2.00000E-03  1.44802E+01
 -1.84586E+01  2.15335E-28  1.42436E+06  2.00000E-03  1.44802E+01
 -1.84118E+01  2.15335E-28  1.42436E+06  2.00000E-03  1.44802E+01
 -1.83650E+01  2.15335E-28  1.42436E+06  2.00000E-03  1.44802E+01
 -1.83183E+01  2.15392E-28  1.42462E+06  2.00000E-03  1.45826E+01
 -1.82715E+01  2.15449E-28  1.42488E+06  2.00000E-03  1.46849E+01
 -1.82247E+01  2.15449E-28  1.42488E+06  2.00000E-03  1.46849E+01
 -1.81779E+01  2.15449E-28  1.42488E+06  2.00000E-03  1.46849E+01
 -1.81311E+01  2.15449E-28  1.42488E+06  2.00000E-03  1.46849E+01
 -1.80843E+01  2.15449E-28  1.42488E+06  2.00000E-03  1.46849E+01
 -1.80375E+01  2.15449E-28  1.42488E+06  2.00000E-03  1.46849E+01
 -1.79907E+01  2.15449E-28  1.42488E+06  2.00000E-03  1.46849E+01
 -1.79439E+01  2.15474E-28  1.42499E+06  2.00000E-03  1.48169E+01
 -1.78971E+01  2.15500E-28  1.42511E+06  2.00000E-03  1.49489E+01
 -1.78504E+01  2.15500E-28  1.42511E+06  2.00000E-03  1.49489E+01
 -1.78036E+01  2.15500E-28  1.42511E+06  2.00000E-03  1.49489E+01
 -1.77568E+01  2.15500E-28  1.42511E+06  2.00000E-03  1.49489E+01
 -1.77100E+01  2.15500E-28  1.42511E+06  2.00000E-03  1.49489E+01
 -1.76632E+01  2.15500E-28  1.42511E+06  2.00000E-03  1.49489E+01
 -1.76164E+01  2.15500E-28  1.42511E+06  2.00000E-03  1.49489E+01
 -1.75696E+01  2.15476E-28  1.42501E+06  2.00000E-03  1.51210E+01
 -1.75228E+01  2.15452E-28  1.42491E+06  2.00000E-03  1.52932E+01
 -1.74760E+01  2.15452E-28  1.42491E+06  2.00000E-03  1.52932E+01
 -1.74292E+01  2.15452E-28  1.42491E+06  2.00000E-03  1.52932E+01
 -1.73825E+01  2.15452E-28  1.42491E+06  2.00000E-03  1.52932E+01
 -1.73357E+01  2.15452E-28  1.42491E+06  2.00000E-03  1.52932E+01
 -1.72889E+01  2.15452E-28  1.42491E+06  2.00000E-03  1.52932E+01
 -1.72421E+01  2.15452E-28  1.42491E+06  2.00000E-03  1.52932E+01
 -1.71953E+01  2.15366E-28  1.42454E+06  2.00000E-03  1.55173E+01
 -1.71485E+01  2.15280E-28  1.42417E+06  2.00000E-03  1.57415E+01
 -1.71017E+01  2.15280E-28  1.42417E+06  2.00000E-03  1.57415E+01
 -1.70549E+01  2.15280E-28  1.42417E+06  2.00000E-03  1.57415E+01
 -1.70081E+01  2.15280E-28  1.42417E+06  2.00000E-03  1.57415E+01
 -1.69613E+01  2.15280E-28  1.42417E+06  2.00000E-03  1.57415E+01
 -1.69146E+01  2.15280E-28  1.42417E+06  2.00000E-03  1.57415E+01
 -1.68678E+01  2.15280E-28  1.42417E+06  2.00000E-03  1.57415E+01
 -1.68210E+01  2.15143E-28  1.42357E+06  2.00000E-03  1.60126E+01
 -1.67742E+01  2.15006E-28  1.42297E+06  2.00000E-03  1.62841E+01
 -1.67274E+01  2.15006E-28  1.42297E+06  2.00000E-03  1.62841E+01
 -1.66806E+01  2.15006E-28  1.42297E+06  2.00000E-03  1.62841E+01
 -1.66338E+01  2.15006E-28  1.42297E+06  2.00000E-03  1.62841E+01
 -1.65870E+01  2.15006E-28  1.42297E+06  2.00000E-03  1.62841E+01
 -1.65402E+01  2.15006E-28  1.42297E+06  2.00000E-03  1.62841E+01
 -1.64935E+01  2.15006E-28  1.42297E+06  2.00000E-03  1.62841E+01
 -1.64467E+01  2.14843E-28  1.42225E+06  2.00000E-03  1.65840E+01
 -1.63999E+01  2.14680E-28  1.42154E+06  2.00000E-03  1.68845E+01
 -1.63531E+01  2.14680E-28  1.42154E+06  2.00000E-03  1.68845E+01
 -1.63063E+01  2.14680E-28  1.42154E+06  2.00000E-03  1.68845E+01
 -1.62595E+01  2.14680E-28  1.42154E+06  2.00000E-03  1.68845E+01
 -1.62127E+01  2.14680E-28  1.42154E+06  2.00000E-03  1.68845E+01
 -1.61659E+01  2.14680E-28  1.42154E+06  2.00000E-03  1.68845E+01
 -1.61191E+01  2.14680E-28  1.42154E+06  2.00000E-03  1.68845E+01
 -1.60723E+01  2.14519E-28  1.42083E+06  2.00000E-03  1.71930E+01
 -1.60256E+01  2.14357E-28  1.42012E+06  2.00000E-03  1.75021E+01
 -1.59788E+01  2.14357E-28  1.42012E+06  2.00000E-03  1.75021E+01
 -1.59320E+01  2.14357E-28  1.42012E+06  2.00000E-03  1.75021E+01
 -1.58852E+01  2.14357E-28  1.42012E+06  2.00000E-03  1.75021E+01
 -1.58384E+01  2.14357E-28  1.42012E+06  2.00000E-03  1.75021E+01
 -1.57916E+01  2.14357E-28  1.42012E+06  2.00000E-03  1.75021E+01
 -1.57448E+01  2.14357E-28  1.42012E+06  2.00000E-03  1.75021E+01
 -1.56980E+01  2.14205E-28  1.41945E+06  2.00000E-03  1.78124E+01
 -1.56512E+01  2.14053E-28  1.41879E+06  2.00000E-03  1.81232E+01
 -1.56044E+01  2.14053E-28  1.41879E+06  2.00000E-03  1.81232E+01
 -1.55577E+01  2.14053E-28  1.41879E+06  2.00000E-03  1.81232E+01
 -1.55109E+01  2.14053E-28  1.41879E+06  2.00000E-03  1.81232E+01
 -1.54641E+01  2.14053E-28  1.41879E+06  2.00000E-03  1.81232E+01
 -1.54173E+01  2.14053E-28  1.41879E+06  2.00000E-03  1.81232E+01
 -1.53705E+01  2.14053E-28  1.41879E+06  2.00000E-03  1.81232E+01
 -1.53237E+01  2.13894E-28  1.41809E+06  2.00000E-03  1.84468E+01
 -1.52769E+01  2.13735E-28  1.41740E+06  2.00000E-03  1.87710E+01
 -1.52301E+01  2.13735E-28  1.41740E+06  2.00000E-03  1.87710E+01
 -1.51833E+01  2.13735E-28  1.41740E+06  2.00000E-03  1.87710E+01
 -1.51365E+01  2.13735E-28  1.41740E+06  2.00000E-03  1.87710E+01
 -1.50898E+01  2.13735E-28  1.41740E+06  2.00000E-03  1.87710E+01
 -1.50430E+01  2.13735E-28  1.41740E+06  2.00000E-03  1.87710E+01
 -1.49962E+01  2.13735E-28  1.41740E+06  2.00000E-03  1.87710E+01
 -1.49494E+01  2.13543E-28  1.41656E+06  2.00000E-03  1.91276E+01
 -1.49026E+01  2.13352E-28  1.41572E+06  2.00000E-03  1.94848E+01
 -1.48558E+01  2.13352E-28  1.41572E+06  2.00000E-03  1.94848E+01
 -1.48090E+01  2.13352E-28  1.41572E+06  2.00000E-03  1.94848E+01
 -1.47622E+01  2.13352E-28  1.41572E+06  2.00000E-03  1.94848E+01
 -1.47154E+01  2.13352E-28  1.41572E+06  2.00000E-03  1.94848E+01
 -1.46686E+01  2.13352E-28  1.41572E+06  2.00000E-03  1.94848E+01
 -1.46219E+01  2.13352E-28  1.41572E+06  2.00000E-03  1.94848E+01
 -1.45751E+01  2.13128E-28  1.41474E+06  2.00000E-03  1.98832E+01
 -1.45283E+01  2.12905E-28  1.41375E+06  2.00000E-03  2.02823E+01
 -1.44815E+01  2.12905E-28  1.41375E+06  2.00000E-03  2.02823E+01
 -1.44347E+01  2.12905E-28  1.41375E+06  2.00000E-03  2.02823E+01
 -1.43879E+01  2.12905E-28  1.41375E+06  2.00000E-03  2.02823E+01
 -1.43411E+01  2.12905E-28  1.41375E+06  2.00000E-03  2.02823E+01
 -1.42943E+01  2.12905E-28  1.41375E+06  2.00000E-03  2.02823E+01
 -1.42475E+01  2.12905E-28  1.41375E+06  2.00000E-03  2.02823E+01
 -1.42007E+01  2.12693E-28  1.41283E+06  2.00000E-03  2.07022E+01
 -1.41540E+01  2.12480E-28  1.41189E+06  2.00000E-03  2.11228E+01
 -1.41072E+01  2.12480E-28  1.41189E+06  2.00000E-03  2.11228E+01
 -1.40604E+01  2.12480E-28  1.41189E+06  2.00000E-03  2.11228E+01
 -1.40136E+01  2.12480E-28  1.41189E+06  2.00000E-03  2.11228E+01
 -1.39668E+01  2.12480E-28  1.41189E+06  2.00000E-03  2.11228E+01
 -1.39200E+01  2.12480E-28  1.41189E+06  2.00000E-03  2.11228E+01
 -1.38732E+01  2.12480E-28  1.41189E+06  2.00000E-03  2.11228E+01
 -1.38264E+01  2.12240E-28  1.41084E+06  2.00000E-03  2.14171E+01
 -1.37796E+01  2.11999E-28  1.40978E+06  2.00000E-03  2.17120E+01
 -1.37328E+01  2.11999E-28  1.40978E+06  2.00000E-03  2.17120E+01
 -1.36861E+01  2.11999E-28  1.40978E+06  2.00000E-03  2.17120E+01
 -1.36393E+01  2.11954E-28  1.40958E+06  2.00000E-03  2.18608E+01
 -1.35925E+01  2.11909E-28  1.40939E+06  2.00000E-03  2.20096E+01
 -1.35457E+01  2.11909E-28  1.40939E+06  2.00000E-03  2.20096E+01
 -1.34989E+01  2.11909E-28  1.40939E+06  2.00000E-03  2.20096E+01
 -1.34521E+01  2.11894E-28  1.40932E+06  2.00000E-03  2.21464E+01
 -1.34053E+01  2.11880E-28  1.40926E+06  2.00000E-03  2.22831E+01
 -1.33585E+01  2.11880E-28  1.40926E+06  2.00000E-03  2.22831E+01
 -1.33117E+01  2.11880E-28  1.40926E+06  2.00000E-03  2.22831E+01
 -1.32649E+01  2.11913E-28  1.40940E+06  2.00000E-03  2.23941E+01
 -1.32182E+01  2.11945E-28  1.40955E+06  2.00000E-03  2.25051E+01
 -1.31714E+01  2.11945E-28  1.40955E+06  2.00000E-03  2.25051E+01
 -1.31246E+01  2.11945E-28  1.40955E+06  2.00000E-03  2.25051E+01
 -1.30778E+01  2.12025E-28  1.40991E+06  2.00000E-03  2.25895E+01
 -1.30310E+01  2.12104E-28  1.41027E+06  2.00000E-03  2.26738E+01
 -1.29842E+01  2.12104E-28  1.41027E+06  2.00000E-03  2.26738E+01
 -1.29374E+01  2.12104E-28  1.41027E+06  2.00000E-03  2.26738E+01
 -1.28906E+01  2.12229E-28  1.41082E+06  2.00000E-03  2.27350E+01
 -1.28438E+01  2.12353E-28  1.41137E+06  2.00000E-03  2.27962E+01
 -1.27970E+01  2.12353E-28  1.41137E+06  2.00000E-03  2.27962E+01
 -1.27503E+01  2.12353E-28  1.41137E+06  2.00000E-03  2.27962E+01
 -1.27035E+01  2.12512E-28  1.41208E+06  2.00000E-03  2.28451E+01
 -1.26567E+01  2.12670E-28  1.41278E+06  2.00000E-03  2.28940E+01
 -1.26099E+01  2.12670E-28  1.41278E+06  2.00000E-03  2.28940E+01
 -1.25631E+01  2.12670E-28  1.41278E+06  2.00000E-03  2.28940E+01
 -1.25163E+01  2.12845E-28  1.41356E+06  2.00000E-03  2.29450E+01
 -1.24695E+01  2.13020E-28  1.41434E+06  2.00000E-03  2.29960E+01
 -1.24227E+01  2.13020E-28  1.41434E+06  2.00000E-03  2.29960E+01
 -1.23759E+01  2.13020E-28  1.41434E+06  2.00000E-03  2.29960E+01
 -1.23291E+01  2.13201E-28  1.41514E+06  2.00000E-03  2.30854E+01
 -1.22824E+01  2.13381E-28  1.41595E+06  2.00000E-03  2.31747E+01
 -1.22356E+01  2.13381E-28  1.41595E+06  2.00000E-03  2.31747E+01
 -1.21888E+01  2.13381E-28  1.41595E+06  2.00000E-03  2.31747E+01
 -1.21420E+01  2.13522E-28  1.41657E+06  2.00000E-03  2.33172E+01
 -1.20952E+01  2.13663E-28  1.41720E+06  2.00000E-03  2.34595E+01
 -1.20484E+01  2.13663E-28  1.41720E+06  2.00000E-03  2.34595E+01
 -1.20016E+01  2.13663E-28  1.41720E+06  2.00000E-03  2.34595E+01
 -1.19548E+01  2.13773E-28  1.41768E+06  2.00000E-03  2.36518E+01
 -1.19080E+01  2.13884E-28  1.41817E+06  2.00000E-03  2.38438E+01
 -1.18612E+01  2.13884E-28  1.41817E+06  2.00000E-03  2.38438E+01
 -1.18145E+01  2.13884E-28  1.41817E+06  2.00000E-03  2.38438E+01
 -1.17677E+01  2.13965E-28  1.41853E+06  2.00000E-03  2.41164E+01
 -1.17209E+01  2.14045E-28  1.41888E+06  2.00000E-03  2.43889E+01
 -1.16741E+01  2.14045E-28  1.41888E+06  2.00000E-03  2.43889E+01
 -1.16273E+01  2.14045E-28  1.41888E+06  2.00000E-03  2.43889E+01
 -1.15805E+01  2.14092E-28  1.41909E+06  2.00000E-03  2.47164E+01
 -1.15337E+01  2.14138E-28  1.41929E+06  2.00000E-03  2.50438E+01
 -1.14869E+01  2.14138E-28  1.41929E+06  2.00000E-03  2.50438E+01
 -1.14401E+01  2.14138E-28  1.41929E+06  2.00000E-03  2.50438E+01
 -1.13933E+01  2.14180E-28  1.41947E+06  2.00000E-03  2.53209E+01
 -1.13466E+01  2.14222E-28  1.41966E+06  2.00000E-03  2.55979E+01
 -1.12998E+01  2.14222E-28  1.41966E+06  2.00000E-03  2.55979E+01
 -1.12530E+01  2.14222E-28  1.41966E+06  2.00000E-03  2.55979E+01
 -1.12062E+01  2.14304E-28  1.42002E+06  2.00000E-03  2.57338E+01
 -1.11594E+01  2.14385E-28  1.42039E+06  2.00000E-03  2.58696E+01
 -1.11126E+01  2.14385E-28  1.42039E+06  2.00000E-03  2.58696E+01
 -1.10658E+01  2.14385E-28  1.42039E+06  2.00000E-03  2.58696E+01
 -1.10190E+01  2.14509E-28  1.42099E+06  2.00000E-03  2.58606E+01
 -1.09722E+01  2.14634E-28  1.42159E+06  2.00000E-03  2.58515E+01
 -1.09254E+01  2.14634E-28  1.42159E+06  2.00000E-03  2.58515E+01
 -1.08787E+01  2.14634E-28  1.42159E+06  2.00000E-03  2.58515E+01
 -1.08319E+01  2.14791E-28  1.42198E+06  2.00000E-03  2.57596E+01
 -1.07851E+01  2.14949E-28  1.42238E+06  2.00000E-03  2.56677E+01
 -1.07383E+01  2.14949E-28  1.42238E+06  2.00000E-03  2.56677E+01
 -1.06915E+01  2.14949E-28  1.42238E+06  2.00000E-03  2.56677E+01
 -1.06447E+01  2.14920E-28  1.42328E+06  1.99996E-03  2.55493E+01
 -1.05979E+01  2.14891E-28  1.42419E+06  1.99993E-03  2.54309E+01
 -1.05511E+01  2.14891E-28  1.42419E+06  1.99993E-03  2.54309E+01
 -1.05043E+01  2.14891E-28  1.42419E+06  1.99993E-03  2.54309E+01
 -1.04575E+01  2.14976E-28  1.42323E+06  1.99909E-03  2.52946E+01
 -1.04108E+01  2.15060E-28  1.42227E+06  1.99825E-03  2.51583E+01
 -1.03640E+01  2.15060E-28  1.42227E+06  1.99825E-03  2.51583E+01
 -1.03172E+01  2.15060E-28  1.42227E+06  1.99825E-03  2.51583E+01
 -1.02704E+01  2.16758E-28  1.40927E+06  1.99140E-03  2.49649E+01
 -1.02236E+01  2.18457E-28  1.39648E+06  1.98465E-03  2.47744E+01
 -1.01768E+01  2.18457E-28  1.39648E+06  1.98465E-03  2.47744E+01
 -1.01300E+01  2.18457E-28  1.39648E+06  1.98465E-03  2.47744E+01
 -1.00832E+01  2.26714E-28  1.34233E+06  1.95099E-03  2.44660E+01
 -1.00364E+01  2.34972E-28  1.29199E+06  1.91970E-03  2.41793E+01
 -9.98965E+00  2.34972E-28  1.29199E+06  1.91970E-03  2.41793E+01
 -9.94286E+00  2.34972E-28  1.29199E+06  1.91970E-03  2.41793E+01
 -9.89607E+00  2.53525E-28  1.19291E+06  1.86068E-03  2.37595E+01
 -9.84928E+00  2.72078E-28  1.10734E+06  1.80971E-03  2.33970E+01
 -9.80249E+00  2.72078E-28  1.10734E+06  1.80971E-03  2.33970E+01
 -9.75570E+00  2.72078E-28  1.10734E+06  1.80971E-03  2.33970E+01
 -9.70891E+00  2.89125E-28  1.03713E+06  1.76634E-03  2.30670E+01
 -9.66212E+00  3.06171E-28  9.74736E+05  1.72780E-03  2.27737E+01
 -9.61533E+00  3.06171E-28  9.74736E+05  1.72780E-03  2.27737E+01
 -9.56854E+00  3.06171E-28  9.74736E+05  1.72780E-03  2.27737E+01
 -9.52175E+00  3.14079E-28  9.45163E+05  1.70870E-03  2.26720E+01
 -9.47496E+00  3.21987E-28  9.17042E+05  1.69054E-03  2.25753E+01
 -9.42817E+00  3.21987E-28  9.17042E+05  1.69054E-03  2.25753E+01
 -9.38138E+00  3.21987E-28  9.17042E+05  1.69054E-03  2.25753E+01
 -9.33459E+00  3.26135E-28  9.00780E+05  1.68211E-03  2.27717E+01
 -9.28780E+00  3.30282E-28  8.84926E+05  1.67388E-03  2.29632E+01
 -9.24101E+00  3.30282E-28  8.84926E+05  1.67388E-03  2.29632E+01
 -9.19422E+00  3.30282E-28  8.84926E+05  1.67388E-03  2.29632E+01
 -9.14743E+00  3.37092E-28  8.65518E+05  1.66482E-03  2.26432E+01
 -9.10064E+00  3.43901E-28  8.46878E+05  1.65611E-03  2.23359E+01
 -9.05385E+00  3.45349E-28  8.41290E+05  1.65357E-03  2.27650E+01
 -9.00706E+00  3.46796E-28  8.35749E+05  1.65105E-03  2.31904E+01
 -8.96027E+00  3.47446E-28  8.32404E+05  1.64952E-03  2.36508E+01
 -8.91348E+00  3.48097E-28  8.29072E+05  1.64800E-03  2.41095E+01
 -8.86669E+00  3.48600E-28  8.26385E+05  1.64694E-03  2.45831E+01
 -8.81990E+00  3.49103E-28  8.23706E+05  1.64588E-03  2.50552E+01
 -8.77311E+00  3.46324E-28  8.28888E+05  1.64796E-03  2.56796E+01
 -8.72632E+00  3.43545E-28  8.34154E+05  1.65006E-03  2.63141E+01
 -8.67953E+00  3.38881E-28  8.43744E+05  1.65556E-03  2.72784E+01
 -8.63274E+00  3.34217E-28  8.53602E+05  1.66120E-03  2.82698E+01
 -8.58595E+00  3.36806E-28  8.43848E+05  1.66166E-03  2.95593E+01
 -8.53916E+00  3.39395E-28  8.34242E+05  1.66211E-03  3.08292E+01
 -8.49237E+00  3.51985E-28  7.99973E+05  1.65150E-03  3.21243E+01
 -8.44558E+00  3.64574E-28  7.68070E+05  1.64162E-03  3.33299E+01
 -8.39879E+00  3.87790E-28  7.17302E+05  1.62116E-03  3.42841E+01
 -8.35200E+00  4.11006E-28  6.72269E+05  1.60301E-03  3.51304E+01
 -8.30521E+00  4.53030E-28  6.05394E+05  1.56912E-03  3.54645E+01
 -8.25842E+00  4.95055E-28  5.49872E+05  1.54098E-03  3.57419E+01
 -8.21163E+00  5.81392E-28  4.63654E+05  1.49421E-03  3.51909E+01
 -8.16484E+00  6.67729E-28  3.99731E+05  1.45952E-03  3.47824E+01
 -8.11805E+00  7.85631E-28  3.34469E+05  1.43311E-03  3.38663E+01
 -8.07126E+00  9.03533E-28  2.86240E+05  1.41360E-03  3.31893E+01
 -8.02447E+00  9.26063E-28  2.74459E+05  1.41432E-03  3.32567E+01
 -7.97768E+00  9.48594E-28  2.63239E+05  1.41501E-03  3.33210E+01
 -7.93089E+00  8.68555E-28  2.86250E+05  1.42995E-03  3.46211E+01
 -7.88410E+00  7.88516E-28  3.13933E+05  1.44793E-03  3.61851E+01
 -7.83731E+00  7.27865E-28  3.41061E+05  1.46165E-03  3.82055E+01
 -7.79052E+00  6.67214E-28  3.73122E+05  1.47786E-03  4.05932E+01
 -7.74373E+00  6.56432E-28  3.83353E+05  1.48173E-03  4.21056E+01
 -7.69694E+00  6.45650E-28  3.93925E+05  1.48573E-03  4.36685E+01
 -7.65015E+00  6.83773E-28  3.75882E+05  1.47688E-03  4.45109E+01
 -7.60336E+00  7.21896E-28  3.59745E+05  1.46896E-03  4.52644E+01
 -7.55657E+00  8.20453E-28  3.18125E+05  1.44762E-03  4.52543E+01
 -7.50978E+00  9.19009E-28  2.85432E+05  1.43086E-03  4.52464E+01
 -7.46299E+00  1.07560E-27  2.43575E+05  1.40830E-03  4.38607E+01
 -7.41620E+00  1.23220E-27  2.12357E+05  1.39147E-03  4.28271E+01
 -7.36941E+00  1.28342E-27  2.03031E+05  1.38596E-03  4.08974E+01
 -7.32262E+00  1.33465E-27  1.94420E+05  1.38088E-03  3.91158E+01
 -7.27583E+00  1.20406E-27  2.14720E+05  1.39014E-03  3.77528E+01
 -7.22904E+00  1.07347E-27  2.39958E+05  1.40166E-03  3.60581E+01
 -7.18225E+00  8.67136E-28  2.97293E+05  1.42513E-03  3.53752E+01
 -7.13546E+00  6.60804E-28  3.90432E+05  1.46325E-03  3.42659E+01
 -7.08867E+00  5.30044E-28  4.88322E+05  1.50892E-03  3.38805E+01
 -7.04188E+00  3.99284E-28  6.50328E+05  1.58451E-03  3.32428E+01
 -6.99509E+00  3.56045E-28  7.32086E+05  1.63149E-03  3.26071E+01
 -6.94830E+00  3.12805E-28  8.36448E+05  1.69146E-03  3.17956E+01
 -6.90151E+00  3.20265E-28  8.19173E+05  1.68514E-03  3.05202E+01
 -6.85472E+00  3.27725E-28  8.02685E+05  1.67910E-03  2.93028E+01
 -6.80793E+00  3.67730E-28  7.15690E+05  1.62999E-03  2.78559E+01
 -6.76114E+00  4.07736E-28  6.45767E+05  1.59051E-03  2.66929E+01
 -6.71435E+00  4.38635E-28  5.98318E+05  1.56275E-03  2.60592E+01
 -6.66756E+00  4.69534E-28  5.57113E+05  1.53864E-03  2.55090E+01
 -6.62077E+00  4.96035E-28  5.26317E+05  1.52347E-03  2.59164E+01
 -6.57398E+00  5.22536E-28  4.98645E+05  1.50985E-03  2.62825E+01
 -6.52719E+00  5.79286E-28  4.49323E+05  1.48744E-03  2.73972E+01
 -6.48040E+00  6.36036E-28  4.08803E+05  1.46903E-03  2.83130E+01
 -6.43362E+00  7.04994E-28  3.68613E+05  1.45318E-03  2.94482E+01
 -6.38683E+00  7.73952E-28  3.35584E+05  1.44015E-03  3.03811E+01
 -6.34003E+00  7.96162E-28  3.26134E+05  1.43762E-03  3.14835E+01
 -6.29325E+00  8.18371E-28  3.17196E+05  1.43522E-03  3.25261E+01
 -6.24646E+00  7.84152E-28  3.29892E+05  1.44196E-03  3.41571E+01
 -6.19967E+00  7.49932E-28  3.43747E+05  1.44932E-03  3.59370E+01
 -6.15288E+00  6.74184E-28  3.80255E+05  1.46653E-03  3.87318E+01
 -6.10609E+00  5.98436E-28  4.26004E+05  1.48808E-03  4.22341E+01
 -6.05930E+00  5.19536E-28  4.89027E+05  1.52067E-03  4.65092E+01
 -6.01251E+00  4.40636E-28  5.74619E+05  1.56493E-03  5.23153E+01
 -5.96572E+00  3.90269E-28  6.43716E+05  1.60546E-03  5.63887E+01
 -5.91893E+00  3.39903E-28  7.33289E+05  1.65800E-03  6.16692E+01
 -5.87214E+00  3.19933E-28  7.73828E+05  1.68620E-03  6.33163E+01
 -5.82535E+00  2.99963E-28  8.19763E+05  1.71816E-03  6.51826E+01
 -5.77856E+00  2.93791E-28  8.34026E+05  1.72728E-03  6.45384E+01
 -5.73177E+00  2.87618E-28  8.48901E+05  1.73678E-03  6.38666E+01
 -5.68498E+00  2.86021E-28  8.54342E+05  1.73364E-03  6.07774E+01
 -5.63819E+00  2.84424E-28  8.59844E+05  1.73046E-03  5.76535E+01
 -5.59140E+00  2.83215E-28  8.64415E+05  1.72279E-03  5.28551E+01
 -5.54461E+00  2.82007E-28  8.69025E+05  1.71505E-03  4.80156E+01
 -5.49782E+00  2.89888E-28  8.44112E+05  1.69865E-03  4.29092E+01
 -5.45103E+00  2.97768E-28  8.20517E+05  1.68312E-03  3.80731E+01
 -5.40424E+00  3.25232E-28  7.48993E+05  1.65639E-03  3.42617E+01
 -5.35745E+00  3.52696E-28  6.88609E+05  1.63382E-03  3.10438E+01
 -5.31066E+00  3.88661E-28  6.23509E+05  1.61046E-03  2.95565E+01
 -5.26387E+00  4.24625E-28  5.69436E+05  1.59106E-03  2.83212E+01
 -5.21708E+00  4.60425E-28  5.24589E+05  1.56975E-03  2.84284E+01
 -5.17029E+00  4.96225E-28  4.86212E+05  1.55152E-03  2.85201E+01
 -5.12350E+00  5.36053E-28  4.49985E+05  1.53031E-03  2.89990E+01
 -5.07671E+00  5.75881E-28  4.18768E+05  1.51204E-03  2.94117E+01
 -5.02992E+00  6.07114E-28  3.97852E+05  1.50107E-03  2.96400E+01
 -4.98313E+00  6.38346E-28  3.78982E+05  1.49116E-03  2.98460E+01
 -4.93634E+00  6.25145E-28  3.88406E+05  1.49531E-03  3.02603E+01
 -4.88955E+00  6.11943E-28  3.98237E+05  1.49964E-03  3.06924E+01
 -4.84276E+00  5.61814E-28  4.32921E+05  1.51978E-03  3.16546E+01
 -4.79597E+00  5.11685E-28  4.74401E+05  1.54386E-03  3.28053E+01
 -4.74918E+00  4.67037E-28  5.17568E+05  1.56574E-03  3.41898E+01
 -4.70239E+00  4.22390E-28  5.69862E+05  1.59225E-03  3.58668E+01
 -4.65560E+00  4.03443E-28  5.94333E+05  1.60059E-03  3.78478E+01
 -4.60881E+00  3.84497E-28  6.21217E+05  1.60975E-03  4.00240E+01
 -4.56202E+00  3.82056E-28  6.23288E+05  1.60680E-03  4.23384E+01
 -4.51523E+00  3.79614E-28  6.25387E+05  1.60380E-03  4.46825E+01
 -4.46844E+00  3.84202E-28  6.18147E+05  1.59516E-03  4.65626E+01
 -4.42165E+00  3.88790E-28  6.11079E+05  1.58672E-03  4.83983E+01
 -4.37486E+00  3.94194E-28  6.05244E+05  1.57711E-03  4.91577E+01
 -4.32807E+00  3.99598E-28  5.99566E+05  1.56776E-03  4.98966E+01
 -4.28128E+00  4.00847E-28  6.02967E+05  1.55888E-03  4.92075E+01
 -4.23449E+00  4.02097E-28  6.06346E+05  1.55006E-03  4.85227E+01
 -4.18770E+00  4.07788E-28  6.04781E+05  1.54481E-03  4.66593E+01
 -4.14091E+00  4.13480E-28  6.03258E+05  1.53970E-03  4.48472E+01
 -4.09412E+00  4.38520E-28  5.74534E+05  1.54306E-03  4.22306E+01
 -4.04733E+00  4.63560E-28  5.48912E+05  1.54605E-03  3.98967E+01
 -4.00054E+00  4.87100E-28  5.25516E+05  1.55587E-03  3.72784E+01
 -3.95375E+00  5.10639E-28  5.04276E+05  1.56477E-03  3.49015E+01
 -3.90696E+00  4.92352E-28  5.25238E+05  1.58357E-03  3.34231E+01
 -3.86017E+00  4.74065E-28  5.47818E+05  1.60381E-03  3.18308E+01
 -3.81338E+00  4.47994E-28  5.79925E+05  1.62219E-03  3.11567E+01
 -3.76659E+00  4.21924E-28  6.16001E+05  1.64284E-03  3.03993E+01
 -3.71980E+00  4.76836E-28  5.41805E+05  1.60840E-03  2.83520E+01
 -3.67301E+00  5.31748E-28  4.82933E+05  1.58109E-03  2.67275E+01
 -3.62622E+00  6.79678E-28  3.75035E+05  1.52832E-03  2.32717E+01
 -3.57943E+00  8.27608E-28  3.05708E+05  1.49442E-03  2.10513E+01
 -3.53264E+00  8.68708E-28  2.88035E+05  1.49030E-03  1.96643E+01
 -3.48585E+00  9.09809E-28  2.71958E+05  1.48655E-03  1.84026E+01
 -3.43906E+00  8.50466E-28  2.87100E+05  1.49149E-03  1.83778E+01
 -3.39227E+00  7.91123E-28  3.04514E+05  1.49718E-03  1.83492E+01
 -3.34548E+00  6.40341E-28  3.68247E+05  1.51471E-03  1.69247E+01
 -3.29869E+00  4.89558E-28  4.71238E+05  1.54304E-03  1.46227E+01
 -3.25190E+00  4.26158E-28  5.30392E+05  1.56349E-03  1.09440E+01
 -3.20511E+00  3.62758E-28  6.10223E+05  1.59108E-03  5.97938E+00
 -3.15832E+00  3.42936E-28  6.35525E+05  1.60983E-03  2.53874E+00
 -3.11153E+00  3.23115E-28  6.63932E+05  1.63088E-03 -1.32403E+00
 -3.06474E+00  3.14565E-28  6.70380E+05  1.64073E-03 -3.15585E+00
 -3.01795E+00  3.06014E-28  6.77189E+05  1.65114E-03 -5.09004E+00
 -2.97116E+00  3.00704E-28  6.80563E+05  1.65428E-03 -5.70725E+00
 -2.92437E+00  2.95393E-28  6.84058E+05  1.65754E-03 -6.34665E+00
 -2.87758E+00  2.93487E-28  6.85829E+05  1.65736E-03 -5.58272E+00
 -2.83079E+00  2.91581E-28  6.87624E+05  1.65717E-03 -4.80880E+00
 -2.78400E+00  2.93595E-28  6.84368E+05  1.65462E-03 -2.79552E+00
 -2.73721E+00  2.95610E-28  6.81156E+05  1.65210E-03 -8.09684E-01
 -2.69042E+00  3.02551E-28  6.69806E+05  1.64607E-03  1.75083E+00
 -2.64363E+00  3.09492E-28  6.58965E+05  1.64032E-03  4.19648E+00
 -2.59684E+00  3.20323E-28  6.42244E+05  1.63228E-03  6.73041E+00
 -2.55005E+00  3.31154E-28  6.26617E+05  1.62478E-03  9.09858E+00
 -2.50326E+00  3.43710E-28  6.10421E+05  1.61661E-03  1.16088E+01
 -2.45647E+00  3.56267E-28  5.95366E+05  1.60901E-03  1.39421E+01
 -2.40968E+00  3.65018E-28  5.87249E+05  1.60374E-03  1.65578E+01
 -2.36289E+00  3.73770E-28  5.79511E+05  1.59871E-03  1.90510E+01
 -2.31610E+00  3.80628E-28  5.75296E+05  1.59797E-03  2.21775E+01
 -2.26931E+00  3.87487E-28  5.71230E+05  1.59726E-03  2.51932E+01
 -2.22252E+00  3.95483E-28  5.63479E+05  1.59943E-03  2.94499E+01
 -2.17573E+00  4.03479E-28  5.56035E+05  1.60152E-03  3.35379E+01
 -2.12894E+00  4.08713E-28  5.46356E+05  1.60270E-03  3.85412E+01
 -2.08215E+00  4.13946E-28  5.36922E+05  1.60385E-03  4.34180E+01
 -2.03536E+00  4.14867E-28  5.29615E+05  1.60364E-03  4.83494E+01
 -1.98857E+00  4.15788E-28  5.22341E+05  1.60343E-03  5.32590E+01
 -1.94178E+00  4.14674E-28  5.15354E+05  1.60187E-03  5.75287E+01
 -1.89499E+00  4.13561E-28  5.08330E+05  1.60029E-03  6.18214E+01
 -1.84820E+00  4.15676E-28  4.96532E+05  1.59704E-03  6.42790E+01
 -1.80141E+00  4.17790E-28  4.84854E+05  1.59381E-03  6.67117E+01
 -1.75462E+00  4.28603E-28  4.64211E+05  1.58684E-03  6.68878E+01
 -1.70783E+00  4.39416E-28  4.44584E+05  1.58022E-03  6.70554E+01
 -1.66104E+00  4.55250E-28  4.24893E+05  1.57181E-03  6.59708E+01
 -1.61425E+00  4.71085E-28  4.06526E+05  1.56396E-03  6.49592E+01
 -1.56746E+00  4.84821E-28  3.93837E+05  1.55579E-03  6.36887E+01
 -1.52067E+00  4.98557E-28  3.81847E+05  1.54807E-03  6.24883E+01
 -1.47388E+00  5.08424E-28  3.78329E+05  1.54315E-03  6.10856E+01
 -1.42709E+00  5.18290E-28  3.74945E+05  1.53843E-03  5.97364E+01
 -1.38030E+00  5.23293E-28  3.80573E+05  1.53722E-03  5.78544E+01
 -1.33351E+00  5.28296E-28  3.86094E+05  1.53604E-03  5.60081E+01
 -1.28672E+00  5.25839E-28  3.99686E+05  1.53912E-03  5.32354E+01
 -1.23993E+00  5.23382E-28  4.13406E+05  1.54223E-03  5.04366E+01
 -1.19314E+00  5.18333E-28  4.29348E+05  1.54852E-03  4.63981E+01
 -1.14635E+00  5.13284E-28  4.45604E+05  1.55493E-03  4.22800E+01
 -1.09956E+00  5.22735E-28  4.50281E+05  1.55821E-03  3.71241E+01
 -1.05277E+00  5.32185E-28  4.54791E+05  1.56137E-03  3.21513E+01
 -1.00598E+00  5.39845E-28  4.60377E+05  1.56484E-03  2.70296E+01
 -9.59194E-01  5.47505E-28  4.65807E+05  1.56821E-03  2.20512E+01
 -9.12404E-01  7.04540E-28  3.72726E+05  1.54990E-03  1.73042E+01
 -8.65614E-01  8.61575E-28  3.13575E+05  1.53826E-03  1.42876E+01
 -8.18824E-01  2.64497E-27  1.01792E+05  1.41122E-03  4.68119E+00
 -7.72034E-01  4.42837E-27  6.05880E+04  1.38650E-03  2.81218E+00
 -7.25244E-01  8.08298E-27  3.09673E+04  1.35108E-03 -8.40839E+00
 -6.78454E-01  1.17376E-26  1.97920E+04  1.33771E-03 -1.26417E+01
 -6.31664E-01  1.05876E-26  1.85533E+04  1.34016E-03 -1.86054E+01
 -5.84874E-01  9.43769E-27  1.70128E+04  1.34320E-03 -2.60225E+01
 -5.38084E-01  6.03455E-27  2.28454E+04  1.35542E-03 -2.77994E+01
 -4.91294E-01  2.63142E-27  4.37639E+04  1.39925E-03 -3.41723E+01
 -4.44504E-01  1.89225E-27  6.09573E+04  1.40955E-03 -3.52224E+01
 -3.97714E-01  1.15307E-27  1.00194E+05  1.43303E-03 -3.76186E+01
 -3.50924E-01  1.01862E-27  1.15761E+05  1.43681E-03 -3.73363E+01
 -3.04135E-01  8.84173E-28  1.36062E+05  1.44173E-03 -3.69682E+01
 -2.57345E-01  8.38356E-28  1.43696E+05  1.44695E-03 -3.68751E+01
 -2.10555E-01  7.92539E-28  1.52213E+05  1.45278E-03 -3.67712E+01
 -1.63765E-01  7.52850E-28  1.65669E+05  1.45992E-03 -3.73076E+01
 -1.16975E-01  7.13161E-28  1.80623E+05  1.46786E-03 -3.79036E+01
 -7.01849E-02  6.95781E-28  1.94505E+05  1.47341E-03 -3.84926E+01
 -2.33950E-02  6.78401E-28  2.09100E+05  1.47925E-03 -3.91118E+01
  2.33950E-02  7.24056E-28  2.08978E+05  1.47726E-03 -3.88914E+01
  7.01849E-02  7.69711E-28  2.08871E+05  1.47551E-03 -3.86972E+01
  1.16975E-01  9.93981E-28  1.72006E+05  1.45806E-03 -3.61650E+01
  1.63765E-01  1.21825E-27  1.48714E+05  1.44703E-03 -3.45651E+01
  2.10555E-01  1.79875E-27  1.06321E+05  1.41779E-03 -3.03376E+01
  2.57345E-01  2.37925E-27  8.46143E+04  1.40282E-03 -2.81730E+01
  3.04135E-01  3.09323E-27  6.82735E+04  1.38632E-03 -2.49570E+01
  3.50924E-01  3.80720E-27  5.80616E+04  1.37602E-03 -2.29471E+01
  3.97714E-01  4.21163E-27  5.42289E+04  1.37217E-03 -2.13164E+01
  4.44504E-01  4.61606E-27  5.10677E+04  1.36899E-03 -1.99715E+01
  4.91294E-01  4.46942E-27  5.61784E+04  1.37008E-03 -1.89011E+01
  5.38084E-01  4.32279E-27  6.16358E+04  1.37123E-03 -1.77580E+01
  5.84874E-01  3.01545E-27  9.15243E+04  1.38006E-03 -1.94187E+01
  6.31664E-01  1.70811E-27  1.67164E+05  1.40241E-03 -2.36214E+01
  6.78454E-01  1.62442E-27  1.75201E+05  1.40899E-03 -2.88839E+01
  7.25244E-01  1.54072E-27  1.84110E+05  1.41628E-03 -3.47182E+01
  7.72034E-01  1.28346E-27  2.29621E+05  1.43264E-03 -3.90556E+01
  8.18824E-01  1.02619E-27  2.97952E+05  1.45719E-03 -4.55676E+01
  8.65614E-01  9.12513E-28  3.35893E+05  1.46860E-03 -4.95925E+01
  9.12404E-01  7.98833E-28  3.84633E+05  1.48326E-03 -5.47630E+01
  9.59194E-01  8.85252E-28  3.35170E+05  1.46614E-03 -5.75983E+01
  1.00598E+00  9.71670E-28  2.94505E+05  1.45207E-03 -5.99291E+01
  1.05277E+00  9.96026E-28  2.81745E+05  1.44656E-03 -6.08349E+01
  1.09956E+00  1.02038E-27  2.69595E+05  1.44132E-03 -6.16975E+01
  1.14635E+00  1.04729E-27  2.62178E+05  1.43507E-03 -6.06269E+01
  1.19314E+00  1.07421E-27  2.55132E+05  1.42913E-03 -5.96100E+01
  1.23993E+00  1.11419E-27  2.46782E+05  1.42278E-03 -5.72028E+01
  1.28672E+00  1.15418E-27  2.39011E+05  1.41688E-03 -5.49624E+01
  1.33351E+00  1.19739E-27  2.30296E+05  1.41133E-03 -5.20405E+01
  1.38030E+00  1.24059E-27  2.22187E+05  1.40617E-03 -4.93220E+01
  1.42709E+00  1.22855E-27  2.21367E+05  1.40462E-03 -4.73776E+01
  1.47388E+00  1.21651E-27  2.20530E+05  1.40304E-03 -4.53946E+01
  1.52067E+00  1.12960E-27  2.34176E+05  1.41104E-03 -4.51506E+01
  1.56746E+00  1.04268E-27  2.50098E+05  1.42038E-03 -4.48658E+01
  1.61425E+00  9.09454E-28  2.85090E+05  1.44022E-03 -4.60057E+01
  1.66104E+00  7.76229E-28  3.32092E+05  1.46687E-03 -4.75369E+01
  1.70783E+00  6.70042E-28  3.83627E+05  1.49043E-03 -4.97532E+01
  1.75462E+00  5.63855E-28  4.54573E+05  1.52285E-03 -5.28044E+01
  1.80141E+00  5.20247E-28  4.90562E+05  1.53394E-03 -5.52014E+01
  1.84820E+00  4.76640E-28  5.33137E+05  1.54705E-03 -5.80369E+01
  1.89499E+00  4.79165E-28  5.27807E+05  1.53983E-03 -5.93630E+01
  1.94178E+00  4.81690E-28  5.22532E+05  1.53270E-03 -6.06751E+01
  1.98857E+00  5.00725E-28  4.99098E+05  1.52218E-03 -6.11287E+01
  2.03536E+00  5.19759E-28  4.77380E+05  1.51244E-03 -6.15489E+01
  2.08215E+00  5.28256E-28  4.66422E+05  1.50860E-03 -6.21208E+01
  2.12894E+00  5.36753E-28  4.55812E+05  1.50488E-03 -6.26746E+01
  2.17573E+00  5.40681E-28  4.49069E+05  1.50290E-03 -6.38335E+01
  2.22252E+00  5.44609E-28  4.42423E+05  1.50096E-03 -6.49756E+01
  2.26931E+00  5.56214E-28  4.29154E+05  1.49685E-03 -6.65024E+01
  2.31610E+00  5.67819E-28  4.16428E+05  1.49291E-03 -6.79667E+01
  2.36289E+00  5.87923E-28  3.99416E+05  1.48677E-03 -6.87840E+01
  2.40968E+00  6.08028E-28  3.83529E+05  1.48103E-03 -6.95472E+01
  2.45647E+00  6.38395E-28  3.65657E+05  1.47474E-03 -6.84530E+01
  2.50326E+00  6.68761E-28  3.49408E+05  1.46903E-03 -6.74582E+01
  2.55005E+00  7.12798E-28  3.30263E+05  1.46242E-03 -6.49413E+01
  2.59684E+00  7.56835E-28  3.13345E+05  1.45658E-03 -6.27173E+01
  2.64363E+00  8.10365E-28  2.94814E+05  1.45028E-03 -6.00120E+01
  2.69042E+00  8.63895E-28  2.78580E+05  1.44476E-03 -5.76420E+01
  2.73721E+00  9.14301E-28  2.64503E+05  1.43996E-03 -5.51953E+01
  2.78400E+00  9.64707E-28  2.51897E+05  1.43567E-03 -5.30044E+01
  2.83079E+00  1.00106E-27  2.42613E+05  1.43288E-03 -5.08101E+01
  2.87758E+00  1.03741E-27  2.33979E+05  1.43029E-03 -4.87696E+01
  2.92437E+00  1.05379E-27  2.29245E+05  1.42927E-03 -4.67986E+01
  2.97116E+00  1.07017E-27  2.24656E+05  1.42827E-03 -4.48879E+01
  3.01795E+00  1.08126E-27  2.21278E+05  1.42745E-03 -4.31084E+01
  3.06474E+00  1.09234E-27  2.17969E+05  1.42665E-03 -4.13650E+01
  3.11153E+00  1.12154E-27  2.11478E+05  1.42512E-03 -3.98817E+01
  3.15832E+00  1.15073E-27  2.05317E+05  1.42367E-03 -3.84736E+01
  3.20511E+00  1.20884E-27  1.94964E+05  1.42143E-03 -3.76270E+01
  3.25190E+00  1.26695E-27  1.85560E+05  1.41939E-03 -3.68581E+01
  3.29869E+00  1.32555E-27  1.77827E+05  1.41759E-03 -3.68027E+01
  3.34548E+00  1.38415E-27  1.70749E+05  1.41595E-03 -3.67521E+01
  3.39227E+00  1.38049E-27  1.73197E+05  1.41597E-03 -3.72616E+01
  3.43906E+00  1.37683E-27  1.75659E+05  1.41599E-03 -3.77739E+01
  3.48585E+00  1.29316E-27  1.90430E+05  1.42207E-03 -3.94036E+01
  3.53264E+00  1.20948E-27  2.07246E+05  1.42900E-03 -4.12587E+01
  3.57943E+00  1.03240E-27  2.46460E+05  1.44393E-03 -4.45339E+01
  3.62622E+00  8.55321E-28  3.01912E+05  1.46503E-03 -4.91652E+01
  3.67301E+00  7.16453E-28  3.60846E+05  1.48595E-03 -5.27664E+01
  3.71980E+00  5.77584E-28  4.48120E+05  1.51693E-03 -5.80992E+01
  3.76659E+00  5.45843E-28  4.70212E+05  1.52355E-03 -6.07262E+01
  3.81338E+00  5.14103E-28  4.95033E+05  1.53098E-03 -6.36775E+01
  3.86017E+00  5.06537E-28  4.99106E+05  1.53490E-03 -6.49241E+01
  3.90696E+00  4.98971E-28  5.03303E+05  1.53894E-03 -6.62086E+01
  3.95375E+00  4.85465E-28  5.17800E+05  1.54661E-03 -6.57854E+01
  4.00054E+00  4.71960E-28  5.33127E+05  1.55472E-03 -6.53379E+01
  4.04733E+00  4.61110E-28  5.47013E+05  1.56107E-03 -6.32920E+01
  4.09412E+00  4.50260E-28  5.61567E+05  1.56772E-03 -6.11476E+01
  4.14091E+00  4.46769E-28  5.69306E+05  1.57036E-03 -5.82118E+01
  4.18770E+00  4.43278E-28  5.77168E+05  1.57304E-03 -5.52297E+01
  4.23449E+00  4.45951E-28  5.75261E+05  1.57070E-03 -5.23492E+01
  4.28128E+00  4.48624E-28  5.73378E+05  1.56839E-03 -4.95030E+01
  4.32807E+00  4.55681E-28  5.64492E+05  1.56273E-03 -4.77665E+01
  4.37486E+00  4.62737E-28  5.55876E+05  1.55724E-03 -4.60830E+01
  4.42165E+00  4.69002E-28  5.48240E+05  1.55318E-03 -4.56652E+01
  4.46844E+00  4.75266E-28  5.40805E+05  1.54924E-03 -4.52584E+01
  4.51523E+00  4.76833E-28  5.39677E+05  1.55043E-03 -4.54105E+01
  4.56202E+00  4.78400E-28  5.38556E+05  1.55162E-03 -4.55616E+01
  4.60881E+00  4.73694E-28  5.45357E+05  1.55766E-03 -4.55228E+01
  4.65560E+00  4.68987E-28  5.52293E+05  1.56382E-03 -4.54833E+01
  4.70239E+00  4.62175E-28  5.61810E+05  1.57076E-03 -4.48670E+01
  4.74918E+00  4.55362E-28  5.71611E+05  1.57791E-03 -4.42323E+01
  4.79597E+00  4.63345E-28  5.62051E+05  1.57605E-03 -4.28893E+01
  4.84276E+00  4.71329E-28  5.52815E+05  1.57426E-03 -4.15918E+01
  4.88955E+00  5.15784E-28  5.03655E+05  1.55102E-03 -3.98267E+01
  4.93634E+00  5.60240E-28  4.62297E+05  1.53147E-03 -3.83417E+01
  4.98313E+00  6.26046E-28  4.10946E+05  1.49987E-03 -3.71828E+01
  5.02992E+00  6.91853E-28  3.69364E+05  1.47428E-03 -3.62444E+01
  5.07671E+00  7.16823E-28  3.55457E+05  1.46347E-03 -3.59226E+01
  5.12350E+00  7.41794E-28  3.42486E+05  1.45340E-03 -3.56224E+01
  5.17029E+00  6.98543E-28  3.66358E+05  1.46425E-03 -3.58356E+01
  5.21708E+00  6.55291E-28  3.93381E+05  1.47654E-03 -3.60769E+01
  5.26387E+00  5.82333E-28  4.49054E+05  1.50716E-03 -3.68881E+01
  5.31066E+00  5.09375E-28  5.20674E+05  1.54655E-03 -3.79317E+01
  5.35745E+00  4.46110E-28  6.02089E+05  1.59069E-03 -3.93435E+01
  5.40424E+00  3.82845E-28  7.10411E+05  1.64941E-03 -4.12218E+01
  5.45103E+00  3.34146E-28  8.20162E+05  1.71021E-03 -4.35425E+01
  5.49782E+00  2.85447E-28  9.67360E+05  1.79175E-03 -4.66551E+01
  5.54461E+00  2.66641E-28  1.04118E+06  1.83111E-03 -4.88797E+01
  5.59140E+00  2.47835E-28  1.12620E+06  1.87643E-03 -5.14419E+01
  5.63819E+00  2.45476E-28  1.14296E+06  1.88064E-03 -5.25996E+01
  5.68498E+00  2.43117E-28  1.16005E+06  1.88493E-03 -5.37797E+01
  5.73177E+00  2.47996E-28  1.14293E+06  1.86937E-03 -5.36559E+01
  5.77856E+00  2.52875E-28  1.12648E+06  1.85442E-03 -5.35369E+01
  5.82535E+00  2.61089E-28  1.09249E+06  1.82847E-03 -5.22125E+01
  5.87214E+00  2.69303E-28  1.06057E+06  1.80411E-03 -5.09688E+01
  5.91893E+00  2.76633E-28  1.03120E+06  1.78203E-03 -4.91194E+01
  5.96572E+00  2.83964E-28  1.00334E+06  1.76109E-03 -4.73655E+01
  6.01251E+00  2.86500E-28  9.91470E+05  1.75284E-03 -4.58027E+01
  6.05930E+00  2.89037E-28  9.79805E+05  1.74474E-03 -4.42672E+01
  6.10609E+00  2.87992E-28  9.80794E+05  1.74571E-03 -4.32670E+01
  6.15288E+00  2.86948E-28  9.81791E+05  1.74669E-03 -4.22594E+01
  6.19967E+00  2.86198E-28  9.83072E+05  1.74708E-03 -4.16600E+01
  6.24646E+00  2.85447E-28  9.84359E+05  1.74748E-03 -4.10575E+01
  6.29325E+00  2.85553E-28  9.83281E+05  1.74627E-03 -4.05583E+01
  6.34003E+00  2.85658E-28  9.82203E+05  1.74507E-03 -4.00595E+01
  6.38683E+00  2.85950E-28  9.80892E+05  1.74434E-03 -3.93409E+01
  6.43362E+00  2.86241E-28  9.79584E+05  1.74361E-03 -3.86238E+01
  6.48040E+00  2.86971E-28  9.77251E+05  1.74333E-03 -3.74480E+01
  6.52719E+00  2.87702E-28  9.74930E+05  1.74306E-03 -3.62782E+01
  6.57398E+00  2.89643E-28  9.69066E+05  1.74183E-03 -3.45265E+01
  6.62077E+00  2.91584E-28  9.63280E+05  1.74061E-03 -3.27981E+01
  6.66756E+00  2.96051E-28  9.50500E+05  1.73673E-03 -3.04372E+01
  6.71435E+00  3.00518E-28  9.38100E+05  1.73296E-03 -2.81464E+01
  6.76114E+00  3.08660E-28  9.16500E+05  1.72564E-03 -2.53563E+01
  6.80793E+00  3.16801E-28  8.96010E+05  1.71869E-03 -2.27096E+01
  6.85472E+00  3.34501E-28  8.52360E+05  1.70161E-03 -1.97283E+01
  6.90151E+00  3.52201E-28  8.13097E+05  1.68624E-03 -1.70466E+01
  6.94830E+00  3.88928E-28  7.39278E+05  1.65307E-03 -1.44543E+01
  6.99509E+00  4.25654E-28  6.78197E+05  1.62562E-03 -1.23093E+01
  7.04188E+00  4.41994E-28  6.56771E+05  1.61265E-03 -1.05217E+01
  7.08867E+00  4.58334E-28  6.36873E+05  1.60062E-03 -8.86162E+00
  7.13546E+00  4.12762E-28  7.09354E+05  1.63695E-03 -7.44111E+00
  7.18225E+00  3.67190E-28  7.99826E+05  1.68231E-03 -5.66798E+00
  7.22904E+00  3.31822E-28  8.85202E+05  1.73230E-03 -4.16258E+00
  7.27583E+00  2.96454E-28  9.90950E+05  1.79421E-03 -2.29798E+00
  7.32262E+00  2.88118E-28  1.01735E+06  1.80870E-03 -9.39311E-01
  7.36941E+00  2.79783E-28  1.04533E+06  1.82404E-03  5.00312E-01
  7.41620E+00  2.92755E-28  9.96393E+05  1.79212E-03  1.24417E+00
  7.46299E+00  3.05728E-28  9.51612E+05  1.76290E-03  1.92491E+00
  7.50978E+00  3.42765E-28  8.47196E+05  1.69967E-03  1.73288E+00
  7.55657E+00  3.79803E-28  7.63144E+05  1.64878E-03  1.57830E+00
  7.60336E+00  4.28626E-28  6.75872E+05  1.59194E-03  5.55632E-01
  7.65015E+00  4.77448E-28  6.06448E+05  1.54672E-03 -2.57884E-01
  7.69694E+00  4.96556E-28  5.83838E+05  1.53152E-03 -1.58955E+00
  7.74373E+00  5.15664E-28  5.62904E+05  1.51746E-03 -2.82253E+00
  7.79052E+00  5.11046E-28  5.71142E+05  1.51842E-03 -3.67477E+00
  7.83731E+00  5.06427E-28  5.79530E+05  1.51940E-03 -4.54256E+00
  7.88410E+00  4.78330E-28  6.15655E+05  1.53522E-03 -5.11059E+00
  7.93089E+00  4.50233E-28  6.56288E+05  1.55302E-03 -5.74951E+00
  7.97768E+00  4.09438E-28  7.21189E+05  1.58962E-03 -6.85993E+00
  8.02447E+00  3.68643E-28  8.00455E+05  1.63432E-03 -8.21612E+00
  8.07126E+00  3.41106E-28  8.65720E+05  1.67792E-03 -1.01117E+01
  8.11805E+00  3.13569E-28  9.42448E+05  1.72917E-03 -1.23402E+01
  8.16484E+00  3.06251E-28  9.65969E+05  1.74747E-03 -1.44197E+01
  8.21163E+00  2.98932E-28  9.90641E+05  1.76666E-03 -1.66010E+01
  8.25842E+00  2.95280E-28  1.00191E+06  1.77098E-03 -1.85905E+01
  8.30521E+00  2.91628E-28  1.01345E+06  1.77540E-03 -2.06298E+01
  8.35200E+00  2.88546E-28  1.02194E+06  1.77927E-03 -2.31423E+01
  8.39879E+00  2.85464E-28  1.03060E+06  1.78321E-03 -2.57090E+01
  8.44558E+00  2.75807E-28  1.06422E+06  1.80602E-03 -2.87690E+01
  8.49237E+00  2.66149E-28  1.10028E+06  1.83048E-03 -3.20510E+01
  8.53916E+00  2.55842E-28  1.14173E+06  1.85752E-03 -3.52156E+01
  8.58595E+00  2.45535E-28  1.18666E+06  1.88684E-03 -3.86459E+01
  8.63274E+00  2.42966E-28  1.19765E+06  1.89469E-03 -4.13092E+01
  8.67953E+00  2.40396E-28  1.20888E+06  1.90272E-03 -4.40294E+01
  8.72632E+00  2.41025E-28  1.20439E+06  1.89987E-03 -4.58810E+01
  8.77311E+00  2.41655E-28  1.19992E+06  1.89703E-03 -4.77229E+01
  8.81990E+00  2.40579E-28  1.20442E+06  1.89792E-03 -4.90218E+01
  8.86669E+00  2.39503E-28  1.20897E+06  1.89882E-03 -5.03324E+01
  8.91348E+00  2.35640E-28  1.22871E+06  1.90844E-03 -5.12524E+01
  8.96027E+00  2.31776E-28  1.24911E+06  1.91839E-03 -5.22031E+01
  9.00706E+00  2.27013E-28  1.27598E+06  1.93290E-03 -5.27369E+01
  9.05385E+00  2.22249E-28  1.30399E+06  1.94804E-03 -5.32935E+01
  9.10064E+00  2.18996E-28  1.32434E+06  1.95943E-03 -5.34191E+01
  9.14743E+00  2.15742E-28  1.34530E+06  1.97116E-03 -5.35485E+01
  9.19422E+00  2.13841E-28  1.35610E+06  1.97753E-03 -5.31560E+01
  9.24101E+00  2.11939E-28  1.36710E+06  1.98401E-03 -5.27565E+01
  9.28780E+00  2.11939E-28  1.36710E+06  1.98401E-03 -5.27565E+01
  9.33459E+00  2.11939E-28  1.36710E+06  1.98401E-03 -5.27565E+01
  9.38138E+00  2.10137E-28  1.38351E+06  1.99115E-03 -5.10406E+01
  9.42817E+00  2.08336E-28  1.40020E+06  1.99842E-03 -4.92950E+01
  9.47496E+00  2.08336E-28  1.40020E+06  1.99842E-03 -4.92950E+01
  9.52175E+00  2.08336E-28  1.40020E+06  1.99842E-03 -4.92950E+01
  9.56854E+00  2.08455E-28  1.40177E+06  1.99904E-03 -4.71131E+01
  9.61533E+00  2.08574E-28  1.40335E+06  1.99967E-03 -4.49338E+01
  9.66212E+00  2.08574E-28  1.40335E+06  1.99967E-03 -4.49338E+01
  9.70891E+00  2.08574E-28  1.40335E+06  1.99967E-03 -4.49338E+01
  9.75570E+00  2.09320E-28  1.40137E+06  1.99973E-03 -4.31005E+01
  9.80249E+00  2.10066E-28  1.39941E+06  1.99979E-03 -4.12803E+01
  9.84928E+00  2.10066E-28  1.39941E+06  1.99979E-03 -4.12803E+01
  9.89607E+00  2.10066E-28  1.39941E+06  1.99979E-03 -4.12803E+01
  9.94286E+00  2.10236E-28  1.40116E+06  1.99986E-03 -3.98895E+01
  9.98965E+00  2.10407E-28  1.40291E+06  1.99992E-03 -3.85010E+01
  1.00364E+01  2.10407E-28  1.40291E+06  1.99992E-03 -3.85010E+01
  1.00832E+01  2.10407E-28  1.40291E+06  1.99992E-03 -3.85010E+01
  1.01300E+01  2.10691E-28  1.40409E+06  1.99995E-03 -3.74546E+01
  1.01768E+01  2.10975E-28  1.40528E+06  1.99998E-03 -3.64110E+01
  1.02236E+01  2.10975E-28  1.40528E+06  1.99998E-03 -3.64110E+01
  1.02704E+01  2.10975E-28  1.40528E+06  1.99998E-03 -3.64110E+01
  1.03172E+01  2.11267E-28  1.40654E+06  1.99999E-03 -3.55189E+01
  1.03640E+01  2.11559E-28  1.40781E+06  2.00000E-03 -3.46292E+01
  1.04108E+01  2.11559E-28  1.40781E+06  2.00000E-03 -3.46292E+01
  1.04575E+01  2.11559E-28  1.40781E+06  2.00000E-03 -3.46292E+01
  1.05043E+01  2.11839E-28  1.40902E+06  2.00000E-03 -3.37780E+01
  1.05511E+01  2.12119E-28  1.41024E+06  2.00000E-03 -3.29291E+01
  1.05979E+01  2.12119E-28  1.41024E+06  2.00000E-03 -3.29291E+01
  1.06447E+01  2.12119E-28  1.41024E+06  2.00000E-03 -3.29291E+01
  1.06915E+01  2.12377E-28  1.41139E+06  2.00000E-03 -3.20808E+01
  1.07383E+01  2.12635E-28  1.41253E+06  2.00000E-03 -3.12345E+01
  1.07851E+01  2.12635E-28  1.41253E+06  2.00000E-03 -3.12345E+01
  1.08319E+01  2.12635E-28  1.41253E+06  2.00000E-03 -3.12345E+01
  1.08787E+01  2.12864E-28  1.41353E+06  2.00000E-03 -3.03779E+01
  1.09254E+01  2.13094E-28  1.41452E+06  2.00000E-03 -2.95231E+01
  1.09722E+01  2.13094E-28  1.41452E+06  2.00000E-03 -2.95231E+01
  1.10190E+01  2.13094E-28  1.41452E+06  2.00000E-03 -2.95231E+01
  1.10658E+01  2.13290E-28  1.41539E+06  2.00000E-03 -2.86563E+01
  1.11126E+01  2.13486E-28  1.41627E+06  2.00000E-03 -2.77910E+01
  1.11594E+01  2.13486E-28  1.41627E+06  2.00000E-03 -2.77910E+01
  1.12062E+01  2.13486E-28  1.41627E+06  2.00000E-03 -2.77910E+01
  1.12530E+01  2.13644E-28  1.41702E+06  2.00000E-03 -2.69315E+01
  1.12998E+01  2.13803E-28  1.41777E+06  2.00000E-03 -2.60732E+01
  1.13466E+01  2.13803E-28  1.41777E+06  2.00000E-03 -2.60732E+01
  1.13933E+01  2.13803E-28  1.41777E+06  2.00000E-03 -2.60732E+01
  1.14401E+01  2.13943E-28  1.41844E+06  2.00000E-03 -2.52595E+01
  1.14869E+01  2.14084E-28  1.41911E+06  2.00000E-03 -2.44470E+01
  1.15337E+01  2.14084E-28  1.41911E+06  2.00000E-03 -2.44470E+01
  1.15805E+01  2.14084E-28  1.41911E+06  2.00000E-03 -2.44470E+01
  1.16273E+01  2.14215E-28  1.41970E+06  2.00000E-03 -2.37245E+01
  1.16741E+01  2.14346E-28  1.42029E+06  2.00000E-03 -2.30030E+01
  1.17209E+01  2.14346E-28  1.42029E+06  2.00000E-03 -2.30030E+01
  1.17677E+01  2.14346E-28  1.42029E+06  2.00000E-03 -2.30030E+01
  1.18145E+01  2.14491E-28  1.42090E+06  2.00000E-03 -2.23838E+01
  1.18612E+01  2.14635E-28  1.42150E+06  2.00000E-03 -2.17654E+01
  1.19080E+01  2.14635E-28  1.42150E+06  2.00000E-03 -2.17654E+01
  1.19548E+01  2.14635E-28  1.42150E+06  2.00000E-03 -2.17654E+01
  1.20016E+01  2.14792E-28  1.42215E+06  2.00000E-03 -2.12202E+01
  1.20484E+01  2.14949E-28  1.42280E+06  2.00000E-03 -2.06758E+01
  1.20952E+01  2.14949E-28  1.42280E+06  2.00000E-03 -2.06758E+01
  1.21420E+01  2.14949E-28  1.42280E+06  2.00000E-03 -2.06758E+01
  1.21888E+01  2.15083E-28  1.42339E+06  2.00000E-03 -2.02007E+01
  1.22356E+01  2.15217E-28  1.42399E+06  2.00000E-03 -1.97263E+01
  1.22824E+01  2.15217E-28  1.42399E+06  2.00000E-03 -1.97263E+01
  1.23291E+01  2.15217E-28  1.42399E+06  2.00000E-03 -1.97263E+01
  1.23759E+01  2.15366E-28  1.42466E+06  2.00000E-03 -1.92810E+01
  1.24227E+01  2.15515E-28  1.42533E+06  2.00000E-03 -1.88363E+01
  1.24695E+01  2.15515E-28  1.42533E+06  2.00000E-03 -1.88363E+01
  1.25163E+01  2.15515E-28  1.42533E+06  2.00000E-03 -1.88363E+01
  1.25631E+01  2.15638E-28  1.42587E+06  2.00000E-03 -1.84036E+01
  1.26099E+01  2.15762E-28  1.42640E+06  2.00000E-03 -1.79713E+01
  1.26567E+01  2.15762E-28  1.42640E+06  2.00000E-03 -1.79713E+01
  1.27035E+01  2.15762E-28  1.42640E+06  2.00000E-03 -1.79713E+01
  1.27503E+01  2.15863E-28  1.42684E+06  2.00000E-03 -1.75804E+01
  1.27970E+01  2.15964E-28  1.42728E+06  2.00000E-03 -1.71899E+01
  1.28438E+01  2.15964E-28  1.42728E+06  2.00000E-03 -1.71899E+01
  1.28906E+01  2.15964E-28  1.42728E+06  2.00000E-03 -1.71899E+01
  1.29374E+01  2.16032E-28  1.42758E+06  2.00000E-03 -1.68453E+01
  1.29842E+01  2.16100E-28  1.42787E+06  2.00000E-03 -1.65010E+01
  1.30310E+01  2.16100E-28  1.42787E+06  2.00000E-03 -1.65010E+01
  1.30778E+01  2.16100E-28  1.42787E+06  2.00000E-03 -1.65010E+01
  1.31246E+01  2.16127E-28  1.42798E+06  2.00000E-03 -1.62059E+01
  1.31714E+01  2.16155E-28  1.42810E+06  2.00000E-03 -1.59108E+01
  1.32182E+01  2.16155E-28  1.42810E+06  2.00000E-03 -1.59108E+01
  1.32649E+01  2.16155E-28  1.42810E+06  2.00000E-03 -1.59108E+01
  1.33117E+01  2.16138E-28  1.42803E+06  2.00000E-03 -1.56643E+01
  1.33585E+01  2.16122E-28  1.42796E+06  2.00000E-03 -1.54178E+01
  1.34053E+01  2.16122E-28  1.42796E+06  2.00000E-03 -1.54178E+01
  1.34521E+01  2.16122E-28  1.42796E+06  2.00000E-03 -1.54178E+01
  1.34989E+01  2.16064E-28  1.42770E+06  2.00000E-03 -1.52126E+01
  1.35457E+01  2.16006E-28  1.42744E+06  2.00000E-03 -1.50072E+01
  1.35925E+01  2.16006E-28  1.42744E+06  2.00000E-03 -1.50072E+01
  1.36393E+01  2.16006E-28  1.42744E+06  2.00000E-03 -1.50072E+01
  1.36861E+01  2.15912E-28  1.42702E+06  2.00000E-03 -1.48332E+01
  1.37328E+01  2.15817E-28  1.42661E+06  2.00000E-03 -1.46590E+01
  1.37796E+01  2.15817E-28  1.42661E+06  2.00000E-03 -1.46590E+01
  1.38264E+01  2.15817E-28  1.42661E+06  2.00000E-03 -1.46590E+01
  1.38732E+01  2.15592E-28  1.42562E+06  2.00000E-03 -1.44701E+01
  1.39200E+01  2.15368E-28  1.42463E+06  2.00000E-03 -1.42808E+01
  1.39668E+01  2.15368E-28  1.42463E+06  2.00000E-03 -1.42808E+01
  1.40136E+01  2.15368E-28  1.42463E+06  2.00000E-03 -1.42808E+01
  1.40604E+01  2.15368E-28  1.42463E+06  2.00000E-03 -1.42808E+01
  1.41072E+01  2.15368E-28  1.42463E+06  2.00000E-03 -1.42808E+01
  1.41540E+01  2.15368E-28  1.42463E+06  2.00000E-03 -1.42808E+01
  1.42007E+01  2.15368E-28  1.42463E+06  2.00000E-03 -1.42808E+01
  1.42475E+01  2.15158E-28  1.42368E+06  2.00000E-03 -1.39143E+01
  1.42943E+01  2.14947E-28  1.42273E+06  2.00000E-03 -1.35471E+01
  1.43411E+01  2.14947E-28  1.42273E+06  2.00000E-03 -1.35471E+01
  1.43879E+01  2.14947E-28  1.42273E+06  2.00000E-03 -1.35471E+01
  1.44347E+01  2.14947E-28  1.42273E+06  2.00000E-03 -1.35471E+01
  1.44815E+01  2.14947E-28  1.42273E+06  2.00000E-03 -1.35471E+01
  1.45283E+01  2.14947E-28  1.42273E+06  2.00000E-03 -1.35471E+01
  1.45751E+01  2.14947E-28  1.42273E+06  2.00000E-03 -1.35471E+01
  1.46219E+01  2.14851E-28  1.42231E+06  2.00000E-03 -1.31340E+01
  1.46686E+01  2.14754E-28  1.42188E+06  2.00000E-03 -1.27206E+01
  1.47154E+01  2.14754E-28  1.42188E+06  2.00000E-03 -1.27206E+01
  1.47622E+01  2.14754E-28  1.42188E+06  2.00000E-03 -1.27206E+01
  1.48090E+01  2.14754E-28  1.42188E+06  2.00000E-03 -1.27206E+01
  1.48558E+01  2.14754E-28  1.42188E+06  2.00000E-03 -1.27206E+01
  1.49026E+01  2.14754E-28  1.42188E+06  2.00000E-03 -1.27206E+01
  1.49494E+01  2.14754E-28  1.42188E+06  2.00000E-03 -1.27206E+01
  1.49962E+01  2.14754E-28  1.42187E+06  2.00000E-03 -1.22380E+01
  1.50430E+01  2.14754E-28  1.42186E+06  2.00000E-03 -1.17555E+01
  1.50898E+01  2.14754E-28  1.42186E+06  2.00000E-03 -1.17555E+01
  1.51365E+01  2.14754E-28  1.42186E+06  2.00000E-03 -1.17555E+01
  1.51833E+01  2.14754E-28  1.42186E+06  2.00000E-03 -1.17555E+01
  1.52301E+01  2.14754E-28  1.42186E+06  2.00000E-03 -1.17555E+01
  1.52769E+01  2.14754E-28  1.42186E+06  2.00000E-03 -1.17555E+01
  1.53237E+01  2.14754E-28  1.42186E+06  2.00000E-03 -1.17555E+01
  1.53705E+01  2.14824E-28  1.42216E+06  2.00000E-03 -1.12382E+01
  1.54173E+01  2.14894E-28  1.42246E+06  2.00000E-03 -1.07212E+01
  1.54641E+01  2.14894E-28  1.42246E+06  2.00000E-03 -1.07212E+01
  1.55109E+01  2.14894E-28  1.42246E+06  2.00000E-03 -1.07212E+01
  1.55577E+01  2.14894E-28  1.42246E+06  2.00000E-03 -1.07212E+01
  1.56044E+01  2.14894E-28  1.42246E+06  2.00000E-03 -1.07212E+01
  1.56512E+01  2.14894E-28  1.42246E+06  2.00000E-03 -1.07212E+01
  1.56980E+01  2.14894E-28  1.42246E+06  2.00000E-03 -1.07212E+01
  1.57448E+01  2.14986E-28  1.42286E+06  2.00000E-03 -1.02045E+01
  1.57916E+01  2.15079E-28  1.42327E+06  2.00000E-03 -9.68826E+00
  1.58384E+01  2.15079E-28  1.42327E+06  2.00000E-03 -9.68826E+00
  1.58852E+01  2.15079E-28  1.42327E+06  2.00000E-03 -9.68826E+00
  1.59320E+01  2.15079E-28  1.42327E+06  2.00000E-03 -9.68826E+00
  1.59788E+01  2.15079E-28  1.42327E+06  2.00000E-03 -9.68826E+00
  1.60256E+01  2.15079E-28  1.42327E+06  2.00000E-03 -9.68826E+00
  1.60723E+01  2.15079E-28  1.42327E+06  2.00000E-03 -9.68826E+00
  1.61191E+01  2.15158E-28  1.42361E+06  2.00000E-03 -9.20223E+00
  1.61659E+01  2.15237E-28  1.42396E+06  2.00000E-03 -8.71655E+00
  1.62127E+01  2.15237E-28  1.42396E+06  2.00000E-03 -8.71655E+00
  1.62595E+01  2.15237E-28  1.42396E+06  2.00000E-03 -8.71655E+00
  1.63063E+01  2.15237E-28  1.42396E+06  2.00000E-03 -8.71655E+00
  1.63531E+01  2.15237E-28  1.42396E+06  2.00000E-03 -8.71655E+00
  1.63999E+01  2.15237E-28  1.42396E+06  2.00000E-03 -8.71655E+00
  1.64467E+01  2.15237E-28  1.42396E+06  2.00000E-03 -8.71655E+00
  1.64935E+01  2.15284E-28  1.42416E+06  2.00000E-03 -8.28109E+00
  1.65402E+01  2.15330E-28  1.42436E+06  2.00000E-03 -7.84581E+00
  1.65870E+01  2.15330E-28  1.42436E+06  2.00000E-03 -7.84581E+00
  1.66338E+01  2.15330E-28  1.42436E+06  2.00000E-03 -7.84581E+00
  1.66806E+01  2.15330E-28  1.42436E+06  2.00000E-03 -7.84581E+00
  1.67274E+01  2.15330E-28  1.42436E+06  2.00000E-03 -7.84581E+00
  1.67742E+01  2.15330E-28  1.42436E+06  2.00000E-03 -7.84581E+00
  1.68210E+01  2.15330E-28  1.42436E+06  2.00000E-03 -7.84581E+00
  1.68678E+01  2.15345E-28  1.42442E+06  2.00000E-03 -7.46898E+00
  1.69146E+01  2.15360E-28  1.42448E+06  2.00000E-03 -7.09220E+00
  1.69613E+01  2.15360E-28  1.42448E+06  2.00000E-03 -7.09220E+00
  1.70081E+01  2.15360E-28  1.42448E+06  2.00000E-03 -7.09220E+00
  1.70549E+01  2.15360E-28  1.42448E+06  2.00000E-03 -7.09220E+00
  1.71017E+01  2.15360E-28  1.42448E+06  2.00000E-03 -7.09220E+00
  1.71485E+01  2.15360E-28  1.42448E+06  2.00000E-03 -7.09220E+00
  1.71953E+01  2.15360E-28  1.42448E+06  2.00000E-03 -7.09220E+00
  1.72421E+01  2.15360E-28  1.42448E+06  2.00000E-03 -6.76714E+00
  1.72889E+01  2.15360E-28  1.42447E+06  2.00000E-03 -6.44209E+00
  1.73357E+01  2.15360E-28  1.42447E+06  2.00000E-03 -6.44209E+00
  1.73825E+01  2.15360E-28  1.42447E+06  2.00000E-03 -6.44209E+00
  1.74292E+01  2.15360E-28  1.42447E+06  2.00000E-03 -6.44209E+00
  1.74760E+01  2.15360E-28  1.42447E+06  2.00000E-03 -6.44209E+00
  1.75228E+01  2.15360E-28  1.42447E+06  2.00000E-03 -6.44209E+00
  1.75696E+01  2.15360E-28  1.42447E+06  2.00000E-03 -6.44209E+00
  1.76164E+01  2.15369E-28  1.42451E+06  2.00000E-03 -6.14757E+00
  1.76632E+01  2.15379E-28  1.42455E+06  2.00000E-03 -5.85308E+00
  1.77100E+01  2.15379E-28  1.42455E+06  2.00000E-03 -5.85308E+00
  1.77568E+01  2.15379E-28  1.42455E+06  2.00000E-03 -5.85308E+00
  1.78036E+01  2.15379E-28  1.42455E+06  2.00000E-03 -5.85308E+00
  1.78504E+01  2.15379E-28  1.42455E+06  2.00000E-03 -5.85308E+00
  1.78971E+01  2.15379E-28  1.42455E+06  2.00000E-03 -5.85308E+00
  1.79439E+01  2.15379E-28  1.42455E+06  2.00000E-03 -5.85308E+00
  1.79907E+01  2.15421E-28  1.42473E+06  2.00000E-03 -5.56393E+00
  1.80375E+01  2.15464E-28  1.42492E+06  2.00000E-03 -5.27489E+00
  1.80843E+01  2.15464E-28  1.42492E+06  2.00000E-03 -5.27489E+00
  1.81311E+01  2.15464E-28  1.42492E+06  2.00000E-03 -5.27489E+00
  1.81779E+01  2.15464E-28  1.42492E+06  2.00000E-03 -5.27489E+00
  1.82247E+01  2.15464E-28  1.42492E+06  2.00000E-03 -5.27489E+00
  1.82715E+01  2.15464E-28  1.42492E+06  2.00000E-03 -5.27489E+00
  1.83183E+01  2.15464E-28  1.42492E+06  2.00000E-03 -5.27489E+00
  1.83650E+01  2.15552E-28  1.42530E+06  2.00000E-03 -4.98344E+00
  1.84118E+01  2.15641E-28  1.42569E+06  2.00000E-03 -4.69222E+00
  1.84586E+01  2.15641E-28  1.42569E+06  2.00000E-03 -4.69222E+00
  1.85054E+01  2.15641E-28  1.42569E+06  2.00000E-03 -4.69222E+00
  1.85522E+01  2.15641E-28  1.42569E+06  2.00000E-03 -4.69222E+00
  1.85990E+01  2.15641E-28  1.42569E+06  2.00000E-03 -4.69222E+00
  1.86458E+01  2.15641E-28  1.42569E+06  2.00000E-03 -4.69222E+00
  1.86926E+01  2.15641E-28  1.42569E+06  2.00000E-03 -4.69222E+00
  1.87394E+01  2.15644E-28  1.42571E+06  2.00000E-03 -4.42464E+00
  1.87862E+01  2.15647E-28  1.42573E+06  2.00000E-03 -4.15706E+00
  1.88329E+01  2.15647E-28  1.42573E+06  2.00000E-03 -4.15706E+00
  1.88797E+01  2.15647E-28  1.42573E+06  2.00000E-03 -4.15706E+00
  1.89265E+01  2.15647E-28  1.42573E+06  2.00000E-03 -4.15706E+00
  1.89733E+01  2.15647E-28  1.42573E+06  2.00000E-03 -4.15706E+00
  1.90201E+01  2.15647E-28  1.42573E+06  2.00000E-03 -4.15706E+00
  1.90669E+01  2.15647E-28  1.42573E+06  2.00000E-03 -4.15706E+00
  1.91137E+01  2.15647E-28  1.42573E+06  2.00000E-03 -4.15706E+00
  1.91605E+01  2.15647E-28  1.42573E+06  2.00000E-03 -4.15706E+00
  1.92073E+01  2.15647E-28  1.42573E+06  2.00000E-03 -4.15706E+00
  1.92541E+01  2.15647E-28  1.42573E+06  2.00000E-03 -4.15706E+00
  1.93008E+01  2.15647E-28  1.42573E+06  2.00000E-03 -4.15706E+00
  1.93476E+01  2.15647E-28  1.42573E+06  2.00000E-03 -4.15706E+00
  1.93944E+01  2.15647E-28  1.42573E+06  2.00000E-03 -4.15706E+00
  1.94412E+01  2.15647E-28  1.42573E+06  2.00000E-03 -4.15706E+00
  1.94880E+01  2.15916E-28  1.42688E+06  2.00000E-03 -3.72719E+00
  1.95348E+01  2.16184E-28  1.42802E+06  2.00000E-03 -3.29837E+00
  1.95816E+01  2.16184E-28  1.42802E+06  2.00000E-03 -3.29837E+00
  1.96284E+01  2.16184E-28  1.42802E+06  2.00000E-03 -3.29837E+00
  1.96752E+01  2.16184E-28  1.42802E+06  2.00000E-03 -3.29837E+00
  1.97220E+01  2.16184E-28  1.42802E+06  2.00000E-03 -3.29837E+00
  1.97687E+01  2.16184E-28  1.42802E+06  2.00000E-03 -3.29837E+00
  1.98155E+01  2.16184E-28  1.42802E+06  2.00000E-03 -3.29837E+00
  1.98623E+01  2.16184E-28  1.42802E+06  2.00000E-03 -3.29837E+00
  1.99091E+01  2.16184E-28  1.42802E+06  2.00000E-03 -3.29837E+00
  1.99559E+01  2.16184E-28  1.42802E+06  2.00000E-03 -3.29837E+00
  2.00027E+01  2.16184E-28  1.42802E+06  2.00000E-03 -3.29837E+00
  2.00495E+01  2.16184E-28  1.42802E+06  2.00000E-03 -3.29837E+00
  2.00963E+01  2.16184E-28  1.42802E+06  2.00000E-03 -3.29837E+00
  2.01431E+01  2.16184E-28  1.42802E+06  2.00000E-03 -3.29837E+00
  2.01899E+01  2.16184E-28  1.42802E+06  2.00000E-03 -3.29837E+00
  2.02366E+01  2.16295E-28  1.42850E+06  2.00000E-03 -3.09461E+00
  2.02834E+01  2.16407E-28  1.42898E+06  2.00000E-03 -2.89106E+00
  2.03302E+01  2.16407E-28  1.42898E+06  2.00000E-03 -2.89106E+00
  2.03770E+01  2.16407E-28  1.42898E+06  2.00000E-03 -2.89106E+00
  2.04238E+01  2.16407E-28  1.42898E+06  2.00000E-03 -2.89106E+00
  2.04706E+01  2.16407E-28  1.42898E+06  2.00000E-03 -2.89106E+00
  2.05174E+01  2.16407E-28  1.42898E+06  2.00000E-03 -2.89106E+00
  2.05642E+01  2.16407E-28  1.42898E+06  2.00000E-03 -2.89106E+00
  2.06110E+01  2.16407E-28  1.42898E+06  2.00000E-03 -2.89106E+00
  2.06578E+01  2.16407E-28  1.42898E+06  2.00000E-03 -2.89106E+00
  2.07045E+01  2.16407E-28  1.42898E+06  2.00000E-03 -2.89106E+00
  2.07513E+01  2.16407E-28  1.42898E+06  2.00000E-03 -2.89106E+00
  2.07981E+01  2.16407E-28  1.42898E+06  2.00000E-03 -2.89106E+00
  2.08449E+01  2.16407E-28  1.42898E+06  2.00000E-03 -2.89106E+00
  2.08917E+01  2.16407E-28  1.42898E+06  2.00000E-03 -2.89106E+00
  2.09385E+01  2.16407E-28  1.42898E+06  2.00000E-03 -2.89106E+00
  2.09853E+01  2.16339E-28  1.42867E+06  2.00000E-03 -2.88398E+00
  2.10321E+01  2.16271E-28  1.42836E+06  2.00000E-03 -2.87690E+00
  2.10789E+01  2.16271E-28  1.42836E+06  2.00000E-03 -2.87690E+00
  2.11257E+01  2.16271E-28  1.42836E+06  2.00000E-03 -2.87690E+00
  2.11724E+01  2.16271E-28  1.42836E+06  2.00000E-03 -2.87690E+00
  2.12192E+01  2.16271E-28  1.42836E+06  2.00000E-03 -2.87690E+00
  2.12660E+01  2.16271E-28  1.42836E+06  2.00000E-03 -2.87690E+00
  2.13128E+01  2.16271E-28  1.42836E+06  2.00000E-03 -2.87690E+00
  2.13596E+01  2.16271E-28  1.42836E+06  2.00000E-03 -2.87690E+00
  2.14064E+01  2.16271E-28  1.42836E+06  2.00000E-03 -2.87690E+00
  2.14532E+01  2.16271E-28  1.42836E+06  2.00000E-03 -2.87690E+00
  2.15000E+01  2.16271E-28  1.42836E+06  2.00000E-03 -2.87690E+00
  2.15468E+01  2.16271E-28  1.42836E+06  2.00000E-03 -2.87690E+00
  2.15936E+01  2.16271E-28  1.42836E+06  2.00000E-03 -2.87690E+00
  2.16403E+01  2.16271E-28  1.42836E+06  2.00000E-03 -2.87690E+00
  2.16871E+01  2.16271E-28  1.42836E+06  2.00000E-03 -2.87690E+00
  2.17339E+01  2.16119E-28  1.42769E+06  2.00000E-03 -2.97820E+00
  2.17807E+01  2.15968E-28  1.42701E+06  2.00000E-03 -3.07963E+00
  2.18275E+01  2.15968E-28  1.42701E+06  2.00000E-03 -3.07963E+00
  2.18743E+01  2.15968E-28  1.42701E+06  2.00000E-03 -3.07963E+00
  2.19211E+01  2.15968E-28  1.42701E+06  2.00000E-03 -3.07963E+00
  2.19679E+01  2.15968E-28  1.42701E+06  2.00000E-03 -3.07963E+00
  2.20147E+01  2.15968E-28  1.42701E+06  2.00000E-03 -3.07963E+00
  2.20615E+01  2.15968E-28  1.42701E+06  2.00000E-03 -3.07963E+00
  2.21082E+01  2.15968E-28  1.42701E+06  2.00000E-03 -3.07963E+00
  2.21550E+01  2.15968E-28  1.42701E+06  2.00000E-03 -3.07963E+00
  2.22018E+01  2.15968E-28  1.42701E+06  2.00000E-03 -3.07963E+00
  2.22486E+01  2.15968E-28  1.42701E+06  2.00000E-03 -3.07963E+00
  2.22954E+01  2.15968E-28  1.42701E+06  2.00000E-03 -3.07963E+00
  2.23422E+01  2.15968E-28  1.42701E+06  2.00000E-03 -3.07963E+00
  2.23890E+01  2.15968E-28  1.42701E+06  2.00000E-03 -3.07963E+00
  2.24358E+01  2.15968E-28  1.42701E+06  2.00000E-03 -3.07963E+00
  2.24826E+01  2.15846E-28  1.42647E+06  2.00000E-03 -3.19046E+00
  2.25294E+01  2.15724E-28  1.42592E+06  2.00000E-03 -3.30141E+00
  2.25761E+01  2.15724E-28  1.42592E+06  2.00000E-03 -3.30141E+00
  2.26229E+01  2.15724E-28  1.42592E+06  2.00000E-03 -3.30141E+00
  2.26697E+01  2.15724E-28  1.42592E+06  2.00000E-03 -3.30141E+00
  2.27165E+01  2.15724E-28  1.42592E+06  2.00000E-03 -3.30141E+00
  2.27633E+01  2.15724E-28  1.42592E+06  2.00000E-03 -3.30141E+00
  2.28101E+01  2.15724E-28  1.42592E+06  2.00000E-03 -3.30141E+00
  2.28569E+01  2.15724E-28  1.42592E+06  2.00000E-03 -3.30141E+00
  2.29037E+01  2.15724E-28  1.42592E+06  2.00000E-03 -3.30141E+00
  2.29505E+01  2.15724E-28  1.42592E+06  2.00000E-03 -3.30141E+00
  2.29972E+01  2.15724E-28  1.42592E+06  2.00000E-03 -3.30141E+00
  2.30440E+01  2.15724E-28  1.42592E+06  2.00000E-03 -3.30141E+00
  2.30908E+01  2.15724E-28  1.42592E+06  2.00000E-03 -3.30141E+00
  2.31376E+01  2.15724E-28  1.42592E+06  2.00000E-03 -3.30141E+00
  2.31844E+01  2.15724E-28  1.42592E+06  2.00000E-03 -3.30141E+00
  2.32312E+01  2.15688E-28  1.42576E+06  2.00000E-03 -3.37302E+00
  2.32780E+01  2.15651E-28  1.42559E+06  2.00000E-03 -3.44465E+00
  2.33248E+01  2.15651E-28  1.42559E+06  2.00000E-03 -3.44465E+00
  2.33716E+01  2.15651E-28  1.42559E+06  2.00000E-03 -3.44465E+00
  2.34184E+01  2.15651E-28  1.42559E+06  2.00000E-03 -3.44465E+00
  2.34651E+01  2.15651E-28  1.42559E+06  2.00000E-03 -3.44465E+00
  2.35119E+01  2.15651E-28  1.42559E+06  2.00000E-03 -3.44465E+00
  2.35587E+01  2.15651E-28  1.42559E+06  2.00000E-03 -3.44465E+00
  2.36055E+01  2.15651E-28  1.42559E+06  2.00000E-03 -3.44465E+00
  2.36523E+01  2.15651E-28  1.42559E+06  2.00000E-03 -3.44465E+00
  2.36991E+01  2.15651E-28  1.42559E+06  2.00000E-03 -3.44465E+00
  2.37459E+01  2.15651E-28  1.42559E+06  2.00000E-03 -3.44465E+00
  2.37927E+01  2.15651E-28  1.42559E+06  2.00000E-03 -3.44465E+00
  2.38395E+01  2.15651E-28  1.42559E+06  2.00000E-03 -3.44465E+00
  2.38863E+01  2.15651E-28  1.42559E+06  2.00000E-03 -3.44465E+00
  2.39330E+01  2.15651E-28  1.42559E+06  2.00000E-03 -3.44465E+00
  2.39798E+01  2.15672E-28  1.42568E+06  2.00000E-03 -3.48953E+00
