 -2.75495E+01  2.18699E-28  1.43903E+06  2.00000E-03  9.65895E+00
 -2.74559E+01  2.18699E-28  1.43903E+06  2.00000E-03  9.65895E+00
 -2.73623E+01  2.18699E-28  1.43903E+06  2.00000E-03  9.65895E+00
 -2.72687E+01  2.18699E-28  1.43903E+06  2.00000E-03  9.65895E+00
 -2.71751E+01  2.18699E-28  1.43903E+06  2.00000E-03  9.65895E+00
 -2.70816E+01  2.18699E-28  1.43903E+06  2.00000E-03  9.65895E+00
 -2.69880E+01  2.18699E-28  1.43903E+06  2.00000E-03  9.65896E+00
 -2.68944E+01  2.18699E-28  1.43903E+06  2.00000E-03  9.65895E+00
 -2.68008E+01  2.18764E-28  1.43932E+06  2.00000E-03  9.68433E+00
 -2.67072E+01  2.18923E-28  1.44002E+06  2.00000E-03  9.74581E+00
 -2.66137E+01  2.18936E-28  1.44008E+06  2.00000E-03  9.75112E+00
 -2.65201E+01  2.18936E-28  1.44008E+06  2.00000E-03  9.75112E+00
 -2.64265E+01  2.18924E-28  1.44003E+06  2.00000E-03  9.73771E+00
 -2.63329E+01  2.18905E-28  1.43995E+06  2.00000E-03  9.71687E+00
 -2.62393E+01  2.18885E-28  1.43986E+06  2.00000E-03  9.69475E+00
 -2.61458E+01  2.18885E-28  1.43986E+06  2.00000E-03  9.69475E+00
 -2.60522E+01  2.18885E-28  1.43986E+06  2.00000E-03  9.69475E+00
 -2.59586E+01  2.18896E-28  1.43991E+06  2.00000E-03  9.69527E+00
 -2.58650E+01  2.19227E-28  1.44137E+06  2.00000E-03  9.71024E+00
 -2.57714E+01  2.19243E-28  1.44144E+06  2.00000E-03  9.71099E+00
 -2.56779E+01  2.19243E-28  1.44144E+06  2.00000E-03  9.71099E+00
 -2.55843E+01  2.19243E-28  1.44144E+06  2.00000E-03  9.71099E+00
 -2.54907E+01  2.19243E-28  1.44144E+06  2.00000E-03  9.71099E+00
 -2.53971E+01  2.19240E-28  1.44143E+06  2.00000E-03  9.71941E+00
 -2.53035E+01  2.19224E-28  1.44136E+06  2.00000E-03  9.76562E+00
 -2.52100E+01  2.19224E-28  1.44136E+06  2.00000E-03  9.76601E+00
 -2.51164E+01  2.19219E-28  1.44134E+06  2.00000E-03  9.80358E+00
 -2.50228E+01  2.19313E-28  1.44176E+06  2.00000E-03  9.89677E+00
 -2.49292E+01  2.19383E-28  1.44208E+06  2.00000E-03  9.90403E+00
 -2.48356E+01  2.19434E-28  1.44230E+06  2.00000E-03  9.86108E+00
 -2.47421E+01  2.19483E-28  1.44252E+06  2.00000E-03  9.83297E+00
 -2.46485E+01  2.19501E-28  1.44259E+06  2.00000E-03  9.81334E+00
 -2.45549E+01  2.19488E-28  1.44254E+06  2.00000E-03  9.84248E+00
 -2.44613E+01  2.19491E-28  1.44255E+06  2.00000E-03  9.83701E+00
 -2.43677E+01  2.19503E-28  1.44260E+06  2.00000E-03  9.80778E+00
 -2.42742E+01  2.19464E-28  1.44243E+06  2.00000E-03  9.89853E+00
 -2.41806E+01  2.19394E-28  1.44214E+06  2.00000E-03  1.00651E+01
 -2.40870E+01  2.19339E-28  1.44191E+06  2.00000E-03  1.01953E+01
 -2.39934E+01  2.19339E-28  1.44191E+06  2.00000E-03  1.01953E+01
 -2.38998E+01  2.19339E-28  1.44191E+06  2.00000E-03  1.01953E+01
 -2.38063E+01  2.19339E-28  1.44191E+06  2.00000E-03  1.01953E+01
 -2.37127E+01  2.19339E-28  1.44191E+06  2.00000E-03  1.01953E+01
 -2.36191E+01  2.19339E-28  1.44191E+06  2.00000E-03  1.01953E+01
 -2.35255E+01  2.19339E-28  1.44191E+06  2.00000E-03  1.01953E+01
 -2.34319E+01  2.19341E-28  1.44192E+06  2.00000E-03  1.01944E+01
 -2.33384E+01  2.19321E-28  1.44184E+06  2.00000E-03  1.03058E+01
 -2.32448E+01  2.19144E-28  1.44107E+06  2.00000E-03  1.05601E+01
 -2.31512E+01  2.19168E-28  1.44118E+06  2.00000E-03  1.05441E+01
 -2.30576E+01  2.19168E-28  1.44118E+06  2.00000E-03  1.05441E+01
 -2.29640E+01  2.19168E-28  1.44118E+06  2.00000E-03  1.05441E+01
 -2.28705E+01  2.19168E-28  1.44118E+06  2.00000E-03  1.05441E+01
 -2.27769E+01  2.19168E-28  1.44118E+06  2.00000E-03  1.05441E+01
 -2.26833E+01  2.19168E-28  1.44118E+06  2.00000E-03  1.05441E+01
 -2.25897E+01  2.19168E-28  1.44118E+06  2.00000E-03  1.05441E+01
 -2.24961E+01  2.19079E-28  1.44080E+06  2.00000E-03  1.06334E+01
 -2.24026E+01  2.18562E-28  1.43858E+06  2.00000E-03  1.11581E+01
 -2.23090E+01  2.18479E-28  1.43822E+06  2.00000E-03  1.12428E+01
 -2.22154E+01  2.18479E-28  1.43822E+06  2.00000E-03  1.12428E+01
 -2.21218E+01  2.18479E-28  1.43822E+06  2.00000E-03  1.12428E+01
 -2.20282E+01  2.18479E-28  1.43822E+06  2.00000E-03  1.12428E+01
 -2.19347E+01  2.18479E-28  1.43822E+06  2.00000E-03  1.12428E+01
 -2.18411E+01  2.18662E-28  1.43902E+06  2.00000E-03  1.11668E+01
 -2.17475E+01  2.18778E-28  1.43952E+06  2.00000E-03  1.11184E+01
 -2.16539E+01  2.18866E-28  1.43991E+06  2.00000E-03  1.10964E+01
 -2.15603E+01  2.18307E-28  1.43747E+06  2.00000E-03  1.15067E+01
 -2.14668E+01  2.18115E-28  1.43663E+06  2.00000E-03  1.16481E+01
 -2.13732E+01  2.18115E-28  1.43663E+06  2.00000E-03  1.16481E+01
 -2.12796E+01  2.18114E-28  1.43662E+06  2.00000E-03  1.16504E+01
 -2.11860E+01  2.17953E-28  1.43592E+06  2.00000E-03  1.18312E+01
 -2.10924E+01  2.17676E-28  1.43471E+06  2.00000E-03  1.21350E+01
 -2.09989E+01  2.17713E-28  1.43487E+06  2.00000E-03  1.21184E+01
 -2.09053E+01  2.17693E-28  1.43479E+06  2.00000E-03  1.21564E+01
 -2.08117E+01  2.17720E-28  1.43490E+06  2.00000E-03  1.21282E+01
 -2.07181E+01  2.17465E-28  1.43378E+06  2.00000E-03  1.23854E+01
 -2.06245E+01  2.17189E-28  1.43257E+06  2.00000E-03  1.26633E+01
 -2.05310E+01  2.17198E-28  1.43261E+06  2.00000E-03  1.26520E+01
 -2.04374E+01  2.17188E-28  1.43256E+06  2.00000E-03  1.26657E+01
 -2.03438E+01  2.17135E-28  1.43233E+06  2.00000E-03  1.27702E+01
 -2.02502E+01  2.16820E-28  1.43094E+06  2.00000E-03  1.31499E+01
 -2.01566E+01  2.16690E-28  1.43037E+06  2.00000E-03  1.32937E+01
 -2.00631E+01  2.16679E-28  1.43032E+06  2.00000E-03  1.33108E+01
 -1.99695E+01  2.16679E-28  1.43032E+06  2.00000E-03  1.33108E+01
 -1.98759E+01  2.16651E-28  1.43020E+06  2.00000E-03  1.33695E+01
 -1.97823E+01  2.16527E-28  1.42966E+06  2.00000E-03  1.36306E+01
 -1.96887E+01  2.16527E-28  1.42966E+06  2.00000E-03  1.36306E+01
 -1.95952E+01  2.16505E-28  1.42957E+06  2.00000E-03  1.36816E+01
 -1.95016E+01  2.16480E-28  1.42946E+06  2.00000E-03  1.37404E+01
 -1.94080E+01  2.16498E-28  1.42955E+06  2.00000E-03  1.39889E+01
 -1.93144E+01  2.16508E-28  1.42960E+06  2.00000E-03  1.40433E+01
 -1.92208E+01  2.16508E-28  1.42960E+06  2.00000E-03  1.40433E+01
 -1.91273E+01  2.16508E-28  1.42960E+06  2.00000E-03  1.40433E+01
 -1.90337E+01  2.16562E-28  1.42983E+06  2.00000E-03  1.40518E+01
 -1.89401E+01  2.16895E-28  1.43131E+06  2.00000E-03  1.41048E+01
 -1.88465E+01  2.16922E-28  1.43144E+06  2.00000E-03  1.41404E+01
 -1.87529E+01  2.16900E-28  1.43134E+06  2.00000E-03  1.41676E+01
 -1.86594E+01  2.16861E-28  1.43117E+06  2.00000E-03  1.42160E+01
 -1.85658E+01  2.17122E-28  1.43233E+06  2.00000E-03  1.41732E+01
 -1.84722E+01  2.17496E-28  1.43398E+06  2.00000E-03  1.41120E+01
 -1.83786E+01  2.17496E-28  1.43398E+06  2.00000E-03  1.41120E+01
 -1.82850E+01  2.17496E-28  1.43398E+06  2.00000E-03  1.41120E+01
 -1.81915E+01  2.17496E-28  1.43398E+06  2.00000E-03  1.41120E+01
 -1.80979E+01  2.18311E-28  1.43757E+06  2.00000E-03  1.39848E+01
 -1.80043E+01  2.18322E-28  1.43762E+06  2.00000E-03  1.40171E+01
 -1.79107E+01  2.18185E-28  1.43702E+06  2.00000E-03  1.40842E+01
 -1.78172E+01  2.18184E-28  1.43701E+06  2.00000E-03  1.40846E+01
 -1.77236E+01  2.18373E-28  1.43785E+06  2.00000E-03  1.40710E+01
 -1.76300E+01  2.18976E-28  1.44050E+06  2.00000E-03  1.40274E+01
 -1.75364E+01  2.19032E-28  1.44074E+06  2.00000E-03  1.40234E+01
 -1.74428E+01  2.19032E-28  1.44074E+06  2.00000E-03  1.40234E+01
 -1.73493E+01  2.19016E-28  1.44067E+06  2.00000E-03  1.40329E+01
 -1.72557E+01  2.19409E-28  1.44241E+06  2.00000E-03  1.41217E+01
 -1.71621E+01  2.19526E-28  1.44292E+06  2.00000E-03  1.42145E+01
 -1.70685E+01  2.19512E-28  1.44286E+06  2.00000E-03  1.42310E+01
 -1.69749E+01  2.19732E-28  1.44383E+06  2.00000E-03  1.42945E+01
 -1.68814E+01  2.19805E-28  1.44415E+06  2.00000E-03  1.43153E+01
 -1.67878E+01  2.20414E-28  1.44682E+06  2.00000E-03  1.45379E+01
 -1.66942E+01  2.20553E-28  1.44743E+06  2.00000E-03  1.45935E+01
 -1.66006E+01  2.20476E-28  1.44709E+06  2.00000E-03  1.46077E+01
 -1.65070E+01  2.20315E-28  1.44638E+06  2.00000E-03  1.46818E+01
 -1.64135E+01  2.20304E-28  1.44635E+06  2.00000E-03  1.48983E+01
 -1.63199E+01  2.20528E-28  1.44735E+06  2.00000E-03  1.52594E+01
 -1.62263E+01  2.20610E-28  1.44771E+06  2.00000E-03  1.53470E+01
 -1.61327E+01  2.20754E-28  1.44834E+06  2.00000E-03  1.55012E+01
 -1.60391E+01  2.20754E-28  1.44834E+06  2.00000E-03  1.55012E+01
 -1.59456E+01  2.20749E-28  1.44831E+06  2.00000E-03  1.56782E+01
 -1.58520E+01  2.20731E-28  1.44823E+06  2.00000E-03  1.57979E+01
 -1.57584E+01  2.20648E-28  1.44787E+06  2.00000E-03  1.59442E+01
 -1.56648E+01  2.20671E-28  1.44799E+06  2.00000E-03  1.61382E+01
 -1.55712E+01  2.20614E-28  1.44774E+06  2.00000E-03  1.61992E+01
 -1.54777E+01  2.20702E-28  1.44812E+06  2.00000E-03  1.64019E+01
 -1.53841E+01  2.20617E-28  1.44775E+06  2.00000E-03  1.64688E+01
 -1.52905E+01  2.20607E-28  1.44770E+06  2.00000E-03  1.66725E+01
 -1.51969E+01  2.20558E-28  1.44748E+06  2.00000E-03  1.67600E+01
 -1.51033E+01  2.20570E-28  1.44753E+06  2.00000E-03  1.68240E+01
 -1.50098E+01  2.20465E-28  1.44707E+06  2.00000E-03  1.70864E+01
 -1.49162E+01  2.20405E-28  1.44682E+06  2.00000E-03  1.74164E+01
 -1.48226E+01  2.20327E-28  1.44648E+06  2.00000E-03  1.77010E+01
 -1.47290E+01  2.20279E-28  1.44627E+06  2.00000E-03  1.76615E+01
 -1.46354E+01  2.20101E-28  1.44550E+06  2.00000E-03  1.80035E+01
 -1.45419E+01  2.19887E-28  1.44456E+06  2.00000E-03  1.82533E+01
 -1.44483E+01  2.19797E-28  1.44417E+06  2.00000E-03  1.84189E+01
 -1.43547E+01  2.19699E-28  1.44375E+06  2.00000E-03  1.86248E+01
 -1.42611E+01  2.19548E-28  1.44309E+06  2.00000E-03  1.89489E+01
 -1.41675E+01  2.19237E-28  1.44174E+06  2.00000E-03  1.92328E+01
 -1.40740E+01  2.19150E-28  1.44136E+06  2.00000E-03  1.95975E+01
 -1.39804E+01  2.19002E-28  1.44072E+06  2.00000E-03  1.98223E+01
 -1.38868E+01  2.18867E-28  1.44013E+06  2.00000E-03  1.99439E+01
 -1.37932E+01  2.18718E-28  1.43948E+06  2.00000E-03  2.01146E+01
 -1.36996E+01  2.18528E-28  1.43865E+06  2.00000E-03  2.02998E+01
 -1.36061E+01  2.18532E-28  1.43867E+06  2.00000E-03  2.03075E+01
 -1.35125E+01  2.18357E-28  1.43792E+06  2.00000E-03  2.04730E+01
 -1.34189E+01  2.18237E-28  1.43739E+06  2.00000E-03  2.05547E+01
 -1.33253E+01  2.18175E-28  1.43714E+06  2.00000E-03  2.05879E+01
 -1.32317E+01  2.18156E-28  1.43705E+06  2.00000E-03  2.05999E+01
 -1.31382E+01  2.18121E-28  1.43691E+06  2.00000E-03  2.05715E+01
 -1.30446E+01  2.18115E-28  1.43689E+06  2.00000E-03  2.06576E+01
 -1.29510E+01  2.17955E-28  1.43619E+06  2.00000E-03  2.08275E+01
 -1.28574E+01  2.18172E-28  1.43715E+06  2.00000E-03  2.07032E+01
 -1.27638E+01  2.18023E-28  1.43650E+06  2.00000E-03  2.08242E+01
 -1.26703E+01  2.18071E-28  1.43672E+06  2.00000E-03  2.06037E+01
 -1.25767E+01  2.17904E-28  1.43599E+06  2.00000E-03  2.05879E+01
 -1.24831E+01  2.18136E-28  1.43701E+06  2.00000E-03  2.02082E+01
 -1.23895E+01  2.18120E-28  1.43695E+06  2.00000E-03  2.00375E+01
 -1.22959E+01  2.17989E-28  1.43638E+06  2.00000E-03  1.99697E+01
 -1.22024E+01  2.18049E-28  1.43665E+06  2.00000E-03  1.97281E+01
 -1.21088E+01  2.18011E-28  1.43649E+06  2.00000E-03  1.95550E+01
 -1.20152E+01  2.18203E-28  1.43735E+06  2.00000E-03  1.89039E+01
 -1.19216E+01  2.17926E-28  1.43613E+06  2.00000E-03  1.91959E+01
 -1.18280E+01  2.18020E-28  1.43656E+06  2.00000E-03  1.85540E+01
 -1.17345E+01  2.18107E-28  1.43694E+06  2.00000E-03  1.83552E+01
 -1.16409E+01  2.17959E-28  1.43631E+06  2.00000E-03  1.80216E+01
 -1.15473E+01  2.17870E-28  1.43592E+06  2.00000E-03  1.74894E+01
 -1.14537E+01  2.17721E-28  1.43527E+06  2.00000E-03  1.73303E+01
 -1.13601E+01  2.17940E-28  1.43624E+06  2.00000E-03  1.68246E+01
 -1.12666E+01  2.17830E-28  1.43576E+06  2.00000E-03  1.66395E+01
 -1.11730E+01  2.17560E-28  1.43459E+06  2.00000E-03  1.60049E+01
 -1.10794E+01  2.17302E-28  1.43345E+06  2.00000E-03  1.57378E+01
 -1.09858E+01  2.17385E-28  1.43382E+06  2.00000E-03  1.55324E+01
 -1.08922E+01  2.17127E-28  1.43268E+06  2.00000E-03  1.52464E+01
 -1.07987E+01  2.16814E-28  1.43131E+06  2.00000E-03  1.49516E+01
 -1.07051E+01  2.16476E-28  1.42980E+06  2.00000E-03  1.43882E+01
 -1.06115E+01  2.16344E-28  1.42921E+06  2.00000E-03  1.42924E+01
 -1.05179E+01  2.15916E-28  1.42737E+06  2.00000E-03  1.38542E+01
 -1.04243E+01  2.15661E-28  1.42626E+06  2.00000E-03  1.36280E+01
 -1.03308E+01  2.15219E-28  1.42432E+06  2.00000E-03  1.32746E+01
 -1.02372E+01  2.14838E-28  1.42263E+06  2.00000E-03  1.29899E+01
 -1.01436E+01  2.14424E-28  1.42078E+06  2.00000E-03  1.27661E+01
 -1.00500E+01  2.14164E-28  1.41963E+06  2.00000E-03  1.27558E+01
 -9.95644E+00  2.13772E-28  1.41790E+06  2.00000E-03  1.28428E+01
 -9.86286E+00  2.13323E-28  1.41593E+06  2.00000E-03  1.27789E+01
 -9.76928E+00  2.13042E-28  1.41470E+06  2.00000E-03  1.31571E+01
 -9.67570E+00  2.12910E-28  1.41410E+06  2.00000E-03  1.37906E+01
 -9.58212E+00  2.12670E-28  1.41303E+06  2.00000E-03  1.41604E+01
 -9.48854E+00  2.12514E-28  1.41233E+06  2.00000E-03  1.44946E+01
 -9.39496E+00  2.12505E-28  1.41228E+06  2.00000E-03  1.46991E+01
 -9.30138E+00  2.12410E-28  1.41186E+06  2.00000E-03  1.47766E+01
 -9.20780E+00  2.12452E-28  1.41204E+06  2.00000E-03  1.47947E+01
 -9.11422E+00  2.12523E-28  1.41235E+06  2.00000E-03  1.47394E+01
 -9.02064E+00  2.12603E-28  1.41270E+06  2.00000E-03  1.46487E+01
 -8.92706E+00  2.12795E-28  1.41355E+06  2.00000E-03  1.45878E+01
 -8.83348E+00  2.13007E-28  1.41448E+06  2.00000E-03  1.45113E+01
 -8.73990E+00  2.13211E-28  1.41537E+06  2.00000E-03  1.43516E+01
 -8.64632E+00  2.13412E-28  1.41625E+06  2.00000E-03  1.42074E+01
 -8.55274E+00  2.13606E-28  1.41710E+06  2.00000E-03  1.40311E+01
 -8.45916E+00  2.13663E-28  1.41735E+06  2.00000E-03  1.38791E+01
 -8.36558E+00  2.13782E-28  1.41787E+06  2.00000E-03  1.37131E+01
 -8.27200E+00  2.13893E-28  1.41835E+06  2.00000E-03  1.35259E+01
 -8.17842E+00  2.14076E-28  1.41915E+06  2.00000E-03  1.33092E+01
 -8.08484E+00  2.14142E-28  1.41943E+06  2.00000E-03  1.31791E+01
 -7.99126E+00  2.14250E-28  1.41990E+06  2.00000E-03  1.29904E+01
 -7.89769E+00  2.14291E-28  1.42007E+06  2.00000E-03  1.29669E+01
 -7.80411E+00  2.14483E-28  1.42091E+06  2.00000E-03  1.29105E+01
 -7.71053E+00  2.14810E-28  1.42235E+06  2.00000E-03  1.29412E+01
 -7.61695E+00  2.15024E-28  1.42328E+06  2.00000E-03  1.32231E+01
 -7.52337E+00  2.15176E-28  1.42394E+06  2.00000E-03  1.35869E+01
 -7.42979E+00  2.15379E-28  1.42482E+06  2.00000E-03  1.41001E+01
 -7.33621E+00  2.15579E-28  1.42569E+06  2.00000E-03  1.45125E+01
 -7.24263E+00  2.15546E-28  1.42553E+06  2.00000E-03  1.50104E+01
 -7.14905E+00  2.15559E-28  1.42557E+06  2.00000E-03  1.53179E+01
 -7.05547E+00  2.15442E-28  1.42504E+06  2.00000E-03  1.56057E+01
 -6.96189E+00  2.15324E-28  1.42451E+06  2.00000E-03  1.57558E+01
 -6.86831E+00  2.15098E-28  1.42351E+06  2.00000E-03  1.58136E+01
 -6.77473E+00  2.15076E-28  1.42341E+06  2.00000E-03  1.60842E+01
 -6.68115E+00  2.14788E-28  1.42214E+06  2.00000E-03  1.60538E+01
 -6.58757E+00  2.14563E-28  1.42114E+06  2.00000E-03  1.61111E+01
 -6.49399E+00  2.14350E-28  1.42021E+06  2.00000E-03  1.61336E+01
 -6.40041E+00  2.14251E-28  1.41977E+06  2.00000E-03  1.61122E+01
 -6.30683E+00  2.14061E-28  1.41895E+06  2.00000E-03  1.59918E+01
 -6.21325E+00  2.13964E-28  1.41853E+06  2.00000E-03  1.59292E+01
 -6.11967E+00  2.13879E-28  1.41817E+06  2.00000E-03  1.57561E+01
 -6.02609E+00  2.13881E-28  1.41820E+06  2.00000E-03  1.55887E+01
 -5.93251E+00  2.13793E-28  1.41782E+06  2.00000E-03  1.54804E+01
 -5.83893E+00  2.13673E-28  1.41731E+06  2.00000E-03  1.53957E+01
 -5.74535E+00  2.13398E-28  1.41610E+06  2.00000E-03  1.53426E+01
 -5.65177E+00  2.13350E-28  1.41591E+06  2.00000E-03  1.51898E+01
 -5.55819E+00  2.13055E-28  1.41461E+06  2.00000E-03  1.51502E+01
 -5.46461E+00  2.12989E-28  1.41433E+06  2.00000E-03  1.50131E+01
 -5.37103E+00  2.12858E-28  1.41376E+06  2.00000E-03  1.48766E+01
 -5.27745E+00  2.12596E-28  1.41260E+06  2.00000E-03  1.48274E+01
 -5.18387E+00  2.12444E-28  1.41193E+06  2.00000E-03  1.46454E+01
 -5.09029E+00  2.12318E-28  1.41138E+06  2.00000E-03  1.45352E+01
 -4.99671E+00  2.12064E-28  1.41025E+06  2.00000E-03  1.43467E+01
 -4.90313E+00  2.11865E-28  1.40937E+06  2.00000E-03  1.41632E+01
 -4.80955E+00  2.11711E-28  1.40868E+06  2.00000E-03  1.39384E+01
 -4.71597E+00  2.11388E-28  1.40725E+06  2.00000E-03  1.36988E+01
 -4.62239E+00  2.11146E-28  1.40618E+06  2.00000E-03  1.34551E+01
 -4.52881E+00  2.10960E-28  1.40535E+06  2.00000E-03  1.32085E+01
 -4.43523E+00  2.10819E-28  1.40473E+06  2.00000E-03  1.28182E+01
 -4.34165E+00  2.10719E-28  1.40429E+06  2.00000E-03  1.26437E+01
 -4.24807E+00  2.10532E-28  1.40344E+06  2.00000E-03  1.24109E+01
 -4.15449E+00  2.10394E-28  1.40285E+06  2.00000E-03  1.24074E+01
 -4.06091E+00  2.10155E-28  1.40186E+06  1.99996E-03  1.24036E+01
 -3.96733E+00  2.09611E-28  1.40007E+06  1.99930E-03  1.23109E+01
 -3.87375E+00  2.14326E-28  1.36342E+06  1.97780E-03  1.12291E+01
 -3.78017E+00  2.83584E-28  1.03201E+06  1.83527E-03  7.96280E+00
 -3.68659E+00  5.15767E-28  5.67161E+05  1.65466E-03  2.52721E+00
 -3.59301E+00  8.59838E-28  3.39615E+05  1.55636E-03 -1.17169E+00
 -3.49943E+00  1.21815E-27  2.39321E+05  1.51176E-03 -4.32350E+00
 -3.40585E+00  1.41398E-27  2.07063E+05  1.50041E-03 -5.25437E+00
 -3.31227E+00  1.20725E-27  2.45999E+05  1.51411E-03 -5.81723E+00
 -3.21869E+00  6.97630E-28  4.32538E+05  1.57507E-03 -4.85639E+00
 -3.12511E+00  3.80493E-28  7.98909E+05  1.69878E-03 -2.22543E+00
 -3.03153E+00  2.42620E-28  1.26130E+06  1.89571E-03  2.67242E+00
 -2.93795E+00  2.21885E-28  1.38651E+06  1.97320E-03  6.52120E+00
 -2.84437E+00  2.19588E-28  1.40797E+06  1.99134E-03  9.55743E+00
 -2.75079E+00  2.26514E-28  1.37142E+06  1.98303E-03  1.03994E+01
 -2.65721E+00  2.38430E-28  1.30820E+06  1.96286E-03  1.02783E+01
 -2.56363E+00  2.47098E-28  1.26464E+06  1.94034E-03  9.63977E+00
 -2.47005E+00  2.66631E-28  1.17711E+06  1.89235E-03  9.52020E+00
 -2.37647E+00  2.98800E-28  1.05492E+06  1.82381E-03  9.40776E+00
 -2.28289E+00  3.06775E-28  1.03123E+06  1.80530E-03  8.01948E+00
 -2.18931E+00  2.93678E-28  1.07713E+06  1.82163E-03  6.31362E+00
 -2.09573E+00  4.38809E-28  7.22848E+05  1.69659E-03  7.35742E+00
 -2.00215E+00  1.12002E-27  2.84618E+05  1.53943E-03  9.41134E+00
 -1.90857E+00  2.22271E-27  1.43034E+05  1.49185E-03  9.07420E+00
 -1.81499E+00  2.24600E-27  1.40794E+05  1.48665E-03  8.85476E+00
 -1.72141E+00  1.54315E-27  2.00961E+05  1.49446E-03  7.85717E+00
 -1.62783E+00  1.01234E-27  3.03061E+05  1.51448E-03  4.48994E+00
 -1.53426E+00  8.24939E-28  3.74706E+05  1.54798E-03  3.26139E+00
 -1.44068E+00  5.73581E-28  5.41126E+05  1.62266E-03  4.01091E+00
 -1.34710E+00  3.03358E-28  1.02239E+06  1.81153E-03  4.69013E+00
 -1.25352E+00  2.54929E-28  1.21278E+06  1.87810E-03  6.58110E+00
 -1.15994E+00  2.88720E-28  1.06440E+06  1.78817E-03  1.11783E+01
 -1.06636E+00  3.48342E-28  8.77193E+05  1.68180E-03  1.74183E+01
 -9.72776E-01  3.78140E-28  7.92892E+05  1.63513E-03  2.64919E+01
 -8.79196E-01  5.19387E-28  5.47925E+05  1.49419E-03  3.74346E+01
 -7.85616E-01  4.34638E-28  6.44224E+05  1.54277E-03  4.22270E+01
 -6.92036E-01  3.29956E-28  8.51288E+05  1.66680E-03  4.69716E+01
 -5.98456E-01  3.00913E-28  9.06724E+05  1.69397E-03  4.90858E+01
 -5.04877E-01  3.10975E-28  8.68111E+05  1.70728E-03  5.15107E+01
 -4.11297E-01  5.28626E-28  4.99768E+05  1.51228E-03  4.96698E+01
 -3.17717E-01  8.37991E-28  3.06274E+05  1.37885E-03  5.13346E+01
 -2.24137E-01  1.39437E-27  1.82100E+05  1.27366E-03  5.62789E+01
 -1.30557E-01  1.45838E-27  1.76726E+05  1.25883E-03  6.08811E+01
 -3.69773E-02  1.35706E-27  1.88393E+05  1.24565E-03  6.56721E+01
  5.66026E-02  1.26272E-27  1.95576E+05  1.24569E-03  6.65181E+01
  1.50182E-01  1.22174E-27  1.88021E+05  1.24173E-03  6.23615E+01
  2.43762E-01  1.12808E-27  1.91955E+05  1.24345E-03  5.58155E+01
  3.37342E-01  1.24616E-27  1.71062E+05  1.22111E-03  5.30376E+01
  4.30922E-01  1.30663E-27  1.65304E+05  1.20324E-03  5.31080E+01
  5.24502E-01  1.01285E-27  2.10947E+05  1.23797E-03  4.85098E+01
  6.18082E-01  7.70279E-28  2.73606E+05  1.29241E-03  4.52665E+01
  7.11662E-01  4.22647E-28  5.06332E+05  1.46558E-03  3.92533E+01
  8.05241E-01  3.56664E-28  5.88196E+05  1.52240E-03  3.85919E+01
  8.98821E-01  2.53558E-28  8.51080E+05  1.72043E-03  3.91406E+01
  9.92401E-01  2.12118E-28  1.05005E+06  1.86292E-03  3.98853E+01
  1.08598E+00  1.94628E-28  1.16885E+06  1.93956E-03  4.20920E+01
  1.17956E+00  1.91240E-28  1.21497E+06  1.95998E-03  4.29384E+01
  1.27314E+00  1.92285E-28  1.23584E+06  1.96616E-03  4.30114E+01
  1.36672E+00  1.93883E-28  1.22307E+06  1.95932E-03  4.50089E+01
  1.46030E+00  1.94803E-28  1.21489E+06  1.95799E-03  4.74098E+01
  1.55388E+00  2.07685E-28  1.14806E+06  1.92474E-03  4.96056E+01
  1.64746E+00  2.28665E-28  1.03662E+06  1.86944E-03  5.31360E+01
  1.74104E+00  2.58512E-28  9.08632E+05  1.79773E-03  5.65258E+01
  1.83462E+00  3.07254E-28  7.47394E+05  1.69683E-03  6.09660E+01
  1.92820E+00  3.32443E-28  6.82844E+05  1.66408E-03  6.30401E+01
  2.02178E+00  3.44086E-28  6.36570E+05  1.65118E-03  6.77185E+01
  2.11536E+00  3.40591E-28  6.27295E+05  1.65267E-03  7.20389E+01
  2.20894E+00  3.28585E-28  6.18798E+05  1.64952E-03  7.70953E+01
  2.30252E+00  3.30422E-28  5.91648E+05  1.62585E-03  8.00076E+01
  2.39610E+00  4.02353E-28  4.37468E+05  1.53015E-03  7.84840E+01
  2.48968E+00  6.08669E-28  2.72087E+05  1.40704E-03  7.71559E+01
  2.58326E+00  1.72279E-27  7.62568E+04  1.21419E-03  6.20155E+01
  2.67684E+00  2.31723E-27  4.54105E+04  1.17629E-03  5.67492E+01
  2.77042E+00  2.31581E-27  4.04240E+04  1.16897E-03  5.40142E+01
  2.86400E+00  2.05100E-27  4.85382E+04  1.18151E-03  5.50232E+01
  2.95758E+00  1.89746E-27  5.95365E+04  1.20850E-03  6.09708E+01
  3.05116E+00  2.07967E-27  5.92097E+04  1.20992E-03  6.67864E+01
  3.14474E+00  2.71531E-27  4.53777E+04  1.18900E-03  7.12418E+01
  3.23832E+00  3.48810E-27  3.24855E+04  1.17309E-03  7.07945E+01
  3.33190E+00  3.35334E-27  3.53047E+04  1.17001E-03  7.19063E+01
  3.42548E+00  3.31238E-27  4.62149E+04  1.15736E-03  7.19242E+01
  3.51906E+00  7.84735E-27  2.35138E+04  1.12276E-03  6.36987E+01
  3.61264E+00  1.29520E-26  1.65375E+04  1.10657E-03  5.98350E+01
  3.70622E+00  1.76709E-26  1.41007E+04  1.08752E-03  5.59131E+01
  3.79980E+00  1.92038E-26  1.38795E+04  1.08495E-03  5.29463E+01
  3.89338E+00  2.03084E-26  1.37004E+04  1.09392E-03  5.15052E+01
  3.98696E+00  2.07080E-26  1.36389E+04  1.10936E-03  5.08870E+01
  4.08054E+00  1.93380E-26  1.38504E+04  1.13734E-03  5.02403E+01
  4.17412E+00  1.87088E-26  1.39968E+04  1.15061E-03  4.94804E+01
  4.26770E+00  1.81141E-26  1.40952E+04  1.15497E-03  4.90733E+01
  4.36128E+00  1.80687E-26  1.44753E+04  1.14657E-03  5.08682E+01
  4.45486E+00  1.68889E-26  1.53863E+04  1.14579E-03  5.24103E+01
  4.54844E+00  1.97295E-26  1.38471E+04  1.11901E-03  5.77919E+01
  4.64202E+00  2.03051E-26  1.37732E+04  1.11423E-03  6.09275E+01
  4.73560E+00  2.01404E-26  1.38378E+04  1.11508E-03  6.29496E+01
  4.82917E+00  1.65543E-26  1.57223E+04  1.13025E-03  6.27247E+01
  4.92276E+00  1.24977E-26  2.06668E+04  1.14526E-03  6.19089E+01
  5.01634E+00  7.50816E-27  3.54084E+04  1.16659E-03  6.02346E+01
  5.10991E+00  3.32076E-27  8.43529E+04  1.21610E-03  5.57973E+01
  5.20349E+00  2.74035E-27  1.01724E+05  1.22384E-03  5.57342E+01
  5.29707E+00  2.93931E-27  8.99809E+04  1.20305E-03  5.80043E+01
  5.39065E+00  3.58337E-27  7.15674E+04  1.18645E-03  6.09006E+01
  5.48423E+00  4.29531E-27  5.70137E+04  1.17309E-03  6.47558E+01
  5.57781E+00  4.35465E-27  5.37664E+04  1.17060E-03  6.82461E+01
  5.67139E+00  1.84492E-27  1.23847E+05  1.19952E-03  7.39022E+01
  5.76497E+00  9.46565E-28  2.30128E+05  1.24334E-03  8.18617E+01
  5.85855E+00  5.14575E-28  4.01289E+05  1.37269E-03  9.89033E+01
  5.95213E+00  4.70618E-28  4.27406E+05  1.43044E-03  1.04810E+02
  6.04571E+00  4.47857E-28  4.46573E+05  1.48838E-03  1.08414E+02
  6.13929E+00  4.49237E-28  4.49633E+05  1.49997E-03  1.09902E+02
  6.23287E+00  4.62617E-28  4.59641E+05  1.51749E-03  1.13298E+02
  6.32645E+00  4.73241E-28  4.70745E+05  1.53334E-03  1.16832E+02
  6.42003E+00  4.69559E-28  4.69351E+05  1.53665E-03  1.23090E+02
  6.51361E+00  4.81159E-28  4.69037E+05  1.54050E-03  1.27062E+02
  6.60719E+00  5.05029E-28  4.58438E+05  1.54155E-03  1.29077E+02
  6.70077E+00  5.53934E-28  4.52955E+05  1.54525E-03  1.28334E+02
  6.79435E+00  6.65272E-28  4.35265E+05  1.54754E-03  1.19011E+02
  6.88793E+00  1.08223E-27  2.94372E+05  1.49835E-03  1.09507E+02
  6.98151E+00  6.67053E-27  5.30872E+04  1.22252E-03  9.25300E+01
  7.07509E+00  1.20885E-26  2.67031E+04  1.13709E-03  8.64083E+01
  7.16867E+00  1.61849E-26  1.51140E+04  1.07657E-03  7.89723E+01
  7.26225E+00  1.42673E-26  1.42971E+04  1.07082E-03  7.67152E+01
  7.35583E+00  1.10961E-26  1.42094E+04  1.07899E-03  7.51694E+01
  7.44941E+00  9.53868E-27  1.42090E+04  1.10940E-03  7.46843E+01
  7.54299E+00  8.73342E-27  1.45718E+04  1.14079E-03  7.42529E+01
  7.63657E+00  7.48919E-27  1.60949E+04  1.16995E-03  7.45459E+01
  7.73015E+00  6.77345E-27  1.86047E+04  1.17712E-03  7.51171E+01
  7.82373E+00  5.69355E-27  2.45674E+04  1.18250E-03  7.66017E+01
  7.91731E+00  5.63614E-27  2.64168E+04  1.18374E-03  7.99326E+01
  8.01089E+00  6.63112E-27  2.28500E+04  1.16460E-03  8.30891E+01
  8.10447E+00  7.39447E-27  1.90905E+04  1.14300E-03  8.51591E+01
  8.19805E+00  7.31987E-27  1.86297E+04  1.14611E-03  8.51448E+01
  8.29163E+00  9.50489E-27  1.57380E+04  1.16823E-03  8.19448E+01
  8.38521E+00  1.41259E-26  1.45651E+04  1.17110E-03  7.74077E+01
  8.47879E+00  1.67880E-26  1.43659E+04  1.13981E-03  7.24877E+01
  8.57237E+00  1.51493E-26  1.64092E+04  1.13416E-03  6.99133E+01
  8.66595E+00  1.42605E-26  1.62021E+04  1.13194E-03  7.11146E+01
  8.75953E+00  1.33749E-26  1.53156E+04  1.12176E-03  7.23926E+01
  8.85311E+00  1.17786E-26  1.40174E+04  1.10102E-03  7.51500E+01
  8.94669E+00  1.04604E-26  1.41431E+04  1.09338E-03  7.68527E+01
  9.04027E+00  8.84016E-27  1.44754E+04  1.09052E-03  7.80359E+01
  9.13385E+00  7.44991E-27  1.56792E+04  1.09245E-03  8.01237E+01
  9.22743E+00  5.56544E-27  1.66030E+04  1.09756E-03  8.26753E+01
  9.32101E+00  4.41925E-27  2.03769E+04  1.10492E-03  8.51220E+01
  9.41459E+00  4.15413E-27  2.80784E+04  1.11389E-03  8.43823E+01
  9.50817E+00  8.22359E-27  1.96838E+04  1.10596E-03  7.44609E+01
  9.60175E+00  1.51246E-26  1.44779E+04  1.08394E-03  6.21953E+01
  9.69533E+00  1.34633E-26  1.61705E+04  1.08893E-03  5.63029E+01
  9.78891E+00  9.56491E-27  2.07750E+04  1.10022E-03  5.21946E+01
  9.88249E+00  1.05650E-26  1.73688E+04  1.09378E-03  5.12622E+01
  9.97607E+00  9.59237E-27  2.01742E+04  1.09259E-03  4.93201E+01
  1.00696E+01  9.22611E-27  2.28061E+04  1.09442E-03  4.87914E+01
  1.01632E+01  3.11706E-27  7.42153E+04  1.17910E-03  4.14543E+01
  1.02568E+01  1.57070E-27  1.45919E+05  1.32848E-03  2.96997E+01
  1.03504E+01  1.81771E-27  1.15582E+05  1.31987E-03  2.18772E+01
  1.04440E+01  1.65985E-27  1.18016E+05  1.33044E-03  1.39753E+01
  1.05375E+01  1.36019E-27  1.35860E+05  1.33933E-03  9.71943E+00
  1.06311E+01  8.97923E-28  2.22560E+05  1.41161E-03  4.10186E+00
  1.07247E+01  5.71562E-28  3.80923E+05  1.48476E-03  4.89635E+00
  1.08183E+01  5.87924E-28  3.75572E+05  1.47750E-03  8.01843E+00
  1.09119E+01  5.16769E-28  4.57652E+05  1.52326E-03  1.08811E+01
  1.10054E+01  5.07005E-28  4.72040E+05  1.53168E-03  1.19203E+01
  1.10990E+01  5.06711E-28  4.92037E+05  1.54279E-03  1.60484E+01
  1.11926E+01  5.12282E-28  4.98728E+05  1.54606E-03  2.01041E+01
  1.12862E+01  4.99748E-28  5.22460E+05  1.55555E-03  2.49357E+01
  1.13798E+01  4.70898E-28  5.64921E+05  1.57401E-03  2.83747E+01
  1.14733E+01  4.52671E-28  5.88408E+05  1.58317E-03  2.99467E+01
  1.15669E+01  4.03882E-28  6.63680E+05  1.60959E-03  3.29979E+01
  1.16605E+01  3.95710E-28  6.76980E+05  1.61656E-03  3.52743E+01
  1.17541E+01  3.79453E-28  7.06826E+05  1.62459E-03  3.55023E+01
  1.18477E+01  3.71721E-28  7.22788E+05  1.63538E-03  3.63810E+01
  1.19412E+01  3.73855E-28  7.17599E+05  1.63065E-03  3.54748E+01
  1.20348E+01  3.75984E-28  7.13320E+05  1.62934E-03  3.53976E+01
  1.21284E+01  3.80793E-28  7.03899E+05  1.62373E-03  3.48322E+01
  1.22220E+01  3.86127E-28  6.97874E+05  1.61839E-03  3.31606E+01
  1.23156E+01  4.03315E-28  6.67085E+05  1.60571E-03  3.41733E+01
  1.24091E+01  4.08813E-28  6.62057E+05  1.60517E-03  3.49711E+01
  1.25027E+01  4.13852E-28  6.53846E+05  1.60166E-03  3.56283E+01
  1.25963E+01  4.11937E-28  6.58021E+05  1.60294E-03  3.59034E+01
  1.26899E+01  3.77109E-28  7.23278E+05  1.63552E-03  3.49000E+01
  1.27835E+01  3.60325E-28  7.57238E+05  1.65427E-03  3.32688E+01
  1.28770E+01  3.66704E-28  7.45861E+05  1.64991E-03  3.02452E+01
  1.29706E+01  3.68431E-28  7.42650E+05  1.64817E-03  3.00681E+01
  1.30642E+01  4.20584E-28  6.56600E+05  1.60268E-03  2.44313E+01
  1.31578E+01  4.18988E-28  6.56804E+05  1.60407E-03  2.32231E+01
  1.32514E+01  4.43147E-28  6.25392E+05  1.59190E-03  2.38202E+01
  1.33449E+01  4.61109E-28  6.04798E+05  1.58319E-03  2.45056E+01
  1.34385E+01  4.41541E-28  6.31199E+05  1.60101E-03  2.56759E+01
  1.35321E+01  4.07893E-28  6.83594E+05  1.62600E-03  2.69480E+01
  1.36257E+01  4.00566E-28  6.94544E+05  1.62830E-03  2.69042E+01
  1.37193E+01  4.59030E-28  6.03333E+05  1.58122E-03  2.66582E+01
  1.38128E+01  4.61585E-28  5.98837E+05  1.57519E-03  2.60153E+01
  1.39064E+01  5.01492E-28  5.50862E+05  1.54814E-03  2.55415E+01
  1.40000E+01  5.11445E-28  5.40050E+05  1.54212E-03  2.50000E+01
  1.40936E+01  4.99917E-28  5.53188E+05  1.55010E-03  2.39638E+01
  1.41872E+01  4.47236E-28  6.16688E+05  1.58574E-03  2.20284E+01
  1.42807E+01  4.43621E-28  6.20118E+05  1.58932E-03  2.18196E+01
  1.43743E+01  4.94653E-28  5.53571E+05  1.58529E-03  1.78495E+01
  1.44679E+01  4.89820E-28  5.59680E+05  1.58916E-03  1.73523E+01
  1.45615E+01  4.42956E-28  6.27582E+05  1.62636E-03  1.58316E+01
  1.46551E+01  3.59155E-28  7.79071E+05  1.69678E-03  1.46640E+01
  1.47486E+01  2.91808E-28  9.61990E+05  1.78226E-03  1.46191E+01
  1.48422E+01  2.26113E-28  1.25215E+06  1.91501E-03  1.36838E+01
  1.49358E+01  2.18933E-28  1.29213E+06  1.92894E-03  1.32271E+01
  1.50294E+01  2.08507E-28  1.35263E+06  1.95049E-03  1.23412E+01
  1.51230E+01  2.08556E-28  1.34790E+06  1.96147E-03  1.18461E+01
  1.52165E+01  2.19679E-28  1.28213E+06  1.91880E-03  1.55675E+01
  1.53101E+01  2.33854E-28  1.20256E+06  1.87597E-03  1.57366E+01
  1.54037E+01  3.15374E-28  8.82598E+05  1.73260E-03  1.77631E+01
  1.54973E+01  4.49258E-28  6.11787E+05  1.61392E-03  1.95764E+01
  1.55909E+01  4.66652E-28  5.88307E+05  1.60628E-03  2.13653E+01
  1.56844E+01  5.37916E-28  5.09259E+05  1.57633E-03  2.47062E+01
  1.57780E+01  6.07321E-28  4.50222E+05  1.54613E-03  2.20594E+01
  1.58716E+01  5.96045E-28  4.75123E+05  1.57427E-03  2.59567E+01
  1.59652E+01  5.90050E-28  4.80665E+05  1.57988E-03  2.64591E+01
  1.60588E+01  5.92372E-28  4.79344E+05  1.56448E-03  2.46463E+01
  1.61523E+01  5.45618E-28  5.19060E+05  1.57953E-03  1.94845E+01
  1.62459E+01  4.91367E-28  5.76824E+05  1.61131E-03  1.51862E+01
  1.63395E+01  4.78930E-28  5.91967E+05  1.61981E-03  1.40625E+01
  1.64331E+01  4.28969E-28  6.62812E+05  1.65173E-03  1.31236E+01
  1.65267E+01  2.61356E-28  1.09454E+06  1.85670E-03  6.53180E+00
  1.66202E+01  2.36410E-28  1.21068E+06  1.91317E-03  4.64797E+00
  1.67138E+01  2.31887E-28  1.23469E+06  1.92439E-03  4.29880E+00
  1.68074E+01  2.31936E-28  1.23328E+06  1.92381E-03  4.14159E+00
  1.69010E+01  2.08031E-28  1.35583E+06  1.97941E-03 -2.34586E+00
  1.69946E+01  1.99341E-28  1.39326E+06  1.99533E-03 -7.96035E+00
  1.70881E+01  1.99124E-28  1.39217E+06  1.99519E-03 -8.29484E+00
  1.71817E+01  1.99124E-28  1.39217E+06  1.99519E-03 -8.29484E+00
  1.72753E+01  1.99124E-28  1.39217E+06  1.99519E-03 -8.29484E+00
  1.73689E+01  2.00691E-28  1.36939E+06  1.98933E-03 -1.25446E+01
  1.74625E+01  2.01367E-28  1.35967E+06  1.98683E-03 -1.43578E+01
  1.75560E+01  2.01408E-28  1.35875E+06  1.98661E-03 -1.44217E+01
  1.76496E+01  2.02563E-28  1.33309E+06  1.98047E-03 -1.61953E+01
  1.77432E+01  2.04027E-28  1.31302E+06  1.97574E-03 -1.74453E+01
  1.78368E+01  2.12859E-28  1.24035E+06  1.95903E-03 -2.11902E+01
  1.79304E+01  2.14859E-28  1.22556E+06  1.95565E-03 -2.19283E+01
  1.80239E+01  2.14859E-28  1.22556E+06  1.95565E-03 -2.19283E+01
  1.81175E+01  2.14859E-28  1.22556E+06  1.95565E-03 -2.19283E+01
  1.82111E+01  2.18767E-28  1.19698E+06  1.94864E-03 -2.37364E+01
  1.83047E+01  2.23878E-28  1.16112E+06  1.93985E-03 -2.60052E+01
  1.83983E+01  2.42618E-28  1.06286E+06  1.90681E-03 -2.54308E+01
  1.84918E+01  2.54477E-28  1.00815E+06  1.88841E-03 -2.51110E+01
  1.85854E+01  2.60159E-28  9.83625E+05  1.88036E-03 -2.52346E+01
  1.86790E+01  2.61770E-28  9.75955E+05  1.87997E-03 -2.81832E+01
  1.87726E+01  2.62223E-28  9.73819E+05  1.87987E-03 -2.90043E+01
  1.88662E+01  2.62223E-28  9.73819E+05  1.87987E-03 -2.90043E+01
  1.89597E+01  2.62223E-28  9.73818E+05  1.87987E-03 -2.90043E+01
  1.90533E+01  2.56882E-28  9.94456E+05  1.88664E-03 -3.01675E+01
  1.91469E+01  2.65386E-28  9.61637E+05  1.87535E-03 -3.25006E+01
  1.92405E+01  2.89864E-28  8.78577E+05  1.84775E-03 -3.06017E+01
  1.93341E+01  3.02796E-28  8.40118E+05  1.83497E-03 -2.97224E+01
  1.94276E+01  3.02796E-28  8.40118E+05  1.83497E-03 -2.97224E+01
  1.95212E+01  2.59379E-28  9.77725E+05  1.88095E-03 -3.41253E+01
  1.96148E+01  2.30588E-28  1.09755E+06  1.92099E-03 -3.79594E+01
  1.97084E+01  2.30588E-28  1.09755E+06  1.92099E-03 -3.79594E+01
  1.98020E+01  2.30588E-28  1.09755E+06  1.92099E-03 -3.79594E+01
  1.98955E+01  2.45798E-28  1.01975E+06  1.89497E-03 -3.68619E+01
  1.99891E+01  2.25127E-28  1.08234E+06  1.90705E-03 -4.24433E+01
  2.00827E+01  2.23004E-28  1.07602E+06  1.90271E-03 -4.30937E+01
  2.01763E+01  2.22877E-28  1.07771E+06  1.90373E-03 -4.31533E+01
  2.02699E+01  2.22856E-28  1.07799E+06  1.90390E-03 -4.31631E+01
  2.03634E+01  2.19911E-28  1.08326E+06  1.90008E-03 -4.45231E+01
  2.04570E+01  2.07559E-28  1.14242E+06  1.91055E-03 -5.07704E+01
  2.05506E+01  2.07762E-28  1.14049E+06  1.90931E-03 -5.06929E+01
  2.06442E+01  2.13917E-28  1.07753E+06  1.88581E-03 -4.95784E+01
  2.07378E+01  2.21117E-28  1.00914E+06  1.85753E-03 -4.81432E+01
  2.08313E+01  2.20193E-28  9.79890E+05  1.82968E-03 -4.93054E+01
  2.09249E+01  2.11924E-28  1.01449E+06  1.83266E-03 -5.26296E+01
  2.10185E+01  2.11924E-28  1.01449E+06  1.83266E-03 -5.26296E+01
  2.11121E+01  2.11924E-28  1.01449E+06  1.83266E-03 -5.26296E+01
  2.12057E+01  2.10004E-28  1.02331E+06  1.83617E-03 -5.37565E+01
  2.12992E+01  2.03307E-28  1.05536E+06  1.84893E-03 -5.78513E+01
  2.13928E+01  2.01032E-28  1.03760E+06  1.84277E-03 -5.96441E+01
  2.14864E+01  2.00378E-28  1.01374E+06  1.83412E-03 -6.03845E+01
  2.15800E+01  1.99298E-28  9.74044E+05  1.81973E-03 -6.16164E+01
  2.16735E+01  1.94904E-28  1.05001E+06  1.86307E-03 -6.17809E+01
  2.17671E+01  1.89894E-28  1.14090E+06  1.91493E-03 -6.19777E+01
  2.18607E+01  1.89894E-28  1.14090E+06  1.91493E-03 -6.19777E+01
  2.19543E+01  1.89894E-28  1.14090E+06  1.91493E-03 -6.19777E+01
  2.20479E+01  1.89894E-28  1.14090E+06  1.91493E-03 -6.19777E+01
  2.21414E+01  1.89413E-28  1.10644E+06  1.90018E-03 -6.19605E+01
  2.22350E+01  1.88616E-28  1.04900E+06  1.87558E-03 -6.19319E+01
  2.23286E+01  1.87939E-28  9.99765E+05  1.85450E-03 -6.19074E+01
  2.24222E+01  1.87939E-28  9.99765E+05  1.85450E-03 -6.19074E+01
  2.25158E+01  1.84993E-28  1.07565E+06  1.89046E-03 -6.08257E+01
  2.26093E+01  1.78235E-28  1.25919E+06  1.97741E-03 -5.82095E+01
  2.27029E+01  1.77469E-28  1.28087E+06  1.98769E-03 -5.79004E+01
  2.27965E+01  1.77469E-28  1.28087E+06  1.98769E-03 -5.79004E+01
  2.28901E+01  1.77469E-28  1.28087E+06  1.98769E-03 -5.79004E+01
  2.29837E+01  1.77469E-28  1.28087E+06  1.98769E-03 -5.79004E+01
  2.30772E+01  1.77469E-28  1.28087E+06  1.98769E-03 -5.79004E+01
  2.31708E+01  1.77469E-28  1.28087E+06  1.98769E-03 -5.79004E+01
  2.32644E+01  1.77469E-28  1.28087E+06  1.98769E-03 -5.79004E+01
  2.33580E+01  1.77469E-28  1.28087E+06  1.98769E-03 -5.79004E+01
  2.34516E+01  1.88858E-28  1.31119E+06  1.99852E-03 -4.12156E+01
  2.35451E+01  1.90301E-28  1.31477E+06  1.99980E-03 -3.92436E+01
  2.36387E+01  1.90409E-28  1.31605E+06  1.99981E-03 -3.81455E+01
  2.37323E+01  1.90702E-28  1.31949E+06  1.99984E-03 -3.51870E+01
  2.38259E+01  1.90906E-28  1.32189E+06  1.99986E-03 -3.31227E+01
  2.39195E+01  1.90943E-28  1.32234E+06  1.99985E-03 -3.27399E+01
  2.40130E+01  1.90942E-28  1.32634E+06  1.99894E-03 -3.03313E+01
  2.41066E+01  1.90942E-28  1.32558E+06  1.99912E-03 -3.07889E+01
  2.42002E+01  1.90965E-28  1.32790E+06  1.99861E-03 -2.94189E+01
  2.42938E+01  1.97680E-28  1.34795E+06  1.99980E-03 -2.40100E+01
  2.43874E+01  2.00002E-28  1.35550E+06  1.99999E-03 -2.16082E+01
  2.44809E+01  2.00004E-28  1.35551E+06  1.99999E-03 -2.16011E+01
  2.45745E+01  2.00024E-28  1.35561E+06  1.99999E-03 -2.15219E+01
  2.46681E+01  2.00075E-28  1.35588E+06  1.99999E-03 -2.13258E+01
  2.47617E+01  2.00195E-28  1.35652E+06  1.99999E-03 -2.08591E+01
  2.48553E+01  2.00099E-28  1.35601E+06  1.99999E-03 -2.12315E+01
  2.49488E+01  2.00068E-28  1.35585E+06  1.99999E-03 -2.13516E+01
  2.50424E+01  2.00558E-28  1.35843E+06  1.99999E-03 -1.94536E+01
  2.51360E+01  2.02174E-28  1.36572E+06  1.99999E-03 -1.79864E+01
  2.52296E+01  2.04732E-28  1.37698E+06  2.00000E-03 -1.50232E+01
  2.53232E+01  2.05186E-28  1.37899E+06  2.00000E-03 -1.34625E+01
  2.54167E+01  2.05315E-28  1.37955E+06  2.00000E-03 -1.30205E+01
  2.55103E+01  2.05315E-28  1.37955E+06  2.00000E-03 -1.30205E+01
  2.56039E+01  2.05315E-28  1.37955E+06  2.00000E-03 -1.30205E+01
  2.56975E+01  2.05315E-28  1.37955E+06  2.00000E-03 -1.30205E+01
  2.57911E+01  2.05315E-28  1.37955E+06  2.00000E-03 -1.30205E+01
  2.58846E+01  2.05315E-28  1.37955E+06  2.00000E-03 -1.30205E+01
  2.59782E+01  2.05590E-28  1.38082E+06  2.00000E-03 -1.29919E+01
  2.60718E+01  2.06480E-28  1.38490E+06  2.00000E-03 -1.28999E+01
  2.61654E+01  2.06517E-28  1.38507E+06  2.00000E-03 -1.28961E+01
  2.62590E+01  2.06517E-28  1.38507E+06  2.00000E-03 -1.28961E+01
  2.63525E+01  2.06517E-28  1.38507E+06  2.00000E-03 -1.28961E+01
  2.64461E+01  2.06517E-28  1.38507E+06  2.00000E-03 -1.28961E+01
  2.65397E+01  2.06517E-28  1.38507E+06  2.00000E-03 -1.28961E+01
  2.66333E+01  2.06517E-28  1.38507E+06  2.00000E-03 -1.28961E+01
  2.67269E+01  2.06681E-28  1.38580E+06  2.00000E-03 -1.18621E+01
  2.68204E+01  2.06845E-28  1.38653E+06  2.00000E-03 -1.12144E+01
  2.69140E+01  2.07630E-28  1.39003E+06  2.00000E-03 -1.10005E+01
  2.70076E+01  2.07651E-28  1.39012E+06  2.00000E-03 -1.10059E+01
  2.71012E+01  2.07651E-28  1.39012E+06  2.00000E-03 -1.10058E+01
  2.71948E+01  2.07651E-28  1.39012E+06  2.00000E-03 -1.10059E+01
  2.72883E+01  2.07651E-28  1.39012E+06  2.00000E-03 -1.10059E+01
  2.73819E+01  2.07651E-28  1.39012E+06  2.00000E-03 -1.10059E+01
  2.74755E+01  2.07651E-28  1.39012E+06  2.00000E-03 -1.10059E+01
  2.75691E+01  2.07651E-28  1.39012E+06  2.00000E-03 -1.10059E+01
  2.76627E+01  2.07669E-28  1.39021E+06  2.00000E-03 -1.10060E+01
