 -2.75495E+01  2.17399E-28  1.43317E+06  2.00000E-03  1.10930E+00
 -2.74559E+01  2.17399E-28  1.43317E+06  2.00000E-03  1.10930E+00
 -2.73623E+01  2.17399E-28  1.43317E+06  2.00000E-03  1.10930E+00
 -2.72687E+01  2.17399E-28  1.43317E+06  2.00000E-03  1.10930E+00
 -2.71751E+01  2.17399E-28  1.43317E+06  2.00000E-03  1.10930E+00
 -2.70816E+01  2.17399E-28  1.43317E+06  2.00000E-03  1.10930E+00
 -2.69880E+01  2.17399E-28  1.43317E+06  2.00000E-03  1.10930E+00
 -2.68944E+01  2.17399E-28  1.43317E+06  2.00000E-03  1.10930E+00
 -2.68008E+01  2.17483E-28  1.43354E+06  2.00000E-03  1.07455E+00
 -2.67072E+01  2.17686E-28  1.43443E+06  2.00000E-03  9.90351E-01
 -2.66137E+01  2.17703E-28  1.43451E+06  2.00000E-03  9.83090E-01
 -2.65201E+01  2.17703E-28  1.43451E+06  2.00000E-03  9.83090E-01
 -2.64265E+01  2.17673E-28  1.43438E+06  2.00000E-03  9.68881E-01
 -2.63329E+01  2.17625E-28  1.43417E+06  2.00000E-03  9.46783E-01
 -2.62393E+01  2.17575E-28  1.43395E+06  2.00000E-03  9.23328E-01
 -2.61458E+01  2.17575E-28  1.43395E+06  2.00000E-03  9.23328E-01
 -2.60522E+01  2.17575E-28  1.43395E+06  2.00000E-03  9.23328E-01
 -2.59586E+01  2.17578E-28  1.43396E+06  2.00000E-03  9.21957E-01
 -2.58650E+01  2.17668E-28  1.43436E+06  2.00000E-03  8.82219E-01
 -2.57714E+01  2.17672E-28  1.43438E+06  2.00000E-03  8.80216E-01
 -2.56779E+01  2.17672E-28  1.43438E+06  2.00000E-03  8.80216E-01
 -2.55843E+01  2.17672E-28  1.43438E+06  2.00000E-03  8.80216E-01
 -2.54907E+01  2.17672E-28  1.43438E+06  2.00000E-03  8.80216E-01
 -2.53971E+01  2.17671E-28  1.43437E+06  2.00000E-03  8.84512E-01
 -2.53035E+01  2.17663E-28  1.43434E+06  2.00000E-03  9.08098E-01
 -2.52100E+01  2.17663E-28  1.43434E+06  2.00000E-03  9.08296E-01
 -2.51164E+01  2.17649E-28  1.43427E+06  2.00000E-03  9.34456E-01
 -2.50228E+01  2.17513E-28  1.43368E+06  2.00000E-03  1.09975E+00
 -2.49292E+01  2.17408E-28  1.43322E+06  2.00000E-03  1.15503E+00
 -2.48356E+01  2.17301E-28  1.43275E+06  2.00000E-03  1.13592E+00
 -2.47421E+01  2.17158E-28  1.43213E+06  2.00000E-03  1.13202E+00
 -2.46485E+01  2.17133E-28  1.43202E+06  2.00000E-03  1.12081E+00
 -2.45549E+01  2.17113E-28  1.43193E+06  2.00000E-03  1.14549E+00
 -2.44613E+01  2.17117E-28  1.43195E+06  2.00000E-03  1.14085E+00
 -2.43677E+01  2.17136E-28  1.43203E+06  2.00000E-03  1.11611E+00
 -2.42742E+01  2.17075E-28  1.43177E+06  2.00000E-03  1.19296E+00
 -2.41806E+01  2.16779E-28  1.43047E+06  2.00000E-03  1.47331E+00
 -2.40870E+01  2.16543E-28  1.42944E+06  2.00000E-03  1.69575E+00
 -2.39934E+01  2.16543E-28  1.42944E+06  2.00000E-03  1.69575E+00
 -2.38998E+01  2.16543E-28  1.42944E+06  2.00000E-03  1.69575E+00
 -2.38063E+01  2.16543E-28  1.42944E+06  2.00000E-03  1.69575E+00
 -2.37127E+01  2.16543E-28  1.42944E+06  2.00000E-03  1.69575E+00
 -2.36191E+01  2.16543E-28  1.42944E+06  2.00000E-03  1.69575E+00
 -2.35255E+01  2.16543E-28  1.42944E+06  2.00000E-03  1.69575E+00
 -2.34319E+01  2.16540E-28  1.42942E+06  2.00000E-03  1.69508E+00
 -2.33384E+01  2.16261E-28  1.42820E+06  2.00000E-03  1.81084E+00
 -2.32448E+01  2.15737E-28  1.42591E+06  2.00000E-03  2.05884E+00
 -2.31512E+01  2.15679E-28  1.42566E+06  2.00000E-03  2.04518E+00
 -2.30576E+01  2.15679E-28  1.42566E+06  2.00000E-03  2.04518E+00
 -2.29640E+01  2.15679E-28  1.42566E+06  2.00000E-03  2.04518E+00
 -2.28705E+01  2.15679E-28  1.42566E+06  2.00000E-03  2.04518E+00
 -2.27769E+01  2.15679E-28  1.42566E+06  2.00000E-03  2.04518E+00
 -2.26833E+01  2.15679E-28  1.42566E+06  2.00000E-03  2.04518E+00
 -2.25897E+01  2.15679E-28  1.42566E+06  2.00000E-03  2.04518E+00
 -2.24961E+01  2.15673E-28  1.42564E+06  2.00000E-03  2.06982E+00
 -2.24026E+01  2.15639E-28  1.42552E+06  2.00000E-03  2.21427E+00
 -2.23090E+01  2.15633E-28  1.42550E+06  2.00000E-03  2.23752E+00
 -2.22154E+01  2.15633E-28  1.42550E+06  2.00000E-03  2.23752E+00
 -2.21218E+01  2.15633E-28  1.42550E+06  2.00000E-03  2.23752E+00
 -2.20282E+01  2.15633E-28  1.42550E+06  2.00000E-03  2.23752E+00
 -2.19347E+01  2.15633E-28  1.42550E+06  2.00000E-03  2.23752E+00
 -2.18411E+01  2.15525E-28  1.42502E+06  2.00000E-03  2.06701E+00
 -2.17475E+01  2.15456E-28  1.42472E+06  2.00000E-03  1.95835E+00
 -2.16539E+01  2.15375E-28  1.42436E+06  2.00000E-03  1.84457E+00
 -2.15603E+01  2.15350E-28  1.42420E+06  2.00000E-03  1.97460E+00
 -2.14668E+01  2.15341E-28  1.42414E+06  2.00000E-03  2.01926E+00
 -2.13732E+01  2.15341E-28  1.42414E+06  2.00000E-03  2.01926E+00
 -2.12796E+01  2.15341E-28  1.42414E+06  2.00000E-03  2.01971E+00
 -2.11860E+01  2.15322E-28  1.42405E+06  2.00000E-03  2.07534E+00
 -2.10924E+01  2.15136E-28  1.42323E+06  2.00000E-03  2.16174E+00
 -2.09989E+01  2.15012E-28  1.42268E+06  2.00000E-03  2.02088E+00
 -2.09053E+01  2.14936E-28  1.42234E+06  2.00000E-03  1.97382E+00
 -2.08117E+01  2.14947E-28  1.42239E+06  2.00000E-03  1.95966E+00
 -2.07181E+01  2.14767E-28  1.42160E+06  2.00000E-03  2.09815E+00
 -2.06245E+01  2.14560E-28  1.42069E+06  2.00000E-03  2.25155E+00
 -2.05310E+01  2.14565E-28  1.42071E+06  2.00000E-03  2.24448E+00
 -2.04374E+01  2.14558E-28  1.42068E+06  2.00000E-03  2.25306E+00
 -2.03438E+01  2.14443E-28  1.42017E+06  2.00000E-03  2.25775E+00
 -2.02502E+01  2.13989E-28  1.41817E+06  2.00000E-03  2.35771E+00
 -2.01566E+01  2.13805E-28  1.41735E+06  2.00000E-03  2.38128E+00
 -2.00631E+01  2.13794E-28  1.41731E+06  2.00000E-03  2.39252E+00
 -1.99695E+01  2.13794E-28  1.41731E+06  2.00000E-03  2.39252E+00
 -1.98759E+01  2.13739E-28  1.41707E+06  2.00000E-03  2.42927E+00
 -1.97823E+01  2.13494E-28  1.41598E+06  2.00000E-03  2.59269E+00
 -1.96887E+01  2.13494E-28  1.41598E+06  2.00000E-03  2.59269E+00
 -1.95952E+01  2.13391E-28  1.41553E+06  2.00000E-03  2.54375E+00
 -1.95016E+01  2.13272E-28  1.41500E+06  2.00000E-03  2.48721E+00
 -1.94080E+01  2.13035E-28  1.41396E+06  2.00000E-03  2.54116E+00
 -1.93144E+01  2.12995E-28  1.41378E+06  2.00000E-03  2.56585E+00
 -1.92208E+01  2.12995E-28  1.41378E+06  2.00000E-03  2.56585E+00
 -1.91273E+01  2.12995E-28  1.41378E+06  2.00000E-03  2.56585E+00
 -1.90337E+01  2.13000E-28  1.41381E+06  2.00000E-03  2.56340E+00
 -1.89401E+01  2.13030E-28  1.41394E+06  2.00000E-03  2.54823E+00
 -1.88465E+01  2.12956E-28  1.41362E+06  2.00000E-03  2.54322E+00
 -1.87529E+01  2.12879E-28  1.41328E+06  2.00000E-03  2.54053E+00
 -1.86594E+01  2.12742E-28  1.41267E+06  2.00000E-03  2.53574E+00
 -1.85658E+01  2.12809E-28  1.41297E+06  2.00000E-03  2.50747E+00
 -1.84722E+01  2.12905E-28  1.41341E+06  2.00000E-03  2.46699E+00
 -1.83786E+01  2.12905E-28  1.41341E+06  2.00000E-03  2.46699E+00
 -1.82850E+01  2.12905E-28  1.41341E+06  2.00000E-03  2.46699E+00
 -1.81915E+01  2.12905E-28  1.41340E+06  2.00000E-03  2.46699E+00
 -1.80979E+01  2.13361E-28  1.41544E+06  2.00000E-03  2.22287E+00
 -1.80043E+01  2.13327E-28  1.41529E+06  2.00000E-03  2.20596E+00
 -1.79107E+01  2.13196E-28  1.41472E+06  2.00000E-03  2.22876E+00
 -1.78172E+01  2.13195E-28  1.41471E+06  2.00000E-03  2.22890E+00
 -1.77236E+01  2.13338E-28  1.41535E+06  2.00000E-03  2.13331E+00
 -1.76300E+01  2.13795E-28  1.41739E+06  2.00000E-03  1.82903E+00
 -1.75364E+01  2.13838E-28  1.41758E+06  2.00000E-03  1.80086E+00
 -1.74428E+01  2.13838E-28  1.41758E+06  2.00000E-03  1.80086E+00
 -1.73493E+01  2.13839E-28  1.41758E+06  2.00000E-03  1.80189E+00
 -1.72557E+01  2.14143E-28  1.41895E+06  2.00000E-03  1.58953E+00
 -1.71621E+01  2.14318E-28  1.41974E+06  2.00000E-03  1.37922E+00
 -1.70685E+01  2.14315E-28  1.41973E+06  2.00000E-03  1.36830E+00
 -1.69749E+01  2.14332E-28  1.41980E+06  2.00000E-03  1.35456E+00
 -1.68814E+01  2.14338E-28  1.41983E+06  2.00000E-03  1.35005E+00
 -1.67878E+01  2.14280E-28  1.41961E+06  2.00000E-03  1.26366E+00
 -1.66942E+01  2.14259E-28  1.41952E+06  2.00000E-03  1.25556E+00
 -1.66006E+01  2.14310E-28  1.41975E+06  2.00000E-03  1.23510E+00
 -1.65070E+01  2.14440E-28  1.42032E+06  2.00000E-03  1.18157E+00
 -1.64135E+01  2.14322E-28  1.41985E+06  2.00000E-03  1.16931E+00
 -1.63199E+01  2.13848E-28  1.41784E+06  2.00000E-03  1.24009E+00
 -1.62263E+01  2.13773E-28  1.41751E+06  2.00000E-03  1.27153E+00
 -1.61327E+01  2.13639E-28  1.41692E+06  2.00000E-03  1.32700E+00
 -1.60391E+01  2.13639E-28  1.41692E+06  2.00000E-03  1.32700E+00
 -1.59456E+01  2.13187E-28  1.41484E+06  2.00000E-03  1.49025E+00
 -1.58520E+01  2.12914E-28  1.41358E+06  2.00000E-03  1.59700E+00
 -1.57584E+01  2.12875E-28  1.41336E+06  2.00000E-03  1.72541E+00
 -1.56648E+01  2.12559E-28  1.41190E+06  2.00000E-03  1.91747E+00
 -1.55712E+01  2.12567E-28  1.41193E+06  2.00000E-03  1.95434E+00
 -1.54777E+01  2.12097E-28  1.40983E+06  2.00000E-03  2.17974E+00
 -1.53841E+01  2.12199E-28  1.41028E+06  2.00000E-03  2.18900E+00
 -1.52905E+01  2.11900E-28  1.40896E+06  2.00000E-03  2.33396E+00
 -1.51969E+01  2.11825E-28  1.40862E+06  2.00000E-03  2.37848E+00
 -1.51033E+01  2.11711E-28  1.40812E+06  2.00000E-03  2.41833E+00
 -1.50098E+01  2.11626E-28  1.40775E+06  2.00000E-03  2.51183E+00
 -1.49162E+01  2.11640E-28  1.40781E+06  2.00000E-03  2.54217E+00
 -1.48226E+01  2.11433E-28  1.40689E+06  2.00000E-03  2.61808E+00
 -1.47290E+01  2.11524E-28  1.40729E+06  2.00000E-03  2.60522E+00
 -1.46354E+01  2.11557E-28  1.40744E+06  2.00000E-03  2.62213E+00
 -1.45419E+01  2.11712E-28  1.40812E+06  2.00000E-03  2.60765E+00
 -1.44483E+01  2.11673E-28  1.40795E+06  2.00000E-03  2.60644E+00
 -1.43547E+01  2.11618E-28  1.40771E+06  2.00000E-03  2.60417E+00
 -1.42611E+01  2.11790E-28  1.40847E+06  2.00000E-03  2.57395E+00
 -1.41675E+01  2.11945E-28  1.40916E+06  2.00000E-03  2.54272E+00
 -1.40740E+01  2.12006E-28  1.40943E+06  2.00000E-03  2.51024E+00
 -1.39804E+01  2.12093E-28  1.40982E+06  2.00000E-03  2.45422E+00
 -1.38868E+01  2.12195E-28  1.41027E+06  2.00000E-03  2.45633E+00
 -1.37932E+01  2.12337E-28  1.41090E+06  2.00000E-03  2.41280E+00
 -1.36996E+01  2.12423E-28  1.41128E+06  2.00000E-03  2.39977E+00
 -1.36061E+01  2.12448E-28  1.41139E+06  2.00000E-03  2.37772E+00
 -1.35125E+01  2.12637E-28  1.41223E+06  2.00000E-03  2.32201E+00
 -1.34189E+01  2.12687E-28  1.41245E+06  2.00000E-03  2.34503E+00
 -1.33253E+01  2.12830E-28  1.41308E+06  2.00000E-03  2.26048E+00
 -1.32317E+01  2.12845E-28  1.41315E+06  2.00000E-03  2.25935E+00
 -1.31382E+01  2.12970E-28  1.41371E+06  2.00000E-03  2.21881E+00
 -1.30446E+01  2.12995E-28  1.41383E+06  2.00000E-03  2.19823E+00
 -1.29510E+01  2.13026E-28  1.41397E+06  2.00000E-03  2.23835E+00
 -1.28574E+01  2.13002E-28  1.41386E+06  2.00000E-03  2.20151E+00
 -1.27638E+01  2.13025E-28  1.41397E+06  2.00000E-03  2.25934E+00
 -1.26703E+01  2.12984E-28  1.41379E+06  2.00000E-03  2.30176E+00
 -1.25767E+01  2.12971E-28  1.41374E+06  2.00000E-03  2.36255E+00
 -1.24831E+01  2.12844E-28  1.41318E+06  2.00000E-03  2.42218E+00
 -1.23895E+01  2.12821E-28  1.41308E+06  2.00000E-03  2.46637E+00
 -1.22959E+01  2.12776E-28  1.41289E+06  2.00000E-03  2.60447E+00
 -1.22024E+01  2.12643E-28  1.41231E+06  2.00000E-03  2.73687E+00
 -1.21088E+01  2.12653E-28  1.41235E+06  2.00000E-03  2.74070E+00
 -1.20152E+01  2.12556E-28  1.41193E+06  2.00000E-03  2.87441E+00
 -1.19216E+01  2.12587E-28  1.41206E+06  2.00000E-03  2.97000E+00
 -1.18280E+01  2.12599E-28  1.41212E+06  2.00000E-03  3.05884E+00
 -1.17345E+01  2.12596E-28  1.41211E+06  2.00000E-03  3.07202E+00
 -1.16409E+01  2.12701E-28  1.41258E+06  2.00000E-03  3.10099E+00
 -1.15473E+01  2.12799E-28  1.41302E+06  2.00000E-03  3.13700E+00
 -1.14537E+01  2.12873E-28  1.41335E+06  2.00000E-03  3.14684E+00
 -1.13601E+01  2.13059E-28  1.41419E+06  2.00000E-03  3.09211E+00
 -1.12666E+01  2.13124E-28  1.41448E+06  2.00000E-03  3.09075E+00
 -1.11730E+01  2.13477E-28  1.41605E+06  2.00000E-03  3.02826E+00
 -1.10794E+01  2.13527E-28  1.41627E+06  2.00000E-03  3.04417E+00
 -1.09858E+01  2.13887E-28  1.41787E+06  2.00000E-03  2.92683E+00
 -1.08922E+01  2.14190E-28  1.41922E+06  2.00000E-03  2.85013E+00
 -1.07987E+01  2.14274E-28  1.41963E+06  2.00000E-03  2.84885E+00
 -1.07051E+01  2.14541E-28  1.42095E+06  2.00000E-03  2.79341E+00
 -1.06115E+01  2.14566E-28  1.42106E+06  2.00000E-03  2.79446E+00
 -1.05179E+01  2.14803E-28  1.42214E+06  2.00000E-03  2.73946E+00
 -1.04243E+01  2.14890E-28  1.42249E+06  2.00000E-03  2.74212E+00
 -1.03308E+01  2.14959E-28  1.42269E+06  2.00000E-03  2.75181E+00
 -1.02372E+01  2.14978E-28  1.42270E+06  2.00000E-03  2.75984E+00
 -1.01436E+01  2.15008E-28  1.42276E+06  2.00000E-03  2.75950E+00
 -1.00500E+01  2.14991E-28  1.42266E+06  2.00000E-03  2.76453E+00
 -9.95644E+00  2.15019E-28  1.42278E+06  2.00000E-03  2.77364E+00
 -9.86286E+00  2.14991E-28  1.42266E+06  2.00000E-03  2.80162E+00
 -9.76928E+00  2.14952E-28  1.42248E+06  2.00000E-03  2.83033E+00
 -9.67570E+00  2.14877E-28  1.42215E+06  2.00000E-03  2.86767E+00
 -9.58212E+00  2.14859E-28  1.42207E+06  2.00000E-03  2.91818E+00
 -9.48854E+00  2.14794E-28  1.42178E+06  2.00000E-03  2.99322E+00
 -9.39496E+00  2.14671E-28  1.42123E+06  2.00000E-03  3.06886E+00
 -9.30138E+00  2.14595E-28  1.42089E+06  2.00000E-03  3.17056E+00
 -9.20780E+00  2.14451E-28  1.42025E+06  2.00000E-03  3.26514E+00
 -9.11422E+00  2.14344E-28  1.41978E+06  2.00000E-03  3.34612E+00
 -9.02064E+00  2.14261E-28  1.41942E+06  2.00000E-03  3.41927E+00
 -8.92706E+00  2.13974E-28  1.41815E+06  2.00000E-03  3.54716E+00
 -8.83348E+00  2.13713E-28  1.41701E+06  2.00000E-03  3.67027E+00
 -8.73990E+00  2.13679E-28  1.41687E+06  2.00000E-03  3.70655E+00
 -8.64632E+00  2.13535E-28  1.41624E+06  2.00000E-03  3.78860E+00
 -8.55274E+00  2.13505E-28  1.41612E+06  2.00000E-03  3.83927E+00
 -8.45916E+00  2.13575E-28  1.41644E+06  2.00000E-03  3.85811E+00
 -8.36558E+00  2.13608E-28  1.41659E+06  2.00000E-03  3.86686E+00
 -8.27200E+00  2.13707E-28  1.41704E+06  2.00000E-03  3.82640E+00
 -8.17842E+00  2.13829E-28  1.41761E+06  2.00000E-03  3.72786E+00
 -8.08484E+00  2.14048E-28  1.41859E+06  2.00000E-03  3.60085E+00
 -7.99126E+00  2.14325E-28  1.41983E+06  2.00000E-03  3.40503E+00
 -7.89769E+00  2.14657E-28  1.42131E+06  2.00000E-03  3.21770E+00
 -7.80411E+00  2.14965E-28  1.42269E+06  2.00000E-03  3.00499E+00
 -7.71053E+00  2.15231E-28  1.42387E+06  2.00000E-03  2.81388E+00
 -7.61695E+00  2.15441E-28  1.42481E+06  2.00000E-03  2.72566E+00
 -7.52337E+00  2.15587E-28  1.42546E+06  2.00000E-03  2.68966E+00
 -7.42979E+00  2.15673E-28  1.42584E+06  2.00000E-03  2.69599E+00
 -7.33621E+00  2.15657E-28  1.42577E+06  2.00000E-03  2.71943E+00
 -7.24263E+00  2.15720E-28  1.42604E+06  2.00000E-03  2.78569E+00
 -7.14905E+00  2.15698E-28  1.42593E+06  2.00000E-03  2.83852E+00
 -7.05547E+00  2.15690E-28  1.42588E+06  2.00000E-03  2.91921E+00
 -6.96189E+00  2.15740E-28  1.42607E+06  2.00000E-03  2.98047E+00
 -6.86831E+00  2.15834E-28  1.42647E+06  2.00000E-03  3.06501E+00
 -6.77473E+00  2.15927E-28  1.42686E+06  2.00000E-03  3.11026E+00
 -6.68115E+00  2.16010E-28  1.42721E+06  2.00000E-03  3.20298E+00
 -6.58757E+00  2.16176E-28  1.42793E+06  2.00000E-03  3.26075E+00
 -6.49399E+00  2.16475E-28  1.42925E+06  2.00000E-03  3.26549E+00
 -6.40041E+00  2.16725E-28  1.43035E+06  2.00000E-03  3.23220E+00
 -6.30683E+00  2.17155E-28  1.43224E+06  2.00000E-03  3.17838E+00
 -6.21325E+00  2.17650E-28  1.43442E+06  2.00000E-03  3.04887E+00
 -6.11967E+00  2.18112E-28  1.43645E+06  2.00000E-03  2.95143E+00
 -6.02609E+00  2.18724E-28  1.43915E+06  2.00000E-03  2.73242E+00
 -5.93251E+00  2.19262E-28  1.44151E+06  2.00000E-03  2.57681E+00
 -5.83893E+00  2.19795E-28  1.44385E+06  2.00000E-03  2.40906E+00
 -5.74535E+00  2.20265E-28  1.44592E+06  2.00000E-03  2.29083E+00
 -5.65177E+00  2.20403E-28  1.44654E+06  2.00000E-03  2.27509E+00
 -5.55819E+00  2.20500E-28  1.44698E+06  2.00000E-03  2.29224E+00
 -5.46461E+00  2.20504E-28  1.44700E+06  2.00000E-03  2.29815E+00
 -5.37103E+00  2.20424E-28  1.44665E+06  2.00000E-03  2.34539E+00
 -5.27745E+00  2.20289E-28  1.44605E+06  2.00000E-03  2.45948E+00
 -5.18387E+00  2.19953E-28  1.44456E+06  2.00000E-03  2.66245E+00
 -5.09029E+00  2.19677E-28  1.44334E+06  2.00000E-03  2.82312E+00
 -4.99671E+00  2.19162E-28  1.44108E+06  2.00000E-03  3.11955E+00
 -4.90313E+00  2.18677E-28  1.43895E+06  2.00000E-03  3.36037E+00
 -4.80955E+00  2.18265E-28  1.43714E+06  2.00000E-03  3.57409E+00
 -4.71597E+00  2.17766E-28  1.43495E+06  2.00000E-03  3.84431E+00
 -4.62239E+00  2.17332E-28  1.43305E+06  2.00000E-03  3.99606E+00
 -4.52881E+00  2.17082E-28  1.43195E+06  2.00000E-03  4.08109E+00
 -4.43523E+00  2.16832E-28  1.43087E+06  2.00000E-03  4.03309E+00
 -4.34165E+00  2.16826E-28  1.43085E+06  2.00000E-03  3.94516E+00
 -4.24807E+00  2.16640E-28  1.43004E+06  2.00000E-03  3.72456E+00
 -4.15449E+00  2.16690E-28  1.43027E+06  2.00000E-03  3.54984E+00
 -4.06091E+00  2.16469E-28  1.42930E+06  2.00000E-03  3.25136E+00
 -3.96733E+00  2.16264E-28  1.42840E+06  2.00000E-03  3.02302E+00
 -3.87375E+00  2.16021E-28  1.42733E+06  2.00000E-03  2.75299E+00
 -3.78017E+00  2.15960E-28  1.42707E+06  2.00000E-03  2.53530E+00
 -3.68659E+00  2.15720E-28  1.42602E+06  2.00000E-03  2.31015E+00
 -3.59301E+00  2.15242E-28  1.42393E+06  2.00000E-03  2.00475E+00
 -3.49943E+00  2.14926E-28  1.42255E+06  2.00000E-03  1.79948E+00
 -3.40585E+00  2.14666E-28  1.42141E+06  2.00000E-03  1.64872E+00
 -3.31227E+00  2.14369E-28  1.42012E+06  2.00000E-03  1.48939E+00
 -3.21869E+00  2.14078E-28  1.41886E+06  2.00000E-03  1.38424E+00
 -3.12511E+00  2.13867E-28  1.41794E+06  2.00000E-03  1.34231E+00
 -3.03153E+00  2.13704E-28  1.41724E+06  2.00000E-03  1.34216E+00
 -2.93795E+00  2.13562E-28  1.41662E+06  2.00000E-03  1.38044E+00
 -2.84437E+00  2.13540E-28  1.41652E+06  2.00000E-03  1.47442E+00
 -2.75079E+00  2.13594E-28  1.41676E+06  2.00000E-03  1.56516E+00
 -2.65721E+00  2.13487E-28  1.41629E+06  2.00000E-03  1.63226E+00
 -2.56363E+00  2.13443E-28  1.41612E+06  2.00000E-03  1.64108E+00
 -2.47005E+00  2.13780E-28  1.41767E+06  2.00000E-03  1.73914E+00
 -2.37647E+00  2.14116E-28  1.41924E+06  2.00000E-03  1.78572E+00
 -2.28289E+00  2.14389E-28  1.42054E+06  2.00000E-03  1.76511E+00
 -2.18931E+00  2.14838E-28  1.42259E+06  2.00000E-03  1.74623E+00
 -2.09573E+00  2.15079E-28  1.42368E+06  2.00000E-03  1.69734E+00
 -2.00215E+00  2.15471E-28  1.42542E+06  2.00000E-03  1.70302E+00
 -1.90857E+00  2.15722E-28  1.42651E+06  2.00000E-03  1.70055E+00
 -1.81499E+00  2.16174E-28  1.42849E+06  2.00000E-03  1.88757E+00
 -1.72141E+00  2.16422E-28  1.42958E+06  2.00000E-03  2.02350E+00
 -1.62783E+00  2.16502E-28  1.42993E+06  2.00000E-03  2.15705E+00
 -1.53426E+00  2.16680E-28  1.43074E+06  2.00000E-03  2.39922E+00
 -1.44068E+00  2.16790E-28  1.43126E+06  2.00000E-03  2.64842E+00
 -1.34710E+00  2.16655E-28  1.43071E+06  2.00000E-03  2.82490E+00
 -1.25352E+00  2.16366E-28  1.42947E+06  2.00000E-03  2.88459E+00
 -1.15994E+00  2.15722E-28  1.42666E+06  2.00000E-03  2.81931E+00
 -1.06636E+00  2.15354E-28  1.42501E+06  2.00000E-03  2.75335E+00
 -9.72776E-01  2.14256E-28  1.42007E+06  2.00000E-03  2.49002E+00
 -8.79196E-01  2.13556E-28  1.41688E+06  2.00000E-03  2.31679E+00
 -7.85616E-01  2.13002E-28  1.41434E+06  2.00000E-03  2.16158E+00
 -6.92036E-01  2.12942E-28  1.41404E+06  2.00000E-03  2.05677E+00
 -5.98456E-01  2.12331E-28  1.41133E+06  2.00000E-03  2.05941E+00
 -5.04877E-01  2.12365E-28  1.41147E+06  2.00000E-03  2.15116E+00
 -4.11297E-01  2.12791E-28  1.41334E+06  2.00000E-03  2.47162E+00
 -3.17717E-01  2.13166E-28  1.41499E+06  2.00000E-03  2.76155E+00
 -2.24137E-01  2.13861E-28  1.41803E+06  2.00000E-03  3.29105E+00
 -1.30557E-01  2.14342E-28  1.42014E+06  2.00000E-03  3.50293E+00
 -3.69773E-02  2.14960E-28  1.42284E+06  2.00000E-03  3.90591E+00
  5.66026E-02  2.15473E-28  1.42510E+06  2.00000E-03  4.11068E+00
  1.50182E-01  2.15820E-28  1.42662E+06  2.00000E-03  4.41014E+00
  2.43762E-01  2.16087E-28  1.42779E+06  2.00000E-03  4.53984E+00
  3.37342E-01  2.16607E-28  1.43008E+06  2.00000E-03  4.75472E+00
  4.30922E-01  2.17107E-28  1.43230E+06  2.00000E-03  4.99222E+00
  5.24502E-01  2.17562E-28  1.43433E+06  2.00000E-03  5.14381E+00
  6.18082E-01  2.17544E-28  1.43427E+06  2.00000E-03  5.10261E+00
  7.11662E-01  2.17376E-28  1.43356E+06  2.00000E-03  4.78480E+00
  8.05241E-01  2.16701E-28  1.43060E+06  2.00000E-03  4.36424E+00
  8.98821E-01  2.15769E-28  1.42649E+06  2.00000E-03  3.51820E+00
  9.92401E-01  2.15338E-28  1.42458E+06  2.00000E-03  2.96519E+00
  1.08598E+00  2.15030E-28  1.42321E+06  2.00000E-03  2.38376E+00
  1.17956E+00  2.14943E-28  1.42283E+06  2.00000E-03  2.08578E+00
  1.27314E+00  2.15141E-28  1.42370E+06  2.00000E-03  1.87383E+00
  1.36672E+00  2.15724E-28  1.42632E+06  2.00000E-03  1.82146E+00
  1.46030E+00  2.15799E-28  1.42671E+06  2.00000E-03  1.62769E+00
  1.55388E+00  2.15806E-28  1.42682E+06  2.00000E-03  1.35829E+00
  1.64746E+00  2.15136E-28  1.42395E+06  2.00000E-03  7.20840E-01
  1.74104E+00  2.14620E-28  1.42171E+06  2.00000E-03  1.45230E-01
  1.83462E+00  2.13331E-28  1.41600E+06  2.00000E-03 -9.77369E-01
  1.92820E+00  2.12662E-28  1.41300E+06  2.00000E-03 -1.57116E+00
  2.02178E+00  2.11372E-28  1.40720E+06  2.00000E-03 -2.69900E+00
  2.11536E+00  2.10822E-28  1.40472E+06  2.00000E-03 -3.37800E+00
  2.20894E+00  2.09758E-28  1.39995E+06  2.00000E-03 -4.39910E+00
  2.30252E+00  2.09191E-28  1.39740E+06  2.00000E-03 -5.05447E+00
  2.39610E+00  2.08113E-28  1.39257E+06  2.00000E-03 -6.03871E+00
  2.48968E+00  2.07528E-28  1.38994E+06  2.00000E-03 -7.02582E+00
  2.58326E+00  2.06793E-28  1.38663E+06  2.00000E-03 -7.62000E+00
  2.67684E+00  2.06370E-28  1.38471E+06  2.00000E-03 -7.85419E+00
  2.77042E+00  2.06243E-28  1.38412E+06  2.00000E-03 -7.94784E+00
  2.86400E+00  2.06404E-28  1.38483E+06  2.00000E-03 -7.66095E+00
  2.95758E+00  2.06759E-28  1.38640E+06  2.00000E-03 -7.22788E+00
  3.05116E+00  2.07182E-28  1.38828E+06  2.00000E-03 -6.78107E+00
  3.14474E+00  2.07471E-28  1.38957E+06  2.00000E-03 -6.29884E+00
  3.23832E+00  2.07762E-28  1.39087E+06  2.00000E-03 -5.96693E+00
  3.33190E+00  2.07950E-28  1.39174E+06  2.00000E-03 -5.62647E+00
  3.42548E+00  2.07866E-28  1.39143E+06  2.00000E-03 -5.36510E+00
  3.51906E+00  2.07897E-28  1.39163E+06  2.00000E-03 -5.25847E+00
  3.61264E+00  2.08006E-28  1.39216E+06  2.00000E-03 -5.40511E+00
  3.70622E+00  2.07872E-28  1.39161E+06  2.00000E-03 -5.62134E+00
  3.79980E+00  2.07948E-28  1.39195E+06  2.00000E-03 -5.95528E+00
  3.89338E+00  2.07984E-28  1.39212E+06  2.00000E-03 -6.23194E+00
  3.98696E+00  2.07887E-28  1.39167E+06  2.00000E-03 -6.47053E+00
  4.08054E+00  2.07705E-28  1.39083E+06  2.00000E-03 -6.70680E+00
  4.17412E+00  2.07538E-28  1.39007E+06  2.00000E-03 -6.78226E+00
  4.26770E+00  2.07438E-28  1.38962E+06  2.00000E-03 -6.73828E+00
  4.36128E+00  2.07096E-28  1.38806E+06  2.00000E-03 -6.67416E+00
  4.45486E+00  2.07119E-28  1.38818E+06  2.00000E-03 -6.40470E+00
  4.54844E+00  2.06826E-28  1.38686E+06  2.00000E-03 -6.14831E+00
  4.64202E+00  2.06536E-28  1.38557E+06  2.00000E-03 -5.99470E+00
  4.73560E+00  2.06444E-28  1.38517E+06  2.00000E-03 -5.98198E+00
  4.82917E+00  2.06425E-28  1.38508E+06  2.00000E-03 -6.00485E+00
  4.92276E+00  2.06571E-28  1.38571E+06  2.00000E-03 -5.97397E+00
  5.01634E+00  2.06810E-28  1.38675E+06  2.00000E-03 -5.86014E+00
  5.10991E+00  2.07162E-28  1.38828E+06  2.00000E-03 -5.59821E+00
  5.20349E+00  2.07516E-28  1.38983E+06  2.00000E-03 -5.36069E+00
  5.29707E+00  2.07849E-28  1.39128E+06  2.00000E-03 -5.02856E+00
  5.39065E+00  2.07993E-28  1.39189E+06  2.00000E-03 -4.87557E+00
  5.48423E+00  2.07991E-28  1.39186E+06  2.00000E-03 -4.83805E+00
  5.57781E+00  2.07796E-28  1.39097E+06  2.00000E-03 -5.01970E+00
  5.67139E+00  2.07141E-28  1.38804E+06  2.00000E-03 -5.46294E+00
  5.76497E+00  2.06456E-28  1.38497E+06  2.00000E-03 -5.98213E+00
  5.85855E+00  2.05556E-28  1.38094E+06  2.00000E-03 -6.68666E+00
  5.95213E+00  2.05163E-28  1.37918E+06  2.00000E-03 -7.03515E+00
  6.04571E+00  2.04868E-28  1.37786E+06  2.00000E-03 -7.27546E+00
  6.13929E+00  2.04887E-28  1.37795E+06  2.00000E-03 -7.26483E+00
  6.23287E+00  2.05138E-28  1.37907E+06  2.00000E-03 -7.09710E+00
  6.32645E+00  2.05349E-28  1.38001E+06  2.00000E-03 -7.00966E+00
  6.42003E+00  2.05556E-28  1.38093E+06  2.00000E-03 -6.81151E+00
  6.51361E+00  2.05713E-28  1.38161E+06  2.00000E-03 -6.75643E+00
  6.60719E+00  2.05907E-28  1.38246E+06  2.00000E-03 -6.63918E+00
  6.70077E+00  2.06184E-28  1.38369E+06  2.00000E-03 -6.45867E+00
  6.79435E+00  2.06575E-28  1.38542E+06  2.00000E-03 -6.19756E+00
  6.88793E+00  2.06962E-28  1.38714E+06  2.00000E-03 -5.92295E+00
  6.98151E+00  2.07479E-28  1.38944E+06  2.00000E-03 -5.56619E+00
  7.07509E+00  2.07753E-28  1.39065E+06  2.00000E-03 -5.29520E+00
  7.16867E+00  2.08206E-28  1.39266E+06  2.00000E-03 -4.98155E+00
  7.26225E+00  2.08505E-28  1.39399E+06  2.00000E-03 -4.77397E+00
  7.35583E+00  2.08797E-28  1.39528E+06  2.00000E-03 -4.56624E+00
  7.44941E+00  2.09031E-28  1.39631E+06  2.00000E-03 -4.40680E+00
  7.54299E+00  2.09232E-28  1.39720E+06  2.00000E-03 -4.27291E+00
  7.63657E+00  2.09382E-28  1.39787E+06  2.00000E-03 -4.17124E+00
  7.73015E+00  2.09498E-28  1.39838E+06  2.00000E-03 -4.05834E+00
  7.82373E+00  2.09663E-28  1.39911E+06  2.00000E-03 -3.98211E+00
  7.91731E+00  2.09849E-28  1.39993E+06  2.00000E-03 -3.86480E+00
  8.01089E+00  2.09941E-28  1.40034E+06  2.00000E-03 -3.81176E+00
  8.10447E+00  2.10112E-28  1.40109E+06  2.00000E-03 -3.72750E+00
  8.19805E+00  2.10186E-28  1.40142E+06  2.00000E-03 -3.70576E+00
  8.29163E+00  2.10411E-28  1.40242E+06  2.00000E-03 -3.60387E+00
  8.38521E+00  2.10589E-28  1.40321E+06  2.00000E-03 -3.52240E+00
  8.47879E+00  2.11006E-28  1.40506E+06  2.00000E-03 -3.30589E+00
  8.57237E+00  2.11176E-28  1.40581E+06  2.00000E-03 -3.23170E+00
  8.66595E+00  2.11690E-28  1.40809E+06  2.00000E-03 -2.95784E+00
  8.75953E+00  2.12267E-28  1.41065E+06  2.00000E-03 -2.65290E+00
  8.85311E+00  2.12910E-28  1.41350E+06  2.00000E-03 -2.30300E+00
  8.94669E+00  2.13310E-28  1.41527E+06  2.00000E-03 -2.08387E+00
  9.04027E+00  2.14142E-28  1.41894E+06  2.00000E-03 -1.63886E+00
  9.13385E+00  2.14596E-28  1.42095E+06  2.00000E-03 -1.39104E+00
  9.22743E+00  2.15322E-28  1.42415E+06  2.00000E-03 -1.01766E+00
  9.32101E+00  2.15701E-28  1.42582E+06  2.00000E-03 -8.27290E-01
  9.41459E+00  2.16032E-28  1.42727E+06  2.00000E-03 -6.69484E-01
  9.50817E+00  2.16305E-28  1.42847E+06  2.00000E-03 -5.44331E-01
  9.60175E+00  2.16490E-28  1.42929E+06  2.00000E-03 -4.38494E-01
  9.69533E+00  2.16606E-28  1.42980E+06  2.00000E-03 -3.47989E-01
  9.78891E+00  2.16790E-28  1.43061E+06  2.00000E-03 -2.07563E-01
  9.88249E+00  2.16850E-28  1.43088E+06  2.00000E-03 -1.28390E-01
  9.97607E+00  2.16890E-28  1.43105E+06  2.00000E-03 -4.97108E-02
  1.00696E+01  2.16995E-28  1.43151E+06  2.00000E-03  3.93451E-02
  1.01632E+01  2.17065E-28  1.43184E+06  2.00000E-03  1.03124E-01
  1.02568E+01  2.17126E-28  1.43217E+06  2.00000E-03  1.31639E-01
  1.03504E+01  2.17285E-28  1.43303E+06  2.00000E-03  2.09362E-01
  1.04440E+01  2.17452E-28  1.43395E+06  2.00000E-03  2.97055E-01
  1.05375E+01  2.17691E-28  1.43515E+06  2.00000E-03  3.95331E-01
  1.06311E+01  2.17694E-28  1.43523E+06  2.00000E-03  2.52041E-01
  1.07247E+01  2.17395E-28  1.43393E+06  2.00000E-03 -1.32500E-01
  1.08183E+01  2.17135E-28  1.43274E+06  2.00000E-03 -4.05500E-01
  1.09119E+01  2.15674E-28  1.42611E+06  2.00000E-03 -1.75046E+00
  1.10054E+01  2.15285E-28  1.42436E+06  2.00000E-03 -2.10290E+00
  1.10990E+01  2.13818E-28  1.41786E+06  2.00000E-03 -3.25834E+00
  1.11926E+01  2.12873E-28  1.41363E+06  2.00000E-03 -3.99013E+00
  1.12862E+01  2.12232E-28  1.41075E+06  2.00000E-03 -4.45558E+00
  1.13798E+01  2.11848E-28  1.40901E+06  2.00000E-03 -4.72906E+00
  1.14733E+01  2.11813E-28  1.40884E+06  2.00000E-03 -4.74011E+00
  1.15669E+01  2.11776E-28  1.40866E+06  2.00000E-03 -4.72600E+00
  1.16605E+01  2.11944E-28  1.40938E+06  2.00000E-03 -4.61336E+00
  1.17541E+01  2.12160E-28  1.41031E+06  2.00000E-03 -4.40162E+00
  1.18477E+01  2.12323E-28  1.41102E+06  2.00000E-03 -4.28375E+00
  1.19412E+01  2.12615E-28  1.41231E+06  2.00000E-03 -4.02266E+00
  1.20348E+01  2.12968E-28  1.41385E+06  2.00000E-03 -3.75327E+00
  1.21284E+01  2.13110E-28  1.41447E+06  2.00000E-03 -3.64133E+00
  1.22220E+01  2.13224E-28  1.41496E+06  2.00000E-03 -3.53555E+00
  1.23156E+01  2.13425E-28  1.41585E+06  2.00000E-03 -3.41295E+00
  1.24091E+01  2.13697E-28  1.41704E+06  2.00000E-03 -3.24587E+00
  1.25027E+01  2.13834E-28  1.41764E+06  2.00000E-03 -3.16277E+00
  1.25963E+01  2.14006E-28  1.41840E+06  2.00000E-03 -3.06018E+00
  1.26899E+01  2.14282E-28  1.41961E+06  2.00000E-03 -2.91087E+00
  1.27835E+01  2.14537E-28  1.42073E+06  2.00000E-03 -2.76572E+00
  1.28770E+01  2.14944E-28  1.42252E+06  2.00000E-03 -2.51968E+00
  1.29706E+01  2.14956E-28  1.42258E+06  2.00000E-03 -2.51239E+00
  1.30642E+01  2.15480E-28  1.42488E+06  2.00000E-03 -2.19400E+00
  1.31578E+01  2.15671E-28  1.42572E+06  2.00000E-03 -2.06654E+00
  1.32514E+01  2.15909E-28  1.42676E+06  2.00000E-03 -1.92174E+00
  1.33449E+01  2.16004E-28  1.42718E+06  2.00000E-03 -1.86832E+00
  1.34385E+01  2.16085E-28  1.42754E+06  2.00000E-03 -1.82217E+00
  1.35321E+01  2.16157E-28  1.42785E+06  2.00000E-03 -1.78338E+00
  1.36257E+01  2.16170E-28  1.42791E+06  2.00000E-03 -1.77413E+00
  1.37193E+01  2.16140E-28  1.42777E+06  2.00000E-03 -1.79749E+00
  1.38128E+01  2.16079E-28  1.42751E+06  2.00000E-03 -1.83504E+00
  1.39064E+01  2.15987E-28  1.42710E+06  2.00000E-03 -1.88956E+00
  1.40000E+01  2.15886E-28  1.42665E+06  2.00000E-03 -1.95645E+00
  1.40936E+01  2.15853E-28  1.42651E+06  2.00000E-03 -1.97292E+00
  1.41872E+01  2.15618E-28  1.42547E+06  2.00000E-03 -2.12472E+00
  1.42807E+01  2.15515E-28  1.42501E+06  2.00000E-03 -2.19762E+00
  1.43743E+01  2.15292E-28  1.42402E+06  2.00000E-03 -2.35303E+00
  1.44679E+01  2.15280E-28  1.42397E+06  2.00000E-03 -2.36065E+00
  1.45615E+01  2.15130E-28  1.42331E+06  2.00000E-03 -2.46626E+00
  1.46551E+01  2.15036E-28  1.42288E+06  2.00000E-03 -2.54968E+00
  1.47486E+01  2.14965E-28  1.42257E+06  2.00000E-03 -2.62012E+00
  1.48422E+01  2.14890E-28  1.42223E+06  2.00000E-03 -2.67909E+00
  1.49358E+01  2.14929E-28  1.42240E+06  2.00000E-03 -2.66458E+00
  1.50294E+01  2.15035E-28  1.42287E+06  2.00000E-03 -2.61664E+00
  1.51230E+01  2.15182E-28  1.42351E+06  2.00000E-03 -2.54101E+00
  1.52165E+01  2.15281E-28  1.42394E+06  2.00000E-03 -2.46531E+00
  1.53101E+01  2.15435E-28  1.42462E+06  2.00000E-03 -2.37020E+00
  1.54037E+01  2.15832E-28  1.42636E+06  2.00000E-03 -2.11706E+00
  1.54973E+01  2.16243E-28  1.42817E+06  2.00000E-03 -1.85595E+00
  1.55909E+01  2.16383E-28  1.42879E+06  2.00000E-03 -1.75262E+00
  1.56844E+01  2.16874E-28  1.43098E+06  2.00000E-03 -1.38849E+00
  1.57780E+01  2.17173E-28  1.43229E+06  2.00000E-03 -1.19241E+00
  1.58716E+01  2.17808E-28  1.43519E+06  2.00000E-03 -7.13832E-01
  1.59652E+01  2.17874E-28  1.43549E+06  2.00000E-03 -6.63287E-01
  1.60588E+01  2.18156E-28  1.43681E+06  2.00000E-03 -4.36572E-01
  1.61523E+01  2.19000E-28  1.44054E+06  2.00000E-03  1.14019E-01
  1.62459E+01  2.19470E-28  1.44257E+06  2.00000E-03  3.94778E-01
  1.63395E+01  2.19566E-28  1.44299E+06  2.00000E-03  4.51676E-01
  1.64331E+01  2.19600E-28  1.44312E+06  2.00000E-03  4.82327E-01
  1.65267E+01  2.20207E-28  1.44568E+06  2.00000E-03  9.23769E-01
  1.66202E+01  2.20331E-28  1.44620E+06  2.00000E-03  1.01166E+00
  1.67138E+01  2.20236E-28  1.44579E+06  2.00000E-03  9.44439E-01
  1.68074E+01  2.20294E-28  1.44604E+06  2.00000E-03  9.79444E-01
  1.69010E+01  2.20683E-28  1.44772E+06  2.00000E-03  1.19027E+00
  1.69946E+01  2.20848E-28  1.44841E+06  2.00000E-03  1.24572E+00
  1.70881E+01  2.20875E-28  1.44853E+06  2.00000E-03  1.25212E+00
  1.71817E+01  2.20875E-28  1.44853E+06  2.00000E-03  1.25212E+00
  1.72753E+01  2.20875E-28  1.44853E+06  2.00000E-03  1.25212E+00
  1.73689E+01  2.20532E-28  1.44701E+06  2.00000E-03  9.81151E-01
  1.74625E+01  2.20383E-28  1.44635E+06  2.00000E-03  8.63975E-01
  1.75560E+01  2.20371E-28  1.44630E+06  2.00000E-03  8.53219E-01
  1.76496E+01  2.20023E-28  1.44477E+06  2.00000E-03  5.52553E-01
  1.77432E+01  2.19777E-28  1.44369E+06  2.00000E-03  3.54202E-01
  1.78368E+01  2.19022E-28  1.44036E+06  2.00000E-03 -1.66166E-01
  1.79304E+01  2.18865E-28  1.43967E+06  2.00000E-03 -2.70986E-01
  1.80239E+01  2.18865E-28  1.43967E+06  2.00000E-03 -2.70986E-01
  1.81175E+01  2.18865E-28  1.43967E+06  2.00000E-03 -2.70986E-01
  1.82111E+01  2.18524E-28  1.43817E+06  2.00000E-03 -4.98522E-01
  1.83047E+01  2.18078E-28  1.43620E+06  2.00000E-03 -7.97083E-01
  1.83983E+01  2.17740E-28  1.43472E+06  2.00000E-03 -1.03092E+00
  1.84918E+01  2.17526E-28  1.43378E+06  2.00000E-03 -1.17927E+00
  1.85854E+01  2.17400E-28  1.43322E+06  2.00000E-03 -1.26434E+00
  1.86790E+01  2.17107E-28  1.43193E+06  2.00000E-03 -1.44157E+00
  1.87726E+01  2.17025E-28  1.43156E+06  2.00000E-03 -1.49140E+00
  1.88662E+01  2.17025E-28  1.43156E+06  2.00000E-03 -1.49140E+00
  1.89597E+01  2.17025E-28  1.43156E+06  2.00000E-03 -1.49140E+00
  1.90533E+01  2.17006E-28  1.43148E+06  2.00000E-03 -1.49869E+00
  1.91469E+01  2.16756E-28  1.43038E+06  2.00000E-03 -1.63948E+00
  1.92405E+01  2.16614E-28  1.42975E+06  2.00000E-03 -1.73100E+00
  1.93341E+01  2.16539E-28  1.42942E+06  2.00000E-03 -1.77939E+00
  1.94276E+01  2.16539E-28  1.42942E+06  2.00000E-03 -1.77939E+00
  1.95212E+01  2.16638E-28  1.42985E+06  2.00000E-03 -1.69013E+00
  1.96148E+01  2.16703E-28  1.43014E+06  2.00000E-03 -1.63098E+00
  1.97084E+01  2.16703E-28  1.43014E+06  2.00000E-03 -1.63098E+00
  1.98020E+01  2.16703E-28  1.43014E+06  2.00000E-03 -1.63098E+00
  1.98955E+01  2.16601E-28  1.42969E+06  2.00000E-03 -1.70749E+00
  1.99891E+01  2.16547E-28  1.42945E+06  2.00000E-03 -1.74662E+00
  2.00827E+01  2.16444E-28  1.42899E+06  2.00000E-03 -1.81888E+00
  2.01763E+01  2.16445E-28  1.42900E+06  2.00000E-03 -1.81694E+00
  2.02699E+01  2.16446E-28  1.42900E+06  2.00000E-03 -1.81661E+00
  2.03634E+01  2.16447E-28  1.42900E+06  2.00000E-03 -1.82784E+00
  2.04570E+01  2.16486E-28  1.42917E+06  2.00000E-03 -1.81941E+00
  2.05506E+01  2.16486E-28  1.42917E+06  2.00000E-03 -1.82049E+00
  2.06442E+01  2.16361E-28  1.42862E+06  2.00000E-03 -1.90704E+00
  2.07378E+01  2.16234E-28  1.42806E+06  2.00000E-03 -1.99828E+00
  2.08313E+01  2.16153E-28  1.42770E+06  2.00000E-03 -2.07191E+00
  2.09249E+01  2.16155E-28  1.42771E+06  2.00000E-03 -2.08280E+00
  2.10185E+01  2.16155E-28  1.42771E+06  2.00000E-03 -2.08280E+00
  2.11121E+01  2.16155E-28  1.42771E+06  2.00000E-03 -2.08280E+00
  2.12057E+01  2.16142E-28  1.42765E+06  2.00000E-03 -2.09659E+00
  2.12992E+01  2.16094E-28  1.42745E+06  2.00000E-03 -2.14467E+00
  2.13928E+01  2.16089E-28  1.42743E+06  2.00000E-03 -2.12610E+00
  2.14864E+01  2.16095E-28  1.42746E+06  2.00000E-03 -2.09845E+00
  2.15800E+01  2.16104E-28  1.42750E+06  2.00000E-03 -2.05284E+00
  2.16735E+01  2.16022E-28  1.42716E+06  2.00000E-03 -2.13365E+00
  2.17671E+01  2.15928E-28  1.42677E+06  2.00000E-03 -2.22584E+00
  2.18607E+01  2.15928E-28  1.42677E+06  2.00000E-03 -2.22584E+00
  2.19543E+01  2.15928E-28  1.42677E+06  2.00000E-03 -2.22584E+00
  2.20479E+01  2.15928E-28  1.42677E+06  2.00000E-03 -2.22584E+00
  2.21414E+01  2.15981E-28  1.42700E+06  2.00000E-03 -2.17040E+00
  2.22350E+01  2.16067E-28  1.42738E+06  2.00000E-03 -2.07867E+00
  2.23286E+01  2.16141E-28  1.42770E+06  2.00000E-03 -2.00071E+00
  2.24222E+01  2.16141E-28  1.42770E+06  2.00000E-03 -2.00071E+00
  2.25158E+01  2.16179E-28  1.42786E+06  2.00000E-03 -1.98815E+00
  2.26093E+01  2.16267E-28  1.42823E+06  2.00000E-03 -1.95936E+00
  2.27029E+01  2.16277E-28  1.42827E+06  2.00000E-03 -1.95610E+00
  2.27965E+01  2.16277E-28  1.42827E+06  2.00000E-03 -1.95610E+00
  2.28901E+01  2.16277E-28  1.42827E+06  2.00000E-03 -1.95610E+00
  2.29837E+01  2.16277E-28  1.42827E+06  2.00000E-03 -1.95610E+00
  2.30772E+01  2.16277E-28  1.42827E+06  2.00000E-03 -1.95610E+00
  2.31708E+01  2.16277E-28  1.42827E+06  2.00000E-03 -1.95610E+00
  2.32644E+01  2.16277E-28  1.42827E+06  2.00000E-03 -1.95610E+00
  2.33580E+01  2.16277E-28  1.42827E+06  2.00000E-03 -1.95610E+00
  2.34516E+01  2.16883E-28  1.43093E+06  2.00000E-03 -1.46422E+00
  2.35451E+01  2.16959E-28  1.43126E+06  2.00000E-03 -1.40207E+00
  2.36387E+01  2.17060E-28  1.43170E+06  2.00000E-03 -1.32239E+00
  2.37323E+01  2.17330E-28  1.43290E+06  2.00000E-03 -1.10760E+00
  2.38259E+01  2.17520E-28  1.43373E+06  2.00000E-03 -9.57671E-01
  2.39195E+01  2.17553E-28  1.43387E+06  2.00000E-03 -9.31148E-01
  2.40130E+01  2.17502E-28  1.43365E+06  2.00000E-03 -9.77737E-01
  2.41066E+01  2.17512E-28  1.43369E+06  2.00000E-03 -9.68884E-01
  2.42002E+01  2.17486E-28  1.43358E+06  2.00000E-03 -9.93508E-01
  2.42938E+01  2.18011E-28  1.43588E+06  2.00000E-03 -6.00513E-01
  2.43874E+01  2.18177E-28  1.43660E+06  2.00000E-03 -4.79536E-01
  2.44809E+01  2.18177E-28  1.43660E+06  2.00000E-03 -4.79655E-01
  2.45745E+01  2.18175E-28  1.43659E+06  2.00000E-03 -4.80983E-01
  2.46681E+01  2.18171E-28  1.43658E+06  2.00000E-03 -4.84272E-01
  2.47617E+01  2.18163E-28  1.43654E+06  2.00000E-03 -4.92107E-01
  2.48553E+01  2.18170E-28  1.43657E+06  2.00000E-03 -4.85855E-01
  2.49488E+01  2.18172E-28  1.43658E+06  2.00000E-03 -4.83840E-01
  2.50424E+01  2.18136E-28  1.43642E+06  2.00000E-03 -5.15766E-01
  2.51360E+01  2.18203E-28  1.43671E+06  2.00000E-03 -4.67548E-01
  2.52296E+01  2.18301E-28  1.43714E+06  2.00000E-03 -4.08566E-01
  2.53232E+01  2.18297E-28  1.43713E+06  2.00000E-03 -4.26969E-01
  2.54167E+01  2.18296E-28  1.43712E+06  2.00000E-03 -4.32195E-01
  2.55103E+01  2.18296E-28  1.43712E+06  2.00000E-03 -4.32195E-01
  2.56039E+01  2.18296E-28  1.43712E+06  2.00000E-03 -4.32195E-01
  2.56975E+01  2.18296E-28  1.43712E+06  2.00000E-03 -4.32195E-01
  2.57911E+01  2.18296E-28  1.43712E+06  2.00000E-03 -4.32195E-01
  2.58846E+01  2.18296E-28  1.43712E+06  2.00000E-03 -4.32195E-01
  2.59782E+01  2.18222E-28  1.43680E+06  2.00000E-03 -4.85142E-01
  2.60718E+01  2.17981E-28  1.43574E+06  2.00000E-03 -6.56652E-01
  2.61654E+01  2.17972E-28  1.43570E+06  2.00000E-03 -6.63752E-01
  2.62590E+01  2.17972E-28  1.43569E+06  2.00000E-03 -6.63751E-01
  2.63525E+01  2.17972E-28  1.43569E+06  2.00000E-03 -6.63751E-01
  2.64461E+01  2.17972E-28  1.43570E+06  2.00000E-03 -6.63752E-01
  2.65397E+01  2.17972E-28  1.43570E+06  2.00000E-03 -6.63752E-01
  2.66333E+01  2.17972E-28  1.43569E+06  2.00000E-03 -6.63751E-01
  2.67269E+01  2.17862E-28  1.43522E+06  2.00000E-03 -7.57819E-01
  2.68204E+01  2.17748E-28  1.43472E+06  2.00000E-03 -8.51763E-01
  2.69140E+01  2.17165E-28  1.43215E+06  2.00000E-03 -1.29732E+00
  2.70076E+01  2.17149E-28  1.43208E+06  2.00000E-03 -1.30926E+00
  2.71012E+01  2.17149E-28  1.43208E+06  2.00000E-03 -1.30926E+00
  2.71948E+01  2.17149E-28  1.43208E+06  2.00000E-03 -1.30926E+00
  2.72883E+01  2.17149E-28  1.43208E+06  2.00000E-03 -1.30926E+00
  2.73819E+01  2.17149E-28  1.43208E+06  2.00000E-03 -1.30926E+00
  2.74755E+01  2.17149E-28  1.43208E+06  2.00000E-03 -1.30926E+00
  2.75691E+01  2.17149E-28  1.43208E+06  2.00000E-03 -1.30926E+00
  2.76627E+01  2.17144E-28  1.43205E+06  2.00000E-03 -1.31362E+00
