 -2.46097E+01  2.15796E-28  1.42621E+06  2.00000E-03  7.56768E+00
 -2.45162E+01  2.15853E-28  1.42646E+06  2.00000E-03  7.54201E+00
 -2.44226E+01  2.15918E-28  1.42675E+06  2.00000E-03  7.51323E+00
 -2.43290E+01  2.15918E-28  1.42675E+06  2.00000E-03  7.51323E+00
 -2.42354E+01  2.15918E-28  1.42675E+06  2.00000E-03  7.51323E+00
 -2.41418E+01  2.15916E-28  1.42673E+06  2.00000E-03  7.52011E+00
 -2.40483E+01  2.15900E-28  1.42667E+06  2.00000E-03  7.56418E+00
 -2.39547E+01  2.15846E-28  1.42643E+06  2.00000E-03  7.63020E+00
 -2.38611E+01  2.15685E-28  1.42573E+06  2.00000E-03  7.83584E+00
 -2.37675E+01  2.15664E-28  1.42564E+06  2.00000E-03  7.88292E+00
 -2.36740E+01  2.15664E-28  1.42564E+06  2.00000E-03  7.88292E+00
 -2.35804E+01  2.15664E-28  1.42564E+06  2.00000E-03  7.88292E+00
 -2.34868E+01  2.15664E-28  1.42564E+06  2.00000E-03  7.88292E+00
 -2.33932E+01  2.15664E-28  1.42564E+06  2.00000E-03  7.88292E+00
 -2.32996E+01  2.15664E-28  1.42564E+06  2.00000E-03  7.88292E+00
 -2.32061E+01  2.15655E-28  1.42560E+06  2.00000E-03  7.89437E+00
 -2.31125E+01  2.15476E-28  1.42482E+06  2.00000E-03  8.13585E+00
 -2.30189E+01  2.15466E-28  1.42478E+06  2.00000E-03  8.14849E+00
 -2.29253E+01  2.15466E-28  1.42478E+06  2.00000E-03  8.14849E+00
 -2.28317E+01  2.15466E-28  1.42478E+06  2.00000E-03  8.14849E+00
 -2.27382E+01  2.15466E-28  1.42478E+06  2.00000E-03  8.14849E+00
 -2.26446E+01  2.15466E-28  1.42478E+06  2.00000E-03  8.14849E+00
 -2.25510E+01  2.15466E-28  1.42478E+06  2.00000E-03  8.14849E+00
 -2.24574E+01  2.15466E-28  1.42478E+06  2.00000E-03  8.14849E+00
 -2.23638E+01  2.15408E-28  1.42453E+06  2.00000E-03  8.28597E+00
 -2.22703E+01  2.15387E-28  1.42444E+06  2.00000E-03  8.33535E+00
 -2.21767E+01  2.15387E-28  1.42444E+06  2.00000E-03  8.33535E+00
 -2.20831E+01  2.15387E-28  1.42444E+06  2.00000E-03  8.33535E+00
 -2.19895E+01  2.15387E-28  1.42444E+06  2.00000E-03  8.33535E+00
 -2.18959E+01  2.15387E-28  1.42444E+06  2.00000E-03  8.33535E+00
 -2.18024E+01  2.15387E-28  1.42444E+06  2.00000E-03  8.33535E+00
 -2.17088E+01  2.15387E-28  1.42444E+06  2.00000E-03  8.33535E+00
 -2.16152E+01  2.15409E-28  1.42455E+06  2.00000E-03  8.37944E+00
 -2.15216E+01  2.15437E-28  1.42468E+06  2.00000E-03  8.43559E+00
 -2.14280E+01  2.15437E-28  1.42468E+06  2.00000E-03  8.43559E+00
 -2.13345E+01  2.15437E-28  1.42468E+06  2.00000E-03  8.43559E+00
 -2.12409E+01  2.15437E-28  1.42468E+06  2.00000E-03  8.43559E+00
 -2.11473E+01  2.15437E-28  1.42468E+06  2.00000E-03  8.43559E+00
 -2.10537E+01  2.15437E-28  1.42468E+06  2.00000E-03  8.43655E+00
 -2.09601E+01  2.15399E-28  1.42451E+06  2.00000E-03  8.50459E+00
 -2.08666E+01  2.15400E-28  1.42452E+06  2.00000E-03  8.53406E+00
 -2.07730E+01  2.15333E-28  1.42424E+06  2.00000E-03  8.74139E+00
 -2.06794E+01  2.15279E-28  1.42401E+06  2.00000E-03  8.81549E+00
 -2.05858E+01  2.15223E-28  1.42376E+06  2.00000E-03  8.89370E+00
 -2.04922E+01  2.15223E-28  1.42376E+06  2.00000E-03  8.89370E+00
 -2.03987E+01  2.15223E-28  1.42376E+06  2.00000E-03  8.89370E+00
 -2.03051E+01  2.15223E-28  1.42376E+06  2.00000E-03  8.89370E+00
 -2.02115E+01  2.15223E-28  1.42376E+06  2.00000E-03  8.89370E+00
 -2.01179E+01  2.15222E-28  1.42375E+06  2.00000E-03  8.89548E+00
 -2.00243E+01  2.14954E-28  1.42261E+06  2.00000E-03  9.26718E+00
 -1.99308E+01  2.14912E-28  1.42244E+06  2.00000E-03  9.32430E+00
 -1.98372E+01  2.14912E-28  1.42244E+06  2.00000E-03  9.32430E+00
 -1.97436E+01  2.14912E-28  1.42244E+06  2.00000E-03  9.32430E+00
 -1.96500E+01  2.14912E-28  1.42244E+06  2.00000E-03  9.32430E+00
 -1.95564E+01  2.14912E-28  1.42244E+06  2.00000E-03  9.32430E+00
 -1.94629E+01  2.14912E-28  1.42244E+06  2.00000E-03  9.32430E+00
 -1.93693E+01  2.14912E-28  1.42244E+06  2.00000E-03  9.32430E+00
 -1.92757E+01  2.14737E-28  1.42167E+06  2.00000E-03  9.58624E+00
 -1.91821E+01  2.14598E-28  1.42106E+06  2.00000E-03  9.79840E+00
 -1.90885E+01  2.14592E-28  1.42104E+06  2.00000E-03  9.80751E+00
 -1.89950E+01  2.14559E-28  1.42089E+06  2.00000E-03  9.86209E+00
 -1.89014E+01  2.14481E-28  1.42055E+06  2.00000E-03  9.98828E+00
 -1.88078E+01  2.14383E-28  1.42012E+06  2.00000E-03  1.01480E+01
 -1.87142E+01  2.14383E-28  1.42012E+06  2.00000E-03  1.01480E+01
 -1.86206E+01  2.14383E-28  1.42012E+06  2.00000E-03  1.01480E+01
 -1.85271E+01  2.14347E-28  1.41997E+06  2.00000E-03  1.02327E+01
 -1.84335E+01  2.14294E-28  1.41974E+06  2.00000E-03  1.03554E+01
 -1.83399E+01  2.14294E-28  1.41974E+06  2.00000E-03  1.03554E+01
 -1.82463E+01  2.14294E-28  1.41974E+06  2.00000E-03  1.03554E+01
 -1.81527E+01  2.14309E-28  1.41981E+06  2.00000E-03  1.03818E+01
 -1.80592E+01  2.14348E-28  1.42000E+06  2.00000E-03  1.04504E+01
 -1.79656E+01  2.14349E-28  1.42000E+06  2.00000E-03  1.04504E+01
 -1.78720E+01  2.14348E-28  1.42000E+06  2.00000E-03  1.04504E+01
 -1.77784E+01  2.14416E-28  1.42030E+06  2.00000E-03  1.04524E+01
 -1.76848E+01  2.14692E-28  1.42153E+06  2.00000E-03  1.03833E+01
 -1.75913E+01  2.14737E-28  1.42173E+06  2.00000E-03  1.03740E+01
 -1.74977E+01  2.14755E-28  1.42181E+06  2.00000E-03  1.03711E+01
 -1.74041E+01  2.14828E-28  1.42213E+06  2.00000E-03  1.03545E+01
 -1.73105E+01  2.15270E-28  1.42410E+06  2.00000E-03  1.01318E+01
 -1.72169E+01  2.15297E-28  1.42422E+06  2.00000E-03  1.01184E+01
 -1.71234E+01  2.15297E-28  1.42422E+06  2.00000E-03  1.01184E+01
 -1.70298E+01  2.15297E-28  1.42422E+06  2.00000E-03  1.01184E+01
 -1.69362E+01  2.15765E-28  1.42631E+06  2.00000E-03  9.85625E+00
 -1.68426E+01  2.15847E-28  1.42667E+06  2.00000E-03  9.81058E+00
 -1.67490E+01  2.15847E-28  1.42667E+06  2.00000E-03  9.81057E+00
 -1.66555E+01  2.15847E-28  1.42667E+06  2.00000E-03  9.81058E+00
 -1.65619E+01  2.16221E-28  1.42834E+06  2.00000E-03  9.64773E+00
 -1.64683E+01  2.16373E-28  1.42901E+06  2.00000E-03  9.56983E+00
 -1.63747E+01  2.16384E-28  1.42906E+06  2.00000E-03  9.57492E+00
 -1.62811E+01  2.16419E-28  1.42922E+06  2.00000E-03  9.57507E+00
 -1.61876E+01  2.16659E-28  1.43028E+06  2.00000E-03  9.46776E+00
 -1.60940E+01  2.16827E-28  1.43103E+06  2.00000E-03  9.40755E+00
 -1.60004E+01  2.16827E-28  1.43104E+06  2.00000E-03  9.40755E+00
 -1.59068E+01  2.16874E-28  1.43124E+06  2.00000E-03  9.40958E+00
 -1.58132E+01  2.16960E-28  1.43163E+06  2.00000E-03  9.41773E+00
 -1.57197E+01  2.16959E-28  1.43163E+06  2.00000E-03  9.43219E+00
 -1.56261E+01  2.16956E-28  1.43162E+06  2.00000E-03  9.43267E+00
 -1.55325E+01  2.17054E-28  1.43205E+06  2.00000E-03  9.41771E+00
 -1.54389E+01  2.17118E-28  1.43234E+06  2.00000E-03  9.43341E+00
 -1.53453E+01  2.17022E-28  1.43192E+06  2.00000E-03  9.53450E+00
 -1.52518E+01  2.17022E-28  1.43192E+06  2.00000E-03  9.53450E+00
 -1.51582E+01  2.17022E-28  1.43192E+06  2.00000E-03  9.53450E+00
 -1.50646E+01  2.16961E-28  1.43166E+06  2.00000E-03  9.58818E+00
 -1.49710E+01  2.16754E-28  1.43076E+06  2.00000E-03  9.77007E+00
 -1.48774E+01  2.16754E-28  1.43076E+06  2.00000E-03  9.77007E+00
 -1.47839E+01  2.16754E-28  1.43076E+06  2.00000E-03  9.77007E+00
 -1.46903E+01  2.16711E-28  1.43057E+06  2.00000E-03  9.80911E+00
 -1.45967E+01  2.16293E-28  1.42875E+06  2.00000E-03  1.02069E+01
 -1.45031E+01  2.16275E-28  1.42867E+06  2.00000E-03  1.02283E+01
 -1.44095E+01  2.16238E-28  1.42851E+06  2.00000E-03  1.02711E+01
 -1.43160E+01  2.16188E-28  1.42829E+06  2.00000E-03  1.03300E+01
 -1.42224E+01  2.15826E-28  1.42670E+06  2.00000E-03  1.06597E+01
 -1.41288E+01  2.15814E-28  1.42665E+06  2.00000E-03  1.06764E+01
 -1.40352E+01  2.15664E-28  1.42599E+06  2.00000E-03  1.08384E+01
 -1.39416E+01  2.15621E-28  1.42580E+06  2.00000E-03  1.08721E+01
 -1.38481E+01  2.15481E-28  1.42518E+06  2.00000E-03  1.10760E+01
 -1.37545E+01  2.15454E-28  1.42507E+06  2.00000E-03  1.11188E+01
 -1.36609E+01  2.15366E-28  1.42469E+06  2.00000E-03  1.12397E+01
 -1.35673E+01  2.15340E-28  1.42457E+06  2.00000E-03  1.13028E+01
 -1.34737E+01  2.15281E-28  1.42432E+06  2.00000E-03  1.14324E+01
 -1.33802E+01  2.15258E-28  1.42422E+06  2.00000E-03  1.14813E+01
 -1.32866E+01  2.15241E-28  1.42415E+06  2.00000E-03  1.15484E+01
 -1.31930E+01  2.15227E-28  1.42409E+06  2.00000E-03  1.16028E+01
 -1.30994E+01  2.15240E-28  1.42414E+06  2.00000E-03  1.16570E+01
 -1.30058E+01  2.15260E-28  1.42423E+06  2.00000E-03  1.17236E+01
 -1.29123E+01  2.15291E-28  1.42437E+06  2.00000E-03  1.17549E+01
 -1.28187E+01  2.15331E-28  1.42455E+06  2.00000E-03  1.17868E+01
 -1.27251E+01  2.15387E-28  1.42479E+06  2.00000E-03  1.18255E+01
 -1.26315E+01  2.15453E-28  1.42509E+06  2.00000E-03  1.18572E+01
 -1.25379E+01  2.15479E-28  1.42520E+06  2.00000E-03  1.18696E+01
 -1.24444E+01  2.15528E-28  1.42542E+06  2.00000E-03  1.18936E+01
 -1.23508E+01  2.15536E-28  1.42545E+06  2.00000E-03  1.19101E+01
 -1.22572E+01  2.15600E-28  1.42574E+06  2.00000E-03  1.19965E+01
 -1.21636E+01  2.15599E-28  1.42573E+06  2.00000E-03  1.20200E+01
 -1.20700E+01  2.15571E-28  1.42561E+06  2.00000E-03  1.21426E+01
 -1.19765E+01  2.15604E-28  1.42576E+06  2.00000E-03  1.21714E+01
 -1.18829E+01  2.15501E-28  1.42532E+06  2.00000E-03  1.23730E+01
 -1.17893E+01  2.15490E-28  1.42527E+06  2.00000E-03  1.23814E+01
 -1.16957E+01  2.15300E-28  1.42442E+06  2.00000E-03  1.25770E+01
 -1.16021E+01  2.15287E-28  1.42436E+06  2.00000E-03  1.25895E+01
 -1.15086E+01  2.15007E-28  1.42314E+06  2.00000E-03  1.28490E+01
 -1.14150E+01  2.15016E-28  1.42317E+06  2.00000E-03  1.29590E+01
 -1.13214E+01  2.14719E-28  1.42194E+06  2.00000E-03  1.32514E+01
 -1.12278E+01  2.14707E-28  1.42188E+06  2.00000E-03  1.32713E+01
 -1.11342E+01  2.14452E-28  1.41997E+06  2.00000E-03  1.37181E+01
 -1.10407E+01  2.14445E-28  1.41987E+06  2.00000E-03  1.35676E+01
 -1.09471E+01  2.13814E-28  1.42067E+06  1.99999E-03  1.37948E+01
 -1.08535E+01  2.13621E-28  1.42091E+06  1.99999E-03  1.38698E+01
 -1.07599E+01  2.14633E-28  1.41134E+06  1.99681E-03  1.43248E+01
 -1.06664E+01  2.14943E-28  1.40833E+06  1.99583E-03  1.46501E+01
 -1.05728E+01  2.34326E-28  1.28930E+06  1.94525E-03  1.49310E+01
 -1.04792E+01  2.45013E-28  1.23161E+06  1.92100E-03  1.50581E+01
 -1.03856E+01  2.69262E-28  1.11896E+06  1.86522E-03  1.50235E+01
 -1.02920E+01  2.99025E-28  1.00562E+06  1.80946E-03  1.48131E+01
 -1.01985E+01  3.25106E-28  9.23830E+05  1.75417E-03  1.34172E+01
 -1.01049E+01  3.42554E-28  8.76068E+05  1.72188E-03  1.26021E+01
 -1.00113E+01  3.44226E-28  8.71767E+05  1.70880E-03  1.12102E+01
 -9.91771E+00  3.24853E-28  9.24904E+05  1.72990E-03  1.04952E+01
 -9.82413E+00  3.16972E-28  9.48575E+05  1.74170E-03  9.72458E+00
 -9.73055E+00  3.28563E-28  9.14842E+05  1.72056E-03  8.01497E+00
 -9.63697E+00  3.19898E-28  9.39426E+05  1.73623E-03  7.04012E+00
 -9.54339E+00  3.05413E-28  9.83886E+05  1.76439E-03  5.65903E+00
 -9.44981E+00  2.95686E-28  1.01654E+06  1.78336E-03  5.24749E+00
 -9.35623E+00  2.67740E-28  1.12347E+06  1.84479E-03  4.04716E+00
 -9.26265E+00  2.58339E-28  1.16209E+06  1.86789E-03  3.87327E+00
 -9.16907E+00  2.51393E-28  1.19199E+06  1.88271E-03  4.07205E+00
 -9.07549E+00  2.61796E-28  1.14130E+06  1.85373E-03  6.10088E+00
 -8.98191E+00  2.78864E-28  1.06832E+06  1.81191E-03  7.12437E+00
 -8.88833E+00  3.10121E-28  9.55247E+05  1.74424E-03  8.35848E+00
 -8.79475E+00  3.27232E-28  9.02180E+05  1.71066E-03  9.54898E+00
 -8.70117E+00  3.49809E-28  8.36570E+05  1.67274E-03  1.25089E+01
 -8.60759E+00  3.51215E-28  8.32278E+05  1.66905E-03  1.37695E+01
 -8.51401E+00  3.54738E-28  8.23657E+05  1.66505E-03  1.56741E+01
 -8.42043E+00  3.56414E-28  8.18928E+05  1.66420E-03  1.69869E+01
 -8.32685E+00  3.41533E-28  8.55874E+05  1.69094E-03  1.84810E+01
 -8.23327E+00  3.27612E-28  8.93513E+05  1.71563E-03  1.91710E+01
 -8.13969E+00  3.16170E-28  9.27116E+05  1.73761E-03  1.95594E+01
 -8.04611E+00  2.97073E-28  9.89362E+05  1.77862E-03  1.92053E+01
 -7.95253E+00  2.69390E-28  1.09706E+06  1.85091E-03  1.89088E+01
 -7.85895E+00  2.59204E-28  1.14230E+06  1.87926E-03  1.83509E+01
 -7.76537E+00  2.49687E-28  1.18795E+06  1.90654E-03  1.73062E+01
 -7.67179E+00  2.42548E-28  1.22388E+06  1.92308E-03  1.69785E+01
 -7.57821E+00  2.28015E-28  1.30384E+06  1.96003E-03  1.52058E+01
 -7.48463E+00  2.20110E-28  1.35154E+06  1.97908E-03  1.46000E+01
 -7.39106E+00  2.14146E-28  1.38974E+06  1.99229E-03  1.43618E+01
 -7.29748E+00  2.11838E-28  1.40498E+06  1.99744E-03  1.39151E+01
 -7.20390E+00  2.11011E-28  1.41046E+06  1.99935E-03  1.33866E+01
 -7.11032E+00  2.10916E-28  1.41093E+06  1.99969E-03  1.28905E+01
 -7.01674E+00  2.10974E-28  1.41042E+06  1.99966E-03  1.26792E+01
 -6.92316E+00  2.11046E-28  1.41001E+06  1.99969E-03  1.25777E+01
 -6.82958E+00  2.11094E-28  1.40956E+06  1.99968E-03  1.27024E+01
 -6.73600E+00  2.11220E-28  1.40871E+06  1.99949E-03  1.29800E+01
 -6.64242E+00  2.11419E-28  1.40791E+06  1.99950E-03  1.30482E+01
 -6.54884E+00  2.12015E-28  1.40504E+06  1.99919E-03  1.31999E+01
 -6.45526E+00  2.12830E-28  1.40095E+06  1.99856E-03  1.35167E+01
 -6.36168E+00  2.13970E-28  1.39346E+06  1.99722E-03  1.43379E+01
 -6.26810E+00  2.15348E-28  1.38503E+06  1.99562E-03  1.45101E+01
 -6.17452E+00  2.17232E-28  1.37397E+06  1.99312E-03  1.48205E+01
 -6.08094E+00  2.18498E-28  1.36642E+06  1.99129E-03  1.51124E+01
 -5.98736E+00  2.20163E-28  1.35646E+06  1.98895E-03  1.59986E+01
 -5.89378E+00  2.24787E-28  1.32895E+06  1.98159E-03  1.70594E+01
 -5.80020E+00  2.23321E-28  1.33774E+06  1.98392E-03  1.78097E+01
 -5.70662E+00  2.22618E-28  1.34193E+06  1.98526E-03  1.89659E+01
 -5.61304E+00  2.24102E-28  1.33242E+06  1.98260E-03  2.04437E+01
 -5.51946E+00  2.25118E-28  1.32478E+06  1.98097E-03  2.20759E+01
 -5.42588E+00  2.28920E-28  1.30175E+06  1.97187E-03  2.34421E+01
 -5.33230E+00  2.34788E-28  1.26647E+06  1.95345E-03  2.46320E+01
 -5.23872E+00  2.39989E-28  1.23605E+06  1.93499E-03  2.56239E+01
 -5.14514E+00  2.40157E-28  1.23152E+06  1.93152E-03  2.72990E+01
 -5.05156E+00  2.39879E-28  1.22825E+06  1.92343E-03  2.83257E+01
 -4.95798E+00  2.40049E-28  1.22244E+06  1.91438E-03  2.88482E+01
 -4.86440E+00  2.33985E-28  1.24883E+06  1.92812E-03  2.89906E+01
 -4.77082E+00  2.27914E-28  1.27326E+06  1.93930E-03  2.84559E+01
 -4.67724E+00  2.23718E-28  1.29087E+06  1.95120E-03  2.72376E+01
 -4.58366E+00  2.21966E-28  1.29308E+06  1.95640E-03  2.49672E+01
 -4.49008E+00  2.25852E-28  1.26407E+06  1.94309E-03  2.32470E+01
 -4.39650E+00  2.28412E-28  1.23795E+06  1.93132E-03  2.29114E+01
 -4.30292E+00  2.26429E-28  1.24064E+06  1.93504E-03  2.29355E+01
 -4.20934E+00  2.16816E-28  1.28437E+06  1.96024E-03  2.25086E+01
 -4.11576E+00  2.09576E-28  1.31861E+06  1.97955E-03  2.20934E+01
 -4.02218E+00  2.04084E-28  1.33622E+06  1.99011E-03  2.22100E+01
 -3.92860E+00  2.00146E-28  1.33597E+06  1.99296E-03  2.26838E+01
 -3.83502E+00  1.99207E-28  1.31866E+06  1.98734E-03  2.21553E+01
 -3.74144E+00  2.05292E-28  1.24954E+06  1.95883E-03  2.13625E+01
 -3.64786E+00  2.75399E-28  8.96571E+05  1.78778E-03  1.97800E+01
 -3.55428E+00  6.39983E-28  3.62736E+05  1.44888E-03  1.59092E+01
 -3.46070E+00  1.48183E-27  1.48669E+05  1.28000E-03  1.10647E+01
 -3.36712E+00  2.97068E-27  6.54389E+04  1.22808E-03  5.62855E+00
 -3.27354E+00  3.44032E-27  4.61073E+04  1.21825E-03 -1.71385E+00
 -3.17996E+00  5.86815E-27  2.50791E+04  1.19747E-03 -4.76652E+00
 -3.08638E+00  8.68267E-27  1.73627E+04  1.19037E-03 -4.79671E+00
 -2.99280E+00  1.12102E-26  1.42865E+04  1.18395E-03 -3.64533E+00
 -2.89922E+00  1.08753E-26  1.39782E+04  1.18661E-03 -3.40617E+00
 -2.80564E+00  1.07548E-26  1.39254E+04  1.21789E-03 -4.77359E+00
 -2.71206E+00  1.02259E-26  1.52065E+04  1.24323E-03 -4.74640E+00
 -2.61848E+00  7.99609E-27  1.98783E+04  1.24082E-03 -4.58885E+00
 -2.52490E+00  7.18270E-27  2.16551E+04  1.22353E-03 -4.63553E+00
 -2.43132E+00  7.06494E-27  1.80520E+04  1.20493E-03 -6.31974E+00
 -2.33774E+00  7.05851E-27  1.55621E+04  1.19873E-03 -7.69366E+00
 -2.24416E+00  7.22548E-27  1.43680E+04  1.19842E-03 -9.76206E+00
 -2.15058E+00  8.10772E-27  1.43260E+04  1.20147E-03 -9.69182E+00
 -2.05700E+00  8.86418E-27  1.49772E+04  1.20786E-03 -8.35641E+00
 -1.96342E+00  9.69038E-27  1.53512E+04  1.21106E-03 -5.41518E+00
 -1.86984E+00  8.73937E-27  1.90904E+04  1.21686E-03 -2.36298E+00
 -1.77626E+00  6.58591E-27  2.85583E+04  1.23398E-03  2.55826E-01
 -1.68268E+00  2.88233E-27  7.49714E+04  1.28260E-03  4.69219E-01
 -1.58910E+00  1.11806E-27  2.05426E+05  1.37473E-03  5.18680E+00
 -1.49552E+00  7.46161E-28  3.17066E+05  1.44608E-03  9.63793E+00
 -1.40194E+00  3.98500E-28  6.08260E+05  1.65915E-03  1.70702E+01
 -1.30836E+00  4.48758E-28  5.41127E+05  1.58226E-03  2.13820E+01
 -1.21478E+00  1.74006E-27  1.37834E+05  1.28650E-03  1.39687E+01
 -1.12120E+00  8.14009E-27  3.03018E+04  1.23552E-03  8.22401E+00
 -1.02762E+00  1.70547E-26  1.57082E+04  1.22762E-03  5.88244E+00
 -9.34045E-01  2.00941E-26  1.36952E+04  1.21944E-03  3.42077E+00
 -8.40465E-01  1.81966E-26  1.37328E+04  1.21437E-03  1.93552E+00
 -7.46885E-01  1.31903E-26  1.54397E+04  1.20489E-03 -9.98991E-01
 -6.53306E-01  9.98399E-27  1.99588E+04  1.19923E-03 -5.84982E+00
 -5.59726E-01  6.35178E-27  3.38700E+04  1.21393E-03 -1.41829E+01
 -4.66146E-01  1.95573E-27  1.28067E+05  1.32353E-03 -2.32896E+01
 -3.72566E-01  3.10273E-28  8.46082E+05  1.72591E-03 -3.55763E+01
 -2.78986E-01  3.58878E-28  7.25536E+05  1.63105E-03 -3.38884E+01
 -1.85406E-01  4.51763E-28  5.65924E+05  1.53955E-03 -3.12910E+01
 -9.18264E-02  4.70242E-28  5.35752E+05  1.52397E-03 -3.23314E+01
  1.75348E-03  3.54738E-28  7.23893E+05  1.64346E-03 -4.45399E+01
  9.53333E-02  3.90577E-28  6.73605E+05  1.62422E-03 -3.60647E+01
  1.88913E-01  4.02914E-28  6.74827E+05  1.63547E-03 -2.74744E+01
  2.82493E-01  3.47639E-28  8.10878E+05  1.71823E-03 -2.22408E+01
  3.76073E-01  2.86733E-28  1.02443E+06  1.81377E-03 -1.58640E+01
  4.69653E-01  2.90774E-28  1.03225E+06  1.81898E-03 -4.48083E+00
  5.63233E-01  2.96934E-28  1.01924E+06  1.81424E-03  5.30142E+00
  6.56812E-01  3.00527E-28  1.01066E+06  1.81063E-03  1.19395E+01
  7.50392E-01  2.89677E-28  1.05481E+06  1.82899E-03  1.69033E+01
  8.43972E-01  2.78921E-28  1.09753E+06  1.84936E-03  2.12019E+01
  9.37552E-01  2.65101E-28  1.15670E+06  1.87894E-03  2.64744E+01
  1.03113E+00  2.61390E-28  1.17786E+06  1.89002E-03  3.08158E+01
  1.12471E+00  2.70645E-28  1.14667E+06  1.87761E-03  3.22438E+01
  1.21829E+00  2.85551E-28  1.09398E+06  1.85261E-03  3.35090E+01
  1.31187E+00  3.00066E-28  1.04562E+06  1.82300E-03  3.40006E+01
  1.40545E+00  3.17451E-28  9.94365E+05  1.78239E-03  3.14138E+01
  1.49903E+00  3.23040E-28  9.86883E+05  1.77467E-03  2.86650E+01
  1.59261E+00  3.76693E-28  8.52641E+05  1.70984E-03  2.08967E+01
  1.68619E+00  5.07248E-28  6.32898E+05  1.59512E-03  1.33534E+01
  1.77977E+00  5.77773E-28  5.52183E+05  1.54948E-03  6.00945E+00
  1.87335E+00  5.77099E-28  5.47564E+05  1.54829E-03 -8.92761E-01
  1.96693E+00  5.65242E-28  5.50990E+05  1.55560E-03 -6.49779E+00
  2.06051E+00  4.90851E-28  6.29793E+05  1.59911E-03 -7.13503E+00
  2.15409E+00  4.14274E-28  7.42632E+05  1.64838E-03 -6.65450E+00
  2.24767E+00  4.15741E-28  7.39271E+05  1.63853E-03 -6.39542E+00
  2.34125E+00  4.43805E-28  6.96292E+05  1.61351E-03 -6.97948E+00
  2.43483E+00  4.44525E-28  6.97862E+05  1.61212E-03 -5.28722E+00
  2.52841E+00  4.30247E-28  7.25202E+05  1.62441E-03 -4.33774E+00
  2.62199E+00  3.74217E-28  8.39759E+05  1.68340E-03 -3.63172E+00
  2.71557E+00  3.02558E-28  1.04512E+06  1.79051E-03 -1.83736E+00
  2.80915E+00  2.60671E-28  1.21969E+06  1.88405E-03 -2.87483E-01
  2.90273E+00  2.54693E-28  1.25182E+06  1.90442E-03  1.04611E+00
  2.99631E+00  2.71791E-28  1.17613E+06  1.87552E-03  1.37906E+00
  3.08989E+00  2.99122E-28  1.07238E+06  1.82508E-03  6.20188E-01
  3.18347E+00  3.13524E-28  1.02943E+06  1.78706E-03 -1.51529E+00
  3.27705E+00  3.16294E-28  1.02137E+06  1.76503E-03 -4.86800E+00
  3.37063E+00  2.92455E-28  1.09978E+06  1.79816E-03 -1.01926E+01
  3.46421E+00  2.65344E-28  1.21231E+06  1.86460E-03 -1.62771E+01
  3.55779E+00  2.49707E-28  1.28975E+06  1.90607E-03 -1.83364E+01
  3.65137E+00  2.35584E-28  1.37247E+06  1.94786E-03 -1.84193E+01
  3.74495E+00  2.31269E-28  1.40301E+06  1.95891E-03 -1.56116E+01
  3.83853E+00  2.34198E-28  1.38882E+06  1.94831E-03 -1.28943E+01
  3.93211E+00  2.35024E-28  1.38806E+06  1.94756E-03 -1.11431E+01
  4.02569E+00  2.40544E-28  1.35996E+06  1.93493E-03 -1.03138E+01
  4.11927E+00  2.42044E-28  1.35501E+06  1.93582E-03 -1.07354E+01
  4.21285E+00  2.35603E-28  1.39630E+06  1.96100E-03 -1.17911E+01
  4.30643E+00  2.28517E-28  1.44357E+06  1.98688E-03 -1.26586E+01
  4.40001E+00  2.26096E-28  1.46213E+06  1.99605E-03 -1.27225E+01
  4.49359E+00  2.25494E-28  1.46819E+06  1.99879E-03 -1.23327E+01
  4.58717E+00  2.25410E-28  1.47008E+06  1.99968E-03 -1.17239E+01
  4.68075E+00  2.25316E-28  1.47076E+06  1.99992E-03 -1.08962E+01
  4.77433E+00  2.25039E-28  1.47214E+06  1.99998E-03 -9.91821E+00
  4.86791E+00  2.24615E-28  1.47374E+06  1.99999E-03 -8.96757E+00
  4.96149E+00  2.24232E-28  1.47477E+06  1.99998E-03 -7.78148E+00
  5.05507E+00  2.24421E-28  1.47211E+06  1.99960E-03 -6.46245E+00
  5.14865E+00  2.27378E-28  1.45196E+06  1.99492E-03 -4.50628E+00
  5.24223E+00  2.37312E-28  1.38889E+06  1.97752E-03 -2.52185E+00
  5.33581E+00  2.54786E-28  1.29017E+06  1.94598E-03 -6.30649E-01
  5.42939E+00  2.74494E-28  1.19385E+06  1.91360E-03  1.29761E+00
  5.52296E+00  2.88529E-28  1.13324E+06  1.89291E-03  3.31390E+00
  5.61654E+00  2.97053E-28  1.09700E+06  1.88027E-03  3.91953E+00
  5.71012E+00  2.94274E-28  1.10517E+06  1.88527E-03  4.53724E+00
  5.80370E+00  2.86206E-28  1.13365E+06  1.89549E-03  4.60141E+00
  5.89728E+00  2.86748E-28  1.13234E+06  1.89604E-03  3.27808E+00
  5.99086E+00  2.83777E-28  1.14220E+06  1.89862E-03  1.73803E+00
  6.08444E+00  2.94462E-28  1.10017E+06  1.88390E-03 -9.02522E-02
  6.17802E+00  3.11574E-28  1.03955E+06  1.86275E-03 -5.29697E-01
  6.27160E+00  3.33255E-28  9.72496E+05  1.83718E-03  1.14733E-01
  6.36518E+00  3.24537E-28  9.98247E+05  1.84347E-03 -1.98672E-01
  6.45876E+00  2.91165E-28  1.11223E+06  1.88157E-03 -6.92765E-01
  6.55234E+00  2.61814E-28  1.23685E+06  1.92414E-03 -6.94827E-01
  6.64592E+00  2.49695E-28  1.29684E+06  1.94328E-03  4.37649E-01
  6.73950E+00  2.44807E-28  1.32250E+06  1.95298E-03  8.95270E-01
  6.83308E+00  2.39398E-28  1.35211E+06  1.96465E-03  1.15155E+00
  6.92666E+00  2.30793E-28  1.40168E+06  1.98244E-03  1.70409E+00
  7.02024E+00  2.26977E-28  1.42549E+06  1.99026E-03  2.48885E+00
  7.11382E+00  2.24338E-28  1.44146E+06  1.99536E-03  3.17041E+00
  7.20740E+00  2.22396E-28  1.45303E+06  1.99910E-03  3.58260E+00
  7.30098E+00  2.22042E-28  1.45506E+06  1.99979E-03  4.06440E+00
  7.39456E+00  2.21914E-28  1.45601E+06  1.99990E-03  4.84265E+00
  7.48814E+00  2.21809E-28  1.45660E+06  1.99911E-03  6.00281E+00
  7.58172E+00  2.22572E-28  1.45140E+06  1.99517E-03  6.75034E+00
  7.67530E+00  2.26898E-28  1.42223E+06  1.97824E-03  7.08977E+00
  7.76888E+00  2.34617E-28  1.37470E+06  1.95365E-03  7.53626E+00
  7.86246E+00  2.48451E-28  1.29850E+06  1.91479E-03  8.32532E+00
  7.95604E+00  2.76689E-28  1.16498E+06  1.84278E-03  8.20335E+00
  8.04962E+00  3.17482E-28  1.01445E+06  1.76329E-03  9.05536E+00
  8.14320E+00  3.35063E-28  9.60352E+05  1.73795E-03  1.09883E+01
  8.23678E+00  3.05722E-28  1.05417E+06  1.79084E-03  1.34366E+01
  8.33036E+00  2.77159E-28  1.16306E+06  1.84829E-03  1.56213E+01
  8.42394E+00  2.58332E-28  1.24637E+06  1.89382E-03  1.60007E+01
  8.51752E+00  2.76573E-28  1.16195E+06  1.84744E-03  1.45647E+01
  8.61110E+00  3.11261E-28  1.02895E+06  1.77438E-03  1.05215E+01
  8.70468E+00  2.79614E-28  1.13838E+06  1.83390E-03  5.23662E+00
  8.79826E+00  2.80089E-28  1.13099E+06  1.83534E-03  1.37507E+00
  8.89184E+00  2.96992E-28  1.06277E+06  1.80539E-03 -2.14117E+00
  8.98542E+00  3.06939E-28  1.02583E+06  1.78595E-03 -4.74989E+00
  9.07900E+00  2.99795E-28  1.04801E+06  1.78912E-03 -6.48566E+00
  9.17258E+00  2.92967E-28  1.07193E+06  1.79512E-03 -5.53082E+00
  9.26616E+00  2.89455E-28  1.08366E+06  1.79207E-03 -3.06424E+00
  9.35974E+00  2.97892E-28  1.04942E+06  1.76675E-03 -1.23043E+00
  9.45332E+00  3.18345E-28  9.75982E+05  1.72316E-03 -1.39623E+00
  9.54690E+00  3.50305E-28  8.81319E+05  1.67138E-03 -4.84748E-01
  9.64048E+00  3.57811E-28  8.61894E+05  1.66076E-03 -8.38337E-02
  9.73406E+00  4.41829E-28  7.00638E+05  1.59824E-03  4.82417E-01
  9.82764E+00  4.84781E-28  6.40176E+05  1.57547E-03  9.32951E-02
  9.92122E+00  5.04919E-28  6.16972E+05  1.56632E-03 -1.00114E+00
  1.00148E+01  5.19212E-28  6.01346E+05  1.55852E-03 -1.11999E+00
  1.01084E+01  4.40288E-28  7.10552E+05  1.59682E-03 -1.28173E+00
  1.02020E+01  3.98653E-28  7.86486E+05  1.62056E-03 -1.52526E+00
  1.02955E+01  3.90161E-28  8.05832E+05  1.63170E-03 -9.81412E-01
  1.03891E+01  3.72318E-28  8.47721E+05  1.65679E-03  2.00653E-02
  1.04827E+01  3.72828E-28  8.45318E+05  1.64884E-03 -7.00097E-01
  1.05763E+01  3.97782E-28  7.91020E+05  1.62037E-03 -2.40534E+00
  1.06699E+01  5.03156E-28  6.25259E+05  1.56910E-03 -4.63978E+00
  1.07634E+01  6.01827E-28  5.21921E+05  1.53976E-03 -5.41883E+00
  1.08570E+01  6.61487E-28  4.73732E+05  1.52389E-03 -4.04357E+00
  1.09506E+01  7.97765E-28  3.90261E+05  1.50033E-03 -3.32298E+00
  1.10442E+01  9.09177E-28  3.41449E+05  1.49167E-03 -4.60288E+00
  1.11378E+01  1.09248E-27  2.83522E+05  1.47329E-03 -2.26633E+00
  1.12313E+01  1.08605E-27  2.85429E+05  1.47458E-03 -2.54691E+00
  1.13249E+01  1.09392E-27  2.84142E+05  1.47446E-03 -2.48839E+00
  1.14185E+01  9.53043E-28  3.27505E+05  1.49418E-03 -4.34557E+00
  1.15121E+01  8.71221E-28  3.58640E+05  1.50375E-03 -5.70898E+00
  1.16057E+01  7.82653E-28  4.00538E+05  1.52704E-03 -6.90922E+00
  1.16992E+01  6.83949E-28  4.61096E+05  1.56351E-03 -6.02043E+00
  1.17928E+01  6.51254E-28  4.84951E+05  1.58868E-03 -6.63413E+00
  1.18864E+01  4.17211E-28  7.53735E+05  1.71377E-03 -6.94472E+00
  1.19800E+01  3.93811E-28  7.98058E+05  1.73315E-03 -7.05662E+00
  1.20736E+01  2.60836E-28  1.19835E+06  1.88057E-03 -9.41450E+00
  1.21671E+01  2.43236E-28  1.28463E+06  1.91630E-03 -1.04003E+01
  1.22607E+01  2.37419E-28  1.31517E+06  1.93485E-03 -1.19345E+01
  1.23543E+01  2.34963E-28  1.32895E+06  1.94309E-03 -1.23332E+01
  1.24479E+01  2.25413E-28  1.38494E+06  1.97455E-03 -1.26184E+01
  1.25415E+01  2.23029E-28  1.40009E+06  1.98215E-03 -1.27944E+01
  1.26350E+01  2.20016E-28  1.41933E+06  1.99163E-03 -1.24702E+01
  1.27286E+01  2.18919E-28  1.42636E+06  1.99508E-03 -1.22112E+01
  1.28222E+01  2.18308E-28  1.42969E+06  1.99686E-03 -1.18267E+01
  1.29158E+01  2.17922E-28  1.43204E+06  1.99806E-03 -1.15745E+01
  1.30094E+01  2.17689E-28  1.43440E+06  1.99899E-03 -1.13082E+01
  1.31029E+01  2.17606E-28  1.43542E+06  1.99938E-03 -1.12222E+01
  1.31965E+01  2.17628E-28  1.43578E+06  1.99957E-03 -1.10973E+01
  1.32901E+01  2.17684E-28  1.43623E+06  1.99974E-03 -1.10927E+01
  1.33837E+01  2.17744E-28  1.43640E+06  1.99982E-03 -1.11350E+01
  1.34773E+01  2.17834E-28  1.43653E+06  1.99988E-03 -1.11276E+01
  1.35708E+01  2.17926E-28  1.43671E+06  1.99991E-03 -1.11237E+01
  1.36644E+01  2.18059E-28  1.43689E+06  1.99995E-03 -1.10718E+01
  1.37580E+01  2.18082E-28  1.43692E+06  1.99995E-03 -1.10594E+01
  1.38516E+01  2.18138E-28  1.43707E+06  1.99993E-03 -1.11126E+01
  1.39452E+01  2.18147E-28  1.43716E+06  1.99992E-03 -1.11615E+01
  1.40387E+01  2.18169E-28  1.43732E+06  1.99995E-03 -1.11300E+01
  1.41323E+01  2.18159E-28  1.43743E+06  1.99994E-03 -1.12359E+01
  1.42259E+01  2.18167E-28  1.43753E+06  1.99996E-03 -1.12990E+01
  1.43195E+01  2.18161E-28  1.43746E+06  1.99996E-03 -1.12865E+01
  1.44131E+01  2.18124E-28  1.43704E+06  1.99998E-03 -1.12155E+01
  1.45066E+01  2.18124E-28  1.43703E+06  1.99998E-03 -1.12146E+01
  1.46002E+01  2.18124E-28  1.43703E+06  1.99998E-03 -1.12146E+01
  1.46938E+01  2.18130E-28  1.43704E+06  1.99998E-03 -1.12088E+01
  1.47874E+01  2.18268E-28  1.43725E+06  2.00000E-03 -1.10841E+01
  1.48809E+01  2.18380E-28  1.43772E+06  2.00000E-03 -1.11301E+01
  1.49745E+01  2.18402E-28  1.43782E+06  2.00000E-03 -1.11422E+01
  1.50681E+01  2.18427E-28  1.43793E+06  2.00000E-03 -1.11557E+01
  1.51617E+01  2.18545E-28  1.43854E+06  2.00000E-03 -1.09716E+01
  1.52553E+01  2.18526E-28  1.43847E+06  2.00000E-03 -1.09074E+01
  1.53488E+01  2.18546E-28  1.43847E+06  2.00000E-03 -1.09837E+01
  1.54424E+01  2.18469E-28  1.43801E+06  2.00000E-03 -1.10151E+01
  1.55360E+01  2.18492E-28  1.43824E+06  2.00000E-03 -1.08432E+01
  1.56296E+01  2.18497E-28  1.43835E+06  2.00000E-03 -1.08283E+01
  1.57232E+01  2.18394E-28  1.43790E+06  2.00000E-03 -1.08838E+01
  1.58167E+01  2.18393E-28  1.43789E+06  2.00000E-03 -1.09071E+01
  1.59103E+01  2.18470E-28  1.43824E+06  2.00000E-03 -1.08339E+01
  1.60039E+01  2.18511E-28  1.43843E+06  2.00000E-03 -1.07435E+01
  1.60975E+01  2.18511E-28  1.43843E+06  2.00000E-03 -1.07435E+01
  1.61911E+01  2.18511E-28  1.43843E+06  2.00000E-03 -1.07435E+01
  1.62846E+01  2.18471E-28  1.43823E+06  2.00000E-03 -1.06775E+01
  1.63782E+01  2.18416E-28  1.43796E+06  2.00000E-03 -1.05888E+01
  1.64718E+01  2.18417E-28  1.43796E+06  2.00000E-03 -1.05888E+01
  1.65654E+01  2.18416E-28  1.43796E+06  2.00000E-03 -1.05888E+01
  1.66590E+01  2.18341E-28  1.43763E+06  2.00000E-03 -1.05673E+01
  1.67525E+01  2.18180E-28  1.43693E+06  2.00000E-03 -1.05218E+01
  1.68461E+01  2.18180E-28  1.43693E+06  2.00000E-03 -1.05218E+01
  1.69397E+01  2.18153E-28  1.43680E+06  2.00000E-03 -1.04803E+01
  1.70333E+01  2.18097E-28  1.43655E+06  2.00000E-03 -1.04617E+01
  1.71269E+01  2.17890E-28  1.43564E+06  2.00000E-03 -1.04472E+01
  1.72204E+01  2.17882E-28  1.43560E+06  2.00000E-03 -1.04255E+01
  1.73140E+01  2.17874E-28  1.43557E+06  2.00000E-03 -1.04046E+01
  1.74076E+01  2.17860E-28  1.43551E+06  2.00000E-03 -1.04007E+01
  1.75012E+01  2.17709E-28  1.43483E+06  2.00000E-03 -1.03558E+01
  1.75948E+01  2.17699E-28  1.43478E+06  2.00000E-03 -1.03528E+01
  1.76883E+01  2.17699E-28  1.43478E+06  2.00000E-03 -1.03528E+01
  1.77819E+01  2.17699E-28  1.43478E+06  2.00000E-03 -1.03473E+01
  1.78755E+01  2.17688E-28  1.43472E+06  2.00000E-03 -1.01805E+01
  1.79691E+01  2.17687E-28  1.43471E+06  2.00000E-03 -1.01658E+01
  1.80627E+01  2.17687E-28  1.43471E+06  2.00000E-03 -1.01658E+01
  1.81562E+01  2.17687E-28  1.43471E+06  2.00000E-03 -1.01658E+01
  1.82498E+01  2.17813E-28  1.43526E+06  2.00000E-03 -9.91210E+00
  1.83434E+01  2.17856E-28  1.43544E+06  2.00000E-03 -9.82664E+00
  1.84370E+01  2.17856E-28  1.43544E+06  2.00000E-03 -9.82664E+00
  1.85306E+01  2.17849E-28  1.43541E+06  2.00000E-03 -9.82327E+00
  1.86241E+01  2.18034E-28  1.43622E+06  2.00000E-03 -9.52339E+00
  1.87177E+01  2.18116E-28  1.43657E+06  2.00000E-03 -9.39543E+00
  1.88113E+01  2.18115E-28  1.43657E+06  2.00000E-03 -9.39442E+00
  1.89049E+01  2.18111E-28  1.43655E+06  2.00000E-03 -9.39223E+00
  1.89985E+01  2.18266E-28  1.43723E+06  2.00000E-03 -9.14788E+00
  1.90920E+01  2.18378E-28  1.43772E+06  2.00000E-03 -8.97214E+00
  1.91856E+01  2.18378E-28  1.43772E+06  2.00000E-03 -8.97214E+00
  1.92792E+01  2.18402E-28  1.43783E+06  2.00000E-03 -8.98690E+00
  1.93728E+01  2.18406E-28  1.43784E+06  2.00000E-03 -8.95277E+00
  1.94664E+01  2.18365E-28  1.43766E+06  2.00000E-03 -8.84318E+00
  1.95599E+01  2.18365E-28  1.43766E+06  2.00000E-03 -8.85723E+00
  1.96535E+01  2.18364E-28  1.43766E+06  2.00000E-03 -8.87255E+00
  1.97471E+01  2.18364E-28  1.43766E+06  2.00000E-03 -8.86002E+00
  1.98407E+01  2.18363E-28  1.43765E+06  2.00000E-03 -8.89963E+00
  1.99343E+01  2.18362E-28  1.43765E+06  2.00000E-03 -8.91465E+00
  2.00278E+01  2.18361E-28  1.43765E+06  2.00000E-03 -8.92998E+00
  2.01214E+01  2.18278E-28  1.43728E+06  2.00000E-03 -8.95284E+00
  2.02150E+01  2.17747E-28  1.43491E+06  2.00000E-03 -9.04575E+00
  2.03086E+01  2.17714E-28  1.43477E+06  2.00000E-03 -9.05745E+00
  2.04022E+01  2.17676E-28  1.43460E+06  2.00000E-03 -9.14646E+00
  2.04957E+01  2.17682E-28  1.43463E+06  2.00000E-03 -9.16704E+00
  2.05893E+01  2.17682E-28  1.43463E+06  2.00000E-03 -9.16704E+00
  2.06829E+01  2.17682E-28  1.43463E+06  2.00000E-03 -9.16704E+00
  2.07765E+01  2.17682E-28  1.43463E+06  2.00000E-03 -9.16705E+00
  2.08701E+01  2.17682E-28  1.43463E+06  2.00000E-03 -9.16704E+00
  2.09636E+01  2.16898E-28  1.43117E+06  2.00000E-03 -9.39240E+00
  2.10572E+01  2.16844E-28  1.43093E+06  2.00000E-03 -9.40806E+00
  2.11508E+01  2.16844E-28  1.43093E+06  2.00000E-03 -9.40806E+00
  2.12444E+01  2.16844E-28  1.43093E+06  2.00000E-03 -9.40806E+00
  2.13380E+01  2.16844E-28  1.43093E+06  2.00000E-03 -9.40806E+00
  2.14315E+01  2.16844E-28  1.43093E+06  2.00000E-03 -9.40806E+00
  2.15251E+01  2.16844E-28  1.43093E+06  2.00000E-03 -9.40806E+00
  2.16187E+01  2.16844E-28  1.43093E+06  2.00000E-03 -9.40806E+00
  2.17123E+01  2.16546E-28  1.42961E+06  2.00000E-03 -9.44193E+00
  2.18059E+01  2.16290E-28  1.42847E+06  2.00000E-03 -9.47111E+00
  2.18994E+01  2.16290E-28  1.42847E+06  2.00000E-03 -9.47111E+00
  2.19930E+01  2.16290E-28  1.42847E+06  2.00000E-03 -9.47111E+00
  2.20866E+01  2.16290E-28  1.42847E+06  2.00000E-03 -9.47111E+00
  2.21802E+01  2.16290E-28  1.42847E+06  2.00000E-03 -9.47111E+00
  2.22738E+01  2.16290E-28  1.42847E+06  2.00000E-03 -9.47111E+00
  2.23673E+01  2.16290E-28  1.42847E+06  2.00000E-03 -9.47111E+00
  2.24609E+01  2.16237E-28  1.42823E+06  2.00000E-03 -9.38009E+00
  2.25545E+01  2.16140E-28  1.42780E+06  2.00000E-03 -9.21427E+00
  2.26481E+01  2.16140E-28  1.42780E+06  2.00000E-03 -9.21427E+00
  2.27417E+01  2.16140E-28  1.42780E+06  2.00000E-03 -9.21427E+00
  2.28352E+01  2.16140E-28  1.42780E+06  2.00000E-03 -9.21427E+00
  2.29288E+01  2.16140E-28  1.42780E+06  2.00000E-03 -9.21427E+00
  2.30224E+01  2.16140E-28  1.42780E+06  2.00000E-03 -9.21427E+00
  2.31160E+01  2.16140E-28  1.42780E+06  2.00000E-03 -9.21427E+00
  2.32096E+01  2.16152E-28  1.42785E+06  2.00000E-03 -9.17972E+00
  2.33031E+01  2.16261E-28  1.42832E+06  2.00000E-03 -8.85351E+00
  2.33967E+01  2.16262E-28  1.42833E+06  2.00000E-03 -8.85248E+00
  2.34903E+01  2.16263E-28  1.42833E+06  2.00000E-03 -8.85174E+00
  2.35839E+01  2.16266E-28  1.42834E+06  2.00000E-03 -8.84747E+00
  2.36775E+01  2.16271E-28  1.42837E+06  2.00000E-03 -8.84071E+00
  2.37710E+01  2.16271E-28  1.42837E+06  2.00000E-03 -8.84071E+00
  2.38646E+01  2.16271E-28  1.42837E+06  2.00000E-03 -8.84071E+00
  2.39582E+01  2.16271E-28  1.42837E+06  2.00000E-03 -8.84071E+00
  2.40518E+01  2.16472E-28  1.42924E+06  2.00000E-03 -8.50798E+00
  2.41454E+01  2.16514E-28  1.42943E+06  2.00000E-03 -8.43849E+00
  2.42389E+01  2.16514E-28  1.42943E+06  2.00000E-03 -8.43849E+00
  2.43325E+01  2.16514E-28  1.42943E+06  2.00000E-03 -8.43849E+00
  2.44261E+01  2.16514E-28  1.42943E+06  2.00000E-03 -8.43849E+00
  2.45197E+01  2.16514E-28  1.42943E+06  2.00000E-03 -8.43849E+00
  2.46133E+01  2.16514E-28  1.42943E+06  2.00000E-03 -8.43849E+00
  2.47068E+01  2.16514E-28  1.42943E+06  2.00000E-03 -8.43849E+00
