 -2.46097E+01  2.17782E-28  1.43485E+06  2.00000E-03  1.18402E+00
 -2.45162E+01  2.17690E-28  1.43445E+06  2.00000E-03  1.23603E+00
 -2.44226E+01  2.17587E-28  1.43399E+06  2.00000E-03  1.29444E+00
 -2.43290E+01  2.17587E-28  1.43399E+06  2.00000E-03  1.29444E+00
 -2.42354E+01  2.17587E-28  1.43399E+06  2.00000E-03  1.29444E+00
 -2.41418E+01  2.17603E-28  1.43407E+06  2.00000E-03  1.28744E+00
 -2.40483E+01  2.17709E-28  1.43453E+06  2.00000E-03  1.24269E+00
 -2.39547E+01  2.17842E-28  1.43512E+06  2.00000E-03  1.18305E+00
 -2.38611E+01  2.18266E-28  1.43698E+06  2.00000E-03  9.86127E-01
 -2.37675E+01  2.18382E-28  1.43749E+06  2.00000E-03  9.28637E-01
 -2.36740E+01  2.18382E-28  1.43749E+06  2.00000E-03  9.28637E-01
 -2.35804E+01  2.18382E-28  1.43749E+06  2.00000E-03  9.28637E-01
 -2.34868E+01  2.18382E-28  1.43749E+06  2.00000E-03  9.28637E-01
 -2.33932E+01  2.18382E-28  1.43749E+06  2.00000E-03  9.28637E-01
 -2.32996E+01  2.18382E-28  1.43749E+06  2.00000E-03  9.28637E-01
 -2.32061E+01  2.18400E-28  1.43757E+06  2.00000E-03  9.20095E-01
 -2.31125E+01  2.18789E-28  1.43928E+06  2.00000E-03  7.40564E-01
 -2.30189E+01  2.18809E-28  1.43937E+06  2.00000E-03  7.31192E-01
 -2.29253E+01  2.18809E-28  1.43937E+06  2.00000E-03  7.31192E-01
 -2.28317E+01  2.18809E-28  1.43937E+06  2.00000E-03  7.31192E-01
 -2.27382E+01  2.18809E-28  1.43937E+06  2.00000E-03  7.31192E-01
 -2.26446E+01  2.18809E-28  1.43937E+06  2.00000E-03  7.31192E-01
 -2.25510E+01  2.18809E-28  1.43937E+06  2.00000E-03  7.31192E-01
 -2.24574E+01  2.18809E-28  1.43937E+06  2.00000E-03  7.31192E-01
 -2.23638E+01  2.18983E-28  1.44014E+06  2.00000E-03  6.37733E-01
 -2.22703E+01  2.19046E-28  1.44041E+06  2.00000E-03  6.04215E-01
 -2.21767E+01  2.19046E-28  1.44041E+06  2.00000E-03  6.04215E-01
 -2.20831E+01  2.19046E-28  1.44041E+06  2.00000E-03  6.04215E-01
 -2.19895E+01  2.19046E-28  1.44041E+06  2.00000E-03  6.04215E-01
 -2.18959E+01  2.19046E-28  1.44041E+06  2.00000E-03  6.04215E-01
 -2.18024E+01  2.19046E-28  1.44041E+06  2.00000E-03  6.04215E-01
 -2.17088E+01  2.19046E-28  1.44041E+06  2.00000E-03  6.04215E-01
 -2.16152E+01  2.19024E-28  1.44032E+06  2.00000E-03  6.17658E-01
 -2.15216E+01  2.18995E-28  1.44020E+06  2.00000E-03  6.34786E-01
 -2.14280E+01  2.18995E-28  1.44020E+06  2.00000E-03  6.34786E-01
 -2.13345E+01  2.18995E-28  1.44020E+06  2.00000E-03  6.34786E-01
 -2.12409E+01  2.18995E-28  1.44020E+06  2.00000E-03  6.34786E-01
 -2.11473E+01  2.18995E-28  1.44020E+06  2.00000E-03  6.34786E-01
 -2.10537E+01  2.18994E-28  1.44019E+06  2.00000E-03  6.35514E-01
 -2.09601E+01  2.18900E-28  1.43978E+06  2.00000E-03  6.86883E-01
 -2.08666E+01  2.18800E-28  1.43934E+06  2.00000E-03  7.42183E-01
 -2.07730E+01  2.18220E-28  1.43682E+06  2.00000E-03  1.07834E+00
 -2.06794E+01  2.18087E-28  1.43623E+06  2.00000E-03  1.16065E+00
 -2.05858E+01  2.17947E-28  1.43562E+06  2.00000E-03  1.24757E+00
 -2.04922E+01  2.17947E-28  1.43562E+06  2.00000E-03  1.24757E+00
 -2.03987E+01  2.17947E-28  1.43562E+06  2.00000E-03  1.24757E+00
 -2.03051E+01  2.17947E-28  1.43562E+06  2.00000E-03  1.24757E+00
 -2.02115E+01  2.17947E-28  1.43562E+06  2.00000E-03  1.24757E+00
 -2.01179E+01  2.17943E-28  1.43560E+06  2.00000E-03  1.24968E+00
 -2.00243E+01  2.17127E-28  1.43205E+06  2.00000E-03  1.68944E+00
 -1.99308E+01  2.17001E-28  1.43150E+06  2.00000E-03  1.75722E+00
 -1.98372E+01  2.17001E-28  1.43150E+06  2.00000E-03  1.75722E+00
 -1.97436E+01  2.17001E-28  1.43150E+06  2.00000E-03  1.75722E+00
 -1.96500E+01  2.17001E-28  1.43150E+06  2.00000E-03  1.75722E+00
 -1.95564E+01  2.17001E-28  1.43150E+06  2.00000E-03  1.75722E+00
 -1.94629E+01  2.17002E-28  1.43150E+06  2.00000E-03  1.75722E+00
 -1.93693E+01  2.17001E-28  1.43150E+06  2.00000E-03  1.75722E+00
 -1.92757E+01  2.16954E-28  1.43126E+06  2.00000E-03  1.77106E+00
 -1.91821E+01  2.16912E-28  1.43105E+06  2.00000E-03  1.78693E+00
 -1.90885E+01  2.16909E-28  1.43104E+06  2.00000E-03  1.78830E+00
 -1.89950E+01  2.16894E-28  1.43097E+06  2.00000E-03  1.79648E+00
 -1.89014E+01  2.16799E-28  1.43055E+06  2.00000E-03  1.84252E+00
 -1.88078E+01  2.16667E-28  1.42997E+06  2.00000E-03  1.90685E+00
 -1.87142E+01  2.16667E-28  1.42997E+06  2.00000E-03  1.90685E+00
 -1.86206E+01  2.16667E-28  1.42997E+06  2.00000E-03  1.90685E+00
 -1.85271E+01  2.16601E-28  1.42968E+06  2.00000E-03  1.95052E+00
 -1.84335E+01  2.16505E-28  1.42926E+06  2.00000E-03  2.01375E+00
 -1.83399E+01  2.16505E-28  1.42926E+06  2.00000E-03  2.01375E+00
 -1.82463E+01  2.16505E-28  1.42926E+06  2.00000E-03  2.01375E+00
 -1.81527E+01  2.16484E-28  1.42917E+06  2.00000E-03  2.03207E+00
 -1.80592E+01  2.16430E-28  1.42893E+06  2.00000E-03  2.07967E+00
 -1.79656E+01  2.16430E-28  1.42893E+06  2.00000E-03  2.07967E+00
 -1.78720E+01  2.16430E-28  1.42893E+06  2.00000E-03  2.07967E+00
 -1.77784E+01  2.16452E-28  1.42903E+06  2.00000E-03  2.07678E+00
 -1.76848E+01  2.16468E-28  1.42910E+06  2.00000E-03  2.08389E+00
 -1.75913E+01  2.16476E-28  1.42913E+06  2.00000E-03  2.08220E+00
 -1.74977E+01  2.16480E-28  1.42915E+06  2.00000E-03  2.08113E+00
 -1.74041E+01  2.16496E-28  1.42922E+06  2.00000E-03  2.07447E+00
 -1.73105E+01  2.16602E-28  1.42969E+06  2.00000E-03  1.97591E+00
 -1.72169E+01  2.16608E-28  1.42972E+06  2.00000E-03  1.96997E+00
 -1.71234E+01  2.16608E-28  1.42972E+06  2.00000E-03  1.96997E+00
 -1.70298E+01  2.16608E-28  1.42972E+06  2.00000E-03  1.96997E+00
 -1.69362E+01  2.16809E-28  1.43061E+06  2.00000E-03  1.76828E+00
 -1.68426E+01  2.16844E-28  1.43076E+06  2.00000E-03  1.73309E+00
 -1.67490E+01  2.16844E-28  1.43076E+06  2.00000E-03  1.73309E+00
 -1.66555E+01  2.16844E-28  1.43076E+06  2.00000E-03  1.73309E+00
 -1.65619E+01  2.17172E-28  1.43221E+06  2.00000E-03  1.50781E+00
 -1.64683E+01  2.17277E-28  1.43268E+06  2.00000E-03  1.41404E+00
 -1.63747E+01  2.17310E-28  1.43282E+06  2.00000E-03  1.40947E+00
 -1.62811E+01  2.17332E-28  1.43292E+06  2.00000E-03  1.39756E+00
 -1.61876E+01  2.17396E-28  1.43321E+06  2.00000E-03  1.26318E+00
 -1.60940E+01  2.17493E-28  1.43364E+06  2.00000E-03  1.17456E+00
 -1.60004E+01  2.17493E-28  1.43364E+06  2.00000E-03  1.17456E+00
 -1.59068E+01  2.17466E-28  1.43353E+06  2.00000E-03  1.17759E+00
 -1.58132E+01  2.17373E-28  1.43313E+06  2.00000E-03  1.22761E+00
 -1.57197E+01  2.17140E-28  1.43212E+06  2.00000E-03  1.32397E+00
 -1.56261E+01  2.17135E-28  1.43210E+06  2.00000E-03  1.32492E+00
 -1.55325E+01  2.17283E-28  1.43275E+06  2.00000E-03  1.29538E+00
 -1.54389E+01  2.17275E-28  1.43273E+06  2.00000E-03  1.35811E+00
 -1.53453E+01  2.16773E-28  1.43054E+06  2.00000E-03  1.66554E+00
 -1.52518E+01  2.16773E-28  1.43054E+06  2.00000E-03  1.66554E+00
 -1.51582E+01  2.16773E-28  1.43054E+06  2.00000E-03  1.66554E+00
 -1.50646E+01  2.16620E-28  1.42989E+06  2.00000E-03  1.76554E+00
 -1.49710E+01  2.16104E-28  1.42765E+06  2.00000E-03  2.10503E+00
 -1.48774E+01  2.16104E-28  1.42765E+06  2.00000E-03  2.10503E+00
 -1.47839E+01  2.16104E-28  1.42765E+06  2.00000E-03  2.10503E+00
 -1.46903E+01  2.16048E-28  1.42742E+06  2.00000E-03  2.13463E+00
 -1.45967E+01  2.15568E-28  1.42543E+06  2.00000E-03  2.39167E+00
 -1.45031E+01  2.15560E-28  1.42539E+06  2.00000E-03  2.39698E+00
 -1.44095E+01  2.15542E-28  1.42532E+06  2.00000E-03  2.40759E+00
 -1.43160E+01  2.15519E-28  1.42522E+06  2.00000E-03  2.42218E+00
 -1.42224E+01  2.15291E-28  1.42405E+06  2.00000E-03  2.54436E+00
 -1.41288E+01  2.15316E-28  1.42415E+06  2.00000E-03  2.53398E+00
 -1.40352E+01  2.15140E-28  1.42331E+06  2.00000E-03  2.65701E+00
 -1.39416E+01  2.15046E-28  1.42288E+06  2.00000E-03  2.70754E+00
 -1.38481E+01  2.14798E-28  1.42178E+06  2.00000E-03  2.89637E+00
 -1.37545E+01  2.14748E-28  1.42156E+06  2.00000E-03  2.93431E+00
 -1.36609E+01  2.14516E-28  1.42054E+06  2.00000E-03  3.09455E+00
 -1.35673E+01  2.14460E-28  1.42029E+06  2.00000E-03  3.14949E+00
 -1.34737E+01  2.14290E-28  1.41954E+06  2.00000E-03  3.26760E+00
 -1.33802E+01  2.14232E-28  1.41928E+06  2.00000E-03  3.31214E+00
 -1.32866E+01  2.14215E-28  1.41921E+06  2.00000E-03  3.34501E+00
 -1.31930E+01  2.14190E-28  1.41909E+06  2.00000E-03  3.37296E+00
 -1.30994E+01  2.14256E-28  1.41939E+06  2.00000E-03  3.33246E+00
 -1.30058E+01  2.14337E-28  1.41974E+06  2.00000E-03  3.28440E+00
 -1.29123E+01  2.14526E-28  1.42058E+06  2.00000E-03  3.16305E+00
 -1.28187E+01  2.14772E-28  1.42167E+06  2.00000E-03  3.00304E+00
 -1.27251E+01  2.15039E-28  1.42285E+06  2.00000E-03  2.83731E+00
 -1.26315E+01  2.15423E-28  1.42455E+06  2.00000E-03  2.59892E+00
 -1.25379E+01  2.15576E-28  1.42522E+06  2.00000E-03  2.50626E+00
 -1.24444E+01  2.15873E-28  1.42654E+06  2.00000E-03  2.32677E+00
 -1.23508E+01  2.15929E-28  1.42679E+06  2.00000E-03  2.29442E+00
 -1.22572E+01  2.16134E-28  1.42770E+06  2.00000E-03  2.18439E+00
 -1.21636E+01  2.16147E-28  1.42775E+06  2.00000E-03  2.18033E+00
 -1.20700E+01  2.16197E-28  1.42798E+06  2.00000E-03  2.16872E+00
 -1.19765E+01  2.16214E-28  1.42805E+06  2.00000E-03  2.21814E+00
 -1.18829E+01  2.16235E-28  1.42814E+06  2.00000E-03  2.22466E+00
 -1.17893E+01  2.16249E-28  1.42820E+06  2.00000E-03  2.23518E+00
 -1.16957E+01  2.16325E-28  1.42853E+06  2.00000E-03  2.20112E+00
 -1.16021E+01  2.16331E-28  1.42856E+06  2.00000E-03  2.19883E+00
 -1.15086E+01  2.16556E-28  1.42954E+06  2.00000E-03  2.06117E+00
 -1.14150E+01  2.16642E-28  1.42992E+06  2.00000E-03  2.00979E+00
 -1.13214E+01  2.16971E-28  1.43137E+06  2.00000E-03  1.80226E+00
 -1.12278E+01  2.17033E-28  1.43163E+06  2.00000E-03  1.78525E+00
 -1.11342E+01  2.17403E-28  1.43326E+06  2.00000E-03  1.53072E+00
 -1.10407E+01  2.17495E-28  1.43367E+06  2.00000E-03  1.53022E+00
 -1.09471E+01  2.17685E-28  1.43451E+06  2.00000E-03  1.39962E+00
 -1.08535E+01  2.17741E-28  1.43476E+06  2.00000E-03  1.35914E+00
 -1.07599E+01  2.17680E-28  1.43450E+06  2.00000E-03  1.37860E+00
 -1.06664E+01  2.17632E-28  1.43430E+06  2.00000E-03  1.39721E+00
 -1.05728E+01  2.17364E-28  1.43313E+06  2.00000E-03  1.54907E+00
 -1.04792E+01  2.17196E-28  1.43240E+06  2.00000E-03  1.64567E+00
 -1.03856E+01  2.16845E-28  1.43087E+06  2.00000E-03  1.84927E+00
 -1.02920E+01  2.16513E-28  1.42942E+06  2.00000E-03  2.04655E+00
 -1.01985E+01  2.16289E-28  1.42846E+06  2.00000E-03  2.18701E+00
 -1.01049E+01  2.16139E-28  1.42781E+06  2.00000E-03  2.28113E+00
 -1.00113E+01  2.16025E-28  1.42734E+06  2.00000E-03  2.35787E+00
 -9.91771E+00  2.15945E-28  1.42700E+06  2.00000E-03  2.42358E+00
 -9.82413E+00  2.15935E-28  1.42698E+06  2.00000E-03  2.44544E+00
 -9.73055E+00  2.15939E-28  1.42702E+06  2.00000E-03  2.46836E+00
 -9.63697E+00  2.15981E-28  1.42728E+06  2.00000E-03  2.46139E+00
 -9.54339E+00  2.16057E-28  1.42774E+06  2.00000E-03  2.42232E+00
 -9.44981E+00  2.16110E-28  1.42795E+06  2.00000E-03  2.39707E+00
 -9.35623E+00  2.16206E-28  1.42830E+06  2.00000E-03  2.32594E+00
 -9.26265E+00  2.16300E-28  1.42860E+06  2.00000E-03  2.26727E+00
 -9.16907E+00  2.16406E-28  1.42896E+06  2.00000E-03  2.21176E+00
 -9.07549E+00  2.16545E-28  1.42951E+06  2.00000E-03  2.13025E+00
 -8.98191E+00  2.16707E-28  1.43020E+06  2.00000E-03  2.03712E+00
 -8.88833E+00  2.16953E-28  1.43128E+06  2.00000E-03  1.85160E+00
 -8.79475E+00  2.17285E-28  1.43274E+06  2.00000E-03  1.61071E+00
 -8.70117E+00  2.17732E-28  1.43471E+06  2.00000E-03  1.23423E+00
 -8.60759E+00  2.18259E-28  1.43702E+06  2.00000E-03  8.52150E-01
 -8.51401E+00  2.18897E-28  1.43982E+06  2.00000E-03  3.85886E-01
 -8.42043E+00  2.19220E-28  1.44124E+06  2.00000E-03  1.37743E-01
 -8.32685E+00  2.19389E-28  1.44199E+06  2.00000E-03  7.38429E-04
 -8.23327E+00  2.19300E-28  1.44161E+06  2.00000E-03  3.36248E-02
 -8.13969E+00  2.19070E-28  1.44061E+06  2.00000E-03  1.67628E-01
 -8.04611E+00  2.18656E-28  1.43880E+06  2.00000E-03  4.14636E-01
 -7.95253E+00  2.17985E-28  1.43586E+06  2.00000E-03  8.46355E-01
 -7.85895E+00  2.17517E-28  1.43380E+06  2.00000E-03  1.13516E+00
 -7.76537E+00  2.17014E-28  1.43159E+06  2.00000E-03  1.44444E+00
 -7.67179E+00  2.16712E-28  1.43026E+06  2.00000E-03  1.61148E+00
 -7.57821E+00  2.16271E-28  1.42831E+06  2.00000E-03  1.85458E+00
 -7.48463E+00  2.16094E-28  1.42752E+06  2.00000E-03  1.95250E+00
 -7.39106E+00  2.15966E-28  1.42695E+06  2.00000E-03  2.01006E+00
 -7.29748E+00  2.15858E-28  1.42647E+06  2.00000E-03  2.05751E+00
 -7.20390E+00  2.15741E-28  1.42595E+06  2.00000E-03  2.11721E+00
 -7.11032E+00  2.15596E-28  1.42531E+06  2.00000E-03  2.21224E+00
 -7.01674E+00  2.15481E-28  1.42480E+06  2.00000E-03  2.30208E+00
 -6.92316E+00  2.15340E-28  1.42418E+06  2.00000E-03  2.41051E+00
 -6.82958E+00  2.15179E-28  1.42347E+06  2.00000E-03  2.56160E+00
 -6.73600E+00  2.15054E-28  1.42291E+06  2.00000E-03  2.71899E+00
 -6.64242E+00  2.14923E-28  1.42234E+06  2.00000E-03  2.85217E+00
 -6.54884E+00  2.14821E-28  1.42189E+06  2.00000E-03  2.99822E+00
 -6.45526E+00  2.14878E-28  1.42214E+06  2.00000E-03  3.06736E+00
 -6.36168E+00  2.14945E-28  1.42244E+06  2.00000E-03  3.13525E+00
 -6.26810E+00  2.14934E-28  1.42240E+06  2.00000E-03  3.19709E+00
 -6.17452E+00  2.15059E-28  1.42295E+06  2.00000E-03  3.18772E+00
 -6.08094E+00  2.15168E-28  1.42344E+06  2.00000E-03  3.15428E+00
 -5.98736E+00  2.15407E-28  1.42450E+06  2.00000E-03  3.03690E+00
 -5.89378E+00  2.15545E-28  1.42512E+06  2.00000E-03  2.94131E+00
 -5.80020E+00  2.15639E-28  1.42554E+06  2.00000E-03  2.86818E+00
 -5.70662E+00  2.15708E-28  1.42585E+06  2.00000E-03  2.80971E+00
 -5.61304E+00  2.15653E-28  1.42562E+06  2.00000E-03  2.81584E+00
 -5.51946E+00  2.15530E-28  1.42509E+06  2.00000E-03  2.87028E+00
 -5.42588E+00  2.15441E-28  1.42471E+06  2.00000E-03  2.93935E+00
 -5.33230E+00  2.15384E-28  1.42448E+06  2.00000E-03  3.01030E+00
 -5.23872E+00  2.15377E-28  1.42447E+06  2.00000E-03  3.04129E+00
 -5.14514E+00  2.15410E-28  1.42463E+06  2.00000E-03  3.06222E+00
 -5.05156E+00  2.15517E-28  1.42512E+06  2.00000E-03  3.03020E+00
 -4.95798E+00  2.15644E-28  1.42569E+06  2.00000E-03  2.98576E+00
 -4.86440E+00  2.15699E-28  1.42595E+06  2.00000E-03  2.98551E+00
 -4.77082E+00  2.15646E-28  1.42574E+06  2.00000E-03  3.06571E+00
 -4.67724E+00  2.15525E-28  1.42522E+06  2.00000E-03  3.16500E+00
 -4.58366E+00  2.15342E-28  1.42442E+06  2.00000E-03  3.29061E+00
 -4.49008E+00  2.15140E-28  1.42354E+06  2.00000E-03  3.41822E+00
 -4.39650E+00  2.14870E-28  1.42235E+06  2.00000E-03  3.57347E+00
 -4.30292E+00  2.14783E-28  1.42197E+06  2.00000E-03  3.59890E+00
 -4.20934E+00  2.14810E-28  1.42207E+06  2.00000E-03  3.50433E+00
 -4.11576E+00  2.14898E-28  1.42244E+06  2.00000E-03  3.37377E+00
 -4.02218E+00  2.15018E-28  1.42296E+06  2.00000E-03  3.20719E+00
 -3.92860E+00  2.15121E-28  1.42341E+06  2.00000E-03  3.03845E+00
 -3.83502E+00  2.15182E-28  1.42368E+06  2.00000E-03  2.88533E+00
 -3.74144E+00  2.15199E-28  1.42376E+06  2.00000E-03  2.75885E+00
 -3.64786E+00  2.15220E-28  1.42386E+06  2.00000E-03  2.62043E+00
 -3.55428E+00  2.15274E-28  1.42411E+06  2.00000E-03  2.43045E+00
 -3.46070E+00  2.15395E-28  1.42466E+06  2.00000E-03  2.21079E+00
 -3.36712E+00  2.15577E-28  1.42549E+06  2.00000E-03  1.93098E+00
 -3.27354E+00  2.15774E-28  1.42638E+06  2.00000E-03  1.62298E+00
 -3.17996E+00  2.15973E-28  1.42728E+06  2.00000E-03  1.27019E+00
 -3.08638E+00  2.16178E-28  1.42819E+06  2.00000E-03  8.48865E-01
 -2.99280E+00  2.16414E-28  1.42922E+06  2.00000E-03  3.46301E-01
 -2.89922E+00  2.16586E-28  1.42997E+06  2.00000E-03 -1.37329E-01
 -2.80564E+00  2.16847E-28  1.43111E+06  2.00000E-03 -9.37290E-01
 -2.71206E+00  2.17101E-28  1.43221E+06  2.00000E-03 -1.86200E+00
 -2.61848E+00  2.17294E-28  1.43303E+06  2.00000E-03 -2.94611E+00
 -2.52490E+00  2.17426E-28  1.43378E+06  2.00000E-03 -4.27021E+00
 -2.43132E+00  2.17451E-28  1.43569E+06  1.99975E-03 -6.76133E+00
 -2.33774E+00  2.18054E-28  1.43139E+06  1.99477E-03 -9.00527E+00
 -2.24416E+00  2.30599E-28  1.35396E+06  1.91477E-03 -1.14600E+01
 -2.15058E+00  2.59933E-28  1.20520E+06  1.76106E-03 -1.12108E+01
 -2.05700E+00  2.79068E-28  1.12035E+06  1.67225E-03 -1.12091E+01
 -1.96342E+00  2.96187E-28  1.05678E+06  1.61053E-03 -4.25361E+00
 -1.86984E+00  3.08280E-28  1.01186E+06  1.56464E-03  8.63408E-01
 -1.77626E+00  3.13156E-28  9.95025E+05  1.54615E-03  3.53756E+00
 -1.68268E+00  3.10603E-28  1.00278E+06  1.55414E-03  8.29706E+00
 -1.58910E+00  3.01772E-28  1.02397E+06  1.57485E-03  1.58310E+01
 -1.49552E+00  2.96315E-28  1.03453E+06  1.58535E-03  2.09635E+01
 -1.40194E+00  2.95756E-28  1.02895E+06  1.57908E-03  2.44448E+01
 -1.30836E+00  2.91107E-28  1.04144E+06  1.58903E-03  2.43241E+01
 -1.21478E+00  2.79239E-28  1.09313E+06  1.63227E-03  2.08121E+01
 -1.12120E+00  2.60740E-28  1.18357E+06  1.71754E-03  1.72352E+01
 -1.02762E+00  2.49605E-28  1.24294E+06  1.78072E-03  1.49146E+01
 -9.34045E-01  2.53245E-28  1.22751E+06  1.77232E-03  1.41923E+01
 -8.40465E-01  2.68490E-28  1.16116E+06  1.70452E-03  8.28580E+00
 -7.46885E-01  2.79234E-28  1.10851E+06  1.65406E-03  7.32517E+00
 -6.53306E-01  2.87854E-28  1.06426E+06  1.60995E-03  7.83814E+00
 -5.59726E-01  3.08553E-28  9.77657E+05  1.51686E-03  8.77610E+00
 -4.66146E-01  3.36278E-28  8.84234E+05  1.42023E-03  9.58456E+00
 -3.72566E-01  3.62038E-28  8.16774E+05  1.36370E-03  1.58174E+00
 -2.78986E-01  3.71278E-28  8.00330E+05  1.34819E-03 -2.14455E+00
 -1.85406E-01  3.71226E-28  8.12771E+05  1.34950E-03 -6.91991E+00
 -9.18264E-02  3.62652E-28  8.52066E+05  1.37385E-03 -1.24782E+01
  1.75348E-03  3.29430E-28  9.65334E+05  1.48412E-03 -2.30115E+01
  9.53333E-02  3.01883E-28  1.06858E+06  1.59335E-03 -2.39662E+01
  1.88913E-01  2.74758E-28  1.18391E+06  1.71593E-03 -2.59031E+01
  2.82493E-01  2.59636E-28  1.25854E+06  1.79303E-03 -2.87536E+01
  3.76073E-01  2.40137E-28  1.37271E+06  1.90083E-03 -3.18928E+01
  4.69653E-01  2.33761E-28  1.42548E+06  1.94272E-03 -2.83714E+01
  5.63233E-01  2.31148E-28  1.45558E+06  1.96459E-03 -2.25270E+01
  6.56812E-01  2.29802E-28  1.47425E+06  1.98055E-03 -1.57100E+01
  7.50392E-01  2.31739E-28  1.47165E+06  1.97938E-03 -9.31209E+00
  8.43972E-01  2.32597E-28  1.46863E+06  1.97648E-03 -5.41599E+00
  9.37552E-01  2.32937E-28  1.46683E+06  1.97542E-03 -2.02960E+00
  1.03113E+00  2.33044E-28  1.46674E+06  1.97616E-03 -3.13638E-01
  1.12471E+00  2.31488E-28  1.47588E+06  1.98527E-03  3.22807E-01
  1.21829E+00  2.30214E-28  1.48498E+06  1.99251E-03  5.16270E-01
  1.31187E+00  2.29815E-28  1.49147E+06  1.99718E-03  7.51994E-01
  1.40545E+00  2.30180E-28  1.49210E+06  1.99963E-03  1.57960E+00
  1.49903E+00  2.30547E-28  1.49176E+06  1.99995E-03  2.55609E+00
  1.59261E+00  2.30579E-28  1.49111E+06  2.00000E-03  3.48490E+00
  1.68619E+00  2.30521E-28  1.49095E+06  2.00000E-03  3.64628E+00
  1.77977E+00  2.30168E-28  1.48941E+06  2.00000E-03  3.48420E+00
  1.87335E+00  2.29956E-28  1.48845E+06  2.00000E-03  3.28899E+00
  1.96693E+00  2.29695E-28  1.48732E+06  2.00000E-03  2.90850E+00
  2.06051E+00  2.28898E-28  1.48393E+06  2.00000E-03  2.25450E+00
  2.15409E+00  2.27707E-28  1.47880E+06  2.00000E-03  1.43299E+00
  2.24767E+00  2.26525E-28  1.47368E+06  2.00000E-03  6.10211E-01
  2.34125E+00  2.25574E-28  1.46957E+06  2.00000E-03 -3.10029E-01
  2.43483E+00  2.24356E-28  1.46427E+06  2.00000E-03 -1.00619E+00
  2.52841E+00  2.23407E-28  1.46014E+06  2.00000E-03 -1.51511E+00
  2.62199E+00  2.23133E-28  1.45895E+06  2.00000E-03 -1.68813E+00
  2.71557E+00  2.23096E-28  1.45870E+06  2.00000E-03 -1.56289E+00
  2.80915E+00  2.23083E-28  1.45862E+06  2.00000E-03 -1.33676E+00
  2.90273E+00  2.23150E-28  1.45892E+06  2.00000E-03 -1.29367E+00
  2.99631E+00  2.23254E-28  1.45938E+06  2.00000E-03 -1.47111E+00
  3.08989E+00  2.23328E-28  1.45971E+06  2.00000E-03 -1.87446E+00
  3.18347E+00  2.23455E-28  1.46031E+06  2.00000E-03 -2.31622E+00
  3.27705E+00  2.23653E-28  1.46122E+06  2.00000E-03 -2.47766E+00
  3.37063E+00  2.23989E-28  1.46275E+06  2.00000E-03 -2.59795E+00
  3.46421E+00  2.24142E-28  1.46352E+06  2.00000E-03 -2.71833E+00
  3.55779E+00  2.24353E-28  1.46453E+06  2.00000E-03 -3.00520E+00
  3.65137E+00  2.24181E-28  1.46382E+06  2.00000E-03 -3.07235E+00
  3.74495E+00  2.23814E-28  1.46224E+06  2.00000E-03 -3.33554E+00
  3.83853E+00  2.23248E-28  1.45974E+06  2.00000E-03 -3.59636E+00
  3.93211E+00  2.22498E-28  1.45642E+06  2.00000E-03 -3.97595E+00
  4.02569E+00  2.21508E-28  1.45204E+06  2.00000E-03 -4.37055E+00
  4.11927E+00  2.20559E-28  1.44784E+06  2.00000E-03 -4.73802E+00
  4.21285E+00  2.19924E-28  1.44507E+06  2.00000E-03 -5.05746E+00
  4.30643E+00  2.19376E-28  1.44269E+06  2.00000E-03 -5.24788E+00
  4.40001E+00  2.19334E-28  1.44253E+06  2.00000E-03 -5.22248E+00
  4.49359E+00  2.19610E-28  1.44375E+06  2.00000E-03 -5.05180E+00
  4.58717E+00  2.19851E-28  1.44482E+06  2.00000E-03 -4.86364E+00
  4.68075E+00  2.20092E-28  1.44588E+06  2.00000E-03 -4.70051E+00
  4.77433E+00  2.20294E-28  1.44675E+06  2.00000E-03 -4.64513E+00
  4.86791E+00  2.20370E-28  1.44703E+06  2.00000E-03 -4.62701E+00
  4.96149E+00  2.20358E-28  1.44691E+06  2.00000E-03 -4.62567E+00
  5.05507E+00  2.20355E-28  1.44686E+06  2.00000E-03 -4.61830E+00
  5.14865E+00  2.20297E-28  1.44656E+06  2.00000E-03 -4.64512E+00
  5.24223E+00  2.20378E-28  1.44687E+06  2.00000E-03 -4.62385E+00
  5.33581E+00  2.20411E-28  1.44697E+06  2.00000E-03 -4.57898E+00
  5.42939E+00  2.20464E-28  1.44716E+06  2.00000E-03 -4.53449E+00
  5.52296E+00  2.20544E-28  1.44746E+06  2.00000E-03 -4.47989E+00
  5.61654E+00  2.20754E-28  1.44834E+06  2.00000E-03 -4.30157E+00
  5.71012E+00  2.20951E-28  1.44916E+06  2.00000E-03 -4.07704E+00
  5.80370E+00  2.21220E-28  1.45032E+06  2.00000E-03 -3.81792E+00
  5.89728E+00  2.21986E-28  1.45365E+06  2.00000E-03 -3.56133E+00
  5.99086E+00  2.22212E-28  1.45463E+06  2.00000E-03 -3.33260E+00
  6.08444E+00  2.22479E-28  1.45578E+06  2.00000E-03 -3.13386E+00
  6.17802E+00  2.22505E-28  1.45589E+06  2.00000E-03 -3.01336E+00
  6.27160E+00  2.22556E-28  1.45611E+06  2.00000E-03 -2.93532E+00
  6.36518E+00  2.22613E-28  1.45635E+06  2.00000E-03 -2.86200E+00
  6.45876E+00  2.22605E-28  1.45630E+06  2.00000E-03 -2.81994E+00
  6.55234E+00  2.22577E-28  1.45617E+06  2.00000E-03 -2.82721E+00
  6.64592E+00  2.22397E-28  1.45538E+06  2.00000E-03 -2.82547E+00
  6.73950E+00  2.22243E-28  1.45470E+06  2.00000E-03 -2.85937E+00
  6.83308E+00  2.22187E-28  1.45444E+06  2.00000E-03 -2.91359E+00
  6.92666E+00  2.22108E-28  1.45409E+06  2.00000E-03 -2.95977E+00
  7.02024E+00  2.22092E-28  1.45401E+06  2.00000E-03 -2.97703E+00
  7.11382E+00  2.21942E-28  1.45335E+06  2.00000E-03 -2.97940E+00
  7.20740E+00  2.21868E-28  1.45301E+06  2.00000E-03 -2.98930E+00
  7.30098E+00  2.21775E-28  1.45260E+06  2.00000E-03 -3.00389E+00
  7.39456E+00  2.21758E-28  1.45252E+06  2.00000E-03 -2.99245E+00
  7.48814E+00  2.21803E-28  1.45271E+06  2.00000E-03 -2.93039E+00
  7.58172E+00  2.21871E-28  1.45302E+06  2.00000E-03 -2.85472E+00
  7.67530E+00  2.22106E-28  1.45404E+06  2.00000E-03 -2.69039E+00
  7.76888E+00  2.22299E-28  1.45489E+06  2.00000E-03 -2.52058E+00
  7.86246E+00  2.22547E-28  1.45598E+06  2.00000E-03 -2.33218E+00
  7.95604E+00  2.22895E-28  1.45748E+06  2.00000E-03 -2.10949E+00
  8.04962E+00  2.23361E-28  1.45950E+06  2.00000E-03 -1.84654E+00
  8.14320E+00  2.23668E-28  1.46083E+06  2.00000E-03 -1.68599E+00
  8.23678E+00  2.23691E-28  1.46091E+06  2.00000E-03 -1.59547E+00
  8.33036E+00  2.23743E-28  1.46111E+06  2.00000E-03 -1.47271E+00
  8.42394E+00  2.23770E-28  1.46121E+06  2.00000E-03 -1.38130E+00
  8.51752E+00  2.23747E-28  1.46110E+06  2.00000E-03 -1.27824E+00
  8.61110E+00  2.23778E-28  1.46122E+06  2.00000E-03 -1.11844E+00
  8.70468E+00  2.23837E-28  1.46147E+06  2.00000E-03 -9.64660E-01
  8.79826E+00  2.23811E-28  1.46135E+06  2.00000E-03 -8.45535E-01
  8.89184E+00  2.23707E-28  1.46091E+06  2.00000E-03 -7.63498E-01
  8.98542E+00  2.23510E-28  1.46009E+06  2.00000E-03 -7.48714E-01
  9.07900E+00  2.23297E-28  1.45926E+06  2.00000E-03 -7.78549E-01
  9.17258E+00  2.22587E-28  1.45628E+06  2.00000E-03 -1.11685E+00
  9.26616E+00  2.21147E-28  1.45012E+06  2.00000E-03 -1.83628E+00
  9.35974E+00  2.19734E-28  1.44399E+06  2.00000E-03 -2.58135E+00
  9.45332E+00  2.18581E-28  1.43897E+06  2.00000E-03 -3.25784E+00
  9.54690E+00  2.17009E-28  1.43206E+06  2.00000E-03 -4.15132E+00
  9.64048E+00  2.16588E-28  1.43019E+06  2.00000E-03 -4.39314E+00
  9.73406E+00  2.16049E-28  1.42773E+06  2.00000E-03 -4.59716E+00
  9.82764E+00  2.15704E-28  1.42615E+06  2.00000E-03 -4.74874E+00
  9.92122E+00  2.15606E-28  1.42570E+06  2.00000E-03 -4.67073E+00
  1.00148E+01  2.15522E-28  1.42532E+06  2.00000E-03 -4.64183E+00
  1.01084E+01  2.15652E-28  1.42587E+06  2.00000E-03 -4.47967E+00
  1.02020E+01  2.15722E-28  1.42615E+06  2.00000E-03 -4.38657E+00
  1.02955E+01  2.15961E-28  1.42719E+06  2.00000E-03 -4.20143E+00
  1.03891E+01  2.16461E-28  1.42937E+06  2.00000E-03 -3.84499E+00
  1.04827E+01  2.17030E-28  1.43186E+06  2.00000E-03 -3.49119E+00
  1.05763E+01  2.17546E-28  1.43412E+06  2.00000E-03 -3.13409E+00
  1.06699E+01  2.17744E-28  1.43498E+06  2.00000E-03 -3.00075E+00
  1.07634E+01  2.18209E-28  1.43700E+06  2.00000E-03 -2.71984E+00
  1.08570E+01  2.18354E-28  1.43763E+06  2.00000E-03 -2.63515E+00
  1.09506E+01  2.18544E-28  1.43846E+06  2.00000E-03 -2.52593E+00
  1.10442E+01  2.18553E-28  1.43849E+06  2.00000E-03 -2.55410E+00
  1.11378E+01  2.18650E-28  1.43891E+06  2.00000E-03 -2.48479E+00
  1.12313E+01  2.18684E-28  1.43905E+06  2.00000E-03 -2.47797E+00
  1.13249E+01  2.18808E-28  1.43959E+06  2.00000E-03 -2.42431E+00
  1.14185E+01  2.18759E-28  1.43938E+06  2.00000E-03 -2.46895E+00
  1.15121E+01  2.18937E-28  1.44015E+06  2.00000E-03 -2.38234E+00
  1.16057E+01  2.18921E-28  1.44008E+06  2.00000E-03 -2.38504E+00
  1.16992E+01  2.19052E-28  1.44065E+06  2.00000E-03 -2.25434E+00
  1.17928E+01  2.19067E-28  1.44071E+06  2.00000E-03 -2.24499E+00
  1.18864E+01  2.19118E-28  1.44093E+06  2.00000E-03 -2.17116E+00
  1.19800E+01  2.19119E-28  1.44093E+06  2.00000E-03 -2.16489E+00
  1.20736E+01  2.19045E-28  1.44059E+06  2.00000E-03 -2.14541E+00
  1.21671E+01  2.19050E-28  1.44062E+06  2.00000E-03 -2.14734E+00
  1.22607E+01  2.18909E-28  1.43998E+06  2.00000E-03 -2.17931E+00
  1.23543E+01  2.18888E-28  1.43988E+06  2.00000E-03 -2.18723E+00
  1.24479E+01  2.18769E-28  1.43935E+06  2.00000E-03 -2.20457E+00
  1.25415E+01  2.18725E-28  1.43915E+06  2.00000E-03 -2.22210E+00
  1.26350E+01  2.18731E-28  1.43917E+06  2.00000E-03 -2.17360E+00
  1.27286E+01  2.18730E-28  1.43916E+06  2.00000E-03 -2.13620E+00
  1.28222E+01  2.18829E-28  1.43959E+06  2.00000E-03 -1.99409E+00
  1.29158E+01  2.18943E-28  1.44008E+06  2.00000E-03 -1.86993E+00
  1.30094E+01  2.19238E-28  1.44136E+06  2.00000E-03 -1.59858E+00
  1.31029E+01  2.19366E-28  1.44191E+06  2.00000E-03 -1.48722E+00
  1.31965E+01  2.19634E-28  1.44308E+06  2.00000E-03 -1.24933E+00
  1.32901E+01  2.19908E-28  1.44428E+06  2.00000E-03 -1.03033E+00
  1.33837E+01  2.20080E-28  1.44502E+06  2.00000E-03 -8.79994E-01
  1.34773E+01  2.20327E-28  1.44609E+06  2.00000E-03 -6.83223E-01
  1.35708E+01  2.20506E-28  1.44687E+06  2.00000E-03 -5.77766E-01
  1.36644E+01  2.20775E-28  1.44804E+06  2.00000E-03 -4.03162E-01
  1.37580E+01  2.20763E-28  1.44799E+06  2.00000E-03 -4.14408E-01
  1.38516E+01  2.20701E-28  1.44772E+06  2.00000E-03 -4.61887E-01
  1.39452E+01  2.20591E-28  1.44726E+06  2.00000E-03 -5.42263E-01
  1.40387E+01  2.20337E-28  1.44620E+06  2.00000E-03 -7.34819E-01
  1.41323E+01  2.20215E-28  1.44568E+06  2.00000E-03 -8.19858E-01
  1.42259E+01  2.19709E-28  1.44356E+06  2.00000E-03 -1.18200E+00
  1.43195E+01  2.19559E-28  1.44291E+06  2.00000E-03 -1.27403E+00
  1.44131E+01  2.18705E-28  1.43921E+06  2.00000E-03 -1.79830E+00
  1.45066E+01  2.18694E-28  1.43916E+06  2.00000E-03 -1.80514E+00
  1.46002E+01  2.18693E-28  1.43916E+06  2.00000E-03 -1.80514E+00
  1.46938E+01  2.18648E-28  1.43895E+06  2.00000E-03 -1.83493E+00
  1.47874E+01  2.17658E-28  1.43449E+06  2.00000E-03 -2.48150E+00
  1.48809E+01  2.17175E-28  1.43237E+06  2.00000E-03 -2.80140E+00
  1.49745E+01  2.17089E-28  1.43199E+06  2.00000E-03 -2.85891E+00
  1.50681E+01  2.16985E-28  1.43153E+06  2.00000E-03 -2.92722E+00
  1.51617E+01  2.16177E-28  1.42794E+06  2.00000E-03 -3.29156E+00
  1.52553E+01  2.16182E-28  1.42795E+06  2.00000E-03 -3.26161E+00
  1.53488E+01  2.15928E-28  1.42683E+06  2.00000E-03 -3.41450E+00
  1.54424E+01  2.16015E-28  1.42722E+06  2.00000E-03 -3.36433E+00
  1.55360E+01  2.15634E-28  1.42551E+06  2.00000E-03 -3.49257E+00
  1.56296E+01  2.15380E-28  1.42438E+06  2.00000E-03 -3.60161E+00
  1.57232E+01  2.15403E-28  1.42448E+06  2.00000E-03 -3.59491E+00
  1.58167E+01  2.15366E-28  1.42432E+06  2.00000E-03 -3.61658E+00
  1.59103E+01  2.15187E-28  1.42352E+06  2.00000E-03 -3.67637E+00
  1.60039E+01  2.15087E-28  1.42306E+06  2.00000E-03 -3.69492E+00
  1.60975E+01  2.15087E-28  1.42306E+06  2.00000E-03 -3.69492E+00
  1.61911E+01  2.15087E-28  1.42306E+06  2.00000E-03 -3.69492E+00
  1.62846E+01  2.15136E-28  1.42327E+06  2.00000E-03 -3.64948E+00
  1.63782E+01  2.15202E-28  1.42355E+06  2.00000E-03 -3.58844E+00
  1.64718E+01  2.15202E-28  1.42355E+06  2.00000E-03 -3.58844E+00
  1.65654E+01  2.15202E-28  1.42355E+06  2.00000E-03 -3.58844E+00
  1.66590E+01  2.15279E-28  1.42389E+06  2.00000E-03 -3.52732E+00
  1.67525E+01  2.15442E-28  1.42460E+06  2.00000E-03 -3.39842E+00
  1.68461E+01  2.15442E-28  1.42460E+06  2.00000E-03 -3.39842E+00
  1.69397E+01  2.15421E-28  1.42451E+06  2.00000E-03 -3.41831E+00
  1.70333E+01  2.15448E-28  1.42463E+06  2.00000E-03 -3.39722E+00
  1.71269E+01  2.15631E-28  1.42542E+06  2.00000E-03 -3.25135E+00
  1.72204E+01  2.15634E-28  1.42544E+06  2.00000E-03 -3.25252E+00
  1.73140E+01  2.15638E-28  1.42546E+06  2.00000E-03 -3.25364E+00
  1.74076E+01  2.15640E-28  1.42547E+06  2.00000E-03 -3.24976E+00
  1.75012E+01  2.15668E-28  1.42558E+06  2.00000E-03 -3.20548E+00
  1.75948E+01  2.15670E-28  1.42559E+06  2.00000E-03 -3.20251E+00
  1.76883E+01  2.15670E-28  1.42559E+06  2.00000E-03 -3.20251E+00
  1.77819E+01  2.15664E-28  1.42556E+06  2.00000E-03 -3.20455E+00
  1.78755E+01  2.15478E-28  1.42474E+06  2.00000E-03 -3.26625E+00
  1.79691E+01  2.15462E-28  1.42467E+06  2.00000E-03 -3.27169E+00
  1.80627E+01  2.15462E-28  1.42467E+06  2.00000E-03 -3.27169E+00
  1.81562E+01  2.15462E-28  1.42467E+06  2.00000E-03 -3.27169E+00
  1.82498E+01  2.15216E-28  1.42358E+06  2.00000E-03 -3.37631E+00
  1.83434E+01  2.15133E-28  1.42321E+06  2.00000E-03 -3.41164E+00
  1.84370E+01  2.15133E-28  1.42321E+06  2.00000E-03 -3.41164E+00
  1.85306E+01  2.15159E-28  1.42333E+06  2.00000E-03 -3.39973E+00
  1.86241E+01  2.15023E-28  1.42273E+06  2.00000E-03 -3.43034E+00
  1.87177E+01  2.14960E-28  1.42245E+06  2.00000E-03 -3.44656E+00
  1.88113E+01  2.14974E-28  1.42251E+06  2.00000E-03 -3.44142E+00
  1.89049E+01  2.15004E-28  1.42264E+06  2.00000E-03 -3.43024E+00
  1.89985E+01  2.14977E-28  1.42253E+06  2.00000E-03 -3.39628E+00
  1.90920E+01  2.14950E-28  1.42243E+06  2.00000E-03 -3.37436E+00
  1.91856E+01  2.14950E-28  1.42243E+06  2.00000E-03 -3.37436E+00
  1.92792E+01  2.14986E-28  1.42258E+06  2.00000E-03 -3.35212E+00
  1.93728E+01  2.15153E-28  1.42333E+06  2.00000E-03 -3.17878E+00
  1.94664E+01  2.15322E-28  1.42410E+06  2.00000E-03 -2.94826E+00
  1.95599E+01  2.15358E-28  1.42426E+06  2.00000E-03 -2.92746E+00
  1.96535E+01  2.15398E-28  1.42444E+06  2.00000E-03 -2.90479E+00
  1.97471E+01  2.15365E-28  1.42429E+06  2.00000E-03 -2.92333E+00
  1.98407E+01  2.15468E-28  1.42474E+06  2.00000E-03 -2.86475E+00
  1.99343E+01  2.15506E-28  1.42491E+06  2.00000E-03 -2.84254E+00
  2.00278E+01  2.15546E-28  1.42509E+06  2.00000E-03 -2.81989E+00
  2.01214E+01  2.15647E-28  1.42553E+06  2.00000E-03 -2.75114E+00
  2.02150E+01  2.16088E-28  1.42745E+06  2.00000E-03 -2.38725E+00
  2.03086E+01  2.16063E-28  1.42734E+06  2.00000E-03 -2.40616E+00
  2.04022E+01  2.16214E-28  1.42800E+06  2.00000E-03 -2.32897E+00
  2.04957E+01  2.16178E-28  1.42785E+06  2.00000E-03 -2.36599E+00
  2.05893E+01  2.16178E-28  1.42785E+06  2.00000E-03 -2.36599E+00
  2.06829E+01  2.16178E-28  1.42785E+06  2.00000E-03 -2.36599E+00
  2.07765E+01  2.16178E-28  1.42785E+06  2.00000E-03 -2.36599E+00
  2.08701E+01  2.16178E-28  1.42785E+06  2.00000E-03 -2.36599E+00
  2.09636E+01  2.16538E-28  1.42942E+06  2.00000E-03 -2.11287E+00
  2.10572E+01  2.16563E-28  1.42953E+06  2.00000E-03 -2.09538E+00
  2.11508E+01  2.16563E-28  1.42953E+06  2.00000E-03 -2.09538E+00
  2.12444E+01  2.16563E-28  1.42953E+06  2.00000E-03 -2.09538E+00
  2.13380E+01  2.16563E-28  1.42953E+06  2.00000E-03 -2.09538E+00
  2.14315E+01  2.16563E-28  1.42953E+06  2.00000E-03 -2.09538E+00
  2.15251E+01  2.16563E-28  1.42953E+06  2.00000E-03 -2.09538E+00
  2.16187E+01  2.16563E-28  1.42953E+06  2.00000E-03 -2.09538E+00
  2.17123E+01  2.16836E-28  1.43073E+06  2.00000E-03 -1.90919E+00
  2.18059E+01  2.17070E-28  1.43175E+06  2.00000E-03 -1.74957E+00
  2.18994E+01  2.17070E-28  1.43175E+06  2.00000E-03 -1.74957E+00
  2.19930E+01  2.17070E-28  1.43175E+06  2.00000E-03 -1.74957E+00
  2.20866E+01  2.17070E-28  1.43175E+06  2.00000E-03 -1.74957E+00
  2.21802E+01  2.17070E-28  1.43175E+06  2.00000E-03 -1.74957E+00
  2.22738E+01  2.17070E-28  1.43175E+06  2.00000E-03 -1.74957E+00
  2.23673E+01  2.17070E-28  1.43175E+06  2.00000E-03 -1.74957E+00
  2.24609E+01  2.17284E-28  1.43269E+06  2.00000E-03 -1.59203E+00
  2.25545E+01  2.17674E-28  1.43440E+06  2.00000E-03 -1.30600E+00
  2.26481E+01  2.17674E-28  1.43440E+06  2.00000E-03 -1.30600E+00
  2.27417E+01  2.17674E-28  1.43440E+06  2.00000E-03 -1.30600E+00
  2.28352E+01  2.17674E-28  1.43440E+06  2.00000E-03 -1.30600E+00
  2.29288E+01  2.17674E-28  1.43440E+06  2.00000E-03 -1.30600E+00
  2.30224E+01  2.17674E-28  1.43440E+06  2.00000E-03 -1.30600E+00
  2.31160E+01  2.17674E-28  1.43440E+06  2.00000E-03 -1.30600E+00
  2.32096E+01  2.17712E-28  1.43457E+06  2.00000E-03 -1.27522E+00
  2.33031E+01  2.18070E-28  1.43613E+06  2.00000E-03 -9.82539E-01
  2.33967E+01  2.18071E-28  1.43613E+06  2.00000E-03 -9.81379E-01
  2.34903E+01  2.18072E-28  1.43614E+06  2.00000E-03 -9.80557E-01
  2.35839E+01  2.18076E-28  1.43616E+06  2.00000E-03 -9.75772E-01
  2.36775E+01  2.18083E-28  1.43619E+06  2.00000E-03 -9.68204E-01
  2.37710E+01  2.18083E-28  1.43619E+06  2.00000E-03 -9.68204E-01
  2.38646E+01  2.18083E-28  1.43619E+06  2.00000E-03 -9.68204E-01
  2.39582E+01  2.18083E-28  1.43619E+06  2.00000E-03 -9.68204E-01
  2.40518E+01  2.18079E-28  1.43617E+06  2.00000E-03 -9.41757E-01
  2.41454E+01  2.18078E-28  1.43616E+06  2.00000E-03 -9.36227E-01
  2.42389E+01  2.18078E-28  1.43616E+06  2.00000E-03 -9.36227E-01
  2.43325E+01  2.18078E-28  1.43616E+06  2.00000E-03 -9.36227E-01
  2.44261E+01  2.18078E-28  1.43616E+06  2.00000E-03 -9.36227E-01
  2.45197E+01  2.18078E-28  1.43616E+06  2.00000E-03 -9.36227E-01
  2.46133E+01  2.18078E-28  1.43616E+06  2.00000E-03 -9.36227E-01
  2.47068E+01  2.18078E-28  1.43616E+06  2.00000E-03 -9.36227E-01
