 -3.04442E+01  2.17018E-28  1.43149E+06  2.00000E-03  1.40918E+00
 -3.03506E+01  2.17024E-28  1.43152E+06  2.00000E-03  1.40761E+00
 -3.02570E+01  2.17037E-28  1.43158E+06  2.00000E-03  1.40454E+00
 -3.01634E+01  2.17045E-28  1.43161E+06  2.00000E-03  1.40284E+00
 -3.00699E+01  2.17045E-28  1.43161E+06  2.00000E-03  1.40284E+00
 -2.99763E+01  2.17045E-28  1.43161E+06  2.00000E-03  1.40284E+00
 -2.98827E+01  2.17045E-28  1.43161E+06  2.00000E-03  1.40284E+00
 -2.97891E+01  2.17045E-28  1.43161E+06  2.00000E-03  1.40284E+00
 -2.96955E+01  2.17045E-28  1.43161E+06  2.00000E-03  1.40284E+00
 -2.96020E+01  2.17107E-28  1.43189E+06  2.00000E-03  1.35700E+00
 -2.95084E+01  2.17190E-28  1.43225E+06  2.00000E-03  1.29672E+00
 -2.94148E+01  2.17199E-28  1.43229E+06  2.00000E-03  1.28996E+00
 -2.93212E+01  2.17199E-28  1.43229E+06  2.00000E-03  1.28996E+00
 -2.92276E+01  2.17199E-28  1.43229E+06  2.00000E-03  1.28996E+00
 -2.91341E+01  2.17236E-28  1.43245E+06  2.00000E-03  1.26391E+00
 -2.90405E+01  2.17424E-28  1.43328E+06  2.00000E-03  1.13162E+00
 -2.89469E+01  2.17545E-28  1.43381E+06  2.00000E-03  1.04240E+00
 -2.88533E+01  2.17790E-28  1.43489E+06  2.00000E-03  8.63441E-01
 -2.87597E+01  2.17922E-28  1.43547E+06  2.00000E-03  7.63387E-01
 -2.86662E+01  2.17941E-28  1.43555E+06  2.00000E-03  7.47418E-01
 -2.85726E+01  2.18017E-28  1.43589E+06  2.00000E-03  6.84117E-01
 -2.84790E+01  2.18020E-28  1.43590E+06  2.00000E-03  6.81532E-01
 -2.83854E+01  2.18020E-28  1.43590E+06  2.00000E-03  6.81532E-01
 -2.82918E+01  2.18020E-28  1.43590E+06  2.00000E-03  6.81532E-01
 -2.81983E+01  2.18020E-28  1.43590E+06  2.00000E-03  6.81532E-01
 -2.81047E+01  2.18020E-28  1.43590E+06  2.00000E-03  6.81532E-01
 -2.80111E+01  2.18020E-28  1.43590E+06  2.00000E-03  6.81532E-01
 -2.79175E+01  2.18020E-28  1.43590E+06  2.00000E-03  6.81532E-01
 -2.78239E+01  2.18020E-28  1.43590E+06  2.00000E-03  6.81532E-01
 -2.77304E+01  2.18013E-28  1.43587E+06  2.00000E-03  6.89291E-01
 -2.76368E+01  2.17961E-28  1.43564E+06  2.00000E-03  7.49440E-01
 -2.75432E+01  2.17937E-28  1.43554E+06  2.00000E-03  7.81434E-01
 -2.74496E+01  2.17919E-28  1.43546E+06  2.00000E-03  8.10273E-01
 -2.73560E+01  2.17914E-28  1.43544E+06  2.00000E-03  8.19481E-01
 -2.72625E+01  2.17914E-28  1.43544E+06  2.00000E-03  8.19481E-01
 -2.71689E+01  2.17914E-28  1.43544E+06  2.00000E-03  8.19481E-01
 -2.70753E+01  2.17914E-28  1.43544E+06  2.00000E-03  8.19481E-01
 -2.69817E+01  2.17914E-28  1.43544E+06  2.00000E-03  8.19481E-01
 -2.68881E+01  2.17914E-28  1.43544E+06  2.00000E-03  8.19481E-01
 -2.67946E+01  2.17912E-28  1.43543E+06  2.00000E-03  8.21266E-01
 -2.67010E+01  2.17757E-28  1.43475E+06  2.00000E-03  9.80098E-01
 -2.66074E+01  2.17635E-28  1.43422E+06  2.00000E-03  1.09968E+00
 -2.65138E+01  2.17625E-28  1.43417E+06  2.00000E-03  1.10669E+00
 -2.64202E+01  2.17616E-28  1.43413E+06  2.00000E-03  1.11380E+00
 -2.63267E+01  2.17616E-28  1.43413E+06  2.00000E-03  1.11380E+00
 -2.62331E+01  2.17616E-28  1.43413E+06  2.00000E-03  1.11380E+00
 -2.61395E+01  2.17571E-28  1.43393E+06  2.00000E-03  1.15907E+00
 -2.60459E+01  2.17532E-28  1.43376E+06  2.00000E-03  1.19892E+00
 -2.59523E+01  2.17494E-28  1.43360E+06  2.00000E-03  1.23772E+00
 -2.58588E+01  2.17494E-28  1.43360E+06  2.00000E-03  1.23772E+00
 -2.57652E+01  2.17455E-28  1.43343E+06  2.00000E-03  1.29089E+00
 -2.56716E+01  2.17410E-28  1.43323E+06  2.00000E-03  1.35397E+00
 -2.55780E+01  2.17406E-28  1.43322E+06  2.00000E-03  1.35862E+00
 -2.54844E+01  2.17406E-28  1.43322E+06  2.00000E-03  1.35862E+00
 -2.53909E+01  2.17406E-28  1.43322E+06  2.00000E-03  1.35862E+00
 -2.52973E+01  2.17406E-28  1.43322E+06  2.00000E-03  1.35862E+00
 -2.52037E+01  2.17406E-28  1.43322E+06  2.00000E-03  1.35862E+00
 -2.51101E+01  2.17406E-28  1.43322E+06  2.00000E-03  1.35862E+00
 -2.50165E+01  2.17406E-28  1.43322E+06  2.00000E-03  1.35862E+00
 -2.49230E+01  2.17406E-28  1.43322E+06  2.00000E-03  1.35862E+00
 -2.48294E+01  2.17461E-28  1.43347E+06  2.00000E-03  1.32056E+00
 -2.47358E+01  2.17693E-28  1.43450E+06  2.00000E-03  1.14734E+00
 -2.46422E+01  2.17785E-28  1.43491E+06  2.00000E-03  1.05896E+00
 -2.45486E+01  2.17822E-28  1.43507E+06  2.00000E-03  1.02307E+00
 -2.44551E+01  2.17822E-28  1.43507E+06  2.00000E-03  1.02307E+00
 -2.43615E+01  2.17767E-28  1.43483E+06  2.00000E-03  1.04471E+00
 -2.42679E+01  2.17706E-28  1.43456E+06  2.00000E-03  1.06856E+00
 -2.41743E+01  2.17663E-28  1.43438E+06  2.00000E-03  1.08547E+00
 -2.40807E+01  2.17565E-28  1.43394E+06  2.00000E-03  1.12427E+00
 -2.39872E+01  2.17538E-28  1.43383E+06  2.00000E-03  1.13480E+00
 -2.38936E+01  2.17556E-28  1.43390E+06  2.00000E-03  1.11510E+00
 -2.38000E+01  2.17662E-28  1.43435E+06  2.00000E-03  9.97428E-01
 -2.37064E+01  2.17692E-28  1.43448E+06  2.00000E-03  9.64732E-01
 -2.36129E+01  2.17692E-28  1.43448E+06  2.00000E-03  9.64732E-01
 -2.35193E+01  2.17692E-28  1.43448E+06  2.00000E-03  9.64732E-01
 -2.34257E+01  2.17661E-28  1.43434E+06  2.00000E-03  9.90058E-01
 -2.33321E+01  2.17269E-28  1.43262E+06  2.00000E-03  1.30794E+00
 -2.32385E+01  2.16965E-28  1.43128E+06  2.00000E-03  1.54371E+00
 -2.31450E+01  2.16899E-28  1.43099E+06  2.00000E-03  1.59355E+00
 -2.30514E+01  2.16750E-28  1.43033E+06  2.00000E-03  1.70736E+00
 -2.29578E+01  2.16726E-28  1.43023E+06  2.00000E-03  1.72515E+00
 -2.28642E+01  2.16188E-28  1.42787E+06  2.00000E-03  2.14905E+00
 -2.27706E+01  2.16112E-28  1.42753E+06  2.00000E-03  2.21037E+00
 -2.26771E+01  2.16048E-28  1.42725E+06  2.00000E-03  2.26014E+00
 -2.25835E+01  2.15928E-28  1.42672E+06  2.00000E-03  2.35442E+00
 -2.24899E+01  2.15874E-28  1.42648E+06  2.00000E-03  2.39675E+00
 -2.23963E+01  2.15742E-28  1.42590E+06  2.00000E-03  2.50189E+00
 -2.23027E+01  2.15665E-28  1.42557E+06  2.00000E-03  2.56305E+00
 -2.22092E+01  2.15665E-28  1.42557E+06  2.00000E-03  2.56305E+00
 -2.21156E+01  2.15665E-28  1.42557E+06  2.00000E-03  2.56305E+00
 -2.20220E+01  2.15644E-28  1.42548E+06  2.00000E-03  2.57883E+00
 -2.19284E+01  2.15535E-28  1.42500E+06  2.00000E-03  2.67785E+00
 -2.18348E+01  2.15509E-28  1.42488E+06  2.00000E-03  2.71159E+00
 -2.17413E+01  2.15527E-28  1.42496E+06  2.00000E-03  2.69985E+00
 -2.16477E+01  2.15532E-28  1.42499E+06  2.00000E-03  2.69699E+00
 -2.15541E+01  2.15532E-28  1.42499E+06  2.00000E-03  2.69699E+00
 -2.14605E+01  2.15554E-28  1.42509E+06  2.00000E-03  2.69737E+00
 -2.13669E+01  2.15578E-28  1.42520E+06  2.00000E-03  2.69778E+00
 -2.12734E+01  2.15633E-28  1.42544E+06  2.00000E-03  2.65442E+00
 -2.11798E+01  2.15697E-28  1.42572E+06  2.00000E-03  2.60227E+00
 -2.10862E+01  2.15757E-28  1.42599E+06  2.00000E-03  2.55259E+00
 -2.09926E+01  2.15822E-28  1.42628E+06  2.00000E-03  2.50901E+00
 -2.08990E+01  2.16001E-28  1.42707E+06  2.00000E-03  2.38955E+00
 -2.08055E+01  2.16037E-28  1.42723E+06  2.00000E-03  2.34471E+00
 -2.07119E+01  2.16072E-28  1.42739E+06  2.00000E-03  2.30179E+00
 -2.06183E+01  2.16093E-28  1.42748E+06  2.00000E-03  2.27506E+00
 -2.05247E+01  2.16369E-28  1.42870E+06  2.00000E-03  1.99824E+00
 -2.04311E+01  2.16666E-28  1.43002E+06  2.00000E-03  1.71340E+00
 -2.03376E+01  2.16681E-28  1.43008E+06  2.00000E-03  1.69621E+00
 -2.02440E+01  2.16681E-28  1.43008E+06  2.00000E-03  1.69621E+00
 -2.01504E+01  2.16681E-28  1.43008E+06  2.00000E-03  1.69621E+00
 -2.00568E+01  2.16768E-28  1.43047E+06  2.00000E-03  1.60933E+00
 -1.99632E+01  2.16898E-28  1.43106E+06  2.00000E-03  1.47922E+00
 -1.98697E+01  2.16879E-28  1.43097E+06  2.00000E-03  1.48129E+00
 -1.97761E+01  2.16779E-28  1.43053E+06  2.00000E-03  1.54778E+00
 -1.96825E+01  2.16713E-28  1.43025E+06  2.00000E-03  1.59118E+00
 -1.95889E+01  2.16575E-28  1.42964E+06  2.00000E-03  1.67668E+00
 -1.94953E+01  2.16345E-28  1.42865E+06  2.00000E-03  1.83724E+00
 -1.94018E+01  2.16313E-28  1.42852E+06  2.00000E-03  1.85899E+00
 -1.93082E+01  2.16218E-28  1.42810E+06  2.00000E-03  1.91788E+00
 -1.92146E+01  2.16214E-28  1.42808E+06  2.00000E-03  1.92078E+00
 -1.91210E+01  2.16120E-28  1.42767E+06  2.00000E-03  2.01289E+00
 -1.90274E+01  2.16039E-28  1.42734E+06  2.00000E-03  2.11287E+00
 -1.89339E+01  2.16039E-28  1.42734E+06  2.00000E-03  2.12415E+00
 -1.88403E+01  2.16039E-28  1.42734E+06  2.00000E-03  2.12415E+00
 -1.87467E+01  2.16039E-28  1.42734E+06  2.00000E-03  2.12415E+00
 -1.86531E+01  2.16074E-28  1.42750E+06  2.00000E-03  2.10622E+00
 -1.85595E+01  2.16206E-28  1.42811E+06  2.00000E-03  2.03818E+00
 -1.84660E+01  2.16535E-28  1.42957E+06  2.00000E-03  1.80102E+00
 -1.83724E+01  2.17055E-28  1.43185E+06  2.00000E-03  1.42196E+00
 -1.82788E+01  2.17191E-28  1.43245E+06  2.00000E-03  1.32421E+00
 -1.81852E+01  2.17292E-28  1.43290E+06  2.00000E-03  1.25341E+00
 -1.80916E+01  2.17724E-28  1.43490E+06  2.00000E-03  9.04319E-01
 -1.79981E+01  2.17813E-28  1.43534E+06  2.00000E-03  8.22452E-01
 -1.79045E+01  2.17813E-28  1.43534E+06  2.00000E-03  8.22452E-01
 -1.78109E+01  2.17808E-28  1.43531E+06  2.00000E-03  8.12066E-01
 -1.77173E+01  2.17799E-28  1.43526E+06  2.00000E-03  7.95302E-01
 -1.76237E+01  2.17634E-28  1.43443E+06  2.00000E-03  8.76196E-01
 -1.75302E+01  2.17508E-28  1.43382E+06  2.00000E-03  1.02589E+00
 -1.74366E+01  2.17300E-28  1.43289E+06  2.00000E-03  1.21604E+00
 -1.73430E+01  2.16939E-28  1.43124E+06  2.00000E-03  1.53350E+00
 -1.72494E+01  2.16742E-28  1.43035E+06  2.00000E-03  1.73632E+00
 -1.71558E+01  2.16610E-28  1.42977E+06  2.00000E-03  1.86593E+00
 -1.70623E+01  2.16387E-28  1.42878E+06  2.00000E-03  2.05888E+00
 -1.69687E+01  2.16385E-28  1.42877E+06  2.00000E-03  2.10328E+00
 -1.68751E+01  2.16377E-28  1.42875E+06  2.00000E-03  2.16716E+00
 -1.67815E+01  2.16373E-28  1.42873E+06  2.00000E-03  2.17407E+00
 -1.66879E+01  2.16450E-28  1.42907E+06  2.00000E-03  2.12519E+00
 -1.65944E+01  2.16739E-28  1.43035E+06  2.00000E-03  1.95621E+00
 -1.65008E+01  2.16787E-28  1.43056E+06  2.00000E-03  1.92763E+00
 -1.64072E+01  2.16938E-28  1.43123E+06  2.00000E-03  1.84622E+00
 -1.63136E+01  2.17139E-28  1.43211E+06  2.00000E-03  1.73272E+00
 -1.62200E+01  2.17151E-28  1.43217E+06  2.00000E-03  1.74407E+00
 -1.61265E+01  2.17107E-28  1.43197E+06  2.00000E-03  1.80240E+00
 -1.60329E+01  2.17086E-28  1.43188E+06  2.00000E-03  1.84063E+00
 -1.59393E+01  2.16908E-28  1.43110E+06  2.00000E-03  2.02139E+00
 -1.58457E+01  2.16701E-28  1.43019E+06  2.00000E-03  2.20605E+00
 -1.57521E+01  2.16654E-28  1.42999E+06  2.00000E-03  2.26976E+00
 -1.56586E+01  2.16223E-28  1.42809E+06  2.00000E-03  2.65832E+00
 -1.55650E+01  2.16080E-28  1.42746E+06  2.00000E-03  2.76992E+00
 -1.54714E+01  2.15733E-28  1.42594E+06  2.00000E-03  3.07203E+00
 -1.53778E+01  2.15438E-28  1.42464E+06  2.00000E-03  3.33132E+00
 -1.52842E+01  2.15162E-28  1.42343E+06  2.00000E-03  3.54625E+00
 -1.51907E+01  2.14797E-28  1.42182E+06  2.00000E-03  3.85570E+00
 -1.50971E+01  2.14701E-28  1.42140E+06  2.00000E-03  3.92769E+00
 -1.50035E+01  2.14654E-28  1.42119E+06  2.00000E-03  3.97342E+00
 -1.49099E+01  2.14605E-28  1.42098E+06  2.00000E-03  4.00573E+00
 -1.48163E+01  2.14599E-28  1.42095E+06  2.00000E-03  3.95960E+00
 -1.47228E+01  2.14863E-28  1.42212E+06  2.00000E-03  3.72941E+00
 -1.46292E+01  2.15053E-28  1.42296E+06  2.00000E-03  3.56321E+00
 -1.45356E+01  2.15727E-28  1.42593E+06  2.00000E-03  2.95205E+00
 -1.44420E+01  2.16416E-28  1.42897E+06  2.00000E-03  2.36967E+00
 -1.43484E+01  2.16497E-28  1.42933E+06  2.00000E-03  2.29944E+00
 -1.42549E+01  2.17190E-28  1.43238E+06  2.00000E-03  1.65005E+00
 -1.41613E+01  2.17434E-28  1.43345E+06  2.00000E-03  1.39296E+00
 -1.40677E+01  2.17449E-28  1.43352E+06  2.00000E-03  1.34130E+00
 -1.39741E+01  2.17348E-28  1.43308E+06  2.00000E-03  1.34085E+00
 -1.38805E+01  2.17158E-28  1.43224E+06  2.00000E-03  1.45350E+00
 -1.37870E+01  2.16643E-28  1.42999E+06  2.00000E-03  1.79727E+00
 -1.36934E+01  2.16480E-28  1.42927E+06  2.00000E-03  1.90676E+00
 -1.35998E+01  2.15816E-28  1.42636E+06  2.00000E-03  2.37345E+00
 -1.35062E+01  2.14970E-28  1.42263E+06  2.00000E-03  2.99121E+00
 -1.34126E+01  2.14441E-28  1.42030E+06  2.00000E-03  3.37367E+00
 -1.33191E+01  2.13754E-28  1.41727E+06  2.00000E-03  3.87829E+00
 -1.32255E+01  2.13401E-28  1.41572E+06  2.00000E-03  4.14732E+00
 -1.31319E+01  2.13201E-28  1.41484E+06  2.00000E-03  4.30109E+00
 -1.30383E+01  2.12698E-28  1.41263E+06  2.00000E-03  4.70764E+00
 -1.29447E+01  2.12705E-28  1.41266E+06  2.00000E-03  4.70374E+00
 -1.28512E+01  2.12762E-28  1.41292E+06  2.00000E-03  4.70564E+00
 -1.27576E+01  2.12833E-28  1.41326E+06  2.00000E-03  4.70752E+00
 -1.26640E+01  2.12866E-28  1.41342E+06  2.00000E-03  4.70167E+00
 -1.25704E+01  2.12968E-28  1.41389E+06  2.00000E-03  4.69894E+00
 -1.24768E+01  2.13245E-28  1.41514E+06  2.00000E-03  4.54072E+00
 -1.23833E+01  2.13801E-28  1.41763E+06  2.00000E-03  4.24534E+00
 -1.22897E+01  2.13936E-28  1.41825E+06  2.00000E-03  4.20813E+00
 -1.21961E+01  2.14119E-28  1.41906E+06  2.00000E-03  4.10735E+00
 -1.21025E+01  2.14290E-28  1.41985E+06  2.00000E-03  4.07536E+00
 -1.20089E+01  2.14387E-28  1.42030E+06  2.00000E-03  4.03102E+00
 -1.19154E+01  2.14369E-28  1.42028E+06  2.00000E-03  4.05850E+00
 -1.18218E+01  2.14295E-28  1.42016E+06  2.00000E-03  4.14646E+00
 -1.17282E+01  2.14331E-28  1.42032E+06  2.00000E-03  4.10765E+00
 -1.16346E+01  2.14338E-28  1.42028E+06  2.00000E-03  4.11237E+00
 -1.15410E+01  2.14466E-28  1.42072E+06  2.00000E-03  4.00227E+00
 -1.14475E+01  2.14778E-28  1.42195E+06  2.00000E-03  3.76272E+00
 -1.13539E+01  2.15109E-28  1.42330E+06  2.00000E-03  3.49269E+00
 -1.12603E+01  2.15465E-28  1.42481E+06  2.00000E-03  3.19134E+00
 -1.11667E+01  2.15747E-28  1.42603E+06  2.00000E-03  2.96918E+00
 -1.10731E+01  2.15852E-28  1.42647E+06  2.00000E-03  2.89058E+00
 -1.09796E+01  2.15726E-28  1.42591E+06  2.00000E-03  2.99607E+00
 -1.08860E+01  2.15511E-28  1.42497E+06  2.00000E-03  3.18622E+00
 -1.07924E+01  2.15239E-28  1.42378E+06  2.00000E-03  3.43902E+00
 -1.06988E+01  2.15076E-28  1.42307E+06  2.00000E-03  3.61292E+00
 -1.06052E+01  2.15078E-28  1.42308E+06  2.00000E-03  3.68178E+00
 -1.05117E+01  2.15200E-28  1.42362E+06  2.00000E-03  3.63759E+00
 -1.04181E+01  2.15729E-28  1.42595E+06  2.00000E-03  3.29269E+00
 -1.03245E+01  2.16343E-28  1.42865E+06  2.00000E-03  2.87428E+00
 -1.02309E+01  2.16845E-28  1.43086E+06  2.00000E-03  2.54445E+00
 -1.01374E+01  2.16989E-28  1.43150E+06  2.00000E-03  2.49832E+00
 -1.00438E+01  2.16842E-28  1.43085E+06  2.00000E-03  2.69977E+00
 -9.95019E+00  2.16592E-28  1.42976E+06  2.00000E-03  2.97009E+00
 -9.85661E+00  2.16376E-28  1.42882E+06  2.00000E-03  3.24188E+00
 -9.76303E+00  2.16503E-28  1.42939E+06  2.00000E-03  3.24327E+00
 -9.66945E+00  2.16965E-28  1.43143E+06  2.00000E-03  2.99073E+00
 -9.57587E+00  2.17926E-28  1.43567E+06  2.00000E-03  2.40430E+00
 -9.48229E+00  2.18945E-28  1.44015E+06  2.00000E-03  1.76968E+00
 -9.38871E+00  2.19683E-28  1.44340E+06  2.00000E-03  1.34502E+00
 -9.29513E+00  2.19903E-28  1.44437E+06  2.00000E-03  1.27859E+00
 -9.20155E+00  2.19992E-28  1.44476E+06  2.00000E-03  1.29921E+00
 -9.10797E+00  2.19968E-28  1.44467E+06  2.00000E-03  1.39287E+00
 -9.01439E+00  2.19954E-28  1.44460E+06  2.00000E-03  1.48434E+00
 -8.92081E+00  2.19980E-28  1.44472E+06  2.00000E-03  1.50076E+00
 -8.82723E+00  2.20070E-28  1.44512E+06  2.00000E-03  1.44570E+00
 -8.73365E+00  2.20240E-28  1.44586E+06  2.00000E-03  1.31554E+00
 -8.64007E+00  2.20539E-28  1.44717E+06  2.00000E-03  1.05401E+00
 -8.54649E+00  2.20839E-28  1.44849E+06  2.00000E-03  7.69174E-01
 -8.45291E+00  2.21222E-28  1.45016E+06  2.00000E-03  4.32120E-01
 -8.35933E+00  2.21563E-28  1.45165E+06  2.00000E-03  1.24473E-01
 -8.26575E+00  2.21841E-28  1.45287E+06  2.00000E-03 -1.66194E-01
 -8.17217E+00  2.21999E-28  1.45356E+06  2.00000E-03 -3.27452E-01
 -8.07859E+00  2.21912E-28  1.45319E+06  2.00000E-03 -3.32786E-01
 -7.98501E+00  2.21414E-28  1.45102E+06  2.00000E-03 -3.57955E-02
 -7.89143E+00  2.20883E-28  1.44871E+06  2.00000E-03  3.33990E-01
 -7.79785E+00  2.19991E-28  1.44482E+06  2.00000E-03  9.27616E-01
 -7.70427E+00  2.18959E-28  1.44030E+06  2.00000E-03  1.58111E+00
 -7.61069E+00  2.17997E-28  1.43608E+06  2.00000E-03  2.18841E+00
 -7.51711E+00  2.17193E-28  1.43255E+06  2.00000E-03  2.65569E+00
 -7.42353E+00  2.16217E-28  1.42826E+06  2.00000E-03  3.17973E+00
 -7.32995E+00  2.15475E-28  1.42500E+06  2.00000E-03  3.49124E+00
 -7.23637E+00  2.14836E-28  1.42218E+06  2.00000E-03  3.72715E+00
 -7.14279E+00  2.14058E-28  1.41876E+06  2.00000E-03  4.02534E+00
 -7.04921E+00  2.13202E-28  1.41498E+06  2.00000E-03  4.35469E+00
 -6.95564E+00  2.12368E-28  1.41130E+06  2.00000E-03  4.60545E+00
 -6.86206E+00  2.11319E-28  1.40667E+06  2.00000E-03  5.08757E+00
 -6.76848E+00  2.10324E-28  1.40226E+06  2.00000E-03  5.63876E+00
 -6.67490E+00  2.09176E-28  1.39718E+06  2.00000E-03  6.28318E+00
 -6.58132E+00  2.07467E-28  1.38957E+06  2.00000E-03  7.45167E+00
 -6.48774E+00  2.05166E-28  1.37965E+06  1.99999E-03  1.00023E+01
 -6.39416E+00  2.02291E-28  1.37017E+06  1.99981E-03  1.37129E+01
 -6.30058E+00  1.98684E-28  1.35112E+06  1.99399E-03  2.01136E+01
 -6.20700E+00  2.05121E-28  1.24448E+06  1.91241E-03  2.88872E+01
 -6.11342E+00  2.48496E-28  9.80140E+05  1.67626E-03  2.71278E+01
 -6.01984E+00  3.13040E-28  7.49669E+05  1.47527E-03  2.09666E+01
 -5.92626E+00  3.02298E-28  8.10620E+05  1.53378E-03  1.79475E+01
 -5.83268E+00  3.22064E-28  7.83238E+05  1.50672E-03  1.13576E+01
 -5.73910E+00  3.13263E-28  8.26265E+05  1.54416E-03  1.13877E+01
 -5.64552E+00  2.66391E-28  9.52727E+05  1.66004E-03  1.99140E+01
 -5.55194E+00  2.53574E-28  9.62517E+05  1.66389E-03  2.65684E+01
 -5.45836E+00  3.70989E-28  6.32070E+05  1.31562E-03  2.86586E+01
 -5.36478E+00  5.84007E-28  3.67245E+05  1.07862E-03  3.06817E+01
 -5.27120E+00  3.94134E-28  4.91258E+05  1.24758E-03  3.65363E+01
 -5.17762E+00  2.03573E-28  9.64138E+05  1.75957E-03  3.49513E+01
 -5.08404E+00  1.73937E-28  1.16655E+06  1.93926E-03  1.24988E+01
 -4.99046E+00  2.16927E-28  9.24904E+05  1.64698E-03  1.60182E+00
 -4.89688E+00  2.25685E-28  8.17806E+05  1.47562E-03  1.39193E+01
 -4.80330E+00  1.68646E-28  9.29225E+05  1.61415E-03  3.20684E+01
 -4.70972E+00  1.52598E-28  9.85413E+05  1.73957E-03  3.27353E+01
 -4.61614E+00  1.73614E-28  9.15682E+05  1.69913E-03  2.34671E+01
 -4.52256E+00  2.35194E-28  7.01638E+05  1.47718E-03  1.07848E+01
 -4.42898E+00  3.12586E-28  5.06004E+05  1.27553E-03  4.08171E+00
 -4.33540E+00  3.74006E-28  3.77594E+05  1.14090E-03  4.77569E+00
 -4.24182E+00  3.42229E-28  4.44539E+05  1.18828E-03  1.78875E+00
 -4.14824E+00  2.37888E-28  8.73421E+05  1.58212E-03 -1.98606E+00
 -4.05466E+00  2.05190E-28  1.21035E+06  1.86209E-03 -1.09217E+01
 -3.96108E+00  2.37478E-28  1.10524E+06  1.65064E-03 -2.36829E+01
 -3.86750E+00  4.50388E-28  5.80531E+05  1.12524E-03 -3.37609E+01
 -3.77392E+00  8.00746E-28  2.94466E+05  9.23689E-04 -3.46484E+01
 -3.68034E+00  5.92018E-28  3.41930E+05  1.02696E-03 -3.70417E+01
 -3.58676E+00  3.03020E-28  6.43702E+05  1.33891E-03 -2.61295E+01
 -3.49318E+00  3.61622E-28  6.11266E+05  1.28949E-03 -1.66986E+01
 -3.39960E+00  1.84599E-27  1.19387E+05  8.39417E-04 -3.42833E+01
 -3.30602E+00  2.95873E-27  6.96878E+04  7.83627E-04 -3.22275E+01
 -3.21244E+00  1.95896E-27  1.07549E+05  8.04396E-04 -2.79178E+01
 -3.11886E+00  9.85159E-28  2.46018E+05  9.08747E-04 -3.10620E+01
 -3.02528E+00  2.00111E-27  1.29312E+05  8.01034E-04 -4.19992E+01
 -2.93170E+00  2.07476E-27  1.25910E+05  8.10754E-04 -4.96180E+01
 -2.83812E+00  1.31094E-27  1.95063E+05  8.89533E-04 -6.02625E+01
 -2.74454E+00  1.64305E-27  1.51437E+05  8.48382E-04 -6.11044E+01
 -2.65096E+00  1.64823E-27  1.54218E+05  8.55211E-04 -5.72950E+01
 -2.55738E+00  1.17620E-27  2.21460E+05  9.38422E-04 -5.53741E+01
 -2.46380E+00  1.01848E-27  2.57563E+05  9.80331E-04 -5.74155E+01
 -2.37022E+00  1.97261E-27  1.34295E+05  8.30818E-04 -5.53759E+01
 -2.27664E+00  8.85063E-27  2.96636E+04  6.79712E-04 -5.50553E+01
 -2.18306E+00  1.69669E-26  1.55632E+04  6.19114E-04 -5.62089E+01
 -2.08948E+00  1.89235E-26  1.44668E+04  6.00723E-04 -5.67520E+01
 -1.99590E+00  1.93283E-26  1.45288E+04  6.00001E-04 -5.69748E+01
 -1.90232E+00  1.91583E-26  1.45583E+04  6.00000E-04 -5.75066E+01
 -1.80874E+00  1.90039E-26  1.45813E+04  6.00000E-04 -5.80252E+01
 -1.71516E+00  1.85173E-26  1.46777E+04  6.00000E-04 -5.85293E+01
 -1.62158E+00  1.76533E-26  1.47336E+04  6.00000E-04 -5.92082E+01
 -1.52800E+00  1.69305E-26  1.46585E+04  6.00000E-04 -5.97476E+01
 -1.43442E+00  1.68359E-26  1.45448E+04  6.00000E-04 -5.98379E+01
 -1.34084E+00  1.72351E-26  1.44777E+04  6.00000E-04 -5.95916E+01
 -1.24726E+00  1.78892E-26  1.44561E+04  6.00000E-04 -5.92809E+01
 -1.15368E+00  1.86499E-26  1.44535E+04  6.00000E-04 -5.91360E+01
 -1.06010E+00  1.95086E-26  1.44318E+04  6.00000E-04 -5.91694E+01
 -9.66524E-01  2.02487E-26  1.43806E+04  6.00000E-04 -5.92369E+01
 -8.72945E-01  2.06879E-26  1.43312E+04  6.00000E-04 -5.91823E+01
 -7.79365E-01  2.09012E-26  1.43014E+04  6.00000E-04 -5.89934E+01
 -6.85785E-01  2.08816E-26  1.42935E+04  6.00000E-04 -5.88037E+01
 -5.92205E-01  2.08582E-26  1.42832E+04  6.00000E-04 -5.86088E+01
 -4.98625E-01  2.09009E-26  1.42577E+04  6.00000E-04 -5.83060E+01
 -4.05045E-01  2.12213E-26  1.42162E+04  6.00000E-04 -5.78174E+01
 -3.11465E-01  2.18620E-26  1.41687E+04  6.00000E-04 -5.71260E+01
 -2.17886E-01  2.27728E-26  1.41426E+04  6.00000E-04 -5.62111E+01
 -1.24306E-01  2.32770E-26  1.42178E+04  6.00000E-04 -5.54729E+01
 -3.07259E-02  2.22909E-26  1.44371E+04  6.00000E-04 -5.54249E+01
  6.28540E-02  1.92747E-26  1.47149E+04  6.00000E-04 -5.65384E+01
  1.56434E-01  1.65628E-26  1.47278E+04  6.00000E-04 -5.78878E+01
  2.50014E-01  1.52660E-26  1.45678E+04  6.00000E-04 -5.84216E+01
  3.43594E-01  1.50054E-26  1.45015E+04  6.00000E-04 -5.81432E+01
  4.37173E-01  1.50106E-26  1.44927E+04  6.00000E-04 -5.76442E+01
  5.30753E-01  1.50877E-26  1.44902E+04  6.00000E-04 -5.71191E+01
  6.24333E-01  1.51732E-26  1.44845E+04  6.00000E-04 -5.66428E+01
  7.17913E-01  1.53274E-26  1.44743E+04  6.00000E-04 -5.61011E+01
  8.11493E-01  1.55260E-26  1.44657E+04  6.00000E-04 -5.55967E+01
  9.05073E-01  1.58553E-26  1.44620E+04  6.00000E-04 -5.50882E+01
  9.98653E-01  1.64056E-26  1.44723E+04  6.00000E-04 -5.46917E+01
  1.09223E+00  1.73022E-26  1.44837E+04  6.00000E-04 -5.45361E+01
  1.18581E+00  1.86369E-26  1.44703E+04  6.00000E-04 -5.45886E+01
  1.27939E+00  2.00985E-26  1.44215E+04  6.00000E-04 -5.47118E+01
  1.37297E+00  2.10983E-26  1.43767E+04  6.00000E-04 -5.47974E+01
  1.46655E+00  2.11667E-26  1.43700E+04  6.00000E-04 -5.48720E+01
  1.56013E+00  2.04889E-26  1.43988E+04  6.00000E-04 -5.49877E+01
  1.65371E+00  1.99052E-26  1.44492E+04  6.00000E-04 -5.51232E+01
  1.74729E+00  1.98129E-26  1.45206E+04  6.00000E-04 -5.54176E+01
  1.84087E+00  2.01387E-26  1.45534E+04  6.00000E-04 -5.58439E+01
  1.93445E+00  2.03897E-26  1.45229E+04  6.00000E-04 -5.62894E+01
  2.02803E+00  2.06211E-26  1.45001E+04  6.00000E-04 -5.68118E+01
  2.12161E+00  2.12238E-26  1.44618E+04  6.00000E-04 -5.75868E+01
  2.21519E+00  2.14482E-26  1.43666E+04  6.00000E-04 -5.80212E+01
  2.30877E+00  2.07833E-26  1.43369E+04  6.00035E-04 -5.78165E+01
  2.40235E+00  2.01187E-26  1.44171E+04  6.01146E-04 -5.75850E+01
  2.49593E+00  1.96371E-26  1.44883E+04  6.10746E-04 -5.78064E+01
  2.58951E+00  1.64124E-26  1.64340E+04  6.36944E-04 -5.77487E+01
  2.68309E+00  1.21385E-26  2.17774E+04  6.67530E-04 -5.61153E+01
  2.77667E+00  1.31743E-26  2.05131E+04  6.53919E-04 -5.17974E+01
  2.87025E+00  1.65003E-26  1.68906E+04  6.27495E-04 -4.96059E+01
  2.96383E+00  1.58280E-26  1.60977E+04  6.50884E-04 -5.23482E+01
  3.05741E+00  9.12398E-27  1.97744E+04  6.93535E-04 -6.36029E+01
  3.15099E+00  8.83984E-27  1.76650E+04  7.06818E-04 -6.80244E+01
  3.24457E+00  1.13049E-26  1.59603E+04  6.93708E-04 -6.74681E+01
  3.33815E+00  1.09561E-26  1.79202E+04  6.80455E-04 -6.64846E+01
  3.43173E+00  9.61713E-27  2.15787E+04  6.83377E-04 -6.47399E+01
  3.52531E+00  5.99663E-27  3.46097E+04  7.02624E-04 -6.23951E+01
  3.61889E+00  2.56922E-27  7.85849E+04  7.52819E-04 -6.10737E+01
  3.71247E+00  1.55254E-27  1.34332E+05  7.92989E-04 -6.09319E+01
  3.80605E+00  1.71993E-27  1.34407E+05  8.09852E-04 -6.78678E+01
  3.89963E+00  7.66543E-28  3.16102E+05  9.96691E-04 -7.28173E+01
  3.99321E+00  4.62169E-28  5.26788E+05  1.18722E-03 -6.47932E+01
  4.08679E+00  6.81299E-28  3.45848E+05  1.00064E-03 -5.01185E+01
  4.18037E+00  8.31334E-28  2.76853E+05  9.27608E-04 -4.00519E+01
  4.27395E+00  4.95479E-28  4.89276E+05  1.11755E-03 -3.76338E+01
  4.36753E+00  3.33304E-28  7.63483E+05  1.33736E-03 -3.72986E+01
  4.46111E+00  3.26584E-28  7.92630E+05  1.36893E-03 -3.05667E+01
  4.55469E+00  3.19388E-28  7.95198E+05  1.40197E-03 -2.52983E+01
  4.64827E+00  2.64615E-28  9.32046E+05  1.55880E-03 -2.27427E+01
  4.74185E+00  2.43394E-28  1.04827E+06  1.68141E-03 -1.98288E+01
  4.83543E+00  2.18988E-28  1.19689E+06  1.83462E-03 -2.61925E+01
  4.92901E+00  2.57325E-28  1.02427E+06  1.64909E-03 -3.47124E+01
  5.02259E+00  2.67199E-28  9.94840E+05  1.61587E-03 -4.37063E+01
  5.11617E+00  2.43100E-28  1.11189E+06  1.73145E-03 -4.84588E+01
  5.20975E+00  2.27348E-28  1.21495E+06  1.82881E-03 -4.55666E+01
  5.30333E+00  2.23059E-28  1.26263E+06  1.87117E-03 -3.74703E+01
  5.39691E+00  2.30765E-28  1.23188E+06  1.83829E-03 -2.81472E+01
  5.49049E+00  2.40534E-28  1.18530E+06  1.78628E-03 -1.97306E+01
  5.58407E+00  2.57056E-28  1.11069E+06  1.70292E-03 -1.20229E+01
  5.67765E+00  2.62927E-28  1.08736E+06  1.67512E-03 -7.78159E+00
  5.77122E+00  2.53421E-28  1.13471E+06  1.72264E-03 -6.72185E+00
  5.86480E+00  2.32422E-28  1.25053E+06  1.84242E-03 -8.65532E+00
  5.95838E+00  2.22232E-28  1.31865E+06  1.91218E-03 -1.06851E+01
  6.05196E+00  2.16013E-28  1.36509E+06  1.95962E-03 -1.15448E+01
  6.14554E+00  2.10755E-28  1.40358E+06  1.99822E-03 -1.23756E+01
  6.23912E+00  2.11420E-28  1.40824E+06  1.99980E-03 -1.12373E+01
  6.33270E+00  2.11717E-28  1.40871E+06  1.99999E-03 -1.05156E+01
  6.42628E+00  2.11727E-28  1.40871E+06  2.00000E-03 -1.01744E+01
  6.51986E+00  2.11733E-28  1.40865E+06  2.00000E-03 -9.82217E+00
  6.61344E+00  2.11898E-28  1.40933E+06  2.00000E-03 -9.51772E+00
  6.70702E+00  2.12089E-28  1.41014E+06  2.00000E-03 -9.27784E+00
  6.80060E+00  2.12464E-28  1.41178E+06  2.00000E-03 -8.93193E+00
  6.89418E+00  2.12947E-28  1.41390E+06  2.00000E-03 -8.55430E+00
  6.98776E+00  2.13463E-28  1.41617E+06  2.00000E-03 -8.16051E+00
  7.08134E+00  2.14002E-28  1.41856E+06  2.00000E-03 -7.75631E+00
  7.17492E+00  2.14379E-28  1.42023E+06  2.00000E-03 -7.48096E+00
  7.26850E+00  2.14338E-28  1.42006E+06  2.00000E-03 -7.44089E+00
  7.36208E+00  2.13990E-28  1.41853E+06  2.00000E-03 -7.62868E+00
  7.45566E+00  2.13445E-28  1.41613E+06  2.00000E-03 -8.00029E+00
  7.54924E+00  2.12995E-28  1.41414E+06  2.00000E-03 -8.34759E+00
  7.64282E+00  2.12653E-28  1.41261E+06  2.00000E-03 -8.55891E+00
  7.73640E+00  2.12339E-28  1.41118E+06  2.00000E-03 -8.76436E+00
  7.82998E+00  2.12450E-28  1.41166E+06  2.00000E-03 -8.66575E+00
  7.92356E+00  2.12793E-28  1.41316E+06  2.00000E-03 -8.40511E+00
  8.01714E+00  2.13048E-28  1.41427E+06  2.00000E-03 -8.21560E+00
  8.11072E+00  2.13435E-28  1.41597E+06  2.00000E-03 -7.93259E+00
  8.20430E+00  2.13933E-28  1.41816E+06  2.00000E-03 -7.59223E+00
  8.29788E+00  2.14233E-28  1.41947E+06  2.00000E-03 -7.37348E+00
  8.39146E+00  2.14541E-28  1.42083E+06  2.00000E-03 -7.15217E+00
  8.48504E+00  2.14934E-28  1.42255E+06  2.00000E-03 -6.90691E+00
  8.57862E+00  2.15278E-28  1.42406E+06  2.00000E-03 -6.67781E+00
  8.67220E+00  2.15516E-28  1.42509E+06  2.00000E-03 -6.48700E+00
  8.76578E+00  2.15780E-28  1.42624E+06  2.00000E-03 -6.26826E+00
  8.85936E+00  2.16016E-28  1.42727E+06  2.00000E-03 -6.10389E+00
  8.95294E+00  2.16407E-28  1.42897E+06  2.00000E-03 -5.76361E+00
  9.04652E+00  2.16721E-28  1.43034E+06  2.00000E-03 -5.56870E+00
  9.14010E+00  2.17066E-28  1.43185E+06  2.00000E-03 -5.34606E+00
  9.23368E+00  2.17046E-28  1.43175E+06  2.00000E-03 -5.25956E+00
  9.32726E+00  2.17341E-28  1.43304E+06  2.00000E-03 -5.14063E+00
  9.42084E+00  2.17408E-28  1.43333E+06  2.00000E-03 -5.13211E+00
  9.51442E+00  2.17360E-28  1.43312E+06  2.00000E-03 -5.17585E+00
  9.60800E+00  2.17252E-28  1.43264E+06  2.00000E-03 -5.25974E+00
  9.70158E+00  2.17242E-28  1.43260E+06  2.00000E-03 -5.31657E+00
  9.79516E+00  2.17073E-28  1.43186E+06  2.00000E-03 -5.38001E+00
  9.88874E+00  2.17022E-28  1.43163E+06  2.00000E-03 -5.39772E+00
  9.98232E+00  2.17201E-28  1.43242E+06  2.00000E-03 -5.31524E+00
  1.00759E+01  2.17272E-28  1.43274E+06  2.00000E-03 -5.20651E+00
  1.01695E+01  2.17391E-28  1.43327E+06  2.00000E-03 -5.01187E+00
  1.02631E+01  2.17564E-28  1.43403E+06  2.00000E-03 -4.87826E+00
  1.03566E+01  2.17751E-28  1.43486E+06  2.00000E-03 -4.68727E+00
  1.04502E+01  2.17688E-28  1.43459E+06  2.00000E-03 -4.58796E+00
  1.05438E+01  2.17738E-28  1.43482E+06  2.00000E-03 -4.50440E+00
  1.06374E+01  2.17705E-28  1.43467E+06  2.00000E-03 -4.44979E+00
  1.07310E+01  2.17599E-28  1.43420E+06  2.00000E-03 -4.37480E+00
  1.08245E+01  2.17547E-28  1.43397E+06  2.00000E-03 -4.33389E+00
  1.09181E+01  2.17549E-28  1.43398E+06  2.00000E-03 -4.26267E+00
  1.10117E+01  2.17524E-28  1.43386E+06  2.00000E-03 -4.16020E+00
  1.11053E+01  2.17478E-28  1.43366E+06  2.00000E-03 -4.10919E+00
  1.11989E+01  2.17374E-28  1.43323E+06  2.00000E-03 -4.06598E+00
  1.12924E+01  2.17306E-28  1.43298E+06  2.00000E-03 -4.03385E+00
  1.13860E+01  2.16988E-28  1.43164E+06  2.00000E-03 -4.09486E+00
  1.14796E+01  2.16647E-28  1.43022E+06  2.00000E-03 -4.17404E+00
  1.15732E+01  2.16433E-28  1.42935E+06  2.00000E-03 -4.19872E+00
  1.16668E+01  2.16139E-28  1.42810E+06  2.00000E-03 -4.27296E+00
  1.17603E+01  2.15369E-28  1.42480E+06  2.00000E-03 -4.48356E+00
  1.18539E+01  2.14950E-28  1.42298E+06  2.00000E-03 -4.62403E+00
  1.19475E+01  2.15098E-28  1.42360E+06  2.00000E-03 -4.51353E+00
  1.20411E+01  2.14711E-28  1.42176E+06  2.00000E-03 -4.53838E+00
  1.21347E+01  2.14949E-28  1.42276E+06  2.00000E-03 -4.43614E+00
  1.22282E+01  2.14734E-28  1.42179E+06  2.00000E-03 -4.42194E+00
  1.23218E+01  2.14570E-28  1.42104E+06  2.00000E-03 -4.30709E+00
  1.24154E+01  2.14622E-28  1.42127E+06  2.00000E-03 -4.22775E+00
  1.25090E+01  2.14756E-28  1.42182E+06  2.00000E-03 -4.02656E+00
  1.26026E+01  2.14926E-28  1.42256E+06  2.00000E-03 -3.89718E+00
  1.26961E+01  2.15158E-28  1.42357E+06  2.00000E-03 -3.68068E+00
  1.27897E+01  2.15363E-28  1.42445E+06  2.00000E-03 -3.45862E+00
  1.28833E+01  2.15403E-28  1.42462E+06  2.00000E-03 -3.42648E+00
  1.29769E+01  2.15718E-28  1.42599E+06  2.00000E-03 -3.18508E+00
  1.30705E+01  2.15927E-28  1.42690E+06  2.00000E-03 -3.03687E+00
  1.31640E+01  2.16018E-28  1.42729E+06  2.00000E-03 -2.97621E+00
  1.32576E+01  2.16137E-28  1.42780E+06  2.00000E-03 -2.88821E+00
  1.33512E+01  2.16158E-28  1.42788E+06  2.00000E-03 -2.85128E+00
  1.34448E+01  2.16495E-28  1.42935E+06  2.00000E-03 -2.68258E+00
  1.35384E+01  2.16652E-28  1.43003E+06  2.00000E-03 -2.61022E+00
  1.36319E+01  2.16820E-28  1.43077E+06  2.00000E-03 -2.53075E+00
  1.37255E+01  2.17021E-28  1.43163E+06  2.00000E-03 -2.44713E+00
  1.38191E+01  2.17198E-28  1.43240E+06  2.00000E-03 -2.36449E+00
  1.39127E+01  2.17169E-28  1.43226E+06  2.00000E-03 -2.38599E+00
  1.40063E+01  2.17357E-28  1.43308E+06  2.00000E-03 -2.31757E+00
  1.40998E+01  2.17504E-28  1.43372E+06  2.00000E-03 -2.26980E+00
  1.41934E+01  2.17861E-28  1.43527E+06  2.00000E-03 -2.16942E+00
  1.42870E+01  2.17789E-28  1.43496E+06  2.00000E-03 -2.20581E+00
  1.43806E+01  2.17751E-28  1.43478E+06  2.00000E-03 -2.27302E+00
  1.44742E+01  2.17732E-28  1.43469E+06  2.00000E-03 -2.32763E+00
  1.45677E+01  2.17626E-28  1.43422E+06  2.00000E-03 -2.38384E+00
  1.46613E+01  2.17639E-28  1.43428E+06  2.00000E-03 -2.46559E+00
  1.47549E+01  2.17576E-28  1.43400E+06  2.00000E-03 -2.56094E+00
  1.48485E+01  2.17340E-28  1.43296E+06  2.00000E-03 -2.77362E+00
  1.49421E+01  2.17113E-28  1.43196E+06  2.00000E-03 -2.92868E+00
  1.50356E+01  2.16988E-28  1.43141E+06  2.00000E-03 -2.98817E+00
  1.51292E+01  2.16524E-28  1.42936E+06  2.00000E-03 -3.33845E+00
  1.52228E+01  2.16290E-28  1.42833E+06  2.00000E-03 -3.54134E+00
  1.53164E+01  2.16178E-28  1.42784E+06  2.00000E-03 -3.62230E+00
  1.54100E+01  2.15760E-28  1.42600E+06  2.00000E-03 -3.93535E+00
  1.55035E+01  2.15614E-28  1.42535E+06  2.00000E-03 -4.02302E+00
  1.55971E+01  2.15329E-28  1.42409E+06  2.00000E-03 -4.16473E+00
  1.56907E+01  2.15304E-28  1.42398E+06  2.00000E-03 -4.15483E+00
  1.57843E+01  2.15287E-28  1.42391E+06  2.00000E-03 -4.14136E+00
  1.58778E+01  2.15286E-28  1.42390E+06  2.00000E-03 -4.09578E+00
  1.59714E+01  2.15314E-28  1.42402E+06  2.00000E-03 -4.06353E+00
  1.60650E+01  2.15403E-28  1.42442E+06  2.00000E-03 -3.92449E+00
  1.61586E+01  2.15588E-28  1.42523E+06  2.00000E-03 -3.74158E+00
  1.62522E+01  2.15737E-28  1.42589E+06  2.00000E-03 -3.61748E+00
  1.63457E+01  2.15972E-28  1.42692E+06  2.00000E-03 -3.38316E+00
  1.64393E+01  2.16070E-28  1.42735E+06  2.00000E-03 -3.29341E+00
  1.65329E+01  2.16341E-28  1.42854E+06  2.00000E-03 -3.05774E+00
  1.66265E+01  2.16536E-28  1.42940E+06  2.00000E-03 -2.88123E+00
  1.67201E+01  2.16578E-28  1.42959E+06  2.00000E-03 -2.84666E+00
  1.68136E+01  2.16858E-28  1.43082E+06  2.00000E-03 -2.61693E+00
  1.69072E+01  2.16918E-28  1.43108E+06  2.00000E-03 -2.56167E+00
  1.70008E+01  2.17051E-28  1.43166E+06  2.00000E-03 -2.45746E+00
  1.70944E+01  2.17187E-28  1.43226E+06  2.00000E-03 -2.35992E+00
  1.71880E+01  2.17280E-28  1.43267E+06  2.00000E-03 -2.28310E+00
  1.72815E+01  2.17474E-28  1.43353E+06  2.00000E-03 -2.14114E+00
  1.73751E+01  2.17547E-28  1.43385E+06  2.00000E-03 -2.08400E+00
  1.74687E+01  2.17601E-28  1.43410E+06  2.00000E-03 -2.02905E+00
  1.75623E+01  2.17798E-28  1.43501E+06  2.00000E-03 -1.88686E+00
  1.76559E+01  2.17884E-28  1.43539E+06  2.00000E-03 -1.81941E+00
  1.77494E+01  2.17981E-28  1.43586E+06  2.00000E-03 -1.77895E+00
  1.78430E+01  2.18080E-28  1.43632E+06  2.00000E-03 -1.72973E+00
  1.79366E+01  2.18146E-28  1.43661E+06  2.00000E-03 -1.69195E+00
  1.80302E+01  2.18190E-28  1.43680E+06  2.00000E-03 -1.66694E+00
  1.81238E+01  2.18190E-28  1.43680E+06  2.00000E-03 -1.66700E+00
  1.82173E+01  2.18255E-28  1.43704E+06  2.00000E-03 -1.69680E+00
  1.83109E+01  2.18297E-28  1.43720E+06  2.00000E-03 -1.71613E+00
  1.84045E+01  2.18297E-28  1.43720E+06  2.00000E-03 -1.71613E+00
  1.84981E+01  2.18107E-28  1.43636E+06  2.00000E-03 -1.82773E+00
  1.85917E+01  2.17913E-28  1.43551E+06  2.00000E-03 -1.95313E+00
  1.86852E+01  2.17721E-28  1.43465E+06  2.00000E-03 -2.13909E+00
  1.87788E+01  2.17674E-28  1.43443E+06  2.00000E-03 -2.21139E+00
  1.88724E+01  2.17674E-28  1.43443E+06  2.00000E-03 -2.21139E+00
  1.89660E+01  2.17674E-28  1.43443E+06  2.00000E-03 -2.21139E+00
  1.90596E+01  2.17674E-28  1.43443E+06  2.00000E-03 -2.21139E+00
  1.91531E+01  2.17718E-28  1.43462E+06  2.00000E-03 -2.19973E+00
  1.92467E+01  2.17791E-28  1.43493E+06  2.00000E-03 -2.17461E+00
  1.93403E+01  2.17818E-28  1.43505E+06  2.00000E-03 -2.15652E+00
  1.94339E+01  2.17829E-28  1.43510E+06  2.00000E-03 -2.14919E+00
  1.95275E+01  2.17820E-28  1.43506E+06  2.00000E-03 -2.15430E+00
  1.96210E+01  2.17800E-28  1.43497E+06  2.00000E-03 -2.14406E+00
  1.97146E+01  2.17906E-28  1.43543E+06  2.00000E-03 -2.04223E+00
  1.98082E+01  2.17920E-28  1.43549E+06  2.00000E-03 -2.03807E+00
  1.99018E+01  2.17989E-28  1.43579E+06  2.00000E-03 -2.00421E+00
  1.99954E+01  2.18057E-28  1.43609E+06  2.00000E-03 -1.94173E+00
  2.00889E+01  2.18116E-28  1.43635E+06  2.00000E-03 -1.85103E+00
  2.01825E+01  2.18111E-28  1.43632E+06  2.00000E-03 -1.79897E+00
  2.02761E+01  2.18106E-28  1.43630E+06  2.00000E-03 -1.78958E+00
  2.03697E+01  2.18106E-28  1.43630E+06  2.00000E-03 -1.78958E+00
  2.04633E+01  2.18106E-28  1.43630E+06  2.00000E-03 -1.78958E+00
  2.05568E+01  2.18077E-28  1.43617E+06  2.00000E-03 -1.79083E+00
  2.06504E+01  2.17784E-28  1.43488E+06  2.00000E-03 -1.81653E+00
  2.07440E+01  2.17708E-28  1.43455E+06  2.00000E-03 -1.81387E+00
  2.08376E+01  2.17796E-28  1.43494E+06  2.00000E-03 -1.76566E+00
  2.09312E+01  2.17926E-28  1.43551E+06  2.00000E-03 -1.71481E+00
  2.10247E+01  2.18018E-28  1.43591E+06  2.00000E-03 -1.66235E+00
  2.11183E+01  2.17872E-28  1.43527E+06  2.00000E-03 -1.66031E+00
  2.12119E+01  2.17839E-28  1.43513E+06  2.00000E-03 -1.66553E+00
  2.13055E+01  2.17839E-28  1.43513E+06  2.00000E-03 -1.66553E+00
  2.13991E+01  2.17602E-28  1.43408E+06  2.00000E-03 -1.72981E+00
  2.14926E+01  2.17401E-28  1.43320E+06  2.00000E-03 -1.77904E+00
  2.15862E+01  2.17140E-28  1.43205E+06  2.00000E-03 -1.82683E+00
  2.16798E+01  2.17035E-28  1.43158E+06  2.00000E-03 -1.84501E+00
  2.17734E+01  2.17035E-28  1.43158E+06  2.00000E-03 -1.84501E+00
  2.18670E+01  2.17034E-28  1.43158E+06  2.00000E-03 -1.84501E+00
  2.19605E+01  2.17130E-28  1.43201E+06  2.00000E-03 -1.80265E+00
  2.20541E+01  2.17010E-28  1.43148E+06  2.00000E-03 -1.79941E+00
  2.21477E+01  2.16870E-28  1.43086E+06  2.00000E-03 -1.81933E+00
  2.22413E+01  2.16909E-28  1.43103E+06  2.00000E-03 -1.80788E+00
  2.23349E+01  2.16929E-28  1.43112E+06  2.00000E-03 -1.80223E+00
  2.24284E+01  2.16929E-28  1.43112E+06  2.00000E-03 -1.80223E+00
  2.25220E+01  2.16809E-28  1.43059E+06  2.00000E-03 -1.82875E+00
  2.26156E+01  2.16767E-28  1.43040E+06  2.00000E-03 -1.83793E+00
  2.27092E+01  2.16750E-28  1.43033E+06  2.00000E-03 -1.84405E+00
  2.28028E+01  2.16701E-28  1.43011E+06  2.00000E-03 -1.86145E+00
  2.28963E+01  2.16663E-28  1.42995E+06  2.00000E-03 -1.87443E+00
  2.29899E+01  2.16650E-28  1.42989E+06  2.00000E-03 -1.87795E+00
  2.30835E+01  2.16640E-28  1.42984E+06  2.00000E-03 -1.88085E+00
  2.31771E+01  2.16638E-28  1.42983E+06  2.00000E-03 -1.89060E+00
  2.32707E+01  2.16637E-28  1.42982E+06  2.00000E-03 -1.90065E+00
  2.33642E+01  2.16635E-28  1.42982E+06  2.00000E-03 -1.90532E+00
  2.34578E+01  2.16597E-28  1.42966E+06  2.00000E-03 -1.92511E+00
  2.35514E+01  2.16619E-28  1.42976E+06  2.00000E-03 -1.90384E+00
  2.36450E+01  2.16619E-28  1.42976E+06  2.00000E-03 -1.90325E+00
  2.37386E+01  2.16619E-28  1.42976E+06  2.00000E-03 -1.90325E+00
  2.38321E+01  2.16619E-28  1.42976E+06  2.00000E-03 -1.90325E+00
  2.39257E+01  2.16653E-28  1.42992E+06  2.00000E-03 -1.88493E+00
  2.40193E+01  2.16699E-28  1.43014E+06  2.00000E-03 -1.86044E+00
  2.41129E+01  2.16702E-28  1.43015E+06  2.00000E-03 -1.84986E+00
  2.42065E+01  2.16705E-28  1.43016E+06  2.00000E-03 -1.83632E+00
  2.43000E+01  2.16709E-28  1.43018E+06  2.00000E-03 -1.81752E+00
  2.43936E+01  2.16709E-28  1.43018E+06  2.00000E-03 -1.81752E+00
  2.44872E+01  2.16709E-28  1.43018E+06  2.00000E-03 -1.81752E+00
  2.45808E+01  2.16709E-28  1.43018E+06  2.00000E-03 -1.81752E+00
  2.46744E+01  2.16709E-28  1.43018E+06  2.00000E-03 -1.81752E+00
  2.47679E+01  2.16709E-28  1.43018E+06  2.00000E-03 -1.81752E+00
  2.48615E+01  2.16703E-28  1.43015E+06  2.00000E-03 -1.81480E+00
  2.49551E+01  2.16680E-28  1.43003E+06  2.00000E-03 -1.80187E+00
  2.50487E+01  2.16677E-28  1.43002E+06  2.00000E-03 -1.80061E+00
  2.51423E+01  2.16677E-28  1.43002E+06  2.00000E-03 -1.80061E+00
  2.52358E+01  2.16677E-28  1.43002E+06  2.00000E-03 -1.80061E+00
  2.53294E+01  2.16677E-28  1.43002E+06  2.00000E-03 -1.80061E+00
  2.54230E+01  2.16677E-28  1.43002E+06  2.00000E-03 -1.80061E+00
  2.55166E+01  2.16726E-28  1.43023E+06  2.00000E-03 -1.76822E+00
  2.56102E+01  2.16772E-28  1.43043E+06  2.00000E-03 -1.72246E+00
  2.57037E+01  2.16812E-28  1.43060E+06  2.00000E-03 -1.68331E+00
  2.57973E+01  2.16822E-28  1.43065E+06  2.00000E-03 -1.67582E+00
  2.58909E+01  2.16923E-28  1.43108E+06  2.00000E-03 -1.56674E+00
  2.59845E+01  2.16926E-28  1.43110E+06  2.00000E-03 -1.56260E+00
  2.60781E+01  2.16926E-28  1.43110E+06  2.00000E-03 -1.56260E+00
  2.61716E+01  2.16926E-28  1.43110E+06  2.00000E-03 -1.56260E+00
  2.62652E+01  2.16926E-28  1.43110E+06  2.00000E-03 -1.56260E+00
  2.63588E+01  2.16926E-28  1.43110E+06  2.00000E-03 -1.56260E+00
  2.64524E+01  2.16926E-28  1.43110E+06  2.00000E-03 -1.56260E+00
  2.65460E+01  2.16926E-28  1.43110E+06  2.00000E-03 -1.56260E+00
  2.66395E+01  2.16926E-28  1.43110E+06  2.00000E-03 -1.56260E+00
  2.67331E+01  2.16942E-28  1.43117E+06  2.00000E-03 -1.54993E+00
  2.68267E+01  2.17053E-28  1.43166E+06  2.00000E-03 -1.46294E+00
  2.69203E+01  2.17186E-28  1.43224E+06  2.00000E-03 -1.36774E+00
  2.70139E+01  2.17296E-28  1.43272E+06  2.00000E-03 -1.29930E+00
  2.71074E+01  2.17337E-28  1.43290E+06  2.00000E-03 -1.27406E+00
  2.72010E+01  2.17337E-28  1.43290E+06  2.00000E-03 -1.27406E+00
  2.72946E+01  2.17337E-28  1.43290E+06  2.00000E-03 -1.27406E+00
  2.73882E+01  2.17337E-28  1.43290E+06  2.00000E-03 -1.27406E+00
  2.74818E+01  2.17337E-28  1.43290E+06  2.00000E-03 -1.27406E+00
  2.75753E+01  2.17337E-28  1.43290E+06  2.00000E-03 -1.27406E+00
  2.76689E+01  2.17337E-28  1.43290E+06  2.00000E-03 -1.27406E+00
  2.77625E+01  2.17409E-28  1.43322E+06  2.00000E-03 -1.23711E+00
  2.78561E+01  2.17476E-28  1.43351E+06  2.00000E-03 -1.20272E+00
  2.79496E+01  2.17425E-28  1.43329E+06  2.00000E-03 -1.22806E+00
  2.80432E+01  2.17394E-28  1.43315E+06  2.00000E-03 -1.24374E+00
  2.81368E+01  2.17377E-28  1.43307E+06  2.00000E-03 -1.25215E+00
  2.82304E+01  2.17299E-28  1.43273E+06  2.00000E-03 -1.29153E+00
  2.83240E+01  2.17333E-28  1.43288E+06  2.00000E-03 -1.27677E+00
  2.84175E+01  2.17362E-28  1.43301E+06  2.00000E-03 -1.26434E+00
  2.85111E+01  2.17389E-28  1.43312E+06  2.00000E-03 -1.25280E+00
  2.86047E+01  2.17389E-28  1.43312E+06  2.00000E-03 -1.25280E+00
  2.86983E+01  2.17387E-28  1.43312E+06  2.00000E-03 -1.25681E+00
  2.87919E+01  2.17384E-28  1.43310E+06  2.00000E-03 -1.26701E+00
  2.88854E+01  2.17383E-28  1.43310E+06  2.00000E-03 -1.26772E+00
  2.89790E+01  2.17384E-28  1.43310E+06  2.00000E-03 -1.26772E+00
  2.90726E+01  2.17384E-28  1.43310E+06  2.00000E-03 -1.26772E+00
  2.91662E+01  2.17383E-28  1.43310E+06  2.00000E-03 -1.26772E+00
  2.92598E+01  2.17383E-28  1.43310E+06  2.00000E-03 -1.26772E+00
  2.93533E+01  2.17383E-28  1.43310E+06  2.00000E-03 -1.26772E+00
  2.94469E+01  2.17383E-28  1.43310E+06  2.00000E-03 -1.26772E+00
  2.95405E+01  2.17383E-28  1.43310E+06  2.00000E-03 -1.26772E+00
  2.96341E+01  2.17380E-28  1.43309E+06  2.00000E-03 -1.26939E+00
  2.97277E+01  2.17303E-28  1.43275E+06  2.00000E-03 -1.30370E+00
  2.98212E+01  2.17277E-28  1.43263E+06  2.00000E-03 -1.31149E+00
  2.99148E+01  2.17264E-28  1.43257E+06  2.00000E-03 -1.31528E+00
  3.00084E+01  2.17264E-28  1.43257E+06  2.00000E-03 -1.31528E+00
  3.01020E+01  2.17264E-28  1.43257E+06  2.00000E-03 -1.31528E+00
  3.01956E+01  2.17264E-28  1.43257E+06  2.00000E-03 -1.31528E+00
  3.02891E+01  2.17268E-28  1.43259E+06  2.00000E-03 -1.31208E+00
  3.03827E+01  2.17302E-28  1.43274E+06  2.00000E-03 -1.28837E+00
  3.04763E+01  2.17310E-28  1.43278E+06  2.00000E-03 -1.28248E+00
  3.05699E+01  2.17334E-28  1.43288E+06  2.00000E-03 -1.26248E+00
