 -3.04442E+01  2.15493E-28  1.42491E+06  2.00000E-03  1.00123E+01
 -3.03506E+01  2.15472E-28  1.42481E+06  2.00000E-03  1.00672E+01
 -3.02570E+01  2.15429E-28  1.42462E+06  2.00000E-03  1.01752E+01
 -3.01634E+01  2.15405E-28  1.42452E+06  2.00000E-03  1.02351E+01
 -3.00699E+01  2.15406E-28  1.42452E+06  2.00000E-03  1.02351E+01
 -2.99763E+01  2.15405E-28  1.42452E+06  2.00000E-03  1.02351E+01
 -2.98827E+01  2.15405E-28  1.42452E+06  2.00000E-03  1.02351E+01
 -2.97891E+01  2.15405E-28  1.42452E+06  2.00000E-03  1.02351E+01
 -2.96955E+01  2.15406E-28  1.42452E+06  2.00000E-03  1.02351E+01
 -2.96020E+01  2.15438E-28  1.42467E+06  2.00000E-03  1.03035E+01
 -2.95084E+01  2.15480E-28  1.42486E+06  2.00000E-03  1.03935E+01
 -2.94148E+01  2.15485E-28  1.42488E+06  2.00000E-03  1.04036E+01
 -2.93212E+01  2.15485E-28  1.42488E+06  2.00000E-03  1.04036E+01
 -2.92276E+01  2.15485E-28  1.42488E+06  2.00000E-03  1.04036E+01
 -2.91341E+01  2.15495E-28  1.42493E+06  2.00000E-03  1.03966E+01
 -2.90405E+01  2.15547E-28  1.42516E+06  2.00000E-03  1.03611E+01
 -2.89469E+01  2.15555E-28  1.42519E+06  2.00000E-03  1.04031E+01
 -2.88533E+01  2.15635E-28  1.42555E+06  2.00000E-03  1.03898E+01
 -2.87597E+01  2.15688E-28  1.42578E+06  2.00000E-03  1.03996E+01
 -2.86662E+01  2.15831E-28  1.42641E+06  2.00000E-03  1.03329E+01
 -2.85726E+01  2.16395E-28  1.42891E+06  2.00000E-03  1.00695E+01
 -2.84790E+01  2.16418E-28  1.42901E+06  2.00000E-03  1.00588E+01
 -2.83854E+01  2.16418E-28  1.42901E+06  2.00000E-03  1.00588E+01
 -2.82918E+01  2.16418E-28  1.42901E+06  2.00000E-03  1.00588E+01
 -2.81983E+01  2.16418E-28  1.42901E+06  2.00000E-03  1.00588E+01
 -2.81047E+01  2.16418E-28  1.42901E+06  2.00000E-03  1.00588E+01
 -2.80111E+01  2.16418E-28  1.42901E+06  2.00000E-03  1.00588E+01
 -2.79175E+01  2.16418E-28  1.42901E+06  2.00000E-03  1.00588E+01
 -2.78239E+01  2.16418E-28  1.42901E+06  2.00000E-03  1.00588E+01
 -2.77304E+01  2.16518E-28  1.42945E+06  2.00000E-03  1.00030E+01
 -2.76368E+01  2.17254E-28  1.43270E+06  2.00000E-03  9.59880E+00
 -2.75432E+01  2.17535E-28  1.43394E+06  2.00000E-03  9.47591E+00
 -2.74496E+01  2.17675E-28  1.43456E+06  2.00000E-03  9.45756E+00
 -2.73560E+01  2.17720E-28  1.43475E+06  2.00000E-03  9.45171E+00
 -2.72625E+01  2.17720E-28  1.43475E+06  2.00000E-03  9.45171E+00
 -2.71689E+01  2.17720E-28  1.43475E+06  2.00000E-03  9.45171E+00
 -2.70753E+01  2.17720E-28  1.43475E+06  2.00000E-03  9.45171E+00
 -2.69817E+01  2.17720E-28  1.43475E+06  2.00000E-03  9.45171E+00
 -2.68881E+01  2.17720E-28  1.43475E+06  2.00000E-03  9.45171E+00
 -2.67946E+01  2.17780E-28  1.43502E+06  2.00000E-03  9.40380E+00
 -2.67010E+01  2.18543E-28  1.43838E+06  2.00000E-03  8.96470E+00
 -2.66074E+01  2.18966E-28  1.44025E+06  2.00000E-03  8.74042E+00
 -2.65138E+01  2.19070E-28  1.44070E+06  2.00000E-03  8.65307E+00
 -2.64202E+01  2.19174E-28  1.44116E+06  2.00000E-03  8.56466E+00
 -2.63267E+01  2.19174E-28  1.44116E+06  2.00000E-03  8.56466E+00
 -2.62331E+01  2.19174E-28  1.44116E+06  2.00000E-03  8.56466E+00
 -2.61395E+01  2.19260E-28  1.44153E+06  2.00000E-03  8.59370E+00
 -2.60459E+01  2.19335E-28  1.44186E+06  2.00000E-03  8.61924E+00
 -2.59523E+01  2.19408E-28  1.44218E+06  2.00000E-03  8.64408E+00
 -2.58588E+01  2.19408E-28  1.44218E+06  2.00000E-03  8.64408E+00
 -2.57652E+01  2.19687E-28  1.44341E+06  2.00000E-03  8.57341E+00
 -2.56716E+01  2.20017E-28  1.44487E+06  2.00000E-03  8.48984E+00
 -2.55780E+01  2.20041E-28  1.44498E+06  2.00000E-03  8.48369E+00
 -2.54844E+01  2.20041E-28  1.44498E+06  2.00000E-03  8.48369E+00
 -2.53909E+01  2.20041E-28  1.44498E+06  2.00000E-03  8.48369E+00
 -2.52973E+01  2.20041E-28  1.44498E+06  2.00000E-03  8.48369E+00
 -2.52037E+01  2.20041E-28  1.44498E+06  2.00000E-03  8.48369E+00
 -2.51101E+01  2.20041E-28  1.44498E+06  2.00000E-03  8.48369E+00
 -2.50165E+01  2.20041E-28  1.44498E+06  2.00000E-03  8.48369E+00
 -2.49230E+01  2.20041E-28  1.44498E+06  2.00000E-03  8.48369E+00
 -2.48294E+01  2.20253E-28  1.44591E+06  2.00000E-03  8.39585E+00
 -2.47358E+01  2.21175E-28  1.44997E+06  2.00000E-03  8.01013E+00
 -2.46422E+01  2.21588E-28  1.45178E+06  2.00000E-03  7.83136E+00
 -2.45486E+01  2.21755E-28  1.45250E+06  2.00000E-03  7.75913E+00
 -2.44551E+01  2.21755E-28  1.45250E+06  2.00000E-03  7.75913E+00
 -2.43615E+01  2.21702E-28  1.45228E+06  2.00000E-03  7.75830E+00
 -2.42679E+01  2.21644E-28  1.45202E+06  2.00000E-03  7.75740E+00
 -2.41743E+01  2.21603E-28  1.45185E+06  2.00000E-03  7.75675E+00
 -2.40807E+01  2.21509E-28  1.45144E+06  2.00000E-03  7.75528E+00
 -2.39872E+01  2.21484E-28  1.45133E+06  2.00000E-03  7.75487E+00
 -2.38936E+01  2.21582E-28  1.45176E+06  2.00000E-03  7.69970E+00
 -2.38000E+01  2.22172E-28  1.45435E+06  2.00000E-03  7.37102E+00
 -2.37064E+01  2.22336E-28  1.45507E+06  2.00000E-03  7.27995E+00
 -2.36129E+01  2.22336E-28  1.45507E+06  2.00000E-03  7.27995E+00
 -2.35193E+01  2.22336E-28  1.45507E+06  2.00000E-03  7.27995E+00
 -2.34257E+01  2.22343E-28  1.45510E+06  2.00000E-03  7.26513E+00
 -2.33321E+01  2.22382E-28  1.45525E+06  2.00000E-03  7.25411E+00
 -2.32385E+01  2.22313E-28  1.45495E+06  2.00000E-03  7.45753E+00
 -2.31450E+01  2.22269E-28  1.45476E+06  2.00000E-03  7.48584E+00
 -2.30514E+01  2.22158E-28  1.45428E+06  2.00000E-03  7.53916E+00
 -2.29578E+01  2.22141E-28  1.45420E+06  2.00000E-03  7.54749E+00
 -2.28642E+01  2.21848E-28  1.45309E+06  2.00000E-03  7.52451E+00
 -2.27706E+01  2.21813E-28  1.45296E+06  2.00000E-03  7.50842E+00
 -2.26771E+01  2.21766E-28  1.45276E+06  2.00000E-03  7.68817E+00
 -2.25835E+01  2.21677E-28  1.45237E+06  2.00000E-03  8.02855E+00
 -2.24899E+01  2.21635E-28  1.45218E+06  2.00000E-03  8.17544E+00
 -2.23963E+01  2.21465E-28  1.45102E+06  2.00000E-03  8.23461E+00
 -2.23027E+01  2.21366E-28  1.45035E+06  2.00000E-03  8.26904E+00
 -2.22092E+01  2.21366E-28  1.45035E+06  2.00000E-03  8.26904E+00
 -2.21156E+01  2.21366E-28  1.45035E+06  2.00000E-03  8.26904E+00
 -2.20220E+01  2.21308E-28  1.45010E+06  2.00000E-03  8.36767E+00
 -2.19284E+01  2.20798E-28  1.44936E+06  2.00000E-03  8.81866E+00
 -2.18348E+01  2.20447E-28  1.44816E+06  2.00000E-03  9.72214E+00
 -2.17413E+01  2.20359E-28  1.44774E+06  2.00000E-03  9.89042E+00
 -2.16477E+01  2.20322E-28  1.44763E+06  2.00000E-03  9.88129E+00
 -2.15541E+01  2.20322E-28  1.44763E+06  2.00000E-03  9.88129E+00
 -2.14605E+01  2.20236E-28  1.44652E+06  1.99919E-03  1.01722E+01
 -2.13669E+01  2.20146E-28  1.44536E+06  1.99835E-03  1.04778E+01
 -2.12734E+01  2.20042E-28  1.44547E+06  1.99863E-03  1.09503E+01
 -2.11798E+01  2.19926E-28  1.44572E+06  1.99905E-03  1.14872E+01
 -2.10862E+01  2.19816E-28  1.44596E+06  1.99945E-03  1.19995E+01
 -2.09926E+01  2.20199E-28  1.44273E+06  1.99817E-03  1.21536E+01
 -2.08990E+01  2.21251E-28  1.43391E+06  1.99468E-03  1.25739E+01
 -2.08055E+01  2.21258E-28  1.43442E+06  1.99475E-03  1.24210E+01
 -2.07119E+01  2.21265E-28  1.43492E+06  1.99481E-03  1.22745E+01
 -2.06183E+01  2.21269E-28  1.43523E+06  1.99485E-03  1.21833E+01
 -2.05247E+01  2.21665E-28  1.43407E+06  1.99393E-03  1.20760E+01
 -2.04311E+01  2.20748E-28  1.44146E+06  1.99698E-03  1.27319E+01
 -2.03376E+01  2.20387E-28  1.44400E+06  1.99817E-03  1.29231E+01
 -2.02440E+01  2.20387E-28  1.44400E+06  1.99817E-03  1.29231E+01
 -2.01504E+01  2.20387E-28  1.44400E+06  1.99817E-03  1.29231E+01
 -2.00568E+01  2.20421E-28  1.44528E+06  1.99815E-03  1.27142E+01
 -1.99632E+01  2.20472E-28  1.44721E+06  1.99813E-03  1.24013E+01
 -1.98697E+01  2.20448E-28  1.44852E+06  1.99857E-03  1.25086E+01
 -1.97761E+01  2.20379E-28  1.45012E+06  1.99941E-03  1.28651E+01
 -1.96825E+01  2.20333E-28  1.45117E+06  1.99997E-03  1.30977E+01
 -1.95889E+01  2.20588E-28  1.45226E+06  1.99996E-03  1.27830E+01
 -1.94953E+01  2.21043E-28  1.45530E+06  1.99994E-03  1.21989E+01
 -1.94018E+01  2.21123E-28  1.45573E+06  1.99994E-03  1.20992E+01
 -1.93082E+01  2.21360E-28  1.45662E+06  1.99992E-03  1.18132E+01
 -1.92146E+01  2.21370E-28  1.45665E+06  1.99992E-03  1.18044E+01
 -1.91210E+01  2.21513E-28  1.45628E+06  1.99994E-03  1.17758E+01
 -1.90274E+01  2.21640E-28  1.45682E+06  1.99996E-03  1.16466E+01
 -1.89339E+01  2.21676E-28  1.45669E+06  1.99999E-03  1.17111E+01
 -1.88403E+01  2.21676E-28  1.45669E+06  1.99999E-03  1.17111E+01
 -1.87467E+01  2.21676E-28  1.45669E+06  1.99999E-03  1.17111E+01
 -1.86531E+01  2.21644E-28  1.45665E+06  1.99999E-03  1.16837E+01
 -1.85595E+01  2.21523E-28  1.45651E+06  1.99998E-03  1.15810E+01
 -1.84660E+01  2.21622E-28  1.45552E+06  1.99998E-03  1.13897E+01
 -1.83724E+01  2.21607E-28  1.45426E+06  1.99999E-03  1.13079E+01
 -1.82788E+01  2.21591E-28  1.45395E+06  2.00000E-03  1.12941E+01
 -1.81852E+01  2.21526E-28  1.45379E+06  2.00000E-03  1.13124E+01
 -1.80916E+01  2.20859E-28  1.45188E+06  2.00000E-03  1.14603E+01
 -1.79981E+01  2.20643E-28  1.45125E+06  1.99999E-03  1.15049E+01
 -1.79045E+01  2.20643E-28  1.45125E+06  1.99999E-03  1.15049E+01
 -1.78109E+01  2.20676E-28  1.45089E+06  2.00000E-03  1.14425E+01
 -1.77173E+01  2.20730E-28  1.45031E+06  2.00000E-03  1.13418E+01
 -1.76237E+01  2.20424E-28  1.44791E+06  2.00000E-03  1.13385E+01
 -1.75302E+01  2.19977E-28  1.44628E+06  2.00000E-03  1.15733E+01
 -1.74366E+01  2.19911E-28  1.44580E+06  2.00000E-03  1.15334E+01
 -1.73430E+01  2.19719E-28  1.44480E+06  2.00000E-03  1.14983E+01
 -1.72494E+01  2.19533E-28  1.44370E+06  2.00000E-03  1.14748E+01
 -1.71558E+01  2.19308E-28  1.44282E+06  2.00000E-03  1.15337E+01
 -1.70623E+01  2.19151E-28  1.44189E+06  2.00000E-03  1.14340E+01
 -1.69687E+01  2.19040E-28  1.44114E+06  2.00000E-03  1.13335E+01
 -1.68751E+01  2.18715E-28  1.43962E+06  2.00000E-03  1.12309E+01
 -1.67815E+01  2.18682E-28  1.43948E+06  2.00000E-03  1.12187E+01
 -1.66879E+01  2.18706E-28  1.43939E+06  2.00000E-03  1.09062E+01
 -1.65944E+01  2.18530E-28  1.43846E+06  2.00000E-03  1.03526E+01
 -1.65008E+01  2.18513E-28  1.43835E+06  2.00000E-03  1.02712E+01
 -1.64072E+01  2.18183E-28  1.43697E+06  2.00000E-03  1.07006E+01
 -1.63136E+01  2.17831E-28  1.43567E+06  2.00000E-03  1.04964E+01
 -1.62200E+01  2.17596E-28  1.43470E+06  2.00000E-03  1.08226E+01
 -1.61265E+01  2.17466E-28  1.43396E+06  2.00000E-03  1.14696E+01
 -1.60329E+01  2.19809E-28  1.42030E+06  1.99492E-03  1.14658E+01
 -1.59393E+01  2.22721E-28  1.40021E+06  1.98894E-03  1.28577E+01
 -1.58457E+01  2.19271E-28  1.41951E+06  1.99520E-03  1.54701E+01
 -1.57521E+01  2.19647E-28  1.41344E+06  1.99384E-03  1.62123E+01
 -1.56586E+01  2.16758E-28  1.42596E+06  1.99901E-03  1.70654E+01
 -1.55650E+01  2.16582E-28  1.42554E+06  1.99926E-03  1.71955E+01
 -1.54714E+01  2.15794E-28  1.42476E+06  1.99961E-03  1.73137E+01
 -1.53778E+01  2.14356E-28  1.42485E+06  1.99975E-03  1.83625E+01
 -1.52842E+01  2.13572E-28  1.42348E+06  1.99799E-03  1.96639E+01
 -1.51907E+01  2.13022E-28  1.41966E+06  1.99931E-03  2.18268E+01
 -1.50971E+01  2.12979E-28  1.41937E+06  1.99967E-03  2.24285E+01
 -1.50035E+01  2.13801E-28  1.41741E+06  1.99687E-03  2.24976E+01
 -1.49099E+01  2.15136E-28  1.40755E+06  1.98554E-03  2.19802E+01
 -1.48163E+01  2.15085E-28  1.41392E+06  1.98706E-03  2.17421E+01
 -1.47228E+01  2.14971E-28  1.42518E+06  1.99458E-03  2.20982E+01
 -1.46292E+01  2.16007E-28  1.42147E+06  1.99391E-03  2.13118E+01
 -1.45356E+01  2.19749E-28  1.39885E+06  1.98480E-03  1.70257E+01
 -1.44420E+01  2.16734E-28  1.42074E+06  1.99492E-03  1.69871E+01
 -1.43484E+01  2.17358E-28  1.41725E+06  1.99315E-03  1.65555E+01
 -1.42549E+01  2.17948E-28  1.41651E+06  1.99250E-03  1.64539E+01
 -1.41613E+01  2.17206E-28  1.42079E+06  1.99501E-03  1.64640E+01
 -1.40677E+01  2.16601E-28  1.42287E+06  1.99623E-03  1.69748E+01
 -1.39741E+01  2.15693E-28  1.42475E+06  1.99783E-03  1.79162E+01
 -1.38805E+01  2.16041E-28  1.42118E+06  1.99659E-03  1.78215E+01
 -1.37870E+01  2.16100E-28  1.41481E+06  1.99540E-03  1.79950E+01
 -1.36934E+01  2.15810E-28  1.41467E+06  1.99586E-03  1.82596E+01
 -1.35998E+01  2.16400E-28  1.40693E+06  1.99343E-03  1.84520E+01
 -1.35062E+01  2.17966E-28  1.39064E+06  1.98814E-03  1.86640E+01
 -1.34126E+01  2.18819E-28  1.38254E+06  1.98520E-03  1.87813E+01
 -1.33191E+01  2.18527E-28  1.37678E+06  1.98365E-03  1.87298E+01
 -1.32255E+01  2.21431E-28  1.35621E+06  1.97520E-03  1.88490E+01
 -1.31319E+01  2.23556E-28  1.34209E+06  1.96931E-03  1.89653E+01
 -1.30383E+01  2.20941E-28  1.34615E+06  1.97255E-03  1.90772E+01
 -1.29447E+01  2.20937E-28  1.34614E+06  1.97250E-03  1.90505E+01
 -1.28512E+01  2.19666E-28  1.34975E+06  1.97392E-03  1.88614E+01
 -1.27576E+01  2.18444E-28  1.35410E+06  1.97659E-03  1.89498E+01
 -1.26640E+01  2.17851E-28  1.35723E+06  1.97813E-03  1.91507E+01
 -1.25704E+01  2.14112E-28  1.37809E+06  1.98821E-03  2.01568E+01
 -1.24768E+01  2.14383E-28  1.38103E+06  1.98872E-03  1.94923E+01
 -1.23833E+01  2.13068E-28  1.39624E+06  1.99390E-03  1.99424E+01
 -1.22897E+01  2.11952E-28  1.40602E+06  1.99781E-03  2.11277E+01
 -1.21961E+01  2.12301E-28  1.40870E+06  1.99818E-03  2.07330E+01
 -1.21025E+01  2.12232E-28  1.41411E+06  1.99954E-03  2.34612E+01
 -1.20089E+01  2.12600E-28  1.41723E+06  1.99980E-03  2.41033E+01
 -1.19154E+01  2.12526E-28  1.41689E+06  1.99983E-03  2.54901E+01
 -1.18218E+01  2.12841E-28  1.41801E+06  1.99954E-03  2.97298E+01
 -1.17282E+01  2.13089E-28  1.41830E+06  1.99903E-03  3.00004E+01
 -1.16346E+01  2.12215E-28  1.41385E+06  1.99895E-03  3.44479E+01
 -1.15410E+01  2.10612E-28  1.40767E+06  1.99885E-03  4.00444E+01
 -1.14475E+01  2.08912E-28  1.39843E+06  1.99722E-03  4.65648E+01
 -1.13539E+01  2.07036E-28  1.39125E+06  1.99671E-03  5.23277E+01
 -1.12603E+01  2.07595E-28  1.38998E+06  1.99528E-03  5.62505E+01
 -1.11667E+01  2.07209E-28  1.38360E+06  1.99382E-03  6.13458E+01
 -1.10731E+01  2.09751E-28  1.38343E+06  1.99110E-03  6.38595E+01
 -1.09796E+01  2.19012E-28  1.40293E+06  1.98641E-03  6.03377E+01
 -1.08860E+01  2.29108E-28  1.42011E+06  1.98103E-03  5.60926E+01
 -1.07924E+01  2.42741E-28  1.42863E+06  1.96899E-03  5.07536E+01
 -1.06988E+01  2.56557E-28  1.41651E+06  1.95127E-03  4.64381E+01
 -1.06052E+01  2.64647E-28  1.41835E+06  1.93532E-03  4.47311E+01
 -1.05117E+01  2.69507E-28  1.40763E+06  1.92505E-03  4.49638E+01
 -1.04181E+01  2.72395E-28  1.39884E+06  1.90868E-03  4.52931E+01
 -1.03245E+01  2.73209E-28  1.40252E+06  1.89316E-03  4.34153E+01
 -1.02309E+01  2.91031E-28  1.34352E+06  1.85112E-03  3.56976E+01
 -1.01374E+01  3.19758E-28  1.26802E+06  1.81359E-03  2.12030E+01
 -1.00438E+01  3.38261E-28  1.25168E+06  1.81623E-03  3.58723E+00
 -9.95019E+00  1.11103E-27  3.98414E+05  1.40176E-03 -2.53988E+01
 -9.85661E+00  1.03986E-26  3.97722E+04  1.19110E-03 -3.47568E+01
 -9.76303E+00  2.74446E-26  1.39570E+04  1.16205E-03 -4.00147E+01
 -9.66945E+00  2.52100E-26  1.38807E+04  1.16086E-03 -4.19321E+01
 -9.57587E+00  1.66234E-26  1.79414E+04  1.19285E-03 -4.56227E+01
 -9.48229E+00  4.89399E-27  5.46290E+04  1.30784E-03 -5.34920E+01
 -9.38871E+00  2.84722E-27  9.08944E+04  1.31437E-03 -5.68820E+01
 -9.29513E+00  3.29782E-27  7.74085E+04  1.27753E-03 -5.62271E+01
 -9.20155E+00  8.78456E-27  2.94967E+04  1.21883E-03 -5.29205E+01
 -9.10797E+00  1.35633E-26  1.95098E+04  1.20357E-03 -5.09252E+01
 -9.01439E+00  1.78408E-26  1.58540E+04  1.18826E-03 -4.97983E+01
 -8.92081E+00  2.13134E-26  1.38326E+04  1.17751E-03 -4.88362E+01
 -8.82723E+00  2.13902E-26  1.39523E+04  1.17019E-03 -4.93069E+01
 -8.73365E+00  2.14110E-26  1.41491E+04  1.17029E-03 -5.00975E+01
 -8.64007E+00  1.86450E-26  1.56659E+04  1.18342E-03 -5.25399E+01
 -8.54649E+00  1.08952E-26  2.71582E+04  1.20908E-03 -5.43972E+01
 -8.45291E+00  4.99257E-27  5.60991E+04  1.26484E-03 -5.82367E+01
 -8.35933E+00  1.31552E-27  2.19016E+05  1.37635E-03 -6.13399E+01
 -8.26575E+00  8.61632E-28  3.37468E+05  1.42195E-03 -6.30936E+01
 -8.17217E+00  5.86576E-28  4.84963E+05  1.47411E-03 -6.66563E+01
 -8.07859E+00  5.79395E-28  4.78220E+05  1.47262E-03 -6.46614E+01
 -7.98501E+00  6.06270E-28  4.43255E+05  1.45418E-03 -5.90286E+01
 -7.89143E+00  6.10889E-28  4.25938E+05  1.44411E-03 -5.79069E+01
 -7.79785E+00  6.81751E-28  3.71400E+05  1.42871E-03 -5.51775E+01
 -7.70427E+00  9.06347E-28  2.77665E+05  1.41138E-03 -4.96635E+01
 -7.61069E+00  1.55674E-27  1.60005E+05  1.37699E-03 -4.32598E+01
 -7.51711E+00  2.48704E-27  9.83337E+04  1.34973E-03 -3.71644E+01
 -7.42353E+00  5.10108E-27  4.47622E+04  1.30685E-03 -3.25600E+01
 -7.32995E+00  8.60924E-27  2.32461E+04  1.25956E-03 -3.02407E+01
 -7.23637E+00  1.20081E-26  1.50459E+04  1.22394E-03 -2.99044E+01
 -7.14279E+00  1.16821E-26  1.35316E+04  1.20640E-03 -2.79680E+01
 -7.04921E+00  1.10435E-26  1.34552E+04  1.19976E-03 -2.62177E+01
 -6.95564E+00  1.07342E-26  1.46526E+04  1.19535E-03 -2.59774E+01
 -6.86206E+00  9.53520E-27  1.90390E+04  1.19945E-03 -2.72005E+01
 -6.76848E+00  8.67237E-27  2.66109E+04  1.21471E-03 -2.82484E+01
 -6.67490E+00  1.00727E-26  2.54993E+04  1.20643E-03 -2.94573E+01
 -6.58132E+00  1.58118E-26  1.51086E+04  1.18046E-03 -2.78133E+01
 -6.48774E+00  1.25424E-26  1.55420E+04  1.17918E-03 -2.24778E+01
 -6.39416E+00  1.13938E-26  1.62416E+04  1.18245E-03 -1.96128E+01
 -6.30058E+00  1.25259E-26  1.58008E+04  1.18050E-03 -1.97395E+01
 -6.20700E+00  1.55649E-26  1.52603E+04  1.19516E-03 -2.20039E+01
 -6.11342E+00  1.92104E-26  1.42599E+04  1.21532E-03 -2.41829E+01
 -6.01984E+00  2.31714E-26  1.41044E+04  1.22602E-03 -2.60868E+01
 -5.92626E+00  2.34559E-26  1.41141E+04  1.21373E-03 -2.61403E+01
 -5.83268E+00  2.47689E-26  1.37492E+04  1.16986E-03 -2.78982E+01
 -5.73910E+00  2.56497E-26  1.36057E+04  1.14171E-03 -2.91957E+01
 -5.64552E+00  2.52542E-26  1.36221E+04  1.13436E-03 -3.00228E+01
 -5.55194E+00  2.31830E-26  1.38324E+04  1.14258E-03 -3.08568E+01
 -5.45836E+00  1.91611E-26  1.42483E+04  1.15946E-03 -3.17848E+01
 -5.36478E+00  1.47457E-26  1.49131E+04  1.17237E-03 -3.24115E+01
 -5.27120E+00  1.03174E-26  1.53510E+04  1.17398E-03 -3.26525E+01
 -5.17762E+00  8.57270E-27  1.48409E+04  1.16974E-03 -3.17875E+01
 -5.08404E+00  9.48605E-27  1.41388E+04  1.17573E-03 -2.87741E+01
 -4.99046E+00  1.15184E-26  1.40096E+04  1.19293E-03 -2.59509E+01
 -4.89688E+00  1.24297E-26  1.38821E+04  1.20348E-03 -2.41750E+01
 -4.80330E+00  1.19438E-26  1.38434E+04  1.19773E-03 -2.33724E+01
 -4.70972E+00  1.11532E-26  1.39616E+04  1.16977E-03 -2.41997E+01
 -4.61614E+00  1.05349E-26  1.40741E+04  1.14148E-03 -2.62521E+01
 -4.52256E+00  1.01739E-26  1.40943E+04  1.11643E-03 -2.68799E+01
 -4.42898E+00  1.02039E-26  1.40964E+04  1.09821E-03 -2.69178E+01
 -4.33540E+00  1.03450E-26  1.40907E+04  1.09364E-03 -2.79473E+01
 -4.24182E+00  1.04054E-26  1.39910E+04  1.10833E-03 -2.85476E+01
 -4.14824E+00  1.06294E-26  1.38458E+04  1.13079E-03 -2.73116E+01
 -4.05466E+00  1.10285E-26  1.38663E+04  1.14410E-03 -2.45955E+01
 -3.96108E+00  1.17998E-26  1.40085E+04  1.15296E-03 -2.24943E+01
 -3.86750E+00  1.21528E-26  1.40490E+04  1.16349E-03 -2.15201E+01
 -3.77392E+00  1.01866E-26  1.49361E+04  1.18058E-03 -2.01403E+01
 -3.68034E+00  6.54612E-27  2.05855E+04  1.21693E-03 -2.08302E+01
 -3.58676E+00  6.62890E-27  2.00343E+04  1.24403E-03 -2.12616E+01
 -3.49318E+00  8.10222E-27  1.71646E+04  1.22409E-03 -1.69835E+01
 -3.39960E+00  9.73429E-27  1.43738E+04  1.19058E-03 -1.16701E+01
 -3.30602E+00  9.61018E-27  1.40246E+04  1.16568E-03 -9.54986E+00
 -3.21244E+00  8.50107E-27  1.46438E+04  1.15976E-03 -1.05514E+01
 -3.11886E+00  6.83425E-27  1.50374E+04  1.16263E-03 -1.21975E+01
 -3.02528E+00  5.01663E-27  1.53653E+04  1.17911E-03 -1.29101E+01
 -2.93170E+00  4.16255E-27  1.95824E+04  1.20239E-03 -1.55785E+01
 -2.83812E+00  5.56625E-27  2.02244E+04  1.18549E-03 -2.41971E+01
 -2.74454E+00  8.78295E-27  1.53157E+04  1.15694E-03 -3.04148E+01
 -2.65096E+00  1.04346E-26  1.44613E+04  1.17637E-03 -3.72041E+01
 -2.55738E+00  1.11007E-26  1.40235E+04  1.20948E-03 -4.22989E+01
 -2.46380E+00  9.55754E-27  1.48068E+04  1.21348E-03 -4.52528E+01
 -2.37022E+00  7.07046E-27  1.51057E+04  1.21177E-03 -4.66983E+01
 -2.27664E+00  6.15775E-27  1.42059E+04  1.20533E-03 -4.52553E+01
 -2.18306E+00  6.57182E-27  1.41714E+04  1.19396E-03 -4.09817E+01
 -2.08948E+00  7.20210E-27  1.42211E+04  1.17665E-03 -3.78664E+01
 -1.99590E+00  7.67738E-27  1.42408E+04  1.14544E-03 -3.72325E+01
 -1.90232E+00  8.13974E-27  1.42901E+04  1.13217E-03 -3.67562E+01
 -1.80874E+00  8.68488E-27  1.43223E+04  1.12936E-03 -3.55910E+01
 -1.71516E+00  8.96639E-27  1.43526E+04  1.12907E-03 -3.43699E+01
 -1.62158E+00  8.79448E-27  1.43892E+04  1.13774E-03 -3.38236E+01
 -1.52800E+00  8.57603E-27  1.44630E+04  1.15649E-03 -3.58407E+01
 -1.43442E+00  8.63920E-27  1.43765E+04  1.16106E-03 -3.86960E+01
 -1.34084E+00  8.58083E-27  1.41980E+04  1.16397E-03 -3.94450E+01
 -1.24726E+00  8.46632E-27  1.40602E+04  1.17894E-03 -4.01878E+01
 -1.15368E+00  8.40122E-27  1.40826E+04  1.18217E-03 -4.13894E+01
 -1.06010E+00  8.27620E-27  1.42649E+04  1.16635E-03 -4.35690E+01
 -9.66524E-01  8.03136E-27  1.42503E+04  1.16165E-03 -4.64523E+01
 -8.72945E-01  8.12574E-27  1.40564E+04  1.16744E-03 -4.79259E+01
 -7.79365E-01  8.84460E-27  1.39894E+04  1.17332E-03 -4.77606E+01
 -6.85785E-01  9.55807E-27  1.41094E+04  1.17606E-03 -4.66801E+01
 -5.92205E-01  9.88031E-27  1.42599E+04  1.17324E-03 -4.57762E+01
 -4.98625E-01  9.90764E-27  1.43361E+04  1.15844E-03 -4.54660E+01
 -4.05045E-01  1.00113E-26  1.44599E+04  1.13962E-03 -4.52427E+01
 -3.11465E-01  1.04434E-26  1.45376E+04  1.13231E-03 -4.51920E+01
 -2.17886E-01  1.10681E-26  1.44721E+04  1.13033E-03 -4.57444E+01
 -1.24306E-01  1.13707E-26  1.43940E+04  1.12844E-03 -4.63079E+01
 -3.07259E-02  1.14442E-26  1.44150E+04  1.12811E-03 -4.66533E+01
  6.28540E-02  1.11918E-26  1.45234E+04  1.12750E-03 -4.62894E+01
  1.56434E-01  1.07624E-26  1.46059E+04  1.12232E-03 -4.54827E+01
  2.50014E-01  9.99926E-27  1.46620E+04  1.11715E-03 -4.45335E+01
  3.43594E-01  9.38097E-27  1.46425E+04  1.11546E-03 -4.38473E+01
  4.37173E-01  8.89793E-27  1.46002E+04  1.11721E-03 -4.36387E+01
  5.30753E-01  8.45001E-27  1.45461E+04  1.11859E-03 -4.37577E+01
  6.24333E-01  8.24447E-27  1.45157E+04  1.11541E-03 -4.37819E+01
  7.17913E-01  8.26089E-27  1.45130E+04  1.10947E-03 -4.37001E+01
  8.11493E-01  8.56641E-27  1.45429E+04  1.10836E-03 -4.38454E+01
  9.05073E-01  9.00706E-27  1.44809E+04  1.11303E-03 -4.42686E+01
  9.98653E-01  9.46979E-27  1.43081E+04  1.12488E-03 -4.51077E+01
  1.09223E+00  9.56308E-27  1.41450E+04  1.13015E-03 -4.58905E+01
  1.18581E+00  9.49727E-27  1.40874E+04  1.12609E-03 -4.61916E+01
  1.27939E+00  9.41204E-27  1.40701E+04  1.13092E-03 -4.62698E+01
  1.37297E+00  9.52449E-27  1.40198E+04  1.14404E-03 -4.59788E+01
  1.46655E+00  9.83377E-27  1.39890E+04  1.14578E-03 -4.52819E+01
  1.56013E+00  1.01813E-26  1.39864E+04  1.13483E-03 -4.47888E+01
  1.65371E+00  1.04032E-26  1.40035E+04  1.13082E-03 -4.46740E+01
  1.74729E+00  1.05362E-26  1.40422E+04  1.14961E-03 -4.40778E+01
  1.84087E+00  1.04354E-26  1.41478E+04  1.17716E-03 -4.26255E+01
  1.93445E+00  1.00905E-26  1.42832E+04  1.19468E-03 -4.11635E+01
  2.02803E+00  9.55440E-27  1.43350E+04  1.20099E-03 -4.08552E+01
  2.12161E+00  9.04356E-27  1.42187E+04  1.21036E-03 -4.17961E+01
  2.21519E+00  8.78060E-27  1.39895E+04  1.22156E-03 -4.25406E+01
  2.30877E+00  9.04604E-27  1.38830E+04  1.20637E-03 -4.26271E+01
  2.40235E+00  1.01261E-26  1.39608E+04  1.18569E-03 -4.30486E+01
  2.49593E+00  1.21824E-26  1.41117E+04  1.22815E-03 -4.49538E+01
  2.58951E+00  1.34040E-26  1.43549E+04  1.26045E-03 -4.77361E+01
  2.68309E+00  1.30250E-26  1.44890E+04  1.24677E-03 -4.95852E+01
  2.77667E+00  1.26556E-26  1.43908E+04  1.21808E-03 -4.93163E+01
  2.87025E+00  1.25243E-26  1.43367E+04  1.19846E-03 -4.74826E+01
  2.96383E+00  1.23721E-26  1.43264E+04  1.19240E-03 -4.58457E+01
  3.05741E+00  1.21149E-26  1.42937E+04  1.19238E-03 -4.48622E+01
  3.15099E+00  1.18809E-26  1.42071E+04  1.19083E-03 -4.48544E+01
  3.24457E+00  1.18837E-26  1.40826E+04  1.18461E-03 -4.48157E+01
  3.33815E+00  1.20119E-26  1.39671E+04  1.17372E-03 -4.46477E+01
  3.43173E+00  1.21730E-26  1.38614E+04  1.15629E-03 -4.39248E+01
  3.52531E+00  1.25177E-26  1.37858E+04  1.14733E-03 -4.27117E+01
  3.61889E+00  1.28724E-26  1.37259E+04  1.14457E-03 -4.10624E+01
  3.71247E+00  1.32548E-26  1.36917E+04  1.14210E-03 -3.93208E+01
  3.80605E+00  1.35505E-26  1.36591E+04  1.13871E-03 -3.73085E+01
  3.89963E+00  1.37317E-26  1.36495E+04  1.13614E-03 -3.55159E+01
  3.99321E+00  1.44661E-26  1.39228E+04  1.13433E-03 -3.46923E+01
  4.08679E+00  2.04476E-26  1.42949E+04  1.14272E-03 -3.85374E+01
  4.18037E+00  3.02289E-26  1.37082E+04  1.16927E-03 -4.27804E+01
  4.27395E+00  2.82645E-26  1.34798E+04  1.17234E-03 -4.25656E+01
  4.36753E+00  2.19328E-26  1.41269E+04  1.18592E-03 -4.19947E+01
  4.46111E+00  1.61122E-26  1.74203E+04  1.22854E-03 -4.60495E+01
  4.55469E+00  1.72888E-26  1.71566E+04  1.20306E-03 -4.91836E+01
  4.64827E+00  2.15298E-26  1.51846E+04  1.17428E-03 -4.74515E+01
  4.74185E+00  2.33381E-26  1.50436E+04  1.16497E-03 -4.49163E+01
  4.83543E+00  2.22127E-26  1.65508E+04  1.15566E-03 -4.19969E+01
  4.92901E+00  2.20275E-26  1.69292E+04  1.12674E-03 -3.82663E+01
  5.02259E+00  2.16643E-26  1.77054E+04  1.11563E-03 -3.62448E+01
  5.11617E+00  1.88170E-26  2.04393E+04  1.12693E-03 -3.46009E+01
  5.20975E+00  1.20064E-26  3.06742E+04  1.15307E-03 -3.27663E+01
  5.30333E+00  5.96150E-27  5.70821E+04  1.21257E-03 -3.10675E+01
  5.39691E+00  4.08240E-27  7.91785E+04  1.25427E-03 -3.02723E+01
  5.49049E+00  2.59524E-27  1.23007E+05  1.32916E-03 -3.03836E+01
  5.58407E+00  1.71502E-27  1.87440E+05  1.42198E-03 -2.95297E+01
  5.67765E+00  1.25540E-27  2.59691E+05  1.46682E-03 -2.95535E+01
  5.77122E+00  9.23528E-28  3.55928E+05  1.48426E-03 -3.07825E+01
  5.86480E+00  7.47003E-28  4.40963E+05  1.50333E-03 -3.27086E+01
  5.95838E+00  6.58938E-28  5.01765E+05  1.52469E-03 -3.47999E+01
  6.05196E+00  6.48072E-28  5.09089E+05  1.52901E-03 -3.54096E+01
  6.14554E+00  6.54525E-28  5.04429E+05  1.52480E-03 -3.45758E+01
  6.23912E+00  6.79635E-28  4.88661E+05  1.50317E-03 -3.59285E+01
  6.33270E+00  7.48690E-28  4.41495E+05  1.47634E-03 -3.58839E+01
  6.42628E+00  7.87378E-28  4.19696E+05  1.46554E-03 -3.57319E+01
  6.51986E+00  7.52297E-28  4.42315E+05  1.46899E-03 -3.55451E+01
  6.61344E+00  6.26957E-28  5.32724E+05  1.49749E-03 -3.39442E+01
  6.70702E+00  4.88275E-28  6.84335E+05  1.56960E-03 -3.15723E+01
  6.80060E+00  4.24165E-28  7.89692E+05  1.62621E-03 -2.99498E+01
  6.89418E+00  3.87481E-28  8.66299E+05  1.66343E-03 -2.88887E+01
  6.98776E+00  3.71054E-28  9.04376E+05  1.67431E-03 -2.78421E+01
  7.08134E+00  3.66556E-28  9.16215E+05  1.67252E-03 -2.65104E+01
  7.17492E+00  3.81739E-28  8.80998E+05  1.65380E-03 -2.54949E+01
  7.26850E+00  3.89917E-28  8.61036E+05  1.64616E-03 -2.45741E+01
  7.36208E+00  4.10135E-28  8.17435E+05  1.62956E-03 -2.36335E+01
  7.45566E+00  4.26087E-28  7.86785E+05  1.62185E-03 -2.25296E+01
  7.54924E+00  4.47031E-28  7.50874E+05  1.60762E-03 -2.19176E+01
  7.64282E+00  4.59456E-28  7.30018E+05  1.59873E-03 -2.11830E+01
  7.73640E+00  4.70242E-28  7.13087E+05  1.58961E-03 -1.98699E+01
  7.82998E+00  4.81095E-28  6.96070E+05  1.58512E-03 -1.94349E+01
  7.92356E+00  4.82896E-28  6.92696E+05  1.58284E-03 -1.88102E+01
  8.01714E+00  4.91735E-28  6.80247E+05  1.58318E-03 -1.98607E+01
  8.11072E+00  4.58611E-28  7.29188E+05  1.60428E-03 -2.08977E+01
  8.20430E+00  4.40625E-28  7.56568E+05  1.63057E-03 -2.21305E+01
  8.29788E+00  5.43718E-28  6.10707E+05  1.59420E-03 -2.45643E+01
  8.39146E+00  8.79693E-28  3.75608E+05  1.51191E-03 -2.65584E+01
  8.48504E+00  1.27209E-27  2.58158E+05  1.46970E-03 -2.53873E+01
  8.57862E+00  1.86789E-27  1.74996E+05  1.44532E-03 -2.52649E+01
  8.67220E+00  2.24197E-27  1.45784E+05  1.44171E-03 -2.44778E+01
  8.76578E+00  2.17381E-27  1.49829E+05  1.44208E-03 -2.49937E+01
  8.85936E+00  1.36662E-27  2.37113E+05  1.48543E-03 -2.28191E+01
  8.95294E+00  4.13628E-28  7.80572E+05  1.69786E-03 -1.82224E+01
  9.04652E+00  3.75428E-28  8.59199E+05  1.71183E-03 -2.02148E+01
  9.14010E+00  3.47273E-28  9.27984E+05  1.72815E-03 -2.35108E+01
  9.23368E+00  3.18893E-28  1.01165E+06  1.77264E-03 -2.61401E+01
  9.32726E+00  2.59336E-28  1.24164E+06  1.89050E-03 -3.24445E+01
  9.42084E+00  2.44850E-28  1.31171E+06  1.92686E-03 -3.70504E+01
  9.51442E+00  2.41973E-28  1.32196E+06  1.93491E-03 -4.09900E+01
  9.60800E+00  2.44027E-28  1.30463E+06  1.92903E-03 -4.39226E+01
  9.70158E+00  2.48300E-28  1.27466E+06  1.91851E-03 -4.54931E+01
  9.79516E+00  2.58975E-28  1.21513E+06  1.89979E-03 -4.61253E+01
  9.88874E+00  2.91577E-28  1.06938E+06  1.84979E-03 -4.72930E+01
  9.98232E+00  4.99762E-28  6.17380E+05  1.68484E-03 -4.29629E+01
  1.00759E+01  1.26489E-27  2.46956E+05  1.55637E-03 -3.38356E+01
  1.01695E+01  4.58482E-27  6.82604E+04  1.50835E-03 -3.00421E+01
  1.02631E+01  3.00582E-27  1.07927E+05  1.52938E-03 -3.01796E+01
  1.03566E+01  5.80511E-28  5.70986E+05  1.71985E-03 -2.70494E+01
  1.04502E+01  3.56724E-28  9.10793E+05  1.83443E-03 -2.19416E+01
  1.05438E+01  2.46296E-28  1.30144E+06  1.91957E-03 -2.01548E+01
  1.06374E+01  2.52810E-28  1.25923E+06  1.89949E-03 -2.03707E+01
  1.07310E+01  2.57242E-28  1.23326E+06  1.89057E-03 -2.01553E+01
  1.08245E+01  2.74749E-28  1.15030E+06  1.84938E-03 -2.08196E+01
  1.09181E+01  2.82283E-28  1.11798E+06  1.83373E-03 -2.09373E+01
  1.10117E+01  2.94487E-28  1.06994E+06  1.80896E-03 -2.10716E+01
  1.11053E+01  3.15050E-28  9.99405E+05  1.77048E-03 -2.14978E+01
  1.11989E+01  3.32341E-28  9.46573E+05  1.74101E-03 -2.18814E+01
  1.12924E+01  3.36697E-28  9.33708E+05  1.73314E-03 -2.20454E+01
  1.13860E+01  3.47486E-28  9.03893E+05  1.71556E-03 -2.20469E+01
  1.14796E+01  3.45597E-28  9.08904E+05  1.71671E-03 -2.19603E+01
  1.15732E+01  3.25917E-28  9.63937E+05  1.74650E-03 -2.16310E+01
  1.16668E+01  3.20051E-28  9.81649E+05  1.75649E-03 -2.13188E+01
  1.17603E+01  3.01559E-28  1.04209E+06  1.79051E-03 -2.11220E+01
  1.18539E+01  2.93812E-28  1.07007E+06  1.80574E-03 -2.10518E+01
  1.19475E+01  2.77711E-28  1.13184E+06  1.84001E-03 -2.09408E+01
  1.20411E+01  2.65303E-28  1.18531E+06  1.86871E-03 -2.14761E+01
  1.21347E+01  2.54032E-28  1.23772E+06  1.89631E-03 -2.11483E+01
  1.22282E+01  2.51029E-28  1.25339E+06  1.90376E-03 -2.14728E+01
  1.23218E+01  2.54888E-28  1.23368E+06  1.89242E-03 -2.23518E+01
  1.24154E+01  2.58369E-28  1.21633E+06  1.88307E-03 -2.26772E+01
  1.25090E+01  2.51844E-28  1.24960E+06  1.89863E-03 -2.28411E+01
  1.26026E+01  2.51427E-28  1.25150E+06  1.89860E-03 -2.27872E+01
  1.26961E+01  2.53257E-28  1.24160E+06  1.89224E-03 -2.28021E+01
  1.27897E+01  2.50340E-28  1.25636E+06  1.89917E-03 -2.29791E+01
  1.28833E+01  2.51352E-28  1.25111E+06  1.89643E-03 -2.30472E+01
  1.29769E+01  2.54635E-28  1.23438E+06  1.88727E-03 -2.32028E+01
  1.30705E+01  2.59664E-28  1.20957E+06  1.87486E-03 -2.33459E+01
  1.31640E+01  2.56858E-28  1.22324E+06  1.88006E-03 -2.28106E+01
  1.32576E+01  2.54861E-28  1.23325E+06  1.88332E-03 -2.22997E+01
  1.33512E+01  2.66411E-28  1.17878E+06  1.85533E-03 -2.25927E+01
  1.34448E+01  2.65447E-28  1.18294E+06  1.85729E-03 -2.23197E+01
  1.35384E+01  2.60085E-28  1.20776E+06  1.86943E-03 -2.19021E+01
  1.36319E+01  2.65344E-28  1.18355E+06  1.85650E-03 -2.19735E+01
  1.37255E+01  2.67512E-28  1.17421E+06  1.85088E-03 -2.12204E+01
  1.38191E+01  2.71773E-28  1.15561E+06  1.84115E-03 -2.14598E+01
  1.39127E+01  2.71232E-28  1.15821E+06  1.84231E-03 -2.06010E+01
  1.40063E+01  2.72492E-28  1.15314E+06  1.83936E-03 -2.02943E+01
  1.40998E+01  2.76007E-28  1.13853E+06  1.83135E-03 -2.04933E+01
  1.41934E+01  2.69222E-28  1.16775E+06  1.84747E-03 -1.92878E+01
  1.42870E+01  2.72240E-28  1.15477E+06  1.84052E-03 -1.92153E+01
  1.43806E+01  2.80415E-28  1.12129E+06  1.82211E-03 -1.87231E+01
  1.44742E+01  2.79666E-28  1.12461E+06  1.82388E-03 -1.80222E+01
  1.45677E+01  2.83762E-28  1.10845E+06  1.81531E-03 -1.78199E+01
  1.46613E+01  2.78966E-28  1.12810E+06  1.82592E-03 -1.66193E+01
  1.47549E+01  2.76927E-28  1.13709E+06  1.83019E-03 -1.63824E+01
  1.48485E+01  2.79710E-28  1.12648E+06  1.82402E-03 -1.56773E+01
  1.49421E+01  2.88456E-28  1.09233E+06  1.80559E-03 -1.47703E+01
  1.50356E+01  2.94323E-28  1.07061E+06  1.79340E-03 -1.47849E+01
  1.51292E+01  3.01760E-28  1.04492E+06  1.77887E-03 -1.39114E+01
  1.52228E+01  2.99497E-28  1.05350E+06  1.78361E-03 -1.34589E+01
  1.53164E+01  3.02396E-28  1.04351E+06  1.77761E-03 -1.31818E+01
  1.54100E+01  3.09115E-28  1.02158E+06  1.76385E-03 -1.22838E+01
  1.55035E+01  3.13054E-28  1.00907E+06  1.75658E-03 -1.23277E+01
  1.55971E+01  3.29159E-28  9.59858E+05  1.72702E-03 -1.19987E+01
  1.56907E+01  3.36322E-28  9.39035E+05  1.71594E-03 -1.20998E+01
  1.57843E+01  3.35452E-28  9.41764E+05  1.71668E-03 -1.20227E+01
  1.58778E+01  3.31935E-28  9.52301E+05  1.72181E-03 -1.17938E+01
  1.59714E+01  3.31463E-28  9.53875E+05  1.72235E-03 -1.17344E+01
  1.60650E+01  3.11651E-28  1.01439E+06  1.76071E-03 -1.20330E+01
  1.61586E+01  2.92436E-28  1.08176E+06  1.80262E-03 -1.18580E+01
  1.62522E+01  2.84865E-28  1.11065E+06  1.81874E-03 -1.18691E+01
  1.63457E+01  2.51831E-28  1.25673E+06  1.90374E-03 -1.18642E+01
  1.64393E+01  2.43573E-28  1.29979E+06  1.92849E-03 -1.17769E+01
  1.65329E+01  2.32654E-28  1.36194E+06  1.95904E-03 -1.16173E+01
  1.66265E+01  2.23365E-28  1.41930E+06  1.98790E-03 -1.15946E+01
  1.67201E+01  2.22510E-28  1.42441E+06  1.99036E-03 -1.17100E+01
  1.68136E+01  2.19974E-28  1.44192E+06  1.99834E-03 -1.17505E+01
  1.69072E+01  2.19744E-28  1.44361E+06  1.99911E-03 -1.17967E+01
  1.70008E+01  2.19737E-28  1.44439E+06  1.99947E-03 -1.17891E+01
  1.70944E+01  2.19693E-28  1.44509E+06  1.99989E-03 -1.18086E+01
  1.71880E+01  2.19782E-28  1.44519E+06  1.99995E-03 -1.18430E+01
  1.72815E+01  2.19953E-28  1.44505E+06  1.99999E-03 -1.18850E+01
  1.73751E+01  2.20011E-28  1.44495E+06  2.00000E-03 -1.19064E+01
  1.74687E+01  2.20030E-28  1.44498E+06  2.00000E-03 -1.19561E+01
  1.75623E+01  2.20104E-28  1.44532E+06  2.00000E-03 -1.19184E+01
  1.76559E+01  2.20158E-28  1.44558E+06  2.00000E-03 -1.18887E+01
  1.77494E+01  2.20161E-28  1.44562E+06  2.00000E-03 -1.18233E+01
  1.78430E+01  2.20217E-28  1.44589E+06  2.00000E-03 -1.17667E+01
  1.79366E+01  2.20289E-28  1.44622E+06  2.00000E-03 -1.17358E+01
  1.80302E+01  2.20336E-28  1.44644E+06  2.00000E-03 -1.17153E+01
  1.81238E+01  2.20336E-28  1.44644E+06  2.00000E-03 -1.17150E+01
  1.82173E+01  2.20419E-28  1.44680E+06  2.00000E-03 -1.15500E+01
  1.83109E+01  2.20472E-28  1.44704E+06  2.00000E-03 -1.14429E+01
  1.84045E+01  2.20472E-28  1.44704E+06  2.00000E-03 -1.14429E+01
  1.84981E+01  2.20400E-28  1.44672E+06  2.00000E-03 -1.14657E+01
  1.85917E+01  2.20343E-28  1.44647E+06  2.00000E-03 -1.14735E+01
  1.86852E+01  2.20326E-28  1.44639E+06  2.00000E-03 -1.13524E+01
  1.87788E+01  2.20322E-28  1.44637E+06  2.00000E-03 -1.12623E+01
  1.88724E+01  2.20322E-28  1.44637E+06  2.00000E-03 -1.12623E+01
  1.89660E+01  2.20322E-28  1.44637E+06  2.00000E-03 -1.12623E+01
  1.90596E+01  2.20322E-28  1.44637E+06  2.00000E-03 -1.12623E+01
  1.91531E+01  2.20320E-28  1.44635E+06  2.00000E-03 -1.11866E+01
  1.92467E+01  2.20290E-28  1.44621E+06  2.00000E-03 -1.10771E+01
  1.93403E+01  2.20241E-28  1.44600E+06  2.00000E-03 -1.10570E+01
  1.94339E+01  2.20221E-28  1.44592E+06  2.00000E-03 -1.10489E+01
  1.95275E+01  2.20210E-28  1.44587E+06  2.00000E-03 -1.10506E+01
  1.96210E+01  2.20149E-28  1.44560E+06  2.00000E-03 -1.10254E+01
  1.97146E+01  2.20058E-28  1.44519E+06  2.00000E-03 -1.09467E+01
  1.98082E+01  2.20037E-28  1.44510E+06  2.00000E-03 -1.09479E+01
  1.99018E+01  2.19943E-28  1.44469E+06  2.00000E-03 -1.09520E+01
  1.99954E+01  2.19875E-28  1.44440E+06  2.00000E-03 -1.09463E+01
  2.00889E+01  2.19750E-28  1.44385E+06  2.00000E-03 -1.09260E+01
  2.01825E+01  2.19633E-28  1.44332E+06  2.00000E-03 -1.09015E+01
  2.02761E+01  2.19606E-28  1.44321E+06  2.00000E-03 -1.08956E+01
  2.03697E+01  2.19606E-28  1.44321E+06  2.00000E-03 -1.08956E+01
  2.04633E+01  2.19606E-28  1.44321E+06  2.00000E-03 -1.08956E+01
  2.05568E+01  2.19577E-28  1.44308E+06  2.00000E-03 -1.08941E+01
  2.06504E+01  2.19266E-28  1.44170E+06  2.00000E-03 -1.09205E+01
  2.07440E+01  2.19099E-28  1.44097E+06  2.00000E-03 -1.09569E+01
  2.08376E+01  2.19010E-28  1.44058E+06  2.00000E-03 -1.09677E+01
  2.09312E+01  2.18996E-28  1.44052E+06  2.00000E-03 -1.09592E+01
  2.10247E+01  2.18929E-28  1.44023E+06  2.00000E-03 -1.09500E+01
  2.11183E+01  2.18745E-28  1.43941E+06  2.00000E-03 -1.09486E+01
  2.12119E+01  2.18724E-28  1.43932E+06  2.00000E-03 -1.09494E+01
  2.13055E+01  2.18724E-28  1.43932E+06  2.00000E-03 -1.09494E+01
  2.13991E+01  2.18585E-28  1.43871E+06  2.00000E-03 -1.09632E+01
  2.14926E+01  2.18490E-28  1.43829E+06  2.00000E-03 -1.09559E+01
  2.15862E+01  2.18436E-28  1.43805E+06  2.00000E-03 -1.08889E+01
  2.16798E+01  2.18419E-28  1.43797E+06  2.00000E-03 -1.08580E+01
  2.17734E+01  2.18419E-28  1.43797E+06  2.00000E-03 -1.08580E+01
  2.18670E+01  2.18419E-28  1.43797E+06  2.00000E-03 -1.08580E+01
  2.19605E+01  2.18419E-28  1.43797E+06  2.00000E-03 -1.08274E+01
  2.20541E+01  2.18457E-28  1.43814E+06  2.00000E-03 -1.06626E+01
  2.21477E+01  2.18521E-28  1.43842E+06  2.00000E-03 -1.04902E+01
  2.22413E+01  2.18530E-28  1.43846E+06  2.00000E-03 -1.04457E+01
  2.23349E+01  2.18530E-28  1.43847E+06  2.00000E-03 -1.04369E+01
  2.24284E+01  2.18530E-28  1.43847E+06  2.00000E-03 -1.04369E+01
  2.25220E+01  2.18720E-28  1.43930E+06  2.00000E-03 -1.02155E+01
  2.26156E+01  2.18785E-28  1.43959E+06  2.00000E-03 -1.01391E+01
  2.27092E+01  2.18815E-28  1.43972E+06  2.00000E-03 -1.00914E+01
  2.28028E+01  2.18900E-28  1.44009E+06  2.00000E-03 -9.95586E+00
  2.28963E+01  2.18982E-28  1.44045E+06  2.00000E-03 -9.83613E+00
  2.29899E+01  2.19150E-28  1.44118E+06  2.00000E-03 -9.65878E+00
  2.30835E+01  2.19289E-28  1.44178E+06  2.00000E-03 -9.51236E+00
  2.31771E+01  2.19298E-28  1.44183E+06  2.00000E-03 -9.47905E+00
  2.32707E+01  2.19309E-28  1.44187E+06  2.00000E-03 -9.44474E+00
  2.33642E+01  2.19314E-28  1.44190E+06  2.00000E-03 -9.42798E+00
  2.34578E+01  2.19484E-28  1.44263E+06  2.00000E-03 -9.17888E+00
  2.35514E+01  2.19642E-28  1.44331E+06  2.00000E-03 -8.96436E+00
  2.36450E+01  2.19645E-28  1.44333E+06  2.00000E-03 -8.95476E+00
  2.37386E+01  2.19645E-28  1.44333E+06  2.00000E-03 -8.95476E+00
  2.38321E+01  2.19645E-28  1.44333E+06  2.00000E-03 -8.95476E+00
  2.39257E+01  2.19696E-28  1.44354E+06  2.00000E-03 -8.86123E+00
  2.40193E+01  2.19763E-28  1.44381E+06  2.00000E-03 -8.73619E+00
  2.41129E+01  2.19698E-28  1.44353E+06  2.00000E-03 -8.72740E+00
  2.42065E+01  2.19615E-28  1.44316E+06  2.00000E-03 -8.71614E+00
  2.43000E+01  2.19499E-28  1.44265E+06  2.00000E-03 -8.70049E+00
  2.43936E+01  2.19499E-28  1.44265E+06  2.00000E-03 -8.70049E+00
  2.44872E+01  2.19499E-28  1.44265E+06  2.00000E-03 -8.70049E+00
  2.45808E+01  2.19499E-28  1.44265E+06  2.00000E-03 -8.70049E+00
  2.46744E+01  2.19499E-28  1.44265E+06  2.00000E-03 -8.70049E+00
  2.47679E+01  2.19499E-28  1.44265E+06  2.00000E-03 -8.70049E+00
  2.48615E+01  2.19492E-28  1.44261E+06  2.00000E-03 -8.67986E+00
  2.49551E+01  2.19454E-28  1.44240E+06  2.00000E-03 -8.58197E+00
  2.50487E+01  2.19451E-28  1.44238E+06  2.00000E-03 -8.57247E+00
  2.51423E+01  2.19451E-28  1.44238E+06  2.00000E-03 -8.57247E+00
  2.52358E+01  2.19451E-28  1.44238E+06  2.00000E-03 -8.57247E+00
  2.53294E+01  2.19451E-28  1.44238E+06  2.00000E-03 -8.57247E+00
  2.54230E+01  2.19451E-28  1.44238E+06  2.00000E-03 -8.57247E+00
  2.55166E+01  2.19312E-28  1.44177E+06  2.00000E-03 -8.59931E+00
  2.56102E+01  2.19093E-28  1.44081E+06  2.00000E-03 -8.61595E+00
  2.57037E+01  2.18904E-28  1.43997E+06  2.00000E-03 -8.63010E+00
  2.57973E+01  2.18879E-28  1.43987E+06  2.00000E-03 -8.63144E+00
  2.58909E+01  2.18698E-28  1.43905E+06  2.00000E-03 -8.56322E+00
  2.59845E+01  2.18695E-28  1.43904E+06  2.00000E-03 -8.55872E+00
  2.60781E+01  2.18695E-28  1.43904E+06  2.00000E-03 -8.55872E+00
  2.61716E+01  2.18695E-28  1.43904E+06  2.00000E-03 -8.55872E+00
  2.62652E+01  2.18695E-28  1.43904E+06  2.00000E-03 -8.55872E+00
  2.63588E+01  2.18695E-28  1.43904E+06  2.00000E-03 -8.55872E+00
  2.64524E+01  2.18695E-28  1.43904E+06  2.00000E-03 -8.55872E+00
  2.65460E+01  2.18695E-28  1.43904E+06  2.00000E-03 -8.55872E+00
  2.66395E+01  2.18695E-28  1.43904E+06  2.00000E-03 -8.55872E+00
  2.67331E+01  2.18686E-28  1.43899E+06  2.00000E-03 -8.55217E+00
  2.68267E+01  2.18621E-28  1.43870E+06  2.00000E-03 -8.50715E+00
  2.69203E+01  2.18522E-28  1.43826E+06  2.00000E-03 -8.44942E+00
  2.70139E+01  2.18412E-28  1.43777E+06  2.00000E-03 -8.39583E+00
  2.71074E+01  2.18371E-28  1.43760E+06  2.00000E-03 -8.37604E+00
  2.72010E+01  2.18371E-28  1.43760E+06  2.00000E-03 -8.37604E+00
  2.72946E+01  2.18371E-28  1.43760E+06  2.00000E-03 -8.37604E+00
  2.73882E+01  2.18371E-28  1.43760E+06  2.00000E-03 -8.37604E+00
  2.74818E+01  2.18371E-28  1.43760E+06  2.00000E-03 -8.37604E+00
  2.75753E+01  2.18371E-28  1.43760E+06  2.00000E-03 -8.37604E+00
  2.76689E+01  2.18371E-28  1.43760E+06  2.00000E-03 -8.37604E+00
  2.77625E+01  2.18318E-28  1.43735E+06  2.00000E-03 -8.31913E+00
  2.78561E+01  2.18268E-28  1.43713E+06  2.00000E-03 -8.26610E+00
  2.79496E+01  2.18298E-28  1.43726E+06  2.00000E-03 -8.21004E+00
  2.80432E+01  2.18315E-28  1.43734E+06  2.00000E-03 -8.17537E+00
  2.81368E+01  2.18325E-28  1.43738E+06  2.00000E-03 -8.15679E+00
  2.82304E+01  2.18370E-28  1.43758E+06  2.00000E-03 -8.06981E+00
  2.83240E+01  2.18338E-28  1.43743E+06  2.00000E-03 -8.00672E+00
  2.84175E+01  2.18311E-28  1.43731E+06  2.00000E-03 -7.95358E+00
  2.85111E+01  2.18286E-28  1.43720E+06  2.00000E-03 -7.90420E+00
  2.86047E+01  2.18286E-28  1.43720E+06  2.00000E-03 -7.90419E+00
  2.86983E+01  2.18287E-28  1.43721E+06  2.00000E-03 -7.85699E+00
  2.87919E+01  2.18292E-28  1.43722E+06  2.00000E-03 -7.73698E+00
  2.88854E+01  2.18292E-28  1.43722E+06  2.00000E-03 -7.72862E+00
  2.89790E+01  2.18292E-28  1.43722E+06  2.00000E-03 -7.72862E+00
  2.90726E+01  2.18292E-28  1.43722E+06  2.00000E-03 -7.72862E+00
  2.91662E+01  2.18292E-28  1.43722E+06  2.00000E-03 -7.72862E+00
  2.92598E+01  2.18292E-28  1.43722E+06  2.00000E-03 -7.72862E+00
  2.93533E+01  2.18292E-28  1.43722E+06  2.00000E-03 -7.72862E+00
  2.94469E+01  2.18292E-28  1.43722E+06  2.00000E-03 -7.72862E+00
  2.95405E+01  2.18292E-28  1.43722E+06  2.00000E-03 -7.72862E+00
  2.96341E+01  2.18295E-28  1.43723E+06  2.00000E-03 -7.71733E+00
  2.97277E+01  2.18401E-28  1.43769E+06  2.00000E-03 -7.42694E+00
  2.98212E+01  2.18478E-28  1.43802E+06  2.00000E-03 -7.28485E+00
  2.99148E+01  2.18518E-28  1.43820E+06  2.00000E-03 -7.21145E+00
  3.00084E+01  2.18518E-28  1.43820E+06  2.00000E-03 -7.21145E+00
  3.01020E+01  2.18518E-28  1.43820E+06  2.00000E-03 -7.21145E+00
  3.01956E+01  2.18518E-28  1.43820E+06  2.00000E-03 -7.21145E+00
  3.02891E+01  2.18526E-28  1.43823E+06  2.00000E-03 -7.19972E+00
  3.03827E+01  2.18584E-28  1.43849E+06  2.00000E-03 -7.11291E+00
  3.04763E+01  2.18599E-28  1.43856E+06  2.00000E-03 -7.09137E+00
  3.05699E+01  2.18654E-28  1.43880E+06  2.00000E-03 -7.01416E+00
