 -3.08019E+01  2.15551E-28  1.42517E+06  2.00000E-03  8.71237E+00
 -3.07083E+01  2.15549E-28  1.42516E+06  2.00000E-03  8.72239E+00
 -3.06148E+01  2.15549E-28  1.42516E+06  2.00000E-03  8.72239E+00
 -3.05212E+01  2.15549E-28  1.42516E+06  2.00000E-03  8.72239E+00
 -3.04276E+01  2.15549E-28  1.42516E+06  2.00000E-03  8.72239E+00
 -3.03340E+01  2.15549E-28  1.42516E+06  2.00000E-03  8.72239E+00
 -3.02404E+01  2.15549E-28  1.42516E+06  2.00000E-03  8.72239E+00
 -3.01469E+01  2.15557E-28  1.42520E+06  2.00000E-03  8.71875E+00
 -3.00533E+01  2.15794E-28  1.42625E+06  2.00000E-03  8.61120E+00
 -2.99597E+01  2.15997E-28  1.42714E+06  2.00000E-03  8.58809E+00
 -2.98661E+01  2.15948E-28  1.42694E+06  2.00000E-03  8.78679E+00
 -2.97725E+01  2.15948E-28  1.42694E+06  2.00000E-03  8.78778E+00
 -2.96790E+01  2.15948E-28  1.42694E+06  2.00000E-03  8.78778E+00
 -2.95854E+01  2.15948E-28  1.42694E+06  2.00000E-03  8.78778E+00
 -2.94918E+01  2.15948E-28  1.42694E+06  2.00000E-03  8.78778E+00
 -2.93982E+01  2.15923E-28  1.42683E+06  2.00000E-03  8.77834E+00
 -2.93046E+01  2.15880E-28  1.42664E+06  2.00000E-03  8.76173E+00
 -2.92111E+01  2.15856E-28  1.42653E+06  2.00000E-03  8.75243E+00
 -2.91175E+01  2.15800E-28  1.42628E+06  2.00000E-03  8.73066E+00
 -2.90239E+01  2.15760E-28  1.42611E+06  2.00000E-03  8.72744E+00
 -2.89303E+01  2.15651E-28  1.42564E+06  2.00000E-03  9.04382E+00
 -2.88367E+01  2.15623E-28  1.42552E+06  2.00000E-03  9.12607E+00
 -2.87432E+01  2.15680E-28  1.42578E+06  2.00000E-03  9.12294E+00
 -2.86496E+01  2.15749E-28  1.42608E+06  2.00000E-03  9.11919E+00
 -2.85560E+01  2.15768E-28  1.42617E+06  2.00000E-03  9.11815E+00
 -2.84624E+01  2.15768E-28  1.42617E+06  2.00000E-03  9.11815E+00
 -2.83688E+01  2.15768E-28  1.42617E+06  2.00000E-03  9.11815E+00
 -2.82753E+01  2.15768E-28  1.42617E+06  2.00000E-03  9.11815E+00
 -2.81817E+01  2.15768E-28  1.42617E+06  2.00000E-03  9.11815E+00
 -2.80881E+01  2.15768E-28  1.42617E+06  2.00000E-03  9.11815E+00
 -2.79945E+01  2.15660E-28  1.42570E+06  2.00000E-03  9.32023E+00
 -2.79009E+01  2.15464E-28  1.42484E+06  2.00000E-03  9.68509E+00
 -2.78074E+01  2.15464E-28  1.42484E+06  2.00000E-03  9.68510E+00
 -2.77138E+01  2.15464E-28  1.42484E+06  2.00000E-03  9.68509E+00
 -2.76202E+01  2.15464E-28  1.42484E+06  2.00000E-03  9.68510E+00
 -2.75266E+01  2.15464E-28  1.42484E+06  2.00000E-03  9.68510E+00
 -2.74331E+01  2.15470E-28  1.42487E+06  2.00000E-03  9.69693E+00
 -2.73395E+01  2.15484E-28  1.42494E+06  2.00000E-03  9.72291E+00
 -2.72459E+01  2.15497E-28  1.42500E+06  2.00000E-03  9.74810E+00
 -2.71523E+01  2.15497E-28  1.42500E+06  2.00000E-03  9.74810E+00
 -2.70587E+01  2.15417E-28  1.42465E+06  2.00000E-03  9.89118E+00
 -2.69652E+01  2.15209E-28  1.42375E+06  2.00000E-03  1.02639E+01
 -2.68716E+01  2.15172E-28  1.42359E+06  2.00000E-03  1.03308E+01
 -2.67780E+01  2.15148E-28  1.42348E+06  2.00000E-03  1.02820E+01
 -2.66844E+01  2.15118E-28  1.42335E+06  2.00000E-03  1.02226E+01
 -2.65908E+01  2.15116E-28  1.42334E+06  2.00000E-03  1.02178E+01
 -2.64973E+01  2.15098E-28  1.42326E+06  2.00000E-03  1.01811E+01
 -2.64037E+01  2.15070E-28  1.42313E+06  2.00000E-03  1.01251E+01
 -2.63101E+01  2.15070E-28  1.42313E+06  2.00000E-03  1.01251E+01
 -2.62165E+01  2.15070E-28  1.42313E+06  2.00000E-03  1.01251E+01
 -2.61229E+01  2.15057E-28  1.42308E+06  2.00000E-03  1.01947E+01
 -2.60294E+01  2.14918E-28  1.42248E+06  2.00000E-03  1.05307E+01
 -2.59358E+01  2.14764E-28  1.42181E+06  2.00000E-03  1.07607E+01
 -2.58422E+01  2.14764E-28  1.42181E+06  2.00000E-03  1.07607E+01
 -2.57486E+01  2.14764E-28  1.42181E+06  2.00000E-03  1.07607E+01
 -2.56550E+01  2.14764E-28  1.42181E+06  2.00000E-03  1.07607E+01
 -2.55615E+01  2.14764E-28  1.42181E+06  2.00000E-03  1.07607E+01
 -2.54679E+01  2.14764E-28  1.42181E+06  2.00000E-03  1.07607E+01
 -2.53743E+01  2.14764E-28  1.42181E+06  2.00000E-03  1.07607E+01
 -2.52807E+01  2.14764E-28  1.42181E+06  2.00000E-03  1.07607E+01
 -2.51871E+01  2.14764E-28  1.42181E+06  2.00000E-03  1.07607E+01
 -2.50936E+01  2.14642E-28  1.42129E+06  2.00000E-03  1.10320E+01
 -2.50000E+01  2.14511E-28  1.42073E+06  2.00000E-03  1.13241E+01
 -2.49064E+01  2.14511E-28  1.42073E+06  2.00000E-03  1.13241E+01
 -2.48128E+01  2.14493E-28  1.42066E+06  2.00000E-03  1.13421E+01
 -2.47192E+01  2.14442E-28  1.42043E+06  2.00000E-03  1.13932E+01
 -2.46257E+01  2.14386E-28  1.42019E+06  2.00000E-03  1.14487E+01
 -2.45321E+01  2.14380E-28  1.42016E+06  2.00000E-03  1.14548E+01
 -2.44385E+01  2.14380E-28  1.42016E+06  2.00000E-03  1.14548E+01
 -2.43449E+01  2.14380E-28  1.42016E+06  2.00000E-03  1.14548E+01
 -2.42513E+01  2.14380E-28  1.42016E+06  2.00000E-03  1.14548E+01
 -2.41578E+01  2.14227E-28  1.41948E+06  2.00000E-03  1.14633E+01
 -2.40642E+01  2.14120E-28  1.41900E+06  2.00000E-03  1.17646E+01
 -2.39706E+01  2.14075E-28  1.41880E+06  2.00000E-03  1.18166E+01
 -2.38770E+01  2.14015E-28  1.41855E+06  2.00000E-03  1.17815E+01
 -2.37834E+01  2.14015E-28  1.41855E+06  2.00000E-03  1.17815E+01
 -2.36899E+01  2.14029E-28  1.41861E+06  2.00000E-03  1.18013E+01
 -2.35963E+01  2.14115E-28  1.41899E+06  2.00000E-03  1.19180E+01
 -2.35027E+01  2.14119E-28  1.41901E+06  2.00000E-03  1.19338E+01
 -2.34091E+01  2.14104E-28  1.41894E+06  2.00000E-03  1.19752E+01
 -2.33155E+01  2.14089E-28  1.41887E+06  2.00000E-03  1.20154E+01
 -2.32220E+01  2.14084E-28  1.41885E+06  2.00000E-03  1.20287E+01
 -2.31284E+01  2.14241E-28  1.41956E+06  2.00000E-03  1.21024E+01
 -2.30348E+01  2.14293E-28  1.41979E+06  2.00000E-03  1.21269E+01
 -2.29412E+01  2.14293E-28  1.41979E+06  2.00000E-03  1.21269E+01
 -2.28476E+01  2.14262E-28  1.41966E+06  2.00000E-03  1.20968E+01
 -2.27541E+01  2.14229E-28  1.41951E+06  2.00000E-03  1.21159E+01
 -2.26605E+01  2.14408E-28  1.42030E+06  2.00000E-03  1.22285E+01
 -2.25669E+01  2.14481E-28  1.42062E+06  2.00000E-03  1.21855E+01
 -2.24733E+01  2.14478E-28  1.42061E+06  2.00000E-03  1.21811E+01
 -2.23797E+01  2.14478E-28  1.42061E+06  2.00000E-03  1.21811E+01
 -2.22862E+01  2.14494E-28  1.42068E+06  2.00000E-03  1.21826E+01
 -2.21926E+01  2.14623E-28  1.42126E+06  2.00000E-03  1.21950E+01
 -2.20990E+01  2.14798E-28  1.42203E+06  2.00000E-03  1.22829E+01
 -2.20054E+01  2.14791E-28  1.42200E+06  2.00000E-03  1.23374E+01
 -2.19118E+01  2.14786E-28  1.42198E+06  2.00000E-03  1.23734E+01
 -2.18183E+01  2.14786E-28  1.42198E+06  2.00000E-03  1.23734E+01
 -2.17247E+01  2.14898E-28  1.42247E+06  2.00000E-03  1.24074E+01
 -2.16311E+01  2.15076E-28  1.42326E+06  2.00000E-03  1.24529E+01
 -2.15375E+01  2.15052E-28  1.42315E+06  2.00000E-03  1.23703E+01
 -2.14439E+01  2.15038E-28  1.42309E+06  2.00000E-03  1.24076E+01
 -2.13504E+01  2.15004E-28  1.42294E+06  2.00000E-03  1.24494E+01
 -2.12568E+01  2.15032E-28  1.42307E+06  2.00000E-03  1.24754E+01
 -2.11632E+01  2.15223E-28  1.42391E+06  2.00000E-03  1.25484E+01
 -2.10696E+01  2.15272E-28  1.42413E+06  2.00000E-03  1.25705E+01
 -2.09760E+01  2.15272E-28  1.42413E+06  2.00000E-03  1.25705E+01
 -2.08825E+01  2.15272E-28  1.42413E+06  2.00000E-03  1.25705E+01
 -2.07889E+01  2.15267E-28  1.42411E+06  2.00000E-03  1.26714E+01
 -2.06953E+01  2.15443E-28  1.42489E+06  2.00000E-03  1.28821E+01
 -2.06017E+01  2.15496E-28  1.42512E+06  2.00000E-03  1.29716E+01
 -2.05081E+01  2.15496E-28  1.42512E+06  2.00000E-03  1.29716E+01
 -2.04146E+01  2.15496E-28  1.42512E+06  2.00000E-03  1.29716E+01
 -2.03210E+01  2.15509E-28  1.42518E+06  2.00000E-03  1.29007E+01
 -2.02274E+01  2.15713E-28  1.42610E+06  2.00000E-03  1.29484E+01
 -2.01338E+01  2.15777E-28  1.42638E+06  2.00000E-03  1.30197E+01
 -2.00402E+01  2.15735E-28  1.42620E+06  2.00000E-03  1.30031E+01
 -1.99467E+01  2.15692E-28  1.42601E+06  2.00000E-03  1.29929E+01
 -1.98531E+01  2.15703E-28  1.42606E+06  2.00000E-03  1.30114E+01
 -1.97595E+01  2.15928E-28  1.42707E+06  2.00000E-03  1.31334E+01
 -1.96659E+01  2.16050E-28  1.42761E+06  2.00000E-03  1.31992E+01
 -1.95723E+01  2.16050E-28  1.42761E+06  2.00000E-03  1.31992E+01
 -1.94788E+01  2.16034E-28  1.42754E+06  2.00000E-03  1.32399E+01
 -1.93852E+01  2.15980E-28  1.42730E+06  2.00000E-03  1.33819E+01
 -1.92916E+01  2.16104E-28  1.42785E+06  2.00000E-03  1.36192E+01
 -1.91980E+01  2.16336E-28  1.42888E+06  2.00000E-03  1.37882E+01
 -1.91044E+01  2.16336E-28  1.42888E+06  2.00000E-03  1.37882E+01
 -1.90109E+01  2.16272E-28  1.42861E+06  2.00000E-03  1.37377E+01
 -1.89173E+01  2.16216E-28  1.42836E+06  2.00000E-03  1.36929E+01
 -1.88237E+01  2.16320E-28  1.42883E+06  2.00000E-03  1.38229E+01
 -1.87301E+01  2.16338E-28  1.42893E+06  2.00000E-03  1.40841E+01
 -1.86365E+01  2.16207E-28  1.42835E+06  2.00000E-03  1.42147E+01
 -1.85430E+01  2.16187E-28  1.42827E+06  2.00000E-03  1.42468E+01
 -1.84494E+01  2.16187E-28  1.42827E+06  2.00000E-03  1.42468E+01
 -1.83558E+01  2.16254E-28  1.42856E+06  2.00000E-03  1.43341E+01
 -1.82622E+01  2.16565E-28  1.42993E+06  2.00000E-03  1.47369E+01
 -1.81686E+01  2.16568E-28  1.42995E+06  2.00000E-03  1.47755E+01
 -1.80751E+01  2.16434E-28  1.42936E+06  2.00000E-03  1.49095E+01
 -1.79815E+01  2.16301E-28  1.42877E+06  2.00000E-03  1.50430E+01
 -1.78879E+01  2.16325E-28  1.42888E+06  2.00000E-03  1.50693E+01
 -1.77943E+01  2.16556E-28  1.42992E+06  2.00000E-03  1.53077E+01
 -1.77007E+01  2.16468E-28  1.42954E+06  2.00000E-03  1.53723E+01
 -1.76072E+01  2.16437E-28  1.42941E+06  2.00000E-03  1.54590E+01
 -1.75136E+01  2.16534E-28  1.42984E+06  2.00000E-03  1.55793E+01
 -1.74200E+01  2.16454E-28  1.42949E+06  2.00000E-03  1.56164E+01
 -1.73264E+01  2.16475E-28  1.42957E+06  2.00000E-03  1.57947E+01
 -1.72328E+01  2.16516E-28  1.42975E+06  2.00000E-03  1.58897E+01
 -1.71393E+01  2.16490E-28  1.42964E+06  2.00000E-03  1.59817E+01
 -1.70457E+01  2.16504E-28  1.42972E+06  2.00000E-03  1.61376E+01
 -1.69521E+01  2.16468E-28  1.42956E+06  2.00000E-03  1.60910E+01
 -1.68585E+01  2.16580E-28  1.43006E+06  2.00000E-03  1.62191E+01
 -1.67649E+01  2.16517E-28  1.42978E+06  2.00000E-03  1.62049E+01
 -1.66714E+01  2.16457E-28  1.42951E+06  2.00000E-03  1.62641E+01
 -1.65778E+01  2.16586E-28  1.43007E+06  2.00000E-03  1.64587E+01
 -1.64842E+01  2.16565E-28  1.42998E+06  2.00000E-03  1.64694E+01
 -1.63906E+01  2.16527E-28  1.42981E+06  2.00000E-03  1.65900E+01
 -1.62970E+01  2.16453E-28  1.42948E+06  2.00000E-03  1.64937E+01
 -1.62035E+01  2.16446E-28  1.42945E+06  2.00000E-03  1.64198E+01
 -1.61099E+01  2.16478E-28  1.42961E+06  2.00000E-03  1.63908E+01
 -1.60163E+01  2.16258E-28  1.42865E+06  2.00000E-03  1.63735E+01
 -1.59227E+01  2.16290E-28  1.42879E+06  2.00000E-03  1.64206E+01
 -1.58291E+01  2.16318E-28  1.42893E+06  2.00000E-03  1.64847E+01
 -1.57356E+01  2.16160E-28  1.42824E+06  2.00000E-03  1.62185E+01
 -1.56420E+01  2.16092E-28  1.42796E+06  2.00000E-03  1.62068E+01
 -1.55484E+01  2.16142E-28  1.42818E+06  2.00000E-03  1.60927E+01
 -1.54548E+01  2.16028E-28  1.42769E+06  2.00000E-03  1.59123E+01
 -1.53612E+01  2.15860E-28  1.42696E+06  2.00000E-03  1.57496E+01
 -1.52677E+01  2.15794E-28  1.42667E+06  2.00000E-03  1.57189E+01
 -1.51741E+01  2.15857E-28  1.42696E+06  2.00000E-03  1.56006E+01
 -1.50805E+01  2.15614E-28  1.42589E+06  2.00000E-03  1.53502E+01
 -1.49869E+01  2.15344E-28  1.42469E+06  2.00000E-03  1.51023E+01
 -1.48934E+01  2.15384E-28  1.42486E+06  2.00000E-03  1.50782E+01
 -1.47998E+01  2.15261E-28  1.42432E+06  2.00000E-03  1.48007E+01
 -1.47062E+01  2.14748E-28  1.42205E+06  2.00000E-03  1.45614E+01
 -1.46126E+01  2.14640E-28  1.42156E+06  2.00000E-03  1.45006E+01
 -1.45190E+01  2.14546E-28  1.42115E+06  2.00000E-03  1.43846E+01
 -1.44255E+01  2.14217E-28  1.41968E+06  2.00000E-03  1.41817E+01
 -1.43319E+01  2.13740E-28  1.41757E+06  2.00000E-03  1.39359E+01
 -1.42383E+01  2.13666E-28  1.41724E+06  2.00000E-03  1.38863E+01
 -1.41447E+01  2.13374E-28  1.41595E+06  2.00000E-03  1.37979E+01
 -1.40511E+01  2.13033E-28  1.41444E+06  2.00000E-03  1.35910E+01
 -1.39576E+01  2.12453E-28  1.41187E+06  2.00000E-03  1.35082E+01
 -1.38640E+01  2.12359E-28  1.41146E+06  2.00000E-03  1.36155E+01
 -1.37704E+01  2.11919E-28  1.40952E+06  2.00000E-03  1.33613E+01
 -1.36768E+01  2.11307E-28  1.40682E+06  2.00000E-03  1.32726E+01
 -1.35832E+01  2.11005E-28  1.40547E+06  2.00000E-03  1.30693E+01
 -1.34897E+01  2.10749E-28  1.40435E+06  2.00000E-03  1.33198E+01
 -1.33961E+01  2.09676E-28  1.39959E+06  2.00000E-03  1.26134E+01
 -1.33025E+01  2.09197E-28  1.39745E+06  2.00000E-03  1.22847E+01
 -1.32089E+01  2.08419E-28  1.39399E+06  2.00000E-03  1.27144E+01
 -1.31153E+01  2.08035E-28  1.39228E+06  2.00000E-03  1.20374E+01
 -1.30218E+01  2.06892E-28  1.38734E+06  2.00000E-03  1.08942E+01
 -1.29282E+01  2.05958E-28  1.38322E+06  2.00000E-03  1.06345E+01
 -1.28346E+01  2.05950E-28  1.38291E+06  2.00000E-03  9.83647E+00
 -1.27410E+01  2.04072E-28  1.37311E+06  2.00000E-03  8.26914E+00
 -1.26474E+01  2.02328E-28  1.36472E+06  2.00000E-03  5.50501E+00
 -1.25539E+01  2.02288E-28  1.36938E+06  1.99984E-03  5.03447E+00
 -1.24603E+01  1.97893E-28  1.36706E+06  1.99848E-03  4.49640E-01
 -1.23667E+01  1.98655E-28  1.36816E+06  1.99804E-03 -2.04562E+00
 -1.22731E+01  2.19435E-28  1.23612E+06  1.93667E-03 -4.88773E+00
 -1.21795E+01  2.37737E-28  1.11311E+06  1.88121E-03 -4.80279E+00
 -1.20860E+01  5.19513E-28  5.19103E+05  1.54611E-03  1.90515E+01
 -1.19924E+01  3.31856E-27  7.70280E+04  1.30020E-03  4.09057E+01
 -1.18988E+01  3.38753E-27  7.62852E+04  1.29896E-03  4.10592E+01
 -1.18052E+01  7.58408E-27  3.63581E+04  1.28058E-03  4.46542E+01
 -1.17116E+01  1.08764E-26  2.53426E+04  1.27995E-03  4.56498E+01
 -1.16181E+01  5.82943E-27  4.95267E+04  1.29429E-03  4.48621E+01
 -1.15245E+01  1.32715E-27  2.31735E+05  1.38641E-03  4.31544E+01
 -1.14309E+01  4.01871E-28  7.79428E+05  1.65981E-03  4.15679E+01
 -1.13373E+01  2.47953E-28  1.27474E+06  1.92014E-03  3.83555E+01
 -1.12437E+01  2.20936E-28  1.44178E+06  1.99653E-03  3.44966E+01
 -1.11502E+01  2.21359E-28  1.45148E+06  1.99931E-03  3.27197E+01
 -1.10566E+01  2.22280E-28  1.45552E+06  1.99936E-03  3.22376E+01
 -1.09630E+01  2.22908E-28  1.46068E+06  1.99957E-03  3.23368E+01
 -1.08694E+01  2.23509E-28  1.46298E+06  1.99948E-03  3.22254E+01
 -1.07758E+01  2.25163E-28  1.45691E+06  1.99688E-03  3.26074E+01
 -1.06823E+01  2.30794E-28  1.42465E+06  1.98481E-03  3.31294E+01
 -1.05887E+01  2.53103E-28  1.30004E+06  1.93403E-03  3.10714E+01
 -1.04951E+01  3.35927E-28  9.77864E+05  1.78268E-03  2.51503E+01
 -1.04015E+01  3.78591E-28  8.66238E+05  1.72678E-03  2.29632E+01
 -1.03079E+01  3.94454E-28  8.28341E+05  1.70972E-03  1.95355E+01
 -1.02144E+01  3.80954E-28  8.53154E+05  1.72370E-03  1.37457E+01
 -1.01208E+01  3.68036E-28  8.77292E+05  1.73456E-03  1.16914E+01
 -1.00272E+01  3.57738E-28  8.97839E+05  1.74324E-03  9.33433E+00
 -9.93362E+00  3.46245E-28  9.23637E+05  1.75292E-03  8.14980E+00
 -9.84004E+00  3.42147E-28  9.32458E+05  1.75478E-03  1.04544E+01
 -9.74646E+00  3.40429E-28  9.36526E+05  1.75488E-03  1.26302E+01
 -9.65288E+00  3.37941E-28  9.43013E+05  1.75631E-03  1.44925E+01
 -9.55930E+00  3.31520E-28  9.60545E+05  1.76335E-03  1.63364E+01
 -9.46572E+00  3.28857E-28  9.65121E+05  1.76252E-03  1.75417E+01
 -9.37214E+00  3.28106E-28  9.66846E+05  1.76122E-03  1.82888E+01
 -9.27856E+00  3.17430E-28  1.00058E+06  1.77848E-03  1.91170E+01
 -9.18498E+00  3.18232E-28  9.99759E+05  1.77932E-03  2.02497E+01
 -9.09140E+00  3.20027E-28  9.95510E+05  1.77878E-03  2.20113E+01
 -8.99782E+00  3.50351E-28  9.12266E+05  1.73922E-03  2.45025E+01
 -8.90424E+00  3.55863E-28  8.99221E+05  1.73245E-03  2.73461E+01
 -8.81066E+00  3.37939E-28  9.47837E+05  1.75393E-03  3.10496E+01
 -8.71708E+00  3.07804E-28  1.04123E+06  1.79604E-03  3.34186E+01
 -8.62350E+00  2.52242E-28  1.27325E+06  1.90223E-03  3.76835E+01
 -8.52992E+00  2.36316E-28  1.35857E+06  1.94482E-03  3.86302E+01
 -8.43634E+00  2.36443E-28  1.35511E+06  1.94299E-03  3.90369E+01
 -8.34276E+00  2.47669E-28  1.29132E+06  1.90711E-03  3.90401E+01
 -8.24918E+00  2.72453E-28  1.17157E+06  1.83869E-03  3.97073E+01
 -8.15560E+00  2.70536E-28  1.17687E+06  1.84164E-03  4.11805E+01
 -8.06202E+00  3.22634E-28  9.85165E+05  1.74148E-03  4.23489E+01
 -7.96844E+00  3.81140E-28  8.31077E+05  1.66554E-03  4.33730E+01
 -7.87486E+00  4.04682E-28  7.80957E+05  1.64187E-03  4.40404E+01
 -7.78128E+00  4.34119E-28  7.25604E+05  1.61763E-03  4.46389E+01
 -7.68770E+00  5.12329E-28  6.13141E+05  1.56588E-03  4.53058E+01
 -7.59412E+00  5.75141E-28  5.44660E+05  1.53280E-03  4.56609E+01
 -7.50054E+00  5.80126E-28  5.38871E+05  1.52928E-03  4.64909E+01
 -7.40696E+00  5.19182E-28  6.02709E+05  1.55825E-03  4.68309E+01
 -7.31338E+00  4.14922E-28  7.54066E+05  1.63032E-03  4.58426E+01
 -7.21980E+00  3.18473E-28  9.79374E+05  1.74110E-03  4.48729E+01
 -7.12622E+00  2.72619E-28  1.13786E+06  1.82448E-03  4.44510E+01
 -7.03264E+00  2.57192E-28  1.19781E+06  1.85814E-03  4.33518E+01
 -6.93906E+00  2.59831E-28  1.17744E+06  1.85279E-03  4.46630E+01
 -6.84548E+00  2.79014E-28  1.09370E+06  1.81511E-03  4.63224E+01
 -6.75190E+00  3.28461E-28  9.29524E+05  1.72737E-03  4.42663E+01
 -6.65832E+00  3.90146E-28  7.82247E+05  1.64302E-03  3.93568E+01
 -6.56474E+00  3.97984E-28  7.65746E+05  1.63501E-03  3.67145E+01
 -6.47116E+00  3.47006E-28  8.75472E+05  1.69923E-03  3.38022E+01
 -6.37758E+00  2.74630E-28  1.10162E+06  1.81412E-03  3.34242E+01
 -6.28400E+00  2.45939E-28  1.22795E+06  1.87798E-03  3.47980E+01
 -6.19042E+00  2.38213E-28  1.26587E+06  1.89684E-03  3.66601E+01
 -6.09684E+00  2.42079E-28  1.24147E+06  1.87832E-03  3.85238E+01
 -6.00326E+00  2.58670E-28  1.15934E+06  1.82567E-03  3.78457E+01
 -5.90968E+00  2.69917E-28  1.11304E+06  1.79916E-03  3.55323E+01
 -5.81610E+00  2.74046E-28  1.09933E+06  1.79477E-03  3.12001E+01
 -5.72252E+00  2.56446E-28  1.17250E+06  1.84601E-03  2.69488E+01
 -5.62894E+00  2.28777E-28  1.31083E+06  1.93311E-03  2.42789E+01
 -5.53537E+00  2.17945E-28  1.37314E+06  1.96891E-03  2.10918E+01
 -5.44178E+00  2.17310E-28  1.36518E+06  1.96671E-03  1.68881E+01
 -5.34821E+00  2.20205E-28  1.33676E+06  1.95299E-03  1.35561E+01
 -5.25463E+00  2.26758E-28  1.29609E+06  1.93291E-03  9.25488E+00
 -5.16105E+00  2.52802E-28  1.16001E+06  1.86039E-03  1.02673E+01
 -5.06747E+00  3.44976E-28  8.53842E+05  1.69295E-03  7.43782E+00
 -4.97389E+00  4.45175E-28  6.69518E+05  1.59826E-03  7.20600E+00
 -4.88031E+00  4.61600E-28  6.52367E+05  1.59888E-03  1.04252E+01
 -4.78673E+00  4.68099E-28  6.41905E+05  1.60971E-03  1.31780E+01
 -4.69315E+00  5.04143E-28  5.96440E+05  1.58771E-03  1.08747E+01
 -4.59957E+00  5.11786E-28  5.91143E+05  1.58476E-03  1.03570E+01
 -4.50599E+00  5.66891E-28  5.34572E+05  1.53759E-03  7.12188E+00
 -4.41241E+00  6.35508E-28  4.74733E+05  1.49763E-03  3.77671E+00
 -4.31883E+00  6.73282E-28  4.47467E+05  1.47947E-03  8.98683E-01
 -4.22525E+00  7.15493E-28  4.24858E+05  1.46602E-03 -1.58400E+00
 -4.13167E+00  7.47013E-28  4.18040E+05  1.46064E-03 -5.68686E+00
 -4.03809E+00  7.48366E-28  4.22479E+05  1.46279E-03 -8.10893E+00
 -3.94451E+00  7.65566E-28  4.18423E+05  1.46289E-03 -1.29221E+01
 -3.85093E+00  7.82828E-28  4.23071E+05  1.46566E-03 -1.39854E+01
 -3.75735E+00  8.21339E-28  4.17437E+05  1.46243E-03 -9.40643E+00
 -3.66377E+00  8.78229E-28  4.03758E+05  1.45847E-03 -4.09383E+00
 -3.57019E+00  8.95420E-28  4.03386E+05  1.45985E-03  2.13595E+00
 -3.47661E+00  8.34500E-28  4.33312E+05  1.47038E-03  1.09151E+01
 -3.38303E+00  7.88241E-28  4.50115E+05  1.47571E-03  2.03577E+01
 -3.28945E+00  7.47791E-28  4.65240E+05  1.48256E-03  2.57605E+01
 -3.19587E+00  7.31234E-28  4.65645E+05  1.48104E-03  2.94055E+01
 -3.10229E+00  6.95527E-28  4.84982E+05  1.49260E-03  2.94260E+01
 -3.00871E+00  6.98707E-28  4.82230E+05  1.49282E-03  2.81133E+01
 -2.91513E+00  7.27795E-28  4.64556E+05  1.48832E-03  2.60883E+01
 -2.82155E+00  5.63398E-28  6.02412E+05  1.55347E-03  2.15746E+01
 -2.72797E+00  4.56701E-28  7.42856E+05  1.62587E-03  1.87631E+01
 -2.63439E+00  2.98623E-28  1.13796E+06  1.82148E-03  1.21946E+01
 -2.54081E+00  2.52385E-28  1.34401E+06  1.92661E-03  6.11749E+00
 -2.44723E+00  2.36043E-28  1.42990E+06  1.97182E-03  1.90545E+00
 -2.35365E+00  2.28572E-28  1.47199E+06  1.99070E-03  3.78624E-02
 -2.26007E+00  2.25612E-28  1.48618E+06  1.99637E-03 -1.76240E+00
 -2.16649E+00  2.24128E-28  1.48816E+06  1.99816E-03 -4.23202E+00
 -2.07291E+00  2.23903E-28  1.48488E+06  1.99801E-03 -5.06037E+00
 -1.97933E+00  2.24048E-28  1.47659E+06  1.99655E-03 -6.06786E+00
 -1.88575E+00  2.25673E-28  1.45775E+06  1.99013E-03 -7.54443E+00
 -1.79217E+00  2.30055E-28  1.42116E+06  1.97310E-03 -9.17585E+00
 -1.69859E+00  2.34766E-28  1.38468E+06  1.95539E-03 -1.05386E+01
 -1.60501E+00  2.37552E-28  1.36183E+06  1.94474E-03 -1.15746E+01
 -1.51143E+00  2.46422E-28  1.30369E+06  1.91349E-03 -1.41767E+01
 -1.41785E+00  2.63699E-28  1.21144E+06  1.86091E-03 -1.68974E+01
 -1.32427E+00  2.67480E-28  1.18880E+06  1.84927E-03 -1.85157E+01
 -1.23069E+00  2.79875E-28  1.13032E+06  1.81630E-03 -2.05391E+01
 -1.13711E+00  2.81553E-28  1.11970E+06  1.81092E-03 -2.17596E+01
 -1.04353E+00  2.81492E-28  1.11659E+06  1.80969E-03 -2.31130E+01
 -9.49952E-01  2.82078E-28  1.11226E+06  1.80650E-03 -2.39120E+01
 -8.56372E-01  2.83927E-28  1.10370E+06  1.80121E-03 -2.44814E+01
 -7.62792E-01  2.82480E-28  1.11008E+06  1.80457E-03 -2.49280E+01
 -6.69212E-01  2.80641E-28  1.12046E+06  1.80952E-03 -2.53468E+01
 -5.75633E-01  2.82373E-28  1.11787E+06  1.80380E-03 -2.32727E+01
 -4.82053E-01  2.78908E-28  1.13576E+06  1.81367E-03 -2.10937E+01
 -3.88473E-01  2.79239E-28  1.13677E+06  1.81392E-03 -1.95419E+01
 -2.94893E-01  2.80253E-28  1.13234E+06  1.81317E-03 -1.61904E+01
 -2.01313E-01  2.72656E-28  1.16163E+06  1.83149E-03 -1.47461E+01
 -1.07733E-01  2.69973E-28  1.17314E+06  1.83914E-03 -1.41028E+01
 -1.41535E-02  2.61615E-28  1.20767E+06  1.86146E-03 -1.46121E+01
  7.94264E-02  2.48344E-28  1.26686E+06  1.89762E-03 -1.59958E+01
  1.73006E-01  2.38885E-28  1.31370E+06  1.92428E-03 -1.80972E+01
  2.66586E-01  2.31990E-28  1.34885E+06  1.94329E-03 -2.08474E+01
  3.60166E-01  2.27773E-28  1.36912E+06  1.95457E-03 -2.44495E+01
  4.53746E-01  2.26691E-28  1.36954E+06  1.95704E-03 -2.73404E+01
  5.47326E-01  2.28484E-28  1.35496E+06  1.95145E-03 -2.91138E+01
  6.40905E-01  2.38804E-28  1.29517E+06  1.92221E-03 -3.00254E+01
  7.34485E-01  2.38603E-28  1.29494E+06  1.92710E-03 -3.06535E+01
  8.28065E-01  2.58896E-28  1.19774E+06  1.88309E-03 -2.92382E+01
  9.21645E-01  2.72243E-28  1.14298E+06  1.85647E-03 -2.73762E+01
  1.01522E+00  2.59718E-28  1.20076E+06  1.87691E-03 -2.53869E+01
  1.10880E+00  2.55890E-28  1.22244E+06  1.88158E-03 -2.28133E+01
  1.20238E+00  2.56942E-28  1.21870E+06  1.87441E-03 -1.96468E+01
  1.29596E+00  2.56039E-28  1.22255E+06  1.87205E-03 -1.69077E+01
  1.38954E+00  2.52586E-28  1.23728E+06  1.88051E-03 -1.58273E+01
  1.48312E+00  2.52154E-28  1.23126E+06  1.87571E-03 -1.49201E+01
  1.57670E+00  2.52104E-28  1.22775E+06  1.87290E-03 -1.37753E+01
  1.67028E+00  2.51288E-28  1.22701E+06  1.87124E-03 -1.32617E+01
  1.76386E+00  2.51336E-28  1.22140E+06  1.86751E-03 -1.43652E+01
  1.85744E+00  2.54739E-28  1.19858E+06  1.85291E-03 -1.41523E+01
  1.95102E+00  2.57976E-28  1.17793E+06  1.84045E-03 -1.49200E+01
  2.04460E+00  2.59886E-28  1.16492E+06  1.83272E-03 -1.47037E+01
  2.13818E+00  2.68655E-28  1.12221E+06  1.80749E-03 -1.32105E+01
  2.23176E+00  2.85632E-28  1.05088E+06  1.76552E-03 -1.17433E+01
  2.32534E+00  3.10063E-28  9.62354E+05  1.71223E-03 -1.09573E+01
  2.41892E+00  3.12158E-28  9.53797E+05  1.71046E-03 -9.76783E+00
  2.51250E+00  3.40937E-28  8.67538E+05  1.65654E-03 -7.74047E+00
  2.60608E+00  3.57013E-28  8.22991E+05  1.63100E-03 -8.13552E+00
  2.69966E+00  3.75589E-28  7.77506E+05  1.60479E-03 -7.21195E+00
  2.79324E+00  3.83937E-28  7.56243E+05  1.59163E-03 -6.35816E+00
  2.88682E+00  3.72168E-28  7.75860E+05  1.60513E-03 -9.98661E+00
  2.98040E+00  3.85827E-28  7.43391E+05  1.58948E-03 -7.23957E+00
  3.07398E+00  3.87817E-28  7.39441E+05  1.58762E-03 -6.99197E+00
  3.16756E+00  3.75360E-28  7.65861E+05  1.60385E-03 -8.52188E+00
  3.26114E+00  3.84112E-28  7.46870E+05  1.59607E-03 -8.79503E+00
  3.35472E+00  3.93404E-28  7.25441E+05  1.58661E-03 -1.00966E+01
  3.44830E+00  3.87510E-28  7.41511E+05  1.59575E-03 -8.06304E+00
  3.54188E+00  3.56131E-28  8.12535E+05  1.63861E-03 -1.16151E+01
  3.63546E+00  3.46913E-28  8.33644E+05  1.65335E-03 -1.42582E+01
  3.72904E+00  3.40785E-28  8.52210E+05  1.66461E-03 -1.22163E+01
  3.82262E+00  3.21751E-28  9.03548E+05  1.69560E-03 -1.43141E+01
  3.91620E+00  3.01466E-28  9.68160E+05  1.73435E-03 -1.60473E+01
  4.00978E+00  2.72862E-28  1.07207E+06  1.79582E-03 -1.95072E+01
  4.10336E+00  2.65498E-28  1.10339E+06  1.81482E-03 -2.02878E+01
  4.19694E+00  2.34350E-28  1.25714E+06  1.90777E-03 -2.48617E+01
  4.29052E+00  2.27442E-28  1.29355E+06  1.92934E-03 -2.71323E+01
  4.38410E+00  2.30263E-28  1.27844E+06  1.91998E-03 -2.56482E+01
  4.47768E+00  2.26875E-28  1.29830E+06  1.93364E-03 -2.47715E+01
  4.57126E+00  2.18863E-28  1.34377E+06  1.95960E-03 -2.82240E+01
  4.66484E+00  2.15681E-28  1.36516E+06  1.97297E-03 -2.83377E+01
  4.75842E+00  2.14305E-28  1.37539E+06  1.97927E-03 -2.86372E+01
  4.85200E+00  2.11507E-28  1.39050E+06  1.98801E-03 -3.04638E+01
  4.94558E+00  2.12315E-28  1.38358E+06  1.98549E-03 -3.01580E+01
  5.03916E+00  2.13843E-28  1.37187E+06  1.97937E-03 -2.94159E+01
  5.13274E+00  2.12425E-28  1.38279E+06  1.98642E-03 -2.99325E+01
  5.22632E+00  2.12191E-28  1.38069E+06  1.98703E-03 -3.04207E+01
  5.31990E+00  2.11539E-28  1.38170E+06  1.98829E-03 -3.13565E+01
  5.41348E+00  2.10725E-28  1.38887E+06  1.99243E-03 -3.17371E+01
  5.50706E+00  2.10315E-28  1.38949E+06  1.99321E-03 -3.23669E+01
  5.60064E+00  2.13400E-28  1.36380E+06  1.98010E-03 -3.15902E+01
  5.69422E+00  2.11685E-28  1.37935E+06  1.98923E-03 -3.21842E+01
  5.78780E+00  2.12620E-28  1.37088E+06  1.98537E-03 -3.22974E+01
  5.88138E+00  2.12189E-28  1.37391E+06  1.98738E-03 -3.30446E+01
  5.97496E+00  2.11463E-28  1.37840E+06  1.99019E-03 -3.37639E+01
  6.06854E+00  2.11154E-28  1.38341E+06  1.99202E-03 -3.31854E+01
  6.16212E+00  2.10165E-28  1.39725E+06  1.99726E-03 -3.19385E+01
  6.25570E+00  2.10851E-28  1.38845E+06  1.99345E-03 -3.26619E+01
  6.34928E+00  2.10543E-28  1.39736E+06  1.99655E-03 -3.08941E+01
  6.44286E+00  2.10219E-28  1.40372E+06  1.99891E-03 -2.99101E+01
  6.53644E+00  2.10364E-28  1.40219E+06  1.99874E-03 -2.92629E+01
  6.63002E+00  2.10572E-28  1.40348E+06  1.99995E-03 -2.72167E+01
  6.72360E+00  2.10541E-28  1.40341E+06  2.00000E-03 -2.72061E+01
  6.81718E+00  2.10521E-28  1.40352E+06  2.00000E-03 -2.65941E+01
  6.91076E+00  2.10742E-28  1.40425E+06  2.00000E-03 -2.46750E+01
  7.00434E+00  2.10772E-28  1.40436E+06  2.00000E-03 -2.42842E+01
  7.09792E+00  2.11106E-28  1.40598E+06  2.00000E-03 -2.30885E+01
  7.19150E+00  2.10974E-28  1.40546E+06  2.00000E-03 -2.25197E+01
  7.28508E+00  2.10936E-28  1.40527E+06  2.00000E-03 -2.22397E+01
  7.37865E+00  2.11157E-28  1.40622E+06  2.00000E-03 -2.17654E+01
  7.47223E+00  2.11108E-28  1.40601E+06  2.00000E-03 -2.17492E+01
  7.56581E+00  2.11165E-28  1.40627E+06  2.00000E-03 -2.12548E+01
  7.65939E+00  2.11197E-28  1.40641E+06  2.00000E-03 -2.08378E+01
  7.75297E+00  2.11301E-28  1.40686E+06  2.00000E-03 -2.04876E+01
  7.84655E+00  2.11486E-28  1.40769E+06  2.00000E-03 -1.99885E+01
  7.94013E+00  2.11394E-28  1.40728E+06  2.00000E-03 -2.00634E+01
  8.03371E+00  2.11491E-28  1.40771E+06  2.00000E-03 -1.99461E+01
  8.12729E+00  2.11495E-28  1.40773E+06  2.00000E-03 -1.99304E+01
  8.22087E+00  2.11414E-28  1.40737E+06  2.00000E-03 -1.98058E+01
  8.31445E+00  2.11489E-28  1.40770E+06  2.00000E-03 -1.95121E+01
  8.40803E+00  2.11498E-28  1.40774E+06  2.00000E-03 -1.94536E+01
  8.50161E+00  2.11352E-28  1.40709E+06  2.00000E-03 -1.93725E+01
  8.59519E+00  2.11146E-28  1.40618E+06  2.00000E-03 -1.95163E+01
  8.68877E+00  2.11116E-28  1.40604E+06  2.00000E-03 -1.95402E+01
  8.78235E+00  2.10991E-28  1.40549E+06  2.00000E-03 -1.94662E+01
  8.87593E+00  2.10777E-28  1.40454E+06  2.00000E-03 -1.95614E+01
  8.96951E+00  2.10591E-28  1.40371E+06  2.00000E-03 -1.96926E+01
  9.06309E+00  2.10561E-28  1.40358E+06  2.00000E-03 -1.95587E+01
  9.15667E+00  2.10487E-28  1.40324E+06  2.00000E-03 -1.94776E+01
  9.25025E+00  2.10280E-28  1.40233E+06  2.00000E-03 -1.96350E+01
  9.34383E+00  2.10264E-28  1.40226E+06  2.00000E-03 -1.95940E+01
  9.43741E+00  2.10234E-28  1.40212E+06  2.00000E-03 -1.95970E+01
  9.53099E+00  2.10317E-28  1.40249E+06  2.00000E-03 -1.93091E+01
  9.62457E+00  2.10270E-28  1.40228E+06  2.00000E-03 -1.93579E+01
  9.71815E+00  2.10419E-28  1.40295E+06  2.00000E-03 -1.90646E+01
  9.81173E+00  2.10542E-28  1.40349E+06  2.00000E-03 -1.88438E+01
  9.90531E+00  2.10574E-28  1.40363E+06  2.00000E-03 -1.88135E+01
  9.99889E+00  2.10746E-28  1.40440E+06  2.00000E-03 -1.85617E+01
  1.00925E+01  2.10820E-28  1.40473E+06  2.00000E-03 -1.84322E+01
  1.01861E+01  2.10980E-28  1.40544E+06  2.00000E-03 -1.82226E+01
  1.02796E+01  2.11225E-28  1.40652E+06  2.00000E-03 -1.78901E+01
  1.03732E+01  2.11237E-28  1.40658E+06  2.00000E-03 -1.78762E+01
  1.04668E+01  2.11593E-28  1.40816E+06  2.00000E-03 -1.73131E+01
  1.05604E+01  2.11709E-28  1.40867E+06  2.00000E-03 -1.72461E+01
  1.06539E+01  2.11803E-28  1.40909E+06  2.00000E-03 -1.71169E+01
  1.07475E+01  2.12020E-28  1.41005E+06  2.00000E-03 -1.67788E+01
  1.08411E+01  2.12152E-28  1.41063E+06  2.00000E-03 -1.66146E+01
  1.09347E+01  2.12389E-28  1.41168E+06  2.00000E-03 -1.63257E+01
  1.10283E+01  2.12554E-28  1.41241E+06  2.00000E-03 -1.60529E+01
  1.11218E+01  2.12703E-28  1.41307E+06  2.00000E-03 -1.58517E+01
  1.12154E+01  2.12894E-28  1.41391E+06  2.00000E-03 -1.56066E+01
  1.13090E+01  2.12998E-28  1.41437E+06  2.00000E-03 -1.54944E+01
  1.14026E+01  2.13131E-28  1.41496E+06  2.00000E-03 -1.52943E+01
  1.14962E+01  2.13440E-28  1.41633E+06  2.00000E-03 -1.48711E+01
  1.15897E+01  2.13550E-28  1.41681E+06  2.00000E-03 -1.47324E+01
  1.16833E+01  2.13876E-28  1.41825E+06  2.00000E-03 -1.42920E+01
  1.17769E+01  2.13979E-28  1.41870E+06  2.00000E-03 -1.41575E+01
  1.18705E+01  2.14081E-28  1.41915E+06  2.00000E-03 -1.40351E+01
  1.19641E+01  2.14356E-28  1.42037E+06  2.00000E-03 -1.36852E+01
  1.20576E+01  2.14429E-28  1.42069E+06  2.00000E-03 -1.35754E+01
  1.21512E+01  2.14684E-28  1.42181E+06  2.00000E-03 -1.32300E+01
  1.22448E+01  2.14834E-28  1.42247E+06  2.00000E-03 -1.29961E+01
  1.23384E+01  2.15008E-28  1.42324E+06  2.00000E-03 -1.27401E+01
  1.24320E+01  2.15202E-28  1.42410E+06  2.00000E-03 -1.24501E+01
  1.25255E+01  2.15180E-28  1.42400E+06  2.00000E-03 -1.24402E+01
  1.26191E+01  2.15233E-28  1.42424E+06  2.00000E-03 -1.22950E+01
  1.27127E+01  2.15401E-28  1.42497E+06  2.00000E-03 -1.20303E+01
  1.28063E+01  2.15434E-28  1.42512E+06  2.00000E-03 -1.19162E+01
  1.28999E+01  2.15477E-28  1.42531E+06  2.00000E-03 -1.17566E+01
  1.29934E+01  2.15573E-28  1.42573E+06  2.00000E-03 -1.15509E+01
  1.30870E+01  2.15586E-28  1.42579E+06  2.00000E-03 -1.14852E+01
  1.31806E+01  2.15605E-28  1.42587E+06  2.00000E-03 -1.13335E+01
  1.32742E+01  2.15606E-28  1.42588E+06  2.00000E-03 -1.12945E+01
  1.33678E+01  2.15652E-28  1.42608E+06  2.00000E-03 -1.11340E+01
  1.34613E+01  2.15725E-28  1.42640E+06  2.00000E-03 -1.09850E+01
  1.35549E+01  2.15828E-28  1.42685E+06  2.00000E-03 -1.07952E+01
  1.36485E+01  2.15918E-28  1.42724E+06  2.00000E-03 -1.05667E+01
  1.37421E+01  2.15974E-28  1.42749E+06  2.00000E-03 -1.04715E+01
  1.38357E+01  2.16072E-28  1.42792E+06  2.00000E-03 -1.02973E+01
  1.39292E+01  2.16176E-28  1.42838E+06  2.00000E-03 -1.01255E+01
  1.40228E+01  2.16214E-28  1.42854E+06  2.00000E-03 -1.00377E+01
  1.41164E+01  2.16367E-28  1.42921E+06  2.00000E-03 -9.74954E+00
  1.42100E+01  2.16442E-28  1.42954E+06  2.00000E-03 -9.61878E+00
  1.43036E+01  2.16537E-28  1.42995E+06  2.00000E-03 -9.42858E+00
  1.43971E+01  2.16636E-28  1.43038E+06  2.00000E-03 -9.27373E+00
  1.44907E+01  2.16680E-28  1.43058E+06  2.00000E-03 -9.17603E+00
  1.45843E+01  2.16828E-28  1.43122E+06  2.00000E-03 -8.95534E+00
  1.46779E+01  2.16865E-28  1.43138E+06  2.00000E-03 -8.87688E+00
  1.47715E+01  2.16923E-28  1.43163E+06  2.00000E-03 -8.68724E+00
  1.48650E+01  2.17008E-28  1.43200E+06  2.00000E-03 -8.51603E+00
  1.49586E+01  2.17037E-28  1.43212E+06  2.00000E-03 -8.38121E+00
  1.50522E+01  2.17146E-28  1.43260E+06  2.00000E-03 -8.25615E+00
  1.51458E+01  2.17185E-28  1.43276E+06  2.00000E-03 -8.13007E+00
  1.52394E+01  2.17152E-28  1.43261E+06  2.00000E-03 -8.08438E+00
  1.53329E+01  2.17299E-28  1.43325E+06  2.00000E-03 -7.84491E+00
  1.54265E+01  2.17273E-28  1.43313E+06  2.00000E-03 -7.82013E+00
  1.55201E+01  2.17213E-28  1.43286E+06  2.00000E-03 -7.72201E+00
  1.56137E+01  2.17165E-28  1.43264E+06  2.00000E-03 -7.65134E+00
  1.57073E+01  2.17158E-28  1.43261E+06  2.00000E-03 -7.63067E+00
  1.58008E+01  2.17017E-28  1.43197E+06  2.00000E-03 -7.62926E+00
  1.58944E+01  2.16793E-28  1.43099E+06  2.00000E-03 -7.70917E+00
  1.59880E+01  2.16566E-28  1.42998E+06  2.00000E-03 -7.77666E+00
  1.60816E+01  2.16391E-28  1.42920E+06  2.00000E-03 -7.82884E+00
  1.61752E+01  2.16033E-28  1.42762E+06  2.00000E-03 -8.00479E+00
  1.62687E+01  2.15595E-28  1.42567E+06  2.00000E-03 -8.18519E+00
  1.63623E+01  2.15570E-28  1.42556E+06  2.00000E-03 -8.19453E+00
  1.64559E+01  2.15334E-28  1.42452E+06  2.00000E-03 -8.30276E+00
  1.65495E+01  2.14975E-28  1.42292E+06  2.00000E-03 -8.44545E+00
  1.66431E+01  2.14860E-28  1.42242E+06  2.00000E-03 -8.47725E+00
  1.67366E+01  2.14810E-28  1.42219E+06  2.00000E-03 -8.46940E+00
  1.68302E+01  2.14669E-28  1.42155E+06  2.00000E-03 -8.46039E+00
  1.69238E+01  2.14591E-28  1.42121E+06  2.00000E-03 -8.42743E+00
  1.70174E+01  2.14643E-28  1.42143E+06  2.00000E-03 -8.34891E+00
  1.71110E+01  2.14671E-28  1.42155E+06  2.00000E-03 -8.29488E+00
  1.72045E+01  2.14764E-28  1.42195E+06  2.00000E-03 -8.15642E+00
  1.72981E+01  2.14862E-28  1.42238E+06  2.00000E-03 -7.97237E+00
  1.73917E+01  2.14888E-28  1.42249E+06  2.00000E-03 -7.92999E+00
  1.74853E+01  2.15086E-28  1.42336E+06  2.00000E-03 -7.71236E+00
  1.75789E+01  2.15195E-28  1.42383E+06  2.00000E-03 -7.54892E+00
  1.76724E+01  2.15247E-28  1.42406E+06  2.00000E-03 -7.48640E+00
  1.77660E+01  2.15379E-28  1.42464E+06  2.00000E-03 -7.35333E+00
  1.78596E+01  2.15470E-28  1.42504E+06  2.00000E-03 -7.22762E+00
  1.79532E+01  2.15607E-28  1.42564E+06  2.00000E-03 -7.04475E+00
  1.80468E+01  2.15682E-28  1.42596E+06  2.00000E-03 -6.95645E+00
  1.81403E+01  2.15682E-28  1.42596E+06  2.00000E-03 -6.95645E+00
  1.82339E+01  2.15682E-28  1.42596E+06  2.00000E-03 -6.95645E+00
  1.83275E+01  2.15682E-28  1.42596E+06  2.00000E-03 -6.95645E+00
  1.84211E+01  2.15755E-28  1.42628E+06  2.00000E-03 -6.88413E+00
  1.85147E+01  2.15819E-28  1.42656E+06  2.00000E-03 -6.75696E+00
  1.86082E+01  2.15759E-28  1.42628E+06  2.00000E-03 -6.65961E+00
  1.87018E+01  2.15740E-28  1.42619E+06  2.00000E-03 -6.64842E+00
  1.87954E+01  2.15663E-28  1.42585E+06  2.00000E-03 -6.63667E+00
  1.88890E+01  2.15659E-28  1.42583E+06  2.00000E-03 -6.63653E+00
  1.89826E+01  2.15661E-28  1.42584E+06  2.00000E-03 -6.63782E+00
  1.90761E+01  2.15646E-28  1.42577E+06  2.00000E-03 -6.63315E+00
  1.91697E+01  2.15578E-28  1.42547E+06  2.00000E-03 -6.61245E+00
  1.92633E+01  2.15525E-28  1.42523E+06  2.00000E-03 -6.59631E+00
  1.93569E+01  2.15498E-28  1.42511E+06  2.00000E-03 -6.61719E+00
  1.94505E+01  2.15398E-28  1.42467E+06  2.00000E-03 -6.69478E+00
  1.95440E+01  2.15395E-28  1.42466E+06  2.00000E-03 -6.69708E+00
  1.96376E+01  2.15395E-28  1.42466E+06  2.00000E-03 -6.69708E+00
  1.97312E+01  2.15395E-28  1.42466E+06  2.00000E-03 -6.69708E+00
  1.98248E+01  2.15192E-28  1.42376E+06  2.00000E-03 -6.76356E+00
  1.99184E+01  2.14898E-28  1.42246E+06  2.00000E-03 -6.90829E+00
  2.00119E+01  2.14811E-28  1.42207E+06  2.00000E-03 -6.94471E+00
  2.01055E+01  2.14766E-28  1.42187E+06  2.00000E-03 -6.93990E+00
  2.01991E+01  2.14754E-28  1.42181E+06  2.00000E-03 -6.93856E+00
  2.02927E+01  2.14728E-28  1.42169E+06  2.00000E-03 -6.95881E+00
  2.03863E+01  2.14517E-28  1.42076E+06  2.00000E-03 -7.11592E+00
  2.04798E+01  2.14298E-28  1.41980E+06  2.00000E-03 -7.23011E+00
  2.05734E+01  2.14140E-28  1.41910E+06  2.00000E-03 -7.29730E+00
  2.06670E+01  2.14134E-28  1.41907E+06  2.00000E-03 -7.29976E+00
  2.07606E+01  2.14113E-28  1.41898E+06  2.00000E-03 -7.31566E+00
  2.08542E+01  2.13941E-28  1.41821E+06  2.00000E-03 -7.44420E+00
  2.09477E+01  2.13882E-28  1.41795E+06  2.00000E-03 -7.48818E+00
  2.10413E+01  2.13882E-28  1.41795E+06  2.00000E-03 -7.48818E+00
  2.11349E+01  2.13813E-28  1.41764E+06  2.00000E-03 -7.47449E+00
  2.12285E+01  2.13687E-28  1.41709E+06  2.00000E-03 -7.52175E+00
  2.13221E+01  2.13620E-28  1.41679E+06  2.00000E-03 -7.53464E+00
  2.14156E+01  2.13594E-28  1.41667E+06  2.00000E-03 -7.53973E+00
  2.15092E+01  2.13615E-28  1.41676E+06  2.00000E-03 -7.51341E+00
  2.16028E+01  2.13615E-28  1.41676E+06  2.00000E-03 -7.51341E+00
  2.16964E+01  2.13615E-28  1.41676E+06  2.00000E-03 -7.51341E+00
  2.17900E+01  2.13589E-28  1.41664E+06  2.00000E-03 -7.51277E+00
  2.18835E+01  2.13574E-28  1.41657E+06  2.00000E-03 -7.49743E+00
  2.19771E+01  2.13555E-28  1.41649E+06  2.00000E-03 -7.49696E+00
  2.20707E+01  2.13555E-28  1.41649E+06  2.00000E-03 -7.49696E+00
  2.21643E+01  2.13555E-28  1.41649E+06  2.00000E-03 -7.49696E+00
  2.22579E+01  2.13603E-28  1.41669E+06  2.00000E-03 -7.46155E+00
  2.23514E+01  2.13663E-28  1.41695E+06  2.00000E-03 -7.41681E+00
  2.24450E+01  2.13789E-28  1.41751E+06  2.00000E-03 -7.28311E+00
  2.25386E+01  2.13836E-28  1.41771E+06  2.00000E-03 -7.20120E+00
  2.26322E+01  2.13862E-28  1.41783E+06  2.00000E-03 -7.17232E+00
  2.27258E+01  2.13939E-28  1.41817E+06  2.00000E-03 -7.10100E+00
  2.28193E+01  2.14094E-28  1.41885E+06  2.00000E-03 -6.97190E+00
  2.29129E+01  2.14122E-28  1.41897E+06  2.00000E-03 -6.94962E+00
  2.30065E+01  2.14122E-28  1.41897E+06  2.00000E-03 -6.94962E+00
  2.31001E+01  2.14145E-28  1.41907E+06  2.00000E-03 -6.92315E+00
  2.31937E+01  2.14196E-28  1.41930E+06  2.00000E-03 -6.86859E+00
  2.32872E+01  2.14374E-28  1.42008E+06  2.00000E-03 -6.71594E+00
  2.33808E+01  2.14388E-28  1.42014E+06  2.00000E-03 -6.70453E+00
  2.34744E+01  2.14388E-28  1.42014E+06  2.00000E-03 -6.70453E+00
  2.35680E+01  2.14388E-28  1.42014E+06  2.00000E-03 -6.70453E+00
  2.36616E+01  2.14406E-28  1.42022E+06  2.00000E-03 -6.68722E+00
  2.37551E+01  2.14565E-28  1.42092E+06  2.00000E-03 -6.53940E+00
  2.38487E+01  2.14723E-28  1.42161E+06  2.00000E-03 -6.37277E+00
  2.39423E+01  2.14770E-28  1.42182E+06  2.00000E-03 -6.31833E+00
  2.40359E+01  2.14786E-28  1.42189E+06  2.00000E-03 -6.29932E+00
  2.41294E+01  2.14786E-28  1.42189E+06  2.00000E-03 -6.29932E+00
  2.42230E+01  2.14801E-28  1.42195E+06  2.00000E-03 -6.29921E+00
  2.43166E+01  2.14814E-28  1.42200E+06  2.00000E-03 -6.29911E+00
  2.44102E+01  2.14873E-28  1.42227E+06  2.00000E-03 -6.23922E+00
  2.45038E+01  2.14947E-28  1.42259E+06  2.00000E-03 -6.16519E+00
  2.45973E+01  2.15026E-28  1.42294E+06  2.00000E-03 -6.08506E+00
  2.46909E+01  2.15026E-28  1.42294E+06  2.00000E-03 -6.08506E+00
  2.47845E+01  2.15026E-28  1.42294E+06  2.00000E-03 -6.08506E+00
  2.48781E+01  2.15026E-28  1.42294E+06  2.00000E-03 -6.08506E+00
  2.49717E+01  2.15015E-28  1.42289E+06  2.00000E-03 -6.08383E+00
  2.50652E+01  2.14961E-28  1.42265E+06  2.00000E-03 -6.07806E+00
  2.51588E+01  2.14939E-28  1.42254E+06  2.00000E-03 -6.09188E+00
  2.52524E+01  2.14756E-28  1.42170E+06  2.00000E-03 -6.21110E+00
  2.53460E+01  2.14680E-28  1.42136E+06  2.00000E-03 -6.24106E+00
  2.54396E+01  2.14680E-28  1.42136E+06  2.00000E-03 -6.24106E+00
  2.55331E+01  2.14680E-28  1.42136E+06  2.00000E-03 -6.24106E+00
  2.56267E+01  2.14680E-28  1.42136E+06  2.00000E-03 -6.24106E+00
  2.57203E+01  2.14678E-28  1.42135E+06  2.00000E-03 -6.23342E+00
  2.58139E+01  2.14676E-28  1.42134E+06  2.00000E-03 -6.21953E+00
  2.59075E+01  2.14673E-28  1.42133E+06  2.00000E-03 -6.20281E+00
  2.60010E+01  2.14672E-28  1.42133E+06  2.00000E-03 -6.20217E+00
  2.60946E+01  2.14670E-28  1.42131E+06  2.00000E-03 -6.20391E+00
  2.61882E+01  2.14646E-28  1.42120E+06  2.00000E-03 -6.22158E+00
  2.62818E+01  2.14637E-28  1.42116E+06  2.00000E-03 -6.22823E+00
  2.63754E+01  2.14637E-28  1.42116E+06  2.00000E-03 -6.22823E+00
  2.64689E+01  2.14637E-28  1.42116E+06  2.00000E-03 -6.22823E+00
  2.65625E+01  2.14637E-28  1.42116E+06  2.00000E-03 -6.22823E+00
  2.66561E+01  2.14637E-28  1.42116E+06  2.00000E-03 -6.22823E+00
  2.67497E+01  2.14637E-28  1.42116E+06  2.00000E-03 -6.22823E+00
  2.68433E+01  2.14637E-28  1.42116E+06  2.00000E-03 -6.22823E+00
  2.69368E+01  2.14637E-28  1.42116E+06  2.00000E-03 -6.22823E+00
  2.70304E+01  2.14673E-28  1.42131E+06  2.00000E-03 -6.19842E+00
  2.71240E+01  2.14981E-28  1.42266E+06  2.00000E-03 -5.95354E+00
  2.72176E+01  2.15355E-28  1.42431E+06  2.00000E-03 -5.64755E+00
  2.73112E+01  2.15394E-28  1.42448E+06  2.00000E-03 -5.61336E+00
  2.74047E+01  2.15394E-28  1.42448E+06  2.00000E-03 -5.61336E+00
  2.74983E+01  2.15394E-28  1.42448E+06  2.00000E-03 -5.61336E+00
  2.75919E+01  2.15416E-28  1.42457E+06  2.00000E-03 -5.58044E+00
  2.76855E+01  2.15468E-28  1.42480E+06  2.00000E-03 -5.50085E+00
  2.77791E+01  2.15479E-28  1.42485E+06  2.00000E-03 -5.48338E+00
  2.78726E+01  2.15498E-28  1.42493E+06  2.00000E-03 -5.45445E+00
  2.79662E+01  2.15545E-28  1.42514E+06  2.00000E-03 -5.38231E+00
  2.80598E+01  2.15744E-28  1.42601E+06  2.00000E-03 -5.24773E+00
  2.81534E+01  2.16053E-28  1.42736E+06  2.00000E-03 -5.03853E+00
  2.82470E+01  2.16135E-28  1.42773E+06  2.00000E-03 -4.98279E+00
  2.83405E+01  2.16146E-28  1.42777E+06  2.00000E-03 -4.97471E+00
  2.84341E+01  2.16306E-28  1.42848E+06  2.00000E-03 -4.85587E+00
  2.85277E+01  2.16445E-28  1.42909E+06  2.00000E-03 -4.75196E+00
  2.86213E+01  2.16506E-28  1.42936E+06  2.00000E-03 -4.70685E+00
  2.87149E+01  2.16506E-28  1.42936E+06  2.00000E-03 -4.70686E+00
  2.88084E+01  2.16506E-28  1.42936E+06  2.00000E-03 -4.70685E+00
  2.89020E+01  2.16506E-28  1.42936E+06  2.00000E-03 -4.70685E+00
  2.89956E+01  2.16521E-28  1.42942E+06  2.00000E-03 -4.69871E+00
  2.90892E+01  2.16737E-28  1.43037E+06  2.00000E-03 -4.58235E+00
  2.91828E+01  2.16766E-28  1.43049E+06  2.00000E-03 -4.56665E+00
  2.92763E+01  2.16766E-28  1.43049E+06  2.00000E-03 -4.56665E+00
  2.93699E+01  2.16766E-28  1.43049E+06  2.00000E-03 -4.56665E+00
  2.94635E+01  2.16766E-28  1.43049E+06  2.00000E-03 -4.56665E+00
  2.95571E+01  2.16766E-28  1.43049E+06  2.00000E-03 -4.56665E+00
  2.96507E+01  2.16766E-28  1.43049E+06  2.00000E-03 -4.56665E+00
  2.97442E+01  2.16788E-28  1.43059E+06  2.00000E-03 -4.55824E+00
  2.98378E+01  2.16830E-28  1.43078E+06  2.00000E-03 -4.54165E+00
  2.99314E+01  2.16847E-28  1.43085E+06  2.00000E-03 -4.53514E+00
  3.00250E+01  2.16881E-28  1.43100E+06  2.00000E-03 -4.52592E+00
  3.01186E+01  2.16921E-28  1.43117E+06  2.00000E-03 -4.51507E+00
  3.02121E+01  2.16939E-28  1.43125E+06  2.00000E-03 -4.47574E+00
  3.03057E+01  2.16950E-28  1.43129E+06  2.00000E-03 -4.45311E+00
  3.03993E+01  2.16955E-28  1.43131E+06  2.00000E-03 -4.44238E+00
  3.04929E+01  2.16984E-28  1.43144E+06  2.00000E-03 -4.37993E+00
  3.05865E+01  2.16984E-28  1.43144E+06  2.00000E-03 -4.37993E+00
  3.06800E+01  2.16984E-28  1.43144E+06  2.00000E-03 -4.37993E+00
  3.07736E+01  2.16984E-28  1.43144E+06  2.00000E-03 -4.37993E+00
  3.08672E+01  2.16984E-28  1.43144E+06  2.00000E-03 -4.37993E+00
  3.09608E+01  2.16978E-28  1.43141E+06  2.00000E-03 -4.38338E+00
