 -3.08019E+01  2.17476E-28  1.43351E+06  2.00000E-03  1.24345E+00
 -3.07083E+01  2.17473E-28  1.43350E+06  2.00000E-03  1.24754E+00
 -3.06148E+01  2.17473E-28  1.43350E+06  2.00000E-03  1.24754E+00
 -3.05212E+01  2.17473E-28  1.43350E+06  2.00000E-03  1.24754E+00
 -3.04276E+01  2.17473E-28  1.43350E+06  2.00000E-03  1.24754E+00
 -3.03340E+01  2.17473E-28  1.43350E+06  2.00000E-03  1.24754E+00
 -3.02404E+01  2.17473E-28  1.43350E+06  2.00000E-03  1.24754E+00
 -3.01469E+01  2.17473E-28  1.43350E+06  2.00000E-03  1.24711E+00
 -3.00533E+01  2.17478E-28  1.43352E+06  2.00000E-03  1.23430E+00
 -2.99597E+01  2.17460E-28  1.43344E+06  2.00000E-03  1.24568E+00
 -2.98661E+01  2.17401E-28  1.43319E+06  2.00000E-03  1.30593E+00
 -2.97725E+01  2.17401E-28  1.43318E+06  2.00000E-03  1.30622E+00
 -2.96790E+01  2.17401E-28  1.43318E+06  2.00000E-03  1.30622E+00
 -2.95854E+01  2.17401E-28  1.43318E+06  2.00000E-03  1.30622E+00
 -2.94918E+01  2.17401E-28  1.43318E+06  2.00000E-03  1.30622E+00
 -2.93982E+01  2.17399E-28  1.43318E+06  2.00000E-03  1.30742E+00
 -2.93046E+01  2.17396E-28  1.43316E+06  2.00000E-03  1.30952E+00
 -2.92111E+01  2.17394E-28  1.43316E+06  2.00000E-03  1.31070E+00
 -2.91175E+01  2.17391E-28  1.43314E+06  2.00000E-03  1.31345E+00
 -2.90239E+01  2.17390E-28  1.43314E+06  2.00000E-03  1.31698E+00
 -2.89303E+01  2.17439E-28  1.43335E+06  2.00000E-03  1.36660E+00
 -2.88367E+01  2.17451E-28  1.43341E+06  2.00000E-03  1.37949E+00
 -2.87432E+01  2.17409E-28  1.43323E+06  2.00000E-03  1.36165E+00
 -2.86496E+01  2.17359E-28  1.43300E+06  2.00000E-03  1.34028E+00
 -2.85560E+01  2.17345E-28  1.43294E+06  2.00000E-03  1.33430E+00
 -2.84624E+01  2.17345E-28  1.43294E+06  2.00000E-03  1.33430E+00
 -2.83688E+01  2.17345E-28  1.43294E+06  2.00000E-03  1.33430E+00
 -2.82753E+01  2.17345E-28  1.43294E+06  2.00000E-03  1.33430E+00
 -2.81817E+01  2.17345E-28  1.43294E+06  2.00000E-03  1.33430E+00
 -2.80881E+01  2.17345E-28  1.43294E+06  2.00000E-03  1.33430E+00
 -2.79945E+01  2.17390E-28  1.43314E+06  2.00000E-03  1.34852E+00
 -2.79009E+01  2.17471E-28  1.43351E+06  2.00000E-03  1.37415E+00
 -2.78074E+01  2.17471E-28  1.43351E+06  2.00000E-03  1.37415E+00
 -2.77138E+01  2.17471E-28  1.43351E+06  2.00000E-03  1.37415E+00
 -2.76202E+01  2.17471E-28  1.43351E+06  2.00000E-03  1.37415E+00
 -2.75266E+01  2.17471E-28  1.43351E+06  2.00000E-03  1.37415E+00
 -2.74331E+01  2.17428E-28  1.43332E+06  2.00000E-03  1.37582E+00
 -2.73395E+01  2.17333E-28  1.43290E+06  2.00000E-03  1.37950E+00
 -2.72459E+01  2.17240E-28  1.43249E+06  2.00000E-03  1.38307E+00
 -2.71523E+01  2.17240E-28  1.43249E+06  2.00000E-03  1.38307E+00
 -2.70587E+01  2.17257E-28  1.43257E+06  2.00000E-03  1.41330E+00
 -2.69652E+01  2.17301E-28  1.43278E+06  2.00000E-03  1.49191E+00
 -2.68716E+01  2.17309E-28  1.43281E+06  2.00000E-03  1.50600E+00
 -2.67780E+01  2.17315E-28  1.43284E+06  2.00000E-03  1.50968E+00
 -2.66844E+01  2.17323E-28  1.43288E+06  2.00000E-03  1.51415E+00
 -2.65908E+01  2.17324E-28  1.43288E+06  2.00000E-03  1.51451E+00
 -2.64973E+01  2.17329E-28  1.43290E+06  2.00000E-03  1.51728E+00
 -2.64037E+01  2.17336E-28  1.43293E+06  2.00000E-03  1.52149E+00
 -2.63101E+01  2.17336E-28  1.43293E+06  2.00000E-03  1.52149E+00
 -2.62165E+01  2.17336E-28  1.43293E+06  2.00000E-03  1.52149E+00
 -2.61229E+01  2.17278E-28  1.43268E+06  2.00000E-03  1.53942E+00
 -2.60294E+01  2.17316E-28  1.43288E+06  2.00000E-03  1.59902E+00
 -2.59358E+01  2.17137E-28  1.43211E+06  2.00000E-03  1.67131E+00
 -2.58422E+01  2.17137E-28  1.43211E+06  2.00000E-03  1.67131E+00
 -2.57486E+01  2.17137E-28  1.43211E+06  2.00000E-03  1.67131E+00
 -2.56550E+01  2.17137E-28  1.43211E+06  2.00000E-03  1.67131E+00
 -2.55615E+01  2.17137E-28  1.43211E+06  2.00000E-03  1.67131E+00
 -2.54679E+01  2.17137E-28  1.43211E+06  2.00000E-03  1.67131E+00
 -2.53743E+01  2.17137E-28  1.43211E+06  2.00000E-03  1.67131E+00
 -2.52807E+01  2.17137E-28  1.43211E+06  2.00000E-03  1.67131E+00
 -2.51871E+01  2.17137E-28  1.43211E+06  2.00000E-03  1.67131E+00
 -2.50936E+01  2.17453E-28  1.43355E+06  2.00000E-03  1.64237E+00
 -2.50000E+01  2.17793E-28  1.43510E+06  2.00000E-03  1.61135E+00
 -2.49064E+01  2.17793E-28  1.43510E+06  2.00000E-03  1.61135E+00
 -2.48128E+01  2.17707E-28  1.43473E+06  2.00000E-03  1.61289E+00
 -2.47192E+01  2.17464E-28  1.43366E+06  2.00000E-03  1.61730E+00
 -2.46257E+01  2.17200E-28  1.43251E+06  2.00000E-03  1.62209E+00
 -2.45321E+01  2.17171E-28  1.43238E+06  2.00000E-03  1.62261E+00
 -2.44385E+01  2.17171E-28  1.43238E+06  2.00000E-03  1.62261E+00
 -2.43449E+01  2.17171E-28  1.43238E+06  2.00000E-03  1.62261E+00
 -2.42513E+01  2.17171E-28  1.43238E+06  2.00000E-03  1.62261E+00
 -2.41578E+01  2.17347E-28  1.43313E+06  2.00000E-03  1.59106E+00
 -2.40642E+01  2.17714E-28  1.43468E+06  2.00000E-03  1.54127E+00
 -2.39706E+01  2.17528E-28  1.43386E+06  2.00000E-03  1.57132E+00
 -2.38770E+01  2.17536E-28  1.43389E+06  2.00000E-03  1.57759E+00
 -2.37834E+01  2.17536E-28  1.43389E+06  2.00000E-03  1.57759E+00
 -2.36899E+01  2.17575E-28  1.43406E+06  2.00000E-03  1.57959E+00
 -2.35963E+01  2.17808E-28  1.43504E+06  2.00000E-03  1.59138E+00
 -2.35027E+01  2.17795E-28  1.43497E+06  2.00000E-03  1.59549E+00
 -2.34091E+01  2.17603E-28  1.43413E+06  2.00000E-03  1.61525E+00
 -2.33155E+01  2.17417E-28  1.43331E+06  2.00000E-03  1.63443E+00
 -2.32220E+01  2.17355E-28  1.43303E+06  2.00000E-03  1.64079E+00
 -2.31284E+01  2.17604E-28  1.43413E+06  2.00000E-03  1.67611E+00
 -2.30348E+01  2.17687E-28  1.43450E+06  2.00000E-03  1.68784E+00
 -2.29412E+01  2.17687E-28  1.43450E+06  2.00000E-03  1.68784E+00
 -2.28476E+01  2.17694E-28  1.43453E+06  2.00000E-03  1.69353E+00
 -2.27541E+01  2.17539E-28  1.43384E+06  2.00000E-03  1.71970E+00
 -2.26605E+01  2.17514E-28  1.43373E+06  2.00000E-03  1.75964E+00
 -2.25669E+01  2.17695E-28  1.43452E+06  2.00000E-03  1.75534E+00
 -2.24733E+01  2.17696E-28  1.43453E+06  2.00000E-03  1.75503E+00
 -2.23797E+01  2.17696E-28  1.43453E+06  2.00000E-03  1.75503E+00
 -2.22862E+01  2.17713E-28  1.43461E+06  2.00000E-03  1.75477E+00
 -2.21926E+01  2.17849E-28  1.43520E+06  2.00000E-03  1.75273E+00
 -2.20990E+01  2.17856E-28  1.43523E+06  2.00000E-03  1.72049E+00
 -2.20054E+01  2.17713E-28  1.43460E+06  2.00000E-03  1.69773E+00
 -2.19118E+01  2.17619E-28  1.43419E+06  2.00000E-03  1.68270E+00
 -2.18183E+01  2.17619E-28  1.43419E+06  2.00000E-03  1.68270E+00
 -2.17247E+01  2.17676E-28  1.43444E+06  2.00000E-03  1.71014E+00
 -2.16311E+01  2.17778E-28  1.43489E+06  2.00000E-03  1.75106E+00
 -2.15375E+01  2.17850E-28  1.43521E+06  2.00000E-03  1.71926E+00
 -2.14439E+01  2.17734E-28  1.43470E+06  2.00000E-03  1.68734E+00
 -2.13504E+01  2.17530E-28  1.43380E+06  2.00000E-03  1.61939E+00
 -2.12568E+01  2.17378E-28  1.43314E+06  2.00000E-03  1.60324E+00
 -2.11632E+01  2.17371E-28  1.43311E+06  2.00000E-03  1.73254E+00
 -2.10696E+01  2.17367E-28  1.43310E+06  2.00000E-03  1.76639E+00
 -2.09760E+01  2.17367E-28  1.43310E+06  2.00000E-03  1.76639E+00
 -2.08825E+01  2.17367E-28  1.43310E+06  2.00000E-03  1.76639E+00
 -2.07889E+01  2.17078E-28  1.43183E+06  2.00000E-03  1.74059E+00
 -2.06953E+01  2.16704E-28  1.43019E+06  2.00000E-03  1.87316E+00
 -2.06017E+01  2.16574E-28  1.42962E+06  2.00000E-03  1.88399E+00
 -2.05081E+01  2.16574E-28  1.42962E+06  2.00000E-03  1.88399E+00
 -2.04146E+01  2.16574E-28  1.42962E+06  2.00000E-03  1.88399E+00
 -2.03210E+01  2.16574E-28  1.42963E+06  2.00000E-03  1.88665E+00
 -2.02274E+01  2.16414E-28  1.42894E+06  2.00000E-03  2.05553E+00
 -2.01338E+01  2.16301E-28  1.42845E+06  2.00000E-03  2.07122E+00
 -2.00402E+01  2.16106E-28  1.42759E+06  2.00000E-03  1.91564E+00
 -1.99467E+01  2.15916E-28  1.42675E+06  2.00000E-03  1.78899E+00
 -1.98531E+01  2.15889E-28  1.42664E+06  2.00000E-03  1.78061E+00
 -1.97595E+01  2.15817E-28  1.42634E+06  2.00000E-03  1.86892E+00
 -1.96659E+01  2.15779E-28  1.42618E+06  2.00000E-03  1.91664E+00
 -1.95723E+01  2.15779E-28  1.42618E+06  2.00000E-03  1.91664E+00
 -1.94788E+01  2.15731E-28  1.42597E+06  2.00000E-03  1.86182E+00
 -1.93852E+01  2.15566E-28  1.42524E+06  2.00000E-03  1.67055E+00
 -1.92916E+01  2.15341E-28  1.42426E+06  2.00000E-03  1.58206E+00
 -1.91980E+01  2.15215E-28  1.42373E+06  2.00000E-03  1.67339E+00
 -1.91044E+01  2.15215E-28  1.42373E+06  2.00000E-03  1.67339E+00
 -1.90109E+01  2.15216E-28  1.42373E+06  2.00000E-03  1.66440E+00
 -1.89173E+01  2.15216E-28  1.42372E+06  2.00000E-03  1.65640E+00
 -1.88237E+01  2.15135E-28  1.42338E+06  2.00000E-03  1.76346E+00
 -1.87301E+01  2.14810E-28  1.42197E+06  2.00000E-03  1.80533E+00
 -1.86365E+01  2.14430E-28  1.42028E+06  2.00000E-03  1.71218E+00
 -1.85430E+01  2.14348E-28  1.41992E+06  2.00000E-03  1.69559E+00
 -1.84494E+01  2.14348E-28  1.41992E+06  2.00000E-03  1.69559E+00
 -1.83558E+01  2.14289E-28  1.41968E+06  2.00000E-03  1.76443E+00
 -1.82622E+01  2.14014E-28  1.41857E+06  2.00000E-03  2.08295E+00
 -1.81686E+01  2.13966E-28  1.41836E+06  2.00000E-03  2.09786E+00
 -1.80751E+01  2.13683E-28  1.41712E+06  2.00000E-03  2.06220E+00
 -1.79815E+01  2.13401E-28  1.41587E+06  2.00000E-03  2.02660E+00
 -1.78879E+01  2.13377E-28  1.41576E+06  2.00000E-03  2.04397E+00
 -1.77943E+01  2.13179E-28  1.41479E+06  2.00000E-03  2.20945E+00
 -1.77007E+01  2.13031E-28  1.41412E+06  2.00000E-03  2.19968E+00
 -1.76072E+01  2.12993E-28  1.41391E+06  2.00000E-03  2.16343E+00
 -1.75136E+01  2.13025E-28  1.41399E+06  2.00000E-03  2.15416E+00
 -1.74200E+01  2.13012E-28  1.41391E+06  2.00000E-03  2.13547E+00
 -1.73264E+01  2.12961E-28  1.41366E+06  2.00000E-03  2.13618E+00
 -1.72328E+01  2.12919E-28  1.41347E+06  2.00000E-03  2.14555E+00
 -1.71393E+01  2.12935E-28  1.41354E+06  2.00000E-03  2.14404E+00
 -1.70457E+01  2.12980E-28  1.41374E+06  2.00000E-03  2.13231E+00
 -1.69521E+01  2.12987E-28  1.41377E+06  2.00000E-03  2.11629E+00
 -1.68585E+01  2.13215E-28  1.41479E+06  2.00000E-03  2.07469E+00
 -1.67649E+01  2.13232E-28  1.41487E+06  2.00000E-03  2.07744E+00
 -1.66714E+01  2.13200E-28  1.41474E+06  2.00000E-03  2.10440E+00
 -1.65778E+01  2.13446E-28  1.41584E+06  2.00000E-03  2.07237E+00
 -1.64842E+01  2.13426E-28  1.41575E+06  2.00000E-03  2.08297E+00
 -1.63906E+01  2.13525E-28  1.41621E+06  2.00000E-03  2.09477E+00
 -1.62970E+01  2.13561E-28  1.41637E+06  2.00000E-03  2.09935E+00
 -1.62035E+01  2.13592E-28  1.41651E+06  2.00000E-03  2.08255E+00
 -1.61099E+01  2.13862E-28  1.41771E+06  2.00000E-03  2.04643E+00
 -1.60163E+01  2.13644E-28  1.41674E+06  2.00000E-03  2.14406E+00
 -1.59227E+01  2.13726E-28  1.41711E+06  2.00000E-03  2.14769E+00
 -1.58291E+01  2.13867E-28  1.41773E+06  2.00000E-03  2.16142E+00
 -1.57356E+01  2.13802E-28  1.41744E+06  2.00000E-03  2.17499E+00
 -1.56420E+01  2.13880E-28  1.41778E+06  2.00000E-03  2.24746E+00
 -1.55484E+01  2.13973E-28  1.41819E+06  2.00000E-03  2.23224E+00
 -1.54548E+01  2.13926E-28  1.41799E+06  2.00000E-03  2.26145E+00
 -1.53612E+01  2.13978E-28  1.41821E+06  2.00000E-03  2.34777E+00
 -1.52677E+01  2.13975E-28  1.41820E+06  2.00000E-03  2.36730E+00
 -1.51741E+01  2.14109E-28  1.41879E+06  2.00000E-03  2.35842E+00
 -1.50805E+01  2.14143E-28  1.41894E+06  2.00000E-03  2.38844E+00
 -1.49869E+01  2.14152E-28  1.41898E+06  2.00000E-03  2.39996E+00
 -1.48934E+01  2.14357E-28  1.41989E+06  2.00000E-03  2.35467E+00
 -1.47998E+01  2.14363E-28  1.41992E+06  2.00000E-03  2.33978E+00
 -1.47062E+01  2.14407E-28  1.42011E+06  2.00000E-03  2.29951E+00
 -1.46126E+01  2.14705E-28  1.42142E+06  2.00000E-03  2.18884E+00
 -1.45190E+01  2.14697E-28  1.42139E+06  2.00000E-03  2.17570E+00
 -1.44255E+01  2.14859E-28  1.42211E+06  2.00000E-03  2.06914E+00
 -1.43319E+01  2.14972E-28  1.42261E+06  2.00000E-03  1.98845E+00
 -1.42383E+01  2.15005E-28  1.42276E+06  2.00000E-03  1.97203E+00
 -1.41447E+01  2.15083E-28  1.42311E+06  2.00000E-03  1.92827E+00
 -1.40511E+01  2.15061E-28  1.42302E+06  2.00000E-03  1.89566E+00
 -1.39576E+01  2.14980E-28  1.42267E+06  2.00000E-03  1.92921E+00
 -1.38640E+01  2.14944E-28  1.42252E+06  2.00000E-03  1.97609E+00
 -1.37704E+01  2.14796E-28  1.42187E+06  2.00000E-03  1.99712E+00
 -1.36768E+01  2.14597E-28  1.42100E+06  2.00000E-03  2.11095E+00
 -1.35832E+01  2.14532E-28  1.42071E+06  2.00000E-03  2.12798E+00
 -1.34897E+01  2.14401E-28  1.42014E+06  2.00000E-03  2.22728E+00
 -1.33961E+01  2.14124E-28  1.41892E+06  2.00000E-03  2.30710E+00
 -1.33025E+01  2.14048E-28  1.41858E+06  2.00000E-03  2.31290E+00
 -1.32089E+01  2.13937E-28  1.41811E+06  2.00000E-03  2.44070E+00
 -1.31153E+01  2.13846E-28  1.41771E+06  2.00000E-03  2.43442E+00
 -1.30218E+01  2.13686E-28  1.41702E+06  2.00000E-03  2.42223E+00
 -1.29282E+01  2.13621E-28  1.41675E+06  2.00000E-03  2.49372E+00
 -1.28346E+01  2.13556E-28  1.41646E+06  2.00000E-03  2.47138E+00
 -1.27410E+01  2.13412E-28  1.41586E+06  2.00000E-03  2.51780E+00
 -1.26474E+01  2.13227E-28  1.41507E+06  2.00000E-03  2.53438E+00
 -1.25539E+01  2.13230E-28  1.41509E+06  2.00000E-03  2.51749E+00
 -1.24603E+01  2.13098E-28  1.41458E+06  2.00000E-03  2.57613E+00
 -1.23667E+01  2.12949E-28  1.41394E+06  2.00000E-03  2.54058E+00
 -1.22731E+01  2.12843E-28  1.41350E+06  2.00000E-03  2.47553E+00
 -1.21795E+01  2.12868E-28  1.41365E+06  2.00000E-03  2.49413E+00
 -1.20860E+01  2.12678E-28  1.41284E+06  2.00000E-03  2.44089E+00
 -1.19924E+01  2.12694E-28  1.41313E+06  2.00000E-03  2.36078E+00
 -1.18988E+01  2.12718E-28  1.41326E+06  2.00000E-03  2.33957E+00
 -1.18052E+01  2.12742E-28  1.41339E+06  2.00000E-03  2.24558E+00
 -1.17116E+01  2.12860E-28  1.41394E+06  2.00000E-03  2.10092E+00
 -1.16181E+01  2.12958E-28  1.41433E+06  2.00000E-03  1.98607E+00
 -1.15245E+01  2.13032E-28  1.41455E+06  2.00000E-03  1.90828E+00
 -1.14309E+01  2.13083E-28  1.41465E+06  2.00000E-03  1.87113E+00
 -1.13373E+01  2.13153E-28  1.41483E+06  2.00000E-03  1.84650E+00
 -1.12437E+01  2.13218E-28  1.41499E+06  2.00000E-03  1.82114E+00
 -1.11502E+01  2.13241E-28  1.41498E+06  2.00000E-03  1.80939E+00
 -1.10566E+01  2.13216E-28  1.41483E+06  2.00000E-03  1.82124E+00
 -1.09630E+01  2.13237E-28  1.41491E+06  2.00000E-03  1.85229E+00
 -1.08694E+01  2.13226E-28  1.41486E+06  2.00000E-03  1.85899E+00
 -1.07758E+01  2.13179E-28  1.41466E+06  2.00000E-03  1.90450E+00
 -1.06823E+01  2.13148E-28  1.41452E+06  2.00000E-03  1.97634E+00
 -1.05887E+01  2.13022E-28  1.41396E+06  2.00000E-03  2.02095E+00
 -1.04951E+01  2.13038E-28  1.41403E+06  2.00000E-03  2.11402E+00
 -1.04015E+01  2.12994E-28  1.41384E+06  2.00000E-03  2.19507E+00
 -1.03079E+01  2.12925E-28  1.41353E+06  2.00000E-03  2.31384E+00
 -1.02144E+01  2.12932E-28  1.41356E+06  2.00000E-03  2.37596E+00
 -1.01208E+01  2.12993E-28  1.41384E+06  2.00000E-03  2.48599E+00
 -1.00272E+01  2.13035E-28  1.41403E+06  2.00000E-03  2.54795E+00
 -9.93362E+00  2.13091E-28  1.41428E+06  2.00000E-03  2.60449E+00
 -9.84004E+00  2.13216E-28  1.41484E+06  2.00000E-03  2.63895E+00
 -9.74646E+00  2.13324E-28  1.41532E+06  2.00000E-03  2.65034E+00
 -9.65288E+00  2.13456E-28  1.41591E+06  2.00000E-03  2.65299E+00
 -9.55930E+00  2.13577E-28  1.41645E+06  2.00000E-03  2.63087E+00
 -9.46572E+00  2.13815E-28  1.41751E+06  2.00000E-03  2.59406E+00
 -9.37214E+00  2.14028E-28  1.41846E+06  2.00000E-03  2.56797E+00
 -9.27856E+00  2.14100E-28  1.41878E+06  2.00000E-03  2.57114E+00
 -9.18498E+00  2.14311E-28  1.41972E+06  2.00000E-03  2.56293E+00
 -9.09140E+00  2.14453E-28  1.42036E+06  2.00000E-03  2.55621E+00
 -8.99782E+00  2.14628E-28  1.42116E+06  2.00000E-03  2.50816E+00
 -8.90424E+00  2.14764E-28  1.42177E+06  2.00000E-03  2.47186E+00
 -8.81066E+00  2.14982E-28  1.42277E+06  2.00000E-03  2.40852E+00
 -8.71708E+00  2.15124E-28  1.42341E+06  2.00000E-03  2.35208E+00
 -8.62350E+00  2.15244E-28  1.42397E+06  2.00000E-03  2.26993E+00
 -8.52992E+00  2.15465E-28  1.42498E+06  2.00000E-03  2.18335E+00
 -8.43634E+00  2.15732E-28  1.42620E+06  2.00000E-03  2.08766E+00
 -8.34276E+00  2.15889E-28  1.42692E+06  2.00000E-03  2.01250E+00
 -8.24918E+00  2.16034E-28  1.42758E+06  2.00000E-03  1.94541E+00
 -8.15560E+00  2.16199E-28  1.42834E+06  2.00000E-03  1.87677E+00
 -8.06202E+00  2.16253E-28  1.42857E+06  2.00000E-03  1.83045E+00
 -7.96844E+00  2.16229E-28  1.42844E+06  2.00000E-03  1.76085E+00
 -7.87486E+00  2.16257E-28  1.42855E+06  2.00000E-03  1.70372E+00
 -7.78128E+00  2.16254E-28  1.42851E+06  2.00000E-03  1.60940E+00
 -7.68770E+00  2.16252E-28  1.42847E+06  2.00000E-03  1.48340E+00
 -7.59412E+00  2.16308E-28  1.42869E+06  2.00000E-03  1.37365E+00
 -7.50054E+00  2.16372E-28  1.42895E+06  2.00000E-03  1.23934E+00
 -7.40696E+00  2.16509E-28  1.42953E+06  2.00000E-03  1.12128E+00
 -7.31338E+00  2.16599E-28  1.42992E+06  2.00000E-03  1.01924E+00
 -7.21980E+00  2.16674E-28  1.43023E+06  2.00000E-03  9.45837E-01
 -7.12622E+00  2.16739E-28  1.43051E+06  2.00000E-03  8.92219E-01
 -7.03264E+00  2.17004E-28  1.43167E+06  2.00000E-03  9.20005E-01
 -6.93906E+00  2.17084E-28  1.43201E+06  2.00000E-03  9.29696E-01
 -6.84548E+00  2.17146E-28  1.43229E+06  2.00000E-03  9.53229E-01
 -6.75190E+00  2.17423E-28  1.43350E+06  2.00000E-03  1.02123E+00
 -6.65832E+00  2.17956E-28  1.43586E+06  2.00000E-03  1.16249E+00
 -6.56474E+00  2.18119E-28  1.43657E+06  2.00000E-03  1.21861E+00
 -6.47116E+00  2.18442E-28  1.43801E+06  2.00000E-03  1.32011E+00
 -6.37758E+00  2.19016E-28  1.44053E+06  2.00000E-03  1.45872E+00
 -6.28400E+00  2.19076E-28  1.44082E+06  2.00000E-03  1.50736E+00
 -6.19042E+00  2.19083E-28  1.44086E+06  2.00000E-03  1.55073E+00
 -6.09684E+00  2.19282E-28  1.44173E+06  2.00000E-03  1.63214E+00
 -6.00326E+00  2.19412E-28  1.44228E+06  2.00000E-03  1.70524E+00
 -5.90968E+00  2.19286E-28  1.44171E+06  2.00000E-03  1.75587E+00
 -5.81610E+00  2.19129E-28  1.44099E+06  2.00000E-03  1.82737E+00
 -5.72252E+00  2.19200E-28  1.44128E+06  2.00000E-03  1.90936E+00
 -5.62894E+00  2.19281E-28  1.44163E+06  2.00000E-03  2.00111E+00
 -5.53537E+00  2.19112E-28  1.44088E+06  2.00000E-03  2.09001E+00
 -5.44178E+00  2.19209E-28  1.44131E+06  2.00000E-03  2.20956E+00
 -5.34821E+00  2.19407E-28  1.44218E+06  2.00000E-03  2.32229E+00
 -5.25463E+00  2.19497E-28  1.44258E+06  2.00000E-03  2.41915E+00
 -5.16105E+00  2.19949E-28  1.44456E+06  2.00000E-03  2.57929E+00
 -5.06747E+00  2.20180E-28  1.44557E+06  2.00000E-03  2.67151E+00
 -4.97389E+00  2.20298E-28  1.44609E+06  2.00000E-03  2.71318E+00
 -4.88031E+00  2.20380E-28  1.44645E+06  2.00000E-03  2.72084E+00
 -4.78673E+00  2.20609E-28  1.44745E+06  2.00000E-03  2.71511E+00
 -4.69315E+00  2.20636E-28  1.44757E+06  2.00000E-03  2.64787E+00
 -4.59957E+00  2.20529E-28  1.44710E+06  2.00000E-03  2.51409E+00
 -4.50599E+00  2.20231E-28  1.44579E+06  2.00000E-03  2.28712E+00
 -4.41241E+00  2.19703E-28  1.44348E+06  2.00000E-03  1.93031E+00
 -4.31883E+00  2.18702E-28  1.43910E+06  2.00000E-03  1.32529E+00
 -4.22525E+00  2.18087E-28  1.43640E+06  2.00000E-03  9.80065E-01
 -4.13167E+00  2.16554E-28  1.42967E+06  2.00000E-03  1.81496E-01
 -4.03809E+00  2.15521E-28  1.42512E+06  2.00000E-03 -3.28188E-01
 -3.94451E+00  2.14444E-28  1.42037E+06  2.00000E-03 -8.36781E-01
 -3.85093E+00  2.13362E-28  1.41558E+06  2.00000E-03 -1.28793E+00
 -3.75735E+00  2.12585E-28  1.41214E+06  2.00000E-03 -1.56836E+00
 -3.66377E+00  2.12300E-28  1.41089E+06  2.00000E-03 -1.62892E+00
 -3.57019E+00  2.12173E-28  1.41033E+06  2.00000E-03 -1.62563E+00
 -3.47661E+00  2.11991E-28  1.40953E+06  2.00000E-03 -1.59206E+00
 -3.38303E+00  2.11986E-28  1.40952E+06  2.00000E-03 -1.52606E+00
 -3.28945E+00  2.11961E-28  1.40942E+06  2.00000E-03 -1.46031E+00
 -3.19587E+00  2.11984E-28  1.40953E+06  2.00000E-03 -1.41371E+00
 -3.10229E+00  2.11978E-28  1.40951E+06  2.00000E-03 -1.39153E+00
 -3.00871E+00  2.11819E-28  1.40881E+06  2.00000E-03 -1.39932E+00
 -2.91513E+00  2.11727E-28  1.40841E+06  2.00000E-03 -1.40887E+00
 -2.82155E+00  2.11757E-28  1.40855E+06  2.00000E-03 -1.43453E+00
 -2.72797E+00  2.11765E-28  1.40860E+06  2.00000E-03 -1.41165E+00
 -2.63439E+00  2.11693E-28  1.40828E+06  2.00000E-03 -1.36954E+00
 -2.54081E+00  2.11727E-28  1.40843E+06  2.00000E-03 -1.32103E+00
 -2.44723E+00  2.12015E-28  1.40970E+06  2.00000E-03 -1.24941E+00
 -2.35365E+00  2.12077E-28  1.40996E+06  2.00000E-03 -1.20818E+00
 -2.26007E+00  2.12252E-28  1.41073E+06  2.00000E-03 -1.18017E+00
 -2.16649E+00  2.12548E-28  1.41202E+06  2.00000E-03 -1.17264E+00
 -2.07291E+00  2.12619E-28  1.41232E+06  2.00000E-03 -1.21160E+00
 -1.97933E+00  2.12805E-28  1.41314E+06  2.00000E-03 -1.26743E+00
 -1.88575E+00  2.13146E-28  1.41464E+06  2.00000E-03 -1.22263E+00
 -1.79217E+00  2.13534E-28  1.41635E+06  2.00000E-03 -1.16979E+00
 -1.69859E+00  2.13923E-28  1.41806E+06  2.00000E-03 -1.08665E+00
 -1.60501E+00  2.14244E-28  1.41947E+06  2.00000E-03 -1.01517E+00
 -1.51143E+00  2.14923E-28  1.42246E+06  2.00000E-03 -7.26580E-01
 -1.41785E+00  2.15425E-28  1.42467E+06  2.00000E-03 -5.10991E-01
 -1.32427E+00  2.15847E-28  1.42653E+06  2.00000E-03 -3.52093E-01
 -1.23069E+00  2.16283E-28  1.42845E+06  2.00000E-03 -1.59918E-01
 -1.13711E+00  2.16537E-28  1.42956E+06  2.00000E-03 -6.20511E-02
 -1.04353E+00  2.16745E-28  1.43047E+06  2.00000E-03  2.44904E-02
 -9.49952E-01  2.16949E-28  1.43136E+06  2.00000E-03  1.42269E-01
 -8.56372E-01  2.17028E-28  1.43170E+06  2.00000E-03  2.18571E-01
 -7.62792E-01  2.17015E-28  1.43163E+06  2.00000E-03  2.38637E-01
 -6.69212E-01  2.16861E-28  1.43095E+06  2.00000E-03  1.99854E-01
 -5.75633E-01  2.16408E-28  1.42896E+06  2.00000E-03  1.47014E-02
 -4.82053E-01  2.15753E-28  1.42607E+06  2.00000E-03 -3.22037E-01
 -3.88473E-01  2.15337E-28  1.42424E+06  2.00000E-03 -5.35371E-01
 -2.94893E-01  2.14443E-28  1.42030E+06  2.00000E-03 -1.02699E+00
 -2.01313E-01  2.13967E-28  1.41821E+06  2.00000E-03 -1.30649E+00
 -1.07733E-01  2.13862E-28  1.41775E+06  2.00000E-03 -1.35723E+00
 -1.41535E-02  2.13792E-28  1.41745E+06  2.00000E-03 -1.40315E+00
  7.94264E-02  2.13848E-28  1.41772E+06  2.00000E-03 -1.40786E+00
  1.73006E-01  2.13937E-28  1.41813E+06  2.00000E-03 -1.41078E+00
  2.66586E-01  2.13984E-28  1.41835E+06  2.00000E-03 -1.45241E+00
  3.60166E-01  2.13982E-28  1.41837E+06  2.00000E-03 -1.53982E+00
  4.53746E-01  2.14026E-28  1.41861E+06  2.00000E-03 -1.62998E+00
  5.47326E-01  2.14062E-28  1.41880E+06  2.00000E-03 -1.69238E+00
  6.40905E-01  2.14091E-28  1.41895E+06  2.00000E-03 -1.74909E+00
  7.34485E-01  2.14288E-28  1.41989E+06  2.00000E-03 -1.69613E+00
  8.28065E-01  2.14377E-28  1.42033E+06  2.00000E-03 -1.71682E+00
  9.21645E-01  2.14401E-28  1.42045E+06  2.00000E-03 -1.74104E+00
  1.01522E+00  2.14500E-28  1.42094E+06  2.00000E-03 -1.72897E+00
  1.10880E+00  2.14464E-28  1.42083E+06  2.00000E-03 -1.82138E+00
  1.20238E+00  2.14452E-28  1.42078E+06  2.00000E-03 -1.87787E+00
  1.29596E+00  2.14462E-28  1.42085E+06  2.00000E-03 -1.91414E+00
  1.38954E+00  2.14515E-28  1.42114E+06  2.00000E-03 -1.90007E+00
  1.48312E+00  2.14653E-28  1.42179E+06  2.00000E-03 -1.82247E+00
  1.57670E+00  2.14756E-28  1.42228E+06  2.00000E-03 -1.77238E+00
  1.67028E+00  2.14861E-28  1.42279E+06  2.00000E-03 -1.70513E+00
  1.76386E+00  2.14885E-28  1.42293E+06  2.00000E-03 -1.66336E+00
  1.85744E+00  2.14878E-28  1.42293E+06  2.00000E-03 -1.69407E+00
  1.95102E+00  2.14742E-28  1.42235E+06  2.00000E-03 -1.78283E+00
  2.04460E+00  2.14517E-28  1.42137E+06  2.00000E-03 -1.94293E+00
  2.13818E+00  2.14251E-28  1.42020E+06  2.00000E-03 -2.16619E+00
  2.23176E+00  2.13914E-28  1.41871E+06  2.00000E-03 -2.42977E+00
  2.32534E+00  2.13294E-28  1.41597E+06  2.00000E-03 -2.89180E+00
  2.41892E+00  2.12736E-28  1.41348E+06  2.00000E-03 -3.29270E+00
  2.51250E+00  2.12053E-28  1.41043E+06  2.00000E-03 -3.83060E+00
  2.60608E+00  2.11645E-28  1.40861E+06  2.00000E-03 -4.15348E+00
  2.69966E+00  2.11230E-28  1.40672E+06  2.00000E-03 -4.49804E+00
  2.79324E+00  2.11136E-28  1.40627E+06  2.00000E-03 -4.62902E+00
  2.88682E+00  2.11214E-28  1.40658E+06  2.00000E-03 -4.61033E+00
  2.98040E+00  2.11320E-28  1.40693E+06  2.00000E-03 -4.67768E+00
  3.07398E+00  2.11366E-28  1.40710E+06  2.00000E-03 -4.66023E+00
  3.16756E+00  2.11717E-28  1.40861E+06  2.00000E-03 -4.51545E+00
  3.26114E+00  2.12109E-28  1.41027E+06  2.00000E-03 -4.33254E+00
  3.35472E+00  2.12371E-28  1.41137E+06  2.00000E-03 -4.16201E+00
  3.44830E+00  2.12506E-28  1.41195E+06  2.00000E-03 -4.14840E+00
  3.54188E+00  2.12925E-28  1.41379E+06  2.00000E-03 -3.93274E+00
  3.63546E+00  2.13305E-28  1.41545E+06  2.00000E-03 -3.70251E+00
  3.72904E+00  2.13539E-28  1.41649E+06  2.00000E-03 -3.59804E+00
  3.82262E+00  2.13713E-28  1.41725E+06  2.00000E-03 -3.48782E+00
  3.91620E+00  2.14070E-28  1.41883E+06  2.00000E-03 -3.24857E+00
  4.00978E+00  2.14287E-28  1.41978E+06  2.00000E-03 -3.10286E+00
  4.10336E+00  2.14315E-28  1.41991E+06  2.00000E-03 -3.08131E+00
  4.19694E+00  2.14437E-28  1.42046E+06  2.00000E-03 -2.98603E+00
  4.29052E+00  2.14445E-28  1.42049E+06  2.00000E-03 -2.97373E+00
  4.38410E+00  2.14389E-28  1.42024E+06  2.00000E-03 -3.02345E+00
  4.47768E+00  2.14180E-28  1.41932E+06  2.00000E-03 -3.21615E+00
  4.57126E+00  2.14123E-28  1.41907E+06  2.00000E-03 -3.27003E+00
  4.66484E+00  2.13834E-28  1.41780E+06  2.00000E-03 -3.55420E+00
  4.75842E+00  2.13674E-28  1.41710E+06  2.00000E-03 -3.69421E+00
  4.85200E+00  2.13738E-28  1.41739E+06  2.00000E-03 -3.70963E+00
  4.94558E+00  2.13939E-28  1.41829E+06  2.00000E-03 -3.69853E+00
  5.03916E+00  2.14195E-28  1.41942E+06  2.00000E-03 -3.57584E+00
  5.13274E+00  2.14467E-28  1.42064E+06  2.00000E-03 -3.41148E+00
  5.22632E+00  2.15622E-28  1.42573E+06  2.00000E-03 -2.71247E+00
  5.31990E+00  2.16700E-28  1.43046E+06  2.00000E-03 -2.03799E+00
  5.41348E+00  2.17104E-28  1.43224E+06  2.00000E-03 -1.76015E+00
  5.50706E+00  2.17583E-28  1.43434E+06  2.00000E-03 -1.46070E+00
  5.60064E+00  2.18417E-28  1.43798E+06  2.00000E-03 -9.82898E-01
  5.69422E+00  2.18501E-28  1.43836E+06  2.00000E-03 -9.46799E-01
  5.78780E+00  2.18570E-28  1.43865E+06  2.00000E-03 -9.31823E-01
  5.88138E+00  2.18576E-28  1.43866E+06  2.00000E-03 -9.94337E-01
  5.97496E+00  2.18477E-28  1.43822E+06  2.00000E-03 -1.07444E+00
  6.06854E+00  2.18447E-28  1.43809E+06  2.00000E-03 -1.10427E+00
  6.16212E+00  2.18146E-28  1.43675E+06  2.00000E-03 -1.32903E+00
  6.25570E+00  2.17541E-28  1.43408E+06  2.00000E-03 -1.70999E+00
  6.34928E+00  2.17100E-28  1.43213E+06  2.00000E-03 -2.01619E+00
  6.44286E+00  2.16928E-28  1.43137E+06  2.00000E-03 -2.13696E+00
  6.53644E+00  2.16157E-28  1.42796E+06  2.00000E-03 -2.58581E+00
  6.63002E+00  2.15708E-28  1.42596E+06  2.00000E-03 -2.83763E+00
  6.72360E+00  2.15644E-28  1.42568E+06  2.00000E-03 -2.87095E+00
  6.81718E+00  2.15541E-28  1.42521E+06  2.00000E-03 -2.90151E+00
  6.91076E+00  2.15633E-28  1.42560E+06  2.00000E-03 -2.75041E+00
  7.00434E+00  2.15683E-28  1.42582E+06  2.00000E-03 -2.69023E+00
  7.09792E+00  2.15994E-28  1.42718E+06  2.00000E-03 -2.46836E+00
  7.19150E+00  2.16395E-28  1.42894E+06  2.00000E-03 -2.12600E+00
  7.28508E+00  2.16851E-28  1.43094E+06  2.00000E-03 -1.79641E+00
  7.37865E+00  2.17081E-28  1.43195E+06  2.00000E-03 -1.65295E+00
  7.47223E+00  2.17196E-28  1.43245E+06  2.00000E-03 -1.57867E+00
  7.56581E+00  2.17575E-28  1.43411E+06  2.00000E-03 -1.33266E+00
  7.65939E+00  2.17701E-28  1.43466E+06  2.00000E-03 -1.23424E+00
  7.75297E+00  2.17698E-28  1.43464E+06  2.00000E-03 -1.22724E+00
  7.84655E+00  2.17586E-28  1.43415E+06  2.00000E-03 -1.32038E+00
  7.94013E+00  2.17506E-28  1.43379E+06  2.00000E-03 -1.38022E+00
  8.03371E+00  2.17366E-28  1.43318E+06  2.00000E-03 -1.49437E+00
  8.12729E+00  2.17192E-28  1.43241E+06  2.00000E-03 -1.63553E+00
  8.22087E+00  2.16944E-28  1.43132E+06  2.00000E-03 -1.79707E+00
  8.31445E+00  2.16704E-28  1.43025E+06  2.00000E-03 -1.95716E+00
  8.40803E+00  2.16679E-28  1.43014E+06  2.00000E-03 -1.96818E+00
  8.50161E+00  2.16635E-28  1.42994E+06  2.00000E-03 -1.96077E+00
  8.59519E+00  2.16696E-28  1.43020E+06  2.00000E-03 -1.89977E+00
  8.68877E+00  2.16708E-28  1.43025E+06  2.00000E-03 -1.88880E+00
  8.78235E+00  2.16755E-28  1.43045E+06  2.00000E-03 -1.82634E+00
  8.87593E+00  2.16888E-28  1.43104E+06  2.00000E-03 -1.69675E+00
  8.96951E+00  2.16994E-28  1.43150E+06  2.00000E-03 -1.60427E+00
  9.06309E+00  2.17018E-28  1.43160E+06  2.00000E-03 -1.56916E+00
  9.15667E+00  2.17055E-28  1.43176E+06  2.00000E-03 -1.52388E+00
  9.25025E+00  2.17089E-28  1.43190E+06  2.00000E-03 -1.51298E+00
  9.34383E+00  2.17076E-28  1.43185E+06  2.00000E-03 -1.52890E+00
  9.43741E+00  2.17054E-28  1.43175E+06  2.00000E-03 -1.55977E+00
  9.53099E+00  2.16977E-28  1.43141E+06  2.00000E-03 -1.65924E+00
  9.62457E+00  2.16855E-28  1.43087E+06  2.00000E-03 -1.76913E+00
  9.71815E+00  2.16730E-28  1.43032E+06  2.00000E-03 -1.88803E+00
  9.81173E+00  2.16486E-28  1.42924E+06  2.00000E-03 -2.10231E+00
  9.90531E+00  2.16210E-28  1.42803E+06  2.00000E-03 -2.33066E+00
  9.99889E+00  2.15771E-28  1.42609E+06  2.00000E-03 -2.69218E+00
  1.00925E+01  2.15624E-28  1.42545E+06  2.00000E-03 -2.80066E+00
  1.01861E+01  2.15199E-28  1.42357E+06  2.00000E-03 -3.12001E+00
  1.02796E+01  2.14808E-28  1.42184E+06  2.00000E-03 -3.39765E+00
  1.03732E+01  2.14792E-28  1.42177E+06  2.00000E-03 -3.40972E+00
  1.04668E+01  2.14571E-28  1.42079E+06  2.00000E-03 -3.53287E+00
  1.05604E+01  2.14522E-28  1.42058E+06  2.00000E-03 -3.52766E+00
  1.06539E+01  2.14535E-28  1.42063E+06  2.00000E-03 -3.50475E+00
  1.07475E+01  2.14549E-28  1.42069E+06  2.00000E-03 -3.45422E+00
  1.08411E+01  2.14543E-28  1.42066E+06  2.00000E-03 -3.40662E+00
  1.09347E+01  2.14698E-28  1.42135E+06  2.00000E-03 -3.24060E+00
  1.10283E+01  2.14733E-28  1.42150E+06  2.00000E-03 -3.18024E+00
  1.11218E+01  2.14829E-28  1.42192E+06  2.00000E-03 -3.07145E+00
  1.12154E+01  2.15038E-28  1.42285E+06  2.00000E-03 -2.89850E+00
  1.13090E+01  2.15154E-28  1.42336E+06  2.00000E-03 -2.79522E+00
  1.14026E+01  2.15308E-28  1.42404E+06  2.00000E-03 -2.68517E+00
  1.14962E+01  2.15710E-28  1.42581E+06  2.00000E-03 -2.38083E+00
  1.15897E+01  2.15887E-28  1.42659E+06  2.00000E-03 -2.23701E+00
  1.16833E+01  2.16301E-28  1.42840E+06  2.00000E-03 -1.94407E+00
  1.17769E+01  2.16403E-28  1.42885E+06  2.00000E-03 -1.88044E+00
  1.18705E+01  2.16423E-28  1.42894E+06  2.00000E-03 -1.86519E+00
  1.19641E+01  2.16578E-28  1.42962E+06  2.00000E-03 -1.78039E+00
  1.20576E+01  2.16623E-28  1.42982E+06  2.00000E-03 -1.75441E+00
  1.21512E+01  2.16648E-28  1.42993E+06  2.00000E-03 -1.76702E+00
  1.22448E+01  2.16510E-28  1.42931E+06  2.00000E-03 -1.88330E+00
  1.23384E+01  2.16523E-28  1.42937E+06  2.00000E-03 -1.88940E+00
  1.24320E+01  2.16530E-28  1.42940E+06  2.00000E-03 -1.91678E+00
  1.25255E+01  2.16511E-28  1.42931E+06  2.00000E-03 -1.93871E+00
  1.26191E+01  2.16555E-28  1.42950E+06  2.00000E-03 -1.93237E+00
  1.27127E+01  2.16750E-28  1.43036E+06  2.00000E-03 -1.82517E+00
  1.28063E+01  2.16949E-28  1.43123E+06  2.00000E-03 -1.69979E+00
  1.28999E+01  2.17227E-28  1.43245E+06  2.00000E-03 -1.52712E+00
  1.29934E+01  2.17557E-28  1.43390E+06  2.00000E-03 -1.31960E+00
  1.30870E+01  2.17628E-28  1.43421E+06  2.00000E-03 -1.28299E+00
  1.31806E+01  2.17850E-28  1.43519E+06  2.00000E-03 -1.15785E+00
  1.32742E+01  2.17919E-28  1.43549E+06  2.00000E-03 -1.11805E+00
  1.33678E+01  2.17953E-28  1.43563E+06  2.00000E-03 -1.11633E+00
  1.34613E+01  2.17930E-28  1.43553E+06  2.00000E-03 -1.14216E+00
  1.35549E+01  2.17810E-28  1.43501E+06  2.00000E-03 -1.22914E+00
  1.36485E+01  2.17625E-28  1.43419E+06  2.00000E-03 -1.36871E+00
  1.37421E+01  2.17479E-28  1.43355E+06  2.00000E-03 -1.47077E+00
  1.38357E+01  2.17125E-28  1.43200E+06  2.00000E-03 -1.71022E+00
  1.39292E+01  2.16724E-28  1.43023E+06  2.00000E-03 -1.97780E+00
  1.40228E+01  2.16534E-28  1.42940E+06  2.00000E-03 -2.10135E+00
  1.41164E+01  2.15987E-28  1.42699E+06  2.00000E-03 -2.45564E+00
  1.42100E+01  2.15595E-28  1.42526E+06  2.00000E-03 -2.70328E+00
  1.43036E+01  2.15260E-28  1.42378E+06  2.00000E-03 -2.90746E+00
  1.43971E+01  2.15168E-28  1.42337E+06  2.00000E-03 -2.96323E+00
  1.44907E+01  2.14867E-28  1.42205E+06  2.00000E-03 -3.15052E+00
  1.45843E+01  2.14595E-28  1.42084E+06  2.00000E-03 -3.32187E+00
  1.46779E+01  2.14468E-28  1.42028E+06  2.00000E-03 -3.40115E+00
  1.47715E+01  2.14371E-28  1.41985E+06  2.00000E-03 -3.45849E+00
  1.48650E+01  2.14173E-28  1.41898E+06  2.00000E-03 -3.59029E+00
  1.49586E+01  2.14104E-28  1.41867E+06  2.00000E-03 -3.63538E+00
  1.50522E+01  2.14099E-28  1.41865E+06  2.00000E-03 -3.64829E+00
  1.51458E+01  2.14094E-28  1.41863E+06  2.00000E-03 -3.65367E+00
  1.52394E+01  2.14108E-28  1.41869E+06  2.00000E-03 -3.64080E+00
  1.53329E+01  2.14277E-28  1.41943E+06  2.00000E-03 -3.54106E+00
  1.54265E+01  2.14355E-28  1.41978E+06  2.00000E-03 -3.48948E+00
  1.55201E+01  2.14651E-28  1.42108E+06  2.00000E-03 -3.28595E+00
  1.56137E+01  2.14948E-28  1.42239E+06  2.00000E-03 -3.08561E+00
  1.57073E+01  2.15017E-28  1.42270E+06  2.00000E-03 -3.03712E+00
  1.58008E+01  2.15383E-28  1.42431E+06  2.00000E-03 -2.77390E+00
  1.58944E+01  2.15677E-28  1.42561E+06  2.00000E-03 -2.57024E+00
  1.59880E+01  2.16041E-28  1.42721E+06  2.00000E-03 -2.30919E+00
  1.60816E+01  2.16378E-28  1.42869E+06  2.00000E-03 -2.05187E+00
  1.61752E+01  2.16769E-28  1.43042E+06  2.00000E-03 -1.77966E+00
  1.62687E+01  2.17433E-28  1.43333E+06  2.00000E-03 -1.27503E+00
  1.63623E+01  2.17484E-28  1.43356E+06  2.00000E-03 -1.23136E+00
  1.64559E+01  2.17820E-28  1.43504E+06  2.00000E-03 -9.83886E-01
  1.65495E+01  2.18412E-28  1.43763E+06  2.00000E-03 -5.42104E-01
  1.66431E+01  2.18607E-28  1.43849E+06  2.00000E-03 -4.02332E-01
  1.67366E+01  2.18778E-28  1.43924E+06  2.00000E-03 -2.53531E-01
  1.68302E+01  2.19165E-28  1.44094E+06  2.00000E-03  2.02403E-02
  1.69238E+01  2.19389E-28  1.44192E+06  2.00000E-03  1.65405E-01
  1.70174E+01  2.19450E-28  1.44218E+06  2.00000E-03  2.29038E-01
  1.71110E+01  2.19508E-28  1.44244E+06  2.00000E-03  2.64530E-01
  1.72045E+01  2.19561E-28  1.44267E+06  2.00000E-03  3.01511E-01
  1.72981E+01  2.19512E-28  1.44246E+06  2.00000E-03  2.60071E-01
  1.73917E+01  2.19473E-28  1.44228E+06  2.00000E-03  2.31351E-01
  1.74853E+01  2.19321E-28  1.44162E+06  2.00000E-03  1.06233E-01
  1.75789E+01  2.19135E-28  1.44080E+06  2.00000E-03 -6.34490E-02
  1.76724E+01  2.19031E-28  1.44035E+06  2.00000E-03 -1.24653E-01
  1.77660E+01  2.18835E-28  1.43950E+06  2.00000E-03 -2.48075E-01
  1.78596E+01  2.18595E-28  1.43846E+06  2.00000E-03 -4.32624E-01
  1.79532E+01  2.18362E-28  1.43748E+06  2.00000E-03 -5.91131E-01
  1.80468E+01  2.18287E-28  1.43719E+06  2.00000E-03 -6.31675E-01
  1.81403E+01  2.18287E-28  1.43719E+06  2.00000E-03 -6.31675E-01
  1.82339E+01  2.18287E-28  1.43719E+06  2.00000E-03 -6.31675E-01
  1.83275E+01  2.18287E-28  1.43719E+06  2.00000E-03 -6.31675E-01
  1.84211E+01  2.18387E-28  1.43760E+06  2.00000E-03 -5.21033E-01
  1.85147E+01  2.18489E-28  1.43804E+06  2.00000E-03 -4.19644E-01
  1.86082E+01  2.18671E-28  1.43884E+06  2.00000E-03 -2.70496E-01
  1.87018E+01  2.18712E-28  1.43902E+06  2.00000E-03 -2.36209E-01
  1.87954E+01  2.18850E-28  1.43962E+06  2.00000E-03 -1.22278E-01
  1.88890E+01  2.18941E-28  1.44002E+06  2.00000E-03 -4.21046E-02
  1.89826E+01  2.19132E-28  1.44084E+06  2.00000E-03  1.26873E-01
  1.90761E+01  2.19185E-28  1.44108E+06  2.00000E-03  1.64308E-01
  1.91697E+01  2.19423E-28  1.44212E+06  2.00000E-03  3.29977E-01
  1.92633E+01  2.19609E-28  1.44293E+06  2.00000E-03  4.58784E-01
  1.93569E+01  2.19598E-28  1.44288E+06  2.00000E-03  4.57148E-01
  1.94505E+01  2.19557E-28  1.44270E+06  2.00000E-03  4.51073E-01
  1.95440E+01  2.19556E-28  1.44270E+06  2.00000E-03  4.50892E-01
  1.96376E+01  2.19556E-28  1.44270E+06  2.00000E-03  4.50892E-01
  1.97312E+01  2.19556E-28  1.44270E+06  2.00000E-03  4.50892E-01
  1.98248E+01  2.19688E-28  1.44327E+06  2.00000E-03  5.37681E-01
  1.99184E+01  2.19594E-28  1.44285E+06  2.00000E-03  4.78990E-01
  2.00119E+01  2.19527E-28  1.44256E+06  2.00000E-03  4.33485E-01
  2.01055E+01  2.19436E-28  1.44216E+06  2.00000E-03  3.71579E-01
  2.01991E+01  2.19410E-28  1.44204E+06  2.00000E-03  3.54331E-01
  2.02927E+01  2.19370E-28  1.44187E+06  2.00000E-03  3.26991E-01
  2.03863E+01  2.19054E-28  1.44048E+06  2.00000E-03  1.10180E-01
  2.04798E+01  2.18829E-28  1.43949E+06  2.00000E-03 -8.65810E-02
  2.05734E+01  2.18698E-28  1.43891E+06  2.00000E-03 -2.19237E-01
  2.06670E+01  2.18693E-28  1.43889E+06  2.00000E-03 -2.24104E-01
  2.07606E+01  2.18639E-28  1.43865E+06  2.00000E-03 -2.64438E-01
  2.08542E+01  2.18199E-28  1.43672E+06  2.00000E-03 -5.91183E-01
  2.09477E+01  2.18049E-28  1.43605E+06  2.00000E-03 -7.03147E-01
  2.10413E+01  2.18049E-28  1.43605E+06  2.00000E-03 -7.03146E-01
  2.11349E+01  2.17551E-28  1.43387E+06  2.00000E-03 -1.11944E+00
  2.12285E+01  2.17175E-28  1.43221E+06  2.00000E-03 -1.45065E+00
  2.13221E+01  2.16741E-28  1.43030E+06  2.00000E-03 -1.78382E+00
  2.14156E+01  2.16488E-28  1.42918E+06  2.00000E-03 -1.96040E+00
  2.15092E+01  2.16453E-28  1.42903E+06  2.00000E-03 -1.98403E+00
  2.16028E+01  2.16453E-28  1.42903E+06  2.00000E-03 -1.98403E+00
  2.16964E+01  2.16453E-28  1.42903E+06  2.00000E-03 -1.98403E+00
  2.17900E+01  2.16334E-28  1.42850E+06  2.00000E-03 -2.06317E+00
  2.18835E+01  2.16274E-28  1.42823E+06  2.00000E-03 -2.08492E+00
  2.19771E+01  2.16261E-28  1.42818E+06  2.00000E-03 -2.09616E+00
  2.20707E+01  2.16261E-28  1.42818E+06  2.00000E-03 -2.09616E+00
  2.21643E+01  2.16261E-28  1.42818E+06  2.00000E-03 -2.09616E+00
  2.22579E+01  2.16329E-28  1.42847E+06  2.00000E-03 -2.01735E+00
  2.23514E+01  2.16414E-28  1.42885E+06  2.00000E-03 -1.91779E+00
  2.24450E+01  2.16659E-28  1.42993E+06  2.00000E-03 -1.71688E+00
  2.25386E+01  2.16970E-28  1.43130E+06  2.00000E-03 -1.47615E+00
  2.26322E+01  2.17045E-28  1.43162E+06  2.00000E-03 -1.41326E+00
  2.27258E+01  2.17188E-28  1.43225E+06  2.00000E-03 -1.28622E+00
  2.28193E+01  2.17579E-28  1.43397E+06  2.00000E-03 -9.44019E-01
  2.29129E+01  2.17660E-28  1.43432E+06  2.00000E-03 -8.73375E-01
  2.30065E+01  2.17660E-28  1.43432E+06  2.00000E-03 -8.73375E-01
  2.31001E+01  2.17726E-28  1.43461E+06  2.00000E-03 -8.22650E-01
  2.31937E+01  2.17839E-28  1.43511E+06  2.00000E-03 -7.33329E-01
  2.32872E+01  2.17985E-28  1.43575E+06  2.00000E-03 -5.96320E-01
  2.33808E+01  2.17991E-28  1.43577E+06  2.00000E-03 -5.89507E-01
  2.34744E+01  2.17991E-28  1.43577E+06  2.00000E-03 -5.89507E-01
  2.35680E+01  2.17991E-28  1.43577E+06  2.00000E-03 -5.89507E-01
  2.36616E+01  2.17995E-28  1.43579E+06  2.00000E-03 -5.88485E-01
  2.37551E+01  2.17956E-28  1.43562E+06  2.00000E-03 -5.98321E-01
  2.38487E+01  2.17830E-28  1.43507E+06  2.00000E-03 -7.07635E-01
  2.39423E+01  2.17773E-28  1.43482E+06  2.00000E-03 -7.66666E-01
  2.40359E+01  2.17752E-28  1.43472E+06  2.00000E-03 -7.89636E-01
  2.41294E+01  2.17752E-28  1.43473E+06  2.00000E-03 -7.89636E-01
  2.42230E+01  2.17599E-28  1.43406E+06  2.00000E-03 -8.96760E-01
  2.43166E+01  2.17462E-28  1.43347E+06  2.00000E-03 -9.92308E-01
  2.44102E+01  2.17273E-28  1.43264E+06  2.00000E-03 -1.15090E+00
  2.45038E+01  2.17039E-28  1.43161E+06  2.00000E-03 -1.34742E+00
  2.45973E+01  2.16785E-28  1.43049E+06  2.00000E-03 -1.56078E+00
  2.46909E+01  2.16785E-28  1.43049E+06  2.00000E-03 -1.56078E+00
  2.47845E+01  2.16785E-28  1.43049E+06  2.00000E-03 -1.56078E+00
  2.48781E+01  2.16785E-28  1.43049E+06  2.00000E-03 -1.56078E+00
  2.49717E+01  2.16767E-28  1.43041E+06  2.00000E-03 -1.57259E+00
  2.50652E+01  2.16686E-28  1.43005E+06  2.00000E-03 -1.62805E+00
  2.51588E+01  2.16638E-28  1.42984E+06  2.00000E-03 -1.65914E+00
  2.52524E+01  2.16529E-28  1.42935E+06  2.00000E-03 -1.71907E+00
  2.53460E+01  2.16543E-28  1.42942E+06  2.00000E-03 -1.70451E+00
  2.54396E+01  2.16543E-28  1.42942E+06  2.00000E-03 -1.70451E+00
  2.55331E+01  2.16543E-28  1.42942E+06  2.00000E-03 -1.70451E+00
  2.56267E+01  2.16543E-28  1.42942E+06  2.00000E-03 -1.70451E+00
  2.57203E+01  2.16531E-28  1.42936E+06  2.00000E-03 -1.70697E+00
  2.58139E+01  2.16508E-28  1.42926E+06  2.00000E-03 -1.71145E+00
  2.59075E+01  2.16480E-28  1.42914E+06  2.00000E-03 -1.71684E+00
  2.60010E+01  2.16479E-28  1.42913E+06  2.00000E-03 -1.71704E+00
  2.60946E+01  2.16496E-28  1.42921E+06  2.00000E-03 -1.70368E+00
  2.61882E+01  2.16667E-28  1.42996E+06  2.00000E-03 -1.56805E+00
  2.62818E+01  2.16732E-28  1.43024E+06  2.00000E-03 -1.51706E+00
  2.63754E+01  2.16732E-28  1.43024E+06  2.00000E-03 -1.51706E+00
  2.64689E+01  2.16732E-28  1.43024E+06  2.00000E-03 -1.51706E+00
  2.65625E+01  2.16732E-28  1.43024E+06  2.00000E-03 -1.51706E+00
  2.66561E+01  2.16732E-28  1.43024E+06  2.00000E-03 -1.51706E+00
  2.67497E+01  2.16732E-28  1.43024E+06  2.00000E-03 -1.51706E+00
  2.68433E+01  2.16732E-28  1.43024E+06  2.00000E-03 -1.51706E+00
  2.69368E+01  2.16732E-28  1.43024E+06  2.00000E-03 -1.51706E+00
  2.70304E+01  2.16738E-28  1.43027E+06  2.00000E-03 -1.50997E+00
  2.71240E+01  2.16827E-28  1.43066E+06  2.00000E-03 -1.42774E+00
  2.72176E+01  2.16908E-28  1.43101E+06  2.00000E-03 -1.34959E+00
  2.73112E+01  2.16910E-28  1.43102E+06  2.00000E-03 -1.34519E+00
  2.74047E+01  2.16910E-28  1.43102E+06  2.00000E-03 -1.34519E+00
  2.74983E+01  2.16910E-28  1.43102E+06  2.00000E-03 -1.34519E+00
  2.75919E+01  2.16906E-28  1.43100E+06  2.00000E-03 -1.34770E+00
  2.76855E+01  2.16895E-28  1.43096E+06  2.00000E-03 -1.35375E+00
  2.77791E+01  2.16893E-28  1.43095E+06  2.00000E-03 -1.35507E+00
  2.78726E+01  2.16889E-28  1.43093E+06  2.00000E-03 -1.35727E+00
  2.79662E+01  2.16880E-28  1.43089E+06  2.00000E-03 -1.36276E+00
  2.80598E+01  2.16859E-28  1.43080E+06  2.00000E-03 -1.37451E+00
  2.81534E+01  2.16825E-28  1.43065E+06  2.00000E-03 -1.39281E+00
  2.82470E+01  2.16816E-28  1.43061E+06  2.00000E-03 -1.39770E+00
  2.83405E+01  2.16819E-28  1.43062E+06  2.00000E-03 -1.39466E+00
  2.84341E+01  2.16865E-28  1.43082E+06  2.00000E-03 -1.34989E+00
  2.85277E+01  2.16905E-28  1.43100E+06  2.00000E-03 -1.31070E+00
  2.86213E+01  2.16922E-28  1.43107E+06  2.00000E-03 -1.29368E+00
  2.87149E+01  2.16922E-28  1.43107E+06  2.00000E-03 -1.29368E+00
  2.88084E+01  2.16922E-28  1.43107E+06  2.00000E-03 -1.29368E+00
  2.89020E+01  2.16922E-28  1.43107E+06  2.00000E-03 -1.29368E+00
  2.89956E+01  2.16920E-28  1.43106E+06  2.00000E-03 -1.29487E+00
  2.90892E+01  2.16891E-28  1.43094E+06  2.00000E-03 -1.31185E+00
  2.91828E+01  2.16887E-28  1.43092E+06  2.00000E-03 -1.31415E+00
  2.92763E+01  2.16887E-28  1.43092E+06  2.00000E-03 -1.31415E+00
  2.93699E+01  2.16887E-28  1.43092E+06  2.00000E-03 -1.31415E+00
  2.94635E+01  2.16887E-28  1.43092E+06  2.00000E-03 -1.31415E+00
  2.95571E+01  2.16887E-28  1.43092E+06  2.00000E-03 -1.31415E+00
  2.96507E+01  2.16887E-28  1.43092E+06  2.00000E-03 -1.31415E+00
  2.97442E+01  2.16926E-28  1.43109E+06  2.00000E-03 -1.28169E+00
  2.98378E+01  2.17004E-28  1.43143E+06  2.00000E-03 -1.21765E+00
  2.99314E+01  2.17034E-28  1.43156E+06  2.00000E-03 -1.19252E+00
  3.00250E+01  2.17059E-28  1.43167E+06  2.00000E-03 -1.17021E+00
  3.01186E+01  2.17088E-28  1.43180E+06  2.00000E-03 -1.14401E+00
  3.02121E+01  2.17109E-28  1.43190E+06  2.00000E-03 -1.11994E+00
  3.03057E+01  2.17122E-28  1.43195E+06  2.00000E-03 -1.10608E+00
  3.03993E+01  2.17128E-28  1.43198E+06  2.00000E-03 -1.09952E+00
  3.04929E+01  2.17163E-28  1.43213E+06  2.00000E-03 -1.06130E+00
  3.05865E+01  2.17163E-28  1.43213E+06  2.00000E-03 -1.06130E+00
  3.06800E+01  2.17163E-28  1.43213E+06  2.00000E-03 -1.06130E+00
  3.07736E+01  2.17163E-28  1.43213E+06  2.00000E-03 -1.06130E+00
  3.08672E+01  2.17163E-28  1.43213E+06  2.00000E-03 -1.06130E+00
  3.09608E+01  2.17200E-28  1.43229E+06  2.00000E-03 -1.03027E+00
