 -2.38863E+01  2.17431E-28  1.43345E+06  2.00000E-03  7.35320E+00
 -2.38395E+01  2.17431E-28  1.43345E+06  2.00000E-03  7.35320E+00
 -2.37927E+01  2.17431E-28  1.43345E+06  2.00000E-03  7.35320E+00
 -2.37459E+01  2.17431E-28  1.43345E+06  2.00000E-03  7.35320E+00
 -2.36991E+01  2.17431E-28  1.43345E+06  2.00000E-03  7.35320E+00
 -2.36523E+01  2.17431E-28  1.43345E+06  2.00000E-03  7.35320E+00
 -2.36055E+01  2.17431E-28  1.43345E+06  2.00000E-03  7.35320E+00
 -2.35587E+01  2.17431E-28  1.43345E+06  2.00000E-03  7.35320E+00
 -2.35119E+01  2.17431E-28  1.43345E+06  2.00000E-03  7.35320E+00
 -2.34651E+01  2.17431E-28  1.43345E+06  2.00000E-03  7.35320E+00
 -2.34184E+01  2.17431E-28  1.43345E+06  2.00000E-03  7.35320E+00
 -2.33716E+01  2.17431E-28  1.43345E+06  2.00000E-03  7.35320E+00
 -2.33248E+01  2.17431E-28  1.43345E+06  2.00000E-03  7.35320E+00
 -2.32780E+01  2.17431E-28  1.43345E+06  2.00000E-03  7.35320E+00
 -2.32312E+01  2.17431E-28  1.43345E+06  2.00000E-03  7.35320E+00
 -2.31844E+01  2.17018E-28  1.43164E+06  2.00000E-03  7.64920E+00
 -2.31376E+01  2.16606E-28  1.42983E+06  2.00000E-03  7.94633E+00
 -2.30908E+01  2.16606E-28  1.42983E+06  2.00000E-03  7.94633E+00
 -2.30440E+01  2.16606E-28  1.42983E+06  2.00000E-03  7.94633E+00
 -2.29972E+01  2.16606E-28  1.42983E+06  2.00000E-03  7.94633E+00
 -2.29505E+01  2.16606E-28  1.42983E+06  2.00000E-03  7.94633E+00
 -2.29037E+01  2.16606E-28  1.42983E+06  2.00000E-03  7.94633E+00
 -2.28569E+01  2.16606E-28  1.42983E+06  2.00000E-03  7.94633E+00
 -2.28101E+01  2.16606E-28  1.42983E+06  2.00000E-03  7.94633E+00
 -2.27633E+01  2.16606E-28  1.42983E+06  2.00000E-03  7.94633E+00
 -2.27165E+01  2.16606E-28  1.42983E+06  2.00000E-03  7.94633E+00
 -2.26697E+01  2.16606E-28  1.42983E+06  2.00000E-03  7.94633E+00
 -2.26229E+01  2.16606E-28  1.42983E+06  2.00000E-03  7.94633E+00
 -2.25761E+01  2.16606E-28  1.42983E+06  2.00000E-03  7.94633E+00
 -2.25294E+01  2.16606E-28  1.42983E+06  2.00000E-03  7.94633E+00
 -2.24826E+01  2.16606E-28  1.42983E+06  2.00000E-03  7.94633E+00
 -2.24358E+01  2.16287E-28  1.42844E+06  2.00000E-03  8.17591E+00
 -2.23890E+01  2.15968E-28  1.42704E+06  2.00000E-03  8.40616E+00
 -2.23422E+01  2.15968E-28  1.42704E+06  2.00000E-03  8.40616E+00
 -2.22954E+01  2.15968E-28  1.42704E+06  2.00000E-03  8.40616E+00
 -2.22486E+01  2.15968E-28  1.42704E+06  2.00000E-03  8.40616E+00
 -2.22018E+01  2.15968E-28  1.42704E+06  2.00000E-03  8.40616E+00
 -2.21550E+01  2.15968E-28  1.42704E+06  2.00000E-03  8.40616E+00
 -2.21082E+01  2.15968E-28  1.42704E+06  2.00000E-03  8.40616E+00
 -2.20615E+01  2.15968E-28  1.42704E+06  2.00000E-03  8.40616E+00
 -2.20147E+01  2.15968E-28  1.42704E+06  2.00000E-03  8.40616E+00
 -2.19679E+01  2.15968E-28  1.42704E+06  2.00000E-03  8.40616E+00
 -2.19211E+01  2.15968E-28  1.42704E+06  2.00000E-03  8.40616E+00
 -2.18743E+01  2.15968E-28  1.42704E+06  2.00000E-03  8.40616E+00
 -2.18275E+01  2.15968E-28  1.42704E+06  2.00000E-03  8.40616E+00
 -2.17807E+01  2.15968E-28  1.42704E+06  2.00000E-03  8.40616E+00
 -2.17339E+01  2.15968E-28  1.42704E+06  2.00000E-03  8.40616E+00
 -2.16871E+01  2.15820E-28  1.42640E+06  2.00000E-03  8.52660E+00
 -2.16403E+01  2.15672E-28  1.42575E+06  2.00000E-03  8.64719E+00
 -2.15936E+01  2.15672E-28  1.42575E+06  2.00000E-03  8.64719E+00
 -2.15468E+01  2.15672E-28  1.42575E+06  2.00000E-03  8.64719E+00
 -2.15000E+01  2.15672E-28  1.42575E+06  2.00000E-03  8.64719E+00
 -2.14532E+01  2.15672E-28  1.42575E+06  2.00000E-03  8.64719E+00
 -2.14064E+01  2.15672E-28  1.42575E+06  2.00000E-03  8.64719E+00
 -2.13596E+01  2.15672E-28  1.42575E+06  2.00000E-03  8.64719E+00
 -2.13128E+01  2.15672E-28  1.42575E+06  2.00000E-03  8.64719E+00
 -2.12660E+01  2.15672E-28  1.42575E+06  2.00000E-03  8.64719E+00
 -2.12192E+01  2.15672E-28  1.42575E+06  2.00000E-03  8.64719E+00
 -2.11724E+01  2.15672E-28  1.42575E+06  2.00000E-03  8.64719E+00
 -2.11257E+01  2.15672E-28  1.42575E+06  2.00000E-03  8.64719E+00
 -2.10789E+01  2.15672E-28  1.42575E+06  2.00000E-03  8.64719E+00
 -2.10321E+01  2.15672E-28  1.42575E+06  2.00000E-03  8.64719E+00
 -2.09853E+01  2.15672E-28  1.42575E+06  2.00000E-03  8.64719E+00
 -2.09385E+01  2.15661E-28  1.42571E+06  2.00000E-03  8.68777E+00
 -2.08917E+01  2.15650E-28  1.42567E+06  2.00000E-03  8.72834E+00
 -2.08449E+01  2.15650E-28  1.42567E+06  2.00000E-03  8.72834E+00
 -2.07981E+01  2.15650E-28  1.42567E+06  2.00000E-03  8.72834E+00
 -2.07513E+01  2.15650E-28  1.42567E+06  2.00000E-03  8.72834E+00
 -2.07045E+01  2.15650E-28  1.42567E+06  2.00000E-03  8.72834E+00
 -2.06578E+01  2.15650E-28  1.42567E+06  2.00000E-03  8.72834E+00
 -2.06110E+01  2.15650E-28  1.42567E+06  2.00000E-03  8.72834E+00
 -2.05642E+01  2.15650E-28  1.42567E+06  2.00000E-03  8.72834E+00
 -2.05174E+01  2.15650E-28  1.42567E+06  2.00000E-03  8.72834E+00
 -2.04706E+01  2.15650E-28  1.42567E+06  2.00000E-03  8.72834E+00
 -2.04238E+01  2.15650E-28  1.42567E+06  2.00000E-03  8.72834E+00
 -2.03770E+01  2.15650E-28  1.42567E+06  2.00000E-03  8.72834E+00
 -2.03302E+01  2.15650E-28  1.42567E+06  2.00000E-03  8.72834E+00
 -2.02834E+01  2.15650E-28  1.42567E+06  2.00000E-03  8.72834E+00
 -2.02366E+01  2.15650E-28  1.42567E+06  2.00000E-03  8.72834E+00
 -2.01899E+01  2.15665E-28  1.42575E+06  2.00000E-03  8.76710E+00
 -2.01431E+01  2.15680E-28  1.42582E+06  2.00000E-03  8.80586E+00
 -2.00963E+01  2.15680E-28  1.42582E+06  2.00000E-03  8.80586E+00
 -2.00495E+01  2.15680E-28  1.42582E+06  2.00000E-03  8.80586E+00
 -2.00027E+01  2.15680E-28  1.42582E+06  2.00000E-03  8.80586E+00
 -1.99559E+01  2.15680E-28  1.42582E+06  2.00000E-03  8.80586E+00
 -1.99091E+01  2.15680E-28  1.42582E+06  2.00000E-03  8.80586E+00
 -1.98623E+01  2.15680E-28  1.42582E+06  2.00000E-03  8.80586E+00
 -1.98155E+01  2.15680E-28  1.42582E+06  2.00000E-03  8.80586E+00
 -1.97687E+01  2.15680E-28  1.42582E+06  2.00000E-03  8.80586E+00
 -1.97220E+01  2.15680E-28  1.42582E+06  2.00000E-03  8.80586E+00
 -1.96752E+01  2.15680E-28  1.42582E+06  2.00000E-03  8.80586E+00
 -1.96284E+01  2.15680E-28  1.42582E+06  2.00000E-03  8.80586E+00
 -1.95816E+01  2.15680E-28  1.42582E+06  2.00000E-03  8.80586E+00
 -1.95348E+01  2.15680E-28  1.42582E+06  2.00000E-03  8.80586E+00
 -1.94880E+01  2.15680E-28  1.42582E+06  2.00000E-03  8.80586E+00
 -1.94412E+01  2.15625E-28  1.42559E+06  2.00000E-03  8.91166E+00
 -1.93944E+01  2.15570E-28  1.42537E+06  2.00000E-03  9.01752E+00
 -1.93476E+01  2.15570E-28  1.42537E+06  2.00000E-03  9.01752E+00
 -1.93008E+01  2.15570E-28  1.42537E+06  2.00000E-03  9.01752E+00
 -1.92541E+01  2.15570E-28  1.42537E+06  2.00000E-03  9.01752E+00
 -1.92073E+01  2.15570E-28  1.42537E+06  2.00000E-03  9.01752E+00
 -1.91605E+01  2.15570E-28  1.42537E+06  2.00000E-03  9.01752E+00
 -1.91137E+01  2.15570E-28  1.42537E+06  2.00000E-03  9.01752E+00
 -1.90669E+01  2.15570E-28  1.42537E+06  2.00000E-03  9.01752E+00
 -1.90201E+01  2.15570E-28  1.42537E+06  2.00000E-03  9.01752E+00
 -1.89733E+01  2.15570E-28  1.42537E+06  2.00000E-03  9.01752E+00
 -1.89265E+01  2.15570E-28  1.42537E+06  2.00000E-03  9.01752E+00
 -1.88797E+01  2.15570E-28  1.42537E+06  2.00000E-03  9.01752E+00
 -1.88329E+01  2.15570E-28  1.42537E+06  2.00000E-03  9.01752E+00
 -1.87862E+01  2.15570E-28  1.42537E+06  2.00000E-03  9.01752E+00
 -1.87394E+01  2.15570E-28  1.42537E+06  2.00000E-03  9.01752E+00
 -1.86926E+01  2.15403E-28  1.42464E+06  2.00000E-03  9.14042E+00
 -1.86458E+01  2.15236E-28  1.42390E+06  2.00000E-03  9.26352E+00
 -1.85990E+01  2.15236E-28  1.42390E+06  2.00000E-03  9.26352E+00
 -1.85522E+01  2.15236E-28  1.42390E+06  2.00000E-03  9.26352E+00
 -1.85054E+01  2.15236E-28  1.42390E+06  2.00000E-03  9.26352E+00
 -1.84586E+01  2.15236E-28  1.42390E+06  2.00000E-03  9.26352E+00
 -1.84118E+01  2.15236E-28  1.42390E+06  2.00000E-03  9.26352E+00
 -1.83650E+01  2.15236E-28  1.42390E+06  2.00000E-03  9.26352E+00
 -1.83183E+01  2.15197E-28  1.42373E+06  2.00000E-03  9.31700E+00
 -1.82715E+01  2.15157E-28  1.42356E+06  2.00000E-03  9.37050E+00
 -1.82247E+01  2.15157E-28  1.42356E+06  2.00000E-03  9.37050E+00
 -1.81779E+01  2.15157E-28  1.42356E+06  2.00000E-03  9.37050E+00
 -1.81311E+01  2.15157E-28  1.42356E+06  2.00000E-03  9.37050E+00
 -1.80843E+01  2.15157E-28  1.42356E+06  2.00000E-03  9.37050E+00
 -1.80375E+01  2.15157E-28  1.42356E+06  2.00000E-03  9.37050E+00
 -1.79907E+01  2.15157E-28  1.42356E+06  2.00000E-03  9.37050E+00
 -1.79439E+01  2.15142E-28  1.42350E+06  2.00000E-03  9.40219E+00
 -1.78971E+01  2.15127E-28  1.42343E+06  2.00000E-03  9.43388E+00
 -1.78504E+01  2.15127E-28  1.42343E+06  2.00000E-03  9.43388E+00
 -1.78036E+01  2.15127E-28  1.42343E+06  2.00000E-03  9.43388E+00
 -1.77568E+01  2.15127E-28  1.42343E+06  2.00000E-03  9.43388E+00
 -1.77100E+01  2.15127E-28  1.42343E+06  2.00000E-03  9.43388E+00
 -1.76632E+01  2.15127E-28  1.42343E+06  2.00000E-03  9.43388E+00
 -1.76164E+01  2.15127E-28  1.42343E+06  2.00000E-03  9.43388E+00
 -1.75696E+01  2.15148E-28  1.42353E+06  2.00000E-03  9.43427E+00
 -1.75228E+01  2.15170E-28  1.42363E+06  2.00000E-03  9.43466E+00
 -1.74760E+01  2.15170E-28  1.42363E+06  2.00000E-03  9.43466E+00
 -1.74292E+01  2.15170E-28  1.42363E+06  2.00000E-03  9.43466E+00
 -1.73825E+01  2.15170E-28  1.42363E+06  2.00000E-03  9.43466E+00
 -1.73357E+01  2.15170E-28  1.42363E+06  2.00000E-03  9.43466E+00
 -1.72889E+01  2.15170E-28  1.42363E+06  2.00000E-03  9.43466E+00
 -1.72421E+01  2.15170E-28  1.42363E+06  2.00000E-03  9.43466E+00
 -1.71953E+01  2.15221E-28  1.42386E+06  2.00000E-03  9.40649E+00
 -1.71485E+01  2.15273E-28  1.42409E+06  2.00000E-03  9.37833E+00
 -1.71017E+01  2.15273E-28  1.42409E+06  2.00000E-03  9.37833E+00
 -1.70549E+01  2.15273E-28  1.42409E+06  2.00000E-03  9.37833E+00
 -1.70081E+01  2.15273E-28  1.42409E+06  2.00000E-03  9.37833E+00
 -1.69613E+01  2.15273E-28  1.42409E+06  2.00000E-03  9.37833E+00
 -1.69146E+01  2.15273E-28  1.42409E+06  2.00000E-03  9.37833E+00
 -1.68678E+01  2.15273E-28  1.42409E+06  2.00000E-03  9.37833E+00
 -1.68210E+01  2.15330E-28  1.42435E+06  2.00000E-03  9.34049E+00
 -1.67742E+01  2.15388E-28  1.42460E+06  2.00000E-03  9.30266E+00
 -1.67274E+01  2.15388E-28  1.42460E+06  2.00000E-03  9.30266E+00
 -1.66806E+01  2.15388E-28  1.42460E+06  2.00000E-03  9.30266E+00
 -1.66338E+01  2.15388E-28  1.42460E+06  2.00000E-03  9.30266E+00
 -1.65870E+01  2.15388E-28  1.42460E+06  2.00000E-03  9.30266E+00
 -1.65402E+01  2.15388E-28  1.42460E+06  2.00000E-03  9.30266E+00
 -1.64935E+01  2.15388E-28  1.42460E+06  2.00000E-03  9.30266E+00
 -1.64467E+01  2.15415E-28  1.42473E+06  2.00000E-03  9.28728E+00
 -1.63999E+01  2.15443E-28  1.42485E+06  2.00000E-03  9.27189E+00
 -1.63531E+01  2.15443E-28  1.42485E+06  2.00000E-03  9.27189E+00
 -1.63063E+01  2.15443E-28  1.42485E+06  2.00000E-03  9.27189E+00
 -1.62595E+01  2.15443E-28  1.42485E+06  2.00000E-03  9.27189E+00
 -1.62127E+01  2.15443E-28  1.42485E+06  2.00000E-03  9.27189E+00
 -1.61659E+01  2.15443E-28  1.42485E+06  2.00000E-03  9.27189E+00
 -1.61191E+01  2.15443E-28  1.42485E+06  2.00000E-03  9.27189E+00
 -1.60723E+01  2.15413E-28  1.42472E+06  2.00000E-03  9.30844E+00
 -1.60256E+01  2.15382E-28  1.42460E+06  2.00000E-03  9.34499E+00
 -1.59788E+01  2.15382E-28  1.42460E+06  2.00000E-03  9.34499E+00
 -1.59320E+01  2.15382E-28  1.42460E+06  2.00000E-03  9.34499E+00
 -1.58852E+01  2.15382E-28  1.42460E+06  2.00000E-03  9.34499E+00
 -1.58384E+01  2.15382E-28  1.42460E+06  2.00000E-03  9.34499E+00
 -1.57916E+01  2.15382E-28  1.42460E+06  2.00000E-03  9.34499E+00
 -1.57448E+01  2.15382E-28  1.42460E+06  2.00000E-03  9.34499E+00
 -1.56980E+01  2.15300E-28  1.42424E+06  2.00000E-03  9.43987E+00
 -1.56512E+01  2.15217E-28  1.42388E+06  2.00000E-03  9.53482E+00
 -1.56044E+01  2.15217E-28  1.42388E+06  2.00000E-03  9.53482E+00
 -1.55577E+01  2.15217E-28  1.42388E+06  2.00000E-03  9.53482E+00
 -1.55109E+01  2.15217E-28  1.42388E+06  2.00000E-03  9.53482E+00
 -1.54641E+01  2.15217E-28  1.42388E+06  2.00000E-03  9.53482E+00
 -1.54173E+01  2.15217E-28  1.42388E+06  2.00000E-03  9.53482E+00
 -1.53705E+01  2.15217E-28  1.42388E+06  2.00000E-03  9.53482E+00
 -1.53237E+01  2.15125E-28  1.42348E+06  2.00000E-03  9.66148E+00
 -1.52769E+01  2.15034E-28  1.42308E+06  2.00000E-03  9.78824E+00
 -1.52301E+01  2.15034E-28  1.42308E+06  2.00000E-03  9.78824E+00
 -1.51833E+01  2.15034E-28  1.42308E+06  2.00000E-03  9.78824E+00
 -1.51365E+01  2.15034E-28  1.42308E+06  2.00000E-03  9.78824E+00
 -1.50898E+01  2.15034E-28  1.42308E+06  2.00000E-03  9.78824E+00
 -1.50430E+01  2.15034E-28  1.42308E+06  2.00000E-03  9.78824E+00
 -1.49962E+01  2.15034E-28  1.42308E+06  2.00000E-03  9.78824E+00
 -1.49494E+01  2.14992E-28  1.42291E+06  2.00000E-03  9.90753E+00
 -1.49026E+01  2.14951E-28  1.42274E+06  2.00000E-03  1.00269E+01
 -1.48558E+01  2.14951E-28  1.42274E+06  2.00000E-03  1.00269E+01
 -1.48090E+01  2.14951E-28  1.42274E+06  2.00000E-03  1.00269E+01
 -1.47622E+01  2.14951E-28  1.42274E+06  2.00000E-03  1.00269E+01
 -1.47154E+01  2.14951E-28  1.42274E+06  2.00000E-03  1.00269E+01
 -1.46686E+01  2.14951E-28  1.42274E+06  2.00000E-03  1.00269E+01
 -1.46219E+01  2.14951E-28  1.42274E+06  2.00000E-03  1.00269E+01
 -1.45751E+01  2.14986E-28  1.42290E+06  2.00000E-03  1.01194E+01
 -1.45283E+01  2.15021E-28  1.42307E+06  2.00000E-03  1.02118E+01
 -1.44815E+01  2.15021E-28  1.42307E+06  2.00000E-03  1.02118E+01
 -1.44347E+01  2.15021E-28  1.42307E+06  2.00000E-03  1.02118E+01
 -1.43879E+01  2.15021E-28  1.42307E+06  2.00000E-03  1.02118E+01
 -1.43411E+01  2.15021E-28  1.42307E+06  2.00000E-03  1.02118E+01
 -1.42943E+01  2.15021E-28  1.42307E+06  2.00000E-03  1.02118E+01
 -1.42475E+01  2.15021E-28  1.42307E+06  2.00000E-03  1.02118E+01
 -1.42007E+01  2.15140E-28  1.42362E+06  2.00000E-03  1.02852E+01
 -1.41540E+01  2.15259E-28  1.42416E+06  2.00000E-03  1.03584E+01
 -1.41072E+01  2.15259E-28  1.42416E+06  2.00000E-03  1.03584E+01
 -1.40604E+01  2.15259E-28  1.42416E+06  2.00000E-03  1.03584E+01
 -1.40136E+01  2.15259E-28  1.42416E+06  2.00000E-03  1.03584E+01
 -1.39668E+01  2.15259E-28  1.42416E+06  2.00000E-03  1.03584E+01
 -1.39200E+01  2.15259E-28  1.42416E+06  2.00000E-03  1.03584E+01
 -1.38732E+01  2.15259E-28  1.42416E+06  2.00000E-03  1.03584E+01
 -1.38264E+01  2.15209E-28  1.42395E+06  2.00000E-03  1.04151E+01
 -1.37796E+01  2.15160E-28  1.42374E+06  2.00000E-03  1.04719E+01
 -1.37328E+01  2.15160E-28  1.42374E+06  2.00000E-03  1.04719E+01
 -1.36861E+01  2.15160E-28  1.42374E+06  2.00000E-03  1.04719E+01
 -1.36393E+01  2.15246E-28  1.42412E+06  2.00000E-03  1.04655E+01
 -1.35925E+01  2.15331E-28  1.42451E+06  2.00000E-03  1.04591E+01
 -1.35457E+01  2.15331E-28  1.42451E+06  2.00000E-03  1.04591E+01
 -1.34989E+01  2.15331E-28  1.42451E+06  2.00000E-03  1.04591E+01
 -1.34521E+01  2.15411E-28  1.42487E+06  2.00000E-03  1.04670E+01
 -1.34053E+01  2.15491E-28  1.42523E+06  2.00000E-03  1.04748E+01
 -1.33585E+01  2.15491E-28  1.42523E+06  2.00000E-03  1.04748E+01
 -1.33117E+01  2.15491E-28  1.42523E+06  2.00000E-03  1.04748E+01
 -1.32649E+01  2.15571E-28  1.42559E+06  2.00000E-03  1.04885E+01
 -1.32182E+01  2.15651E-28  1.42595E+06  2.00000E-03  1.05023E+01
 -1.31714E+01  2.15651E-28  1.42595E+06  2.00000E-03  1.05023E+01
 -1.31246E+01  2.15651E-28  1.42595E+06  2.00000E-03  1.05023E+01
 -1.30778E+01  2.15728E-28  1.42629E+06  2.00000E-03  1.05191E+01
 -1.30310E+01  2.15804E-28  1.42663E+06  2.00000E-03  1.05358E+01
 -1.29842E+01  2.15804E-28  1.42663E+06  2.00000E-03  1.05358E+01
 -1.29374E+01  2.15804E-28  1.42663E+06  2.00000E-03  1.05358E+01
 -1.28906E+01  2.15881E-28  1.42698E+06  2.00000E-03  1.05501E+01
 -1.28438E+01  2.15959E-28  1.42732E+06  2.00000E-03  1.05644E+01
 -1.27970E+01  2.15959E-28  1.42732E+06  2.00000E-03  1.05644E+01
 -1.27503E+01  2.15959E-28  1.42732E+06  2.00000E-03  1.05644E+01
 -1.27035E+01  2.16043E-28  1.42770E+06  2.00000E-03  1.05730E+01
 -1.26567E+01  2.16128E-28  1.42807E+06  2.00000E-03  1.05817E+01
 -1.26099E+01  2.16128E-28  1.42807E+06  2.00000E-03  1.05817E+01
 -1.25631E+01  2.16128E-28  1.42807E+06  2.00000E-03  1.05817E+01
 -1.25163E+01  2.16227E-28  1.42852E+06  2.00000E-03  1.05819E+01
 -1.24695E+01  2.16327E-28  1.42896E+06  2.00000E-03  1.05821E+01
 -1.24227E+01  2.16327E-28  1.42896E+06  2.00000E-03  1.05821E+01
 -1.23759E+01  2.16327E-28  1.42896E+06  2.00000E-03  1.05821E+01
 -1.23291E+01  2.16449E-28  1.42950E+06  2.00000E-03  1.05701E+01
 -1.22824E+01  2.16571E-28  1.43005E+06  2.00000E-03  1.05582E+01
 -1.22356E+01  2.16571E-28  1.43005E+06  2.00000E-03  1.05582E+01
 -1.21888E+01  2.16571E-28  1.43005E+06  2.00000E-03  1.05582E+01
 -1.21420E+01  2.16723E-28  1.43072E+06  2.00000E-03  1.05311E+01
 -1.20952E+01  2.16874E-28  1.43139E+06  2.00000E-03  1.05040E+01
 -1.20484E+01  2.16874E-28  1.43139E+06  2.00000E-03  1.05040E+01
 -1.20016E+01  2.16874E-28  1.43139E+06  2.00000E-03  1.05040E+01
 -1.19548E+01  2.17060E-28  1.43219E+06  2.00000E-03  1.04612E+01
 -1.19080E+01  2.17245E-28  1.43299E+06  2.00000E-03  1.04185E+01
 -1.18612E+01  2.17245E-28  1.43299E+06  2.00000E-03  1.04185E+01
 -1.18145E+01  2.17245E-28  1.43299E+06  2.00000E-03  1.04185E+01
 -1.17677E+01  2.17462E-28  1.43391E+06  2.00000E-03  1.03633E+01
 -1.17209E+01  2.17679E-28  1.43483E+06  2.00000E-03  1.03082E+01
 -1.16741E+01  2.17679E-28  1.43483E+06  2.00000E-03  1.03082E+01
 -1.16273E+01  2.17679E-28  1.43483E+06  2.00000E-03  1.03082E+01
 -1.15805E+01  2.17912E-28  1.43589E+06  2.00000E-03  1.02474E+01
 -1.15337E+01  2.18146E-28  1.43695E+06  2.00000E-03  1.01868E+01
 -1.14869E+01  2.18146E-28  1.43695E+06  2.00000E-03  1.01868E+01
 -1.14401E+01  2.18146E-28  1.43695E+06  2.00000E-03  1.01868E+01
 -1.13933E+01  2.18372E-28  1.43816E+06  1.99999E-03  1.01294E+01
 -1.13466E+01  2.18598E-28  1.43937E+06  1.99999E-03  1.00722E+01
 -1.12998E+01  2.18598E-28  1.43937E+06  1.99999E-03  1.00722E+01
 -1.12530E+01  2.18598E-28  1.43937E+06  1.99999E-03  1.00722E+01
 -1.12062E+01  2.18800E-28  1.44066E+06  1.99996E-03  1.00272E+01
 -1.11594E+01  2.19002E-28  1.44194E+06  1.99994E-03  9.98232E+00
 -1.11126E+01  2.19002E-28  1.44194E+06  1.99994E-03  9.98232E+00
 -1.10658E+01  2.19002E-28  1.44194E+06  1.99994E-03  9.98232E+00
 -1.10190E+01  2.19209E-28  1.44292E+06  1.99986E-03  9.95656E+00
 -1.09722E+01  2.19416E-28  1.44390E+06  1.99978E-03  9.93085E+00
 -1.09254E+01  2.19416E-28  1.44390E+06  1.99978E-03  9.93085E+00
 -1.08787E+01  2.19416E-28  1.44390E+06  1.99978E-03  9.93085E+00
 -1.08319E+01  2.19738E-28  1.44365E+06  1.99953E-03  9.92597E+00
 -1.07851E+01  2.20060E-28  1.44341E+06  1.99928E-03  9.92110E+00
 -1.07383E+01  2.20060E-28  1.44341E+06  1.99928E-03  9.92110E+00
 -1.06915E+01  2.20060E-28  1.44341E+06  1.99928E-03  9.92110E+00
 -1.06447E+01  2.20712E-28  1.44032E+06  1.99864E-03  9.92943E+00
 -1.05979E+01  2.21365E-28  1.43726E+06  1.99800E-03  9.93772E+00
 -1.05511E+01  2.21365E-28  1.43726E+06  1.99800E-03  9.93772E+00
 -1.05043E+01  2.21365E-28  1.43726E+06  1.99800E-03  9.93772E+00
 -1.04575E+01  2.22435E-28  1.43086E+06  1.99687E-03  9.92315E+00
 -1.04108E+01  2.23504E-28  1.42452E+06  1.99576E-03  9.90872E+00
 -1.03640E+01  2.23504E-28  1.42452E+06  1.99576E-03  9.90872E+00
 -1.03172E+01  2.23504E-28  1.42452E+06  1.99576E-03  9.90872E+00
 -1.02704E+01  2.24562E-28  1.41786E+06  1.99470E-03  9.82924E+00
 -1.02236E+01  2.25619E-28  1.41127E+06  1.99365E-03  9.75051E+00
 -1.01768E+01  2.25619E-28  1.41127E+06  1.99365E-03  9.75051E+00
 -1.01300E+01  2.25619E-28  1.41127E+06  1.99365E-03  9.75051E+00
 -1.00832E+01  2.25951E-28  1.40898E+06  1.99336E-03  9.61508E+00
 -1.00364E+01  2.26282E-28  1.40669E+06  1.99306E-03  9.48005E+00
 -9.98965E+00  2.26282E-28  1.40669E+06  1.99306E-03  9.48005E+00
 -9.94286E+00  2.26282E-28  1.40669E+06  1.99306E-03  9.48005E+00
 -9.89607E+00  2.25743E-28  1.40961E+06  1.99351E-03  9.35251E+00
 -9.84928E+00  2.25203E-28  1.41253E+06  1.99397E-03  9.22436E+00
 -9.80249E+00  2.25203E-28  1.41253E+06  1.99397E-03  9.22436E+00
 -9.75570E+00  2.25203E-28  1.41253E+06  1.99397E-03  9.22436E+00
 -9.70891E+00  2.24317E-28  1.41734E+06  1.99465E-03  9.17087E+00
 -9.66212E+00  2.23432E-28  1.42219E+06  1.99533E-03  9.11696E+00
 -9.61533E+00  2.23432E-28  1.42219E+06  1.99533E-03  9.11696E+00
 -9.56854E+00  2.23432E-28  1.42219E+06  1.99533E-03  9.11696E+00
 -9.52175E+00  2.22627E-28  1.42630E+06  1.99596E-03  9.14684E+00
 -9.47496E+00  2.21821E-28  1.43044E+06  1.99659E-03  9.17695E+00
 -9.42817E+00  2.21821E-28  1.43044E+06  1.99659E-03  9.17695E+00
 -9.38138E+00  2.21821E-28  1.43044E+06  1.99659E-03  9.17695E+00
 -9.33459E+00  2.21204E-28  1.43329E+06  1.99716E-03  9.24731E+00
 -9.28780E+00  2.20586E-28  1.43615E+06  1.99773E-03  9.31808E+00
 -9.24101E+00  2.20586E-28  1.43615E+06  1.99773E-03  9.31808E+00
 -9.19422E+00  2.20586E-28  1.43615E+06  1.99773E-03  9.31808E+00
 -9.14743E+00  2.20144E-28  1.43787E+06  1.99823E-03  9.38129E+00
 -9.10064E+00  2.19701E-28  1.43959E+06  1.99874E-03  9.44477E+00
 -9.05385E+00  2.19701E-28  1.43959E+06  1.99874E-03  9.44477E+00
 -9.00706E+00  2.19701E-28  1.43959E+06  1.99874E-03  9.44477E+00
 -8.96027E+00  2.19416E-28  1.44039E+06  1.99910E-03  9.46829E+00
 -8.91348E+00  2.19131E-28  1.44118E+06  1.99946E-03  9.49187E+00
 -8.86669E+00  2.19131E-28  1.44118E+06  1.99946E-03  9.49187E+00
 -8.81990E+00  2.19131E-28  1.44118E+06  1.99946E-03  9.49187E+00
 -8.77311E+00  2.18978E-28  1.44133E+06  1.99964E-03  9.47008E+00
 -8.72632E+00  2.18826E-28  1.44147E+06  1.99982E-03  9.44826E+00
 -8.67953E+00  2.18826E-28  1.44147E+06  1.99982E-03  9.44826E+00
 -8.63274E+00  2.18826E-28  1.44147E+06  1.99982E-03  9.44826E+00
 -8.58595E+00  2.18770E-28  1.44125E+06  1.99988E-03  9.39696E+00
 -8.53916E+00  2.18714E-28  1.44104E+06  1.99994E-03  9.34564E+00
 -8.49237E+00  2.18714E-28  1.44104E+06  1.99994E-03  9.34564E+00
 -8.44558E+00  2.18714E-28  1.44104E+06  1.99994E-03  9.34564E+00
 -8.39879E+00  2.18720E-28  1.44073E+06  1.99996E-03  9.28403E+00
 -8.35200E+00  2.18725E-28  1.44041E+06  1.99997E-03  9.22242E+00
 -8.30521E+00  2.18725E-28  1.44041E+06  1.99997E-03  9.22242E+00
 -8.25842E+00  2.18725E-28  1.44041E+06  1.99997E-03  9.22242E+00
 -8.21163E+00  2.18759E-28  1.44021E+06  1.99998E-03  9.16484E+00
 -8.16484E+00  2.18794E-28  1.44001E+06  1.99998E-03  9.10729E+00
 -8.11805E+00  2.18794E-28  1.44001E+06  1.99998E-03  9.10729E+00
 -8.07126E+00  2.18794E-28  1.44001E+06  1.99998E-03  9.10729E+00
 -8.02447E+00  2.18838E-28  1.44001E+06  1.99999E-03  9.05059E+00
 -7.97768E+00  2.18882E-28  1.44001E+06  1.99999E-03  8.99391E+00
 -7.93089E+00  2.18882E-28  1.44001E+06  1.99999E-03  8.99391E+00
 -7.88410E+00  2.18882E-28  1.44001E+06  1.99999E-03  8.99391E+00
 -7.83731E+00  2.18932E-28  1.44020E+06  1.99999E-03  8.93175E+00
 -7.79052E+00  2.18981E-28  1.44040E+06  2.00000E-03  8.86961E+00
 -7.74373E+00  2.18981E-28  1.44040E+06  2.00000E-03  8.86961E+00
 -7.69694E+00  2.18981E-28  1.44040E+06  2.00000E-03  8.86961E+00
 -7.65015E+00  2.19038E-28  1.44072E+06  2.00000E-03  8.79650E+00
 -7.60336E+00  2.19095E-28  1.44103E+06  2.00000E-03  8.72342E+00
 -7.55657E+00  2.19095E-28  1.44103E+06  2.00000E-03  8.72342E+00
 -7.50978E+00  2.19095E-28  1.44103E+06  2.00000E-03  8.72342E+00
 -7.46299E+00  2.19160E-28  1.44138E+06  2.00000E-03  8.64065E+00
 -7.41620E+00  2.19226E-28  1.44172E+06  2.00000E-03  8.55792E+00
 -7.36941E+00  2.19226E-28  1.44172E+06  2.00000E-03  8.55792E+00
 -7.32262E+00  2.19226E-28  1.44172E+06  2.00000E-03  8.55792E+00
 -7.27583E+00  2.19294E-28  1.44205E+06  2.00000E-03  8.47229E+00
 -7.22904E+00  2.19363E-28  1.44237E+06  2.00000E-03  8.38673E+00
 -7.18225E+00  2.19363E-28  1.44237E+06  2.00000E-03  8.38673E+00
 -7.13546E+00  2.19363E-28  1.44237E+06  2.00000E-03  8.38673E+00
 -7.08867E+00  2.19423E-28  1.44263E+06  2.00000E-03  8.30744E+00
 -7.04188E+00  2.19483E-28  1.44290E+06  2.00000E-03  8.22821E+00
 -6.99509E+00  2.19483E-28  1.44290E+06  2.00000E-03  8.22821E+00
 -6.94830E+00  2.19483E-28  1.44290E+06  2.00000E-03  8.22821E+00
 -6.90151E+00  2.19521E-28  1.44306E+06  2.00000E-03  8.16385E+00
 -6.85472E+00  2.19560E-28  1.44321E+06  2.00000E-03  8.09951E+00
 -6.80793E+00  2.19560E-28  1.44321E+06  2.00000E-03  8.09951E+00
 -6.76114E+00  2.19560E-28  1.44321E+06  2.00000E-03  8.09951E+00
 -6.71435E+00  2.19564E-28  1.44322E+06  2.00000E-03  8.05443E+00
 -6.66756E+00  2.19568E-28  1.44324E+06  2.00000E-03  8.00935E+00
 -6.62077E+00  2.19568E-28  1.44324E+06  2.00000E-03  8.00935E+00
 -6.57398E+00  2.19568E-28  1.44324E+06  2.00000E-03  8.00935E+00
 -6.52719E+00  2.19534E-28  1.44308E+06  2.00000E-03  7.98137E+00
 -6.48040E+00  2.19500E-28  1.44293E+06  2.00000E-03  7.95338E+00
 -6.43362E+00  2.19500E-28  1.44293E+06  2.00000E-03  7.95338E+00
 -6.38683E+00  2.19500E-28  1.44293E+06  2.00000E-03  7.95338E+00
 -6.34003E+00  2.19434E-28  1.44264E+06  2.00000E-03  7.93470E+00
 -6.29325E+00  2.19368E-28  1.44235E+06  2.00000E-03  7.91601E+00
 -6.24646E+00  2.19368E-28  1.44235E+06  2.00000E-03  7.91601E+00
 -6.19967E+00  2.19368E-28  1.44235E+06  2.00000E-03  7.91601E+00
 -6.15288E+00  2.19284E-28  1.44198E+06  2.00000E-03  7.89599E+00
 -6.10609E+00  2.19199E-28  1.44161E+06  2.00000E-03  7.87597E+00
 -6.05930E+00  2.19199E-28  1.44161E+06  2.00000E-03  7.87597E+00
 -6.01251E+00  2.19199E-28  1.44161E+06  2.00000E-03  7.87597E+00
 -5.96572E+00  2.19115E-28  1.44123E+06  2.00000E-03  7.84331E+00
 -5.91893E+00  2.19030E-28  1.44086E+06  2.00000E-03  7.81063E+00
 -5.87214E+00  2.19030E-28  1.44086E+06  2.00000E-03  7.81063E+00
 -5.82535E+00  2.19030E-28  1.44086E+06  2.00000E-03  7.81063E+00
 -5.77856E+00  2.18964E-28  1.44057E+06  2.00000E-03  7.75503E+00
 -5.73177E+00  2.18897E-28  1.44028E+06  2.00000E-03  7.69939E+00
 -5.68498E+00  2.18897E-28  1.44028E+06  2.00000E-03  7.69939E+00
 -5.63819E+00  2.18897E-28  1.44028E+06  2.00000E-03  7.69939E+00
 -5.59140E+00  2.18865E-28  1.44014E+06  2.00000E-03  7.61410E+00
 -5.54461E+00  2.18833E-28  1.44000E+06  2.00000E-03  7.52877E+00
 -5.49782E+00  2.18833E-28  1.44000E+06  2.00000E-03  7.52877E+00
 -5.45103E+00  2.18833E-28  1.44000E+06  2.00000E-03  7.52877E+00
 -5.40424E+00  2.18839E-28  1.44003E+06  2.00000E-03  7.41077E+00
 -5.35745E+00  2.18846E-28  1.44006E+06  2.00000E-03  7.29278E+00
 -5.31066E+00  2.18846E-28  1.44006E+06  2.00000E-03  7.29278E+00
 -5.26387E+00  2.18846E-28  1.44006E+06  2.00000E-03  7.29278E+00
 -5.21708E+00  2.18891E-28  1.44026E+06  2.00000E-03  7.14419E+00
 -5.17029E+00  2.18935E-28  1.44046E+06  2.00000E-03  6.99566E+00
 -5.12350E+00  2.18935E-28  1.44046E+06  2.00000E-03  6.99566E+00
 -5.07671E+00  2.18935E-28  1.44046E+06  2.00000E-03  6.99566E+00
 -5.02992E+00  2.19007E-28  1.44078E+06  2.00000E-03  6.82274E+00
 -4.98313E+00  2.19079E-28  1.44110E+06  2.00000E-03  6.64994E+00
 -4.93634E+00  2.19079E-28  1.44110E+06  2.00000E-03  6.64994E+00
 -4.88955E+00  2.19079E-28  1.44110E+06  2.00000E-03  6.64994E+00
 -4.84276E+00  2.19159E-28  1.44145E+06  2.00000E-03  6.47008E+00
 -4.79597E+00  2.19239E-28  1.44181E+06  2.00000E-03  6.29034E+00
 -4.74918E+00  2.19239E-28  1.44181E+06  2.00000E-03  6.29034E+00
 -4.70239E+00  2.19239E-28  1.44181E+06  2.00000E-03  6.29034E+00
 -4.65560E+00  2.19309E-28  1.44212E+06  2.00000E-03  6.11224E+00
 -4.60881E+00  2.19380E-28  1.44243E+06  2.00000E-03  5.93425E+00
 -4.56202E+00  2.19380E-28  1.44243E+06  2.00000E-03  5.93425E+00
 -4.51523E+00  2.19380E-28  1.44243E+06  2.00000E-03  5.93425E+00
 -4.46844E+00  2.19432E-28  1.44266E+06  2.00000E-03  5.75587E+00
 -4.42165E+00  2.19485E-28  1.44289E+06  2.00000E-03  5.57758E+00
 -4.37486E+00  2.19485E-28  1.44289E+06  2.00000E-03  5.57758E+00
 -4.32807E+00  2.19485E-28  1.44289E+06  2.00000E-03  5.57758E+00
 -4.28128E+00  2.19520E-28  1.44304E+06  2.00000E-03  5.39951E+00
 -4.23449E+00  2.19554E-28  1.44319E+06  2.00000E-03  5.22150E+00
 -4.18770E+00  2.19554E-28  1.44319E+06  2.00000E-03  5.22150E+00
 -4.14091E+00  2.19554E-28  1.44319E+06  2.00000E-03  5.22150E+00
 -4.09412E+00  2.19568E-28  1.44326E+06  2.00000E-03  5.03836E+00
 -4.04733E+00  2.19583E-28  1.44332E+06  2.00000E-03  4.85524E+00
 -4.00054E+00  2.19583E-28  1.44332E+06  2.00000E-03  4.85524E+00
 -3.95375E+00  2.19583E-28  1.44332E+06  2.00000E-03  4.85524E+00
 -3.90696E+00  2.19578E-28  1.44330E+06  2.00000E-03  4.64892E+00
 -3.86017E+00  2.19574E-28  1.44328E+06  2.00000E-03  4.44260E+00
 -3.81338E+00  2.19574E-28  1.44328E+06  2.00000E-03  4.44260E+00
 -3.76659E+00  2.19574E-28  1.44328E+06  2.00000E-03  4.44260E+00
 -3.71980E+00  2.19550E-28  1.44317E+06  2.00000E-03  4.18508E+00
 -3.67301E+00  2.19527E-28  1.44307E+06  2.00000E-03  3.92751E+00
 -3.62622E+00  2.19527E-28  1.44307E+06  2.00000E-03  3.92751E+00
 -3.57943E+00  2.19527E-28  1.44307E+06  2.00000E-03  3.92751E+00
 -3.53264E+00  2.19484E-28  1.44288E+06  2.00000E-03  3.58324E+00
 -3.48585E+00  2.19441E-28  1.44269E+06  2.00000E-03  3.23884E+00
 -3.43906E+00  2.19441E-28  1.44269E+06  2.00000E-03  3.23884E+00
 -3.39227E+00  2.19441E-28  1.44269E+06  2.00000E-03  3.23884E+00
 -3.34548E+00  2.19384E-28  1.44244E+06  2.00000E-03  2.77062E+00
 -3.29869E+00  2.19326E-28  1.44218E+06  2.00000E-03  2.30214E+00
 -3.25190E+00  2.19326E-28  1.44218E+06  2.00000E-03  2.30214E+00
 -3.20511E+00  2.19326E-28  1.44218E+06  2.00000E-03  2.30214E+00
 -3.15832E+00  2.19247E-28  1.44184E+06  2.00000E-03  1.64996E+00
 -3.11153E+00  2.19168E-28  1.44149E+06  2.00000E-03  9.97298E-01
 -3.06474E+00  2.19168E-28  1.44149E+06  2.00000E-03  9.97298E-01
 -3.01795E+00  2.19168E-28  1.44149E+06  2.00000E-03  9.97298E-01
 -2.97116E+00  2.19067E-28  1.44102E+06  2.00000E-03  3.66111E-02
 -2.92437E+00  2.18966E-28  1.44055E+06  2.00000E-03 -9.24959E-01
 -2.87758E+00  2.18966E-28  1.44055E+06  2.00000E-03 -9.24959E-01
 -2.83079E+00  2.18966E-28  1.44055E+06  2.00000E-03 -9.24959E-01
 -2.78400E+00  2.18893E-28  1.44066E+06  1.99999E-03 -2.33916E+00
 -2.73721E+00  2.18820E-28  1.44077E+06  1.99997E-03 -3.75431E+00
 -2.69042E+00  2.18820E-28  1.44077E+06  1.99997E-03 -3.75431E+00
 -2.64363E+00  2.18820E-28  1.44077E+06  1.99997E-03 -3.75431E+00
 -2.59684E+00  2.19064E-28  1.44149E+06  1.99973E-03 -5.53964E+00
 -2.55005E+00  2.19308E-28  1.44220E+06  1.99948E-03 -7.32100E+00
 -2.50326E+00  2.19308E-28  1.44220E+06  1.99948E-03 -7.32100E+00
 -2.45647E+00  2.19308E-28  1.44220E+06  1.99948E-03 -7.32100E+00
 -2.40968E+00  2.21931E-28  1.43815E+06  1.99652E-03 -8.12352E+00
 -2.36289E+00  2.24554E-28  1.43420E+06  1.99362E-03 -8.90729E+00
 -2.31610E+00  2.24554E-28  1.43420E+06  1.99362E-03 -8.90729E+00
 -2.26931E+00  2.24554E-28  1.43420E+06  1.99362E-03 -8.90729E+00
 -2.22252E+00  2.34892E-28  1.38798E+06  1.97651E-03 -7.02719E+00
 -2.17573E+00  2.45231E-28  1.34565E+06  1.96084E-03 -5.30562E+00
 -2.12894E+00  2.45231E-28  1.34565E+06  1.96084E-03 -5.30562E+00
 -2.08215E+00  2.45231E-28  1.34565E+06  1.96084E-03 -5.30562E+00
 -2.03536E+00  2.47551E-28  1.33925E+06  1.95821E-03 -1.84792E+00
 -1.98857E+00  2.49872E-28  1.33296E+06  1.95563E-03  1.54556E+00
 -1.94178E+00  2.49872E-28  1.33296E+06  1.95563E-03  1.54556E+00
 -1.89499E+00  2.49872E-28  1.33296E+06  1.95563E-03  1.54556E+00
 -1.84820E+00  2.41321E-28  1.37709E+06  1.97056E-03  4.21359E+00
 -1.80141E+00  2.32769E-28  1.42446E+06  1.98659E-03  7.07765E+00
 -1.75462E+00  2.32769E-28  1.42446E+06  1.98659E-03  7.07765E+00
 -1.70783E+00  2.32769E-28  1.42446E+06  1.98659E-03  7.07765E+00
 -1.66104E+00  2.28401E-28  1.44107E+06  1.99225E-03  8.14189E+00
 -1.61425E+00  2.24033E-28  1.45833E+06  1.99814E-03  9.24762E+00
 -1.56746E+00  2.24033E-28  1.45833E+06  1.99814E-03  9.24762E+00
 -1.52067E+00  2.24033E-28  1.45833E+06  1.99814E-03  9.24762E+00
 -1.47388E+00  2.23132E-28  1.45553E+06  1.99820E-03  9.06103E+00
 -1.42709E+00  2.22231E-28  1.45271E+06  1.99826E-03  8.87293E+00
 -1.38030E+00  2.22231E-28  1.45271E+06  1.99826E-03  8.87293E+00
 -1.33351E+00  2.22231E-28  1.45271E+06  1.99826E-03  8.87293E+00
 -1.28672E+00  2.23366E-28  1.43805E+06  1.99510E-03  8.09579E+00
 -1.23993E+00  2.24502E-28  1.42354E+06  1.99197E-03  7.32652E+00
 -1.19314E+00  2.24502E-28  1.42354E+06  1.99197E-03  7.32652E+00
 -1.14635E+00  2.24502E-28  1.42354E+06  1.99197E-03  7.32652E+00
 -1.09956E+00  2.24636E-28  1.41759E+06  1.99115E-03  6.30898E+00
 -1.05277E+00  2.24771E-28  1.41166E+06  1.99034E-03  5.29266E+00
 -1.00598E+00  2.24771E-28  1.41166E+06  1.99034E-03  5.29266E+00
 -9.59194E-01  2.24771E-28  1.41166E+06  1.99034E-03  5.29266E+00
 -9.12404E-01  2.22622E-28  1.42153E+06  1.99357E-03  4.32722E+00
 -8.65614E-01  2.20472E-28  1.43160E+06  1.99687E-03  3.34295E+00
 -8.18824E-01  2.20472E-28  1.43160E+06  1.99687E-03  3.34295E+00
 -7.72034E-01  2.20472E-28  1.43160E+06  1.99687E-03  3.34295E+00
 -7.25244E-01  2.19398E-28  1.43602E+06  1.99833E-03  2.49533E+00
 -6.78454E-01  2.18324E-28  1.44048E+06  1.99981E-03  1.63937E+00
 -6.31664E-01  2.18324E-28  1.44048E+06  1.99981E-03  1.63937E+00
 -5.84874E-01  2.18324E-28  1.44048E+06  1.99981E-03  1.63937E+00
 -5.38084E-01  2.18306E-28  1.43900E+06  1.99990E-03  9.31039E-01
 -4.91294E-01  2.18288E-28  1.43752E+06  1.99999E-03  2.22593E-01
 -4.44504E-01  2.18288E-28  1.43752E+06  1.99999E-03  2.22593E-01
 -3.97714E-01  2.18288E-28  1.43752E+06  1.99999E-03  2.22593E-01
 -3.50924E-01  2.18201E-28  1.43721E+06  1.99999E-03 -3.58547E-01
 -3.04135E-01  2.18115E-28  1.43689E+06  2.00000E-03 -9.40146E-01
 -2.57345E-01  2.18115E-28  1.43689E+06  2.00000E-03 -9.40146E-01
 -2.10555E-01  2.18115E-28  1.43689E+06  2.00000E-03 -9.40146E-01
 -1.63765E-01  2.18070E-28  1.43666E+06  2.00000E-03 -1.42338E+00
 -1.16975E-01  2.18025E-28  1.43643E+06  2.00000E-03 -1.90682E+00
 -7.01849E-02  2.18025E-28  1.43643E+06  2.00000E-03 -1.90682E+00
 -2.33950E-02  2.18025E-28  1.43643E+06  2.00000E-03 -1.90682E+00
  2.33950E-02  2.17984E-28  1.43626E+06  2.00000E-03 -2.31807E+00
  7.01849E-02  2.17943E-28  1.43608E+06  2.00000E-03 -2.72948E+00
  1.16975E-01  2.17943E-28  1.43608E+06  2.00000E-03 -2.72948E+00
  1.63765E-01  2.17943E-28  1.43608E+06  2.00000E-03 -2.72948E+00
  2.10555E-01  2.17895E-28  1.43587E+06  2.00000E-03 -3.08486E+00
  2.57345E-01  2.17846E-28  1.43566E+06  2.00000E-03 -3.44040E+00
  3.04135E-01  2.17846E-28  1.43566E+06  2.00000E-03 -3.44040E+00
  3.50924E-01  2.17846E-28  1.43566E+06  2.00000E-03 -3.44040E+00
  3.97714E-01  2.17788E-28  1.43541E+06  2.00000E-03 -3.74969E+00
  4.44504E-01  2.17730E-28  1.43516E+06  2.00000E-03 -4.05914E+00
  4.91294E-01  2.17730E-28  1.43516E+06  2.00000E-03 -4.05914E+00
  5.38084E-01  2.17730E-28  1.43516E+06  2.00000E-03 -4.05914E+00
  5.84874E-01  2.17664E-28  1.43487E+06  2.00000E-03 -4.32767E+00
  6.31664E-01  2.17598E-28  1.43459E+06  2.00000E-03 -4.59636E+00
  6.78454E-01  2.17598E-28  1.43459E+06  2.00000E-03 -4.59636E+00
  7.25244E-01  2.17598E-28  1.43459E+06  2.00000E-03 -4.59636E+00
  7.72034E-01  2.17528E-28  1.43429E+06  2.00000E-03 -4.82889E+00
  8.18824E-01  2.17458E-28  1.43399E+06  2.00000E-03 -5.06157E+00
  8.65614E-01  2.17458E-28  1.43399E+06  2.00000E-03 -5.06157E+00
  9.12404E-01  2.17458E-28  1.43399E+06  2.00000E-03 -5.06157E+00
  9.59194E-01  2.17385E-28  1.43367E+06  2.00000E-03 -5.26385E+00
  1.00598E+00  2.17312E-28  1.43335E+06  2.00000E-03 -5.46628E+00
  1.05277E+00  2.17312E-28  1.43335E+06  2.00000E-03 -5.46628E+00
  1.09956E+00  2.17312E-28  1.43335E+06  2.00000E-03 -5.46628E+00
  1.14635E+00  2.17237E-28  1.43302E+06  2.00000E-03 -5.64416E+00
  1.19314E+00  2.17162E-28  1.43269E+06  2.00000E-03 -5.82216E+00
  1.23993E+00  2.17162E-28  1.43269E+06  2.00000E-03 -5.82216E+00
  1.28672E+00  2.17162E-28  1.43269E+06  2.00000E-03 -5.82216E+00
  1.33351E+00  2.17084E-28  1.43236E+06  2.00000E-03 -5.98078E+00
  1.38030E+00  2.17006E-28  1.43202E+06  2.00000E-03 -6.13951E+00
  1.42709E+00  2.17006E-28  1.43202E+06  2.00000E-03 -6.13951E+00
  1.47388E+00  2.17006E-28  1.43202E+06  2.00000E-03 -6.13951E+00
  1.52067E+00  2.16928E-28  1.43168E+06  2.00000E-03 -6.28332E+00
  1.56746E+00  2.16849E-28  1.43133E+06  2.00000E-03 -6.42724E+00
  1.61425E+00  2.16849E-28  1.43133E+06  2.00000E-03 -6.42724E+00
  1.66104E+00  2.16849E-28  1.43133E+06  2.00000E-03 -6.42724E+00
  1.70783E+00  2.16773E-28  1.43100E+06  2.00000E-03 -6.55930E+00
  1.75462E+00  2.16696E-28  1.43066E+06  2.00000E-03 -6.69145E+00
  1.80141E+00  2.16696E-28  1.43066E+06  2.00000E-03 -6.69145E+00
  1.84820E+00  2.16696E-28  1.43066E+06  2.00000E-03 -6.69145E+00
  1.89499E+00  2.16625E-28  1.43035E+06  2.00000E-03 -6.81273E+00
  1.94178E+00  2.16555E-28  1.43004E+06  2.00000E-03 -6.93409E+00
  1.98857E+00  2.16555E-28  1.43004E+06  2.00000E-03 -6.93409E+00
  2.03536E+00  2.16555E-28  1.43004E+06  2.00000E-03 -6.93409E+00
  2.08215E+00  2.16498E-28  1.42979E+06  2.00000E-03 -7.04470E+00
  2.12894E+00  2.16442E-28  1.42954E+06  2.00000E-03 -7.15537E+00
  2.17573E+00  2.16442E-28  1.42954E+06  2.00000E-03 -7.15537E+00
  2.22252E+00  2.16442E-28  1.42954E+06  2.00000E-03 -7.15537E+00
  2.26931E+00  2.16407E-28  1.42938E+06  2.00000E-03 -7.25728E+00
  2.31610E+00  2.16372E-28  1.42922E+06  2.00000E-03 -7.35923E+00
  2.36289E+00  2.16372E-28  1.42922E+06  2.00000E-03 -7.35923E+00
  2.40968E+00  2.16372E-28  1.42922E+06  2.00000E-03 -7.35923E+00
  2.45647E+00  2.16366E-28  1.42919E+06  2.00000E-03 -7.45774E+00
  2.50326E+00  2.16361E-28  1.42916E+06  2.00000E-03 -7.55626E+00
  2.55005E+00  2.16361E-28  1.42916E+06  2.00000E-03 -7.55626E+00
  2.59684E+00  2.16361E-28  1.42916E+06  2.00000E-03 -7.55626E+00
  2.64363E+00  2.16388E-28  1.42927E+06  2.00000E-03 -7.65799E+00
  2.69042E+00  2.16416E-28  1.42938E+06  2.00000E-03 -7.75969E+00
  2.73721E+00  2.16416E-28  1.42938E+06  2.00000E-03 -7.75969E+00
  2.78400E+00  2.16416E-28  1.42938E+06  2.00000E-03 -7.75969E+00
  2.83079E+00  2.16475E-28  1.42962E+06  2.00000E-03 -7.86828E+00
  2.87758E+00  2.16535E-28  1.42986E+06  2.00000E-03 -7.97682E+00
  2.92437E+00  2.16535E-28  1.42986E+06  2.00000E-03 -7.97682E+00
  2.97116E+00  2.16535E-28  1.42986E+06  2.00000E-03 -7.97682E+00
  3.01795E+00  2.16616E-28  1.43019E+06  2.00000E-03 -8.08871E+00
  3.06474E+00  2.16697E-28  1.43052E+06  1.99999E-03 -8.20051E+00
  3.11153E+00  2.16697E-28  1.43052E+06  1.99999E-03 -8.20051E+00
  3.15832E+00  2.16697E-28  1.43052E+06  1.99999E-03 -8.20051E+00
  3.20511E+00  2.16780E-28  1.43093E+06  1.99999E-03 -8.30361E+00
  3.25190E+00  2.16862E-28  1.43133E+06  1.99998E-03 -8.40664E+00
  3.29869E+00  2.16862E-28  1.43133E+06  1.99998E-03 -8.40664E+00
  3.34548E+00  2.16862E-28  1.43133E+06  1.99998E-03 -8.40664E+00
  3.39227E+00  2.16922E-28  1.43177E+06  1.99998E-03 -8.48632E+00
  3.43906E+00  2.16982E-28  1.43221E+06  1.99997E-03 -8.56596E+00
  3.48585E+00  2.16982E-28  1.43221E+06  1.99997E-03 -8.56596E+00
  3.53264E+00  2.16982E-28  1.43221E+06  1.99997E-03 -8.56596E+00
  3.57943E+00  2.17009E-28  1.43257E+06  1.99996E-03 -8.61848E+00
  3.62622E+00  2.17036E-28  1.43293E+06  1.99995E-03 -8.67099E+00
  3.67301E+00  2.17036E-28  1.43293E+06  1.99995E-03 -8.67099E+00
  3.71980E+00  2.17036E-28  1.43293E+06  1.99995E-03 -8.67099E+00
  3.76659E+00  2.17034E-28  1.43307E+06  1.99994E-03 -8.71198E+00
  3.81338E+00  2.17033E-28  1.43321E+06  1.99993E-03 -8.75296E+00
  3.86017E+00  2.17033E-28  1.43321E+06  1.99993E-03 -8.75296E+00
  3.90696E+00  2.17033E-28  1.43321E+06  1.99993E-03 -8.75296E+00
  3.95375E+00  2.17007E-28  1.43308E+06  1.99993E-03 -8.80947E+00
  4.00054E+00  2.16982E-28  1.43295E+06  1.99993E-03 -8.86600E+00
  4.04733E+00  2.16982E-28  1.43295E+06  1.99993E-03 -8.86600E+00
  4.09412E+00  2.16982E-28  1.43295E+06  1.99993E-03 -8.86600E+00
  4.14091E+00  2.16933E-28  1.43260E+06  1.99993E-03 -8.95862E+00
  4.18770E+00  2.16885E-28  1.43225E+06  1.99993E-03 -9.05128E+00
  4.23449E+00  2.16885E-28  1.43225E+06  1.99993E-03 -9.05128E+00
  4.28128E+00  2.16885E-28  1.43225E+06  1.99993E-03 -9.05128E+00
  4.32807E+00  2.16813E-28  1.43179E+06  1.99994E-03 -9.17820E+00
  4.37486E+00  2.16741E-28  1.43132E+06  1.99995E-03 -9.30520E+00
  4.42165E+00  2.16741E-28  1.43132E+06  1.99995E-03 -9.30520E+00
  4.46844E+00  2.16741E-28  1.43132E+06  1.99995E-03 -9.30520E+00
  4.51523E+00  2.16651E-28  1.43081E+06  1.99995E-03 -9.44510E+00
  4.56202E+00  2.16561E-28  1.43030E+06  1.99996E-03 -9.58511E+00
  4.60881E+00  2.16561E-28  1.43030E+06  1.99996E-03 -9.58511E+00
  4.65560E+00  2.16561E-28  1.43030E+06  1.99996E-03 -9.58511E+00
  4.70239E+00  2.16464E-28  1.42980E+06  1.99997E-03 -9.71648E+00
  4.74918E+00  2.16366E-28  1.42930E+06  1.99997E-03 -9.84797E+00
  4.79597E+00  2.16366E-28  1.42930E+06  1.99997E-03 -9.84797E+00
  4.84276E+00  2.16366E-28  1.42930E+06  1.99997E-03 -9.84797E+00
  4.88955E+00  2.16275E-28  1.42885E+06  1.99998E-03 -9.96007E+00
  4.93634E+00  2.16185E-28  1.42840E+06  1.99998E-03 -1.00723E+01
  4.98313E+00  2.16185E-28  1.42840E+06  1.99998E-03 -1.00723E+01
  5.02992E+00  2.16185E-28  1.42840E+06  1.99998E-03 -1.00723E+01
  5.07671E+00  2.16114E-28  1.42806E+06  1.99999E-03 -1.01622E+01
  5.12350E+00  2.16043E-28  1.42772E+06  1.99999E-03 -1.02522E+01
  5.17029E+00  2.16043E-28  1.42772E+06  1.99999E-03 -1.02522E+01
  5.21708E+00  2.16043E-28  1.42772E+06  1.99999E-03 -1.02522E+01
  5.26387E+00  2.16000E-28  1.42752E+06  1.99999E-03 -1.03199E+01
  5.31066E+00  2.15957E-28  1.42732E+06  1.99999E-03 -1.03876E+01
  5.35745E+00  2.15957E-28  1.42732E+06  1.99999E-03 -1.03876E+01
  5.40424E+00  2.15957E-28  1.42732E+06  1.99999E-03 -1.03876E+01
  5.45103E+00  2.15943E-28  1.42726E+06  2.00000E-03 -1.04337E+01
  5.49782E+00  2.15928E-28  1.42720E+06  2.00000E-03 -1.04798E+01
  5.54461E+00  2.15928E-28  1.42720E+06  2.00000E-03 -1.04798E+01
  5.59140E+00  2.15928E-28  1.42720E+06  2.00000E-03 -1.04798E+01
  5.63819E+00  2.15938E-28  1.42726E+06  2.00000E-03 -1.05049E+01
  5.68498E+00  2.15949E-28  1.42732E+06  2.00000E-03 -1.05301E+01
  5.73177E+00  2.15949E-28  1.42732E+06  2.00000E-03 -1.05301E+01
  5.77856E+00  2.15949E-28  1.42732E+06  2.00000E-03 -1.05301E+01
  5.82535E+00  2.15975E-28  1.42745E+06  2.00000E-03 -1.05359E+01
  5.87214E+00  2.16001E-28  1.42757E+06  2.00000E-03 -1.05418E+01
  5.91893E+00  2.16001E-28  1.42757E+06  2.00000E-03 -1.05418E+01
  5.96572E+00  2.16001E-28  1.42757E+06  2.00000E-03 -1.05418E+01
  6.01251E+00  2.16032E-28  1.42772E+06  2.00000E-03 -1.05321E+01
  6.05930E+00  2.16064E-28  1.42786E+06  2.00000E-03 -1.05225E+01
  6.10609E+00  2.16064E-28  1.42786E+06  2.00000E-03 -1.05225E+01
  6.15288E+00  2.16064E-28  1.42786E+06  2.00000E-03 -1.05225E+01
  6.19967E+00  2.16090E-28  1.42798E+06  2.00000E-03 -1.05037E+01
  6.24646E+00  2.16116E-28  1.42810E+06  2.00000E-03 -1.04849E+01
  6.29325E+00  2.16116E-28  1.42810E+06  2.00000E-03 -1.04849E+01
  6.34003E+00  2.16116E-28  1.42810E+06  2.00000E-03 -1.04849E+01
  6.38683E+00  2.16131E-28  1.42817E+06  2.00000E-03 -1.04639E+01
  6.43362E+00  2.16146E-28  1.42825E+06  2.00000E-03 -1.04429E+01
  6.48040E+00  2.16146E-28  1.42825E+06  2.00000E-03 -1.04429E+01
  6.52719E+00  2.16146E-28  1.42825E+06  2.00000E-03 -1.04429E+01
  6.57398E+00  2.16150E-28  1.42827E+06  2.00000E-03 -1.04249E+01
  6.62077E+00  2.16155E-28  1.42830E+06  2.00000E-03 -1.04069E+01
  6.66756E+00  2.16155E-28  1.42830E+06  2.00000E-03 -1.04069E+01
  6.71435E+00  2.16155E-28  1.42830E+06  2.00000E-03 -1.04069E+01
  6.76114E+00  2.16152E-28  1.42830E+06  2.00000E-03 -1.03943E+01
  6.80793E+00  2.16150E-28  1.42829E+06  2.00000E-03 -1.03816E+01
  6.85472E+00  2.16150E-28  1.42829E+06  2.00000E-03 -1.03816E+01
  6.90151E+00  2.16150E-28  1.42829E+06  2.00000E-03 -1.03816E+01
  6.94830E+00  2.16146E-28  1.42828E+06  2.00000E-03 -1.03742E+01
  6.99509E+00  2.16142E-28  1.42827E+06  2.00000E-03 -1.03669E+01
  7.04188E+00  2.16142E-28  1.42827E+06  2.00000E-03 -1.03669E+01
  7.08867E+00  2.16142E-28  1.42827E+06  2.00000E-03 -1.03669E+01
  7.13546E+00  2.16141E-28  1.42827E+06  2.00000E-03 -1.03632E+01
  7.18225E+00  2.16139E-28  1.42826E+06  2.00000E-03 -1.03595E+01
  7.22904E+00  2.16139E-28  1.42826E+06  2.00000E-03 -1.03595E+01
  7.27583E+00  2.16139E-28  1.42826E+06  2.00000E-03 -1.03595E+01
  7.32262E+00  2.16142E-28  1.42828E+06  2.00000E-03 -1.03567E+01
  7.36941E+00  2.16146E-28  1.42830E+06  2.00000E-03 -1.03538E+01
  7.41620E+00  2.16146E-28  1.42830E+06  2.00000E-03 -1.03538E+01
  7.46299E+00  2.16146E-28  1.42830E+06  2.00000E-03 -1.03538E+01
  7.50978E+00  2.16155E-28  1.42835E+06  2.00000E-03 -1.03481E+01
  7.55657E+00  2.16165E-28  1.42840E+06  2.00000E-03 -1.03424E+01
  7.60336E+00  2.16165E-28  1.42840E+06  2.00000E-03 -1.03424E+01
  7.65015E+00  2.16165E-28  1.42840E+06  2.00000E-03 -1.03424E+01
  7.69694E+00  2.16181E-28  1.42847E+06  2.00000E-03 -1.03308E+01
  7.74373E+00  2.16198E-28  1.42855E+06  2.00000E-03 -1.03192E+01
  7.79052E+00  2.16198E-28  1.42855E+06  2.00000E-03 -1.03192E+01
  7.83731E+00  2.16198E-28  1.42855E+06  2.00000E-03 -1.03192E+01
  7.88410E+00  2.16219E-28  1.42865E+06  2.00000E-03 -1.03005E+01
  7.93089E+00  2.16241E-28  1.42874E+06  2.00000E-03 -1.02819E+01
  7.97768E+00  2.16241E-28  1.42874E+06  2.00000E-03 -1.02819E+01
  8.02447E+00  2.16241E-28  1.42874E+06  2.00000E-03 -1.02819E+01
  8.07126E+00  2.16264E-28  1.42885E+06  2.00000E-03 -1.02577E+01
  8.11805E+00  2.16288E-28  1.42895E+06  2.00000E-03 -1.02336E+01
  8.16484E+00  2.16288E-28  1.42895E+06  2.00000E-03 -1.02336E+01
  8.21163E+00  2.16288E-28  1.42895E+06  2.00000E-03 -1.02336E+01
  8.25842E+00  2.16308E-28  1.42904E+06  2.00000E-03 -1.02083E+01
  8.30521E+00  2.16327E-28  1.42912E+06  2.00000E-03 -1.01831E+01
  8.35200E+00  2.16327E-28  1.42912E+06  2.00000E-03 -1.01831E+01
  8.39879E+00  2.16327E-28  1.42912E+06  2.00000E-03 -1.01831E+01
  8.44558E+00  2.16338E-28  1.42916E+06  2.00000E-03 -1.01622E+01
  8.49237E+00  2.16348E-28  1.42920E+06  2.00000E-03 -1.01413E+01
  8.53916E+00  2.16348E-28  1.42920E+06  2.00000E-03 -1.01413E+01
  8.58595E+00  2.16348E-28  1.42920E+06  2.00000E-03 -1.01413E+01
  8.63274E+00  2.16343E-28  1.42918E+06  2.00000E-03 -1.01294E+01
  8.67953E+00  2.16339E-28  1.42915E+06  2.00000E-03 -1.01175E+01
  8.72632E+00  2.16339E-28  1.42915E+06  2.00000E-03 -1.01175E+01
  8.77311E+00  2.16339E-28  1.42915E+06  2.00000E-03 -1.01175E+01
  8.81990E+00  2.16318E-28  1.42905E+06  2.00000E-03 -1.01174E+01
  8.86669E+00  2.16297E-28  1.42895E+06  2.00000E-03 -1.01173E+01
  8.91348E+00  2.16297E-28  1.42895E+06  2.00000E-03 -1.01173E+01
  8.96027E+00  2.16297E-28  1.42895E+06  2.00000E-03 -1.01173E+01
  9.00706E+00  2.16259E-28  1.42878E+06  2.00000E-03 -1.01300E+01
  9.05385E+00  2.16222E-28  1.42860E+06  2.00000E-03 -1.01427E+01
  9.10064E+00  2.16222E-28  1.42860E+06  2.00000E-03 -1.01427E+01
  9.14743E+00  2.16222E-28  1.42860E+06  2.00000E-03 -1.01427E+01
  9.19422E+00  2.16171E-28  1.42837E+06  2.00000E-03 -1.01683E+01
  9.24101E+00  2.16120E-28  1.42814E+06  2.00000E-03 -1.01939E+01
  9.28780E+00  2.16120E-28  1.42814E+06  2.00000E-03 -1.01939E+01
  9.33459E+00  2.16120E-28  1.42814E+06  2.00000E-03 -1.01939E+01
  9.38138E+00  2.16060E-28  1.42788E+06  2.00000E-03 -1.02311E+01
  9.42817E+00  2.16001E-28  1.42761E+06  2.00000E-03 -1.02683E+01
  9.47496E+00  2.16001E-28  1.42761E+06  2.00000E-03 -1.02683E+01
  9.52175E+00  2.16001E-28  1.42761E+06  2.00000E-03 -1.02683E+01
  9.56854E+00  2.15938E-28  1.42733E+06  2.00000E-03 -1.03144E+01
  9.61533E+00  2.15875E-28  1.42705E+06  2.00000E-03 -1.03605E+01
  9.66212E+00  2.15875E-28  1.42705E+06  2.00000E-03 -1.03605E+01
  9.70891E+00  2.15875E-28  1.42705E+06  2.00000E-03 -1.03605E+01
  9.75570E+00  2.15813E-28  1.42679E+06  2.00000E-03 -1.04120E+01
  9.80249E+00  2.15752E-28  1.42652E+06  2.00000E-03 -1.04634E+01
  9.84928E+00  2.15752E-28  1.42652E+06  2.00000E-03 -1.04634E+01
  9.89607E+00  2.15752E-28  1.42652E+06  2.00000E-03 -1.04634E+01
  9.94286E+00  2.15700E-28  1.42629E+06  2.00000E-03 -1.05137E+01
  9.98965E+00  2.15647E-28  1.42607E+06  2.00000E-03 -1.05641E+01
  1.00364E+01  2.15647E-28  1.42607E+06  2.00000E-03 -1.05641E+01
  1.00832E+01  2.15647E-28  1.42607E+06  2.00000E-03 -1.05641E+01
  1.01300E+01  2.15612E-28  1.42592E+06  2.00000E-03 -1.06047E+01
  1.01768E+01  2.15578E-28  1.42577E+06  2.00000E-03 -1.06452E+01
  1.02236E+01  2.15578E-28  1.42577E+06  2.00000E-03 -1.06452E+01
  1.02704E+01  2.15578E-28  1.42577E+06  2.00000E-03 -1.06452E+01
  1.03172E+01  2.15569E-28  1.42574E+06  2.00000E-03 -1.06670E+01
  1.03640E+01  2.15560E-28  1.42570E+06  2.00000E-03 -1.06887E+01
  1.04108E+01  2.15560E-28  1.42570E+06  2.00000E-03 -1.06887E+01
  1.04575E+01  2.15560E-28  1.42570E+06  2.00000E-03 -1.06887E+01
  1.05043E+01  2.15583E-28  1.42581E+06  2.00000E-03 -1.06853E+01
  1.05511E+01  2.15606E-28  1.42591E+06  2.00000E-03 -1.06818E+01
  1.05979E+01  2.15606E-28  1.42591E+06  2.00000E-03 -1.06818E+01
  1.06447E+01  2.15606E-28  1.42591E+06  2.00000E-03 -1.06818E+01
  1.06915E+01  2.15663E-28  1.42617E+06  2.00000E-03 -1.06511E+01
  1.07383E+01  2.15720E-28  1.42642E+06  2.00000E-03 -1.06203E+01
  1.07851E+01  2.15720E-28  1.42642E+06  2.00000E-03 -1.06203E+01
  1.08319E+01  2.15720E-28  1.42642E+06  2.00000E-03 -1.06203E+01
  1.08787E+01  2.15807E-28  1.42680E+06  2.00000E-03 -1.05647E+01
  1.09254E+01  2.15894E-28  1.42719E+06  2.00000E-03 -1.05092E+01
  1.09722E+01  2.15894E-28  1.42719E+06  2.00000E-03 -1.05092E+01
  1.10190E+01  2.15894E-28  1.42719E+06  2.00000E-03 -1.05092E+01
  1.10658E+01  2.16004E-28  1.42767E+06  2.00000E-03 -1.04351E+01
  1.11126E+01  2.16113E-28  1.42815E+06  2.00000E-03 -1.03611E+01
  1.11594E+01  2.16113E-28  1.42815E+06  2.00000E-03 -1.03611E+01
  1.12062E+01  2.16113E-28  1.42815E+06  2.00000E-03 -1.03611E+01
  1.12530E+01  2.16234E-28  1.42868E+06  2.00000E-03 -1.02775E+01
  1.12998E+01  2.16355E-28  1.42921E+06  2.00000E-03 -1.01940E+01
  1.13466E+01  2.16355E-28  1.42921E+06  2.00000E-03 -1.01940E+01
  1.13933E+01  2.16355E-28  1.42921E+06  2.00000E-03 -1.01940E+01
  1.14401E+01  2.16474E-28  1.42973E+06  2.00000E-03 -1.01105E+01
  1.14869E+01  2.16593E-28  1.43025E+06  2.00000E-03 -1.00271E+01
  1.15337E+01  2.16593E-28  1.43025E+06  2.00000E-03 -1.00271E+01
  1.15805E+01  2.16593E-28  1.43025E+06  2.00000E-03 -1.00271E+01
  1.16273E+01  2.16698E-28  1.43071E+06  2.00000E-03 -9.95205E+00
  1.16741E+01  2.16804E-28  1.43117E+06  2.00000E-03 -9.87710E+00
  1.17209E+01  2.16804E-28  1.43117E+06  2.00000E-03 -9.87710E+00
  1.17677E+01  2.16804E-28  1.43117E+06  2.00000E-03 -9.87710E+00
  1.18145E+01  2.16888E-28  1.43154E+06  2.00000E-03 -9.81614E+00
  1.18612E+01  2.16972E-28  1.43190E+06  2.00000E-03 -9.75522E+00
  1.19080E+01  2.16972E-28  1.43190E+06  2.00000E-03 -9.75522E+00
  1.19548E+01  2.16972E-28  1.43190E+06  2.00000E-03 -9.75522E+00
  1.20016E+01  2.17032E-28  1.43216E+06  2.00000E-03 -9.71006E+00
  1.20484E+01  2.17092E-28  1.43242E+06  2.00000E-03 -9.66491E+00
  1.20952E+01  2.17092E-28  1.43242E+06  2.00000E-03 -9.66491E+00
  1.21420E+01  2.17092E-28  1.43242E+06  2.00000E-03 -9.66491E+00
  1.21888E+01  2.17132E-28  1.43259E+06  2.00000E-03 -9.63200E+00
  1.22356E+01  2.17173E-28  1.43277E+06  2.00000E-03 -9.59911E+00
  1.22824E+01  2.17173E-28  1.43277E+06  2.00000E-03 -9.59911E+00
  1.23291E+01  2.17173E-28  1.43277E+06  2.00000E-03 -9.59911E+00
  1.23759E+01  2.17205E-28  1.43290E+06  2.00000E-03 -9.57075E+00
  1.24227E+01  2.17237E-28  1.43304E+06  2.00000E-03 -9.54240E+00
  1.24695E+01  2.17237E-28  1.43304E+06  2.00000E-03 -9.54240E+00
  1.25163E+01  2.17237E-28  1.43304E+06  2.00000E-03 -9.54240E+00
  1.25631E+01  2.17272E-28  1.43319E+06  2.00000E-03 -9.50996E+00
  1.26099E+01  2.17308E-28  1.43333E+06  2.00000E-03 -9.47753E+00
  1.26567E+01  2.17308E-28  1.43333E+06  2.00000E-03 -9.47753E+00
  1.27035E+01  2.17308E-28  1.43333E+06  2.00000E-03 -9.47753E+00
  1.27503E+01  2.17355E-28  1.43354E+06  2.00000E-03 -9.43452E+00
  1.27970E+01  2.17403E-28  1.43374E+06  2.00000E-03 -9.39153E+00
  1.28438E+01  2.17403E-28  1.43374E+06  2.00000E-03 -9.39153E+00
  1.28906E+01  2.17403E-28  1.43374E+06  2.00000E-03 -9.39153E+00
  1.29374E+01  2.17465E-28  1.43401E+06  2.00000E-03 -9.33603E+00
  1.29842E+01  2.17527E-28  1.43428E+06  2.00000E-03 -9.28055E+00
  1.30310E+01  2.17527E-28  1.43428E+06  2.00000E-03 -9.28055E+00
  1.30778E+01  2.17527E-28  1.43428E+06  2.00000E-03 -9.28055E+00
  1.31246E+01  2.17599E-28  1.43459E+06  2.00000E-03 -9.21546E+00
  1.31714E+01  2.17671E-28  1.43490E+06  2.00000E-03 -9.15042E+00
  1.32182E+01  2.17671E-28  1.43490E+06  2.00000E-03 -9.15042E+00
  1.32649E+01  2.17671E-28  1.43490E+06  2.00000E-03 -9.15042E+00
  1.33117E+01  2.17746E-28  1.43523E+06  2.00000E-03 -9.08138E+00
  1.33585E+01  2.17820E-28  1.43555E+06  2.00000E-03 -9.01238E+00
  1.34053E+01  2.17820E-28  1.43555E+06  2.00000E-03 -9.01238E+00
  1.34521E+01  2.17820E-28  1.43555E+06  2.00000E-03 -9.01238E+00
  1.34989E+01  2.17888E-28  1.43584E+06  2.00000E-03 -8.94495E+00
  1.35457E+01  2.17956E-28  1.43614E+06  2.00000E-03 -8.87757E+00
  1.35925E+01  2.17956E-28  1.43614E+06  2.00000E-03 -8.87757E+00
  1.36393E+01  2.17956E-28  1.43614E+06  2.00000E-03 -8.87757E+00
  1.36861E+01  2.18012E-28  1.43638E+06  2.00000E-03 -8.81297E+00
  1.37328E+01  2.18069E-28  1.43663E+06  2.00000E-03 -8.74840E+00
  1.37796E+01  2.18069E-28  1.43663E+06  2.00000E-03 -8.74840E+00
  1.38264E+01  2.18069E-28  1.43663E+06  2.00000E-03 -8.74840E+00
  1.38732E+01  2.18079E-28  1.43666E+06  2.00000E-03 -8.72296E+00
  1.39200E+01  2.18088E-28  1.43669E+06  2.00000E-03 -8.69752E+00
  1.39668E+01  2.18088E-28  1.43669E+06  2.00000E-03 -8.69752E+00
  1.40136E+01  2.18088E-28  1.43669E+06  2.00000E-03 -8.69752E+00
  1.40604E+01  2.18088E-28  1.43669E+06  2.00000E-03 -8.69752E+00
  1.41072E+01  2.18088E-28  1.43669E+06  2.00000E-03 -8.69752E+00
  1.41540E+01  2.18088E-28  1.43669E+06  2.00000E-03 -8.69752E+00
  1.42007E+01  2.18088E-28  1.43669E+06  2.00000E-03 -8.69752E+00
  1.42475E+01  2.18143E-28  1.43691E+06  2.00000E-03 -8.61956E+00
  1.42943E+01  2.18198E-28  1.43714E+06  2.00000E-03 -8.54164E+00
  1.43411E+01  2.18198E-28  1.43714E+06  2.00000E-03 -8.54164E+00
  1.43879E+01  2.18198E-28  1.43714E+06  2.00000E-03 -8.54164E+00
  1.44347E+01  2.18198E-28  1.43714E+06  2.00000E-03 -8.54164E+00
  1.44815E+01  2.18198E-28  1.43714E+06  2.00000E-03 -8.54164E+00
  1.45283E+01  2.18198E-28  1.43714E+06  2.00000E-03 -8.54164E+00
  1.45751E+01  2.18198E-28  1.43714E+06  2.00000E-03 -8.54164E+00
  1.46219E+01  2.18220E-28  1.43722E+06  2.00000E-03 -8.47923E+00
  1.46686E+01  2.18242E-28  1.43731E+06  2.00000E-03 -8.41683E+00
  1.47154E+01  2.18242E-28  1.43731E+06  2.00000E-03 -8.41683E+00
  1.47622E+01  2.18242E-28  1.43731E+06  2.00000E-03 -8.41683E+00
  1.48090E+01  2.18242E-28  1.43731E+06  2.00000E-03 -8.41683E+00
  1.48558E+01  2.18242E-28  1.43731E+06  2.00000E-03 -8.41683E+00
  1.49026E+01  2.18242E-28  1.43731E+06  2.00000E-03 -8.41683E+00
  1.49494E+01  2.18242E-28  1.43731E+06  2.00000E-03 -8.41683E+00
  1.49962E+01  2.18242E-28  1.43730E+06  2.00000E-03 -8.36544E+00
  1.50430E+01  2.18242E-28  1.43728E+06  2.00000E-03 -8.31405E+00
  1.50898E+01  2.18242E-28  1.43728E+06  2.00000E-03 -8.31405E+00
  1.51365E+01  2.18242E-28  1.43728E+06  2.00000E-03 -8.31405E+00
  1.51833E+01  2.18242E-28  1.43728E+06  2.00000E-03 -8.31405E+00
  1.52301E+01  2.18242E-28  1.43728E+06  2.00000E-03 -8.31405E+00
  1.52769E+01  2.18242E-28  1.43728E+06  2.00000E-03 -8.31405E+00
  1.53237E+01  2.18242E-28  1.43728E+06  2.00000E-03 -8.31405E+00
  1.53705E+01  2.18222E-28  1.43719E+06  2.00000E-03 -8.27395E+00
  1.54173E+01  2.18202E-28  1.43709E+06  2.00000E-03 -8.23384E+00
  1.54641E+01  2.18202E-28  1.43709E+06  2.00000E-03 -8.23384E+00
  1.55109E+01  2.18202E-28  1.43709E+06  2.00000E-03 -8.23384E+00
  1.55577E+01  2.18202E-28  1.43709E+06  2.00000E-03 -8.23384E+00
  1.56044E+01  2.18202E-28  1.43709E+06  2.00000E-03 -8.23384E+00
  1.56512E+01  2.18202E-28  1.43709E+06  2.00000E-03 -8.23384E+00
  1.56980E+01  2.18202E-28  1.43709E+06  2.00000E-03 -8.23384E+00
  1.57448E+01  2.18164E-28  1.43691E+06  2.00000E-03 -8.20387E+00
  1.57916E+01  2.18126E-28  1.43673E+06  2.00000E-03 -8.17390E+00
  1.58384E+01  2.18126E-28  1.43673E+06  2.00000E-03 -8.17390E+00
  1.58852E+01  2.18126E-28  1.43673E+06  2.00000E-03 -8.17390E+00
  1.59320E+01  2.18126E-28  1.43673E+06  2.00000E-03 -8.17390E+00
  1.59788E+01  2.18126E-28  1.43673E+06  2.00000E-03 -8.17390E+00
  1.60256E+01  2.18126E-28  1.43673E+06  2.00000E-03 -8.17390E+00
  1.60723E+01  2.18126E-28  1.43673E+06  2.00000E-03 -8.17390E+00
  1.61191E+01  2.18080E-28  1.43652E+06  2.00000E-03 -8.14668E+00
  1.61659E+01  2.18033E-28  1.43631E+06  2.00000E-03 -8.11946E+00
  1.62127E+01  2.18033E-28  1.43631E+06  2.00000E-03 -8.11946E+00
  1.62595E+01  2.18033E-28  1.43631E+06  2.00000E-03 -8.11946E+00
  1.63063E+01  2.18033E-28  1.43631E+06  2.00000E-03 -8.11946E+00
  1.63531E+01  2.18033E-28  1.43631E+06  2.00000E-03 -8.11946E+00
  1.63999E+01  2.18033E-28  1.43631E+06  2.00000E-03 -8.11946E+00
  1.64467E+01  2.18033E-28  1.43631E+06  2.00000E-03 -8.11946E+00
  1.64935E+01  2.17994E-28  1.43613E+06  2.00000E-03 -8.08422E+00
  1.65402E+01  2.17955E-28  1.43595E+06  2.00000E-03 -8.04897E+00
  1.65870E+01  2.17955E-28  1.43595E+06  2.00000E-03 -8.04897E+00
  1.66338E+01  2.17955E-28  1.43595E+06  2.00000E-03 -8.04897E+00
  1.66806E+01  2.17955E-28  1.43595E+06  2.00000E-03 -8.04897E+00
  1.67274E+01  2.17955E-28  1.43595E+06  2.00000E-03 -8.04897E+00
  1.67742E+01  2.17955E-28  1.43595E+06  2.00000E-03 -8.04897E+00
  1.68210E+01  2.17955E-28  1.43595E+06  2.00000E-03 -8.04897E+00
  1.68678E+01  2.17930E-28  1.43583E+06  2.00000E-03 -8.00097E+00
  1.69146E+01  2.17905E-28  1.43572E+06  2.00000E-03 -7.95295E+00
  1.69613E+01  2.17905E-28  1.43572E+06  2.00000E-03 -7.95295E+00
  1.70081E+01  2.17905E-28  1.43572E+06  2.00000E-03 -7.95295E+00
  1.70549E+01  2.17905E-28  1.43572E+06  2.00000E-03 -7.95295E+00
  1.71017E+01  2.17905E-28  1.43572E+06  2.00000E-03 -7.95295E+00
  1.71485E+01  2.17905E-28  1.43572E+06  2.00000E-03 -7.95295E+00
  1.71953E+01  2.17905E-28  1.43572E+06  2.00000E-03 -7.95295E+00
  1.72421E+01  2.17890E-28  1.43564E+06  2.00000E-03 -7.89748E+00
  1.72889E+01  2.17874E-28  1.43557E+06  2.00000E-03 -7.84201E+00
  1.73357E+01  2.17874E-28  1.43557E+06  2.00000E-03 -7.84201E+00
  1.73825E+01  2.17874E-28  1.43557E+06  2.00000E-03 -7.84201E+00
  1.74292E+01  2.17874E-28  1.43557E+06  2.00000E-03 -7.84201E+00
  1.74760E+01  2.17874E-28  1.43557E+06  2.00000E-03 -7.84201E+00
  1.75228E+01  2.17874E-28  1.43557E+06  2.00000E-03 -7.84201E+00
  1.75696E+01  2.17874E-28  1.43557E+06  2.00000E-03 -7.84201E+00
  1.76164E+01  2.17858E-28  1.43550E+06  2.00000E-03 -7.78745E+00
  1.76632E+01  2.17842E-28  1.43542E+06  2.00000E-03 -7.73288E+00
  1.77100E+01  2.17842E-28  1.43542E+06  2.00000E-03 -7.73288E+00
  1.77568E+01  2.17842E-28  1.43542E+06  2.00000E-03 -7.73288E+00
  1.78036E+01  2.17842E-28  1.43542E+06  2.00000E-03 -7.73288E+00
  1.78504E+01  2.17842E-28  1.43542E+06  2.00000E-03 -7.73288E+00
  1.78971E+01  2.17842E-28  1.43542E+06  2.00000E-03 -7.73288E+00
  1.79439E+01  2.17842E-28  1.43542E+06  2.00000E-03 -7.73288E+00
  1.79907E+01  2.17824E-28  1.43534E+06  2.00000E-03 -7.68129E+00
  1.80375E+01  2.17806E-28  1.43526E+06  2.00000E-03 -7.62970E+00
  1.80843E+01  2.17806E-28  1.43526E+06  2.00000E-03 -7.62970E+00
  1.81311E+01  2.17806E-28  1.43526E+06  2.00000E-03 -7.62970E+00
  1.81779E+01  2.17806E-28  1.43526E+06  2.00000E-03 -7.62970E+00
  1.82247E+01  2.17806E-28  1.43526E+06  2.00000E-03 -7.62970E+00
  1.82715E+01  2.17806E-28  1.43526E+06  2.00000E-03 -7.62970E+00
  1.83183E+01  2.17806E-28  1.43526E+06  2.00000E-03 -7.62970E+00
  1.83650E+01  2.17792E-28  1.43519E+06  2.00000E-03 -7.58022E+00
  1.84118E+01  2.17777E-28  1.43512E+06  2.00000E-03 -7.53074E+00
  1.84586E+01  2.17777E-28  1.43512E+06  2.00000E-03 -7.53074E+00
  1.85054E+01  2.17777E-28  1.43512E+06  2.00000E-03 -7.53074E+00
  1.85522E+01  2.17777E-28  1.43512E+06  2.00000E-03 -7.53074E+00
  1.85990E+01  2.17777E-28  1.43512E+06  2.00000E-03 -7.53074E+00
  1.86458E+01  2.17777E-28  1.43512E+06  2.00000E-03 -7.53074E+00
  1.86926E+01  2.17777E-28  1.43512E+06  2.00000E-03 -7.53074E+00
  1.87394E+01  2.17789E-28  1.43517E+06  2.00000E-03 -7.45834E+00
  1.87862E+01  2.17801E-28  1.43521E+06  2.00000E-03 -7.38595E+00
  1.88329E+01  2.17801E-28  1.43521E+06  2.00000E-03 -7.38595E+00
  1.88797E+01  2.17801E-28  1.43521E+06  2.00000E-03 -7.38595E+00
  1.89265E+01  2.17801E-28  1.43521E+06  2.00000E-03 -7.38595E+00
  1.89733E+01  2.17801E-28  1.43521E+06  2.00000E-03 -7.38595E+00
  1.90201E+01  2.17801E-28  1.43521E+06  2.00000E-03 -7.38595E+00
  1.90669E+01  2.17801E-28  1.43521E+06  2.00000E-03 -7.38595E+00
  1.91137E+01  2.17801E-28  1.43521E+06  2.00000E-03 -7.38595E+00
  1.91605E+01  2.17801E-28  1.43521E+06  2.00000E-03 -7.38595E+00
  1.92073E+01  2.17801E-28  1.43521E+06  2.00000E-03 -7.38595E+00
  1.92541E+01  2.17801E-28  1.43521E+06  2.00000E-03 -7.38595E+00
  1.93008E+01  2.17801E-28  1.43521E+06  2.00000E-03 -7.38595E+00
  1.93476E+01  2.17801E-28  1.43521E+06  2.00000E-03 -7.38595E+00
  1.93944E+01  2.17801E-28  1.43521E+06  2.00000E-03 -7.38595E+00
  1.94412E+01  2.17801E-28  1.43521E+06  2.00000E-03 -7.38595E+00
  1.94880E+01  2.17856E-28  1.43544E+06  2.00000E-03 -7.24020E+00
  1.95348E+01  2.17912E-28  1.43566E+06  2.00000E-03 -7.09453E+00
  1.95816E+01  2.17912E-28  1.43566E+06  2.00000E-03 -7.09453E+00
  1.96284E+01  2.17912E-28  1.43566E+06  2.00000E-03 -7.09453E+00
  1.96752E+01  2.17912E-28  1.43566E+06  2.00000E-03 -7.09453E+00
  1.97220E+01  2.17912E-28  1.43566E+06  2.00000E-03 -7.09453E+00
  1.97687E+01  2.17912E-28  1.43566E+06  2.00000E-03 -7.09453E+00
  1.98155E+01  2.17912E-28  1.43566E+06  2.00000E-03 -7.09453E+00
  1.98623E+01  2.17912E-28  1.43566E+06  2.00000E-03 -7.09453E+00
  1.99091E+01  2.17912E-28  1.43566E+06  2.00000E-03 -7.09453E+00
  1.99559E+01  2.17912E-28  1.43566E+06  2.00000E-03 -7.09453E+00
  2.00027E+01  2.17912E-28  1.43566E+06  2.00000E-03 -7.09453E+00
  2.00495E+01  2.17912E-28  1.43566E+06  2.00000E-03 -7.09453E+00
  2.00963E+01  2.17912E-28  1.43566E+06  2.00000E-03 -7.09453E+00
  2.01431E+01  2.17912E-28  1.43566E+06  2.00000E-03 -7.09453E+00
  2.01899E+01  2.17912E-28  1.43566E+06  2.00000E-03 -7.09453E+00
  2.02366E+01  2.17929E-28  1.43572E+06  2.00000E-03 -7.01438E+00
  2.02834E+01  2.17946E-28  1.43579E+06  2.00000E-03 -6.93424E+00
  2.03302E+01  2.17946E-28  1.43579E+06  2.00000E-03 -6.93424E+00
  2.03770E+01  2.17946E-28  1.43579E+06  2.00000E-03 -6.93424E+00
  2.04238E+01  2.17946E-28  1.43579E+06  2.00000E-03 -6.93424E+00
  2.04706E+01  2.17946E-28  1.43579E+06  2.00000E-03 -6.93424E+00
  2.05174E+01  2.17946E-28  1.43579E+06  2.00000E-03 -6.93424E+00
  2.05642E+01  2.17946E-28  1.43579E+06  2.00000E-03 -6.93424E+00
  2.06110E+01  2.17946E-28  1.43579E+06  2.00000E-03 -6.93424E+00
  2.06578E+01  2.17946E-28  1.43579E+06  2.00000E-03 -6.93424E+00
  2.07045E+01  2.17946E-28  1.43579E+06  2.00000E-03 -6.93424E+00
  2.07513E+01  2.17946E-28  1.43579E+06  2.00000E-03 -6.93424E+00
  2.07981E+01  2.17946E-28  1.43579E+06  2.00000E-03 -6.93424E+00
  2.08449E+01  2.17946E-28  1.43579E+06  2.00000E-03 -6.93424E+00
  2.08917E+01  2.17946E-28  1.43579E+06  2.00000E-03 -6.93424E+00
  2.09385E+01  2.17946E-28  1.43579E+06  2.00000E-03 -6.93424E+00
  2.09853E+01  2.17933E-28  1.43572E+06  2.00000E-03 -6.89443E+00
  2.10321E+01  2.17921E-28  1.43566E+06  2.00000E-03 -6.85461E+00
  2.10789E+01  2.17921E-28  1.43566E+06  2.00000E-03 -6.85461E+00
  2.11257E+01  2.17921E-28  1.43566E+06  2.00000E-03 -6.85461E+00
  2.11724E+01  2.17921E-28  1.43566E+06  2.00000E-03 -6.85461E+00
  2.12192E+01  2.17921E-28  1.43566E+06  2.00000E-03 -6.85461E+00
  2.12660E+01  2.17921E-28  1.43566E+06  2.00000E-03 -6.85461E+00
  2.13128E+01  2.17921E-28  1.43566E+06  2.00000E-03 -6.85461E+00
  2.13596E+01  2.17921E-28  1.43566E+06  2.00000E-03 -6.85461E+00
  2.14064E+01  2.17921E-28  1.43566E+06  2.00000E-03 -6.85461E+00
  2.14532E+01  2.17921E-28  1.43566E+06  2.00000E-03 -6.85461E+00
  2.15000E+01  2.17921E-28  1.43566E+06  2.00000E-03 -6.85461E+00
  2.15468E+01  2.17921E-28  1.43566E+06  2.00000E-03 -6.85461E+00
  2.15936E+01  2.17921E-28  1.43566E+06  2.00000E-03 -6.85461E+00
  2.16403E+01  2.17921E-28  1.43566E+06  2.00000E-03 -6.85461E+00
  2.16871E+01  2.17921E-28  1.43566E+06  2.00000E-03 -6.85461E+00
  2.17339E+01  2.17948E-28  1.43577E+06  2.00000E-03 -6.79843E+00
  2.17807E+01  2.17975E-28  1.43587E+06  2.00000E-03 -6.74225E+00
  2.18275E+01  2.17975E-28  1.43587E+06  2.00000E-03 -6.74225E+00
  2.18743E+01  2.17975E-28  1.43587E+06  2.00000E-03 -6.74225E+00
  2.19211E+01  2.17975E-28  1.43587E+06  2.00000E-03 -6.74225E+00
  2.19679E+01  2.17975E-28  1.43587E+06  2.00000E-03 -6.74225E+00
  2.20147E+01  2.17975E-28  1.43587E+06  2.00000E-03 -6.74225E+00
  2.20615E+01  2.17975E-28  1.43587E+06  2.00000E-03 -6.74225E+00
  2.21082E+01  2.17975E-28  1.43587E+06  2.00000E-03 -6.74225E+00
  2.21550E+01  2.17975E-28  1.43587E+06  2.00000E-03 -6.74225E+00
  2.22018E+01  2.17975E-28  1.43587E+06  2.00000E-03 -6.74225E+00
  2.22486E+01  2.17975E-28  1.43587E+06  2.00000E-03 -6.74225E+00
  2.22954E+01  2.17975E-28  1.43587E+06  2.00000E-03 -6.74225E+00
  2.23422E+01  2.17975E-28  1.43587E+06  2.00000E-03 -6.74225E+00
  2.23890E+01  2.17975E-28  1.43587E+06  2.00000E-03 -6.74225E+00
  2.24358E+01  2.17975E-28  1.43587E+06  2.00000E-03 -6.74225E+00
  2.24826E+01  2.18076E-28  1.43631E+06  2.00000E-03 -6.63653E+00
  2.25294E+01  2.18178E-28  1.43675E+06  2.00000E-03 -6.53090E+00
  2.25761E+01  2.18178E-28  1.43675E+06  2.00000E-03 -6.53090E+00
  2.26229E+01  2.18178E-28  1.43675E+06  2.00000E-03 -6.53090E+00
  2.26697E+01  2.18178E-28  1.43675E+06  2.00000E-03 -6.53090E+00
  2.27165E+01  2.18178E-28  1.43675E+06  2.00000E-03 -6.53090E+00
  2.27633E+01  2.18178E-28  1.43675E+06  2.00000E-03 -6.53090E+00
  2.28101E+01  2.18178E-28  1.43675E+06  2.00000E-03 -6.53090E+00
  2.28569E+01  2.18178E-28  1.43675E+06  2.00000E-03 -6.53090E+00
  2.29037E+01  2.18178E-28  1.43675E+06  2.00000E-03 -6.53090E+00
  2.29505E+01  2.18178E-28  1.43675E+06  2.00000E-03 -6.53090E+00
  2.29972E+01  2.18178E-28  1.43675E+06  2.00000E-03 -6.53090E+00
  2.30440E+01  2.18178E-28  1.43675E+06  2.00000E-03 -6.53090E+00
  2.30908E+01  2.18178E-28  1.43675E+06  2.00000E-03 -6.53090E+00
  2.31376E+01  2.18178E-28  1.43675E+06  2.00000E-03 -6.53090E+00
  2.31844E+01  2.18178E-28  1.43675E+06  2.00000E-03 -6.53090E+00
  2.32312E+01  2.18329E-28  1.43741E+06  2.00000E-03 -6.38864E+00
  2.32780E+01  2.18481E-28  1.43806E+06  2.00000E-03 -6.24657E+00
  2.33248E+01  2.18481E-28  1.43806E+06  2.00000E-03 -6.24657E+00
  2.33716E+01  2.18481E-28  1.43806E+06  2.00000E-03 -6.24657E+00
  2.34184E+01  2.18481E-28  1.43806E+06  2.00000E-03 -6.24657E+00
  2.34651E+01  2.18481E-28  1.43806E+06  2.00000E-03 -6.24657E+00
  2.35119E+01  2.18481E-28  1.43806E+06  2.00000E-03 -6.24657E+00
  2.35587E+01  2.18481E-28  1.43806E+06  2.00000E-03 -6.24657E+00
  2.36055E+01  2.18481E-28  1.43806E+06  2.00000E-03 -6.24657E+00
  2.36523E+01  2.18481E-28  1.43806E+06  2.00000E-03 -6.24657E+00
  2.36991E+01  2.18481E-28  1.43806E+06  2.00000E-03 -6.24657E+00
  2.37459E+01  2.18481E-28  1.43806E+06  2.00000E-03 -6.24657E+00
  2.37927E+01  2.18481E-28  1.43806E+06  2.00000E-03 -6.24657E+00
  2.38395E+01  2.18481E-28  1.43806E+06  2.00000E-03 -6.24657E+00
  2.38863E+01  2.18481E-28  1.43806E+06  2.00000E-03 -6.24657E+00
  2.39330E+01  2.18481E-28  1.43806E+06  2.00000E-03 -6.24657E+00
  2.39798E+01  2.18627E-28  1.43870E+06  2.00000E-03 -6.10278E+00
