 -3.04651E+01  2.16994E-28  1.43139E+06  2.00000E-03  1.42418E+00
 -3.03715E+01  2.16994E-28  1.43140E+06  2.00000E-03  1.42418E+00
 -3.02779E+01  2.17008E-28  1.43145E+06  2.00000E-03  1.41395E+00
 -3.01844E+01  2.17019E-28  1.43150E+06  2.00000E-03  1.40520E+00
 -3.00908E+01  2.17031E-28  1.43156E+06  2.00000E-03  1.39624E+00
 -2.99972E+01  2.17052E-28  1.43165E+06  2.00000E-03  1.37965E+00
 -2.99036E+01  2.17061E-28  1.43169E+06  2.00000E-03  1.37308E+00
 -2.98100E+01  2.17061E-28  1.43169E+06  2.00000E-03  1.37308E+00
 -2.97165E+01  2.17061E-28  1.43169E+06  2.00000E-03  1.37308E+00
 -2.96229E+01  2.17117E-28  1.43194E+06  2.00000E-03  1.33926E+00
 -2.95293E+01  2.17174E-28  1.43219E+06  2.00000E-03  1.30525E+00
 -2.94357E+01  2.17178E-28  1.43220E+06  2.00000E-03  1.30227E+00
 -2.93421E+01  2.17212E-28  1.43236E+06  2.00000E-03  1.27508E+00
 -2.92486E+01  2.17269E-28  1.43260E+06  2.00000E-03  1.23073E+00
 -2.91550E+01  2.17271E-28  1.43261E+06  2.00000E-03  1.22858E+00
 -2.90614E+01  2.17271E-28  1.43261E+06  2.00000E-03  1.22858E+00
 -2.89678E+01  2.17271E-28  1.43261E+06  2.00000E-03  1.22858E+00
 -2.88742E+01  2.17271E-28  1.43261E+06  2.00000E-03  1.22858E+00
 -2.87807E+01  2.17271E-28  1.43261E+06  2.00000E-03  1.22858E+00
 -2.86871E+01  2.17245E-28  1.43250E+06  2.00000E-03  1.25850E+00
 -2.85935E+01  2.17146E-28  1.43207E+06  2.00000E-03  1.36900E+00
 -2.84999E+01  2.17129E-28  1.43199E+06  2.00000E-03  1.38729E+00
 -2.84063E+01  2.17129E-28  1.43199E+06  2.00000E-03  1.38729E+00
 -2.83128E+01  2.17129E-28  1.43199E+06  2.00000E-03  1.38729E+00
 -2.82192E+01  2.17129E-28  1.43199E+06  2.00000E-03  1.38729E+00
 -2.81256E+01  2.17129E-28  1.43199E+06  2.00000E-03  1.38729E+00
 -2.80320E+01  2.17146E-28  1.43207E+06  2.00000E-03  1.37399E+00
 -2.79384E+01  2.17176E-28  1.43220E+06  2.00000E-03  1.35037E+00
 -2.78449E+01  2.17205E-28  1.43233E+06  2.00000E-03  1.32697E+00
 -2.77513E+01  2.17214E-28  1.43237E+06  2.00000E-03  1.32476E+00
 -2.76577E+01  2.17292E-28  1.43271E+06  2.00000E-03  1.30984E+00
 -2.75641E+01  2.17334E-28  1.43290E+06  2.00000E-03  1.29559E+00
 -2.74706E+01  2.17346E-28  1.43295E+06  2.00000E-03  1.28761E+00
 -2.73770E+01  2.17368E-28  1.43305E+06  2.00000E-03  1.27338E+00
 -2.72834E+01  2.17368E-28  1.43305E+06  2.00000E-03  1.27340E+00
 -2.71898E+01  2.17387E-28  1.43313E+06  2.00000E-03  1.26071E+00
 -2.70962E+01  2.17387E-28  1.43313E+06  2.00000E-03  1.26058E+00
 -2.70027E+01  2.17387E-28  1.43313E+06  2.00000E-03  1.26058E+00
 -2.69091E+01  2.17387E-28  1.43313E+06  2.00000E-03  1.26058E+00
 -2.68155E+01  2.17387E-28  1.43313E+06  2.00000E-03  1.26058E+00
 -2.67219E+01  2.17708E-28  1.43455E+06  2.00000E-03  1.02749E+00
 -2.66283E+01  2.18058E-28  1.43609E+06  2.00000E-03  7.45404E-01
 -2.65348E+01  2.18187E-28  1.43665E+06  2.00000E-03  6.27213E-01
 -2.64412E+01  2.18210E-28  1.43676E+06  2.00000E-03  6.05754E-01
 -2.63476E+01  2.18210E-28  1.43676E+06  2.00000E-03  6.05754E-01
 -2.62540E+01  2.18210E-28  1.43676E+06  2.00000E-03  6.05754E-01
 -2.61604E+01  2.18210E-28  1.43676E+06  2.00000E-03  6.05754E-01
 -2.60669E+01  2.18210E-28  1.43676E+06  2.00000E-03  6.05754E-01
 -2.59733E+01  2.18210E-28  1.43676E+06  2.00000E-03  6.05754E-01
 -2.58797E+01  2.18210E-28  1.43676E+06  2.00000E-03  6.05754E-01
 -2.57861E+01  2.18285E-28  1.43709E+06  2.00000E-03  5.50072E-01
 -2.56925E+01  2.18403E-28  1.43761E+06  2.00000E-03  4.63029E-01
 -2.55990E+01  2.18408E-28  1.43764E+06  2.00000E-03  4.59465E-01
 -2.55054E+01  2.18408E-28  1.43764E+06  2.00000E-03  4.59465E-01
 -2.54118E+01  2.18393E-28  1.43757E+06  2.00000E-03  4.70116E-01
 -2.53182E+01  2.18208E-28  1.43676E+06  2.00000E-03  6.06830E-01
 -2.52246E+01  2.18098E-28  1.43628E+06  2.00000E-03  6.87901E-01
 -2.51311E+01  2.18062E-28  1.43612E+06  2.00000E-03  7.14272E-01
 -2.50375E+01  2.18062E-28  1.43612E+06  2.00000E-03  7.14272E-01
 -2.49439E+01  2.18064E-28  1.43613E+06  2.00000E-03  7.12993E-01
 -2.48503E+01  2.18057E-28  1.43610E+06  2.00000E-03  7.38064E-01
 -2.47567E+01  2.17860E-28  1.43526E+06  2.00000E-03  9.24808E-01
 -2.46632E+01  2.17855E-28  1.43524E+06  2.00000E-03  9.31806E-01
 -2.45696E+01  2.17901E-28  1.43544E+06  2.00000E-03  8.88378E-01
 -2.44760E+01  2.17919E-28  1.43552E+06  2.00000E-03  8.71811E-01
 -2.43824E+01  2.17919E-28  1.43552E+06  2.00000E-03  8.71811E-01
 -2.42888E+01  2.17919E-28  1.43552E+06  2.00000E-03  8.71811E-01
 -2.41953E+01  2.17919E-28  1.43552E+06  2.00000E-03  8.71811E-01
 -2.41017E+01  2.17919E-28  1.43552E+06  2.00000E-03  8.71811E-01
 -2.40081E+01  2.17838E-28  1.43517E+06  2.00000E-03  9.29930E-01
 -2.39145E+01  2.17678E-28  1.43448E+06  2.00000E-03  1.04683E+00
 -2.38209E+01  2.17252E-28  1.43256E+06  2.00000E-03  1.38016E+00
 -2.37274E+01  2.17237E-28  1.43249E+06  2.00000E-03  1.39166E+00
 -2.36338E+01  2.17237E-28  1.43249E+06  2.00000E-03  1.39166E+00
 -2.35402E+01  2.17233E-28  1.43247E+06  2.00000E-03  1.39464E+00
 -2.34466E+01  2.17164E-28  1.43217E+06  2.00000E-03  1.43850E+00
 -2.33530E+01  2.16660E-28  1.42994E+06  2.00000E-03  1.86290E+00
 -2.32595E+01  2.16300E-28  1.42835E+06  2.00000E-03  2.14000E+00
 -2.31659E+01  2.16105E-28  1.42749E+06  2.00000E-03  2.27981E+00
 -2.30723E+01  2.16068E-28  1.42733E+06  2.00000E-03  2.30641E+00
 -2.29787E+01  2.16034E-28  1.42718E+06  2.00000E-03  2.33725E+00
 -2.28851E+01  2.15681E-28  1.42563E+06  2.00000E-03  2.66645E+00
 -2.27916E+01  2.15568E-28  1.42513E+06  2.00000E-03  2.77102E+00
 -2.26980E+01  2.15568E-28  1.42513E+06  2.00000E-03  2.77102E+00
 -2.26044E+01  2.15399E-28  1.42439E+06  2.00000E-03  2.87800E+00
 -2.25108E+01  2.15290E-28  1.42391E+06  2.00000E-03  2.95180E+00
 -2.24172E+01  2.15274E-28  1.42384E+06  2.00000E-03  3.01021E+00
 -2.23237E+01  2.15255E-28  1.42376E+06  2.00000E-03  3.08281E+00
 -2.22301E+01  2.15255E-28  1.42376E+06  2.00000E-03  3.08281E+00
 -2.21365E+01  2.15246E-28  1.42372E+06  2.00000E-03  3.08230E+00
 -2.20429E+01  2.15250E-28  1.42374E+06  2.00000E-03  3.07712E+00
 -2.19493E+01  2.15409E-28  1.42444E+06  2.00000E-03  2.97035E+00
 -2.18558E+01  2.15744E-28  1.42592E+06  2.00000E-03  2.71663E+00
 -2.17622E+01  2.15794E-28  1.42615E+06  2.00000E-03  2.66972E+00
 -2.16686E+01  2.15794E-28  1.42615E+06  2.00000E-03  2.66972E+00
 -2.15750E+01  2.15794E-28  1.42615E+06  2.00000E-03  2.66972E+00
 -2.14814E+01  2.16118E-28  1.42758E+06  2.00000E-03  2.42988E+00
 -2.13879E+01  2.16731E-28  1.43028E+06  2.00000E-03  1.97766E+00
 -2.12943E+01  2.17040E-28  1.43164E+06  2.00000E-03  1.70427E+00
 -2.12007E+01  2.17304E-28  1.43281E+06  2.00000E-03  1.46689E+00
 -2.11071E+01  2.17452E-28  1.43346E+06  2.00000E-03  1.33487E+00
 -2.10135E+01  2.17687E-28  1.43450E+06  2.00000E-03  1.15969E+00
 -2.09200E+01  2.18029E-28  1.43600E+06  2.00000E-03  9.06730E-01
 -2.08264E+01  2.18029E-28  1.43600E+06  2.00000E-03  9.06730E-01
 -2.07328E+01  2.18048E-28  1.43608E+06  2.00000E-03  8.87416E-01
 -2.06392E+01  2.18219E-28  1.43684E+06  2.00000E-03  7.32922E-01
 -2.05456E+01  2.18334E-28  1.43736E+06  2.00000E-03  6.30448E-01
 -2.04521E+01  2.18262E-28  1.43704E+06  2.00000E-03  6.85472E-01
 -2.03585E+01  2.18243E-28  1.43696E+06  2.00000E-03  6.97070E-01
 -2.02649E+01  2.18243E-28  1.43696E+06  2.00000E-03  6.97070E-01
 -2.01713E+01  2.18243E-28  1.43696E+06  2.00000E-03  6.97070E-01
 -2.00777E+01  2.18226E-28  1.43689E+06  2.00000E-03  7.11538E-01
 -1.99842E+01  2.18053E-28  1.43614E+06  2.00000E-03  8.34426E-01
 -1.98906E+01  2.18062E-28  1.43619E+06  2.00000E-03  8.00237E-01
 -1.97970E+01  2.18097E-28  1.43635E+06  2.00000E-03  7.38935E-01
 -1.97034E+01  2.18097E-28  1.43635E+06  2.00000E-03  7.38935E-01
 -1.96098E+01  2.18058E-28  1.43618E+06  2.00000E-03  7.71113E-01
 -1.95163E+01  2.17866E-28  1.43535E+06  2.00000E-03  9.26891E-01
 -1.94227E+01  2.17824E-28  1.43517E+06  2.00000E-03  9.61143E-01
 -1.93291E+01  2.17805E-28  1.43508E+06  2.00000E-03  9.69755E-01
 -1.92355E+01  2.17518E-28  1.43382E+06  2.00000E-03  1.11958E+00
 -1.91419E+01  2.17381E-28  1.43323E+06  2.00000E-03  1.19550E+00
 -1.90484E+01  2.17278E-28  1.43279E+06  2.00000E-03  1.28823E+00
 -1.89548E+01  2.17250E-28  1.43267E+06  2.00000E-03  1.31393E+00
 -1.88612E+01  2.17250E-28  1.43267E+06  2.00000E-03  1.31393E+00
 -1.87676E+01  2.17250E-28  1.43267E+06  2.00000E-03  1.31393E+00
 -1.86740E+01  2.17151E-28  1.43224E+06  2.00000E-03  1.37390E+00
 -1.85805E+01  2.17057E-28  1.43185E+06  2.00000E-03  1.43613E+00
 -1.84869E+01  2.16893E-28  1.43115E+06  2.00000E-03  1.51995E+00
 -1.83933E+01  2.16876E-28  1.43107E+06  2.00000E-03  1.52894E+00
 -1.82997E+01  2.16876E-28  1.43107E+06  2.00000E-03  1.52894E+00
 -1.82061E+01  2.16876E-28  1.43107E+06  2.00000E-03  1.52894E+00
 -1.81126E+01  2.16936E-28  1.43140E+06  2.00000E-03  1.49913E+00
 -1.80190E+01  2.16933E-28  1.43144E+06  2.00000E-03  1.50931E+00
 -1.79254E+01  2.16661E-28  1.43026E+06  2.00000E-03  1.68402E+00
 -1.78318E+01  2.16460E-28  1.42937E+06  2.00000E-03  1.81359E+00
 -1.77382E+01  2.16299E-28  1.42866E+06  2.00000E-03  1.91675E+00
 -1.76447E+01  2.16206E-28  1.42820E+06  2.00000E-03  2.03437E+00
 -1.75511E+01  2.16089E-28  1.42764E+06  2.00000E-03  2.18857E+00
 -1.74575E+01  2.16061E-28  1.42749E+06  2.00000E-03  2.22565E+00
 -1.73639E+01  2.16015E-28  1.42721E+06  2.00000E-03  2.27924E+00
 -1.72703E+01  2.16052E-28  1.42736E+06  2.00000E-03  2.25656E+00
 -1.71768E+01  2.16239E-28  1.42815E+06  2.00000E-03  2.13296E+00
 -1.70832E+01  2.16356E-28  1.42864E+06  2.00000E-03  2.06330E+00
 -1.69896E+01  2.16461E-28  1.42910E+06  2.00000E-03  1.99281E+00
 -1.68960E+01  2.16747E-28  1.43035E+06  2.00000E-03  1.79318E+00
 -1.68024E+01  2.16944E-28  1.43122E+06  2.00000E-03  1.65878E+00
 -1.67089E+01  2.17082E-28  1.43183E+06  2.00000E-03  1.55966E+00
 -1.66153E+01  2.17240E-28  1.43253E+06  2.00000E-03  1.44689E+00
 -1.65217E+01  2.17218E-28  1.43243E+06  2.00000E-03  1.46761E+00
 -1.64281E+01  2.17263E-28  1.43263E+06  2.00000E-03  1.43921E+00
 -1.63345E+01  2.17259E-28  1.43262E+06  2.00000E-03  1.43935E+00
 -1.62410E+01  2.16910E-28  1.43109E+06  2.00000E-03  1.68062E+00
 -1.61474E+01  2.16515E-28  1.42935E+06  2.00000E-03  1.96471E+00
 -1.60538E+01  2.16372E-28  1.42872E+06  2.00000E-03  2.07222E+00
 -1.59602E+01  2.15967E-28  1.42694E+06  2.00000E-03  2.35352E+00
 -1.58666E+01  2.15184E-28  1.42350E+06  2.00000E-03  2.92720E+00
 -1.57731E+01  2.14897E-28  1.42223E+06  2.00000E-03  3.13637E+00
 -1.56795E+01  2.14345E-28  1.41980E+06  2.00000E-03  3.53682E+00
 -1.55859E+01  2.14078E-28  1.41862E+06  2.00000E-03  3.73604E+00
 -1.54923E+01  2.13432E-28  1.41577E+06  2.00000E-03  4.21764E+00
 -1.53987E+01  2.13123E-28  1.41440E+06  2.00000E-03  4.44544E+00
 -1.53052E+01  2.13004E-28  1.41388E+06  2.00000E-03  4.52598E+00
 -1.52116E+01  2.12716E-28  1.41260E+06  2.00000E-03  4.72861E+00
 -1.51180E+01  2.12712E-28  1.41258E+06  2.00000E-03  4.74029E+00
 -1.50244E+01  2.12634E-28  1.41224E+06  2.00000E-03  4.77441E+00
 -1.49309E+01  2.12785E-28  1.41291E+06  2.00000E-03  4.66674E+00
 -1.48373E+01  2.12953E-28  1.41366E+06  2.00000E-03  4.55332E+00
 -1.47437E+01  2.13045E-28  1.41407E+06  2.00000E-03  4.49438E+00
 -1.46501E+01  2.13018E-28  1.41395E+06  2.00000E-03  4.52374E+00
 -1.45565E+01  2.13112E-28  1.41437E+06  2.00000E-03  4.51897E+00
 -1.44630E+01  2.13025E-28  1.41399E+06  2.00000E-03  4.66373E+00
 -1.43694E+01  2.12988E-28  1.41382E+06  2.00000E-03  4.71631E+00
 -1.42758E+01  2.12872E-28  1.41331E+06  2.00000E-03  4.88519E+00
 -1.41822E+01  2.12884E-28  1.41337E+06  2.00000E-03  5.01671E+00
 -1.40886E+01  2.12937E-28  1.41360E+06  2.00000E-03  5.01729E+00
 -1.39951E+01  2.13131E-28  1.41447E+06  2.00000E-03  4.94851E+00
 -1.39015E+01  2.13334E-28  1.41537E+06  2.00000E-03  4.85037E+00
 -1.38079E+01  2.14582E-28  1.42091E+06  2.00000E-03  3.99935E+00
 -1.37143E+01  2.15182E-28  1.42355E+06  2.00000E-03  3.57332E+00
 -1.36207E+01  2.16025E-28  1.42729E+06  2.00000E-03  2.93637E+00
 -1.35272E+01  2.18128E-28  1.43656E+06  2.00000E-03  1.33653E+00
 -1.34336E+01  2.19153E-28  1.44106E+06  2.00000E-03  5.80728E-01
 -1.33400E+01  2.19821E-28  1.44399E+06  2.00000E-03  5.53501E-03
 -1.32464E+01  2.20481E-28  1.44689E+06  2.00000E-03 -4.91590E-01
 -1.31528E+01  2.20681E-28  1.44777E+06  2.00000E-03 -6.38470E-01
 -1.30593E+01  2.20763E-28  1.44815E+06  2.00000E-03 -7.40698E-01
 -1.29657E+01  2.20684E-28  1.44781E+06  2.00000E-03 -6.94005E-01
 -1.28721E+01  2.19820E-28  1.44406E+06  2.00000E-03 -8.97840E-02
 -1.27785E+01  2.18464E-28  1.43814E+06  2.00000E-03  9.26301E-01
 -1.26849E+01  2.18315E-28  1.43749E+06  2.00000E-03  1.04767E+00
 -1.25914E+01  2.16791E-28  1.43084E+06  2.00000E-03  2.17658E+00
 -1.24978E+01  2.15845E-28  1.42668E+06  2.00000E-03  2.95068E+00
 -1.24042E+01  2.15583E-28  1.42554E+06  2.00000E-03  3.13271E+00
 -1.23106E+01  2.15277E-28  1.42422E+06  2.00000E-03  3.32234E+00
 -1.22170E+01  2.15434E-28  1.42492E+06  2.00000E-03  3.22543E+00
 -1.21235E+01  2.16480E-28  1.42956E+06  2.00000E-03  2.42136E+00
 -1.20299E+01  2.16799E-28  1.43097E+06  2.00000E-03  2.15644E+00
 -1.19363E+01  2.17533E-28  1.43429E+06  2.00000E-03  1.55656E+00
 -1.18427E+01  2.18801E-28  1.43999E+06  2.00000E-03  5.43679E-01
 -1.17491E+01  2.19167E-28  1.44161E+06  2.00000E-03  3.12785E-01
 -1.16556E+01  2.19246E-28  1.44185E+06  2.00000E-03  2.12336E-01
 -1.15620E+01  2.18947E-28  1.44047E+06  2.00000E-03  4.84172E-01
 -1.14684E+01  2.18331E-28  1.43773E+06  2.00000E-03  9.83786E-01
 -1.13748E+01  2.17383E-28  1.43353E+06  2.00000E-03  1.69141E+00
 -1.12812E+01  2.16690E-28  1.43043E+06  2.00000E-03  2.26490E+00
 -1.11877E+01  2.16234E-28  1.42838E+06  2.00000E-03  2.63811E+00
 -1.10941E+01  2.15671E-28  1.42584E+06  2.00000E-03  3.05642E+00
 -1.10005E+01  2.15391E-28  1.42458E+06  2.00000E-03  3.25301E+00
 -1.09069E+01  2.15615E-28  1.42552E+06  2.00000E-03  3.08716E+00
 -1.08133E+01  2.15706E-28  1.42591E+06  2.00000E-03  2.98466E+00
 -1.07198E+01  2.16067E-28  1.42750E+06  2.00000E-03  2.64682E+00
 -1.06262E+01  2.16346E-28  1.42873E+06  2.00000E-03  2.37725E+00
 -1.05326E+01  2.16560E-28  1.42968E+06  2.00000E-03  2.15639E+00
 -1.04390E+01  2.16514E-28  1.42950E+06  2.00000E-03  2.14563E+00
 -1.03454E+01  2.16375E-28  1.42890E+06  2.00000E-03  2.22312E+00
 -1.02519E+01  2.16040E-28  1.42743E+06  2.00000E-03  2.46461E+00
 -1.01583E+01  2.15825E-28  1.42650E+06  2.00000E-03  2.63594E+00
 -1.00647E+01  2.15692E-28  1.42593E+06  2.00000E-03  2.78986E+00
 -9.97112E+00  2.15535E-28  1.42524E+06  2.00000E-03  2.94032E+00
 -9.87754E+00  2.15522E-28  1.42520E+06  2.00000E-03  3.00399E+00
 -9.78396E+00  2.15518E-28  1.42519E+06  2.00000E-03  3.04134E+00
 -9.69038E+00  2.15470E-28  1.42499E+06  2.00000E-03  3.10388E+00
 -9.59680E+00  2.15174E-28  1.42370E+06  2.00000E-03  3.36659E+00
 -9.50322E+00  2.14842E-28  1.42223E+06  2.00000E-03  3.64149E+00
 -9.40964E+00  2.14057E-28  1.41878E+06  2.00000E-03  4.21202E+00
 -9.31606E+00  2.13474E-28  1.41620E+06  2.00000E-03  4.68116E+00
 -9.22248E+00  2.12646E-28  1.41253E+06  2.00000E-03  5.37902E+00
 -9.12890E+00  2.12121E-28  1.41021E+06  2.00000E-03  5.81907E+00
 -9.03532E+00  2.11611E-28  1.40795E+06  2.00000E-03  6.34014E+00
 -8.94174E+00  2.11474E-28  1.40735E+06  2.00000E-03  6.67439E+00
 -8.84816E+00  2.11741E-28  1.40853E+06  2.00000E-03  6.91959E+00
 -8.75458E+00  2.11705E-28  1.40838E+06  2.00000E-03  7.47798E+00
 -8.66100E+00  2.11658E-28  1.40817E+06  2.00000E-03  8.06827E+00
 -8.56742E+00  2.11641E-28  1.40810E+06  2.00000E-03  8.77603E+00
 -8.47384E+00  2.11202E-28  1.40619E+06  1.99999E-03  9.82108E+00
 -8.38026E+00  2.10439E-28  1.40288E+06  1.99998E-03  1.13605E+01
 -8.28668E+00  2.09653E-28  1.39954E+06  1.99993E-03  1.25055E+01
 -8.19310E+00  2.08749E-28  1.39543E+06  1.99996E-03  1.32858E+01
 -8.09952E+00  2.07881E-28  1.39154E+06  1.99995E-03  1.40521E+01
 -8.00594E+00  2.07168E-28  1.38831E+06  1.99997E-03  1.45782E+01
 -7.91236E+00  2.06596E-28  1.38569E+06  1.99999E-03  1.45420E+01
 -7.81878E+00  2.06496E-28  1.38527E+06  2.00000E-03  1.43911E+01
 -7.72520E+00  2.06641E-28  1.38586E+06  1.99998E-03  1.38529E+01
 -7.63162E+00  2.06770E-28  1.38774E+06  1.99976E-03  1.33466E+01
 -7.53804E+00  2.07367E-28  1.38525E+06  1.99422E-03  1.23836E+01
 -7.44446E+00  2.17626E-28  1.32904E+06  1.93413E-03  1.15688E+01
 -7.35088E+00  2.40587E-28  1.21075E+06  1.80142E-03  1.17711E+01
 -7.25730E+00  2.69247E-28  1.09115E+06  1.66231E-03  1.31620E+01
 -7.16372E+00  2.81744E-28  1.05398E+06  1.61636E-03  1.39760E+01
 -7.07014E+00  2.85045E-28  1.05562E+06  1.61421E-03  1.33681E+01
 -6.97656E+00  2.82637E-28  1.07430E+06  1.63168E-03  1.12415E+01
 -6.88298E+00  2.73922E-28  1.11598E+06  1.67303E-03  8.61995E+00
 -6.78940E+00  2.61182E-28  1.17543E+06  1.73546E-03  6.99308E+00
 -6.69582E+00  2.38554E-28  1.29979E+06  1.86231E-03  3.59774E+00
 -6.60224E+00  2.26904E-28  1.37141E+06  1.93329E-03  2.54203E+00
 -6.50866E+00  2.18992E-28  1.43035E+06  1.98670E-03  4.32571E+00
 -6.41508E+00  2.39607E-28  1.31746E+06  1.87581E-03  4.37159E+00
 -6.32150E+00  2.55442E-28  1.25208E+06  1.80481E-03 -9.78826E-01
 -6.22792E+00  2.58929E-28  1.23772E+06  1.77326E-03 -5.61936E+00
 -6.13434E+00  2.68832E-28  1.16656E+06  1.69942E-03 -1.00850E+01
 -6.04076E+00  2.61480E-28  1.09359E+06  1.67362E-03 -9.62103E+00
 -5.94718E+00  2.55409E-28  1.04460E+06  1.66230E-03 -3.94018E+00
 -5.85360E+00  2.53816E-28  9.95788E+05  1.63105E-03  4.39840E+00
 -5.76002E+00  2.64768E-28  9.80153E+05  1.58974E-03 -9.36005E+00
 -5.66644E+00  2.87882E-28  1.00518E+06  1.57604E-03 -3.33308E+01
 -5.57287E+00  4.02895E-28  8.05426E+05  1.38902E-03 -5.55283E+01
 -5.47928E+00  4.41874E-28  7.47508E+05  1.32738E-03 -6.57033E+01
 -5.38570E+00  4.41053E-28  7.45009E+05  1.31689E-03 -6.59119E+01
 -5.29213E+00  4.48073E-28  7.33364E+05  1.30936E-03 -5.92568E+01
 -5.19855E+00  4.48896E-28  7.35332E+05  1.30989E-03 -5.36913E+01
 -5.10497E+00  4.40502E-28  7.49377E+05  1.31377E-03 -5.46094E+01
 -5.01139E+00  4.30397E-28  7.58199E+05  1.31548E-03 -6.33295E+01
 -4.91781E+00  4.42779E-28  7.27293E+05  1.29232E-03 -7.29456E+01
 -4.82423E+00  4.51573E-28  7.12485E+05  1.27840E-03 -7.11640E+01
 -4.73065E+00  4.30666E-28  7.37139E+05  1.30131E-03 -7.35628E+01
 -4.63707E+00  3.63192E-28  8.73000E+05  1.42156E-03 -7.97557E+01
 -4.54349E+00  3.15375E-28  1.00729E+06  1.52872E-03 -7.32995E+01
 -4.44991E+00  3.57616E-28  8.66549E+05  1.39786E-03 -5.66382E+01
 -4.35633E+00  5.03353E-28  5.79843E+05  1.16343E-03 -4.45050E+01
 -4.26275E+00  6.20411E-28  4.34117E+05  1.05342E-03 -3.88052E+01
 -4.16917E+00  6.41415E-28  4.23992E+05  1.03738E-03 -3.72517E+01
 -4.07559E+00  6.18769E-28  4.65944E+05  1.06218E-03 -4.02864E+01
 -3.98201E+00  9.60543E-28  3.12497E+05  9.52075E-04 -6.04324E+01
 -3.88843E+00  4.12665E-27  7.33114E+04  7.61582E-04 -8.60597E+01
 -3.79485E+00  1.06023E-26  2.73830E+04  7.20779E-04 -9.24721E+01
 -3.70127E+00  1.75059E-26  1.55663E+04  6.74512E-04 -9.21977E+01
 -3.60769E+00  1.65359E-26  1.46284E+04  6.89363E-04 -8.91231E+01
 -3.51411E+00  1.19581E-26  1.89557E+04  7.24899E-04 -8.56273E+01
 -3.42053E+00  6.53768E-27  3.44560E+04  7.60188E-04 -8.29701E+01
 -3.32695E+00  2.14110E-27  1.08268E+05  8.19474E-04 -8.16683E+01
 -3.23337E+00  7.56023E-27  2.96615E+04  6.59449E-04 -9.72424E+01
 -3.13979E+00  1.35386E-26  1.56684E+04  6.45360E-04 -9.98967E+01
 -3.04621E+00  1.26267E-26  1.80371E+04  6.41851E-04 -1.00720E+02
 -2.95263E+00  1.59315E-26  1.56624E+04  6.22352E-04 -9.93173E+01
 -2.85905E+00  1.76532E-26  1.41712E+04  6.15905E-04 -9.79078E+01
 -2.76547E+00  1.62567E-26  1.45560E+04  6.27440E-04 -9.65550E+01
 -2.67189E+00  1.48529E-26  1.48487E+04  6.31856E-04 -9.53919E+01
 -2.57831E+00  1.42802E-26  1.48310E+04  6.49647E-04 -9.35750E+01
 -2.48473E+00  1.47731E-26  1.45545E+04  6.73460E-04 -9.17055E+01
 -2.39115E+00  1.58221E-26  1.44830E+04  6.64087E-04 -9.02291E+01
 -2.29757E+00  1.75243E-26  1.46459E+04  6.62647E-04 -8.99372E+01
 -2.20399E+00  1.92901E-26  1.47228E+04  6.88238E-04 -8.96610E+01
 -2.11041E+00  1.84735E-26  1.50578E+04  6.98284E-04 -8.82541E+01
 -2.01683E+00  1.48915E-26  1.77832E+04  7.01746E-04 -8.71889E+01
 -1.92325E+00  9.41100E-27  2.68634E+04  7.04704E-04 -8.53922E+01
 -1.82967E+00  5.18988E-27  4.57714E+04  7.14997E-04 -8.41405E+01
 -1.73609E+00  2.12602E-27  1.04049E+05  7.61930E-04 -8.35381E+01
 -1.64251E+00  7.81651E-28  2.68532E+05  9.12982E-04 -8.27175E+01
 -1.54893E+00  3.60192E-28  5.67857E+05  1.21225E-03 -9.05263E+01
 -1.45535E+00  3.95599E-28  5.16981E+05  1.18016E-03 -1.08819E+02
 -1.36177E+00  5.12745E-28  3.98996E+05  1.08606E-03 -1.19991E+02
 -1.26819E+00  5.85776E-28  3.44359E+05  1.04181E-03 -1.19677E+02
 -1.17461E+00  5.68062E-28  3.56026E+05  1.05363E-03 -1.16312E+02
 -1.08103E+00  5.16477E-28  3.91931E+05  1.09247E-03 -1.14165E+02
 -9.87452E-01  4.98375E-28  4.01140E+05  1.08437E-03 -1.10665E+02
 -8.93872E-01  5.18127E-28  3.91483E+05  1.05186E-03 -1.13083E+02
 -8.00292E-01  5.79192E-28  3.52837E+05  1.02900E-03 -1.18393E+02
 -7.06712E-01  6.62544E-28  3.07024E+05  1.00009E-03 -1.22773E+02
 -6.13133E-01  6.89250E-28  2.95972E+05  9.87590E-04 -1.26694E+02
 -5.19553E-01  1.23032E-27  1.69872E+05  8.53658E-04 -1.16706E+02
 -4.25973E-01  2.95058E-27  7.35903E+04  7.70542E-04 -1.05469E+02
 -3.32393E-01  4.90121E-27  4.57997E+04  7.44338E-04 -9.70578E+01
 -2.38813E-01  6.21900E-27  3.62045E+04  7.32827E-04 -9.17658E+01
 -1.45233E-01  7.91982E-27  2.85052E+04  7.22927E-04 -8.79762E+01
 -5.16534E-02  8.66351E-27  2.70688E+04  7.21786E-04 -8.61590E+01
  4.19264E-02  6.05475E-27  3.76470E+04  7.31145E-04 -8.29278E+01
  1.35506E-01  3.25790E-27  6.41554E+04  7.60385E-04 -7.57115E+01
  2.29086E-01  1.87252E-27  9.78866E+04  8.06059E-04 -6.55998E+01
  3.22666E-01  1.24192E-27  1.28593E+05  8.54005E-04 -5.35048E+01
  4.16246E-01  9.51387E-28  1.59845E+05  8.87043E-04 -4.51170E+01
  5.09826E-01  9.95952E-28  1.81550E+05  8.87481E-04 -5.06606E+01
  6.03406E-01  1.01343E-27  2.21334E+05  9.00731E-04 -6.51845E+01
  6.96985E-01  9.39088E-28  2.59163E+05  9.33721E-04 -7.93506E+01
  7.90565E-01  1.13022E-27  2.19443E+05  9.07939E-04 -8.38642E+01
  8.84145E-01  1.34558E-27  2.12934E+05  8.89681E-04 -8.32030E+01
  9.77725E-01  1.69724E-27  1.86199E+05  8.72531E-04 -8.36783E+01
  1.07130E+00  1.65736E-27  1.87888E+05  8.91626E-04 -8.19037E+01
  1.16488E+00  9.06713E-28  3.37234E+05  1.00958E-03 -8.04215E+01
  1.25846E+00  6.72097E-28  4.59906E+05  1.09842E-03 -8.80102E+01
  1.35204E+00  1.49139E-27  2.09295E+05  9.21816E-04 -9.33969E+01
  1.44562E+00  1.71078E-27  1.83228E+05  8.89211E-04 -9.24245E+01
  1.53920E+00  1.32865E-27  2.29149E+05  9.24065E-04 -8.90185E+01
  1.63278E+00  8.45554E-28  3.47616E+05  1.04571E-03 -8.88632E+01
  1.72636E+00  4.40503E-28  6.46486E+05  1.27023E-03 -8.67162E+01
  1.81994E+00  4.20969E-28  6.67550E+05  1.25525E-03 -8.72919E+01
  1.91352E+00  4.06559E-28  6.68033E+05  1.26811E-03 -8.36524E+01
  2.00710E+00  3.92393E-28  6.61692E+05  1.27662E-03 -7.34983E+01
  2.10068E+00  3.98521E-28  6.47741E+05  1.28746E-03 -7.27062E+01
  2.19426E+00  3.89051E-28  6.76620E+05  1.34345E-03 -8.64303E+01
  2.28784E+00  3.44609E-28  7.49074E+05  1.42209E-03 -1.05532E+02
  2.38142E+00  3.13249E-28  8.06306E+05  1.45589E-03 -1.15385E+02
  2.47500E+00  3.17770E-28  8.07943E+05  1.42991E-03 -1.06364E+02
  2.56858E+00  3.31391E-28  7.82759E+05  1.39569E-03 -9.54352E+01
  2.66216E+00  3.40333E-28  7.54499E+05  1.37108E-03 -9.48516E+01
  2.75574E+00  3.14983E-28  7.82928E+05  1.38708E-03 -1.02954E+02
  2.84932E+00  3.02610E-28  7.78127E+05  1.39172E-03 -1.09254E+02
  2.94290E+00  3.05241E-28  7.70211E+05  1.39094E-03 -1.02181E+02
  3.03648E+00  3.08942E-28  7.96674E+05  1.40251E-03 -8.89977E+01
  3.13006E+00  3.10624E-28  8.20777E+05  1.41346E-03 -7.74387E+01
  3.22364E+00  3.03745E-28  8.40777E+05  1.43094E-03 -7.20925E+01
  3.31722E+00  2.85841E-28  8.41610E+05  1.45260E-03 -7.53013E+01
  3.41080E+00  2.66048E-28  8.10133E+05  1.46205E-03 -8.65536E+01
  3.50438E+00  2.63417E-28  7.48181E+05  1.43000E-03 -8.17868E+01
  3.59796E+00  2.99481E-28  7.60936E+05  1.41290E-03 -5.29181E+01
  3.69154E+00  3.18240E-28  8.79277E+05  1.47120E-03 -3.14966E+01
  3.78512E+00  2.97142E-28  1.04729E+06  1.60630E-03 -2.12940E+01
  3.87870E+00  2.72749E-28  1.18937E+06  1.72132E-03 -1.70552E+01
  3.97228E+00  2.52305E-28  1.29644E+06  1.82851E-03 -1.61920E+01
  4.06586E+00  2.34155E-28  1.38261E+06  1.91222E-03 -1.50612E+01
  4.15944E+00  2.53913E-28  1.25480E+06  1.77792E-03 -1.77703E+01
  4.25302E+00  2.65423E-28  1.18642E+06  1.70667E-03 -2.42931E+01
  4.34660E+00  2.64281E-28  1.18332E+06  1.70443E-03 -3.13952E+01
  4.44018E+00  2.61906E-28  1.18964E+06  1.71201E-03 -3.53012E+01
  4.53376E+00  2.50432E-28  1.24855E+06  1.77844E-03 -3.39588E+01
  4.62734E+00  2.39968E-28  1.31205E+06  1.84930E-03 -3.00729E+01
  4.72092E+00  2.31640E-28  1.36828E+06  1.90850E-03 -2.45178E+01
  4.81450E+00  2.37832E-28  1.33912E+06  1.87478E-03 -1.93223E+01
  4.90808E+00  2.50888E-28  1.27408E+06  1.80694E-03 -1.58286E+01
  5.00166E+00  2.52680E-28  1.26933E+06  1.80227E-03 -1.56208E+01
  5.09524E+00  2.38372E-28  1.34681E+06  1.88629E-03 -1.62567E+01
  5.18882E+00  2.29511E-28  1.39875E+06  1.94235E-03 -1.66220E+01
  5.28240E+00  2.23973E-28  1.43233E+06  1.97870E-03 -1.64678E+01
  5.37598E+00  2.21352E-28  1.44919E+06  1.99602E-03 -1.53988E+01
  5.46956E+00  2.21168E-28  1.45139E+06  1.99891E-03 -1.47625E+01
  5.56314E+00  2.21435E-28  1.45155E+06  1.99993E-03 -1.40911E+01
  5.65672E+00  2.21582E-28  1.45192E+06  1.99999E-03 -1.36239E+01
  5.75030E+00  2.21666E-28  1.45229E+06  2.00000E-03 -1.30762E+01
  5.84388E+00  2.21646E-28  1.45217E+06  2.00000E-03 -1.27337E+01
  5.93746E+00  2.21609E-28  1.45199E+06  2.00000E-03 -1.25286E+01
  6.03104E+00  2.21500E-28  1.45148E+06  2.00000E-03 -1.22199E+01
  6.12462E+00  2.21509E-28  1.45150E+06  2.00000E-03 -1.19442E+01
  6.21820E+00  2.21702E-28  1.45234E+06  2.00000E-03 -1.17402E+01
  6.31178E+00  2.21670E-28  1.45219E+06  2.00000E-03 -1.14031E+01
  6.40536E+00  2.21465E-28  1.45128E+06  2.00000E-03 -1.11194E+01
  6.49894E+00  2.21468E-28  1.45129E+06  2.00000E-03 -1.10156E+01
  6.59252E+00  2.21281E-28  1.45047E+06  2.00000E-03 -1.09338E+01
  6.68610E+00  2.20735E-28  1.44807E+06  2.00000E-03 -1.07088E+01
  6.77968E+00  2.20568E-28  1.44734E+06  2.00000E-03 -1.05409E+01
  6.87326E+00  2.20787E-28  1.44829E+06  2.00000E-03 -1.02531E+01
  6.96684E+00  2.20818E-28  1.44841E+06  2.00000E-03 -1.00190E+01
  7.06042E+00  2.20362E-28  1.44640E+06  2.00000E-03 -9.58287E+00
  7.15400E+00  2.20526E-28  1.44710E+06  2.00000E-03 -9.32065E+00
  7.24758E+00  2.20441E-28  1.44671E+06  2.00000E-03 -9.03797E+00
  7.34116E+00  2.20150E-28  1.44541E+06  2.00000E-03 -8.74642E+00
  7.43473E+00  2.19887E-28  1.44424E+06  2.00000E-03 -8.50318E+00
  7.52832E+00  2.20165E-28  1.44545E+06  2.00000E-03 -8.21147E+00
  7.62189E+00  2.20164E-28  1.44545E+06  2.00000E-03 -7.95955E+00
  7.71547E+00  2.19827E-28  1.44397E+06  2.00000E-03 -7.55425E+00
  7.80905E+00  2.19663E-28  1.44324E+06  2.00000E-03 -7.27237E+00
  7.90263E+00  2.19688E-28  1.44336E+06  2.00000E-03 -7.02389E+00
  7.99621E+00  2.19169E-28  1.44108E+06  2.00000E-03 -6.81850E+00
  8.08979E+00  2.18568E-28  1.43846E+06  2.00000E-03 -6.69046E+00
  8.18337E+00  2.18260E-28  1.43710E+06  2.00000E-03 -6.61620E+00
  8.27695E+00  2.17871E-28  1.43541E+06  2.00000E-03 -6.59494E+00
  8.37053E+00  2.17017E-28  1.43166E+06  2.00000E-03 -6.69089E+00
  8.46411E+00  2.16409E-28  1.42898E+06  2.00000E-03 -6.81616E+00
  8.55769E+00  2.15985E-28  1.42712E+06  2.00000E-03 -6.92602E+00
  8.65127E+00  2.15877E-28  1.42664E+06  2.00000E-03 -6.89199E+00
  8.74485E+00  2.15587E-28  1.42536E+06  2.00000E-03 -6.85020E+00
  8.83843E+00  2.15546E-28  1.42518E+06  2.00000E-03 -6.77705E+00
  8.93201E+00  2.15582E-28  1.42533E+06  2.00000E-03 -6.67390E+00
  9.02559E+00  2.15717E-28  1.42591E+06  2.00000E-03 -6.42800E+00
  9.11917E+00  2.15868E-28  1.42657E+06  2.00000E-03 -6.22947E+00
  9.21275E+00  2.16055E-28  1.42738E+06  2.00000E-03 -6.02337E+00
  9.30633E+00  2.16158E-28  1.42783E+06  2.00000E-03 -5.88545E+00
  9.39991E+00  2.16373E-28  1.42877E+06  2.00000E-03 -5.64204E+00
  9.49349E+00  2.16423E-28  1.42898E+06  2.00000E-03 -5.52527E+00
  9.58707E+00  2.16497E-28  1.42931E+06  2.00000E-03 -5.40118E+00
  9.68065E+00  2.16613E-28  1.42983E+06  2.00000E-03 -5.26947E+00
  9.77423E+00  2.16955E-28  1.43134E+06  2.00000E-03 -5.04535E+00
  9.86781E+00  2.17033E-28  1.43170E+06  2.00000E-03 -4.87573E+00
  9.96139E+00  2.17304E-28  1.43291E+06  2.00000E-03 -4.65073E+00
  1.00550E+01  2.17497E-28  1.43378E+06  2.00000E-03 -4.42961E+00
  1.01486E+01  2.17867E-28  1.43542E+06  2.00000E-03 -4.13468E+00
  1.02421E+01  2.18332E-28  1.43747E+06  2.00000E-03 -3.83305E+00
  1.03357E+01  2.18445E-28  1.43798E+06  2.00000E-03 -3.65529E+00
  1.04293E+01  2.18767E-28  1.43939E+06  2.00000E-03 -3.45244E+00
  1.05229E+01  2.18891E-28  1.43991E+06  2.00000E-03 -3.31404E+00
  1.06165E+01  2.18830E-28  1.43964E+06  2.00000E-03 -3.27892E+00
  1.07100E+01  2.18865E-28  1.43978E+06  2.00000E-03 -3.23158E+00
  1.08036E+01  2.18736E-28  1.43921E+06  2.00000E-03 -3.23693E+00
  1.08972E+01  2.18453E-28  1.43796E+06  2.00000E-03 -3.26489E+00
  1.09908E+01  2.18246E-28  1.43704E+06  2.00000E-03 -3.30342E+00
  1.10843E+01  2.17677E-28  1.43453E+06  2.00000E-03 -3.47484E+00
  1.11779E+01  2.17229E-28  1.43257E+06  2.00000E-03 -3.60414E+00
  1.12715E+01  2.16630E-28  1.42996E+06  2.00000E-03 -3.76942E+00
  1.13651E+01  2.16075E-28  1.42757E+06  2.00000E-03 -3.93549E+00
  1.14587E+01  2.15553E-28  1.42536E+06  2.00000E-03 -4.04709E+00
  1.15522E+01  2.14994E-28  1.42300E+06  2.00000E-03 -4.18863E+00
  1.16458E+01  2.14683E-28  1.42168E+06  2.00000E-03 -4.21078E+00
  1.17394E+01  2.14555E-28  1.42113E+06  2.00000E-03 -4.13909E+00
  1.18330E+01  2.14459E-28  1.42068E+06  2.00000E-03 -4.08962E+00
  1.19266E+01  2.14545E-28  1.42106E+06  2.00000E-03 -3.98200E+00
  1.20201E+01  2.14648E-28  1.42143E+06  2.00000E-03 -3.85362E+00
  1.21137E+01  2.14610E-28  1.42124E+06  2.00000E-03 -3.80413E+00
  1.22073E+01  2.14725E-28  1.42174E+06  2.00000E-03 -3.75139E+00
  1.23009E+01  2.14724E-28  1.42174E+06  2.00000E-03 -3.74524E+00
  1.23945E+01  2.14571E-28  1.42107E+06  2.00000E-03 -3.80477E+00
  1.24880E+01  2.14727E-28  1.42174E+06  2.00000E-03 -3.71698E+00
  1.25816E+01  2.14685E-28  1.42155E+06  2.00000E-03 -3.73563E+00
  1.26752E+01  2.14569E-28  1.42103E+06  2.00000E-03 -3.76968E+00
  1.27688E+01  2.14738E-28  1.42177E+06  2.00000E-03 -3.61835E+00
  1.28624E+01  2.14725E-28  1.42171E+06  2.00000E-03 -3.61772E+00
  1.29559E+01  2.14711E-28  1.42165E+06  2.00000E-03 -3.54872E+00
  1.30495E+01  2.14784E-28  1.42198E+06  2.00000E-03 -3.41929E+00
  1.31431E+01  2.14791E-28  1.42202E+06  2.00000E-03 -3.37960E+00
  1.32367E+01  2.14907E-28  1.42254E+06  2.00000E-03 -3.17365E+00
  1.33303E+01  2.14968E-28  1.42281E+06  2.00000E-03 -3.09001E+00
  1.34238E+01  2.15022E-28  1.42306E+06  2.00000E-03 -2.96753E+00
  1.35174E+01  2.15018E-28  1.42304E+06  2.00000E-03 -2.84706E+00
  1.36110E+01  2.15140E-28  1.42359E+06  2.00000E-03 -2.79747E+00
  1.37046E+01  2.15197E-28  1.42384E+06  2.00000E-03 -2.67630E+00
  1.37982E+01  2.15275E-28  1.42418E+06  2.00000E-03 -2.61298E+00
  1.38917E+01  2.15038E-28  1.42311E+06  2.00000E-03 -2.59324E+00
  1.39853E+01  2.15227E-28  1.42391E+06  2.00000E-03 -2.50288E+00
  1.40789E+01  2.15313E-28  1.42428E+06  2.00000E-03 -2.46320E+00
  1.41725E+01  2.14828E-28  1.42210E+06  2.00000E-03 -2.54916E+00
  1.42661E+01  2.15011E-28  1.42289E+06  2.00000E-03 -2.55553E+00
  1.43596E+01  2.15103E-28  1.42329E+06  2.00000E-03 -2.58134E+00
  1.44532E+01  2.14605E-28  1.42106E+06  2.00000E-03 -2.71948E+00
  1.45468E+01  2.14589E-28  1.42099E+06  2.00000E-03 -2.74714E+00
  1.46404E+01  2.14538E-28  1.42074E+06  2.00000E-03 -2.83402E+00
  1.47340E+01  2.14324E-28  1.41978E+06  2.00000E-03 -2.93278E+00
  1.48275E+01  2.14251E-28  1.41945E+06  2.00000E-03 -2.94878E+00
  1.49211E+01  2.14161E-28  1.41903E+06  2.00000E-03 -2.97398E+00
  1.50147E+01  2.14326E-28  1.41976E+06  2.00000E-03 -2.99781E+00
  1.51083E+01  2.14337E-28  1.41979E+06  2.00000E-03 -2.99490E+00
  1.52019E+01  2.14042E-28  1.41848E+06  2.00000E-03 -2.95922E+00
  1.52954E+01  2.14296E-28  1.41960E+06  2.00000E-03 -2.93038E+00
  1.53890E+01  2.14290E-28  1.41956E+06  2.00000E-03 -2.83125E+00
  1.54826E+01  2.14240E-28  1.41933E+06  2.00000E-03 -2.78879E+00
  1.55762E+01  2.14416E-28  1.42010E+06  2.00000E-03 -2.70128E+00
  1.56698E+01  2.14514E-28  1.42052E+06  2.00000E-03 -2.56746E+00
  1.57633E+01  2.14613E-28  1.42096E+06  2.00000E-03 -2.52399E+00
  1.58569E+01  2.14502E-28  1.42047E+06  2.00000E-03 -2.42918E+00
  1.59505E+01  2.14628E-28  1.42102E+06  2.00000E-03 -2.35759E+00
  1.60441E+01  2.14688E-28  1.42128E+06  2.00000E-03 -2.31281E+00
  1.61377E+01  2.14458E-28  1.42027E+06  2.00000E-03 -2.30523E+00
  1.62312E+01  2.14494E-28  1.42043E+06  2.00000E-03 -2.29775E+00
  1.63248E+01  2.14457E-28  1.42026E+06  2.00000E-03 -2.32924E+00
  1.64184E+01  2.14374E-28  1.41990E+06  2.00000E-03 -2.36614E+00
  1.65120E+01  2.14263E-28  1.41941E+06  2.00000E-03 -2.40526E+00
  1.66056E+01  2.13950E-28  1.41803E+06  2.00000E-03 -2.58287E+00
  1.66991E+01  2.13971E-28  1.41813E+06  2.00000E-03 -2.61273E+00
  1.67927E+01  2.13724E-28  1.41704E+06  2.00000E-03 -2.76774E+00
  1.68863E+01  2.13525E-28  1.41616E+06  2.00000E-03 -2.88126E+00
  1.69799E+01  2.13529E-28  1.41618E+06  2.00000E-03 -2.95003E+00
  1.70735E+01  2.13389E-28  1.41555E+06  2.00000E-03 -3.05715E+00
  1.71670E+01  2.13356E-28  1.41541E+06  2.00000E-03 -3.08378E+00
  1.72606E+01  2.13358E-28  1.41542E+06  2.00000E-03 -3.11317E+00
  1.73542E+01  2.13330E-28  1.41530E+06  2.00000E-03 -3.16050E+00
  1.74478E+01  2.13341E-28  1.41536E+06  2.00000E-03 -3.17311E+00
  1.75414E+01  2.13376E-28  1.41559E+06  2.00000E-03 -3.13874E+00
  1.76349E+01  2.13411E-28  1.41577E+06  2.00000E-03 -3.14665E+00
  1.77285E+01  2.13636E-28  1.41683E+06  2.00000E-03 -3.06706E+00
  1.78221E+01  2.13881E-28  1.41799E+06  2.00000E-03 -2.92204E+00
  1.79157E+01  2.13881E-28  1.41799E+06  2.00000E-03 -2.92204E+00
  1.80093E+01  2.13881E-28  1.41799E+06  2.00000E-03 -2.92204E+00
  1.81028E+01  2.13881E-28  1.41799E+06  2.00000E-03 -2.92204E+00
  1.81964E+01  2.13985E-28  1.41842E+06  2.00000E-03 -2.86504E+00
  1.82900E+01  2.14360E-28  1.41996E+06  2.00000E-03 -2.73347E+00
  1.83836E+01  2.14402E-28  1.42014E+06  2.00000E-03 -2.78474E+00
  1.84772E+01  2.14451E-28  1.42035E+06  2.00000E-03 -2.82396E+00
  1.85707E+01  2.14562E-28  1.42084E+06  2.00000E-03 -2.75784E+00
  1.86643E+01  2.14581E-28  1.42092E+06  2.00000E-03 -2.74882E+00
  1.87579E+01  2.14865E-28  1.42215E+06  2.00000E-03 -2.61645E+00
  1.88515E+01  2.14973E-28  1.42262E+06  2.00000E-03 -2.57158E+00
  1.89451E+01  2.14961E-28  1.42257E+06  2.00000E-03 -2.63302E+00
  1.90386E+01  2.14943E-28  1.42248E+06  2.00000E-03 -2.72977E+00
  1.91322E+01  2.14988E-28  1.42267E+06  2.00000E-03 -2.74519E+00
  1.92258E+01  2.15174E-28  1.42349E+06  2.00000E-03 -2.66704E+00
  1.93194E+01  2.15203E-28  1.42362E+06  2.00000E-03 -2.65484E+00
  1.94130E+01  2.15203E-28  1.42362E+06  2.00000E-03 -2.65484E+00
  1.95065E+01  2.15203E-28  1.42362E+06  2.00000E-03 -2.65484E+00
  1.96001E+01  2.15223E-28  1.42371E+06  2.00000E-03 -2.67210E+00
  1.96937E+01  2.15402E-28  1.42450E+06  2.00000E-03 -2.61632E+00
  1.97873E+01  2.15433E-28  1.42464E+06  2.00000E-03 -2.62626E+00
  1.98809E+01  2.15463E-28  1.42477E+06  2.00000E-03 -2.61382E+00
  1.99744E+01  2.15664E-28  1.42565E+06  2.00000E-03 -2.52971E+00
  2.00680E+01  2.15764E-28  1.42609E+06  2.00000E-03 -2.48304E+00
  2.01616E+01  2.16160E-28  1.42782E+06  2.00000E-03 -2.27576E+00
  2.02552E+01  2.16392E-28  1.42884E+06  2.00000E-03 -2.15736E+00
  2.03488E+01  2.16368E-28  1.42873E+06  2.00000E-03 -2.18171E+00
  2.04423E+01  2.16295E-28  1.42842E+06  2.00000E-03 -2.22721E+00
  2.05359E+01  2.16289E-28  1.42839E+06  2.00000E-03 -2.23115E+00
  2.06295E+01  2.16647E-28  1.42995E+06  2.00000E-03 -2.04027E+00
  2.07231E+01  2.16785E-28  1.43056E+06  2.00000E-03 -1.96698E+00
  2.08167E+01  2.16785E-28  1.43056E+06  2.00000E-03 -1.96698E+00
  2.09102E+01  2.16742E-28  1.43037E+06  2.00000E-03 -1.98808E+00
  2.10038E+01  2.16652E-28  1.42997E+06  2.00000E-03 -2.03202E+00
  2.10974E+01  2.16759E-28  1.43043E+06  2.00000E-03 -2.00388E+00
  2.11910E+01  2.16908E-28  1.43108E+06  2.00000E-03 -1.94523E+00
  2.12846E+01  2.16971E-28  1.43136E+06  2.00000E-03 -1.92120E+00
  2.13781E+01  2.16986E-28  1.43142E+06  2.00000E-03 -1.91566E+00
  2.14717E+01  2.17002E-28  1.43149E+06  2.00000E-03 -1.90892E+00
  2.15653E+01  2.17147E-28  1.43213E+06  2.00000E-03 -1.83278E+00
  2.16589E+01  2.17209E-28  1.43239E+06  2.00000E-03 -1.81768E+00
  2.17525E+01  2.17183E-28  1.43227E+06  2.00000E-03 -1.84852E+00
  2.18460E+01  2.17167E-28  1.43220E+06  2.00000E-03 -1.86747E+00
  2.19396E+01  2.17167E-28  1.43220E+06  2.00000E-03 -1.86747E+00
  2.20332E+01  2.17248E-28  1.43255E+06  2.00000E-03 -1.82547E+00
  2.21268E+01  2.17370E-28  1.43308E+06  2.00000E-03 -1.76198E+00
  2.22204E+01  2.17374E-28  1.43310E+06  2.00000E-03 -1.75985E+00
  2.23139E+01  2.17350E-28  1.43300E+06  2.00000E-03 -1.76345E+00
  2.24075E+01  2.17292E-28  1.43274E+06  2.00000E-03 -1.77250E+00
  2.25011E+01  2.17340E-28  1.43294E+06  2.00000E-03 -1.74671E+00
  2.25947E+01  2.17489E-28  1.43359E+06  2.00000E-03 -1.67561E+00
  2.26883E+01  2.17516E-28  1.43371E+06  2.00000E-03 -1.66346E+00
  2.27818E+01  2.17516E-28  1.43371E+06  2.00000E-03 -1.66372E+00
  2.28754E+01  2.17543E-28  1.43383E+06  2.00000E-03 -1.65178E+00
  2.29690E+01  2.17559E-28  1.43390E+06  2.00000E-03 -1.62340E+00
  2.30626E+01  2.17621E-28  1.43416E+06  2.00000E-03 -1.56773E+00
  2.31562E+01  2.17634E-28  1.43422E+06  2.00000E-03 -1.55385E+00
  2.32497E+01  2.17634E-28  1.43422E+06  2.00000E-03 -1.55385E+00
  2.33433E+01  2.17634E-28  1.43422E+06  2.00000E-03 -1.55385E+00
  2.34369E+01  2.17653E-28  1.43430E+06  2.00000E-03 -1.53598E+00
  2.35305E+01  2.17721E-28  1.43461E+06  2.00000E-03 -1.47167E+00
  2.36241E+01  2.17733E-28  1.43466E+06  2.00000E-03 -1.44909E+00
  2.37176E+01  2.17710E-28  1.43456E+06  2.00000E-03 -1.43046E+00
  2.38112E+01  2.17692E-28  1.43448E+06  2.00000E-03 -1.41568E+00
  2.39048E+01  2.17695E-28  1.43450E+06  2.00000E-03 -1.41283E+00
  2.39984E+01  2.17739E-28  1.43471E+06  2.00000E-03 -1.36926E+00
  2.40919E+01  2.17737E-28  1.43471E+06  2.00000E-03 -1.37054E+00
  2.41855E+01  2.17729E-28  1.43467E+06  2.00000E-03 -1.37794E+00
  2.42791E+01  2.17706E-28  1.43458E+06  2.00000E-03 -1.38830E+00
  2.43727E+01  2.17677E-28  1.43445E+06  2.00000E-03 -1.39941E+00
  2.44663E+01  2.17653E-28  1.43435E+06  2.00000E-03 -1.39840E+00
  2.45598E+01  2.17653E-28  1.43435E+06  2.00000E-03 -1.39840E+00
  2.46534E+01  2.17653E-28  1.43435E+06  2.00000E-03 -1.39840E+00
  2.47470E+01  2.17653E-28  1.43435E+06  2.00000E-03 -1.39840E+00
  2.48406E+01  2.17648E-28  1.43433E+06  2.00000E-03 -1.40262E+00
  2.49342E+01  2.17600E-28  1.43409E+06  2.00000E-03 -1.44497E+00
  2.50277E+01  2.17585E-28  1.43402E+06  2.00000E-03 -1.45779E+00
  2.51213E+01  2.17585E-28  1.43402E+06  2.00000E-03 -1.45779E+00
  2.52149E+01  2.17585E-28  1.43402E+06  2.00000E-03 -1.45779E+00
  2.53085E+01  2.17585E-28  1.43402E+06  2.00000E-03 -1.45779E+00
  2.54021E+01  2.17585E-28  1.43402E+06  2.00000E-03 -1.45779E+00
  2.54956E+01  2.17585E-28  1.43402E+06  2.00000E-03 -1.45779E+00
  2.55892E+01  2.17585E-28  1.43402E+06  2.00000E-03 -1.45779E+00
  2.56828E+01  2.17546E-28  1.43385E+06  2.00000E-03 -1.45113E+00
  2.57764E+01  2.17484E-28  1.43358E+06  2.00000E-03 -1.44220E+00
  2.58700E+01  2.17440E-28  1.43337E+06  2.00000E-03 -1.47156E+00
  2.59635E+01  2.17419E-28  1.43328E+06  2.00000E-03 -1.50290E+00
  2.60571E+01  2.17419E-28  1.43328E+06  2.00000E-03 -1.50290E+00
  2.61507E+01  2.17419E-28  1.43328E+06  2.00000E-03 -1.50290E+00
  2.62443E+01  2.17419E-28  1.43328E+06  2.00000E-03 -1.50290E+00
  2.63379E+01  2.17419E-28  1.43328E+06  2.00000E-03 -1.50290E+00
  2.64314E+01  2.17419E-28  1.43328E+06  2.00000E-03 -1.50290E+00
  2.65250E+01  2.17419E-28  1.43328E+06  2.00000E-03 -1.50290E+00
  2.66186E+01  2.17419E-28  1.43328E+06  2.00000E-03 -1.50290E+00
  2.67122E+01  2.17415E-28  1.43326E+06  2.00000E-03 -1.50470E+00
  2.68058E+01  2.17373E-28  1.43307E+06  2.00000E-03 -1.50358E+00
  2.68993E+01  2.17374E-28  1.43307E+06  2.00000E-03 -1.46963E+00
  2.69929E+01  2.17383E-28  1.43311E+06  2.00000E-03 -1.45098E+00
  2.70865E+01  2.17395E-28  1.43316E+06  2.00000E-03 -1.44206E+00
  2.71801E+01  2.17402E-28  1.43319E+06  2.00000E-03 -1.44566E+00
  2.72737E+01  2.17402E-28  1.43319E+06  2.00000E-03 -1.44566E+00
  2.73672E+01  2.17402E-28  1.43319E+06  2.00000E-03 -1.44566E+00
  2.74608E+01  2.17402E-28  1.43319E+06  2.00000E-03 -1.44566E+00
  2.75544E+01  2.17402E-28  1.43319E+06  2.00000E-03 -1.44566E+00
  2.76480E+01  2.17402E-28  1.43319E+06  2.00000E-03 -1.44566E+00
  2.77416E+01  2.17416E-28  1.43326E+06  2.00000E-03 -1.43137E+00
  2.78351E+01  2.17574E-28  1.43395E+06  2.00000E-03 -1.28001E+00
  2.79287E+01  2.17593E-28  1.43403E+06  2.00000E-03 -1.26230E+00
  2.80223E+01  2.17593E-28  1.43403E+06  2.00000E-03 -1.26230E+00
  2.81159E+01  2.17593E-28  1.43403E+06  2.00000E-03 -1.26230E+00
  2.82095E+01  2.17593E-28  1.43403E+06  2.00000E-03 -1.26230E+00
  2.83030E+01  2.17601E-28  1.43406E+06  2.00000E-03 -1.25396E+00
  2.83966E+01  2.17642E-28  1.43425E+06  2.00000E-03 -1.21041E+00
  2.84902E+01  2.17679E-28  1.43441E+06  2.00000E-03 -1.17120E+00
  2.85838E+01  2.17679E-28  1.43441E+06  2.00000E-03 -1.17120E+00
  2.86774E+01  2.17696E-28  1.43448E+06  2.00000E-03 -1.15558E+00
  2.87709E+01  2.17786E-28  1.43488E+06  2.00000E-03 -1.07140E+00
  2.88645E+01  2.17809E-28  1.43498E+06  2.00000E-03 -1.05028E+00
  2.89581E+01  2.17809E-28  1.43498E+06  2.00000E-03 -1.05028E+00
  2.90517E+01  2.17809E-28  1.43498E+06  2.00000E-03 -1.05028E+00
  2.91453E+01  2.17809E-28  1.43498E+06  2.00000E-03 -1.05028E+00
  2.92388E+01  2.17809E-28  1.43498E+06  2.00000E-03 -1.05028E+00
  2.93324E+01  2.17809E-28  1.43498E+06  2.00000E-03 -1.05028E+00
  2.94260E+01  2.17806E-28  1.43497E+06  2.00000E-03 -1.04842E+00
  2.95196E+01  2.17805E-28  1.43496E+06  2.00000E-03 -1.04739E+00
  2.96132E+01  2.17805E-28  1.43496E+06  2.00000E-03 -1.04607E+00
  2.97067E+01  2.17769E-28  1.43480E+06  2.00000E-03 -1.03883E+00
  2.98003E+01  2.17772E-28  1.43481E+06  2.00000E-03 -1.03399E+00
  2.98939E+01  2.17777E-28  1.43483E+06  2.00000E-03 -1.03245E+00
  2.99875E+01  2.17777E-28  1.43483E+06  2.00000E-03 -1.03245E+00
  3.00811E+01  2.17777E-28  1.43483E+06  2.00000E-03 -1.03245E+00
  3.01746E+01  2.17777E-28  1.43483E+06  2.00000E-03 -1.03245E+00
  3.02682E+01  2.17777E-28  1.43483E+06  2.00000E-03 -1.03245E+00
  3.03618E+01  2.17777E-28  1.43483E+06  2.00000E-03 -1.03245E+00
  3.04554E+01  2.17777E-28  1.43483E+06  2.00000E-03 -1.03245E+00
  3.05490E+01  2.17777E-28  1.43483E+06  2.00000E-03 -1.03245E+00
  3.06425E+01  2.17685E-28  1.43443E+06  2.00000E-03 -1.06895E+00
