 -3.04651E+01  2.16413E-28  1.42898E+06  2.00000E-03  8.93359E+00
 -3.03715E+01  2.16413E-28  1.42898E+06  2.00000E-03  8.93359E+00
 -3.02779E+01  2.16416E-28  1.42899E+06  2.00000E-03  8.94716E+00
 -3.01844E+01  2.16418E-28  1.42900E+06  2.00000E-03  8.95879E+00
 -3.00908E+01  2.16420E-28  1.42901E+06  2.00000E-03  8.97067E+00
 -2.99972E+01  2.16423E-28  1.42903E+06  2.00000E-03  8.99270E+00
 -2.99036E+01  2.16425E-28  1.42904E+06  2.00000E-03  9.00142E+00
 -2.98100E+01  2.16425E-28  1.42904E+06  2.00000E-03  9.00142E+00
 -2.97165E+01  2.16425E-28  1.42904E+06  2.00000E-03  9.00142E+00
 -2.96229E+01  2.16298E-28  1.42849E+06  2.00000E-03  9.21455E+00
 -2.95293E+01  2.16171E-28  1.42793E+06  2.00000E-03  9.42925E+00
 -2.94357E+01  2.16161E-28  1.42789E+06  2.00000E-03  9.43557E+00
 -2.93421E+01  2.16070E-28  1.42749E+06  2.00000E-03  9.49343E+00
 -2.92486E+01  2.15922E-28  1.42684E+06  2.00000E-03  9.58794E+00
 -2.91550E+01  2.15915E-28  1.42681E+06  2.00000E-03  9.59251E+00
 -2.90614E+01  2.15915E-28  1.42681E+06  2.00000E-03  9.59251E+00
 -2.89678E+01  2.15915E-28  1.42681E+06  2.00000E-03  9.59251E+00
 -2.88742E+01  2.15915E-28  1.42681E+06  2.00000E-03  9.59251E+00
 -2.87807E+01  2.15915E-28  1.42681E+06  2.00000E-03  9.59251E+00
 -2.86871E+01  2.15822E-28  1.42640E+06  2.00000E-03  9.71503E+00
 -2.85935E+01  2.15478E-28  1.42490E+06  2.00000E-03  1.01683E+01
 -2.84999E+01  2.15421E-28  1.42465E+06  2.00000E-03  1.02434E+01
 -2.84063E+01  2.15421E-28  1.42465E+06  2.00000E-03  1.02434E+01
 -2.83128E+01  2.15421E-28  1.42465E+06  2.00000E-03  1.02434E+01
 -2.82192E+01  2.15421E-28  1.42465E+06  2.00000E-03  1.02434E+01
 -2.81256E+01  2.15421E-28  1.42465E+06  2.00000E-03  1.02434E+01
 -2.80320E+01  2.15333E-28  1.42426E+06  2.00000E-03  1.02964E+01
 -2.79384E+01  2.15176E-28  1.42357E+06  2.00000E-03  1.03907E+01
 -2.78449E+01  2.15021E-28  1.42289E+06  2.00000E-03  1.04843E+01
 -2.77513E+01  2.14987E-28  1.42274E+06  2.00000E-03  1.05337E+01
 -2.76577E+01  2.14723E-28  1.42158E+06  2.00000E-03  1.09411E+01
 -2.75641E+01  2.14637E-28  1.42121E+06  2.00000E-03  1.11064E+01
 -2.74706E+01  2.14650E-28  1.42127E+06  2.00000E-03  1.11180E+01
 -2.73770E+01  2.14672E-28  1.42137E+06  2.00000E-03  1.11386E+01
 -2.72834E+01  2.14672E-28  1.42137E+06  2.00000E-03  1.11385E+01
 -2.71898E+01  2.14692E-28  1.42146E+06  2.00000E-03  1.11569E+01
 -2.70962E+01  2.14692E-28  1.42146E+06  2.00000E-03  1.11571E+01
 -2.70027E+01  2.14692E-28  1.42146E+06  2.00000E-03  1.11571E+01
 -2.69091E+01  2.14692E-28  1.42146E+06  2.00000E-03  1.11571E+01
 -2.68155E+01  2.14692E-28  1.42146E+06  2.00000E-03  1.11571E+01
 -2.67219E+01  2.14550E-28  1.42085E+06  2.00000E-03  1.14528E+01
 -2.66283E+01  2.14524E-28  1.42074E+06  2.00000E-03  1.15622E+01
 -2.65348E+01  2.14577E-28  1.42098E+06  2.00000E-03  1.14963E+01
 -2.64412E+01  2.14587E-28  1.42102E+06  2.00000E-03  1.14844E+01
 -2.63476E+01  2.14587E-28  1.42102E+06  2.00000E-03  1.14844E+01
 -2.62540E+01  2.14587E-28  1.42102E+06  2.00000E-03  1.14844E+01
 -2.61604E+01  2.14587E-28  1.42102E+06  2.00000E-03  1.14844E+01
 -2.60669E+01  2.14587E-28  1.42102E+06  2.00000E-03  1.14844E+01
 -2.59733E+01  2.14587E-28  1.42102E+06  2.00000E-03  1.14844E+01
 -2.58797E+01  2.14587E-28  1.42102E+06  2.00000E-03  1.14844E+01
 -2.57861E+01  2.14701E-28  1.42153E+06  2.00000E-03  1.15321E+01
 -2.56925E+01  2.14879E-28  1.42233E+06  2.00000E-03  1.16066E+01
 -2.55990E+01  2.14886E-28  1.42236E+06  2.00000E-03  1.16097E+01
 -2.55054E+01  2.14886E-28  1.42236E+06  2.00000E-03  1.16097E+01
 -2.54118E+01  2.14919E-28  1.42251E+06  2.00000E-03  1.15789E+01
 -2.53182E+01  2.15344E-28  1.42439E+06  2.00000E-03  1.11847E+01
 -2.52246E+01  2.15596E-28  1.42549E+06  2.00000E-03  1.09520E+01
 -2.51311E+01  2.15678E-28  1.42585E+06  2.00000E-03  1.08764E+01
 -2.50375E+01  2.15678E-28  1.42585E+06  2.00000E-03  1.08764E+01
 -2.49439E+01  2.15679E-28  1.42586E+06  2.00000E-03  1.08761E+01
 -2.48503E+01  2.15922E-28  1.42694E+06  2.00000E-03  1.07955E+01
 -2.47567E+01  2.16599E-28  1.42996E+06  2.00000E-03  1.05636E+01
 -2.46632E+01  2.16677E-28  1.43031E+06  2.00000E-03  1.05438E+01
 -2.45696E+01  2.16708E-28  1.43044E+06  2.00000E-03  1.05643E+01
 -2.44760E+01  2.16720E-28  1.43049E+06  2.00000E-03  1.05722E+01
 -2.43824E+01  2.16720E-28  1.43049E+06  2.00000E-03  1.05722E+01
 -2.42888E+01  2.16720E-28  1.43049E+06  2.00000E-03  1.05722E+01
 -2.41953E+01  2.16720E-28  1.43049E+06  2.00000E-03  1.05722E+01
 -2.41017E+01  2.16720E-28  1.43049E+06  2.00000E-03  1.05722E+01
 -2.40081E+01  2.16884E-28  1.43122E+06  2.00000E-03  1.03927E+01
 -2.39145E+01  2.17201E-28  1.43261E+06  2.00000E-03  1.00641E+01
 -2.38209E+01  2.17714E-28  1.43488E+06  2.00000E-03  9.91285E+00
 -2.37274E+01  2.17728E-28  1.43494E+06  2.00000E-03  9.91487E+00
 -2.36338E+01  2.17728E-28  1.43494E+06  2.00000E-03  9.91487E+00
 -2.35402E+01  2.17731E-28  1.43496E+06  2.00000E-03  9.91375E+00
 -2.34466E+01  2.17780E-28  1.43517E+06  2.00000E-03  9.89821E+00
 -2.33530E+01  2.18055E-28  1.43638E+06  2.00000E-03  9.83435E+00
 -2.32595E+01  2.18211E-28  1.43706E+06  2.00000E-03  9.70198E+00
 -2.31659E+01  2.18295E-28  1.43742E+06  2.00000E-03  9.59280E+00
 -2.30723E+01  2.18324E-28  1.43755E+06  2.00000E-03  9.57369E+00
 -2.29787E+01  2.18356E-28  1.43769E+06  2.00000E-03  9.56637E+00
 -2.28851E+01  2.18692E-28  1.43917E+06  2.00000E-03  9.48841E+00
 -2.27916E+01  2.18798E-28  1.43964E+06  2.00000E-03  9.46376E+00
 -2.26980E+01  2.18798E-28  1.43964E+06  2.00000E-03  9.46376E+00
 -2.26044E+01  2.18835E-28  1.43980E+06  2.00000E-03  9.33089E+00
 -2.25108E+01  2.18881E-28  1.44001E+06  2.00000E-03  9.24067E+00
 -2.24172E+01  2.19110E-28  1.44102E+06  2.00000E-03  9.18107E+00
 -2.23237E+01  2.19394E-28  1.44227E+06  2.00000E-03  9.10718E+00
 -2.22301E+01  2.19394E-28  1.44227E+06  2.00000E-03  9.10718E+00
 -2.21365E+01  2.19620E-28  1.44326E+06  2.00000E-03  8.97083E+00
 -2.20429E+01  2.19608E-28  1.44321E+06  2.00000E-03  8.96568E+00
 -2.19493E+01  2.19850E-28  1.44427E+06  2.00000E-03  8.84392E+00
 -2.18558E+01  2.20105E-28  1.44539E+06  2.00000E-03  8.73996E+00
 -2.17622E+01  2.20173E-28  1.44569E+06  2.00000E-03  8.68966E+00
 -2.16686E+01  2.20173E-28  1.44569E+06  2.00000E-03  8.68966E+00
 -2.15750E+01  2.20173E-28  1.44569E+06  2.00000E-03  8.68966E+00
 -2.14814E+01  2.20191E-28  1.44577E+06  2.00000E-03  8.76809E+00
 -2.13879E+01  2.20226E-28  1.44593E+06  2.00000E-03  8.91657E+00
 -2.12943E+01  2.20057E-28  1.44519E+06  2.00000E-03  8.98578E+00
 -2.12007E+01  2.19896E-28  1.44448E+06  2.00000E-03  9.04470E+00
 -2.11071E+01  2.19807E-28  1.44409E+06  2.00000E-03  9.07756E+00
 -2.10135E+01  2.19702E-28  1.44363E+06  2.00000E-03  9.27011E+00
 -2.09200E+01  2.19549E-28  1.44297E+06  2.00000E-03  9.54921E+00
 -2.08264E+01  2.19549E-28  1.44297E+06  2.00000E-03  9.54921E+00
 -2.07328E+01  2.19529E-28  1.44288E+06  2.00000E-03  9.56091E+00
 -2.06392E+01  2.19329E-28  1.44201E+06  2.00000E-03  9.63702E+00
 -2.05456E+01  2.19049E-28  1.44078E+06  2.00000E-03  9.84970E+00
 -2.04521E+01  2.18640E-28  1.43900E+06  2.00000E-03  1.03325E+01
 -2.03585E+01  2.18630E-28  1.43895E+06  2.00000E-03  1.03400E+01
 -2.02649E+01  2.18630E-28  1.43895E+06  2.00000E-03  1.03400E+01
 -2.01713E+01  2.18630E-28  1.43895E+06  2.00000E-03  1.03400E+01
 -2.00777E+01  2.18598E-28  1.43881E+06  2.00000E-03  1.03847E+01
 -1.99842E+01  2.18205E-28  1.43709E+06  2.00000E-03  1.08557E+01
 -1.98906E+01  2.18130E-28  1.43676E+06  2.00000E-03  1.08622E+01
 -1.97970E+01  2.18091E-28  1.43659E+06  2.00000E-03  1.08024E+01
 -1.97034E+01  2.18091E-28  1.43659E+06  2.00000E-03  1.08024E+01
 -1.96098E+01  2.18065E-28  1.43648E+06  2.00000E-03  1.08669E+01
 -1.95163E+01  2.17938E-28  1.43594E+06  2.00000E-03  1.11788E+01
 -1.94227E+01  2.17907E-28  1.43580E+06  2.00000E-03  1.12446E+01
 -1.93291E+01  2.17906E-28  1.43580E+06  2.00000E-03  1.11955E+01
 -1.92355E+01  2.18036E-28  1.43637E+06  2.00000E-03  1.08661E+01
 -1.91419E+01  2.18085E-28  1.43659E+06  2.00000E-03  1.07407E+01
 -1.90484E+01  2.18029E-28  1.43635E+06  2.00000E-03  1.09828E+01
 -1.89548E+01  2.18014E-28  1.43629E+06  2.00000E-03  1.10540E+01
 -1.88612E+01  2.18014E-28  1.43629E+06  2.00000E-03  1.10540E+01
 -1.87676E+01  2.18014E-28  1.43629E+06  2.00000E-03  1.10540E+01
 -1.86740E+01  2.18034E-28  1.43638E+06  2.00000E-03  1.09790E+01
 -1.85805E+01  2.17984E-28  1.43617E+06  2.00000E-03  1.10654E+01
 -1.84869E+01  2.17965E-28  1.43609E+06  2.00000E-03  1.10135E+01
 -1.83933E+01  2.17969E-28  1.43611E+06  2.00000E-03  1.09964E+01
 -1.82997E+01  2.17969E-28  1.43611E+06  2.00000E-03  1.09964E+01
 -1.82061E+01  2.17969E-28  1.43611E+06  2.00000E-03  1.09964E+01
 -1.81126E+01  2.17867E-28  1.43570E+06  2.00000E-03  1.12659E+01
 -1.80190E+01  2.17814E-28  1.43551E+06  2.00000E-03  1.14237E+01
 -1.79254E+01  2.17893E-28  1.43586E+06  2.00000E-03  1.10452E+01
 -1.78318E+01  2.17951E-28  1.43613E+06  2.00000E-03  1.07806E+01
 -1.77382E+01  2.17998E-28  1.43634E+06  2.00000E-03  1.05801E+01
 -1.76447E+01  2.17959E-28  1.43612E+06  2.00000E-03  1.08842E+01
 -1.75511E+01  2.18011E-28  1.43631E+06  2.00000E-03  1.08482E+01
 -1.74575E+01  2.18061E-28  1.43654E+06  2.00000E-03  1.07723E+01
 -1.73639E+01  2.18170E-28  1.43706E+06  2.00000E-03  1.07731E+01
 -1.72703E+01  2.18247E-28  1.43740E+06  2.00000E-03  1.06217E+01
 -1.71768E+01  2.18448E-28  1.43829E+06  2.00000E-03  1.03483E+01
 -1.70832E+01  2.18586E-28  1.43892E+06  2.00000E-03  1.02829E+01
 -1.69896E+01  2.18681E-28  1.43934E+06  2.00000E-03  1.01317E+01
 -1.68960E+01  2.18938E-28  1.44046E+06  2.00000E-03  9.93969E+00
 -1.68024E+01  2.19175E-28  1.44150E+06  2.00000E-03  9.66163E+00
 -1.67089E+01  2.19305E-28  1.44208E+06  2.00000E-03  9.60695E+00
 -1.66153E+01  2.19629E-28  1.44351E+06  2.00000E-03  9.30805E+00
 -1.65217E+01  2.19787E-28  1.44420E+06  2.00000E-03  9.03144E+00
 -1.64281E+01  2.20137E-28  1.44575E+06  2.00000E-03  8.67868E+00
 -1.63345E+01  2.20319E-28  1.44655E+06  2.00000E-03  8.60466E+00
 -1.62410E+01  2.20687E-28  1.44816E+06  2.00000E-03  8.20393E+00
 -1.61474E+01  2.21115E-28  1.45002E+06  2.00000E-03  7.80011E+00
 -1.60538E+01  2.21240E-28  1.45057E+06  2.00000E-03  7.60106E+00
 -1.59602E+01  2.21607E-28  1.45216E+06  2.00000E-03  7.28427E+00
 -1.58666E+01  2.22103E-28  1.45432E+06  2.00000E-03  6.59167E+00
 -1.57731E+01  2.22280E-28  1.45509E+06  2.00000E-03  6.34223E+00
 -1.56795E+01  2.22638E-28  1.45665E+06  2.00000E-03  6.01370E+00
 -1.55859E+01  2.22795E-28  1.45733E+06  2.00000E-03  5.75149E+00
 -1.54923E+01  2.23176E-28  1.45900E+06  2.00000E-03  5.18880E+00
 -1.53987E+01  2.23366E-28  1.45983E+06  2.00000E-03  5.01883E+00
 -1.53052E+01  2.23467E-28  1.46028E+06  2.00000E-03  4.79574E+00
 -1.52116E+01  2.23737E-28  1.46146E+06  2.00000E-03  4.36522E+00
 -1.51180E+01  2.23883E-28  1.46210E+06  2.00000E-03  3.97325E+00
 -1.50244E+01  2.24016E-28  1.46267E+06  2.00000E-03  3.80418E+00
 -1.49309E+01  2.24166E-28  1.46332E+06  2.00000E-03  3.42919E+00
 -1.48373E+01  2.24251E-28  1.46369E+06  2.00000E-03  3.14128E+00
 -1.47437E+01  2.24457E-28  1.46458E+06  2.00000E-03  2.76440E+00
 -1.46501E+01  2.24554E-28  1.46499E+06  2.00000E-03  2.60199E+00
 -1.45565E+01  2.24769E-28  1.46592E+06  2.00000E-03  2.13069E+00
 -1.44630E+01  2.25046E-28  1.46711E+06  2.00000E-03  1.61659E+00
 -1.43694E+01  2.25108E-28  1.46738E+06  2.00000E-03  1.47450E+00
 -1.42758E+01  2.25471E-28  1.46895E+06  2.00000E-03  1.00240E+00
 -1.41822E+01  2.25761E-28  1.47017E+06  1.99999E-03  3.27441E-01
 -1.40886E+01  2.25913E-28  1.47087E+06  1.99998E-03  9.77073E-02
 -1.39951E+01  2.26311E-28  1.47282E+06  1.99996E-03 -4.20927E-01
 -1.39015E+01  2.26423E-28  1.47342E+06  1.99994E-03 -7.18578E-01
 -1.38079E+01  2.26884E-28  1.47560E+06  1.99980E-03 -1.48456E+00
 -1.37143E+01  2.27136E-28  1.47681E+06  1.99987E-03 -1.74131E+00
 -1.36207E+01  2.27297E-28  1.47756E+06  1.99982E-03 -2.01657E+00
 -1.35272E+01  2.27819E-28  1.47942E+06  1.99954E-03 -2.67337E+00
 -1.34336E+01  2.28024E-28  1.47969E+06  1.99935E-03 -3.02389E+00
 -1.33400E+01  2.28538E-28  1.48037E+06  1.99895E-03 -3.32377E+00
 -1.32464E+01  2.28818E-28  1.48143E+06  1.99884E-03 -3.88186E+00
 -1.31528E+01  2.28969E-28  1.48187E+06  1.99873E-03 -4.21302E+00
 -1.30593E+01  2.29270E-28  1.48378E+06  1.99872E-03 -4.64024E+00
 -1.29657E+01  2.29116E-28  1.48666E+06  1.99946E-03 -4.99376E+00
 -1.28721E+01  2.29398E-28  1.48788E+06  1.99932E-03 -5.35886E+00
 -1.27785E+01  2.29684E-28  1.48943E+06  1.99921E-03 -5.81886E+00
 -1.26849E+01  2.29786E-28  1.48916E+06  1.99910E-03 -6.11876E+00
 -1.25914E+01  2.30322E-28  1.49006E+06  1.99874E-03 -6.99775E+00
 -1.24978E+01  2.30523E-28  1.49111E+06  1.99877E-03 -7.95876E+00
 -1.24042E+01  2.30954E-28  1.48990E+06  1.99831E-03 -8.62897E+00
 -1.23106E+01  2.31587E-28  1.48944E+06  1.99754E-03 -9.45580E+00
 -1.22170E+01  2.31709E-28  1.48935E+06  1.99730E-03 -9.90394E+00
 -1.21235E+01  2.33194E-28  1.48466E+06  1.99398E-03 -1.12633E+01
 -1.20299E+01  2.33840E-28  1.48230E+06  1.99252E-03 -1.15649E+01
 -1.19363E+01  2.36508E-28  1.46697E+06  1.98525E-03 -1.23750E+01
 -1.18427E+01  2.43415E-28  1.42998E+06  1.96480E-03 -1.34586E+01
 -1.17491E+01  2.46517E-28  1.41275E+06  1.95499E-03 -1.39443E+01
 -1.16556E+01  2.53744E-28  1.37425E+06  1.93248E-03 -1.42574E+01
 -1.15620E+01  2.62080E-28  1.33227E+06  1.90747E-03 -1.49228E+01
 -1.14684E+01  2.66885E-28  1.31018E+06  1.89367E-03 -1.52836E+01
 -1.13748E+01  2.68302E-28  1.30497E+06  1.88991E-03 -1.58287E+01
 -1.12812E+01  2.62395E-28  1.33579E+06  1.90821E-03 -1.66055E+01
 -1.11877E+01  2.56437E-28  1.36837E+06  1.92691E-03 -1.72336E+01
 -1.10941E+01  2.47403E-28  1.42055E+06  1.95556E-03 -1.82433E+01
 -1.10005E+01  2.42022E-28  1.45347E+06  1.97296E-03 -1.90504E+01
 -1.09069E+01  2.36474E-28  1.49152E+06  1.99161E-03 -2.08086E+01
 -1.08133E+01  2.35650E-28  1.49872E+06  1.99449E-03 -2.18833E+01
 -1.07198E+01  2.35796E-28  1.50093E+06  1.99466E-03 -2.37432E+01
 -1.06262E+01  2.36638E-28  1.49810E+06  1.99269E-03 -2.51484E+01
 -1.05326E+01  2.38433E-28  1.49013E+06  1.98830E-03 -2.64081E+01
 -1.04390E+01  2.45718E-28  1.45072E+06  1.96810E-03 -2.83576E+01
 -1.03454E+01  2.51922E-28  1.41890E+06  1.95137E-03 -2.96507E+01
 -1.02519E+01  2.52678E-28  1.41571E+06  1.94927E-03 -3.06986E+01
 -1.01583E+01  2.54096E-28  1.41056E+06  1.94581E-03 -3.17267E+01
 -1.00647E+01  2.55066E-28  1.40935E+06  1.94460E-03 -3.36251E+01
 -9.97112E+00  2.52038E-28  1.43251E+06  1.95574E-03 -3.55368E+01
 -9.87754E+00  2.54013E-28  1.43292E+06  1.95526E-03 -3.83215E+01
 -9.78396E+00  2.56849E-28  1.43386E+06  1.94270E-03 -4.09223E+01
 -9.69038E+00  2.77154E-28  1.34907E+06  1.80722E-03 -4.54989E+01
 -9.59680E+00  4.21385E-28  8.83897E+05  1.54892E-03 -4.65741E+01
 -9.50322E+00  6.26257E-28  5.89916E+05  1.42270E-03 -4.76694E+01
 -9.40964E+00  1.45866E-27  2.50625E+05  1.27460E-03 -5.13935E+01
 -9.31606E+00  3.21719E-27  1.10344E+05  1.21937E-03 -5.44938E+01
 -9.22248E+00  3.91030E-27  8.78981E+04  1.20947E-03 -5.53694E+01
 -9.12890E+00  6.43208E-27  5.08080E+04  1.19051E-03 -5.59129E+01
 -9.03532E+00  1.05087E-26  2.90029E+04  1.17681E-03 -5.67395E+01
 -8.94174E+00  1.59670E-26  1.75168E+04  1.16319E-03 -5.85875E+01
 -8.84816E+00  1.89830E-26  1.50338E+04  1.15530E-03 -5.95435E+01
 -8.75458E+00  2.02346E-26  1.39596E+04  1.14698E-03 -5.96826E+01
 -8.66100E+00  2.01725E-26  1.38265E+04  1.14558E-03 -5.92814E+01
 -8.56742E+00  1.99475E-26  1.38562E+04  1.14509E-03 -5.92971E+01
 -8.47384E+00  1.95067E-26  1.40386E+04  1.14816E-03 -5.92597E+01
 -8.38026E+00  1.61607E-26  1.66772E+04  1.16065E-03 -5.97407E+01
 -8.28668E+00  7.31313E-27  3.97566E+04  1.18789E-03 -5.67557E+01
 -8.19310E+00  3.93164E-27  7.73357E+04  1.22506E-03 -5.41548E+01
 -8.09952E+00  4.56953E-28  6.91167E+05  1.59975E-03 -3.94092E+01
 -8.00594E+00  3.47658E-28  9.17020E+05  1.74941E-03 -3.21367E+01
 -7.91236E+00  6.12291E-28  5.20916E+05  1.52284E-03 -3.59115E+01
 -7.81878E+00  2.34473E-27  1.34061E+05  1.27077E-03 -4.61506E+01
 -7.72520E+00  7.54517E-27  4.05182E+04  1.17331E-03 -5.34212E+01
 -7.63162E+00  9.92571E-27  3.07176E+04  1.16692E-03 -5.23850E+01
 -7.53804E+00  1.24070E-26  2.47908E+04  1.15760E-03 -5.12028E+01
 -7.44446E+00  1.71025E-26  1.68611E+04  1.14218E-03 -5.16952E+01
 -7.35088E+00  1.95072E-26  1.41839E+04  1.13784E-03 -5.19622E+01
 -7.25730E+00  1.97572E-26  1.39268E+04  1.13400E-03 -5.25816E+01
 -7.16372E+00  2.02183E-26  1.38783E+04  1.13924E-03 -5.16622E+01
 -7.07014E+00  1.97659E-26  1.38410E+04  1.14242E-03 -5.28501E+01
 -6.97656E+00  1.98280E-26  1.37949E+04  1.14298E-03 -5.34213E+01
 -6.88298E+00  1.91895E-26  1.37522E+04  1.14621E-03 -5.30803E+01
 -6.78940E+00  1.77671E-26  1.37838E+04  1.15150E-03 -5.29871E+01
 -6.69582E+00  1.49351E-26  1.39522E+04  1.16059E-03 -5.45700E+01
 -6.60224E+00  1.27710E-26  1.40576E+04  1.16099E-03 -5.55371E+01
 -6.50866E+00  1.10582E-26  1.40542E+04  1.16121E-03 -5.66952E+01
 -6.41508E+00  1.03531E-26  1.39951E+04  1.16282E-03 -5.72675E+01
 -6.32150E+00  1.00702E-26  1.39341E+04  1.16507E-03 -5.72946E+01
 -6.22792E+00  1.01646E-26  1.38892E+04  1.16848E-03 -5.68274E+01
 -6.13434E+00  1.01894E-26  1.39507E+04  1.17298E-03 -5.59913E+01
 -6.04076E+00  1.04704E-26  1.41325E+04  1.17766E-03 -5.47166E+01
 -5.94718E+00  1.07011E-26  1.43378E+04  1.17942E-03 -5.46051E+01
 -5.85360E+00  1.09419E-26  1.47124E+04  1.17880E-03 -5.51690E+01
 -5.76002E+00  1.09258E-26  1.48118E+04  1.17451E-03 -5.41276E+01
 -5.66644E+00  1.11004E-26  1.45728E+04  1.17153E-03 -5.37011E+01
 -5.57287E+00  1.12005E-26  1.42502E+04  1.17706E-03 -5.45419E+01
 -5.47928E+00  1.17414E-26  1.42929E+04  1.18648E-03 -5.83271E+01
 -5.38570E+00  1.18207E-26  1.46419E+04  1.18659E-03 -6.48718E+01
 -5.29213E+00  1.47309E-26  1.44119E+04  1.18405E-03 -6.66713E+01
 -5.19855E+00  1.67657E-26  1.41850E+04  1.18662E-03 -6.37790E+01
 -5.10497E+00  1.38225E-26  1.39153E+04  1.19807E-03 -6.09797E+01
 -5.01139E+00  1.07519E-26  1.40327E+04  1.20932E-03 -6.08658E+01
 -4.91781E+00  1.20047E-26  1.42158E+04  1.18505E-03 -6.38479E+01
 -4.82423E+00  1.35535E-26  1.40262E+04  1.16821E-03 -6.34534E+01
 -4.73065E+00  1.21882E-26  1.41444E+04  1.16708E-03 -6.16048E+01
 -4.63707E+00  9.86074E-27  1.44412E+04  1.16372E-03 -6.07903E+01
 -4.54349E+00  7.98894E-27  1.50737E+04  1.16413E-03 -6.06110E+01
 -4.44991E+00  7.01580E-27  1.56772E+04  1.16501E-03 -5.97231E+01
 -4.35633E+00  6.32672E-27  1.74807E+04  1.17080E-03 -6.01267E+01
 -4.26275E+00  5.03906E-27  2.21691E+04  1.19249E-03 -6.07255E+01
 -4.16917E+00  3.67360E-27  3.07431E+04  1.21757E-03 -5.92305E+01
 -4.07559E+00  4.83065E-27  2.39931E+04  1.18796E-03 -5.61829E+01
 -3.98201E+00  7.60260E-27  1.70517E+04  1.15945E-03 -5.66392E+01
 -3.88843E+00  7.35065E-27  1.98673E+04  1.17258E-03 -5.85669E+01
 -3.79485E+00  8.28793E-27  1.87251E+04  1.21009E-03 -6.37636E+01
 -3.70127E+00  1.10006E-26  1.46450E+04  1.19729E-03 -6.59987E+01
 -3.60769E+00  1.19003E-26  1.44618E+04  1.19999E-03 -6.54647E+01
 -3.51411E+00  1.24139E-26  1.45872E+04  1.20931E-03 -6.36208E+01
 -3.42053E+00  1.25789E-26  1.47811E+04  1.21496E-03 -6.13249E+01
 -3.32695E+00  1.22042E-26  1.50096E+04  1.21923E-03 -6.01520E+01
 -3.23337E+00  1.09559E-26  1.51863E+04  1.21598E-03 -6.31157E+01
 -3.13979E+00  8.31187E-27  1.48867E+04  1.21300E-03 -6.95000E+01
 -3.04621E+00  7.33340E-27  1.43863E+04  1.21886E-03 -7.37626E+01
 -2.95263E+00  7.88129E-27  1.41475E+04  1.21814E-03 -7.43107E+01
 -2.85905E+00  8.52060E-27  1.40280E+04  1.21482E-03 -7.21823E+01
 -2.76547E+00  9.05662E-27  1.41300E+04  1.21315E-03 -6.84604E+01
 -2.67189E+00  9.12991E-27  1.44815E+04  1.21265E-03 -6.48223E+01
 -2.57831E+00  8.31054E-27  1.47971E+04  1.21425E-03 -6.15939E+01
 -2.48473E+00  7.44863E-27  1.50022E+04  1.22095E-03 -6.00261E+01
 -2.39115E+00  6.51794E-27  1.55242E+04  1.22954E-03 -5.90849E+01
 -2.29757E+00  5.67337E-27  1.61505E+04  1.23225E-03 -5.88066E+01
 -2.20399E+00  5.02145E-27  1.73949E+04  1.23540E-03 -5.92656E+01
 -2.11041E+00  4.90575E-27  1.91626E+04  1.23644E-03 -6.07853E+01
 -2.01683E+00  5.23776E-27  1.97647E+04  1.23474E-03 -6.15186E+01
 -1.92325E+00  6.52600E-27  1.70485E+04  1.21707E-03 -6.15448E+01
 -1.82967E+00  7.56168E-27  1.51453E+04  1.19813E-03 -6.17893E+01
 -1.73609E+00  7.41482E-27  1.47159E+04  1.18967E-03 -6.27187E+01
 -1.64251E+00  6.98119E-27  1.46016E+04  1.18722E-03 -6.41249E+01
 -1.54893E+00  6.95774E-27  1.44684E+04  1.18466E-03 -6.56335E+01
 -1.45535E+00  7.34304E-27  1.43613E+04  1.18479E-03 -6.53552E+01
 -1.36177E+00  7.87568E-27  1.43450E+04  1.18946E-03 -6.39412E+01
 -1.26819E+00  8.28661E-27  1.43923E+04  1.19330E-03 -6.28249E+01
 -1.17461E+00  8.73989E-27  1.45477E+04  1.19080E-03 -6.23983E+01
 -1.08103E+00  9.57618E-27  1.47829E+04  1.18140E-03 -6.28462E+01
 -9.87452E-01  1.10700E-26  1.47618E+04  1.17374E-03 -6.36003E+01
 -8.93872E-01  1.27700E-26  1.44030E+04  1.16826E-03 -6.35580E+01
 -8.00292E-01  1.44677E-26  1.40845E+04  1.15759E-03 -6.36915E+01
 -7.06712E-01  1.55801E-26  1.39291E+04  1.14500E-03 -6.38754E+01
 -6.13133E-01  1.56554E-26  1.38578E+04  1.13245E-03 -6.41796E+01
 -5.19553E-01  1.44573E-26  1.38224E+04  1.12656E-03 -6.32691E+01
 -4.25973E-01  1.28382E-26  1.38821E+04  1.12758E-03 -6.25559E+01
 -3.32393E-01  1.11654E-26  1.40589E+04  1.13135E-03 -6.23602E+01
 -2.38813E-01  1.00224E-26  1.43198E+04  1.13602E-03 -6.23483E+01
 -1.45233E-01  9.42569E-27  1.45536E+04  1.14215E-03 -6.15894E+01
 -5.16534E-02  8.95627E-27  1.47477E+04  1.14833E-03 -6.06538E+01
  4.19264E-02  8.49732E-27  1.49590E+04  1.15393E-03 -6.03438E+01
  1.35506E-01  8.40188E-27  1.50592E+04  1.15422E-03 -6.08924E+01
  2.29086E-01  8.83472E-27  1.48954E+04  1.14414E-03 -6.28184E+01
  3.22666E-01  9.25121E-27  1.43645E+04  1.13582E-03 -6.39904E+01
  4.16246E-01  9.17343E-27  1.40268E+04  1.13477E-03 -6.28476E+01
  5.09826E-01  8.72945E-27  1.39457E+04  1.13519E-03 -5.99860E+01
  6.03406E-01  8.25385E-27  1.40104E+04  1.13879E-03 -5.77929E+01
  6.96985E-01  8.06282E-27  1.40568E+04  1.14953E-03 -5.71385E+01
  7.90565E-01  8.17686E-27  1.40227E+04  1.16796E-03 -5.71008E+01
  8.84145E-01  8.36401E-27  1.40408E+04  1.17032E-03 -5.63854E+01
  9.77725E-01  8.66752E-27  1.40323E+04  1.16070E-03 -5.61465E+01
  1.07130E+00  9.07162E-27  1.39988E+04  1.15311E-03 -5.64033E+01
  1.16488E+00  9.51016E-27  1.41144E+04  1.14847E-03 -5.66101E+01
  1.25846E+00  1.01567E-26  1.43187E+04  1.14510E-03 -5.70886E+01
  1.35204E+00  1.12560E-26  1.44929E+04  1.14475E-03 -5.80859E+01
  1.44562E+00  1.21317E-26  1.44931E+04  1.14839E-03 -5.94955E+01
  1.53920E+00  1.27395E-26  1.44269E+04  1.14820E-03 -6.21099E+01
  1.63278E+00  1.30210E-26  1.43453E+04  1.14004E-03 -6.44834E+01
  1.72636E+00  1.28308E-26  1.41992E+04  1.12908E-03 -6.69586E+01
  1.81994E+00  1.23099E-26  1.41248E+04  1.12464E-03 -6.76929E+01
  1.91352E+00  1.18956E-26  1.40431E+04  1.12105E-03 -6.89595E+01
  2.00710E+00  1.17088E-26  1.39961E+04  1.12052E-03 -6.95034E+01
  2.10068E+00  1.14845E-26  1.42238E+04  1.13709E-03 -7.01789E+01
  2.19426E+00  1.18005E-26  1.43766E+04  1.14428E-03 -7.18994E+01
  2.28784E+00  1.24591E-26  1.42344E+04  1.09984E-03 -7.25410E+01
  2.38142E+00  1.24650E-26  1.44529E+04  1.05481E-03 -7.10146E+01
  2.47500E+00  1.07633E-26  1.47748E+04  1.04549E-03 -7.16558E+01
  2.56858E+00  9.47067E-27  1.42732E+04  1.04354E-03 -7.36486E+01
  2.66216E+00  9.72753E-27  1.40653E+04  1.04357E-03 -7.33888E+01
  2.75574E+00  1.01663E-26  1.41787E+04  1.04701E-03 -7.24971E+01
  2.84932E+00  1.03705E-26  1.45924E+04  1.06344E-03 -7.28340E+01
  2.94290E+00  1.01737E-26  1.49548E+04  1.08309E-03 -7.51015E+01
  3.03648E+00  9.82112E-27  1.48170E+04  1.10310E-03 -7.92148E+01
  3.13006E+00  9.93539E-27  1.46633E+04  1.13230E-03 -7.91743E+01
  3.22364E+00  1.02815E-26  1.45895E+04  1.18405E-03 -7.36522E+01
  3.31722E+00  1.08409E-26  1.45840E+04  1.20632E-03 -6.98452E+01
  3.41080E+00  1.01941E-26  1.69346E+04  1.24795E-03 -6.75841E+01
  3.50438E+00  7.39019E-27  2.35259E+04  1.28121E-03 -6.40670E+01
  3.59796E+00  8.59579E-27  2.01434E+04  1.24170E-03 -6.44426E+01
  3.69154E+00  1.11095E-26  1.52268E+04  1.22433E-03 -6.95000E+01
  3.78512E+00  8.06875E-27  1.75116E+04  1.24700E-03 -7.45939E+01
  3.87870E+00  4.57152E-27  2.54948E+04  1.25163E-03 -8.26250E+01
  3.97228E+00  2.56233E-27  4.82858E+04  1.26088E-03 -9.43253E+01
  4.06586E+00  7.92660E-28  1.74303E+05  1.39546E-03 -1.17708E+02
  4.15944E+00  4.20092E-28  3.62047E+05  1.47301E-03 -1.21989E+02
  4.25302E+00  4.34041E-28  3.65472E+05  1.40872E-03 -1.14834E+02
  4.34660E+00  7.40282E-28  2.22657E+05  1.31593E-03 -1.05065E+02
  4.44018E+00  1.73555E-27  1.08760E+05  1.26193E-03 -9.19670E+01
  4.53376E+00  3.85887E-27  5.96195E+04  1.23783E-03 -8.18129E+01
  4.62734E+00  6.60478E-27  3.98362E+04  1.21325E-03 -7.42470E+01
  4.72092E+00  1.05607E-26  2.79502E+04  1.18344E-03 -6.73492E+01
  4.81450E+00  1.45173E-26  2.21539E+04  1.16715E-03 -6.26241E+01
  4.90808E+00  1.66153E-26  2.04104E+04  1.16626E-03 -5.88033E+01
  5.00166E+00  1.55966E-26  2.19501E+04  1.17654E-03 -5.62605E+01
  5.09524E+00  1.00315E-26  3.25897E+04  1.20449E-03 -5.46714E+01
  5.18882E+00  4.14157E-27  7.65625E+04  1.25206E-03 -5.27889E+01
  5.28240E+00  1.15894E-27  2.68510E+05  1.38004E-03 -4.82132E+01
  5.37598E+00  1.01278E-27  2.95554E+05  1.36098E-03 -4.83664E+01
  5.46956E+00  1.84219E-27  1.59890E+05  1.27786E-03 -4.99471E+01
  5.56314E+00  3.13977E-27  9.14462E+04  1.23613E-03 -4.93780E+01
  5.65672E+00  1.57612E-27  1.84147E+05  1.29806E-03 -4.83804E+01
  5.75030E+00  1.19839E-27  2.45781E+05  1.35844E-03 -4.53713E+01
  5.84388E+00  8.18052E-28  3.55700E+05  1.47580E-03 -3.91241E+01
  5.93746E+00  7.50071E-28  3.85368E+05  1.51527E-03 -3.54782E+01
  6.03104E+00  7.65690E-28  3.75365E+05  1.51846E-03 -3.51770E+01
  6.12462E+00  8.15396E-28  3.52939E+05  1.51205E-03 -3.68600E+01
  6.21820E+00  8.11047E-28  3.47628E+05  1.51083E-03 -3.69246E+01
  6.31178E+00  7.46401E-28  3.74504E+05  1.51533E-03 -3.76702E+01
  6.40536E+00  7.10499E-28  3.91179E+05  1.52202E-03 -3.78872E+01
  6.49894E+00  6.83650E-28  4.04479E+05  1.53023E-03 -3.72463E+01
  6.59252E+00  6.64666E-28  4.15089E+05  1.54055E-03 -3.62769E+01
  6.68610E+00  6.54422E-28  4.24474E+05  1.54928E-03 -3.56935E+01
  6.77968E+00  6.14650E-28  4.52994E+05  1.56311E-03 -3.40995E+01
  6.87326E+00  5.71699E-28  4.86680E+05  1.56419E-03 -3.11985E+01
  6.96684E+00  5.02504E-28  5.56324E+05  1.55879E-03 -2.94407E+01
  7.06042E+00  4.46356E-28  6.30153E+05  1.57140E-03 -2.69485E+01
  7.15400E+00  4.80928E-28  5.82963E+05  1.56236E-03 -2.37125E+01
  7.24758E+00  5.06857E-28  5.50981E+05  1.57790E-03 -2.09595E+01
  7.34116E+00  4.08632E-28  6.83650E+05  1.66651E-03 -1.97064E+01
  7.43473E+00  3.01305E-28  9.27003E+05  1.79372E-03 -1.97438E+01
  7.52832E+00  2.55477E-28  1.08915E+06  1.86553E-03 -2.03547E+01
  7.62189E+00  2.36664E-28  1.17262E+06  1.90243E-03 -2.30570E+01
  7.71547E+00  2.37557E-28  1.16664E+06  1.88891E-03 -2.90828E+01
  7.80905E+00  2.45345E-28  1.12764E+06  1.86249E-03 -3.30148E+01
  7.90263E+00  2.70731E-28  1.01890E+06  1.83085E-03 -3.48319E+01
  7.99621E+00  4.24811E-28  6.53240E+05  1.71687E-03 -3.46983E+01
  8.08979E+00  8.79602E-28  3.14963E+05  1.56971E-03 -2.85285E+01
  8.18337E+00  2.06252E-27  1.34557E+05  1.51242E-03 -2.71746E+01
  8.27695E+00  2.62759E-27  1.05720E+05  1.50444E-03 -2.69590E+01
  8.37053E+00  1.51521E-27  1.84064E+05  1.53378E-03 -2.44739E+01
  8.46411E+00  9.64204E-28  2.89950E+05  1.57617E-03 -2.10014E+01
  8.55769E+00  5.70847E-28  4.93199E+05  1.64384E-03 -1.72196E+01
  8.65127E+00  4.25985E-28  6.61358E+05  1.69644E-03 -1.56999E+01
  8.74485E+00  3.28921E-28  8.54610E+05  1.75028E-03 -1.45083E+01
  8.83843E+00  3.13869E-28  8.93430E+05  1.76462E-03 -1.35636E+01
  8.93201E+00  3.07096E-28  9.13793E+05  1.77753E-03 -1.27330E+01
  9.02559E+00  3.15674E-28  8.89645E+05  1.76649E-03 -1.39066E+01
  9.11917E+00  3.40597E-28  8.26202E+05  1.73007E-03 -1.54776E+01
  9.21275E+00  3.69605E-28  7.61430E+05  1.68382E-03 -1.84536E+01
  9.30633E+00  3.69375E-28  7.60704E+05  1.67517E-03 -2.07006E+01
  9.39991E+00  3.45740E-28  8.08785E+05  1.68948E-03 -2.31403E+01
  9.49349E+00  3.23236E-28  8.63248E+05  1.71410E-03 -2.45233E+01
  9.58707E+00  3.06829E-28  9.09791E+05  1.73711E-03 -2.61064E+01
  9.68065E+00  3.03535E-28  9.21487E+05  1.74286E-03 -2.60841E+01
  9.77423E+00  3.14932E-28  8.93133E+05  1.73245E-03 -2.47683E+01
  9.86781E+00  3.62123E-28  7.85324E+05  1.68814E-03 -2.43387E+01
  9.96139E+00  4.20657E-28  6.84346E+05  1.64572E-03 -2.41784E+01
  1.00550E+01  4.38954E-28  6.64286E+05  1.63410E-03 -2.42286E+01
  1.01486E+01  4.06164E-28  7.27476E+05  1.65987E-03 -2.42761E+01
  1.02421E+01  3.20138E-28  9.32723E+05  1.76721E-03 -2.46028E+01
  1.03357E+01  2.56717E-28  1.17075E+06  1.88334E-03 -2.57375E+01
  1.04293E+01  2.25245E-28  1.34096E+06  1.96473E-03 -2.62836E+01
  1.05229E+01  2.15308E-28  1.40945E+06  1.99414E-03 -2.70552E+01
  1.06165E+01  2.14057E-28  1.42149E+06  1.99865E-03 -2.76231E+01
  1.07100E+01  2.14338E-28  1.42477E+06  1.99974E-03 -2.79448E+01
  1.08036E+01  2.14599E-28  1.42650E+06  1.99983E-03 -2.83568E+01
  1.08972E+01  2.15137E-28  1.42775E+06  1.99926E-03 -2.90921E+01
  1.09908E+01  2.15670E-28  1.42750E+06  1.99865E-03 -2.92098E+01
  1.10843E+01  2.16294E-28  1.42864E+06  1.99822E-03 -2.88561E+01
  1.11779E+01  2.16261E-28  1.43289E+06  1.99877E-03 -2.85862E+01
  1.12715E+01  2.16523E-28  1.43537E+06  1.99843E-03 -2.82493E+01
  1.13651E+01  2.17143E-28  1.43482E+06  1.99654E-03 -2.79132E+01
  1.14587E+01  2.18879E-28  1.42742E+06  1.99031E-03 -2.76239E+01
  1.15522E+01  2.24377E-28  1.39511E+06  1.97198E-03 -2.72213E+01
  1.16458E+01  2.32204E-28  1.34998E+06  1.94814E-03 -2.68268E+01
  1.17394E+01  2.43777E-28  1.28796E+06  1.91568E-03 -2.61957E+01
  1.18330E+01  2.49866E-28  1.25747E+06  1.89960E-03 -2.57043E+01
  1.19266E+01  2.54709E-28  1.23489E+06  1.88751E-03 -2.56878E+01
  1.20201E+01  2.60792E-28  1.20611E+06  1.87316E-03 -2.55687E+01
  1.21137E+01  2.66398E-28  1.18120E+06  1.86059E-03 -2.57581E+01
  1.22073E+01  2.66471E-28  1.18008E+06  1.86026E-03 -2.60513E+01
  1.23009E+01  2.66099E-28  1.18004E+06  1.86002E-03 -2.72985E+01
  1.23945E+01  2.65732E-28  1.18171E+06  1.86037E-03 -2.78033E+01
  1.24880E+01  2.61394E-28  1.20038E+06  1.86974E-03 -2.88722E+01
  1.25816E+01  2.49945E-28  1.25430E+06  1.89826E-03 -3.04999E+01
  1.26752E+01  2.45083E-28  1.27973E+06  1.91186E-03 -3.05428E+01
  1.27688E+01  2.26162E-28  1.38708E+06  1.97087E-03 -3.30123E+01
  1.28624E+01  2.25362E-28  1.39199E+06  1.97361E-03 -3.30699E+01
  1.29559E+01  2.22023E-28  1.41262E+06  1.98489E-03 -3.41758E+01
  1.30495E+01  2.20158E-28  1.42434E+06  1.99107E-03 -3.49275E+01
  1.31431E+01  2.20060E-28  1.42575E+06  1.99178E-03 -3.45491E+01
  1.32367E+01  2.22507E-28  1.41013E+06  1.98367E-03 -3.51581E+01
  1.33303E+01  2.20824E-28  1.42128E+06  1.98960E-03 -3.45541E+01
  1.34238E+01  2.20766E-28  1.42230E+06  1.99024E-03 -3.41099E+01
  1.35174E+01  2.22618E-28  1.41067E+06  1.98439E-03 -3.45457E+01
  1.36110E+01  2.21861E-28  1.41549E+06  1.98687E-03 -3.38654E+01
  1.37046E+01  2.22253E-28  1.41310E+06  1.98571E-03 -3.33272E+01
  1.37982E+01  2.21209E-28  1.42016E+06  1.98928E-03 -3.29915E+01
  1.38917E+01  2.21080E-28  1.42204E+06  1.99012E-03 -3.29630E+01
  1.39853E+01  2.20118E-28  1.42899E+06  1.99361E-03 -3.20973E+01
  1.40789E+01  2.19167E-28  1.43622E+06  1.99713E-03 -3.15336E+01
  1.41725E+01  2.19033E-28  1.43802E+06  1.99791E-03 -3.13455E+01
  1.42661E+01  2.18923E-28  1.43933E+06  1.99847E-03 -3.09805E+01
  1.43596E+01  2.18807E-28  1.44064E+06  1.99901E-03 -3.06566E+01
  1.44532E+01  2.18807E-28  1.44139E+06  1.99924E-03 -3.03661E+01
  1.45468E+01  2.18837E-28  1.44164E+06  1.99944E-03 -3.02011E+01
  1.46404E+01  2.18903E-28  1.44167E+06  1.99964E-03 -2.98599E+01
  1.47340E+01  2.19015E-28  1.44170E+06  1.99987E-03 -2.94990E+01
  1.48275E+01  2.19063E-28  1.44158E+06  1.99993E-03 -2.93718E+01
  1.49211E+01  2.19032E-28  1.44143E+06  1.99994E-03 -2.91505E+01
  1.50147E+01  2.19082E-28  1.44133E+06  1.99995E-03 -2.90451E+01
  1.51083E+01  2.19092E-28  1.44112E+06  1.99996E-03 -2.89178E+01
  1.52019E+01  2.19068E-28  1.44086E+06  1.99998E-03 -2.85421E+01
  1.52954E+01  2.19081E-28  1.44080E+06  1.99999E-03 -2.83624E+01
  1.53890E+01  2.19012E-28  1.44041E+06  1.99999E-03 -2.81251E+01
  1.54826E+01  2.18989E-28  1.44040E+06  2.00000E-03 -2.78740E+01
  1.55762E+01  2.18937E-28  1.44018E+06  2.00000E-03 -2.77726E+01
  1.56698E+01  2.18837E-28  1.43973E+06  2.00000E-03 -2.76431E+01
  1.57633E+01  2.18808E-28  1.43963E+06  2.00000E-03 -2.75882E+01
  1.58569E+01  2.18714E-28  1.43920E+06  2.00000E-03 -2.74030E+01
  1.59505E+01  2.18667E-28  1.43910E+06  2.00000E-03 -2.71179E+01
  1.60441E+01  2.18609E-28  1.43888E+06  2.00000E-03 -2.69613E+01
  1.61377E+01  2.18531E-28  1.43857E+06  2.00000E-03 -2.67113E+01
  1.62312E+01  2.18521E-28  1.43857E+06  2.00000E-03 -2.65585E+01
  1.63248E+01  2.18477E-28  1.43837E+06  2.00000E-03 -2.64174E+01
  1.64184E+01  2.18428E-28  1.43816E+06  2.00000E-03 -2.62790E+01
  1.65120E+01  2.18450E-28  1.43828E+06  2.00000E-03 -2.60865E+01
  1.66056E+01  2.18469E-28  1.43837E+06  2.00000E-03 -2.57601E+01
  1.66991E+01  2.18461E-28  1.43834E+06  2.00000E-03 -2.56211E+01
  1.67927E+01  2.18523E-28  1.43861E+06  2.00000E-03 -2.51942E+01
  1.68863E+01  2.18566E-28  1.43879E+06  2.00000E-03 -2.50740E+01
  1.69799E+01  2.18576E-28  1.43881E+06  2.00000E-03 -2.48959E+01
  1.70735E+01  2.18643E-28  1.43907E+06  2.00000E-03 -2.46519E+01
  1.71670E+01  2.18666E-28  1.43916E+06  2.00000E-03 -2.45178E+01
  1.72606E+01  2.18759E-28  1.43955E+06  2.00000E-03 -2.42077E+01
  1.73542E+01  2.18857E-28  1.43997E+06  2.00000E-03 -2.38605E+01
  1.74478E+01  2.18917E-28  1.44023E+06  2.00000E-03 -2.36453E+01
  1.75414E+01  2.19066E-28  1.44088E+06  2.00000E-03 -2.33275E+01
  1.76349E+01  2.19082E-28  1.44095E+06  2.00000E-03 -2.32257E+01
  1.77285E+01  2.19237E-28  1.44162E+06  2.00000E-03 -2.27829E+01
  1.78221E+01  2.19467E-28  1.44263E+06  2.00000E-03 -2.23229E+01
  1.79157E+01  2.19467E-28  1.44263E+06  2.00000E-03 -2.23229E+01
  1.80093E+01  2.19467E-28  1.44263E+06  2.00000E-03 -2.23229E+01
  1.81028E+01  2.19467E-28  1.44263E+06  2.00000E-03 -2.23229E+01
  1.81964E+01  2.19570E-28  1.44307E+06  2.00000E-03 -2.21786E+01
  1.82900E+01  2.19925E-28  1.44460E+06  2.00000E-03 -2.15560E+01
  1.83836E+01  2.19949E-28  1.44471E+06  2.00000E-03 -2.13987E+01
  1.84772E+01  2.19985E-28  1.44487E+06  2.00000E-03 -2.12226E+01
  1.85707E+01  2.20128E-28  1.44549E+06  2.00000E-03 -2.08630E+01
  1.86643E+01  2.20159E-28  1.44563E+06  2.00000E-03 -2.08196E+01
  1.87579E+01  2.20514E-28  1.44718E+06  2.00000E-03 -2.01859E+01
  1.88515E+01  2.20618E-28  1.44763E+06  2.00000E-03 -1.99126E+01
  1.89451E+01  2.20655E-28  1.44779E+06  2.00000E-03 -1.97894E+01
  1.90386E+01  2.20713E-28  1.44804E+06  2.00000E-03 -1.95955E+01
  1.91322E+01  2.20765E-28  1.44826E+06  2.00000E-03 -1.94451E+01
  1.92258E+01  2.20870E-28  1.44871E+06  2.00000E-03 -1.91746E+01
  1.93194E+01  2.20887E-28  1.44878E+06  2.00000E-03 -1.91323E+01
  1.94130E+01  2.20887E-28  1.44878E+06  2.00000E-03 -1.91323E+01
  1.95065E+01  2.20887E-28  1.44878E+06  2.00000E-03 -1.91323E+01
  1.96001E+01  2.20928E-28  1.44896E+06  2.00000E-03 -1.89929E+01
  1.96937E+01  2.20988E-28  1.44921E+06  2.00000E-03 -1.86917E+01
  1.97873E+01  2.21000E-28  1.44926E+06  2.00000E-03 -1.84859E+01
  1.98809E+01  2.20993E-28  1.44923E+06  2.00000E-03 -1.84602E+01
  1.99744E+01  2.20952E-28  1.44905E+06  2.00000E-03 -1.82866E+01
  2.00680E+01  2.20942E-28  1.44900E+06  2.00000E-03 -1.82147E+01
  2.01616E+01  2.20931E-28  1.44894E+06  2.00000E-03 -1.79958E+01
  2.02552E+01  2.20886E-28  1.44875E+06  2.00000E-03 -1.78232E+01
  2.03488E+01  2.20844E-28  1.44856E+06  2.00000E-03 -1.76794E+01
  2.04423E+01  2.20823E-28  1.44847E+06  2.00000E-03 -1.75956E+01
  2.05359E+01  2.20821E-28  1.44846E+06  2.00000E-03 -1.75883E+01
  2.06295E+01  2.20795E-28  1.44834E+06  2.00000E-03 -1.73907E+01
  2.07231E+01  2.20786E-28  1.44829E+06  2.00000E-03 -1.73147E+01
  2.08167E+01  2.20786E-28  1.44829E+06  2.00000E-03 -1.73147E+01
  2.09102E+01  2.20787E-28  1.44830E+06  2.00000E-03 -1.72870E+01
  2.10038E+01  2.20790E-28  1.44831E+06  2.00000E-03 -1.72295E+01
  2.10974E+01  2.20768E-28  1.44821E+06  2.00000E-03 -1.69475E+01
  2.11910E+01  2.20752E-28  1.44813E+06  2.00000E-03 -1.68391E+01
  2.12846E+01  2.20664E-28  1.44775E+06  2.00000E-03 -1.67382E+01
  2.13781E+01  2.20643E-28  1.44766E+06  2.00000E-03 -1.67150E+01
  2.14717E+01  2.20627E-28  1.44759E+06  2.00000E-03 -1.66895E+01
  2.15653E+01  2.20559E-28  1.44730E+06  2.00000E-03 -1.64409E+01
  2.16589E+01  2.20536E-28  1.44719E+06  2.00000E-03 -1.62073E+01
  2.17525E+01  2.20534E-28  1.44717E+06  2.00000E-03 -1.61466E+01
  2.18460E+01  2.20533E-28  1.44717E+06  2.00000E-03 -1.61093E+01
  2.19396E+01  2.20533E-28  1.44717E+06  2.00000E-03 -1.61093E+01
  2.20332E+01  2.20534E-28  1.44717E+06  2.00000E-03 -1.60048E+01
  2.21268E+01  2.20535E-28  1.44718E+06  2.00000E-03 -1.58466E+01
  2.22204E+01  2.20535E-28  1.44718E+06  2.00000E-03 -1.58413E+01
  2.23139E+01  2.20547E-28  1.44723E+06  2.00000E-03 -1.57967E+01
  2.24075E+01  2.20576E-28  1.44736E+06  2.00000E-03 -1.56844E+01
  2.25011E+01  2.20569E-28  1.44733E+06  2.00000E-03 -1.55973E+01
  2.25947E+01  2.20535E-28  1.44718E+06  2.00000E-03 -1.53578E+01
  2.26883E+01  2.20526E-28  1.44714E+06  2.00000E-03 -1.52709E+01
  2.27818E+01  2.20526E-28  1.44714E+06  2.00000E-03 -1.52732E+01
  2.28754E+01  2.20515E-28  1.44709E+06  2.00000E-03 -1.51650E+01
  2.29690E+01  2.20523E-28  1.44713E+06  2.00000E-03 -1.50085E+01
  2.30626E+01  2.20518E-28  1.44710E+06  2.00000E-03 -1.47987E+01
  2.31562E+01  2.20493E-28  1.44699E+06  2.00000E-03 -1.47456E+01
  2.32497E+01  2.20493E-28  1.44699E+06  2.00000E-03 -1.47456E+01
  2.33433E+01  2.20493E-28  1.44699E+06  2.00000E-03 -1.47456E+01
  2.34369E+01  2.20503E-28  1.44703E+06  2.00000E-03 -1.47044E+01
  2.35305E+01  2.20539E-28  1.44719E+06  2.00000E-03 -1.45558E+01
  2.36241E+01  2.20538E-28  1.44719E+06  2.00000E-03 -1.45096E+01
  2.37176E+01  2.20502E-28  1.44704E+06  2.00000E-03 -1.44872E+01
  2.38112E+01  2.20474E-28  1.44692E+06  2.00000E-03 -1.44694E+01
  2.39048E+01  2.20477E-28  1.44693E+06  2.00000E-03 -1.44664E+01
  2.39984E+01  2.20580E-28  1.44735E+06  2.00000E-03 -1.41513E+01
  2.40919E+01  2.20590E-28  1.44739E+06  2.00000E-03 -1.41076E+01
  2.41855E+01  2.20604E-28  1.44745E+06  2.00000E-03 -1.40351E+01
  2.42791E+01  2.20578E-28  1.44733E+06  2.00000E-03 -1.38896E+01
  2.43727E+01  2.20529E-28  1.44711E+06  2.00000E-03 -1.37128E+01
  2.44663E+01  2.20428E-28  1.44667E+06  2.00000E-03 -1.36271E+01
  2.45598E+01  2.20428E-28  1.44667E+06  2.00000E-03 -1.36271E+01
  2.46534E+01  2.20428E-28  1.44667E+06  2.00000E-03 -1.36271E+01
  2.47470E+01  2.20428E-28  1.44667E+06  2.00000E-03 -1.36271E+01
  2.48406E+01  2.20406E-28  1.44657E+06  2.00000E-03 -1.36144E+01
  2.49342E+01  2.20180E-28  1.44555E+06  2.00000E-03 -1.34873E+01
  2.50277E+01  2.20112E-28  1.44524E+06  2.00000E-03 -1.34488E+01
  2.51213E+01  2.20112E-28  1.44524E+06  2.00000E-03 -1.34488E+01
  2.52149E+01  2.20112E-28  1.44524E+06  2.00000E-03 -1.34488E+01
  2.53085E+01  2.20112E-28  1.44524E+06  2.00000E-03 -1.34488E+01
  2.54021E+01  2.20112E-28  1.44524E+06  2.00000E-03 -1.34488E+01
  2.54956E+01  2.20112E-28  1.44524E+06  2.00000E-03 -1.34488E+01
  2.55892E+01  2.20112E-28  1.44524E+06  2.00000E-03 -1.34488E+01
  2.56828E+01  2.20057E-28  1.44500E+06  2.00000E-03 -1.33758E+01
  2.57764E+01  2.19966E-28  1.44460E+06  2.00000E-03 -1.32592E+01
  2.58700E+01  2.19765E-28  1.44371E+06  2.00000E-03 -1.31342E+01
  2.59635E+01  2.19607E-28  1.44301E+06  2.00000E-03 -1.30577E+01
  2.60571E+01  2.19607E-28  1.44301E+06  2.00000E-03 -1.30577E+01
  2.61507E+01  2.19607E-28  1.44301E+06  2.00000E-03 -1.30577E+01
  2.62443E+01  2.19607E-28  1.44301E+06  2.00000E-03 -1.30577E+01
  2.63379E+01  2.19607E-28  1.44301E+06  2.00000E-03 -1.30577E+01
  2.64314E+01  2.19607E-28  1.44301E+06  2.00000E-03 -1.30577E+01
  2.65250E+01  2.19607E-28  1.44301E+06  2.00000E-03 -1.30577E+01
  2.66186E+01  2.19607E-28  1.44301E+06  2.00000E-03 -1.30577E+01
  2.67122E+01  2.19604E-28  1.44300E+06  2.00000E-03 -1.30392E+01
  2.68058E+01  2.19528E-28  1.44266E+06  2.00000E-03 -1.27952E+01
  2.68993E+01  2.19451E-28  1.44232E+06  2.00000E-03 -1.26569E+01
  2.69929E+01  2.19402E-28  1.44210E+06  2.00000E-03 -1.25333E+01
  2.70865E+01  2.19259E-28  1.44147E+06  2.00000E-03 -1.23670E+01
  2.71801E+01  2.19158E-28  1.44103E+06  2.00000E-03 -1.22914E+01
  2.72737E+01  2.19158E-28  1.44103E+06  2.00000E-03 -1.22914E+01
  2.73672E+01  2.19158E-28  1.44103E+06  2.00000E-03 -1.22914E+01
  2.74608E+01  2.19158E-28  1.44103E+06  2.00000E-03 -1.22914E+01
  2.75544E+01  2.19157E-28  1.44103E+06  2.00000E-03 -1.22914E+01
  2.76480E+01  2.19158E-28  1.44103E+06  2.00000E-03 -1.22914E+01
  2.77416E+01  2.19157E-28  1.44103E+06  2.00000E-03 -1.22688E+01
  2.78351E+01  2.19157E-28  1.44102E+06  2.00000E-03 -1.20286E+01
  2.79287E+01  2.19157E-28  1.44102E+06  2.00000E-03 -1.20004E+01
  2.80223E+01  2.19157E-28  1.44102E+06  2.00000E-03 -1.20004E+01
  2.81159E+01  2.19157E-28  1.44102E+06  2.00000E-03 -1.20004E+01
  2.82095E+01  2.19157E-28  1.44102E+06  2.00000E-03 -1.20004E+01
  2.83030E+01  2.19121E-28  1.44086E+06  2.00000E-03 -1.19890E+01
  2.83966E+01  2.18931E-28  1.44003E+06  2.00000E-03 -1.19290E+01
  2.84902E+01  2.18760E-28  1.43928E+06  2.00000E-03 -1.18750E+01
  2.85838E+01  2.18760E-28  1.43928E+06  2.00000E-03 -1.18750E+01
  2.86774E+01  2.18765E-28  1.43930E+06  2.00000E-03 -1.18355E+01
  2.87709E+01  2.18794E-28  1.43942E+06  2.00000E-03 -1.16231E+01
  2.88645E+01  2.18801E-28  1.43945E+06  2.00000E-03 -1.15697E+01
  2.89581E+01  2.18801E-28  1.43945E+06  2.00000E-03 -1.15697E+01
  2.90517E+01  2.18801E-28  1.43945E+06  2.00000E-03 -1.15697E+01
  2.91453E+01  2.18801E-28  1.43945E+06  2.00000E-03 -1.15697E+01
  2.92388E+01  2.18801E-28  1.43945E+06  2.00000E-03 -1.15697E+01
  2.93324E+01  2.18801E-28  1.43945E+06  2.00000E-03 -1.15697E+01
  2.94260E+01  2.18813E-28  1.43950E+06  2.00000E-03 -1.14849E+01
  2.95196E+01  2.18819E-28  1.43953E+06  2.00000E-03 -1.14375E+01
  2.96132E+01  2.18809E-28  1.43949E+06  2.00000E-03 -1.14187E+01
  2.97067E+01  2.18703E-28  1.43903E+06  2.00000E-03 -1.10879E+01
  2.98003E+01  2.18602E-28  1.43858E+06  2.00000E-03 -1.08539E+01
  2.98939E+01  2.18584E-28  1.43850E+06  2.00000E-03 -1.08488E+01
  2.99875E+01  2.18584E-28  1.43850E+06  2.00000E-03 -1.08488E+01
  3.00811E+01  2.18584E-28  1.43850E+06  2.00000E-03 -1.08488E+01
  3.01746E+01  2.18584E-28  1.43850E+06  2.00000E-03 -1.08488E+01
  3.02682E+01  2.18584E-28  1.43850E+06  2.00000E-03 -1.08488E+01
  3.03618E+01  2.18584E-28  1.43850E+06  2.00000E-03 -1.08488E+01
  3.04554E+01  2.18584E-28  1.43850E+06  2.00000E-03 -1.08488E+01
  3.05490E+01  2.18584E-28  1.43850E+06  2.00000E-03 -1.08488E+01
  3.06425E+01  2.18678E-28  1.43891E+06  2.00000E-03 -1.06860E+01
