 -2.38863E+01  2.19457E-28  1.44234E+06  2.00000E-03  8.99581E+00
 -2.38395E+01  2.19457E-28  1.44234E+06  2.00000E-03  8.99581E+00
 -2.37927E+01  2.19457E-28  1.44234E+06  2.00000E-03  8.99581E+00
 -2.37459E+01  2.19457E-28  1.44234E+06  2.00000E-03  8.99581E+00
 -2.36991E+01  2.19457E-28  1.44234E+06  2.00000E-03  8.99581E+00
 -2.36523E+01  2.19457E-28  1.44234E+06  2.00000E-03  8.99581E+00
 -2.36055E+01  2.19457E-28  1.44234E+06  2.00000E-03  8.99581E+00
 -2.35587E+01  2.19457E-28  1.44234E+06  2.00000E-03  8.99581E+00
 -2.35119E+01  2.19457E-28  1.44234E+06  2.00000E-03  8.99581E+00
 -2.34651E+01  2.19457E-28  1.44234E+06  2.00000E-03  8.99581E+00
 -2.34184E+01  2.19457E-28  1.44234E+06  2.00000E-03  8.99581E+00
 -2.33716E+01  2.19457E-28  1.44234E+06  2.00000E-03  8.99581E+00
 -2.33248E+01  2.19457E-28  1.44234E+06  2.00000E-03  8.99581E+00
 -2.32780E+01  2.19457E-28  1.44234E+06  2.00000E-03  8.99581E+00
 -2.32312E+01  2.19457E-28  1.44234E+06  2.00000E-03  8.99581E+00
 -2.31844E+01  2.19465E-28  1.44238E+06  2.00000E-03  9.07663E+00
 -2.31376E+01  2.19472E-28  1.44241E+06  2.00000E-03  9.15744E+00
 -2.30908E+01  2.19472E-28  1.44241E+06  2.00000E-03  9.15744E+00
 -2.30440E+01  2.19472E-28  1.44241E+06  2.00000E-03  9.15744E+00
 -2.29972E+01  2.19472E-28  1.44241E+06  2.00000E-03  9.15744E+00
 -2.29505E+01  2.19472E-28  1.44241E+06  2.00000E-03  9.15744E+00
 -2.29037E+01  2.19472E-28  1.44241E+06  2.00000E-03  9.15744E+00
 -2.28569E+01  2.19472E-28  1.44241E+06  2.00000E-03  9.15744E+00
 -2.28101E+01  2.19472E-28  1.44241E+06  2.00000E-03  9.15744E+00
 -2.27633E+01  2.19472E-28  1.44241E+06  2.00000E-03  9.15744E+00
 -2.27165E+01  2.19472E-28  1.44241E+06  2.00000E-03  9.15744E+00
 -2.26697E+01  2.19472E-28  1.44241E+06  2.00000E-03  9.15744E+00
 -2.26229E+01  2.19472E-28  1.44241E+06  2.00000E-03  9.15744E+00
 -2.25761E+01  2.19472E-28  1.44241E+06  2.00000E-03  9.15744E+00
 -2.25294E+01  2.19472E-28  1.44241E+06  2.00000E-03  9.15744E+00
 -2.24826E+01  2.19472E-28  1.44241E+06  2.00000E-03  9.15744E+00
 -2.24358E+01  2.19513E-28  1.44260E+06  2.00000E-03  9.21537E+00
 -2.23890E+01  2.19555E-28  1.44279E+06  2.00000E-03  9.27328E+00
 -2.23422E+01  2.19555E-28  1.44279E+06  2.00000E-03  9.27328E+00
 -2.22954E+01  2.19555E-28  1.44279E+06  2.00000E-03  9.27328E+00
 -2.22486E+01  2.19555E-28  1.44279E+06  2.00000E-03  9.27328E+00
 -2.22018E+01  2.19555E-28  1.44279E+06  2.00000E-03  9.27328E+00
 -2.21550E+01  2.19555E-28  1.44279E+06  2.00000E-03  9.27328E+00
 -2.21082E+01  2.19555E-28  1.44279E+06  2.00000E-03  9.27328E+00
 -2.20615E+01  2.19555E-28  1.44279E+06  2.00000E-03  9.27328E+00
 -2.20147E+01  2.19555E-28  1.44279E+06  2.00000E-03  9.27328E+00
 -2.19679E+01  2.19555E-28  1.44279E+06  2.00000E-03  9.27328E+00
 -2.19211E+01  2.19555E-28  1.44279E+06  2.00000E-03  9.27328E+00
 -2.18743E+01  2.19555E-28  1.44279E+06  2.00000E-03  9.27328E+00
 -2.18275E+01  2.19555E-28  1.44279E+06  2.00000E-03  9.27328E+00
 -2.17807E+01  2.19555E-28  1.44279E+06  2.00000E-03  9.27328E+00
 -2.17339E+01  2.19555E-28  1.44279E+06  2.00000E-03  9.27328E+00
 -2.16871E+01  2.19659E-28  1.44325E+06  2.00000E-03  9.30213E+00
 -2.16403E+01  2.19763E-28  1.44371E+06  2.00000E-03  9.33096E+00
 -2.15936E+01  2.19763E-28  1.44371E+06  2.00000E-03  9.33096E+00
 -2.15468E+01  2.19763E-28  1.44371E+06  2.00000E-03  9.33096E+00
 -2.15000E+01  2.19763E-28  1.44371E+06  2.00000E-03  9.33096E+00
 -2.14532E+01  2.19763E-28  1.44371E+06  2.00000E-03  9.33096E+00
 -2.14064E+01  2.19763E-28  1.44371E+06  2.00000E-03  9.33096E+00
 -2.13596E+01  2.19763E-28  1.44371E+06  2.00000E-03  9.33096E+00
 -2.13128E+01  2.19763E-28  1.44371E+06  2.00000E-03  9.33096E+00
 -2.12660E+01  2.19763E-28  1.44371E+06  2.00000E-03  9.33096E+00
 -2.12192E+01  2.19763E-28  1.44371E+06  2.00000E-03  9.33096E+00
 -2.11724E+01  2.19763E-28  1.44371E+06  2.00000E-03  9.33096E+00
 -2.11257E+01  2.19763E-28  1.44371E+06  2.00000E-03  9.33096E+00
 -2.10789E+01  2.19763E-28  1.44371E+06  2.00000E-03  9.33096E+00
 -2.10321E+01  2.19763E-28  1.44371E+06  2.00000E-03  9.33096E+00
 -2.09853E+01  2.19763E-28  1.44371E+06  2.00000E-03  9.33096E+00
 -2.09385E+01  2.19930E-28  1.44445E+06  2.00000E-03  9.34048E+00
 -2.08917E+01  2.20096E-28  1.44519E+06  2.00000E-03  9.34999E+00
 -2.08449E+01  2.20096E-28  1.44519E+06  2.00000E-03  9.34999E+00
 -2.07981E+01  2.20096E-28  1.44519E+06  2.00000E-03  9.34999E+00
 -2.07513E+01  2.20096E-28  1.44519E+06  2.00000E-03  9.34999E+00
 -2.07045E+01  2.20096E-28  1.44519E+06  2.00000E-03  9.34999E+00
 -2.06578E+01  2.20096E-28  1.44519E+06  2.00000E-03  9.34999E+00
 -2.06110E+01  2.20096E-28  1.44519E+06  2.00000E-03  9.34999E+00
 -2.05642E+01  2.20096E-28  1.44519E+06  2.00000E-03  9.34999E+00
 -2.05174E+01  2.20096E-28  1.44519E+06  2.00000E-03  9.34999E+00
 -2.04706E+01  2.20096E-28  1.44519E+06  2.00000E-03  9.34999E+00
 -2.04238E+01  2.20096E-28  1.44519E+06  2.00000E-03  9.34999E+00
 -2.03770E+01  2.20096E-28  1.44519E+06  2.00000E-03  9.34999E+00
 -2.03302E+01  2.20096E-28  1.44519E+06  2.00000E-03  9.34999E+00
 -2.02834E+01  2.20096E-28  1.44519E+06  2.00000E-03  9.34999E+00
 -2.02366E+01  2.20096E-28  1.44519E+06  2.00000E-03  9.34999E+00
 -2.01899E+01  2.20316E-28  1.44616E+06  2.00000E-03  9.33897E+00
 -2.01431E+01  2.20536E-28  1.44713E+06  2.00000E-03  9.32798E+00
 -2.00963E+01  2.20536E-28  1.44713E+06  2.00000E-03  9.32798E+00
 -2.00495E+01  2.20536E-28  1.44713E+06  2.00000E-03  9.32798E+00
 -2.00027E+01  2.20536E-28  1.44713E+06  2.00000E-03  9.32798E+00
 -1.99559E+01  2.20536E-28  1.44713E+06  2.00000E-03  9.32798E+00
 -1.99091E+01  2.20536E-28  1.44713E+06  2.00000E-03  9.32798E+00
 -1.98623E+01  2.20536E-28  1.44713E+06  2.00000E-03  9.32798E+00
 -1.98155E+01  2.20536E-28  1.44713E+06  2.00000E-03  9.32798E+00
 -1.97687E+01  2.20536E-28  1.44713E+06  2.00000E-03  9.32798E+00
 -1.97220E+01  2.20536E-28  1.44713E+06  2.00000E-03  9.32798E+00
 -1.96752E+01  2.20536E-28  1.44713E+06  2.00000E-03  9.32798E+00
 -1.96284E+01  2.20536E-28  1.44713E+06  2.00000E-03  9.32798E+00
 -1.95816E+01  2.20536E-28  1.44713E+06  2.00000E-03  9.32798E+00
 -1.95348E+01  2.20536E-28  1.44713E+06  2.00000E-03  9.32798E+00
 -1.94880E+01  2.20536E-28  1.44713E+06  2.00000E-03  9.32798E+00
 -1.94412E+01  2.20748E-28  1.44808E+06  2.00000E-03  9.31848E+00
 -1.93944E+01  2.20961E-28  1.44904E+06  2.00000E-03  9.30900E+00
 -1.93476E+01  2.20961E-28  1.44904E+06  2.00000E-03  9.30900E+00
 -1.93008E+01  2.20961E-28  1.44904E+06  2.00000E-03  9.30900E+00
 -1.92541E+01  2.20961E-28  1.44904E+06  2.00000E-03  9.30900E+00
 -1.92073E+01  2.20961E-28  1.44904E+06  2.00000E-03  9.30900E+00
 -1.91605E+01  2.20961E-28  1.44904E+06  2.00000E-03  9.30900E+00
 -1.91137E+01  2.20961E-28  1.44904E+06  2.00000E-03  9.30900E+00
 -1.90669E+01  2.20961E-28  1.44904E+06  2.00000E-03  9.30900E+00
 -1.90201E+01  2.20961E-28  1.44904E+06  2.00000E-03  9.30900E+00
 -1.89733E+01  2.20961E-28  1.44904E+06  2.00000E-03  9.30900E+00
 -1.89265E+01  2.20961E-28  1.44904E+06  2.00000E-03  9.30900E+00
 -1.88797E+01  2.20961E-28  1.44904E+06  2.00000E-03  9.30900E+00
 -1.88329E+01  2.20961E-28  1.44904E+06  2.00000E-03  9.30900E+00
 -1.87862E+01  2.20961E-28  1.44904E+06  2.00000E-03  9.30900E+00
 -1.87394E+01  2.20961E-28  1.44904E+06  2.00000E-03  9.30900E+00
 -1.86926E+01  2.21109E-28  1.44970E+06  2.00000E-03  9.26197E+00
 -1.86458E+01  2.21256E-28  1.45036E+06  2.00000E-03  9.21501E+00
 -1.85990E+01  2.21256E-28  1.45036E+06  2.00000E-03  9.21501E+00
 -1.85522E+01  2.21256E-28  1.45036E+06  2.00000E-03  9.21501E+00
 -1.85054E+01  2.21256E-28  1.45036E+06  2.00000E-03  9.21501E+00
 -1.84586E+01  2.21256E-28  1.45036E+06  2.00000E-03  9.21501E+00
 -1.84118E+01  2.21256E-28  1.45036E+06  2.00000E-03  9.21501E+00
 -1.83650E+01  2.21256E-28  1.45036E+06  2.00000E-03  9.21501E+00
 -1.83183E+01  2.21274E-28  1.45043E+06  2.00000E-03  9.27839E+00
 -1.82715E+01  2.21291E-28  1.45050E+06  2.00000E-03  9.34175E+00
 -1.82247E+01  2.21291E-28  1.45050E+06  2.00000E-03  9.34175E+00
 -1.81779E+01  2.21291E-28  1.45050E+06  2.00000E-03  9.34175E+00
 -1.81311E+01  2.21291E-28  1.45050E+06  2.00000E-03  9.34175E+00
 -1.80843E+01  2.21291E-28  1.45050E+06  2.00000E-03  9.34175E+00
 -1.80375E+01  2.21291E-28  1.45050E+06  2.00000E-03  9.34175E+00
 -1.79907E+01  2.21291E-28  1.45050E+06  2.00000E-03  9.34175E+00
 -1.79439E+01  2.21270E-28  1.45040E+06  2.00000E-03  9.41787E+00
 -1.78971E+01  2.21249E-28  1.45030E+06  2.00000E-03  9.49400E+00
 -1.78504E+01  2.21249E-28  1.45030E+06  2.00000E-03  9.49400E+00
 -1.78036E+01  2.21249E-28  1.45030E+06  2.00000E-03  9.49400E+00
 -1.77568E+01  2.21249E-28  1.45030E+06  2.00000E-03  9.49400E+00
 -1.77100E+01  2.21249E-28  1.45030E+06  2.00000E-03  9.49400E+00
 -1.76632E+01  2.21249E-28  1.45030E+06  2.00000E-03  9.49400E+00
 -1.76164E+01  2.21249E-28  1.45030E+06  2.00000E-03  9.49400E+00
 -1.75696E+01  2.21210E-28  1.45014E+06  2.00000E-03  9.57453E+00
 -1.75228E+01  2.21170E-28  1.44997E+06  2.00000E-03  9.65508E+00
 -1.74760E+01  2.21170E-28  1.44997E+06  2.00000E-03  9.65508E+00
 -1.74292E+01  2.21170E-28  1.44997E+06  2.00000E-03  9.65508E+00
 -1.73825E+01  2.21170E-28  1.44997E+06  2.00000E-03  9.65508E+00
 -1.73357E+01  2.21170E-28  1.44997E+06  2.00000E-03  9.65508E+00
 -1.72889E+01  2.21170E-28  1.44997E+06  2.00000E-03  9.65508E+00
 -1.72421E+01  2.21170E-28  1.44997E+06  2.00000E-03  9.65508E+00
 -1.71953E+01  2.21133E-28  1.44982E+06  2.00000E-03  9.72459E+00
 -1.71485E+01  2.21095E-28  1.44967E+06  2.00000E-03  9.79411E+00
 -1.71017E+01  2.21095E-28  1.44967E+06  2.00000E-03  9.79411E+00
 -1.70549E+01  2.21095E-28  1.44967E+06  2.00000E-03  9.79411E+00
 -1.70081E+01  2.21095E-28  1.44967E+06  2.00000E-03  9.79411E+00
 -1.69613E+01  2.21095E-28  1.44967E+06  2.00000E-03  9.79411E+00
 -1.69146E+01  2.21095E-28  1.44967E+06  2.00000E-03  9.79411E+00
 -1.68678E+01  2.21095E-28  1.44967E+06  2.00000E-03  9.79411E+00
 -1.68210E+01  2.21060E-28  1.44953E+06  2.00000E-03  9.85372E+00
 -1.67742E+01  2.21026E-28  1.44939E+06  2.00000E-03  9.91334E+00
 -1.67274E+01  2.21026E-28  1.44939E+06  2.00000E-03  9.91334E+00
 -1.66806E+01  2.21026E-28  1.44939E+06  2.00000E-03  9.91334E+00
 -1.66338E+01  2.21026E-28  1.44939E+06  2.00000E-03  9.91334E+00
 -1.65870E+01  2.21026E-28  1.44939E+06  2.00000E-03  9.91334E+00
 -1.65402E+01  2.21026E-28  1.44939E+06  2.00000E-03  9.91334E+00
 -1.64935E+01  2.21026E-28  1.44939E+06  2.00000E-03  9.91334E+00
 -1.64467E+01  2.20986E-28  1.44923E+06  2.00000E-03  9.98678E+00
 -1.63999E+01  2.20946E-28  1.44906E+06  2.00000E-03  1.00602E+01
 -1.63531E+01  2.20946E-28  1.44906E+06  2.00000E-03  1.00602E+01
 -1.63063E+01  2.20946E-28  1.44906E+06  2.00000E-03  1.00602E+01
 -1.62595E+01  2.20946E-28  1.44906E+06  2.00000E-03  1.00602E+01
 -1.62127E+01  2.20946E-28  1.44906E+06  2.00000E-03  1.00602E+01
 -1.61659E+01  2.20946E-28  1.44906E+06  2.00000E-03  1.00602E+01
 -1.61191E+01  2.20946E-28  1.44906E+06  2.00000E-03  1.00602E+01
 -1.60723E+01  2.20890E-28  1.44881E+06  2.00000E-03  1.01697E+01
 -1.60256E+01  2.20834E-28  1.44856E+06  2.00000E-03  1.02792E+01
 -1.59788E+01  2.20834E-28  1.44856E+06  2.00000E-03  1.02792E+01
 -1.59320E+01  2.20834E-28  1.44856E+06  2.00000E-03  1.02792E+01
 -1.58852E+01  2.20834E-28  1.44856E+06  2.00000E-03  1.02792E+01
 -1.58384E+01  2.20834E-28  1.44856E+06  2.00000E-03  1.02792E+01
 -1.57916E+01  2.20834E-28  1.44856E+06  2.00000E-03  1.02792E+01
 -1.57448E+01  2.20834E-28  1.44856E+06  2.00000E-03  1.02792E+01
 -1.56980E+01  2.20754E-28  1.44821E+06  2.00000E-03  1.04241E+01
 -1.56512E+01  2.20674E-28  1.44786E+06  2.00000E-03  1.05691E+01
 -1.56044E+01  2.20674E-28  1.44786E+06  2.00000E-03  1.05691E+01
 -1.55577E+01  2.20674E-28  1.44786E+06  2.00000E-03  1.05691E+01
 -1.55109E+01  2.20674E-28  1.44786E+06  2.00000E-03  1.05691E+01
 -1.54641E+01  2.20674E-28  1.44786E+06  2.00000E-03  1.05691E+01
 -1.54173E+01  2.20674E-28  1.44786E+06  2.00000E-03  1.05691E+01
 -1.53705E+01  2.20674E-28  1.44786E+06  2.00000E-03  1.05691E+01
 -1.53237E+01  2.20545E-28  1.44741E+06  2.00000E-03  1.07392E+01
 -1.52769E+01  2.20416E-28  1.44696E+06  2.00000E-03  1.09095E+01
 -1.52301E+01  2.20416E-28  1.44696E+06  2.00000E-03  1.09095E+01
 -1.51833E+01  2.20416E-28  1.44696E+06  2.00000E-03  1.09095E+01
 -1.51365E+01  2.20416E-28  1.44696E+06  2.00000E-03  1.09095E+01
 -1.50898E+01  2.20416E-28  1.44696E+06  2.00000E-03  1.09095E+01
 -1.50430E+01  2.20416E-28  1.44696E+06  2.00000E-03  1.09095E+01
 -1.49962E+01  2.20416E-28  1.44696E+06  2.00000E-03  1.09095E+01
 -1.49494E+01  2.20209E-28  1.44634E+06  2.00000E-03  1.10952E+01
 -1.49026E+01  2.20001E-28  1.44573E+06  2.00000E-03  1.12811E+01
 -1.48558E+01  2.20001E-28  1.44573E+06  2.00000E-03  1.12811E+01
 -1.48090E+01  2.20001E-28  1.44573E+06  2.00000E-03  1.12811E+01
 -1.47622E+01  2.20001E-28  1.44573E+06  2.00000E-03  1.12811E+01
 -1.47154E+01  2.20001E-28  1.44573E+06  2.00000E-03  1.12811E+01
 -1.46686E+01  2.20001E-28  1.44573E+06  2.00000E-03  1.12811E+01
 -1.46219E+01  2.20001E-28  1.44573E+06  2.00000E-03  1.12811E+01
 -1.45751E+01  2.19694E-28  1.44476E+06  2.00000E-03  1.14682E+01
 -1.45283E+01  2.19387E-28  1.44379E+06  2.00000E-03  1.16558E+01
 -1.44815E+01  2.19387E-28  1.44379E+06  2.00000E-03  1.16558E+01
 -1.44347E+01  2.19387E-28  1.44379E+06  2.00000E-03  1.16558E+01
 -1.43879E+01  2.19387E-28  1.44379E+06  2.00000E-03  1.16558E+01
 -1.43411E+01  2.19387E-28  1.44379E+06  2.00000E-03  1.16558E+01
 -1.42943E+01  2.19387E-28  1.44379E+06  2.00000E-03  1.16558E+01
 -1.42475E+01  2.19387E-28  1.44379E+06  2.00000E-03  1.16558E+01
 -1.42007E+01  2.18969E-28  1.44253E+06  1.99999E-03  1.18063E+01
 -1.41540E+01  2.18551E-28  1.44127E+06  1.99999E-03  1.19573E+01
 -1.41072E+01  2.18551E-28  1.44127E+06  1.99999E-03  1.19573E+01
 -1.40604E+01  2.18551E-28  1.44127E+06  1.99999E-03  1.19573E+01
 -1.40136E+01  2.18551E-28  1.44127E+06  1.99999E-03  1.19573E+01
 -1.39668E+01  2.18551E-28  1.44127E+06  1.99999E-03  1.19573E+01
 -1.39200E+01  2.18551E-28  1.44127E+06  1.99999E-03  1.19573E+01
 -1.38732E+01  2.18551E-28  1.44127E+06  1.99999E-03  1.19573E+01
 -1.38264E+01  2.18172E-28  1.44023E+06  1.99999E-03  1.20771E+01
 -1.37796E+01  2.17793E-28  1.43920E+06  1.99998E-03  1.21974E+01
 -1.37328E+01  2.17793E-28  1.43920E+06  1.99998E-03  1.21974E+01
 -1.36861E+01  2.17793E-28  1.43920E+06  1.99998E-03  1.21974E+01
 -1.36393E+01  2.17598E-28  1.43851E+06  1.99998E-03  1.22755E+01
 -1.35925E+01  2.17402E-28  1.43782E+06  1.99998E-03  1.23538E+01
 -1.35457E+01  2.17402E-28  1.43782E+06  1.99998E-03  1.23538E+01
 -1.34989E+01  2.17402E-28  1.43782E+06  1.99998E-03  1.23538E+01
 -1.34521E+01  2.17190E-28  1.43704E+06  1.99998E-03  1.24167E+01
 -1.34053E+01  2.16978E-28  1.43625E+06  1.99998E-03  1.24798E+01
 -1.33585E+01  2.16978E-28  1.43625E+06  1.99998E-03  1.24798E+01
 -1.33117E+01  2.16978E-28  1.43625E+06  1.99998E-03  1.24798E+01
 -1.32649E+01  2.16842E-28  1.43577E+06  1.99997E-03  1.25961E+01
 -1.32182E+01  2.16705E-28  1.43530E+06  1.99997E-03  1.27126E+01
 -1.31714E+01  2.16705E-28  1.43530E+06  1.99997E-03  1.27126E+01
 -1.31246E+01  2.16705E-28  1.43530E+06  1.99997E-03  1.27126E+01
 -1.30778E+01  2.16519E-28  1.43460E+06  1.99997E-03  1.28889E+01
 -1.30310E+01  2.16333E-28  1.43390E+06  1.99996E-03  1.30655E+01
 -1.29842E+01  2.16333E-28  1.43390E+06  1.99996E-03  1.30655E+01
 -1.29374E+01  2.16333E-28  1.43390E+06  1.99996E-03  1.30655E+01
 -1.28906E+01  2.16216E-28  1.43350E+06  1.99995E-03  1.32289E+01
 -1.28438E+01  2.16098E-28  1.43311E+06  1.99994E-03  1.33925E+01
 -1.27970E+01  2.16098E-28  1.43311E+06  1.99994E-03  1.33925E+01
 -1.27503E+01  2.16098E-28  1.43311E+06  1.99994E-03  1.33925E+01
 -1.27035E+01  2.15999E-28  1.43278E+06  1.99992E-03  1.35855E+01
 -1.26567E+01  2.15900E-28  1.43244E+06  1.99989E-03  1.37786E+01
 -1.26099E+01  2.15900E-28  1.43244E+06  1.99989E-03  1.37786E+01
 -1.25631E+01  2.15900E-28  1.43244E+06  1.99989E-03  1.37786E+01
 -1.25163E+01  2.15801E-28  1.43202E+06  1.99986E-03  1.39404E+01
 -1.24695E+01  2.15702E-28  1.43160E+06  1.99983E-03  1.41023E+01
 -1.24227E+01  2.15702E-28  1.43160E+06  1.99983E-03  1.41023E+01
 -1.23759E+01  2.15702E-28  1.43160E+06  1.99983E-03  1.41023E+01
 -1.23291E+01  2.15617E-28  1.43114E+06  1.99978E-03  1.41862E+01
 -1.22824E+01  2.15532E-28  1.43068E+06  1.99974E-03  1.42702E+01
 -1.22356E+01  2.15532E-28  1.43068E+06  1.99974E-03  1.42702E+01
 -1.21888E+01  2.15532E-28  1.43068E+06  1.99974E-03  1.42702E+01
 -1.21420E+01  2.15455E-28  1.43027E+06  1.99971E-03  1.43076E+01
 -1.20952E+01  2.15377E-28  1.42986E+06  1.99968E-03  1.43450E+01
 -1.20484E+01  2.15377E-28  1.42986E+06  1.99968E-03  1.43450E+01
 -1.20016E+01  2.15377E-28  1.42986E+06  1.99968E-03  1.43450E+01
 -1.19548E+01  2.15288E-28  1.42953E+06  1.99968E-03  1.43716E+01
 -1.19080E+01  2.15198E-28  1.42919E+06  1.99968E-03  1.43983E+01
 -1.18612E+01  2.15198E-28  1.42919E+06  1.99968E-03  1.43983E+01
 -1.18145E+01  2.15198E-28  1.42919E+06  1.99968E-03  1.43983E+01
 -1.17677E+01  2.15102E-28  1.42896E+06  1.99970E-03  1.44131E+01
 -1.17209E+01  2.15006E-28  1.42872E+06  1.99971E-03  1.44280E+01
 -1.16741E+01  2.15006E-28  1.42872E+06  1.99971E-03  1.44280E+01
 -1.16273E+01  2.15006E-28  1.42872E+06  1.99971E-03  1.44280E+01
 -1.15805E+01  2.14918E-28  1.42857E+06  1.99974E-03  1.44154E+01
 -1.15337E+01  2.14830E-28  1.42843E+06  1.99977E-03  1.44028E+01
 -1.14869E+01  2.14830E-28  1.42843E+06  1.99977E-03  1.44028E+01
 -1.14401E+01  2.14830E-28  1.42843E+06  1.99977E-03  1.44028E+01
 -1.13933E+01  2.14771E-28  1.42839E+06  1.99981E-03  1.43476E+01
 -1.13466E+01  2.14711E-28  1.42836E+06  1.99984E-03  1.42924E+01
 -1.12998E+01  2.14711E-28  1.42836E+06  1.99984E-03  1.42924E+01
 -1.12530E+01  2.14711E-28  1.42836E+06  1.99984E-03  1.42924E+01
 -1.12062E+01  2.14712E-28  1.42836E+06  1.99987E-03  1.41837E+01
 -1.11594E+01  2.14713E-28  1.42836E+06  1.99990E-03  1.40750E+01
 -1.11126E+01  2.14713E-28  1.42836E+06  1.99990E-03  1.40750E+01
 -1.10658E+01  2.14713E-28  1.42836E+06  1.99990E-03  1.40750E+01
 -1.10190E+01  2.14800E-28  1.42837E+06  1.99992E-03  1.39073E+01
 -1.09722E+01  2.14887E-28  1.42838E+06  1.99994E-03  1.37398E+01
 -1.09254E+01  2.14887E-28  1.42838E+06  1.99994E-03  1.37398E+01
 -1.08787E+01  2.14887E-28  1.42838E+06  1.99994E-03  1.37398E+01
 -1.08319E+01  2.15043E-28  1.42854E+06  1.99995E-03  1.35201E+01
 -1.07851E+01  2.15199E-28  1.42870E+06  1.99996E-03  1.33006E+01
 -1.07383E+01  2.15199E-28  1.42870E+06  1.99996E-03  1.33006E+01
 -1.06915E+01  2.15199E-28  1.42870E+06  1.99996E-03  1.33006E+01
 -1.06447E+01  2.15381E-28  1.42914E+06  1.99992E-03  1.30497E+01
 -1.05979E+01  2.15564E-28  1.42957E+06  1.99989E-03  1.27992E+01
 -1.05511E+01  2.15564E-28  1.42957E+06  1.99989E-03  1.27992E+01
 -1.05043E+01  2.15564E-28  1.42957E+06  1.99989E-03  1.27992E+01
 -1.04575E+01  2.15778E-28  1.42988E+06  1.99975E-03  1.25437E+01
 -1.04108E+01  2.15992E-28  1.43020E+06  1.99961E-03  1.22886E+01
 -1.03640E+01  2.15992E-28  1.43020E+06  1.99961E-03  1.22886E+01
 -1.03172E+01  2.15992E-28  1.43020E+06  1.99961E-03  1.22886E+01
 -1.02704E+01  2.16307E-28  1.42959E+06  1.99920E-03  1.20515E+01
 -1.02236E+01  2.16623E-28  1.42898E+06  1.99878E-03  1.18150E+01
 -1.01768E+01  2.16623E-28  1.42898E+06  1.99878E-03  1.18150E+01
 -1.01300E+01  2.16623E-28  1.42898E+06  1.99878E-03  1.18150E+01
 -1.00832E+01  2.17027E-28  1.42732E+06  1.99788E-03  1.16130E+01
 -1.00364E+01  2.17431E-28  1.42567E+06  1.99697E-03  1.14116E+01
 -9.98965E+00  2.17431E-28  1.42567E+06  1.99697E-03  1.14116E+01
 -9.94286E+00  2.17431E-28  1.42567E+06  1.99697E-03  1.14116E+01
 -9.89607E+00  2.17728E-28  1.42417E+06  1.99615E-03  1.12507E+01
 -9.84928E+00  2.18024E-28  1.42268E+06  1.99532E-03  1.10902E+01
 -9.80249E+00  2.18024E-28  1.42268E+06  1.99532E-03  1.10902E+01
 -9.75570E+00  2.18024E-28  1.42268E+06  1.99532E-03  1.10902E+01
 -9.70891E+00  2.18008E-28  1.42269E+06  1.99547E-03  1.09580E+01
 -9.66212E+00  2.17991E-28  1.42270E+06  1.99562E-03  1.08257E+01
 -9.61533E+00  2.17991E-28  1.42270E+06  1.99562E-03  1.08257E+01
 -9.56854E+00  2.17991E-28  1.42270E+06  1.99562E-03  1.08257E+01
 -9.52175E+00  2.17657E-28  1.42436E+06  1.99662E-03  1.06924E+01
 -9.47496E+00  2.17323E-28  1.42602E+06  1.99762E-03  1.05587E+01
 -9.42817E+00  2.17323E-28  1.42602E+06  1.99762E-03  1.05587E+01
 -9.38138E+00  2.17323E-28  1.42602E+06  1.99762E-03  1.05587E+01
 -9.33459E+00  2.16913E-28  1.42790E+06  1.99838E-03  1.03925E+01
 -9.28780E+00  2.16503E-28  1.42979E+06  1.99915E-03  1.02256E+01
 -9.24101E+00  2.16503E-28  1.42979E+06  1.99915E-03  1.02256E+01
 -9.19422E+00  2.16503E-28  1.42979E+06  1.99915E-03  1.02256E+01
 -9.14743E+00  2.16425E-28  1.42938E+06  1.99890E-03  1.00105E+01
 -9.10064E+00  2.16346E-28  1.42897E+06  1.99864E-03  9.79522E+00
 -9.05385E+00  2.16346E-28  1.42897E+06  1.99864E-03  9.79522E+00
 -9.00706E+00  2.16346E-28  1.42897E+06  1.99864E-03  9.79522E+00
 -8.96027E+00  2.17010E-28  1.42364E+06  1.99677E-03  9.52240E+00
 -8.91348E+00  2.17673E-28  1.41835E+06  1.99491E-03  9.25124E+00
 -8.86669E+00  2.17673E-28  1.41835E+06  1.99491E-03  9.25124E+00
 -8.81990E+00  2.17673E-28  1.41835E+06  1.99491E-03  9.25124E+00
 -8.77311E+00  2.19708E-28  1.40420E+06  1.98908E-03  8.88741E+00
 -8.72632E+00  2.21743E-28  1.39031E+06  1.98336E-03  8.53025E+00
 -8.67953E+00  2.21743E-28  1.39031E+06  1.98336E-03  8.53025E+00
 -8.63274E+00  2.21743E-28  1.39031E+06  1.98336E-03  8.53025E+00
 -8.58595E+00  2.25630E-28  1.36532E+06  1.96984E-03  8.01210E+00
 -8.53916E+00  2.29516E-28  1.34119E+06  1.95677E-03  7.51149E+00
 -8.49237E+00  2.29516E-28  1.34119E+06  1.95677E-03  7.51149E+00
 -8.44558E+00  2.29516E-28  1.34119E+06  1.95677E-03  7.51149E+00
 -8.39879E+00  2.35160E-28  1.30805E+06  1.93899E-03  6.75834E+00
 -8.35200E+00  2.40804E-28  1.27646E+06  1.92204E-03  6.04050E+00
 -8.30521E+00  2.40804E-28  1.27646E+06  1.92204E-03  6.04050E+00
 -8.25842E+00  2.40804E-28  1.27646E+06  1.92204E-03  6.04050E+00
 -8.21163E+00  2.43287E-28  1.26235E+06  1.91673E-03  4.94244E+00
 -8.16484E+00  2.45769E-28  1.24852E+06  1.91153E-03  3.86656E+00
 -8.11805E+00  2.45769E-28  1.24852E+06  1.91153E-03  3.86656E+00
 -8.07126E+00  2.45769E-28  1.24852E+06  1.91153E-03  3.86656E+00
 -8.02447E+00  2.43425E-28  1.25837E+06  1.91759E-03  2.25714E+00
 -7.97768E+00  2.41082E-28  1.26841E+06  1.92376E-03  6.16422E-01
 -7.93089E+00  2.41082E-28  1.26841E+06  1.92376E-03  6.16422E-01
 -7.88410E+00  2.41082E-28  1.26841E+06  1.92376E-03  6.16422E-01
 -7.83731E+00  2.43347E-28  1.25505E+06  1.91155E-03 -1.20141E+00
 -7.79052E+00  2.45611E-28  1.24194E+06  1.89956E-03 -2.98573E+00
 -7.74373E+00  2.45611E-28  1.24194E+06  1.89956E-03 -2.98573E+00
 -7.69694E+00  2.45611E-28  1.24194E+06  1.89956E-03 -2.98573E+00
 -7.65015E+00  3.12814E-28  9.77308E+05  1.73885E-03 -3.83393E+00
 -7.60336E+00  3.80017E-28  8.06270E+05  1.63498E-03 -4.38215E+00
 -7.55657E+00  3.80017E-28  8.06270E+05  1.63498E-03 -4.38215E+00
 -7.50978E+00  3.80017E-28  8.06270E+05  1.63498E-03 -4.38215E+00
 -7.46299E+00  3.96713E-28  7.71829E+05  1.61301E-03 -4.33919E+00
 -7.41620E+00  4.13409E-28  7.40170E+05  1.59281E-03 -4.29971E+00
 -7.36941E+00  4.13409E-28  7.40170E+05  1.59281E-03 -4.29971E+00
 -7.32262E+00  4.13409E-28  7.40170E+05  1.59281E-03 -4.29971E+00
 -7.27583E+00  3.71559E-28  8.23692E+05  1.60249E-03 -4.46975E+00
 -7.22904E+00  3.29709E-28  9.28417E+05  1.61464E-03 -4.68295E+00
 -7.18225E+00  3.29709E-28  9.28417E+05  1.61464E-03 -4.68295E+00
 -7.13546E+00  3.29709E-28  9.28417E+05  1.61464E-03 -4.68295E+00
 -7.08867E+00  3.24574E-28  9.43810E+05  1.65770E-03 -4.94163E+00
 -7.04188E+00  3.19438E-28  9.59699E+05  1.70216E-03 -5.20863E+00
 -6.99509E+00  3.19438E-28  9.59699E+05  1.70216E-03 -5.20863E+00
 -6.94830E+00  3.19438E-28  9.59699E+05  1.70216E-03 -5.20863E+00
 -6.90151E+00  3.18972E-28  9.61935E+05  1.72568E-03 -5.62764E+00
 -6.85472E+00  3.18506E-28  9.64177E+05  1.74928E-03 -6.04788E+00
 -6.80793E+00  3.18506E-28  9.64177E+05  1.74928E-03 -6.04788E+00
 -6.76114E+00  3.18506E-28  9.64177E+05  1.74928E-03 -6.04788E+00
 -6.71435E+00  3.25189E-28  9.49990E+05  1.74022E-03 -5.72355E+00
 -6.66756E+00  3.31872E-28  9.36375E+05  1.73153E-03 -5.41228E+00
 -6.62077E+00  3.31872E-28  9.36375E+05  1.73153E-03 -5.41228E+00
 -6.57398E+00  3.31872E-28  9.36375E+05  1.73153E-03 -5.41228E+00
 -6.52719E+00  3.43837E-28  9.07205E+05  1.71033E-03 -3.53880E+00
 -6.48040E+00  3.55802E-28  8.79996E+05  1.69055E-03 -1.79133E+00
 -6.43362E+00  3.55802E-28  8.79996E+05  1.69055E-03 -1.79133E+00
 -6.38683E+00  3.55802E-28  8.79996E+05  1.69055E-03 -1.79133E+00
 -6.34003E+00  3.72253E-28  8.42827E+05  1.65851E-03  9.33153E-01
 -6.29325E+00  3.88703E-28  8.08804E+05  1.62919E-03  3.42703E+00
 -6.24646E+00  3.88703E-28  8.08804E+05  1.62919E-03  3.42703E+00
 -6.19967E+00  3.88703E-28  8.08804E+05  1.62919E-03  3.42703E+00
 -6.15288E+00  4.24577E-28  7.41912E+05  1.59253E-03  6.53188E+00
 -6.10609E+00  4.60452E-28  6.85443E+05  1.56158E-03  9.15293E+00
 -6.05930E+00  4.60452E-28  6.85443E+05  1.56158E-03  9.15293E+00
 -6.01251E+00  4.60452E-28  6.85443E+05  1.56158E-03  9.15293E+00
 -5.96572E+00  4.84708E-28  6.51471E+05  1.53859E-03  1.21519E+01
 -5.91893E+00  5.08963E-28  6.20738E+05  1.51778E-03  1.48650E+01
 -5.87214E+00  5.08963E-28  6.20738E+05  1.51778E-03  1.48650E+01
 -5.82535E+00  5.08963E-28  6.20738E+05  1.51778E-03  1.48650E+01
 -5.77856E+00  5.13130E-28  6.15232E+05  1.50822E-03  1.75099E+01
 -5.73177E+00  5.17297E-28  6.09816E+05  1.49880E-03  2.01122E+01
 -5.68498E+00  5.17297E-28  6.09816E+05  1.49880E-03  2.01122E+01
 -5.63819E+00  5.17297E-28  6.09816E+05  1.49880E-03  2.01122E+01
 -5.59140E+00  5.14548E-28  6.10918E+05  1.49774E-03  2.20849E+01
 -5.54461E+00  5.11800E-28  6.12032E+05  1.49667E-03  2.40789E+01
 -5.49782E+00  5.11800E-28  6.12032E+05  1.49667E-03  2.40789E+01
 -5.45103E+00  5.11800E-28  6.12032E+05  1.49667E-03  2.40789E+01
 -5.40424E+00  5.11523E-28  6.09017E+05  1.49678E-03  2.48347E+01
 -5.35745E+00  5.11246E-28  6.05999E+05  1.49688E-03  2.55913E+01
 -5.31066E+00  5.11246E-28  6.05999E+05  1.49688E-03  2.55913E+01
 -5.26387E+00  5.11246E-28  6.05999E+05  1.49688E-03  2.55913E+01
 -5.21708E+00  5.10570E-28  6.05151E+05  1.49808E-03  2.54085E+01
 -5.17029E+00  5.09895E-28  6.04301E+05  1.49928E-03  2.52251E+01
 -5.12350E+00  5.09895E-28  6.04301E+05  1.49928E-03  2.52251E+01
 -5.07671E+00  5.09895E-28  6.04301E+05  1.49928E-03  2.52251E+01
 -5.02992E+00  4.92253E-28  6.27554E+05  1.51245E-03  2.49904E+01
 -4.98313E+00  4.74610E-28  6.52536E+05  1.52659E-03  2.47383E+01
 -4.93634E+00  4.74610E-28  6.52536E+05  1.52659E-03  2.47383E+01
 -4.88955E+00  4.74610E-28  6.52536E+05  1.52659E-03  2.47383E+01
 -4.84276E+00  4.23472E-28  7.33949E+05  1.56877E-03  2.47545E+01
 -4.79597E+00  3.72334E-28  8.37725E+05  1.62254E-03  2.47751E+01
 -4.74918E+00  3.72334E-28  8.37725E+05  1.62254E-03  2.47751E+01
 -4.70239E+00  3.72334E-28  8.37725E+05  1.62254E-03  2.47751E+01
 -4.65560E+00  3.30229E-28  9.47957E+05  1.69328E-03  2.48005E+01
 -4.60881E+00  2.88124E-28  1.09041E+06  1.78468E-03  2.48333E+01
 -4.56202E+00  2.88124E-28  1.09041E+06  1.78468E-03  2.48333E+01
 -4.51523E+00  2.88124E-28  1.09041E+06  1.78468E-03  2.48333E+01
 -4.46844E+00  2.78904E-28  1.12890E+06  1.81030E-03  2.45975E+01
 -4.42165E+00  2.69683E-28  1.17003E+06  1.83767E-03  2.43457E+01
 -4.37486E+00  2.69683E-28  1.17003E+06  1.83767E-03  2.43457E+01
 -4.32807E+00  2.69683E-28  1.17003E+06  1.83767E-03  2.43457E+01
 -4.28128E+00  2.79356E-28  1.13093E+06  1.81808E-03  2.36975E+01
 -4.23449E+00  2.89029E-28  1.09444E+06  1.79980E-03  2.30927E+01
 -4.18770E+00  2.89029E-28  1.09444E+06  1.79980E-03  2.30927E+01
 -4.14091E+00  2.89029E-28  1.09444E+06  1.79980E-03  2.30927E+01
 -4.09412E+00  3.15523E-28  1.00378E+06  1.74700E-03  2.23576E+01
 -4.04733E+00  3.42016E-28  9.27164E+05  1.70238E-03  2.17364E+01
 -4.00054E+00  3.42016E-28  9.27164E+05  1.70238E-03  2.17364E+01
 -3.95375E+00  3.42016E-28  9.27164E+05  1.70238E-03  2.17364E+01
 -3.90696E+00  3.76864E-28  8.41674E+05  1.66420E-03  2.12894E+01
 -3.86017E+00  4.11713E-28  7.70656E+05  1.63249E-03  2.09181E+01
 -3.81338E+00  4.11713E-28  7.70656E+05  1.63249E-03  2.09181E+01
 -3.76659E+00  4.11713E-28  7.70656E+05  1.63249E-03  2.09181E+01
 -3.71980E+00  4.21587E-28  7.51582E+05  1.62662E-03  2.06368E+01
 -3.67301E+00  4.31462E-28  7.33381E+05  1.62101E-03  2.03684E+01
 -3.62622E+00  4.31462E-28  7.33381E+05  1.62101E-03  2.03684E+01
 -3.57943E+00  4.31462E-28  7.33381E+05  1.62101E-03  2.03684E+01
 -3.53264E+00  4.28118E-28  7.39180E+05  1.62464E-03  2.00260E+01
 -3.48585E+00  4.24774E-28  7.45071E+05  1.62833E-03  1.96781E+01
 -3.43906E+00  4.24774E-28  7.45071E+05  1.62833E-03  1.96781E+01
 -3.39227E+00  4.24774E-28  7.45071E+05  1.62833E-03  1.96781E+01
 -3.34548E+00  4.11569E-28  7.68691E+05  1.63872E-03  1.91035E+01
 -3.29869E+00  3.98364E-28  7.93877E+05  1.64979E-03  1.84908E+01
 -3.25190E+00  3.98364E-28  7.93877E+05  1.64979E-03  1.84908E+01
 -3.20511E+00  3.98364E-28  7.93877E+05  1.64979E-03  1.84908E+01
 -3.15832E+00  3.90165E-28  8.11626E+05  1.65702E-03  1.75001E+01
 -3.11153E+00  3.81967E-28  8.30138E+05  1.66455E-03  1.64669E+01
 -3.06474E+00  3.81967E-28  8.30138E+05  1.66455E-03  1.64669E+01
 -3.01795E+00  3.81967E-28  8.30138E+05  1.66455E-03  1.64669E+01
 -2.97116E+00  3.84007E-28  8.28404E+05  1.66233E-03  1.53174E+01
 -2.92437E+00  3.86047E-28  8.26688E+05  1.66014E-03  1.41801E+01
 -2.87758E+00  3.86047E-28  8.26688E+05  1.66014E-03  1.41801E+01
 -2.83079E+00  3.86047E-28  8.26688E+05  1.66014E-03  1.41801E+01
 -2.78400E+00  3.83029E-28  8.38120E+05  1.66410E-03  1.33268E+01
 -2.73721E+00  3.80011E-28  8.49734E+05  1.66813E-03  1.24600E+01
 -2.69042E+00  3.80011E-28  8.49734E+05  1.66813E-03  1.24600E+01
 -2.64363E+00  3.80011E-28  8.49734E+05  1.66813E-03  1.24600E+01
 -2.59684E+00  3.67233E-28  8.84484E+05  1.68300E-03  1.19466E+01
 -2.55005E+00  3.54454E-28  9.21740E+05  1.69895E-03  1.13962E+01
 -2.50326E+00  3.54454E-28  9.21740E+05  1.69895E-03  1.13962E+01
 -2.45647E+00  3.54454E-28  9.21740E+05  1.69895E-03  1.13962E+01
 -2.40968E+00  3.34629E-28  9.81078E+05  1.72673E-03  1.09425E+01
 -2.36289E+00  3.14804E-28  1.04789E+06  1.75800E-03  1.04317E+01
 -2.31610E+00  3.14804E-28  1.04789E+06  1.75800E-03  1.04317E+01
 -2.26931E+00  3.14804E-28  1.04789E+06  1.75800E-03  1.04317E+01
 -2.22252E+00  2.97576E-28  1.11188E+06  1.79296E-03  9.92037E+00
 -2.17573E+00  2.80348E-28  1.18374E+06  1.83220E-03  9.34617E+00
 -2.12894E+00  2.80348E-28  1.18374E+06  1.83220E-03  9.34617E+00
 -2.08215E+00  2.80348E-28  1.18374E+06  1.83220E-03  9.34617E+00
 -2.03536E+00  2.71940E-28  1.22243E+06  1.85659E-03  8.73795E+00
 -1.98857E+00  2.63533E-28  1.26360E+06  1.88254E-03  8.09093E+00
 -1.94178E+00  2.63533E-28  1.26360E+06  1.88254E-03  8.09093E+00
 -1.89499E+00  2.63533E-28  1.26360E+06  1.88254E-03  8.09093E+00
 -1.84820E+00  2.57464E-28  1.29461E+06  1.90199E-03  7.46397E+00
 -1.80141E+00  2.51394E-28  1.32712E+06  1.92238E-03  6.80675E+00
 -1.75462E+00  2.51394E-28  1.32712E+06  1.92238E-03  6.80675E+00
 -1.70783E+00  2.51394E-28  1.32712E+06  1.92238E-03  6.80675E+00
 -1.66104E+00  2.44677E-28  1.36370E+06  1.94301E-03  6.11881E+00
 -1.61425E+00  2.37960E-28  1.40233E+06  1.96480E-03  5.39204E+00
 -1.56746E+00  2.37960E-28  1.40233E+06  1.96480E-03  5.39204E+00
 -1.52067E+00  2.37960E-28  1.40233E+06  1.96480E-03  5.39204E+00
 -1.47388E+00  2.34556E-28  1.42143E+06  1.97477E-03  4.40277E+00
 -1.42709E+00  2.31152E-28  1.44109E+06  1.98504E-03  3.38436E+00
 -1.38030E+00  2.31152E-28  1.44109E+06  1.98504E-03  3.38436E+00
 -1.33351E+00  2.31152E-28  1.44109E+06  1.98504E-03  3.38436E+00
 -1.28672E+00  2.30967E-28  1.44082E+06  1.98489E-03  2.17309E+00
 -1.23993E+00  2.30782E-28  1.44055E+06  1.98473E-03  9.59890E-01
 -1.19314E+00  2.30782E-28  1.44055E+06  1.98473E-03  9.59890E-01
 -1.14635E+00  2.30782E-28  1.44055E+06  1.98473E-03  9.59890E-01
 -1.09956E+00  2.32508E-28  1.42704E+06  1.97842E-03 -2.10490E-02
 -1.05277E+00  2.34234E-28  1.41373E+06  1.97221E-03 -9.87534E-01
 -1.00598E+00  2.34234E-28  1.41373E+06  1.97221E-03 -9.87534E-01
 -9.59194E-01  2.34234E-28  1.41373E+06  1.97221E-03 -9.87534E-01
 -9.12404E-01  2.37578E-28  1.38885E+06  1.95905E-03 -1.54136E+00
 -8.65614E-01  2.40922E-28  1.36466E+06  1.94626E-03 -2.07982E+00
 -8.18824E-01  2.40922E-28  1.36466E+06  1.94626E-03 -2.07982E+00
 -7.72034E-01  2.40922E-28  1.36466E+06  1.94626E-03 -2.07982E+00
 -7.25244E-01  2.45386E-28  1.33386E+06  1.92816E-03 -2.16785E+00
 -6.78454E-01  2.49849E-28  1.30417E+06  1.91071E-03 -2.25274E+00
 -6.31664E-01  2.49849E-28  1.30417E+06  1.91071E-03 -2.25274E+00
 -5.84874E-01  2.49849E-28  1.30417E+06  1.91071E-03 -2.25274E+00
 -5.38084E-01  2.59511E-28  1.25147E+06  1.88165E-03 -1.59747E+00
 -4.91294E-01  2.69173E-28  1.20256E+06  1.85467E-03 -9.89250E-01
 -4.44504E-01  2.69173E-28  1.20256E+06  1.85467E-03 -9.89250E-01
 -3.97714E-01  2.69173E-28  1.20256E+06  1.85467E-03 -9.89250E-01
 -3.50924E-01  3.12114E-28  1.03479E+06  1.77031E-03  5.03984E-01
 -3.04135E-01  3.55054E-28  9.07608E+05  1.70636E-03  1.63603E+00
 -2.57345E-01  3.55054E-28  9.07608E+05  1.70636E-03  1.63603E+00
 -2.10555E-01  3.55054E-28  9.07608E+05  1.70636E-03  1.63603E+00
 -1.63765E-01  5.15002E-28  6.22725E+05  1.58528E-03  2.48914E+00
 -1.16975E-01  6.74949E-28  4.72863E+05  1.52159E-03  2.93792E+00
 -7.01849E-02  6.74949E-28  4.72863E+05  1.52159E-03  2.93792E+00
 -2.33950E-02  6.74949E-28  4.72863E+05  1.52159E-03  2.93792E+00
  2.33950E-02  7.74902E-28  4.11472E+05  1.48749E-03  2.56704E+00
  7.01849E-02  8.74856E-28  3.64108E+05  1.46117E-03  2.28091E+00
  1.16975E-01  8.74856E-28  3.64108E+05  1.46117E-03  2.28091E+00
  1.63765E-01  8.74856E-28  3.64108E+05  1.46117E-03  2.28091E+00
  2.10555E-01  9.04594E-28  3.52711E+05  1.45264E-03  1.65847E+00
  2.57345E-01  9.34333E-28  3.42039E+05  1.44466E-03  1.07565E+00
  3.04135E-01  9.34333E-28  3.42039E+05  1.44466E-03  1.07565E+00
  3.50924E-01  9.34333E-28  3.42039E+05  1.44466E-03  1.07565E+00
  3.97714E-01  8.99315E-28  3.56716E+05  1.44996E-03  8.38861E-01
  4.44504E-01  8.64297E-28  3.72582E+05  1.45569E-03  5.82884E-01
  4.91294E-01  8.64297E-28  3.72582E+05  1.45569E-03  5.82884E-01
  5.38084E-01  8.64297E-28  3.72582E+05  1.45569E-03  5.82884E-01
  5.84874E-01  7.46736E-28  4.33045E+05  1.47693E-03  9.92289E-01
  6.31664E-01  6.29174E-28  5.16104E+05  1.50610E-03  1.55469E+00
  6.78454E-01  6.29174E-28  5.16104E+05  1.50610E-03  1.55469E+00
  7.25244E-01  6.29174E-28  5.16104E+05  1.50610E-03  1.55469E+00
  7.72034E-01  5.38381E-28  6.04376E+05  1.55361E-03  2.23857E+00
  8.18824E-01  4.47587E-28  7.28459E+05  1.62039E-03  3.19991E+00
  8.65614E-01  4.47587E-28  7.28459E+05  1.62039E-03  3.19991E+00
  9.12404E-01  4.47587E-28  7.28459E+05  1.62039E-03  3.19991E+00
  9.59194E-01  4.17333E-28  7.79714E+05  1.65994E-03  3.70635E+00
  1.00598E+00  3.87078E-28  8.38982E+05  1.70567E-03  4.29196E+00
  1.05277E+00  3.87078E-28  8.38982E+05  1.70567E-03  4.29196E+00
  1.09956E+00  3.87078E-28  8.38982E+05  1.70567E-03  4.29196E+00
  1.14635E+00  3.76463E-28  8.59368E+05  1.72766E-03  4.31329E+00
  1.19314E+00  3.65849E-28  8.80935E+05  1.75092E-03  4.33585E+00
  1.23993E+00  3.65849E-28  8.80935E+05  1.75092E-03  4.33585E+00
  1.28672E+00  3.65849E-28  8.80935E+05  1.75092E-03  4.33585E+00
  1.33351E+00  3.65071E-28  8.80208E+05  1.74975E-03  3.56752E+00
  1.38030E+00  3.64294E-28  8.79478E+05  1.74857E-03  2.79591E+00
  1.42709E+00  3.64294E-28  8.79478E+05  1.74857E-03  2.79591E+00
  1.47388E+00  3.64294E-28  8.79478E+05  1.74857E-03  2.79591E+00
  1.52067E+00  3.79929E-28  8.41462E+05  1.72067E-03  8.11466E-01
  1.56746E+00  3.95565E-28  8.06452E+05  1.69497E-03 -1.01610E+00
  1.61425E+00  3.95565E-28  8.06452E+05  1.69497E-03 -1.01610E+00
  1.66104E+00  3.95565E-28  8.06452E+05  1.69497E-03 -1.01610E+00
  1.70783E+00  4.19664E-28  7.59812E+05  1.69047E-03 -3.32396E+00
  1.75462E+00  4.43763E-28  7.18238E+05  1.68646E-03 -5.38116E+00
  1.80141E+00  4.43763E-28  7.18238E+05  1.68646E-03 -5.38116E+00
  1.84820E+00  4.43763E-28  7.18238E+05  1.68646E-03 -5.38116E+00
  1.89499E+00  3.45063E-28  9.23089E+05  1.77303E-03 -6.46945E+00
  1.94178E+00  2.46362E-28  1.29208E+06  1.92897E-03 -8.42974E+00
  1.98857E+00  2.46362E-28  1.29208E+06  1.92897E-03 -8.42974E+00
  2.03536E+00  2.46362E-28  1.29208E+06  1.92897E-03 -8.42974E+00
  2.08215E+00  2.34647E-28  1.35070E+06  1.95722E-03 -9.89684E+00
  2.12894E+00  2.22932E-28  1.41547E+06  1.98844E-03 -1.15181E+01
  2.17573E+00  2.22932E-28  1.41547E+06  1.98844E-03 -1.15181E+01
  2.22252E+00  2.22932E-28  1.41547E+06  1.98844E-03 -1.15181E+01
  2.26931E+00  2.24731E-28  1.40234E+06  1.98392E-03 -1.30018E+01
  2.31610E+00  2.26529E-28  1.38940E+06  1.97947E-03 -1.44619E+01
  2.36289E+00  2.26529E-28  1.38940E+06  1.97947E-03 -1.44619E+01
  2.40968E+00  2.26529E-28  1.38940E+06  1.97947E-03 -1.44619E+01
  2.45647E+00  2.30405E-28  1.36529E+06  1.96955E-03 -1.49695E+01
  2.50326E+00  2.34280E-28  1.34197E+06  1.95997E-03 -1.54602E+01
  2.55005E+00  2.34280E-28  1.34197E+06  1.95997E-03 -1.54602E+01
  2.59684E+00  2.34280E-28  1.34197E+06  1.95997E-03 -1.54602E+01
  2.64363E+00  2.42427E-28  1.29701E+06  1.93847E-03 -1.50109E+01
  2.69042E+00  2.50573E-28  1.25496E+06  1.91837E-03 -1.45907E+01
  2.73721E+00  2.50573E-28  1.25496E+06  1.91837E-03 -1.45907E+01
  2.78400E+00  2.50573E-28  1.25496E+06  1.91837E-03 -1.45907E+01
  2.83079E+00  2.65908E-28  1.18158E+06  1.87840E-03 -1.34027E+01
  2.87758E+00  2.81242E-28  1.11620E+06  1.84279E-03 -1.23442E+01
  2.92437E+00  2.81242E-28  1.11620E+06  1.84279E-03 -1.23442E+01
  2.97116E+00  2.81242E-28  1.11620E+06  1.84279E-03 -1.23442E+01
  3.01795E+00  3.10491E-28  1.00955E+06  1.79328E-03 -1.09450E+01
  3.06474E+00  3.39741E-28  9.21267E+05  1.75228E-03 -9.78664E+00
  3.11153E+00  3.39741E-28  9.21267E+05  1.75228E-03 -9.78664E+00
  3.15832E+00  3.39741E-28  9.21267E+05  1.75228E-03 -9.78664E+00
  3.20511E+00  3.67900E-28  8.49765E+05  1.71903E-03 -8.75731E+00
  3.25190E+00  3.96059E-28  7.88431E+05  1.69050E-03 -7.87435E+00
  3.29869E+00  3.96059E-28  7.88431E+05  1.69050E-03 -7.87435E+00
  3.34548E+00  3.96059E-28  7.88431E+05  1.69050E-03 -7.87435E+00
  3.39227E+00  4.03120E-28  7.76936E+05  1.68227E-03 -6.87668E+00
  3.43906E+00  4.10182E-28  7.65836E+05  1.67432E-03 -5.91337E+00
  3.48585E+00  4.10182E-28  7.65836E+05  1.67432E-03 -5.91337E+00
  3.53264E+00  4.10182E-28  7.65836E+05  1.67432E-03 -5.91337E+00
  3.57943E+00  3.80026E-28  8.30977E+05  1.70210E-03 -4.59185E+00
  3.62622E+00  3.49870E-28  9.07347E+05  1.73466E-03 -3.04252E+00
  3.67301E+00  3.49870E-28  9.07347E+05  1.73466E-03 -3.04252E+00
  3.71980E+00  3.49870E-28  9.07347E+05  1.73466E-03 -3.04252E+00
  3.76659E+00  3.01174E-28  1.06013E+06  1.80631E-03 -1.55733E+00
  3.81338E+00  2.52477E-28  1.27184E+06  1.90560E-03  5.00771E-01
  3.86017E+00  2.52477E-28  1.27184E+06  1.90560E-03  5.00771E-01
  3.90696E+00  2.52477E-28  1.27184E+06  1.90560E-03  5.00771E-01
  3.95375E+00  2.53135E-28  1.27106E+06  1.89898E-03  1.56696E+00
  4.00054E+00  2.53792E-28  1.27028E+06  1.89239E-03  2.62761E+00
  4.04733E+00  2.53792E-28  1.27028E+06  1.89239E-03  2.62761E+00
  4.09412E+00  2.53792E-28  1.27028E+06  1.89239E-03  2.62761E+00
  4.14091E+00  2.63698E-28  1.22526E+06  1.86072E-03  2.06798E+00
  4.18770E+00  2.73604E-28  1.18350E+06  1.83134E-03  1.54887E+00
  4.23449E+00  2.73604E-28  1.18350E+06  1.83134E-03  1.54887E+00
  4.28128E+00  2.73604E-28  1.18350E+06  1.83134E-03  1.54887E+00
  4.32807E+00  2.73061E-28  1.18956E+06  1.83317E-03  1.67550E-01
  4.37486E+00  2.72519E-28  1.19564E+06  1.83501E-03 -1.21927E+00
  4.42165E+00  2.72519E-28  1.19564E+06  1.83501E-03 -1.21927E+00
  4.46844E+00  2.72519E-28  1.19564E+06  1.83501E-03 -1.21927E+00
  4.51523E+00  2.77094E-28  1.17988E+06  1.83505E-03 -2.41481E+00
  4.56202E+00  2.81669E-28  1.16463E+06  1.83509E-03 -3.57150E+00
  4.60881E+00  2.81669E-28  1.16463E+06  1.83509E-03 -3.57150E+00
  4.65560E+00  2.81669E-28  1.16463E+06  1.83509E-03 -3.57150E+00
  4.70239E+00  2.85153E-28  1.15312E+06  1.83119E-03 -4.00796E+00
  4.74918E+00  2.88637E-28  1.14189E+06  1.82738E-03 -4.43387E+00
  4.79597E+00  2.88637E-28  1.14189E+06  1.82738E-03 -4.43387E+00
  4.84276E+00  2.88637E-28  1.14189E+06  1.82738E-03 -4.43387E+00
  4.88955E+00  2.83857E-28  1.16171E+06  1.83507E-03 -4.44878E+00
  4.93634E+00  2.79076E-28  1.18222E+06  1.84303E-03 -4.46421E+00
  4.98313E+00  2.79076E-28  1.18222E+06  1.84303E-03 -4.46421E+00
  5.02992E+00  2.79076E-28  1.18222E+06  1.84303E-03 -4.46421E+00
  5.07671E+00  2.81231E-28  1.17322E+06  1.84196E-03 -4.52805E+00
  5.12350E+00  2.83385E-28  1.16436E+06  1.84091E-03 -4.59092E+00
  5.17029E+00  2.83385E-28  1.16436E+06  1.84091E-03 -4.59092E+00
  5.21708E+00  2.83385E-28  1.16436E+06  1.84091E-03 -4.59092E+00
  5.26387E+00  2.91011E-28  1.13338E+06  1.83413E-03 -4.83896E+00
  5.31066E+00  2.98638E-28  1.10398E+06  1.82771E-03 -5.07433E+00
  5.35745E+00  2.98638E-28  1.10398E+06  1.82771E-03 -5.07433E+00
  5.40424E+00  2.98638E-28  1.10398E+06  1.82771E-03 -5.07433E+00
  5.45103E+00  3.28192E-28  1.00415E+06  1.79871E-03 -5.61285E+00
  5.49782E+00  3.57746E-28  9.20813E+05  1.77451E-03 -6.06240E+00
  5.54461E+00  3.57746E-28  9.20813E+05  1.77451E-03 -6.06240E+00
  5.59140E+00  3.57746E-28  9.20813E+05  1.77451E-03 -6.06240E+00
  5.63819E+00  3.98218E-28  8.26926E+05  1.74109E-03 -7.11010E+00
  5.68498E+00  4.38689E-28  7.50362E+05  1.71384E-03 -7.96448E+00
  5.73177E+00  4.38689E-28  7.50362E+05  1.71384E-03 -7.96448E+00
  5.77856E+00  4.38689E-28  7.50362E+05  1.71384E-03 -7.96448E+00
  5.82535E+00  4.40671E-28  7.47454E+05  1.71242E-03 -9.29173E+00
  5.87214E+00  4.42654E-28  7.44572E+05  1.71100E-03 -1.06071E+01
  5.91893E+00  4.42654E-28  7.44572E+05  1.71100E-03 -1.06071E+01
  5.96572E+00  4.42654E-28  7.44572E+05  1.71100E-03 -1.06071E+01
  6.01251E+00  4.05397E-28  8.13316E+05  1.73737E-03 -1.17646E+01
  6.05930E+00  3.68141E-28  8.95974E+05  1.76908E-03 -1.31565E+01
  6.10609E+00  3.68141E-28  8.95974E+05  1.76908E-03 -1.31565E+01
  6.15288E+00  3.68141E-28  8.95974E+05  1.76908E-03 -1.31565E+01
  6.19967E+00  3.30954E-28  9.96182E+05  1.81065E-03 -1.40032E+01
  6.24646E+00  2.93768E-28  1.12176E+06  1.86274E-03 -1.50642E+01
  6.29325E+00  2.93768E-28  1.12176E+06  1.86274E-03 -1.50642E+01
  6.34003E+00  2.93768E-28  1.12176E+06  1.86274E-03 -1.50642E+01
  6.38683E+00  2.76740E-28  1.18930E+06  1.89480E-03 -1.56559E+01
  6.43362E+00  2.59711E-28  1.26569E+06  1.93107E-03 -1.63252E+01
  6.48040E+00  2.59711E-28  1.26569E+06  1.93107E-03 -1.63252E+01
  6.52719E+00  2.59711E-28  1.26569E+06  1.93107E-03 -1.63252E+01
  6.57398E+00  2.52494E-28  1.29967E+06  1.94444E-03 -1.67373E+01
  6.62077E+00  2.45277E-28  1.33564E+06  1.95859E-03 -1.71737E+01
  6.66756E+00  2.45277E-28  1.33564E+06  1.95859E-03 -1.71737E+01
  6.71435E+00  2.45277E-28  1.33564E+06  1.95859E-03 -1.71737E+01
  6.76114E+00  2.42880E-28  1.34587E+06  1.96261E-03 -1.75384E+01
  6.80793E+00  2.40484E-28  1.35632E+06  1.96671E-03 -1.79103E+01
  6.85472E+00  2.40484E-28  1.35632E+06  1.96671E-03 -1.79103E+01
  6.90151E+00  2.40484E-28  1.35632E+06  1.96671E-03 -1.79103E+01
  6.94830E+00  2.39801E-28  1.35640E+06  1.96637E-03 -1.83278E+01
  6.99509E+00  2.39118E-28  1.35649E+06  1.96603E-03 -1.87476E+01
  7.04188E+00  2.39118E-28  1.35649E+06  1.96603E-03 -1.87476E+01
  7.08867E+00  2.39118E-28  1.35649E+06  1.96603E-03 -1.87476E+01
  7.13546E+00  2.39921E-28  1.34759E+06  1.96339E-03 -1.91704E+01
  7.18225E+00  2.40723E-28  1.33875E+06  1.96077E-03 -1.95904E+01
  7.22904E+00  2.40723E-28  1.33875E+06  1.96077E-03 -1.95904E+01
  7.27583E+00  2.40723E-28  1.33875E+06  1.96077E-03 -1.95904E+01
  7.32262E+00  2.43525E-28  1.31863E+06  1.95471E-03 -1.98699E+01
  7.36941E+00  2.46326E-28  1.29897E+06  1.94879E-03 -2.01430E+01
  7.41620E+00  2.46326E-28  1.29897E+06  1.94879E-03 -2.01430E+01
  7.46299E+00  2.46326E-28  1.29897E+06  1.94879E-03 -2.01430E+01
  7.50978E+00  2.56912E-28  1.24114E+06  1.92709E-03 -2.01584E+01
  7.55657E+00  2.67498E-28  1.18789E+06  1.90710E-03 -2.01726E+01
  7.60336E+00  2.67498E-28  1.18789E+06  1.90710E-03 -2.01726E+01
  7.65015E+00  2.67498E-28  1.18789E+06  1.90710E-03 -2.01726E+01
  7.69694E+00  2.99983E-28  1.05662E+06  1.85406E-03 -1.97772E+01
  7.74373E+00  3.32467E-28  9.51002E+05  1.81138E-03 -1.94590E+01
  7.79052E+00  3.32467E-28  9.51002E+05  1.81138E-03 -1.94590E+01
  7.83731E+00  3.32467E-28  9.51002E+05  1.81138E-03 -1.94590E+01
  7.88410E+00  3.84396E-28  8.21022E+05  1.75374E-03 -1.87640E+01
  7.93089E+00  4.36326E-28  7.21982E+05  1.70981E-03 -1.82345E+01
  7.97768E+00  4.36326E-28  7.21982E+05  1.70981E-03 -1.82345E+01
  8.02447E+00  4.36326E-28  7.21982E+05  1.70981E-03 -1.82345E+01
  8.07126E+00  4.67567E-28  6.73166E+05  1.68600E-03 -1.74901E+01
  8.11805E+00  4.98809E-28  6.30465E+05  1.66517E-03 -1.68390E+01
  8.16484E+00  4.98809E-28  6.30465E+05  1.66517E-03 -1.68390E+01
  8.21163E+00  4.98809E-28  6.30465E+05  1.66517E-03 -1.68390E+01
  8.25842E+00  4.96817E-28  6.32588E+05  1.66015E-03 -1.60525E+01
  8.30521E+00  4.94826E-28  6.34728E+05  1.65509E-03 -1.52596E+01
  8.35200E+00  4.94826E-28  6.34728E+05  1.65509E-03 -1.52596E+01
  8.39879E+00  4.94826E-28  6.34728E+05  1.65509E-03 -1.52596E+01
  8.44558E+00  4.91001E-28  6.38959E+05  1.65537E-03 -1.44084E+01
  8.49237E+00  4.87176E-28  6.43256E+05  1.65566E-03 -1.35439E+01
  8.53916E+00  4.87176E-28  6.43256E+05  1.65566E-03 -1.35439E+01
  8.58595E+00  4.87176E-28  6.43256E+05  1.65566E-03 -1.35439E+01
  8.63274E+00  4.88384E-28  6.40803E+05  1.65711E-03 -1.28543E+01
  8.67953E+00  4.89592E-28  6.38362E+05  1.65855E-03 -1.21681E+01
  8.72632E+00  4.89592E-28  6.38362E+05  1.65855E-03 -1.21681E+01
  8.77311E+00  4.89592E-28  6.38362E+05  1.65855E-03 -1.21681E+01
  8.81990E+00  4.86571E-28  6.42246E+05  1.66255E-03 -1.18579E+01
  8.86669E+00  4.83551E-28  6.46178E+05  1.66660E-03 -1.15439E+01
  8.91348E+00  4.83551E-28  6.46178E+05  1.66660E-03 -1.15439E+01
  8.96027E+00  4.83551E-28  6.46178E+05  1.66660E-03 -1.15439E+01
  9.00706E+00  4.59344E-28  6.80943E+05  1.68336E-03 -1.16460E+01
  9.05385E+00  4.35136E-28  7.19576E+05  1.70198E-03 -1.17595E+01
  9.10064E+00  4.35136E-28  7.19576E+05  1.70198E-03 -1.17595E+01
  9.14743E+00  4.35136E-28  7.19576E+05  1.70198E-03 -1.17595E+01
  9.19422E+00  3.74373E-28  8.38332E+05  1.75587E-03 -1.19747E+01
  9.24101E+00  3.13609E-28  1.00311E+06  1.83065E-03 -1.22734E+01
  9.28780E+00  3.13609E-28  1.00311E+06  1.83065E-03 -1.22734E+01
  9.33459E+00  3.13609E-28  1.00311E+06  1.83065E-03 -1.22734E+01
  9.38138E+00  2.74686E-28  1.14801E+06  1.88895E-03 -1.22527E+01
  9.42817E+00  2.35762E-28  1.34076E+06  1.96649E-03 -1.22251E+01
  9.47496E+00  2.35762E-28  1.34076E+06  1.96649E-03 -1.22251E+01
  9.52175E+00  2.35762E-28  1.34076E+06  1.96649E-03 -1.22251E+01
  9.56854E+00  2.27997E-28  1.38879E+06  1.98166E-03 -1.18382E+01
  9.61533E+00  2.20232E-28  1.44021E+06  1.99789E-03 -1.14240E+01
  9.66212E+00  2.20232E-28  1.44021E+06  1.99789E-03 -1.14240E+01
  9.70891E+00  2.20232E-28  1.44021E+06  1.99789E-03 -1.14240E+01
  9.75570E+00  2.20034E-28  1.44302E+06  1.99848E-03 -1.08072E+01
  9.80249E+00  2.19836E-28  1.44584E+06  1.99907E-03 -1.01892E+01
  9.84928E+00  2.19836E-28  1.44584E+06  1.99907E-03 -1.01892E+01
  9.89607E+00  2.19836E-28  1.44584E+06  1.99907E-03 -1.01892E+01
  9.94286E+00  2.19861E-28  1.44673E+06  1.99927E-03 -9.41416E+00
  9.98965E+00  2.19886E-28  1.44763E+06  1.99947E-03 -8.63930E+00
  1.00364E+01  2.19886E-28  1.44763E+06  1.99947E-03 -8.63930E+00
  1.00832E+01  2.19886E-28  1.44763E+06  1.99947E-03 -8.63930E+00
  1.01300E+01  2.19998E-28  1.44752E+06  1.99941E-03 -7.64637E+00
  1.01768E+01  2.20110E-28  1.44742E+06  1.99935E-03 -6.65444E+00
  1.02236E+01  2.20110E-28  1.44742E+06  1.99935E-03 -6.65444E+00
  1.02704E+01  2.20110E-28  1.44742E+06  1.99935E-03 -6.65444E+00
  1.03172E+01  2.20459E-28  1.44524E+06  1.99869E-03 -5.40831E+00
  1.03640E+01  2.20808E-28  1.44308E+06  1.99803E-03 -4.16611E+00
  1.04108E+01  2.20808E-28  1.44308E+06  1.99803E-03 -4.16611E+00
  1.04575E+01  2.20808E-28  1.44308E+06  1.99803E-03 -4.16611E+00
  1.05043E+01  2.22029E-28  1.43451E+06  1.99505E-03 -2.79848E+00
  1.05511E+01  2.23250E-28  1.42604E+06  1.99211E-03 -1.44580E+00
  1.05979E+01  2.23250E-28  1.42604E+06  1.99211E-03 -1.44580E+00
  1.06447E+01  2.23250E-28  1.42604E+06  1.99211E-03 -1.44580E+00
  1.06915E+01  2.27227E-28  1.39960E+06  1.98258E-03 -2.94740E-01
  1.07383E+01  2.31204E-28  1.37406E+06  1.97337E-03  8.16726E-01
  1.07851E+01  2.31204E-28  1.37406E+06  1.97337E-03  8.16726E-01
  1.08319E+01  2.31204E-28  1.37406E+06  1.97337E-03  8.16726E-01
  1.08787E+01  2.65170E-28  1.19745E+06  1.91049E-03  1.68942E+00
  1.09254E+01  2.99137E-28  1.06095E+06  1.86188E-03  2.36392E+00
  1.09722E+01  2.99137E-28  1.06095E+06  1.86188E-03  2.36392E+00
  1.10190E+01  2.99137E-28  1.06095E+06  1.86188E-03  2.36392E+00
  1.10658E+01  3.66374E-28  8.66580E+05  1.78245E-03  3.06279E+00
  1.11126E+01  4.33611E-28  7.32487E+05  1.72765E-03  3.54492E+00
  1.11594E+01  4.33611E-28  7.32487E+05  1.72765E-03  3.54492E+00
  1.12062E+01  4.33611E-28  7.32487E+05  1.72765E-03  3.54492E+00
  1.12530E+01  4.45694E-28  7.12368E+05  1.71912E-03  3.73651E+00
  1.12998E+01  4.57777E-28  6.93311E+05  1.71104E-03  3.91798E+00
  1.13466E+01  4.57777E-28  6.93311E+05  1.71104E-03  3.91798E+00
  1.13933E+01  4.57777E-28  6.93311E+05  1.71104E-03  3.91798E+00
  1.14401E+01  4.36681E-28  7.27234E+05  1.72627E-03  3.57385E+00
  1.14869E+01  4.15586E-28  7.64601E+05  1.74305E-03  3.19477E+00
  1.15337E+01  4.15586E-28  7.64601E+05  1.74305E-03  3.19477E+00
  1.15805E+01  4.15586E-28  7.64601E+05  1.74305E-03  3.19477E+00
  1.16273E+01  3.74422E-28  8.49512E+05  1.78638E-03  2.62246E+00
  1.16741E+01  3.33258E-28  9.55399E+05  1.84042E-03  1.90876E+00
  1.17209E+01  3.33258E-28  9.55399E+05  1.84042E-03  1.90876E+00
  1.17677E+01  3.33258E-28  9.55399E+05  1.84042E-03  1.90876E+00
  1.18145E+01  3.14715E-28  1.01192E+06  1.86565E-03  1.37835E+00
  1.18612E+01  2.96173E-28  1.07552E+06  1.89403E-03  7.81525E-01
  1.19080E+01  2.96173E-28  1.07552E+06  1.89403E-03  7.81525E-01
  1.19548E+01  2.96173E-28  1.07552E+06  1.89403E-03  7.81525E-01
  1.20016E+01  3.15726E-28  1.00739E+06  1.86722E-03  3.02907E-01
  1.20484E+01  3.35279E-28  9.47206E+05  1.84353E-03 -1.19885E-01
  1.20952E+01  3.35279E-28  9.47206E+05  1.84353E-03 -1.19885E-01
  1.21420E+01  3.35279E-28  9.47206E+05  1.84353E-03 -1.19885E-01
  1.21888E+01  3.89131E-28  8.13817E+05  1.77923E-03 -7.85891E-01
  1.22356E+01  4.42983E-28  7.12859E+05  1.73056E-03 -1.28997E+00
  1.22824E+01  4.42983E-28  7.12859E+05  1.73056E-03 -1.28997E+00
  1.23291E+01  4.42983E-28  7.12859E+05  1.73056E-03 -1.28997E+00
  1.23759E+01  5.18274E-28  6.08844E+05  1.67258E-03 -1.83534E+00
  1.24227E+01  5.93565E-28  5.31217E+05  1.62931E-03 -2.24236E+00
  1.24695E+01  5.93565E-28  5.31217E+05  1.62931E-03 -2.24236E+00
  1.25163E+01  5.93565E-28  5.31217E+05  1.62931E-03 -2.24236E+00
  1.25631E+01  6.76391E-28  4.67536E+05  1.61197E-03 -2.76013E+00
  1.26099E+01  7.59216E-28  4.17750E+05  1.59842E-03 -3.16494E+00
  1.26567E+01  7.59216E-28  4.17750E+05  1.59842E-03 -3.16494E+00
  1.27035E+01  7.59216E-28  4.17750E+05  1.59842E-03 -3.16494E+00
  1.27503E+01  6.99742E-28  4.55199E+05  1.61659E-03 -3.74428E+00
  1.27970E+01  6.40268E-28  4.99606E+05  1.63813E-03 -4.43125E+00
  1.28438E+01  6.40268E-28  4.99606E+05  1.63813E-03 -4.43125E+00
  1.28906E+01  6.40268E-28  4.99606E+05  1.63813E-03 -4.43125E+00
  1.29374E+01  4.52452E-28  7.10400E+05  1.71806E-03 -4.85772E+00
  1.29842E+01  2.64636E-28  1.22040E+06  1.91144E-03 -5.88956E+00
  1.30310E+01  2.64636E-28  1.22040E+06  1.91144E-03 -5.88956E+00
  1.30778E+01  2.64636E-28  1.22040E+06  1.91144E-03 -5.88956E+00
  1.31246E+01  2.43552E-28  1.32914E+06  1.95187E-03 -6.26881E+00
  1.31714E+01  2.22468E-28  1.45850E+06  1.99995E-03 -6.71995E+00
  1.32182E+01  2.22468E-28  1.45850E+06  1.99995E-03 -6.71995E+00
  1.32649E+01  2.22468E-28  1.45850E+06  1.99995E-03 -6.71995E+00
  1.33117E+01  2.22709E-28  1.45806E+06  1.99998E-03 -7.03184E+00
  1.33585E+01  2.22950E-28  1.45763E+06  2.00000E-03 -7.34305E+00
  1.34053E+01  2.22950E-28  1.45763E+06  2.00000E-03 -7.34305E+00
  1.34521E+01  2.22950E-28  1.45763E+06  2.00000E-03 -7.34305E+00
  1.34989E+01  2.22965E-28  1.45785E+06  2.00000E-03 -7.64989E+00
  1.35457E+01  2.22979E-28  1.45807E+06  2.00000E-03 -7.95668E+00
  1.35925E+01  2.22979E-28  1.45807E+06  2.00000E-03 -7.95668E+00
  1.36393E+01  2.22979E-28  1.45807E+06  2.00000E-03 -7.95668E+00
  1.36861E+01  2.22951E-28  1.45791E+06  2.00000E-03 -8.21993E+00
  1.37328E+01  2.22923E-28  1.45775E+06  2.00000E-03 -8.48325E+00
  1.37796E+01  2.22923E-28  1.45775E+06  2.00000E-03 -8.48325E+00
  1.38264E+01  2.22923E-28  1.45775E+06  2.00000E-03 -8.48325E+00
  1.38732E+01  2.22845E-28  1.45742E+06  2.00000E-03 -8.74356E+00
  1.39200E+01  2.22768E-28  1.45708E+06  2.00000E-03 -9.00406E+00
  1.39668E+01  2.22768E-28  1.45708E+06  2.00000E-03 -9.00406E+00
  1.40136E+01  2.22768E-28  1.45708E+06  2.00000E-03 -9.00406E+00
  1.40604E+01  2.22768E-28  1.45708E+06  2.00000E-03 -9.00406E+00
  1.41072E+01  2.22768E-28  1.45708E+06  2.00000E-03 -9.00406E+00
  1.41540E+01  2.22768E-28  1.45708E+06  2.00000E-03 -9.00406E+00
  1.42007E+01  2.22768E-28  1.45708E+06  2.00000E-03 -9.00406E+00
  1.42475E+01  2.22506E-28  1.45593E+06  2.00000E-03 -9.47275E+00
  1.42943E+01  2.22245E-28  1.45478E+06  2.00000E-03 -9.94253E+00
  1.43411E+01  2.22245E-28  1.45478E+06  2.00000E-03 -9.94253E+00
  1.43879E+01  2.22245E-28  1.45478E+06  2.00000E-03 -9.94253E+00
  1.44347E+01  2.22245E-28  1.45478E+06  2.00000E-03 -9.94253E+00
  1.44815E+01  2.22245E-28  1.45478E+06  2.00000E-03 -9.94253E+00
  1.45283E+01  2.22245E-28  1.45478E+06  2.00000E-03 -9.94253E+00
  1.45751E+01  2.22245E-28  1.45478E+06  2.00000E-03 -9.94253E+00
  1.46219E+01  2.21988E-28  1.45366E+06  2.00000E-03 -1.02433E+01
  1.46686E+01  2.21730E-28  1.45254E+06  2.00000E-03 -1.05449E+01
  1.47154E+01  2.21730E-28  1.45254E+06  2.00000E-03 -1.05449E+01
  1.47622E+01  2.21730E-28  1.45254E+06  2.00000E-03 -1.05449E+01
  1.48090E+01  2.21730E-28  1.45254E+06  2.00000E-03 -1.05449E+01
  1.48558E+01  2.21730E-28  1.45254E+06  2.00000E-03 -1.05449E+01
  1.49026E+01  2.21730E-28  1.45254E+06  2.00000E-03 -1.05449E+01
  1.49494E+01  2.21730E-28  1.45254E+06  2.00000E-03 -1.05449E+01
  1.49962E+01  2.21560E-28  1.45180E+06  2.00000E-03 -1.06999E+01
  1.50430E+01  2.21390E-28  1.45106E+06  2.00000E-03 -1.08551E+01
  1.50898E+01  2.21390E-28  1.45106E+06  2.00000E-03 -1.08551E+01
  1.51365E+01  2.21390E-28  1.45106E+06  2.00000E-03 -1.08551E+01
  1.51833E+01  2.21390E-28  1.45106E+06  2.00000E-03 -1.08551E+01
  1.52301E+01  2.21390E-28  1.45106E+06  2.00000E-03 -1.08551E+01
  1.52769E+01  2.21390E-28  1.45106E+06  2.00000E-03 -1.08551E+01
  1.53237E+01  2.21390E-28  1.45106E+06  2.00000E-03 -1.08551E+01
  1.53705E+01  2.21317E-28  1.45074E+06  2.00000E-03 -1.09005E+01
  1.54173E+01  2.21244E-28  1.45042E+06  2.00000E-03 -1.09459E+01
  1.54641E+01  2.21244E-28  1.45042E+06  2.00000E-03 -1.09459E+01
  1.55109E+01  2.21244E-28  1.45042E+06  2.00000E-03 -1.09459E+01
  1.55577E+01  2.21244E-28  1.45042E+06  2.00000E-03 -1.09459E+01
  1.56044E+01  2.21244E-28  1.45042E+06  2.00000E-03 -1.09459E+01
  1.56512E+01  2.21244E-28  1.45042E+06  2.00000E-03 -1.09459E+01
  1.56980E+01  2.21244E-28  1.45042E+06  2.00000E-03 -1.09459E+01
  1.57448E+01  2.21225E-28  1.45033E+06  2.00000E-03 -1.09373E+01
  1.57916E+01  2.21206E-28  1.45024E+06  2.00000E-03 -1.09287E+01
  1.58384E+01  2.21206E-28  1.45024E+06  2.00000E-03 -1.09287E+01
  1.58852E+01  2.21206E-28  1.45024E+06  2.00000E-03 -1.09287E+01
  1.59320E+01  2.21206E-28  1.45024E+06  2.00000E-03 -1.09287E+01
  1.59788E+01  2.21206E-28  1.45024E+06  2.00000E-03 -1.09287E+01
  1.60256E+01  2.21206E-28  1.45024E+06  2.00000E-03 -1.09287E+01
  1.60723E+01  2.21206E-28  1.45024E+06  2.00000E-03 -1.09287E+01
  1.61191E+01  2.21189E-28  1.45016E+06  2.00000E-03 -1.09165E+01
  1.61659E+01  2.21171E-28  1.45007E+06  2.00000E-03 -1.09044E+01
  1.62127E+01  2.21171E-28  1.45007E+06  2.00000E-03 -1.09044E+01
  1.62595E+01  2.21171E-28  1.45007E+06  2.00000E-03 -1.09044E+01
  1.63063E+01  2.21171E-28  1.45007E+06  2.00000E-03 -1.09044E+01
  1.63531E+01  2.21171E-28  1.45007E+06  2.00000E-03 -1.09044E+01
  1.63999E+01  2.21171E-28  1.45007E+06  2.00000E-03 -1.09044E+01
  1.64467E+01  2.21171E-28  1.45007E+06  2.00000E-03 -1.09044E+01
  1.64935E+01  2.21125E-28  1.44986E+06  2.00000E-03 -1.09129E+01
  1.65402E+01  2.21079E-28  1.44965E+06  2.00000E-03 -1.09213E+01
  1.65870E+01  2.21079E-28  1.44965E+06  2.00000E-03 -1.09213E+01
  1.66338E+01  2.21079E-28  1.44965E+06  2.00000E-03 -1.09213E+01
  1.66806E+01  2.21079E-28  1.44965E+06  2.00000E-03 -1.09213E+01
  1.67274E+01  2.21079E-28  1.44965E+06  2.00000E-03 -1.09213E+01
  1.67742E+01  2.21079E-28  1.44965E+06  2.00000E-03 -1.09213E+01
  1.68210E+01  2.21079E-28  1.44965E+06  2.00000E-03 -1.09213E+01
  1.68678E+01  2.21011E-28  1.44935E+06  2.00000E-03 -1.09429E+01
  1.69146E+01  2.20942E-28  1.44904E+06  2.00000E-03 -1.09646E+01
  1.69613E+01  2.20942E-28  1.44904E+06  2.00000E-03 -1.09646E+01
  1.70081E+01  2.20942E-28  1.44904E+06  2.00000E-03 -1.09646E+01
  1.70549E+01  2.20942E-28  1.44904E+06  2.00000E-03 -1.09646E+01
  1.71017E+01  2.20942E-28  1.44904E+06  2.00000E-03 -1.09646E+01
  1.71485E+01  2.20942E-28  1.44904E+06  2.00000E-03 -1.09646E+01
  1.71953E+01  2.20942E-28  1.44904E+06  2.00000E-03 -1.09646E+01
  1.72421E+01  2.20881E-28  1.44876E+06  2.00000E-03 -1.09740E+01
  1.72889E+01  2.20820E-28  1.44849E+06  2.00000E-03 -1.09834E+01
  1.73357E+01  2.20820E-28  1.44849E+06  2.00000E-03 -1.09834E+01
  1.73825E+01  2.20820E-28  1.44849E+06  2.00000E-03 -1.09834E+01
  1.74292E+01  2.20820E-28  1.44849E+06  2.00000E-03 -1.09834E+01
  1.74760E+01  2.20820E-28  1.44849E+06  2.00000E-03 -1.09834E+01
  1.75228E+01  2.20820E-28  1.44849E+06  2.00000E-03 -1.09834E+01
  1.75696E+01  2.20820E-28  1.44849E+06  2.00000E-03 -1.09834E+01
  1.76164E+01  2.20802E-28  1.44840E+06  2.00000E-03 -1.09560E+01
  1.76632E+01  2.20784E-28  1.44832E+06  2.00000E-03 -1.09287E+01
  1.77100E+01  2.20784E-28  1.44832E+06  2.00000E-03 -1.09287E+01
  1.77568E+01  2.20784E-28  1.44832E+06  2.00000E-03 -1.09287E+01
  1.78036E+01  2.20784E-28  1.44832E+06  2.00000E-03 -1.09287E+01
  1.78504E+01  2.20784E-28  1.44832E+06  2.00000E-03 -1.09287E+01
  1.78971E+01  2.20784E-28  1.44832E+06  2.00000E-03 -1.09287E+01
  1.79439E+01  2.20784E-28  1.44832E+06  2.00000E-03 -1.09287E+01
  1.79907E+01  2.20828E-28  1.44850E+06  2.00000E-03 -1.08585E+01
  1.80375E+01  2.20871E-28  1.44868E+06  2.00000E-03 -1.07883E+01
  1.80843E+01  2.20871E-28  1.44868E+06  2.00000E-03 -1.07883E+01
  1.81311E+01  2.20871E-28  1.44868E+06  2.00000E-03 -1.07883E+01
  1.81779E+01  2.20871E-28  1.44868E+06  2.00000E-03 -1.07883E+01
  1.82247E+01  2.20871E-28  1.44868E+06  2.00000E-03 -1.07883E+01
  1.82715E+01  2.20871E-28  1.44868E+06  2.00000E-03 -1.07883E+01
  1.83183E+01  2.20871E-28  1.44868E+06  2.00000E-03 -1.07883E+01
  1.83650E+01  2.20965E-28  1.44908E+06  2.00000E-03 -1.06809E+01
  1.84118E+01  2.21059E-28  1.44949E+06  2.00000E-03 -1.05735E+01
  1.84586E+01  2.21059E-28  1.44949E+06  2.00000E-03 -1.05735E+01
  1.85054E+01  2.21059E-28  1.44949E+06  2.00000E-03 -1.05735E+01
  1.85522E+01  2.21059E-28  1.44949E+06  2.00000E-03 -1.05735E+01
  1.85990E+01  2.21059E-28  1.44949E+06  2.00000E-03 -1.05735E+01
  1.86458E+01  2.21059E-28  1.44949E+06  2.00000E-03 -1.05735E+01
  1.86926E+01  2.21059E-28  1.44949E+06  2.00000E-03 -1.05735E+01
  1.87394E+01  2.21148E-28  1.44987E+06  2.00000E-03 -1.04595E+01
  1.87862E+01  2.21236E-28  1.45025E+06  2.00000E-03 -1.03456E+01
  1.88329E+01  2.21236E-28  1.45025E+06  2.00000E-03 -1.03456E+01
  1.88797E+01  2.21236E-28  1.45025E+06  2.00000E-03 -1.03456E+01
  1.89265E+01  2.21236E-28  1.45025E+06  2.00000E-03 -1.03456E+01
  1.89733E+01  2.21236E-28  1.45025E+06  2.00000E-03 -1.03456E+01
  1.90201E+01  2.21236E-28  1.45025E+06  2.00000E-03 -1.03456E+01
  1.90669E+01  2.21236E-28  1.45025E+06  2.00000E-03 -1.03456E+01
  1.91137E+01  2.21236E-28  1.45025E+06  2.00000E-03 -1.03456E+01
  1.91605E+01  2.21236E-28  1.45025E+06  2.00000E-03 -1.03456E+01
  1.92073E+01  2.21236E-28  1.45025E+06  2.00000E-03 -1.03456E+01
  1.92541E+01  2.21236E-28  1.45025E+06  2.00000E-03 -1.03456E+01
  1.93008E+01  2.21236E-28  1.45025E+06  2.00000E-03 -1.03456E+01
  1.93476E+01  2.21236E-28  1.45025E+06  2.00000E-03 -1.03456E+01
  1.93944E+01  2.21236E-28  1.45025E+06  2.00000E-03 -1.03456E+01
  1.94412E+01  2.21236E-28  1.45025E+06  2.00000E-03 -1.03456E+01
  1.94880E+01  2.21238E-28  1.45023E+06  2.00000E-03 -1.02195E+01
  1.95348E+01  2.21241E-28  1.45021E+06  2.00000E-03 -1.00933E+01
  1.95816E+01  2.21241E-28  1.45021E+06  2.00000E-03 -1.00933E+01
  1.96284E+01  2.21241E-28  1.45021E+06  2.00000E-03 -1.00933E+01
  1.96752E+01  2.21241E-28  1.45021E+06  2.00000E-03 -1.00933E+01
  1.97220E+01  2.21241E-28  1.45021E+06  2.00000E-03 -1.00933E+01
  1.97687E+01  2.21241E-28  1.45021E+06  2.00000E-03 -1.00933E+01
  1.98155E+01  2.21241E-28  1.45021E+06  2.00000E-03 -1.00933E+01
  1.98623E+01  2.21241E-28  1.45021E+06  2.00000E-03 -1.00933E+01
  1.99091E+01  2.21241E-28  1.45021E+06  2.00000E-03 -1.00933E+01
  1.99559E+01  2.21241E-28  1.45021E+06  2.00000E-03 -1.00933E+01
  2.00027E+01  2.21241E-28  1.45021E+06  2.00000E-03 -1.00933E+01
  2.00495E+01  2.21241E-28  1.45021E+06  2.00000E-03 -1.00933E+01
  2.00963E+01  2.21241E-28  1.45021E+06  2.00000E-03 -1.00933E+01
  2.01431E+01  2.21241E-28  1.45021E+06  2.00000E-03 -1.00933E+01
  2.01899E+01  2.21241E-28  1.45021E+06  2.00000E-03 -1.00933E+01
  2.02366E+01  2.21111E-28  1.44964E+06  2.00000E-03 -1.00828E+01
  2.02834E+01  2.20982E-28  1.44907E+06  2.00000E-03 -1.00723E+01
  2.03302E+01  2.20982E-28  1.44907E+06  2.00000E-03 -1.00723E+01
  2.03770E+01  2.20982E-28  1.44907E+06  2.00000E-03 -1.00723E+01
  2.04238E+01  2.20982E-28  1.44907E+06  2.00000E-03 -1.00723E+01
  2.04706E+01  2.20982E-28  1.44907E+06  2.00000E-03 -1.00723E+01
  2.05174E+01  2.20982E-28  1.44907E+06  2.00000E-03 -1.00723E+01
  2.05642E+01  2.20982E-28  1.44907E+06  2.00000E-03 -1.00723E+01
  2.06110E+01  2.20982E-28  1.44907E+06  2.00000E-03 -1.00723E+01
  2.06578E+01  2.20982E-28  1.44907E+06  2.00000E-03 -1.00723E+01
  2.07045E+01  2.20982E-28  1.44907E+06  2.00000E-03 -1.00723E+01
  2.07513E+01  2.20982E-28  1.44907E+06  2.00000E-03 -1.00723E+01
  2.07981E+01  2.20982E-28  1.44907E+06  2.00000E-03 -1.00723E+01
  2.08449E+01  2.20982E-28  1.44907E+06  2.00000E-03 -1.00723E+01
  2.08917E+01  2.20982E-28  1.44907E+06  2.00000E-03 -1.00723E+01
  2.09385E+01  2.20982E-28  1.44907E+06  2.00000E-03 -1.00723E+01
  2.09853E+01  2.20762E-28  1.44810E+06  2.00000E-03 -1.01049E+01
  2.10321E+01  2.20542E-28  1.44712E+06  2.00000E-03 -1.01375E+01
  2.10789E+01  2.20542E-28  1.44712E+06  2.00000E-03 -1.01375E+01
  2.11257E+01  2.20542E-28  1.44712E+06  2.00000E-03 -1.01375E+01
  2.11724E+01  2.20542E-28  1.44712E+06  2.00000E-03 -1.01375E+01
  2.12192E+01  2.20542E-28  1.44712E+06  2.00000E-03 -1.01375E+01
  2.12660E+01  2.20542E-28  1.44712E+06  2.00000E-03 -1.01375E+01
  2.13128E+01  2.20542E-28  1.44712E+06  2.00000E-03 -1.01375E+01
  2.13596E+01  2.20542E-28  1.44712E+06  2.00000E-03 -1.01375E+01
  2.14064E+01  2.20542E-28  1.44712E+06  2.00000E-03 -1.01375E+01
  2.14532E+01  2.20542E-28  1.44712E+06  2.00000E-03 -1.01375E+01
  2.15000E+01  2.20542E-28  1.44712E+06  2.00000E-03 -1.01375E+01
  2.15468E+01  2.20542E-28  1.44712E+06  2.00000E-03 -1.01375E+01
  2.15936E+01  2.20542E-28  1.44712E+06  2.00000E-03 -1.01375E+01
  2.16403E+01  2.20542E-28  1.44712E+06  2.00000E-03 -1.01375E+01
  2.16871E+01  2.20542E-28  1.44712E+06  2.00000E-03 -1.01375E+01
  2.17339E+01  2.20287E-28  1.44600E+06  2.00000E-03 -1.01747E+01
  2.17807E+01  2.20032E-28  1.44488E+06  2.00000E-03 -1.02121E+01
  2.18275E+01  2.20032E-28  1.44488E+06  2.00000E-03 -1.02121E+01
  2.18743E+01  2.20032E-28  1.44488E+06  2.00000E-03 -1.02121E+01
  2.19211E+01  2.20032E-28  1.44488E+06  2.00000E-03 -1.02121E+01
  2.19679E+01  2.20032E-28  1.44488E+06  2.00000E-03 -1.02121E+01
  2.20147E+01  2.20032E-28  1.44488E+06  2.00000E-03 -1.02121E+01
  2.20615E+01  2.20032E-28  1.44488E+06  2.00000E-03 -1.02121E+01
  2.21082E+01  2.20032E-28  1.44488E+06  2.00000E-03 -1.02121E+01
  2.21550E+01  2.20032E-28  1.44488E+06  2.00000E-03 -1.02121E+01
  2.22018E+01  2.20032E-28  1.44488E+06  2.00000E-03 -1.02121E+01
  2.22486E+01  2.20032E-28  1.44488E+06  2.00000E-03 -1.02121E+01
  2.22954E+01  2.20032E-28  1.44488E+06  2.00000E-03 -1.02121E+01
  2.23422E+01  2.20032E-28  1.44488E+06  2.00000E-03 -1.02121E+01
  2.23890E+01  2.20032E-28  1.44488E+06  2.00000E-03 -1.02121E+01
  2.24358E+01  2.20032E-28  1.44488E+06  2.00000E-03 -1.02121E+01
  2.24826E+01  2.19767E-28  1.44371E+06  2.00000E-03 -1.02387E+01
  2.25294E+01  2.19502E-28  1.44254E+06  2.00000E-03 -1.02653E+01
  2.25761E+01  2.19502E-28  1.44254E+06  2.00000E-03 -1.02653E+01
  2.26229E+01  2.19502E-28  1.44254E+06  2.00000E-03 -1.02653E+01
  2.26697E+01  2.19502E-28  1.44254E+06  2.00000E-03 -1.02653E+01
  2.27165E+01  2.19502E-28  1.44254E+06  2.00000E-03 -1.02653E+01
  2.27633E+01  2.19502E-28  1.44254E+06  2.00000E-03 -1.02653E+01
  2.28101E+01  2.19502E-28  1.44254E+06  2.00000E-03 -1.02653E+01
  2.28569E+01  2.19502E-28  1.44254E+06  2.00000E-03 -1.02653E+01
  2.29037E+01  2.19502E-28  1.44254E+06  2.00000E-03 -1.02653E+01
  2.29505E+01  2.19502E-28  1.44254E+06  2.00000E-03 -1.02653E+01
  2.29972E+01  2.19502E-28  1.44254E+06  2.00000E-03 -1.02653E+01
  2.30440E+01  2.19502E-28  1.44254E+06  2.00000E-03 -1.02653E+01
  2.30908E+01  2.19502E-28  1.44254E+06  2.00000E-03 -1.02653E+01
  2.31376E+01  2.19502E-28  1.44254E+06  2.00000E-03 -1.02653E+01
  2.31844E+01  2.19502E-28  1.44254E+06  2.00000E-03 -1.02653E+01
  2.32312E+01  2.19270E-28  1.44151E+06  2.00000E-03 -1.02634E+01
  2.32780E+01  2.19037E-28  1.44049E+06  2.00000E-03 -1.02615E+01
  2.33248E+01  2.19037E-28  1.44049E+06  2.00000E-03 -1.02615E+01
  2.33716E+01  2.19037E-28  1.44049E+06  2.00000E-03 -1.02615E+01
  2.34184E+01  2.19037E-28  1.44049E+06  2.00000E-03 -1.02615E+01
  2.34651E+01  2.19037E-28  1.44049E+06  2.00000E-03 -1.02615E+01
  2.35119E+01  2.19037E-28  1.44049E+06  2.00000E-03 -1.02615E+01
  2.35587E+01  2.19037E-28  1.44049E+06  2.00000E-03 -1.02615E+01
  2.36055E+01  2.19037E-28  1.44049E+06  2.00000E-03 -1.02615E+01
  2.36523E+01  2.19037E-28  1.44049E+06  2.00000E-03 -1.02615E+01
  2.36991E+01  2.19037E-28  1.44049E+06  2.00000E-03 -1.02615E+01
  2.37459E+01  2.19037E-28  1.44049E+06  2.00000E-03 -1.02615E+01
  2.37927E+01  2.19037E-28  1.44049E+06  2.00000E-03 -1.02615E+01
  2.38395E+01  2.19037E-28  1.44049E+06  2.00000E-03 -1.02615E+01
  2.38863E+01  2.19037E-28  1.44049E+06  2.00000E-03 -1.02615E+01
  2.39330E+01  2.19037E-28  1.44049E+06  2.00000E-03 -1.02615E+01
  2.39798E+01  2.18889E-28  1.43983E+06  2.00000E-03 -1.02077E+01
