 -2.38863E+01  2.13891E-28  1.41785E+06  2.00000E-03  1.01274E+01
 -2.38395E+01  2.13891E-28  1.41785E+06  2.00000E-03  1.01274E+01
 -2.37927E+01  2.13891E-28  1.41785E+06  2.00000E-03  1.01274E+01
 -2.37459E+01  2.13891E-28  1.41785E+06  2.00000E-03  1.01274E+01
 -2.36991E+01  2.13891E-28  1.41785E+06  2.00000E-03  1.01274E+01
 -2.36523E+01  2.13891E-28  1.41785E+06  2.00000E-03  1.01274E+01
 -2.36055E+01  2.13891E-28  1.41785E+06  2.00000E-03  1.01274E+01
 -2.35587E+01  2.13891E-28  1.41785E+06  2.00000E-03  1.01274E+01
 -2.35119E+01  2.13891E-28  1.41785E+06  2.00000E-03  1.01274E+01
 -2.34651E+01  2.13891E-28  1.41785E+06  2.00000E-03  1.01274E+01
 -2.34184E+01  2.13891E-28  1.41785E+06  2.00000E-03  1.01274E+01
 -2.33716E+01  2.13891E-28  1.41785E+06  2.00000E-03  1.01274E+01
 -2.33248E+01  2.13891E-28  1.41785E+06  2.00000E-03  1.01274E+01
 -2.32780E+01  2.13891E-28  1.41785E+06  2.00000E-03  1.01274E+01
 -2.32312E+01  2.13891E-28  1.41785E+06  2.00000E-03  1.01274E+01
 -2.31844E+01  2.13566E-28  1.41642E+06  2.00000E-03  1.04780E+01
 -2.31376E+01  2.13241E-28  1.41498E+06  2.00000E-03  1.08296E+01
 -2.30908E+01  2.13241E-28  1.41498E+06  2.00000E-03  1.08296E+01
 -2.30440E+01  2.13241E-28  1.41498E+06  2.00000E-03  1.08296E+01
 -2.29972E+01  2.13241E-28  1.41498E+06  2.00000E-03  1.08296E+01
 -2.29505E+01  2.13241E-28  1.41498E+06  2.00000E-03  1.08296E+01
 -2.29037E+01  2.13241E-28  1.41498E+06  2.00000E-03  1.08296E+01
 -2.28569E+01  2.13241E-28  1.41498E+06  2.00000E-03  1.08296E+01
 -2.28101E+01  2.13241E-28  1.41498E+06  2.00000E-03  1.08296E+01
 -2.27633E+01  2.13241E-28  1.41498E+06  2.00000E-03  1.08296E+01
 -2.27165E+01  2.13241E-28  1.41498E+06  2.00000E-03  1.08296E+01
 -2.26697E+01  2.13241E-28  1.41498E+06  2.00000E-03  1.08296E+01
 -2.26229E+01  2.13241E-28  1.41498E+06  2.00000E-03  1.08296E+01
 -2.25761E+01  2.13241E-28  1.41498E+06  2.00000E-03  1.08296E+01
 -2.25294E+01  2.13241E-28  1.41498E+06  2.00000E-03  1.08296E+01
 -2.24826E+01  2.13241E-28  1.41498E+06  2.00000E-03  1.08296E+01
 -2.24358E+01  2.12986E-28  1.41386E+06  2.00000E-03  1.11522E+01
 -2.23890E+01  2.12730E-28  1.41274E+06  2.00000E-03  1.14757E+01
 -2.23422E+01  2.12730E-28  1.41274E+06  2.00000E-03  1.14757E+01
 -2.22954E+01  2.12730E-28  1.41274E+06  2.00000E-03  1.14757E+01
 -2.22486E+01  2.12730E-28  1.41274E+06  2.00000E-03  1.14757E+01
 -2.22018E+01  2.12730E-28  1.41274E+06  2.00000E-03  1.14757E+01
 -2.21550E+01  2.12730E-28  1.41274E+06  2.00000E-03  1.14757E+01
 -2.21082E+01  2.12730E-28  1.41274E+06  2.00000E-03  1.14757E+01
 -2.20615E+01  2.12730E-28  1.41274E+06  2.00000E-03  1.14757E+01
 -2.20147E+01  2.12730E-28  1.41274E+06  2.00000E-03  1.14757E+01
 -2.19679E+01  2.12730E-28  1.41274E+06  2.00000E-03  1.14757E+01
 -2.19211E+01  2.12730E-28  1.41274E+06  2.00000E-03  1.14757E+01
 -2.18743E+01  2.12730E-28  1.41274E+06  2.00000E-03  1.14757E+01
 -2.18275E+01  2.12730E-28  1.41274E+06  2.00000E-03  1.14757E+01
 -2.17807E+01  2.12730E-28  1.41274E+06  2.00000E-03  1.14757E+01
 -2.17339E+01  2.12730E-28  1.41274E+06  2.00000E-03  1.14757E+01
 -2.16871E+01  2.12584E-28  1.41210E+06  2.00000E-03  1.17419E+01
 -2.16403E+01  2.12438E-28  1.41146E+06  2.00000E-03  1.20085E+01
 -2.15936E+01  2.12438E-28  1.41146E+06  2.00000E-03  1.20085E+01
 -2.15468E+01  2.12438E-28  1.41146E+06  2.00000E-03  1.20085E+01
 -2.15000E+01  2.12438E-28  1.41146E+06  2.00000E-03  1.20085E+01
 -2.14532E+01  2.12438E-28  1.41146E+06  2.00000E-03  1.20085E+01
 -2.14064E+01  2.12438E-28  1.41146E+06  2.00000E-03  1.20085E+01
 -2.13596E+01  2.12438E-28  1.41146E+06  2.00000E-03  1.20085E+01
 -2.13128E+01  2.12438E-28  1.41146E+06  2.00000E-03  1.20085E+01
 -2.12660E+01  2.12438E-28  1.41146E+06  2.00000E-03  1.20085E+01
 -2.12192E+01  2.12438E-28  1.41146E+06  2.00000E-03  1.20085E+01
 -2.11724E+01  2.12438E-28  1.41146E+06  2.00000E-03  1.20085E+01
 -2.11257E+01  2.12438E-28  1.41146E+06  2.00000E-03  1.20085E+01
 -2.10789E+01  2.12438E-28  1.41146E+06  2.00000E-03  1.20085E+01
 -2.10321E+01  2.12438E-28  1.41146E+06  2.00000E-03  1.20085E+01
 -2.09853E+01  2.12438E-28  1.41146E+06  2.00000E-03  1.20085E+01
 -2.09385E+01  2.12335E-28  1.41101E+06  2.00000E-03  1.22704E+01
 -2.08917E+01  2.12233E-28  1.41057E+06  2.00000E-03  1.25326E+01
 -2.08449E+01  2.12233E-28  1.41057E+06  2.00000E-03  1.25326E+01
 -2.07981E+01  2.12233E-28  1.41057E+06  2.00000E-03  1.25326E+01
 -2.07513E+01  2.12233E-28  1.41057E+06  2.00000E-03  1.25326E+01
 -2.07045E+01  2.12233E-28  1.41057E+06  2.00000E-03  1.25326E+01
 -2.06578E+01  2.12233E-28  1.41057E+06  2.00000E-03  1.25326E+01
 -2.06110E+01  2.12233E-28  1.41057E+06  2.00000E-03  1.25326E+01
 -2.05642E+01  2.12233E-28  1.41057E+06  2.00000E-03  1.25326E+01
 -2.05174E+01  2.12233E-28  1.41057E+06  2.00000E-03  1.25326E+01
 -2.04706E+01  2.12233E-28  1.41057E+06  2.00000E-03  1.25326E+01
 -2.04238E+01  2.12233E-28  1.41057E+06  2.00000E-03  1.25326E+01
 -2.03770E+01  2.12233E-28  1.41057E+06  2.00000E-03  1.25326E+01
 -2.03302E+01  2.12233E-28  1.41057E+06  2.00000E-03  1.25326E+01
 -2.02834E+01  2.12233E-28  1.41057E+06  2.00000E-03  1.25326E+01
 -2.02366E+01  2.12233E-28  1.41057E+06  2.00000E-03  1.25326E+01
 -2.01899E+01  2.12008E-28  1.40958E+06  2.00000E-03  1.29200E+01
 -2.01431E+01  2.11783E-28  1.40859E+06  2.00000E-03  1.33083E+01
 -2.00963E+01  2.11783E-28  1.40859E+06  2.00000E-03  1.33083E+01
 -2.00495E+01  2.11783E-28  1.40859E+06  2.00000E-03  1.33083E+01
 -2.00027E+01  2.11783E-28  1.40859E+06  2.00000E-03  1.33083E+01
 -1.99559E+01  2.11783E-28  1.40859E+06  2.00000E-03  1.33083E+01
 -1.99091E+01  2.11783E-28  1.40859E+06  2.00000E-03  1.33083E+01
 -1.98623E+01  2.11783E-28  1.40859E+06  2.00000E-03  1.33083E+01
 -1.98155E+01  2.11783E-28  1.40859E+06  2.00000E-03  1.33083E+01
 -1.97687E+01  2.11783E-28  1.40859E+06  2.00000E-03  1.33083E+01
 -1.97220E+01  2.11783E-28  1.40859E+06  2.00000E-03  1.33083E+01
 -1.96752E+01  2.11783E-28  1.40859E+06  2.00000E-03  1.33083E+01
 -1.96284E+01  2.11783E-28  1.40859E+06  2.00000E-03  1.33083E+01
 -1.95816E+01  2.11783E-28  1.40859E+06  2.00000E-03  1.33083E+01
 -1.95348E+01  2.11783E-28  1.40859E+06  2.00000E-03  1.33083E+01
 -1.94880E+01  2.11783E-28  1.40859E+06  2.00000E-03  1.33083E+01
 -1.94412E+01  2.11324E-28  1.40658E+06  2.00000E-03  1.39432E+01
 -1.93944E+01  2.10864E-28  1.40456E+06  2.00000E-03  1.45808E+01
 -1.93476E+01  2.10864E-28  1.40456E+06  2.00000E-03  1.45808E+01
 -1.93008E+01  2.10864E-28  1.40456E+06  2.00000E-03  1.45808E+01
 -1.92541E+01  2.10864E-28  1.40456E+06  2.00000E-03  1.45808E+01
 -1.92073E+01  2.10864E-28  1.40456E+06  2.00000E-03  1.45808E+01
 -1.91605E+01  2.10864E-28  1.40456E+06  2.00000E-03  1.45808E+01
 -1.91137E+01  2.10864E-28  1.40456E+06  2.00000E-03  1.45808E+01
 -1.90669E+01  2.10864E-28  1.40456E+06  2.00000E-03  1.45808E+01
 -1.90201E+01  2.10864E-28  1.40456E+06  2.00000E-03  1.45808E+01
 -1.89733E+01  2.10864E-28  1.40456E+06  2.00000E-03  1.45808E+01
 -1.89265E+01  2.10864E-28  1.40456E+06  2.00000E-03  1.45808E+01
 -1.88797E+01  2.10864E-28  1.40456E+06  2.00000E-03  1.45808E+01
 -1.88329E+01  2.10864E-28  1.40456E+06  2.00000E-03  1.45808E+01
 -1.87862E+01  2.10864E-28  1.40456E+06  2.00000E-03  1.45808E+01
 -1.87394E+01  2.10864E-28  1.40456E+06  2.00000E-03  1.45808E+01
 -1.86926E+01  2.10345E-28  1.40227E+06  2.00000E-03  1.53392E+01
 -1.86458E+01  2.09826E-28  1.39996E+06  2.00000E-03  1.61013E+01
 -1.85990E+01  2.09826E-28  1.39996E+06  2.00000E-03  1.61013E+01
 -1.85522E+01  2.09826E-28  1.39996E+06  2.00000E-03  1.61013E+01
 -1.85054E+01  2.09826E-28  1.39996E+06  2.00000E-03  1.61013E+01
 -1.84586E+01  2.09826E-28  1.39996E+06  2.00000E-03  1.61013E+01
 -1.84118E+01  2.09826E-28  1.39996E+06  2.00000E-03  1.61013E+01
 -1.83650E+01  2.09826E-28  1.39996E+06  2.00000E-03  1.61013E+01
 -1.83183E+01  2.09575E-28  1.39885E+06  2.00000E-03  1.65227E+01
 -1.82715E+01  2.09324E-28  1.39773E+06  2.00000E-03  1.69451E+01
 -1.82247E+01  2.09324E-28  1.39773E+06  2.00000E-03  1.69451E+01
 -1.81779E+01  2.09324E-28  1.39773E+06  2.00000E-03  1.69451E+01
 -1.81311E+01  2.09324E-28  1.39773E+06  2.00000E-03  1.69451E+01
 -1.80843E+01  2.09324E-28  1.39773E+06  2.00000E-03  1.69451E+01
 -1.80375E+01  2.09324E-28  1.39773E+06  2.00000E-03  1.69451E+01
 -1.79907E+01  2.09324E-28  1.39773E+06  2.00000E-03  1.69451E+01
 -1.79439E+01  2.09128E-28  1.39686E+06  2.00000E-03  1.73701E+01
 -1.78971E+01  2.08933E-28  1.39599E+06  2.00000E-03  1.77959E+01
 -1.78504E+01  2.08933E-28  1.39599E+06  2.00000E-03  1.77959E+01
 -1.78036E+01  2.08933E-28  1.39599E+06  2.00000E-03  1.77959E+01
 -1.77568E+01  2.08933E-28  1.39599E+06  2.00000E-03  1.77959E+01
 -1.77100E+01  2.08933E-28  1.39599E+06  2.00000E-03  1.77959E+01
 -1.76632E+01  2.08933E-28  1.39599E+06  2.00000E-03  1.77959E+01
 -1.76164E+01  2.08933E-28  1.39599E+06  2.00000E-03  1.77959E+01
 -1.75696E+01  2.08822E-28  1.39550E+06  2.00000E-03  1.82112E+01
 -1.75228E+01  2.08711E-28  1.39501E+06  2.00000E-03  1.86269E+01
 -1.74760E+01  2.08711E-28  1.39501E+06  2.00000E-03  1.86269E+01
 -1.74292E+01  2.08711E-28  1.39501E+06  2.00000E-03  1.86269E+01
 -1.73825E+01  2.08711E-28  1.39501E+06  2.00000E-03  1.86269E+01
 -1.73357E+01  2.08711E-28  1.39501E+06  2.00000E-03  1.86269E+01
 -1.72889E+01  2.08711E-28  1.39501E+06  2.00000E-03  1.86269E+01
 -1.72421E+01  2.08711E-28  1.39501E+06  2.00000E-03  1.86269E+01
 -1.71953E+01  2.08683E-28  1.39489E+06  2.00000E-03  1.90410E+01
 -1.71485E+01  2.08656E-28  1.39478E+06  2.00000E-03  1.94552E+01
 -1.71017E+01  2.08656E-28  1.39478E+06  2.00000E-03  1.94552E+01
 -1.70549E+01  2.08656E-28  1.39478E+06  2.00000E-03  1.94552E+01
 -1.70081E+01  2.08656E-28  1.39478E+06  2.00000E-03  1.94552E+01
 -1.69613E+01  2.08656E-28  1.39478E+06  2.00000E-03  1.94552E+01
 -1.69146E+01  2.08656E-28  1.39478E+06  2.00000E-03  1.94552E+01
 -1.68678E+01  2.08656E-28  1.39478E+06  2.00000E-03  1.94552E+01
 -1.68210E+01  2.08700E-28  1.39498E+06  2.00000E-03  1.98869E+01
 -1.67742E+01  2.08743E-28  1.39518E+06  2.00000E-03  2.03184E+01
 -1.67274E+01  2.08743E-28  1.39518E+06  2.00000E-03  2.03184E+01
 -1.66806E+01  2.08743E-28  1.39518E+06  2.00000E-03  2.03184E+01
 -1.66338E+01  2.08743E-28  1.39518E+06  2.00000E-03  2.03184E+01
 -1.65870E+01  2.08743E-28  1.39518E+06  2.00000E-03  2.03184E+01
 -1.65402E+01  2.08743E-28  1.39518E+06  2.00000E-03  2.03184E+01
 -1.64935E+01  2.08743E-28  1.39518E+06  2.00000E-03  2.03184E+01
 -1.64467E+01  2.08825E-28  1.39555E+06  2.00000E-03  2.07882E+01
 -1.63999E+01  2.08907E-28  1.39592E+06  2.00000E-03  2.12577E+01
 -1.63531E+01  2.08907E-28  1.39592E+06  2.00000E-03  2.12577E+01
 -1.63063E+01  2.08907E-28  1.39592E+06  2.00000E-03  2.12577E+01
 -1.62595E+01  2.08907E-28  1.39592E+06  2.00000E-03  2.12577E+01
 -1.62127E+01  2.08907E-28  1.39592E+06  2.00000E-03  2.12577E+01
 -1.61659E+01  2.08907E-28  1.39592E+06  2.00000E-03  2.12577E+01
 -1.61191E+01  2.08907E-28  1.39592E+06  2.00000E-03  2.12577E+01
 -1.60723E+01  2.08995E-28  1.39632E+06  2.00000E-03  2.17911E+01
 -1.60256E+01  2.09082E-28  1.39671E+06  2.00000E-03  2.23240E+01
 -1.59788E+01  2.09082E-28  1.39671E+06  2.00000E-03  2.23240E+01
 -1.59320E+01  2.09082E-28  1.39671E+06  2.00000E-03  2.23240E+01
 -1.58852E+01  2.09082E-28  1.39671E+06  2.00000E-03  2.23240E+01
 -1.58384E+01  2.09082E-28  1.39671E+06  2.00000E-03  2.23240E+01
 -1.57916E+01  2.09082E-28  1.39671E+06  2.00000E-03  2.23240E+01
 -1.57448E+01  2.09082E-28  1.39671E+06  2.00000E-03  2.23240E+01
 -1.56980E+01  2.09137E-28  1.39696E+06  2.00000E-03  2.29578E+01
 -1.56512E+01  2.09191E-28  1.39721E+06  2.00000E-03  2.35914E+01
 -1.56044E+01  2.09191E-28  1.39721E+06  2.00000E-03  2.35914E+01
 -1.55577E+01  2.09191E-28  1.39721E+06  2.00000E-03  2.35914E+01
 -1.55109E+01  2.09191E-28  1.39721E+06  2.00000E-03  2.35914E+01
 -1.54641E+01  2.09191E-28  1.39721E+06  2.00000E-03  2.35914E+01
 -1.54173E+01  2.09191E-28  1.39721E+06  2.00000E-03  2.35914E+01
 -1.53705E+01  2.09191E-28  1.39721E+06  2.00000E-03  2.35914E+01
 -1.53237E+01  2.09195E-28  1.39721E+06  2.00000E-03  2.43747E+01
 -1.52769E+01  2.09198E-28  1.39720E+06  2.00000E-03  2.51579E+01
 -1.52301E+01  2.09198E-28  1.39720E+06  2.00000E-03  2.51579E+01
 -1.51833E+01  2.09198E-28  1.39720E+06  2.00000E-03  2.51579E+01
 -1.51365E+01  2.09198E-28  1.39720E+06  2.00000E-03  2.51579E+01
 -1.50898E+01  2.09198E-28  1.39720E+06  2.00000E-03  2.51579E+01
 -1.50430E+01  2.09198E-28  1.39720E+06  2.00000E-03  2.51579E+01
 -1.49962E+01  2.09198E-28  1.39720E+06  2.00000E-03  2.51579E+01
 -1.49494E+01  2.09104E-28  1.39689E+06  2.00000E-03  2.61358E+01
 -1.49026E+01  2.09010E-28  1.39658E+06  2.00000E-03  2.71145E+01
 -1.48558E+01  2.09010E-28  1.39658E+06  2.00000E-03  2.71145E+01
 -1.48090E+01  2.09010E-28  1.39658E+06  2.00000E-03  2.71145E+01
 -1.47622E+01  2.09010E-28  1.39658E+06  2.00000E-03  2.71145E+01
 -1.47154E+01  2.09010E-28  1.39658E+06  2.00000E-03  2.71145E+01
 -1.46686E+01  2.09010E-28  1.39658E+06  2.00000E-03  2.71145E+01
 -1.46219E+01  2.09010E-28  1.39658E+06  2.00000E-03  2.71145E+01
 -1.45751E+01  2.08847E-28  1.39551E+06  2.00000E-03  2.83211E+01
 -1.45283E+01  2.08684E-28  1.39443E+06  2.00000E-03  2.95296E+01
 -1.44815E+01  2.08684E-28  1.39443E+06  2.00000E-03  2.95296E+01
 -1.44347E+01  2.08684E-28  1.39443E+06  2.00000E-03  2.95296E+01
 -1.43879E+01  2.08684E-28  1.39443E+06  2.00000E-03  2.95296E+01
 -1.43411E+01  2.08684E-28  1.39443E+06  2.00000E-03  2.95296E+01
 -1.42943E+01  2.08684E-28  1.39443E+06  2.00000E-03  2.95296E+01
 -1.42475E+01  2.08684E-28  1.39443E+06  2.00000E-03  2.95296E+01
 -1.42007E+01  2.08363E-28  1.39327E+06  2.00000E-03  3.10264E+01
 -1.41540E+01  2.08041E-28  1.39212E+06  2.00000E-03  3.25278E+01
 -1.41072E+01  2.08041E-28  1.39212E+06  2.00000E-03  3.25278E+01
 -1.40604E+01  2.08041E-28  1.39212E+06  2.00000E-03  3.25278E+01
 -1.40136E+01  2.08041E-28  1.39212E+06  2.00000E-03  3.25278E+01
 -1.39668E+01  2.08041E-28  1.39212E+06  2.00000E-03  3.25278E+01
 -1.39200E+01  2.08041E-28  1.39212E+06  2.00000E-03  3.25278E+01
 -1.38732E+01  2.08041E-28  1.39212E+06  2.00000E-03  3.25278E+01
 -1.38264E+01  2.07265E-28  1.38891E+06  1.99999E-03  3.39822E+01
 -1.37796E+01  2.06488E-28  1.38568E+06  1.99999E-03  3.54476E+01
 -1.37328E+01  2.06488E-28  1.38568E+06  1.99999E-03  3.54476E+01
 -1.36861E+01  2.06488E-28  1.38568E+06  1.99999E-03  3.54476E+01
 -1.36393E+01  2.05920E-28  1.38691E+06  1.99992E-03  3.64770E+01
 -1.35925E+01  2.05351E-28  1.38815E+06  1.99984E-03  3.75121E+01
 -1.35457E+01  2.05351E-28  1.38815E+06  1.99984E-03  3.75121E+01
 -1.34989E+01  2.05351E-28  1.38815E+06  1.99984E-03  3.75121E+01
 -1.34521E+01  2.04871E-28  1.38896E+06  1.99829E-03  3.89623E+01
 -1.34053E+01  2.04391E-28  1.38978E+06  1.99672E-03  4.04194E+01
 -1.33585E+01  2.04391E-28  1.38978E+06  1.99672E-03  4.04194E+01
 -1.33117E+01  2.04391E-28  1.38978E+06  1.99672E-03  4.04194E+01
 -1.32649E+01  2.07296E-28  1.36801E+06  1.98809E-03  4.25945E+01
 -1.32182E+01  2.10201E-28  1.34683E+06  1.97970E-03  4.47095E+01
 -1.31714E+01  2.10201E-28  1.34683E+06  1.97970E-03  4.47095E+01
 -1.31246E+01  2.10201E-28  1.34683E+06  1.97970E-03  4.47095E+01
 -1.30778E+01  2.15439E-28  1.31266E+06  1.96350E-03  4.81911E+01
 -1.30310E+01  2.20677E-28  1.28011E+06  1.94807E-03  5.15074E+01
 -1.29842E+01  2.20677E-28  1.28011E+06  1.94807E-03  5.15074E+01
 -1.29374E+01  2.20677E-28  1.28011E+06  1.94807E-03  5.15074E+01
 -1.28906E+01  2.23271E-28  1.25899E+06  1.93611E-03  5.62430E+01
 -1.28438E+01  2.25865E-28  1.23835E+06  1.92443E-03  6.08699E+01
 -1.27970E+01  2.25865E-28  1.23835E+06  1.92443E-03  6.08699E+01
 -1.27503E+01  2.25865E-28  1.23835E+06  1.92443E-03  6.08699E+01
 -1.27035E+01  2.23404E-28  1.24109E+06  1.92965E-03  6.52742E+01
 -1.26567E+01  2.20943E-28  1.24389E+06  1.93498E-03  6.97766E+01
 -1.26099E+01  2.20943E-28  1.24389E+06  1.93498E-03  6.97766E+01
 -1.25631E+01  2.20943E-28  1.24389E+06  1.93498E-03  6.97766E+01
 -1.25163E+01  2.16784E-28  1.25873E+06  1.94706E-03  7.21957E+01
 -1.24695E+01  2.12625E-28  1.27415E+06  1.95962E-03  7.47094E+01
 -1.24227E+01  2.12625E-28  1.27415E+06  1.95962E-03  7.47094E+01
 -1.23759E+01  2.12625E-28  1.27415E+06  1.95962E-03  7.47094E+01
 -1.23291E+01  2.09057E-28  1.28445E+06  1.96811E-03  7.43715E+01
 -1.22824E+01  2.05488E-28  1.29510E+06  1.97689E-03  7.40218E+01
 -1.22356E+01  2.05488E-28  1.29510E+06  1.97689E-03  7.40218E+01
 -1.21888E+01  2.05488E-28  1.29510E+06  1.97689E-03  7.40218E+01
 -1.21420E+01  2.03754E-28  1.30465E+06  1.98164E-03  7.20330E+01
 -1.20952E+01  2.02019E-28  1.31435E+06  1.98647E-03  7.00100E+01
 -1.20484E+01  2.02019E-28  1.31435E+06  1.98647E-03  7.00100E+01
 -1.20016E+01  2.02019E-28  1.31435E+06  1.98647E-03  7.00100E+01
 -1.19548E+01  2.00767E-28  1.32130E+06  1.98892E-03  6.73065E+01
 -1.19080E+01  1.99514E-28  1.32833E+06  1.99140E-03  6.45690E+01
 -1.18612E+01  1.99514E-28  1.32833E+06  1.99140E-03  6.45690E+01
 -1.18145E+01  1.99514E-28  1.32833E+06  1.99140E-03  6.45690E+01
 -1.17677E+01  1.98637E-28  1.33417E+06  1.99271E-03  6.19259E+01
 -1.17209E+01  1.97760E-28  1.34006E+06  1.99402E-03  5.92593E+01
 -1.16741E+01  1.97760E-28  1.34006E+06  1.99402E-03  5.92593E+01
 -1.16273E+01  1.97760E-28  1.34006E+06  1.99402E-03  5.92593E+01
 -1.15805E+01  1.97085E-28  1.34491E+06  1.99476E-03  5.71482E+01
 -1.15337E+01  1.96410E-28  1.34979E+06  1.99550E-03  5.50226E+01
 -1.14869E+01  1.96410E-28  1.34979E+06  1.99550E-03  5.50226E+01
 -1.14401E+01  1.96410E-28  1.34979E+06  1.99550E-03  5.50226E+01
 -1.13933E+01  1.95853E-28  1.35367E+06  1.99594E-03  5.35914E+01
 -1.13466E+01  1.95296E-28  1.35757E+06  1.99638E-03  5.21521E+01
 -1.12998E+01  1.95296E-28  1.35757E+06  1.99638E-03  5.21521E+01
 -1.12530E+01  1.95296E-28  1.35757E+06  1.99638E-03  5.21521E+01
 -1.12062E+01  1.94808E-28  1.36020E+06  1.99671E-03  5.13387E+01
 -1.11594E+01  1.94319E-28  1.36284E+06  1.99705E-03  5.05211E+01
 -1.11126E+01  1.94319E-28  1.36284E+06  1.99705E-03  5.05211E+01
 -1.10658E+01  1.94319E-28  1.36284E+06  1.99705E-03  5.05211E+01
 -1.10190E+01  1.93936E-28  1.36394E+06  1.99728E-03  5.00923E+01
 -1.09722E+01  1.93553E-28  1.36505E+06  1.99751E-03  4.96618E+01
 -1.09254E+01  1.93553E-28  1.36505E+06  1.99751E-03  4.96618E+01
 -1.08787E+01  1.93553E-28  1.36505E+06  1.99751E-03  4.96618E+01
 -1.08319E+01  1.93233E-28  1.36540E+06  1.99773E-03  4.93509E+01
 -1.07851E+01  1.92912E-28  1.36576E+06  1.99796E-03  4.90390E+01
 -1.07383E+01  1.92912E-28  1.36576E+06  1.99796E-03  4.90390E+01
 -1.06915E+01  1.92912E-28  1.36576E+06  1.99796E-03  4.90390E+01
 -1.06447E+01  1.93000E-28  1.36347E+06  1.99804E-03  4.86561E+01
 -1.05979E+01  1.93088E-28  1.36117E+06  1.99812E-03  4.82736E+01
 -1.05511E+01  1.93088E-28  1.36117E+06  1.99812E-03  4.82736E+01
 -1.05043E+01  1.93088E-28  1.36117E+06  1.99812E-03  4.82736E+01
 -1.04575E+01  1.94593E-28  1.34950E+06  1.99713E-03  4.77268E+01
 -1.04108E+01  1.96097E-28  1.33801E+06  1.99615E-03  4.71885E+01
 -1.03640E+01  1.96097E-28  1.33801E+06  1.99615E-03  4.71885E+01
 -1.03172E+01  1.96097E-28  1.33801E+06  1.99615E-03  4.71885E+01
 -1.02704E+01  2.01030E-28  1.30468E+06  1.99222E-03  4.64434E+01
 -1.02236E+01  2.05964E-28  1.27294E+06  1.98848E-03  4.57339E+01
 -1.01768E+01  2.05964E-28  1.27294E+06  1.98848E-03  4.57339E+01
 -1.01300E+01  2.05964E-28  1.27294E+06  1.98848E-03  4.57339E+01
 -1.00832E+01  2.14023E-28  1.22495E+06  1.97937E-03  4.47492E+01
 -1.00364E+01  2.22083E-28  1.18043E+06  1.97092E-03  4.38359E+01
 -9.98965E+00  2.22083E-28  1.18043E+06  1.97092E-03  4.38359E+01
 -9.94286E+00  2.22083E-28  1.18043E+06  1.97092E-03  4.38359E+01
 -9.89607E+00  2.26232E-28  1.15845E+06  1.96355E-03  4.24983E+01
 -9.84928E+00  2.30380E-28  1.13725E+06  1.95644E-03  4.12088E+01
 -9.80249E+00  2.30380E-28  1.13725E+06  1.95644E-03  4.12088E+01
 -9.75570E+00  2.30380E-28  1.13725E+06  1.95644E-03  4.12088E+01
 -9.70891E+00  2.29831E-28  1.13884E+06  1.94926E-03  3.94703E+01
 -9.66212E+00  2.29282E-28  1.14044E+06  1.94205E-03  3.77234E+01
 -9.61533E+00  2.29282E-28  1.14044E+06  1.94205E-03  3.77234E+01
 -9.56854E+00  2.29282E-28  1.14044E+06  1.94205E-03  3.77234E+01
 -9.52175E+00  2.34278E-28  1.11342E+06  1.91413E-03  3.59028E+01
 -9.47496E+00  2.39275E-28  1.08752E+06  1.88738E-03  3.41583E+01
 -9.42817E+00  2.39275E-28  1.08752E+06  1.88738E-03  3.41583E+01
 -9.38138E+00  2.39275E-28  1.08752E+06  1.88738E-03  3.41583E+01
 -9.33459E+00  3.28114E-28  7.84821E+05  1.68818E-03  3.17020E+01
 -9.28780E+00  4.16953E-28  6.11116E+05  1.57387E-03  3.02925E+01
 -9.24101E+00  4.16953E-28  6.11116E+05  1.57387E-03  3.02925E+01
 -9.19422E+00  4.16953E-28  6.11116E+05  1.57387E-03  3.02925E+01
 -9.14743E+00  5.19563E-28  4.86918E+05  1.50355E-03  2.85604E+01
 -9.10064E+00  6.22173E-28  4.03686E+05  1.45642E-03  2.73996E+01
 -9.05385E+00  6.62454E-28  3.75300E+05  1.44071E-03  2.61583E+01
 -9.00706E+00  7.02735E-28  3.50168E+05  1.42680E-03  2.50592E+01
 -8.96027E+00  6.92651E-28  3.51881E+05  1.42806E-03  2.42386E+01
 -8.91348E+00  6.82567E-28  3.53644E+05  1.42937E-03  2.33938E+01
 -8.86669E+00  6.41407E-28  3.72779E+05  1.43951E-03  2.30661E+01
 -8.81990E+00  6.00246E-28  3.94538E+05  1.45104E-03  2.26933E+01
 -8.77311E+00  6.93385E-28  3.38993E+05  1.44278E-03  2.35862E+01
 -8.72632E+00  7.86524E-28  2.96602E+05  1.43648E-03  2.42676E+01
 -8.67953E+00  1.17079E-27  1.95358E+05  1.38972E-03  2.64591E+01
 -8.63274E+00  1.55506E-27  1.44151E+05  1.36607E-03  2.75675E+01
 -8.58595E+00  1.78952E-27  1.20765E+05  1.33952E-03  2.97744E+01
 -8.53916E+00  2.02398E-27  1.02797E+05  1.31911E-03  3.14699E+01
 -8.49237E+00  1.80005E-27  1.12098E+05  1.32147E-03  3.30724E+01
 -8.44558E+00  1.57612E-27  1.24041E+05  1.32450E-03  3.51302E+01
 -8.39879E+00  1.52262E-27  1.25660E+05  1.32325E-03  3.50846E+01
 -8.35200E+00  1.46913E-27  1.27396E+05  1.32190E-03  3.50357E+01
 -8.30521E+00  2.61643E-27  6.97628E+04  1.27788E-03  2.93962E+01
 -8.25842E+00  3.76374E-27  4.72664E+04  1.26069E-03  2.71949E+01
 -8.21163E+00  4.68730E-27  3.62912E+04  1.25684E-03  2.29776E+01
 -8.16484E+00  5.61086E-27  2.89291E+04  1.25426E-03  2.01487E+01
 -8.11805E+00  4.35991E-27  3.66800E+04  1.26222E-03  1.95255E+01
 -8.07126E+00  3.10895E-27  5.06685E+04  1.27659E-03  1.84009E+01
 -8.02447E+00  2.15935E-27  7.33518E+04  1.28969E-03  1.87426E+01
 -7.97768E+00  1.20975E-27  1.31646E+05  1.32337E-03  1.96208E+01
 -7.93089E+00  1.01953E-27  1.57837E+05  1.33520E-03  1.99611E+01
 -7.88410E+00  8.29321E-28  1.96042E+05  1.35246E-03  2.04575E+01
 -7.83731E+00  8.22576E-28  1.99923E+05  1.35426E-03  2.14902E+01
 -7.79052E+00  8.15831E-28  2.03867E+05  1.35608E-03  2.25400E+01
 -7.74373E+00  8.19501E-28  2.05483E+05  1.35663E-03  2.45554E+01
 -7.69694E+00  8.23170E-28  2.07086E+05  1.35718E-03  2.65529E+01
 -7.65015E+00  8.08829E-28  2.13804E+05  1.35996E-03  2.93557E+01
 -7.60336E+00  7.94489E-28  2.20766E+05  1.36283E-03  3.22597E+01
 -7.55657E+00  7.61791E-28  2.34554E+05  1.36986E-03  3.54459E+01
 -7.50978E+00  7.29092E-28  2.49578E+05  1.37752E-03  3.89179E+01
 -7.46299E+00  6.70714E-28  2.77707E+05  1.39315E-03  4.18864E+01
 -7.41620E+00  6.12335E-28  3.11200E+05  1.41176E-03  4.54209E+01
 -7.36941E+00  5.38161E-28  3.63739E+05  1.44460E-03  4.76172E+01
 -7.32262E+00  4.63988E-28  4.33077E+05  1.48794E-03  5.05157E+01
 -7.27583E+00  4.01303E-28  5.14481E+05  1.54125E-03  5.15974E+01
 -7.22904E+00  3.38619E-28  6.26024E+05  1.61431E-03  5.30797E+01
 -7.18225E+00  3.03775E-28  7.15035E+05  1.66901E-03  5.30441E+01
 -7.13546E+00  2.68931E-28  8.27111E+05  1.73788E-03  5.29992E+01
 -7.08867E+00  2.55687E-28  8.90201E+05  1.76963E-03  5.20082E+01
 -7.04188E+00  2.42443E-28  9.60183E+05  1.80485E-03  5.09090E+01
 -6.99509E+00  2.39591E-28  9.93364E+05  1.81481E-03  4.98798E+01
 -6.94830E+00  2.36739E-28  1.02734E+06  1.82501E-03  4.88258E+01
 -6.90151E+00  2.41156E-28  1.02965E+06  1.82120E-03  4.84280E+01
 -6.85472E+00  2.45573E-28  1.03188E+06  1.81752E-03  4.80444E+01
 -6.80793E+00  2.58459E-28  1.00020E+06  1.79997E-03  4.82771E+01
 -6.76114E+00  2.71346E-28  9.71527E+05  1.78408E-03  4.84878E+01
 -6.71435E+00  3.02782E-28  8.86989E+05  1.73685E-03  4.91293E+01
 -6.66756E+00  3.34219E-28  8.18354E+05  1.69849E-03  4.96501E+01
 -6.62077E+00  3.99840E-28  6.95113E+05  1.62404E-03  5.01360E+01
 -6.57398E+00  4.65461E-28  6.06621E+05  1.57059E-03  5.04849E+01
 -6.52719E+00  5.38923E-28  5.31011E+05  1.52114E-03  5.08957E+01
 -6.48040E+00  6.12386E-28  4.73541E+05  1.48356E-03  5.12080E+01
 -6.43362E+00  6.54364E-28  4.48001E+05  1.46382E-03  5.17202E+01
 -6.38683E+00  6.96342E-28  4.25541E+05  1.44645E-03  5.21706E+01
 -6.34003E+00  6.99592E-28  4.25142E+05  1.44291E-03  5.27847E+01
 -6.29325E+00  7.02841E-28  4.24748E+05  1.43939E-03  5.33932E+01
 -6.24646E+00  6.95524E-28  4.28877E+05  1.43933E-03  5.38184E+01
 -6.19967E+00  6.88208E-28  4.33093E+05  1.43927E-03  5.42526E+01
 -6.15288E+00  6.75955E-28  4.39749E+05  1.44209E-03  5.46004E+01
 -6.10609E+00  6.63703E-28  4.46652E+05  1.44501E-03  5.49611E+01
 -6.05930E+00  6.68521E-28  4.41156E+05  1.44629E-03  5.53732E+01
 -6.01251E+00  6.73340E-28  4.35739E+05  1.44755E-03  5.57794E+01
 -5.96572E+00  7.04416E-28  4.13610E+05  1.43871E-03  5.53646E+01
 -5.91893E+00  7.35492E-28  3.93351E+05  1.43061E-03  5.49850E+01
 -5.87214E+00  7.85907E-28  3.67861E+05  1.41622E-03  5.29235E+01
 -5.82535E+00  8.36322E-28  3.45445E+05  1.40356E-03  5.11106E+01
 -5.77856E+00  8.76775E-28  3.28955E+05  1.39678E-03  4.79335E+01
 -5.73177E+00  9.17228E-28  3.13919E+05  1.39060E-03  4.50367E+01
 -5.68498E+00  9.21474E-28  3.13773E+05  1.39506E-03  4.14365E+01
 -5.63819E+00  9.25720E-28  3.13628E+05  1.39947E-03  3.78694E+01
 -5.59140E+00  8.97721E-28  3.25035E+05  1.40995E-03  3.42155E+01
 -5.54461E+00  8.69722E-28  3.37176E+05  1.42110E-03  3.03264E+01
 -5.49782E+00  7.98537E-28  3.72776E+05  1.43840E-03  2.78609E+01
 -5.45103E+00  7.27352E-28  4.15344E+05  1.45909E-03  2.49129E+01
 -5.40424E+00  6.65517E-28  4.54288E+05  1.47873E-03  2.44852E+01
 -5.35745E+00  6.03683E-28  5.01209E+05  1.50239E-03  2.39699E+01
 -5.31066E+00  1.03469E-27  2.88770E+05  1.37802E-03  2.18677E+01
 -5.26387E+00  1.46570E-27  2.01272E+05  1.32679E-03  2.10018E+01
 -5.21708E+00  2.58366E-27  1.08734E+05  1.27122E-03  2.02693E+01
 -5.17029E+00  3.70163E-27  7.20924E+04  1.24922E-03  1.99793E+01
 -5.12350E+00  5.20161E-27  5.03958E+04  1.23512E-03  1.82344E+01
 -5.07671E+00  6.70159E-27  3.84116E+04  1.22733E-03  1.72706E+01
 -5.02992E+00  8.27506E-27  3.06926E+04  1.22772E-03  1.50923E+01
 -4.98313E+00  9.84853E-27  2.54400E+04  1.22798E-03  1.36100E+01
 -4.93634E+00  1.06435E-26  2.40849E+04  1.23886E-03  1.28900E+01
 -4.88955E+00  1.14385E-26  2.29182E+04  1.24823E-03  1.22701E+01
 -4.84276E+00  1.34309E-26  1.97112E+04  1.24053E-03  1.41486E+01
 -4.79597E+00  1.54233E-26  1.73328E+04  1.23483E-03  1.55417E+01
 -4.74918E+00  1.60143E-26  1.62659E+04  1.22452E-03  1.62934E+01
 -4.70239E+00  1.66053E-26  1.52749E+04  1.21495E-03  1.69915E+01
 -4.65560E+00  1.47390E-26  1.53589E+04  1.21532E-03  1.89883E+01
 -4.60881E+00  1.28726E-26  1.54673E+04  1.21579E-03  2.15640E+01
 -4.56202E+00  1.13146E-26  1.57406E+04  1.21884E-03  2.43091E+01
 -4.51523E+00  9.75671E-27  1.61012E+04  1.22287E-03  2.79309E+01
 -4.46844E+00  9.08979E-27  1.59181E+04  1.22686E-03  3.00133E+01
 -4.42165E+00  8.42286E-27  1.57061E+04  1.23148E-03  3.24256E+01
 -4.37486E+00  8.25840E-27  1.53659E+04  1.23541E-03  3.35786E+01
 -4.32807E+00  8.09394E-27  1.50119E+04  1.23949E-03  3.47784E+01
 -4.28128E+00  7.93074E-27  1.51738E+04  1.24246E-03  3.52754E+01
 -4.23449E+00  7.76753E-27  1.53424E+04  1.24554E-03  3.57933E+01
 -4.18770E+00  7.43631E-27  1.62503E+04  1.24760E-03  3.59062E+01
 -4.14091E+00  7.10509E-27  1.72429E+04  1.24985E-03  3.60295E+01
 -4.09412E+00  6.87006E-27  1.81932E+04  1.25177E-03  3.60407E+01
 -4.04733E+00  6.63503E-27  1.92108E+04  1.25383E-03  3.60527E+01
 -4.00054E+00  6.56443E-27  1.93737E+04  1.25477E-03  3.64539E+01
 -3.95375E+00  6.49382E-27  1.95401E+04  1.25574E-03  3.68637E+01
 -3.90696E+00  6.48496E-27  1.98436E+04  1.25591E-03  3.64735E+01
 -3.86017E+00  6.47609E-27  2.01479E+04  1.25608E-03  3.60823E+01
 -3.81338E+00  6.01034E-27  2.20314E+04  1.25724E-03  3.56624E+01
 -3.76659E+00  5.54459E-27  2.42314E+04  1.25859E-03  3.51720E+01
 -3.71980E+00  4.84043E-27  2.75935E+04  1.26100E-03  3.60693E+01
 -3.67301E+00  4.13627E-27  3.21003E+04  1.26423E-03  3.72720E+01
 -3.62622E+00  3.44136E-27  3.99340E+04  1.26881E-03  3.77372E+01
 -3.57943E+00  2.74646E-27  5.17320E+04  1.27572E-03  3.84376E+01
 -3.53264E+00  2.14028E-27  7.33296E+04  1.28761E-03  3.67426E+01
 -3.48585E+00  1.53409E-27  1.11995E+05  1.30889E-03  3.37080E+01
 -3.43906E+00  1.13873E-27  1.61383E+05  1.33055E-03  3.13742E+01
 -3.39227E+00  7.43370E-28  2.63303E+05  1.37526E-03  2.65579E+01
 -3.34548E+00  6.46043E-28  3.11694E+05  1.39584E-03  2.56691E+01
 -3.29869E+00  5.48717E-28  3.77251E+05  1.42372E-03  2.44649E+01
 -3.25190E+00  6.16725E-28  3.32394E+05  1.40756E-03  2.23537E+01
 -3.20511E+00  6.84733E-28  2.96448E+05  1.39461E-03  2.06618E+01
 -3.15832E+00  2.30473E-27  8.70009E+04  1.22577E-03  1.19171E+01
 -3.11153E+00  3.92473E-27  5.04594E+04  1.19631E-03  1.03914E+01
 -3.06474E+00  7.24978E-27  2.62216E+04  1.16663E-03  5.55994E+00
 -3.01795E+00  1.05748E-26  1.72260E+04  1.15561E-03  3.76679E+00
 -2.97116E+00  1.16258E-26  1.57089E+04  1.14930E-03  1.22022E+00
 -2.92437E+00  1.26768E-26  1.44434E+04  1.14403E-03 -9.04116E-01
 -2.87758E+00  1.30666E-26  1.42726E+04  1.14064E-03 -2.46168E+00
 -2.83079E+00  1.34565E-26  1.41117E+04  1.13745E-03 -3.92899E+00
 -2.78400E+00  1.38067E-26  1.41312E+04  1.13649E-03 -4.64939E+00
 -2.73721E+00  1.41568E-26  1.41498E+04  1.13558E-03 -5.33415E+00
 -2.69042E+00  1.48238E-26  1.42158E+04  1.13897E-03 -5.45638E+00
 -2.64363E+00  1.54908E-26  1.42761E+04  1.14207E-03 -5.56809E+00
 -2.59684E+00  1.58264E-26  1.43252E+04  1.14719E-03 -5.31059E+00
 -2.55005E+00  1.61620E-26  1.43722E+04  1.15209E-03 -5.06379E+00
 -2.50326E+00  1.53919E-26  1.44335E+04  1.15085E-03 -4.80068E+00
 -2.45647E+00  1.46218E-26  1.45014E+04  1.14947E-03 -4.50985E+00
 -2.40968E+00  1.37683E-26  1.45157E+04  1.14649E-03 -4.33700E+00
 -2.36289E+00  1.29148E-26  1.45320E+04  1.14312E-03 -4.14132E+00
 -2.31610E+00  1.22830E-26  1.45172E+04  1.14241E-03 -3.58086E+00
 -2.26931E+00  1.16513E-26  1.45008E+04  1.14162E-03 -2.95962E+00
 -2.22252E+00  1.11289E-26  1.44795E+04  1.14377E-03 -1.84076E+00
 -2.17573E+00  1.06065E-26  1.44561E+04  1.14613E-03 -6.11688E-01
 -2.12894E+00  1.01208E-26  1.44155E+04  1.15077E-03  9.78123E-01
 -2.08215E+00  9.63513E-27  1.43707E+04  1.15587E-03  2.72820E+00
 -2.03536E+00  9.15431E-27  1.43137E+04  1.16413E-03  4.52102E+00
 -1.98857E+00  8.67349E-27  1.42504E+04  1.17331E-03  6.51260E+00
 -1.94178E+00  8.37336E-27  1.42026E+04  1.18210E-03  8.09848E+00
 -1.89499E+00  8.07322E-27  1.41512E+04  1.19154E-03  9.80226E+00
 -1.84820E+00  8.03336E-27  1.41370E+04  1.19735E-03  1.09156E+01
 -1.80141E+00  7.99349E-27  1.41225E+04  1.20321E-03  1.20401E+01
 -1.75462E+00  8.14187E-27  1.41150E+04  1.20782E-03  1.25390E+01
 -1.70783E+00  8.29024E-27  1.41077E+04  1.21226E-03  1.30200E+01
 -1.66104E+00  8.65602E-27  1.40675E+04  1.21758E-03  1.32202E+01
 -1.61425E+00  9.02179E-27  1.40305E+04  1.22247E-03  1.34042E+01
 -1.56746E+00  8.62773E-27  1.48142E+04  1.22733E-03  1.34993E+01
 -1.52067E+00  8.23368E-27  1.56728E+04  1.23266E-03  1.36035E+01
 -1.47388E+00  6.21035E-27  2.36067E+04  1.24432E-03  1.29657E+01
 -1.42709E+00  4.18703E-27  3.92085E+04  1.26726E-03  1.17116E+01
 -1.38030E+00  2.79494E-27  6.28849E+04  1.28221E-03  1.06356E+01
 -1.33351E+00  1.40285E-27  1.33551E+05  1.32682E-03  7.42420E+00
 -1.28672E+00  2.60360E-27  7.53862E+04  1.23382E-03  3.85183E+00
 -1.23993E+00  3.80435E-27  5.39381E+04  1.19953E-03  2.53452E+00
 -1.19314E+00  9.67680E-27  2.19234E+04  1.16199E-03 -7.85026E-02
 -1.14635E+00  1.55493E-26  1.40905E+04  1.15280E-03 -7.17817E-01
 -1.09956E+00  1.57509E-26  1.40864E+04  1.14673E-03 -1.46674E+00
 -1.05277E+00  1.59525E-26  1.40824E+04  1.14080E-03 -2.19673E+00
 -1.00598E+00  1.63429E-26  1.40558E+04  1.13636E-03 -2.14542E+00
 -9.59194E-01  1.67333E-26  1.40304E+04  1.13213E-03 -2.09649E+00
 -9.12404E-01  1.69272E-26  1.39805E+04  1.13081E-03 -1.76625E+00
 -8.65614E-01  1.71210E-26  1.39317E+04  1.12952E-03 -1.44349E+00
 -8.18824E-01  1.70465E-26  1.39140E+04  1.12608E-03 -1.26706E+00
 -7.72034E-01  1.69720E-26  1.38961E+04  1.12260E-03 -1.08908E+00
 -7.25244E-01  1.70117E-26  1.38924E+04  1.11581E-03 -1.16581E+00
 -6.78454E-01  1.70513E-26  1.38887E+04  1.10906E-03 -1.24218E+00
 -6.31664E-01  1.73380E-26  1.38773E+04  1.10606E-03 -1.36494E+00
 -5.84874E-01  1.76247E-26  1.38663E+04  1.10315E-03 -1.48371E+00
 -5.38084E-01  1.82856E-26  1.38737E+04  1.10222E-03 -1.61351E+00
 -4.91294E-01  1.89464E-26  1.38806E+04  1.10136E-03 -1.73427E+00
 -4.44504E-01  1.96154E-26  1.39114E+04  1.10203E-03 -2.14822E+00
 -3.97714E-01  2.02844E-26  1.39402E+04  1.10266E-03 -2.53486E+00
 -3.50924E-01  1.98970E-26  1.40151E+04  1.10352E-03 -3.45563E+00
 -3.04135E-01  1.95097E-26  1.40931E+04  1.10441E-03 -4.41296E+00
 -2.57345E-01  1.86552E-26  1.40653E+04  1.10687E-03 -4.98118E+00
 -2.10555E-01  1.78006E-26  1.40349E+04  1.10957E-03 -5.60395E+00
 -1.63765E-01  1.72116E-26  1.39508E+04  1.11703E-03 -4.67720E+00
 -1.16975E-01  1.66225E-26  1.38607E+04  1.12502E-03 -3.68477E+00
 -7.01849E-02  1.65541E-26  1.38098E+04  1.13723E-03 -1.65733E+00
 -2.33950E-02  1.64857E-26  1.37586E+04  1.14953E-03  3.86939E-01
  2.33950E-02  1.64984E-26  1.37508E+04  1.15717E-03  2.40344E+00
  7.01849E-02  1.65112E-26  1.37430E+04  1.16480E-03  4.41683E+00
  1.16975E-01  1.64801E-26  1.37745E+04  1.16621E-03  5.58929E+00
  1.63765E-01  1.64490E-26  1.38061E+04  1.16762E-03  6.76618E+00
  2.10555E-01  1.70372E-26  1.39292E+04  1.16831E-03  6.25369E+00
  2.57345E-01  1.76253E-26  1.40440E+04  1.16894E-03  5.77541E+00
  3.04135E-01  1.95388E-26  1.40979E+04  1.17060E-03  2.81420E+00
  3.50924E-01  2.14523E-26  1.41421E+04  1.17196E-03  3.81255E-01
  3.97714E-01  2.12284E-26  1.44637E+04  1.17702E-03 -3.30756E+00
  4.44504E-01  2.10044E-26  1.47922E+04  1.18219E-03 -7.07503E+00
  4.91294E-01  1.49028E-26  1.94921E+04  1.18646E-03 -8.83012E+00
  5.38084E-01  8.80111E-27  3.07088E+04  1.19667E-03 -1.30187E+01
  5.84874E-01  6.64173E-27  4.05025E+04  1.19521E-03 -1.34493E+01
  6.31664E-01  4.48235E-27  5.97323E+04  1.19234E-03 -1.42946E+01
  6.78454E-01  4.86326E-27  5.45088E+04  1.19359E-03 -1.41428E+01
  7.25244E-01  5.24417E-27  5.00440E+04  1.19465E-03 -1.40131E+01
  7.72034E-01  5.49946E-27  4.80489E+04  1.19613E-03 -1.41380E+01
  8.18824E-01  5.75475E-27  4.62308E+04  1.19748E-03 -1.42517E+01
  8.65614E-01  5.17278E-27  5.47579E+04  1.20975E-03 -1.46717E+01
  9.12404E-01  4.59082E-27  6.54469E+04  1.22513E-03 -1.51982E+01
  9.59194E-01  2.75992E-27  1.12841E+05  1.25701E-03 -1.60050E+01
  1.00598E+00  9.29025E-28  3.47041E+05  1.41455E-03 -1.99922E+01
  1.05277E+00  6.77515E-28  4.70403E+05  1.47651E-03 -2.26198E+01
  1.09956E+00  4.26005E-28  7.39428E+05  1.61165E-03 -2.83500E+01
  1.14635E+00  4.73777E-28  6.54336E+05  1.57251E-03 -3.31122E+01
  1.19314E+00  5.21549E-28  5.84832E+05  1.54054E-03 -3.70020E+01
  1.23993E+00  5.67686E-28  5.27571E+05  1.51270E-03 -4.00019E+01
  1.28672E+00  6.13823E-28  4.78918E+05  1.48905E-03 -4.25509E+01
  1.33351E+00  6.70582E-28  4.32852E+05  1.46859E-03 -4.34620E+01
  1.38030E+00  7.27340E-28  3.93974E+05  1.45132E-03 -4.42308E+01
  1.42709E+00  7.87202E-28  3.61543E+05  1.43740E-03 -4.32573E+01
  1.47388E+00  8.47064E-28  3.33696E+05  1.42545E-03 -4.24214E+01
  1.52067E+00  8.83568E-28  3.19026E+05  1.41928E-03 -4.05027E+01
  1.56746E+00  9.20072E-28  3.05520E+05  1.41360E-03 -3.87362E+01
  1.61425E+00  8.85351E-28  3.17898E+05  1.41890E-03 -3.75993E+01
  1.66104E+00  8.50630E-28  3.31287E+05  1.42464E-03 -3.63695E+01
  1.70783E+00  7.42817E-28  3.79131E+05  1.44628E-03 -3.68453E+01
  1.75462E+00  6.35004E-28  4.43221E+05  1.47526E-03 -3.74827E+01
  1.80141E+00  5.40326E-28  5.16582E+05  1.50905E-03 -3.91018E+01
  1.84820E+00  4.45648E-28  6.21113E+05  1.55719E-03 -4.14087E+01
  1.89499E+00  4.18491E-28  6.55614E+05  1.57183E-03 -4.30708E+01
  1.94178E+00  3.91335E-28  6.94904E+05  1.58850E-03 -4.49636E+01
  1.98857E+00  4.03221E-28  6.70214E+05  1.57925E-03 -4.56861E+01
  2.03536E+00  4.15108E-28  6.46938E+05  1.57054E-03 -4.63673E+01
  2.08215E+00  4.28652E-28  6.23486E+05  1.56254E-03 -4.64692E+01
  2.12894E+00  4.42196E-28  6.01470E+05  1.55504E-03 -4.65649E+01
  2.17573E+00  4.40373E-28  6.04310E+05  1.55791E-03 -4.64730E+01
  2.22252E+00  4.38550E-28  6.07173E+05  1.56080E-03 -4.63804E+01
  2.26931E+00  4.35421E-28  6.14055E+05  1.56420E-03 -4.59874E+01
  2.31610E+00  4.32292E-28  6.21037E+05  1.56764E-03 -4.55887E+01
  2.36289E+00  4.34648E-28  6.21103E+05  1.56639E-03 -4.48250E+01
  2.40968E+00  4.37005E-28  6.21168E+05  1.56516E-03 -4.40695E+01
  2.45647E+00  4.35583E-28  6.26787E+05  1.56693E-03 -4.29913E+01
  2.50326E+00  4.34162E-28  6.32444E+05  1.56871E-03 -4.19060E+01
  2.55005E+00  4.23389E-28  6.50185E+05  1.57809E-03 -4.07059E+01
  2.59684E+00  4.12617E-28  6.68853E+05  1.58797E-03 -3.94432E+01
  2.64363E+00  3.97225E-28  6.92726E+05  1.60176E-03 -3.82567E+01
  2.69042E+00  3.81832E-28  7.18523E+05  1.61666E-03 -3.69746E+01
  2.73721E+00  3.69204E-28  7.38143E+05  1.62794E-03 -3.57453E+01
  2.78400E+00  3.56575E-28  7.59154E+05  1.64002E-03 -3.44290E+01
  2.83079E+00  3.48804E-28  7.70366E+05  1.64498E-03 -3.30877E+01
  2.87758E+00  3.41034E-28  7.82090E+05  1.65017E-03 -3.16853E+01
  2.92437E+00  3.37759E-28  7.84042E+05  1.64946E-03 -3.02649E+01
  2.97116E+00  3.34484E-28  7.86031E+05  1.64874E-03 -2.88168E+01
  3.01795E+00  3.36246E-28  7.76761E+05  1.64174E-03 -2.77869E+01
  3.06474E+00  3.38007E-28  7.67586E+05  1.63481E-03 -2.67677E+01
  3.11153E+00  3.44501E-28  7.49230E+05  1.62357E-03 -2.65502E+01
  3.15832E+00  3.50995E-28  7.31553E+05  1.61275E-03 -2.63407E+01
  3.20511E+00  3.55215E-28  7.21282E+05  1.60578E-03 -2.67543E+01
  3.25190E+00  3.59435E-28  7.11252E+05  1.59897E-03 -2.71581E+01
  3.29869E+00  3.54276E-28  7.22162E+05  1.60912E-03 -2.77179E+01
  3.34548E+00  3.49117E-28  7.33395E+05  1.61957E-03 -2.82942E+01
  3.39227E+00  3.35031E-28  7.68337E+05  1.64996E-03 -2.82700E+01
  3.43906E+00  3.20946E-28  8.06346E+05  1.68302E-03 -2.82436E+01
  3.48585E+00  2.99864E-28  8.71391E+05  1.71032E-03 -2.72197E+01
  3.53264E+00  2.78782E-28  9.46274E+05  1.74174E-03 -2.60410E+01
  3.57943E+00  2.86604E-28  9.23628E+05  1.72237E-03 -2.52261E+01
  3.62622E+00  2.94425E-28  9.02185E+05  1.70403E-03 -2.44546E+01
  3.67301E+00  3.14783E-28  8.48706E+05  1.66826E-03 -2.53110E+01
  3.71980E+00  3.35140E-28  8.01724E+05  1.63684E-03 -2.60633E+01
  3.76659E+00  3.65657E-28  7.39698E+05  1.59818E-03 -2.80823E+01
  3.81338E+00  3.96173E-28  6.87227E+05  1.56547E-03 -2.97902E+01
  3.86017E+00  4.11589E-28  6.65952E+05  1.55279E-03 -3.21804E+01
  3.90696E+00  4.27006E-28  6.46214E+05  1.54102E-03 -3.43979E+01
  3.95375E+00  4.12129E-28  6.71954E+05  1.55941E-03 -3.67142E+01
  4.00054E+00  3.97252E-28  6.99622E+05  1.57918E-03 -3.92039E+01
  4.04733E+00  3.66723E-28  7.57782E+05  1.61846E-03 -4.15406E+01
  4.09412E+00  3.36195E-28  8.26505E+05  1.66488E-03 -4.43017E+01
  4.14091E+00  3.25860E-28  8.51452E+05  1.67924E-03 -4.65682E+01
  4.18770E+00  3.15524E-28  8.78034E+05  1.69454E-03 -4.89831E+01
  4.23449E+00  3.19870E-28  8.64545E+05  1.68146E-03 -5.07826E+01
  4.28128E+00  3.24216E-28  8.51417E+05  1.66873E-03 -5.25338E+01
  4.32807E+00  3.31920E-28  8.31444E+05  1.65193E-03 -5.32992E+01
  4.37486E+00  3.39625E-28  8.12377E+05  1.63589E-03 -5.40298E+01
  4.42165E+00  3.45206E-28  8.01695E+05  1.62915E-03 -5.34893E+01
  4.46844E+00  3.50787E-28  7.91352E+05  1.62263E-03 -5.29659E+01
  4.51523E+00  3.47231E-28  8.01659E+05  1.63395E-03 -5.17548E+01
  4.56202E+00  3.43674E-28  8.12179E+05  1.64550E-03 -5.05186E+01
  4.60881E+00  3.34441E-28  8.35879E+05  1.66485E-03 -4.94564E+01
  4.65560E+00  3.25208E-28  8.60924E+05  1.68529E-03 -4.83339E+01
  4.70239E+00  3.23432E-28  8.66449E+05  1.69202E-03 -4.77851E+01
  4.74918E+00  3.21655E-28  8.72035E+05  1.69883E-03 -4.72303E+01
  4.79597E+00  3.26443E-28  8.60573E+05  1.69376E-03 -4.71636E+01
  4.84276E+00  3.31230E-28  8.49441E+05  1.68883E-03 -4.70989E+01
  4.88955E+00  3.32533E-28  8.47618E+05  1.68735E-03 -4.72569E+01
  4.93634E+00  3.33835E-28  8.45809E+05  1.68589E-03 -4.74137E+01
  4.98313E+00  3.27822E-28  8.62941E+05  1.69542E-03 -4.76201E+01
  5.02992E+00  3.21810E-28  8.80714E+05  1.70531E-03 -4.78341E+01
  5.07671E+00  3.09730E-28  9.16685E+05  1.72596E-03 -4.79943E+01
  5.12350E+00  2.97650E-28  9.55576E+05  1.74828E-03 -4.81674E+01
  5.17029E+00  2.84369E-28  1.00178E+06  1.77495E-03 -4.81814E+01
  5.21708E+00  2.71087E-28  1.05251E+06  1.80424E-03 -4.81967E+01
  5.26387E+00  2.61911E-28  1.09122E+06  1.82573E-03 -4.79047E+01
  5.31066E+00  2.52736E-28  1.13274E+06  1.84877E-03 -4.75914E+01
  5.35745E+00  2.48506E-28  1.15368E+06  1.85939E-03 -4.68768E+01
  5.40424E+00  2.44275E-28  1.17534E+06  1.87037E-03 -4.61373E+01
  5.45103E+00  2.42837E-28  1.18338E+06  1.87426E-03 -4.50608E+01
  5.49782E+00  2.41399E-28  1.19151E+06  1.87819E-03 -4.39715E+01
  5.54461E+00  2.40366E-28  1.19727E+06  1.88152E-03 -4.28004E+01
  5.59140E+00  2.39334E-28  1.20308E+06  1.88488E-03 -4.16192E+01
  5.63819E+00  2.38821E-28  1.20585E+06  1.88644E-03 -4.07492E+01
  5.68498E+00  2.38308E-28  1.20863E+06  1.88800E-03 -3.98754E+01
  5.73177E+00  2.39965E-28  1.19956E+06  1.88316E-03 -3.96753E+01
  5.77856E+00  2.41622E-28  1.19063E+06  1.87838E-03 -3.94779E+01
  5.82535E+00  2.46775E-28  1.16409E+06  1.86594E-03 -4.02123E+01
  5.87214E+00  2.51928E-28  1.13865E+06  1.85401E-03 -4.09167E+01
  5.91893E+00  2.60348E-28  1.09951E+06  1.83769E-03 -4.25225E+01
  5.96572E+00  2.68769E-28  1.06283E+06  1.82240E-03 -4.40276E+01
  6.01251E+00  2.81753E-28  1.01253E+06  1.79809E-03 -4.57323E+01
  6.05930E+00  2.94737E-28  9.66673E+05  1.77593E-03 -4.72868E+01
  6.10609E+00  3.14228E-28  9.07318E+05  1.73659E-03 -4.80264E+01
  6.15288E+00  3.33719E-28  8.54897E+05  1.70185E-03 -4.86796E+01
  6.19967E+00  3.46070E-28  8.28182E+05  1.68224E-03 -4.83588E+01
  6.24646E+00  3.58421E-28  8.03307E+05  1.66398E-03 -4.80602E+01
  6.29325E+00  3.40741E-28  8.49664E+05  1.70271E-03 -4.74326E+01
  6.34003E+00  3.23061E-28  9.01094E+05  1.74569E-03 -4.67362E+01
  6.38683E+00  2.88861E-28  1.01069E+06  1.81082E-03 -4.63892E+01
  6.43362E+00  2.54660E-28  1.14973E+06  1.89345E-03 -4.59489E+01
  6.48040E+00  2.37614E-28  1.23297E+06  1.92808E-03 -4.59293E+01
  6.52719E+00  2.20568E-28  1.32906E+06  1.96808E-03 -4.59067E+01
  6.57398E+00  2.16950E-28  1.35167E+06  1.97730E-03 -4.60012E+01
  6.62077E+00  2.13331E-28  1.37504E+06  1.98683E-03 -4.60988E+01
  6.66756E+00  2.12427E-28  1.38133E+06  1.98967E-03 -4.58834E+01
  6.71435E+00  2.11524E-28  1.38767E+06  1.99252E-03 -4.56661E+01
  6.76114E+00  2.11027E-28  1.39117E+06  1.99412E-03 -4.50503E+01
  6.80793E+00  2.10530E-28  1.39468E+06  1.99573E-03 -4.44316E+01
  6.85472E+00  2.10164E-28  1.39682E+06  1.99687E-03 -4.36763E+01
  6.90151E+00  2.09798E-28  1.39896E+06  1.99802E-03 -4.29182E+01
  6.94830E+00  2.09607E-28  1.39991E+06  1.99865E-03 -4.22591E+01
  6.99509E+00  2.09416E-28  1.40085E+06  1.99929E-03 -4.15989E+01
  7.04188E+00  2.09441E-28  1.40045E+06  1.99953E-03 -4.10906E+01
  7.08867E+00  2.09466E-28  1.40005E+06  1.99978E-03 -4.05824E+01
  7.13546E+00  2.09508E-28  1.39962E+06  1.99985E-03 -4.02017E+01
  7.18225E+00  2.09551E-28  1.39919E+06  1.99992E-03 -3.98211E+01
  7.22904E+00  2.09557E-28  1.39916E+06  1.99994E-03 -3.95241E+01
  7.27583E+00  2.09563E-28  1.39912E+06  1.99996E-03 -3.92271E+01
  7.32262E+00  2.09574E-28  1.39925E+06  1.99996E-03 -3.89655E+01
  7.36941E+00  2.09585E-28  1.39938E+06  1.99997E-03 -3.87039E+01
  7.41620E+00  2.09617E-28  1.39954E+06  1.99997E-03 -3.84491E+01
  7.46299E+00  2.09650E-28  1.39970E+06  1.99997E-03 -3.81944E+01
  7.50978E+00  2.09694E-28  1.39990E+06  1.99997E-03 -3.79402E+01
  7.55657E+00  2.09738E-28  1.40010E+06  1.99997E-03 -3.76860E+01
  7.60336E+00  2.09786E-28  1.40032E+06  1.99997E-03 -3.74324E+01
  7.65015E+00  2.09834E-28  1.40054E+06  1.99997E-03 -3.71789E+01
  7.69694E+00  2.09877E-28  1.40073E+06  1.99997E-03 -3.69268E+01
  7.74373E+00  2.09919E-28  1.40091E+06  1.99997E-03 -3.66749E+01
  7.79052E+00  2.09946E-28  1.40103E+06  1.99997E-03 -3.64272E+01
  7.83731E+00  2.09972E-28  1.40115E+06  1.99997E-03 -3.61796E+01
  7.88410E+00  2.09975E-28  1.40117E+06  1.99997E-03 -3.59399E+01
  7.93089E+00  2.09977E-28  1.40119E+06  1.99997E-03 -3.57001E+01
  7.97768E+00  2.09955E-28  1.40110E+06  1.99997E-03 -3.54707E+01
  8.02447E+00  2.09932E-28  1.40101E+06  1.99996E-03 -3.52411E+01
  8.07126E+00  2.09888E-28  1.40083E+06  1.99996E-03 -3.50211E+01
  8.11805E+00  2.09844E-28  1.40064E+06  1.99996E-03 -3.48011E+01
  8.16484E+00  2.09788E-28  1.40040E+06  1.99996E-03 -3.45869E+01
  8.21163E+00  2.09731E-28  1.40016E+06  1.99995E-03 -3.43726E+01
  8.25842E+00  2.09673E-28  1.39991E+06  1.99995E-03 -3.41590E+01
  8.30521E+00  2.09615E-28  1.39966E+06  1.99995E-03 -3.39454E+01
  8.35200E+00  2.09563E-28  1.39943E+06  1.99995E-03 -3.37277E+01
  8.39879E+00  2.09511E-28  1.39921E+06  1.99994E-03 -3.35099E+01
  8.44558E+00  2.09472E-28  1.39904E+06  1.99994E-03 -3.32853E+01
  8.49237E+00  2.09433E-28  1.39887E+06  1.99994E-03 -3.30606E+01
  8.53916E+00  2.09408E-28  1.39877E+06  1.99994E-03 -3.28284E+01
  8.58595E+00  2.09384E-28  1.39866E+06  1.99994E-03 -3.25961E+01
  8.63274E+00  2.09375E-28  1.39862E+06  1.99993E-03 -3.23573E+01
  8.67953E+00  2.09366E-28  1.39857E+06  1.99993E-03 -3.21186E+01
  8.72632E+00  2.09370E-28  1.39857E+06  1.99993E-03 -3.18755E+01
  8.77311E+00  2.09373E-28  1.39857E+06  1.99993E-03 -3.16324E+01
  8.81990E+00  2.09386E-28  1.39861E+06  1.99993E-03 -3.13877E+01
  8.86669E+00  2.09400E-28  1.39864E+06  1.99993E-03 -3.11431E+01
  8.91348E+00  2.09419E-28  1.39870E+06  1.99993E-03 -3.08999E+01
  8.96027E+00  2.09438E-28  1.39877E+06  1.99993E-03 -3.06567E+01
  9.00706E+00  2.09460E-28  1.39885E+06  1.99993E-03 -3.04170E+01
  9.05385E+00  2.09483E-28  1.39893E+06  1.99994E-03 -3.01773E+01
  9.10064E+00  2.09508E-28  1.39902E+06  1.99994E-03 -2.99427E+01
  9.14743E+00  2.09533E-28  1.39911E+06  1.99994E-03 -2.97082E+01
  9.19422E+00  2.09581E-28  1.39929E+06  1.99994E-03 -2.93680E+01
  9.24101E+00  2.09629E-28  1.39947E+06  1.99995E-03 -2.90279E+01
  9.28780E+00  2.09629E-28  1.39947E+06  1.99995E-03 -2.90279E+01
  9.33459E+00  2.09629E-28  1.39947E+06  1.99995E-03 -2.90279E+01
  9.38138E+00  2.09707E-28  1.39979E+06  1.99996E-03 -2.85775E+01
  9.42817E+00  2.09785E-28  1.40011E+06  1.99996E-03 -2.81273E+01
  9.47496E+00  2.09785E-28  1.40011E+06  1.99996E-03 -2.81273E+01
  9.52175E+00  2.09785E-28  1.40011E+06  1.99996E-03 -2.81273E+01
  9.56854E+00  2.09889E-28  1.40056E+06  1.99997E-03 -2.76699E+01
  9.61533E+00  2.09994E-28  1.40100E+06  1.99998E-03 -2.72130E+01
  9.66212E+00  2.09994E-28  1.40100E+06  1.99998E-03 -2.72130E+01
  9.70891E+00  2.09994E-28  1.40100E+06  1.99998E-03 -2.72130E+01
  9.75570E+00  2.10123E-28  1.40156E+06  1.99998E-03 -2.67526E+01
  9.80249E+00  2.10251E-28  1.40212E+06  1.99999E-03 -2.62927E+01
  9.84928E+00  2.10251E-28  1.40212E+06  1.99999E-03 -2.62927E+01
  9.89607E+00  2.10251E-28  1.40212E+06  1.99999E-03 -2.62927E+01
  9.94286E+00  2.10391E-28  1.40274E+06  1.99999E-03 -2.58391E+01
  9.98965E+00  2.10531E-28  1.40336E+06  1.99999E-03 -2.53862E+01
  1.00364E+01  2.10531E-28  1.40336E+06  1.99999E-03 -2.53862E+01
  1.00832E+01  2.10531E-28  1.40336E+06  1.99999E-03 -2.53862E+01
  1.01300E+01  2.10671E-28  1.40398E+06  2.00000E-03 -2.49529E+01
  1.01768E+01  2.10810E-28  1.40460E+06  2.00000E-03 -2.45203E+01
  1.02236E+01  2.10810E-28  1.40460E+06  2.00000E-03 -2.45203E+01
  1.02704E+01  2.10810E-28  1.40460E+06  2.00000E-03 -2.45203E+01
  1.03172E+01  2.10946E-28  1.40521E+06  2.00000E-03 -2.41171E+01
  1.03640E+01  2.11081E-28  1.40581E+06  2.00000E-03 -2.37144E+01
  1.04108E+01  2.11081E-28  1.40581E+06  2.00000E-03 -2.37144E+01
  1.04575E+01  2.11081E-28  1.40581E+06  2.00000E-03 -2.37144E+01
  1.05043E+01  2.11216E-28  1.40640E+06  2.00000E-03 -2.33440E+01
  1.05511E+01  2.11350E-28  1.40699E+06  2.00000E-03 -2.29740E+01
  1.05979E+01  2.11350E-28  1.40699E+06  2.00000E-03 -2.29740E+01
  1.06447E+01  2.11350E-28  1.40699E+06  2.00000E-03 -2.29740E+01
  1.06915E+01  2.11488E-28  1.40760E+06  2.00000E-03 -2.26337E+01
  1.07383E+01  2.11625E-28  1.40820E+06  2.00000E-03 -2.22939E+01
  1.07851E+01  2.11625E-28  1.40820E+06  2.00000E-03 -2.22939E+01
  1.08319E+01  2.11625E-28  1.40820E+06  2.00000E-03 -2.22939E+01
  1.08787E+01  2.11768E-28  1.40883E+06  2.00000E-03 -2.19800E+01
  1.09254E+01  2.11910E-28  1.40945E+06  2.00000E-03 -2.16665E+01
  1.09722E+01  2.11910E-28  1.40945E+06  2.00000E-03 -2.16665E+01
  1.10190E+01  2.11910E-28  1.40945E+06  2.00000E-03 -2.16665E+01
  1.10658E+01  2.12054E-28  1.41009E+06  2.00000E-03 -2.13756E+01
  1.11126E+01  2.12197E-28  1.41072E+06  2.00000E-03 -2.10851E+01
  1.11594E+01  2.12197E-28  1.41072E+06  2.00000E-03 -2.10851E+01
  1.12062E+01  2.12197E-28  1.41072E+06  2.00000E-03 -2.10851E+01
  1.12530E+01  2.12338E-28  1.41134E+06  2.00000E-03 -2.08137E+01
  1.12998E+01  2.12479E-28  1.41196E+06  2.00000E-03 -2.05427E+01
  1.13466E+01  2.12479E-28  1.41196E+06  2.00000E-03 -2.05427E+01
  1.13933E+01  2.12479E-28  1.41196E+06  2.00000E-03 -2.05427E+01
  1.14401E+01  2.12619E-28  1.41258E+06  2.00000E-03 -2.02846E+01
  1.14869E+01  2.12759E-28  1.41319E+06  2.00000E-03 -2.00268E+01
  1.15337E+01  2.12759E-28  1.41319E+06  2.00000E-03 -2.00268E+01
  1.15805E+01  2.12759E-28  1.41319E+06  2.00000E-03 -2.00268E+01
  1.16273E+01  2.12909E-28  1.41385E+06  2.00000E-03 -1.97718E+01
  1.16741E+01  2.13058E-28  1.41451E+06  2.00000E-03 -1.95171E+01
  1.17209E+01  2.13058E-28  1.41451E+06  2.00000E-03 -1.95171E+01
  1.17677E+01  2.13058E-28  1.41451E+06  2.00000E-03 -1.95171E+01
  1.18145E+01  2.13233E-28  1.41528E+06  2.00000E-03 -1.92516E+01
  1.18612E+01  2.13408E-28  1.41605E+06  2.00000E-03 -1.89866E+01
  1.19080E+01  2.13408E-28  1.41605E+06  2.00000E-03 -1.89866E+01
  1.19548E+01  2.13408E-28  1.41605E+06  2.00000E-03 -1.89866E+01
  1.20016E+01  2.13622E-28  1.41699E+06  2.00000E-03 -1.86950E+01
  1.20484E+01  2.13836E-28  1.41793E+06  2.00000E-03 -1.84040E+01
  1.20952E+01  2.13836E-28  1.41793E+06  2.00000E-03 -1.84040E+01
  1.21420E+01  2.13836E-28  1.41793E+06  2.00000E-03 -1.84040E+01
  1.21888E+01  2.14092E-28  1.41906E+06  2.00000E-03 -1.80713E+01
  1.22356E+01  2.14348E-28  1.42019E+06  2.00000E-03 -1.77393E+01
  1.22824E+01  2.14348E-28  1.42019E+06  2.00000E-03 -1.77393E+01
  1.23291E+01  2.14348E-28  1.42019E+06  2.00000E-03 -1.77393E+01
  1.23759E+01  2.14635E-28  1.42145E+06  2.00000E-03 -1.73568E+01
  1.24227E+01  2.14923E-28  1.42272E+06  2.00000E-03 -1.69753E+01
  1.24695E+01  2.14923E-28  1.42272E+06  2.00000E-03 -1.69753E+01
  1.25163E+01  2.14923E-28  1.42272E+06  2.00000E-03 -1.69753E+01
  1.25631E+01  2.15215E-28  1.42401E+06  2.00000E-03 -1.65569E+01
  1.26099E+01  2.15507E-28  1.42529E+06  2.00000E-03 -1.61396E+01
  1.26567E+01  2.15507E-28  1.42529E+06  2.00000E-03 -1.61396E+01
  1.27035E+01  2.15507E-28  1.42529E+06  2.00000E-03 -1.61396E+01
  1.27503E+01  2.15789E-28  1.42654E+06  2.00000E-03 -1.57144E+01
  1.27970E+01  2.16070E-28  1.42777E+06  2.00000E-03 -1.52903E+01
  1.28438E+01  2.16070E-28  1.42777E+06  2.00000E-03 -1.52903E+01
  1.28906E+01  2.16070E-28  1.42777E+06  2.00000E-03 -1.52903E+01
  1.29374E+01  2.16311E-28  1.42883E+06  2.00000E-03 -1.49106E+01
  1.29842E+01  2.16551E-28  1.42989E+06  2.00000E-03 -1.45318E+01
  1.30310E+01  2.16551E-28  1.42989E+06  2.00000E-03 -1.45318E+01
  1.30778E+01  2.16551E-28  1.42989E+06  2.00000E-03 -1.45318E+01
  1.31246E+01  2.16776E-28  1.43087E+06  2.00000E-03 -1.42118E+01
  1.31714E+01  2.17000E-28  1.43186E+06  2.00000E-03 -1.38925E+01
  1.32182E+01  2.17000E-28  1.43186E+06  2.00000E-03 -1.38925E+01
  1.32649E+01  2.17000E-28  1.43186E+06  2.00000E-03 -1.38925E+01
  1.33117E+01  2.17201E-28  1.43274E+06  2.00000E-03 -1.36115E+01
  1.33585E+01  2.17402E-28  1.43362E+06  2.00000E-03 -1.33311E+01
  1.34053E+01  2.17402E-28  1.43362E+06  2.00000E-03 -1.33311E+01
  1.34521E+01  2.17402E-28  1.43362E+06  2.00000E-03 -1.33311E+01
  1.34989E+01  2.17572E-28  1.43437E+06  2.00000E-03 -1.30988E+01
  1.35457E+01  2.17743E-28  1.43511E+06  2.00000E-03 -1.28668E+01
  1.35925E+01  2.17743E-28  1.43511E+06  2.00000E-03 -1.28668E+01
  1.36393E+01  2.17743E-28  1.43511E+06  2.00000E-03 -1.28668E+01
  1.36861E+01  2.17889E-28  1.43575E+06  2.00000E-03 -1.26771E+01
  1.37328E+01  2.18035E-28  1.43639E+06  2.00000E-03 -1.24876E+01
  1.37796E+01  2.18035E-28  1.43639E+06  2.00000E-03 -1.24876E+01
  1.38264E+01  2.18035E-28  1.43639E+06  2.00000E-03 -1.24876E+01
  1.38732E+01  2.18114E-28  1.43674E+06  2.00000E-03 -1.23044E+01
  1.39200E+01  2.18193E-28  1.43710E+06  2.00000E-03 -1.21214E+01
  1.39668E+01  2.18193E-28  1.43710E+06  2.00000E-03 -1.21214E+01
  1.40136E+01  2.18193E-28  1.43710E+06  2.00000E-03 -1.21214E+01
  1.40604E+01  2.18193E-28  1.43710E+06  2.00000E-03 -1.21214E+01
  1.41072E+01  2.18193E-28  1.43710E+06  2.00000E-03 -1.21214E+01
  1.41540E+01  2.18193E-28  1.43710E+06  2.00000E-03 -1.21214E+01
  1.42007E+01  2.18193E-28  1.43710E+06  2.00000E-03 -1.21214E+01
  1.42475E+01  2.18259E-28  1.43738E+06  2.00000E-03 -1.19101E+01
  1.42943E+01  2.18324E-28  1.43765E+06  2.00000E-03 -1.16989E+01
  1.43411E+01  2.18324E-28  1.43765E+06  2.00000E-03 -1.16989E+01
  1.43879E+01  2.18324E-28  1.43765E+06  2.00000E-03 -1.16989E+01
  1.44347E+01  2.18324E-28  1.43765E+06  2.00000E-03 -1.16989E+01
  1.44815E+01  2.18324E-28  1.43765E+06  2.00000E-03 -1.16989E+01
  1.45283E+01  2.18324E-28  1.43765E+06  2.00000E-03 -1.16989E+01
  1.45751E+01  2.18324E-28  1.43765E+06  2.00000E-03 -1.16989E+01
  1.46219E+01  2.18259E-28  1.43736E+06  2.00000E-03 -1.15899E+01
  1.46686E+01  2.18194E-28  1.43707E+06  2.00000E-03 -1.14808E+01
  1.47154E+01  2.18194E-28  1.43707E+06  2.00000E-03 -1.14808E+01
  1.47622E+01  2.18194E-28  1.43707E+06  2.00000E-03 -1.14808E+01
  1.48090E+01  2.18194E-28  1.43707E+06  2.00000E-03 -1.14808E+01
  1.48558E+01  2.18194E-28  1.43707E+06  2.00000E-03 -1.14808E+01
  1.49026E+01  2.18194E-28  1.43707E+06  2.00000E-03 -1.14808E+01
  1.49494E+01  2.18194E-28  1.43707E+06  2.00000E-03 -1.14808E+01
  1.49962E+01  2.18051E-28  1.43644E+06  2.00000E-03 -1.14251E+01
  1.50430E+01  2.17908E-28  1.43580E+06  2.00000E-03 -1.13695E+01
  1.50898E+01  2.17908E-28  1.43580E+06  2.00000E-03 -1.13695E+01
  1.51365E+01  2.17908E-28  1.43580E+06  2.00000E-03 -1.13695E+01
  1.51833E+01  2.17908E-28  1.43580E+06  2.00000E-03 -1.13695E+01
  1.52301E+01  2.17908E-28  1.43580E+06  2.00000E-03 -1.13695E+01
  1.52769E+01  2.17908E-28  1.43580E+06  2.00000E-03 -1.13695E+01
  1.53237E+01  2.17908E-28  1.43580E+06  2.00000E-03 -1.13695E+01
  1.53705E+01  2.17768E-28  1.43518E+06  2.00000E-03 -1.13166E+01
  1.54173E+01  2.17629E-28  1.43456E+06  2.00000E-03 -1.12637E+01
  1.54641E+01  2.17629E-28  1.43456E+06  2.00000E-03 -1.12637E+01
  1.55109E+01  2.17629E-28  1.43456E+06  2.00000E-03 -1.12637E+01
  1.55577E+01  2.17629E-28  1.43456E+06  2.00000E-03 -1.12637E+01
  1.56044E+01  2.17629E-28  1.43456E+06  2.00000E-03 -1.12637E+01
  1.56512E+01  2.17629E-28  1.43456E+06  2.00000E-03 -1.12637E+01
  1.56980E+01  2.17629E-28  1.43456E+06  2.00000E-03 -1.12637E+01
  1.57448E+01  2.17552E-28  1.43422E+06  2.00000E-03 -1.11744E+01
  1.57916E+01  2.17476E-28  1.43388E+06  2.00000E-03 -1.10850E+01
  1.58384E+01  2.17476E-28  1.43388E+06  2.00000E-03 -1.10850E+01
  1.58852E+01  2.17476E-28  1.43388E+06  2.00000E-03 -1.10850E+01
  1.59320E+01  2.17476E-28  1.43388E+06  2.00000E-03 -1.10850E+01
  1.59788E+01  2.17476E-28  1.43388E+06  2.00000E-03 -1.10850E+01
  1.60256E+01  2.17476E-28  1.43388E+06  2.00000E-03 -1.10850E+01
  1.60723E+01  2.17476E-28  1.43388E+06  2.00000E-03 -1.10850E+01
  1.61191E+01  2.17476E-28  1.43387E+06  2.00000E-03 -1.09543E+01
  1.61659E+01  2.17476E-28  1.43387E+06  2.00000E-03 -1.08236E+01
  1.62127E+01  2.17476E-28  1.43387E+06  2.00000E-03 -1.08236E+01
  1.62595E+01  2.17476E-28  1.43387E+06  2.00000E-03 -1.08236E+01
  1.63063E+01  2.17476E-28  1.43387E+06  2.00000E-03 -1.08236E+01
  1.63531E+01  2.17476E-28  1.43387E+06  2.00000E-03 -1.08236E+01
  1.63999E+01  2.17476E-28  1.43387E+06  2.00000E-03 -1.08236E+01
  1.64467E+01  2.17476E-28  1.43387E+06  2.00000E-03 -1.08236E+01
  1.64935E+01  2.17519E-28  1.43405E+06  2.00000E-03 -1.06766E+01
  1.65402E+01  2.17562E-28  1.43424E+06  2.00000E-03 -1.05296E+01
  1.65870E+01  2.17562E-28  1.43424E+06  2.00000E-03 -1.05296E+01
  1.66338E+01  2.17562E-28  1.43424E+06  2.00000E-03 -1.05296E+01
  1.66806E+01  2.17562E-28  1.43424E+06  2.00000E-03 -1.05296E+01
  1.67274E+01  2.17562E-28  1.43424E+06  2.00000E-03 -1.05296E+01
  1.67742E+01  2.17562E-28  1.43424E+06  2.00000E-03 -1.05296E+01
  1.68210E+01  2.17562E-28  1.43424E+06  2.00000E-03 -1.05296E+01
  1.68678E+01  2.17592E-28  1.43436E+06  2.00000E-03 -1.04047E+01
  1.69146E+01  2.17621E-28  1.43448E+06  2.00000E-03 -1.02798E+01
  1.69613E+01  2.17621E-28  1.43448E+06  2.00000E-03 -1.02798E+01
  1.70081E+01  2.17621E-28  1.43448E+06  2.00000E-03 -1.02798E+01
  1.70549E+01  2.17621E-28  1.43448E+06  2.00000E-03 -1.02798E+01
  1.71017E+01  2.17621E-28  1.43448E+06  2.00000E-03 -1.02798E+01
  1.71485E+01  2.17621E-28  1.43448E+06  2.00000E-03 -1.02798E+01
  1.71953E+01  2.17621E-28  1.43448E+06  2.00000E-03 -1.02798E+01
  1.72421E+01  2.17590E-28  1.43434E+06  2.00000E-03 -1.02043E+01
  1.72889E+01  2.17559E-28  1.43420E+06  2.00000E-03 -1.01287E+01
  1.73357E+01  2.17559E-28  1.43420E+06  2.00000E-03 -1.01287E+01
  1.73825E+01  2.17559E-28  1.43420E+06  2.00000E-03 -1.01287E+01
  1.74292E+01  2.17559E-28  1.43420E+06  2.00000E-03 -1.01287E+01
  1.74760E+01  2.17559E-28  1.43420E+06  2.00000E-03 -1.01287E+01
  1.75228E+01  2.17559E-28  1.43420E+06  2.00000E-03 -1.01287E+01
  1.75696E+01  2.17559E-28  1.43420E+06  2.00000E-03 -1.01287E+01
  1.76164E+01  2.17454E-28  1.43373E+06  2.00000E-03 -1.01043E+01
  1.76632E+01  2.17349E-28  1.43326E+06  2.00000E-03 -1.00799E+01
  1.77100E+01  2.17349E-28  1.43326E+06  2.00000E-03 -1.00799E+01
  1.77568E+01  2.17349E-28  1.43326E+06  2.00000E-03 -1.00799E+01
  1.78036E+01  2.17349E-28  1.43326E+06  2.00000E-03 -1.00799E+01
  1.78504E+01  2.17349E-28  1.43326E+06  2.00000E-03 -1.00799E+01
  1.78971E+01  2.17349E-28  1.43326E+06  2.00000E-03 -1.00799E+01
  1.79439E+01  2.17349E-28  1.43326E+06  2.00000E-03 -1.00799E+01
  1.79907E+01  2.17192E-28  1.43257E+06  2.00000E-03 -1.00815E+01
  1.80375E+01  2.17034E-28  1.43187E+06  2.00000E-03 -1.00830E+01
  1.80843E+01  2.17034E-28  1.43187E+06  2.00000E-03 -1.00830E+01
  1.81311E+01  2.17034E-28  1.43187E+06  2.00000E-03 -1.00830E+01
  1.81779E+01  2.17034E-28  1.43187E+06  2.00000E-03 -1.00830E+01
  1.82247E+01  2.17034E-28  1.43187E+06  2.00000E-03 -1.00830E+01
  1.82715E+01  2.17034E-28  1.43187E+06  2.00000E-03 -1.00830E+01
  1.83183E+01  2.17034E-28  1.43187E+06  2.00000E-03 -1.00830E+01
  1.83650E+01  2.16858E-28  1.43109E+06  2.00000E-03 -1.00902E+01
  1.84118E+01  2.16683E-28  1.43031E+06  2.00000E-03 -1.00974E+01
  1.84586E+01  2.16683E-28  1.43031E+06  2.00000E-03 -1.00974E+01
  1.85054E+01  2.16683E-28  1.43031E+06  2.00000E-03 -1.00974E+01
  1.85522E+01  2.16683E-28  1.43031E+06  2.00000E-03 -1.00974E+01
  1.85990E+01  2.16683E-28  1.43031E+06  2.00000E-03 -1.00974E+01
  1.86458E+01  2.16683E-28  1.43031E+06  2.00000E-03 -1.00974E+01
  1.86926E+01  2.16683E-28  1.43031E+06  2.00000E-03 -1.00974E+01
  1.87394E+01  2.16586E-28  1.42988E+06  2.00000E-03 -1.00341E+01
  1.87862E+01  2.16490E-28  1.42945E+06  2.00000E-03 -9.97072E+00
  1.88329E+01  2.16490E-28  1.42945E+06  2.00000E-03 -9.97072E+00
  1.88797E+01  2.16490E-28  1.42945E+06  2.00000E-03 -9.97072E+00
  1.89265E+01  2.16490E-28  1.42945E+06  2.00000E-03 -9.97072E+00
  1.89733E+01  2.16490E-28  1.42945E+06  2.00000E-03 -9.97072E+00
  1.90201E+01  2.16490E-28  1.42945E+06  2.00000E-03 -9.97072E+00
  1.90669E+01  2.16490E-28  1.42945E+06  2.00000E-03 -9.97072E+00
  1.91137E+01  2.16490E-28  1.42945E+06  2.00000E-03 -9.97072E+00
  1.91605E+01  2.16490E-28  1.42945E+06  2.00000E-03 -9.97072E+00
  1.92073E+01  2.16490E-28  1.42945E+06  2.00000E-03 -9.97072E+00
  1.92541E+01  2.16490E-28  1.42945E+06  2.00000E-03 -9.97072E+00
  1.93008E+01  2.16490E-28  1.42945E+06  2.00000E-03 -9.97072E+00
  1.93476E+01  2.16490E-28  1.42945E+06  2.00000E-03 -9.97072E+00
  1.93944E+01  2.16490E-28  1.42945E+06  2.00000E-03 -9.97072E+00
  1.94412E+01  2.16490E-28  1.42945E+06  2.00000E-03 -9.97072E+00
  1.94880E+01  2.16482E-28  1.42939E+06  2.00000E-03 -9.77621E+00
  1.95348E+01  2.16475E-28  1.42933E+06  2.00000E-03 -9.58169E+00
  1.95816E+01  2.16475E-28  1.42933E+06  2.00000E-03 -9.58169E+00
  1.96284E+01  2.16475E-28  1.42933E+06  2.00000E-03 -9.58169E+00
  1.96752E+01  2.16475E-28  1.42933E+06  2.00000E-03 -9.58169E+00
  1.97220E+01  2.16475E-28  1.42933E+06  2.00000E-03 -9.58169E+00
  1.97687E+01  2.16475E-28  1.42933E+06  2.00000E-03 -9.58169E+00
  1.98155E+01  2.16475E-28  1.42933E+06  2.00000E-03 -9.58169E+00
  1.98623E+01  2.16475E-28  1.42933E+06  2.00000E-03 -9.58169E+00
  1.99091E+01  2.16475E-28  1.42933E+06  2.00000E-03 -9.58169E+00
  1.99559E+01  2.16475E-28  1.42933E+06  2.00000E-03 -9.58169E+00
  2.00027E+01  2.16475E-28  1.42933E+06  2.00000E-03 -9.58169E+00
  2.00495E+01  2.16475E-28  1.42933E+06  2.00000E-03 -9.58169E+00
  2.00963E+01  2.16475E-28  1.42933E+06  2.00000E-03 -9.58169E+00
  2.01431E+01  2.16475E-28  1.42933E+06  2.00000E-03 -9.58169E+00
  2.01899E+01  2.16475E-28  1.42933E+06  2.00000E-03 -9.58169E+00
  2.02366E+01  2.16586E-28  1.42981E+06  2.00000E-03 -9.34147E+00
  2.02834E+01  2.16696E-28  1.43028E+06  2.00000E-03 -9.10150E+00
  2.03302E+01  2.16696E-28  1.43028E+06  2.00000E-03 -9.10150E+00
  2.03770E+01  2.16696E-28  1.43028E+06  2.00000E-03 -9.10150E+00
  2.04238E+01  2.16696E-28  1.43028E+06  2.00000E-03 -9.10150E+00
  2.04706E+01  2.16696E-28  1.43028E+06  2.00000E-03 -9.10150E+00
  2.05174E+01  2.16696E-28  1.43028E+06  2.00000E-03 -9.10150E+00
  2.05642E+01  2.16696E-28  1.43028E+06  2.00000E-03 -9.10150E+00
  2.06110E+01  2.16696E-28  1.43028E+06  2.00000E-03 -9.10150E+00
  2.06578E+01  2.16696E-28  1.43028E+06  2.00000E-03 -9.10150E+00
  2.07045E+01  2.16696E-28  1.43028E+06  2.00000E-03 -9.10150E+00
  2.07513E+01  2.16696E-28  1.43028E+06  2.00000E-03 -9.10150E+00
  2.07981E+01  2.16696E-28  1.43028E+06  2.00000E-03 -9.10150E+00
  2.08449E+01  2.16696E-28  1.43028E+06  2.00000E-03 -9.10150E+00
  2.08917E+01  2.16696E-28  1.43028E+06  2.00000E-03 -9.10150E+00
  2.09385E+01  2.16696E-28  1.43028E+06  2.00000E-03 -9.10150E+00
  2.09853E+01  2.16837E-28  1.43089E+06  2.00000E-03 -8.86688E+00
  2.10321E+01  2.16977E-28  1.43150E+06  2.00000E-03 -8.63257E+00
  2.10789E+01  2.16977E-28  1.43150E+06  2.00000E-03 -8.63257E+00
  2.11257E+01  2.16977E-28  1.43150E+06  2.00000E-03 -8.63257E+00
  2.11724E+01  2.16977E-28  1.43150E+06  2.00000E-03 -8.63257E+00
  2.12192E+01  2.16977E-28  1.43150E+06  2.00000E-03 -8.63257E+00
  2.12660E+01  2.16977E-28  1.43150E+06  2.00000E-03 -8.63257E+00
  2.13128E+01  2.16977E-28  1.43150E+06  2.00000E-03 -8.63257E+00
  2.13596E+01  2.16977E-28  1.43150E+06  2.00000E-03 -8.63257E+00
  2.14064E+01  2.16977E-28  1.43150E+06  2.00000E-03 -8.63257E+00
  2.14532E+01  2.16977E-28  1.43150E+06  2.00000E-03 -8.63257E+00
  2.15000E+01  2.16977E-28  1.43150E+06  2.00000E-03 -8.63257E+00
  2.15468E+01  2.16977E-28  1.43150E+06  2.00000E-03 -8.63257E+00
  2.15936E+01  2.16977E-28  1.43150E+06  2.00000E-03 -8.63257E+00
  2.16403E+01  2.16977E-28  1.43150E+06  2.00000E-03 -8.63257E+00
  2.16871E+01  2.16977E-28  1.43150E+06  2.00000E-03 -8.63257E+00
  2.17339E+01  2.17115E-28  1.43210E+06  2.00000E-03 -8.41816E+00
  2.17807E+01  2.17253E-28  1.43269E+06  2.00000E-03 -8.20403E+00
  2.18275E+01  2.17253E-28  1.43269E+06  2.00000E-03 -8.20403E+00
  2.18743E+01  2.17253E-28  1.43269E+06  2.00000E-03 -8.20403E+00
  2.19211E+01  2.17253E-28  1.43269E+06  2.00000E-03 -8.20403E+00
  2.19679E+01  2.17253E-28  1.43269E+06  2.00000E-03 -8.20403E+00
  2.20147E+01  2.17253E-28  1.43269E+06  2.00000E-03 -8.20403E+00
  2.20615E+01  2.17253E-28  1.43269E+06  2.00000E-03 -8.20403E+00
  2.21082E+01  2.17253E-28  1.43269E+06  2.00000E-03 -8.20403E+00
  2.21550E+01  2.17253E-28  1.43269E+06  2.00000E-03 -8.20403E+00
  2.22018E+01  2.17253E-28  1.43269E+06  2.00000E-03 -8.20403E+00
  2.22486E+01  2.17253E-28  1.43269E+06  2.00000E-03 -8.20403E+00
  2.22954E+01  2.17253E-28  1.43269E+06  2.00000E-03 -8.20403E+00
  2.23422E+01  2.17253E-28  1.43269E+06  2.00000E-03 -8.20403E+00
  2.23890E+01  2.17253E-28  1.43269E+06  2.00000E-03 -8.20403E+00
  2.24358E+01  2.17253E-28  1.43269E+06  2.00000E-03 -8.20403E+00
  2.24826E+01  2.17402E-28  1.43334E+06  2.00000E-03 -7.99279E+00
  2.25294E+01  2.17552E-28  1.43399E+06  2.00000E-03 -7.78184E+00
  2.25761E+01  2.17552E-28  1.43399E+06  2.00000E-03 -7.78184E+00
  2.26229E+01  2.17552E-28  1.43399E+06  2.00000E-03 -7.78184E+00
  2.26697E+01  2.17552E-28  1.43399E+06  2.00000E-03 -7.78184E+00
  2.27165E+01  2.17552E-28  1.43399E+06  2.00000E-03 -7.78184E+00
  2.27633E+01  2.17552E-28  1.43399E+06  2.00000E-03 -7.78184E+00
  2.28101E+01  2.17552E-28  1.43399E+06  2.00000E-03 -7.78184E+00
  2.28569E+01  2.17552E-28  1.43399E+06  2.00000E-03 -7.78184E+00
  2.29037E+01  2.17552E-28  1.43399E+06  2.00000E-03 -7.78184E+00
  2.29505E+01  2.17552E-28  1.43399E+06  2.00000E-03 -7.78184E+00
  2.29972E+01  2.17552E-28  1.43399E+06  2.00000E-03 -7.78184E+00
  2.30440E+01  2.17552E-28  1.43399E+06  2.00000E-03 -7.78184E+00
  2.30908E+01  2.17552E-28  1.43399E+06  2.00000E-03 -7.78184E+00
  2.31376E+01  2.17552E-28  1.43399E+06  2.00000E-03 -7.78184E+00
  2.31844E+01  2.17552E-28  1.43399E+06  2.00000E-03 -7.78184E+00
  2.32312E+01  2.17733E-28  1.43478E+06  2.00000E-03 -7.55569E+00
  2.32780E+01  2.17914E-28  1.43556E+06  2.00000E-03 -7.32992E+00
  2.33248E+01  2.17914E-28  1.43556E+06  2.00000E-03 -7.32992E+00
  2.33716E+01  2.17914E-28  1.43556E+06  2.00000E-03 -7.32992E+00
  2.34184E+01  2.17914E-28  1.43556E+06  2.00000E-03 -7.32992E+00
  2.34651E+01  2.17914E-28  1.43556E+06  2.00000E-03 -7.32992E+00
  2.35119E+01  2.17914E-28  1.43556E+06  2.00000E-03 -7.32992E+00
  2.35587E+01  2.17914E-28  1.43556E+06  2.00000E-03 -7.32992E+00
  2.36055E+01  2.17914E-28  1.43556E+06  2.00000E-03 -7.32992E+00
  2.36523E+01  2.17914E-28  1.43556E+06  2.00000E-03 -7.32992E+00
  2.36991E+01  2.17914E-28  1.43556E+06  2.00000E-03 -7.32992E+00
  2.37459E+01  2.17914E-28  1.43556E+06  2.00000E-03 -7.32992E+00
  2.37927E+01  2.17914E-28  1.43556E+06  2.00000E-03 -7.32992E+00
  2.38395E+01  2.17914E-28  1.43556E+06  2.00000E-03 -7.32992E+00
  2.38863E+01  2.17914E-28  1.43556E+06  2.00000E-03 -7.32992E+00
  2.39330E+01  2.17914E-28  1.43556E+06  2.00000E-03 -7.32992E+00
  2.39798E+01  2.18113E-28  1.43643E+06  2.00000E-03 -7.09700E+00
