 -2.90655E+01  2.17533E-28  1.43390E+06  2.00000E-03  8.01328E+00
 -2.89719E+01  2.17533E-28  1.43390E+06  2.00000E-03  8.01328E+00
 -2.88784E+01  2.17506E-28  1.43378E+06  2.00000E-03  8.04235E+00
 -2.87848E+01  2.17468E-28  1.43362E+06  2.00000E-03  8.08348E+00
 -2.86912E+01  2.17442E-28  1.43350E+06  2.00000E-03  8.11265E+00
 -2.85976E+01  2.17394E-28  1.43329E+06  2.00000E-03  8.16512E+00
 -2.85040E+01  2.17356E-28  1.43312E+06  2.00000E-03  8.20689E+00
 -2.84105E+01  2.17356E-28  1.43312E+06  2.00000E-03  8.20689E+00
 -2.83169E+01  2.17333E-28  1.43303E+06  2.00000E-03  8.23221E+00
 -2.82233E+01  2.17095E-28  1.43199E+06  2.00000E-03  8.51955E+00
 -2.81297E+01  2.17036E-28  1.43173E+06  2.00000E-03  8.64126E+00
 -2.80361E+01  2.17068E-28  1.43187E+06  2.00000E-03  8.70001E+00
 -2.79426E+01  2.17079E-28  1.43192E+06  2.00000E-03  8.72090E+00
 -2.78490E+01  2.17079E-28  1.43192E+06  2.00000E-03  8.72090E+00
 -2.77554E+01  2.17079E-28  1.43192E+06  2.00000E-03  8.72090E+00
 -2.76618E+01  2.17079E-28  1.43192E+06  2.00000E-03  8.72090E+00
 -2.75682E+01  2.17079E-28  1.43192E+06  2.00000E-03  8.72090E+00
 -2.74747E+01  2.17079E-28  1.43192E+06  2.00000E-03  8.72090E+00
 -2.73811E+01  2.17020E-28  1.43166E+06  2.00000E-03  8.78127E+00
 -2.72875E+01  2.16674E-28  1.43015E+06  2.00000E-03  9.14142E+00
 -2.71939E+01  2.16612E-28  1.42988E+06  2.00000E-03  9.20658E+00
 -2.71003E+01  2.16612E-28  1.42988E+06  2.00000E-03  9.20658E+00
 -2.70068E+01  2.16612E-28  1.42988E+06  2.00000E-03  9.20658E+00
 -2.69132E+01  2.16611E-28  1.42988E+06  2.00000E-03  9.20658E+00
 -2.68196E+01  2.16612E-28  1.42988E+06  2.00000E-03  9.20658E+00
 -2.67260E+01  2.16614E-28  1.42989E+06  2.00000E-03  9.21233E+00
 -2.66324E+01  2.16634E-28  1.42998E+06  2.00000E-03  9.25757E+00
 -2.65389E+01  2.16668E-28  1.43012E+06  2.00000E-03  9.33513E+00
 -2.64453E+01  2.16526E-28  1.42951E+06  2.00000E-03  9.49707E+00
 -2.63517E+01  2.16244E-28  1.42827E+06  2.00000E-03  9.79552E+00
 -2.62581E+01  2.16167E-28  1.42794E+06  2.00000E-03  9.87537E+00
 -2.61645E+01  2.16069E-28  1.42751E+06  2.00000E-03  9.97428E+00
 -2.60710E+01  2.15996E-28  1.42718E+06  2.00000E-03  1.00481E+01
 -2.59774E+01  2.15940E-28  1.42694E+06  2.00000E-03  1.01048E+01
 -2.58838E+01  2.15847E-28  1.42653E+06  2.00000E-03  1.01999E+01
 -2.57902E+01  2.15847E-28  1.42653E+06  2.00000E-03  1.01999E+01
 -2.56966E+01  2.15847E-28  1.42653E+06  2.00000E-03  1.01999E+01
 -2.56031E+01  2.15847E-28  1.42653E+06  2.00000E-03  1.01999E+01
 -2.55095E+01  2.15695E-28  1.42587E+06  2.00000E-03  1.03864E+01
 -2.54159E+01  2.15527E-28  1.42514E+06  2.00000E-03  1.05939E+01
 -2.53223E+01  2.15527E-28  1.42514E+06  2.00000E-03  1.05939E+01
 -2.52287E+01  2.15527E-28  1.42514E+06  2.00000E-03  1.05939E+01
 -2.51352E+01  2.15529E-28  1.42515E+06  2.00000E-03  1.06365E+01
 -2.50416E+01  2.15532E-28  1.42516E+06  2.00000E-03  1.06941E+01
 -2.49480E+01  2.15534E-28  1.42517E+06  2.00000E-03  1.07424E+01
 -2.48544E+01  2.15534E-28  1.42517E+06  2.00000E-03  1.07442E+01
 -2.47608E+01  2.15534E-28  1.42517E+06  2.00000E-03  1.07442E+01
 -2.46673E+01  2.15534E-28  1.42517E+06  2.00000E-03  1.07442E+01
 -2.45737E+01  2.15380E-28  1.42450E+06  2.00000E-03  1.09655E+01
 -2.44801E+01  2.15309E-28  1.42419E+06  2.00000E-03  1.10683E+01
 -2.43865E+01  2.15309E-28  1.42419E+06  2.00000E-03  1.10683E+01
 -2.42929E+01  2.15309E-28  1.42419E+06  2.00000E-03  1.10683E+01
 -2.41994E+01  2.15309E-28  1.42420E+06  2.00000E-03  1.10683E+01
 -2.41058E+01  2.15309E-28  1.42419E+06  2.00000E-03  1.10683E+01
 -2.40122E+01  2.15309E-28  1.42419E+06  2.00000E-03  1.10683E+01
 -2.39186E+01  2.15309E-28  1.42420E+06  2.00000E-03  1.10683E+01
 -2.38250E+01  2.15309E-28  1.42420E+06  2.00000E-03  1.10683E+01
 -2.37315E+01  2.15295E-28  1.42414E+06  2.00000E-03  1.10987E+01
 -2.36379E+01  2.15131E-28  1.42346E+06  2.00000E-03  1.14315E+01
 -2.35443E+01  2.14969E-28  1.42275E+06  2.00000E-03  1.16789E+01
 -2.34507E+01  2.14796E-28  1.42198E+06  2.00000E-03  1.19249E+01
 -2.33571E+01  2.14665E-28  1.42140E+06  2.00000E-03  1.20969E+01
 -2.32636E+01  2.14567E-28  1.42097E+06  2.00000E-03  1.22261E+01
 -2.31700E+01  2.14567E-28  1.42097E+06  2.00000E-03  1.22261E+01
 -2.30764E+01  2.14567E-28  1.42097E+06  2.00000E-03  1.22261E+01
 -2.29828E+01  2.14567E-28  1.42097E+06  2.00000E-03  1.22261E+01
 -2.28892E+01  2.14567E-28  1.42097E+06  2.00000E-03  1.22261E+01
 -2.27957E+01  2.14571E-28  1.42099E+06  2.00000E-03  1.22509E+01
 -2.27021E+01  2.14590E-28  1.42108E+06  2.00000E-03  1.23663E+01
 -2.26085E+01  2.14591E-28  1.42109E+06  2.00000E-03  1.23696E+01
 -2.25149E+01  2.14591E-28  1.42109E+06  2.00000E-03  1.23696E+01
 -2.24213E+01  2.14591E-28  1.42109E+06  2.00000E-03  1.23696E+01
 -2.23278E+01  2.14556E-28  1.42094E+06  2.00000E-03  1.24626E+01
 -2.22342E+01  2.14472E-28  1.42057E+06  2.00000E-03  1.26910E+01
 -2.21406E+01  2.14535E-28  1.42085E+06  2.00000E-03  1.27034E+01
 -2.20470E+01  2.14594E-28  1.42112E+06  2.00000E-03  1.27173E+01
 -2.19534E+01  2.14670E-28  1.42146E+06  2.00000E-03  1.28079E+01
 -2.18599E+01  2.14650E-28  1.42137E+06  2.00000E-03  1.29281E+01
 -2.17663E+01  2.14631E-28  1.42129E+06  2.00000E-03  1.30332E+01
 -2.16727E+01  2.14631E-28  1.42129E+06  2.00000E-03  1.30332E+01
 -2.15791E+01  2.14631E-28  1.42129E+06  2.00000E-03  1.30332E+01
 -2.14855E+01  2.14631E-28  1.42129E+06  2.00000E-03  1.30332E+01
 -2.13920E+01  2.14666E-28  1.42144E+06  2.00000E-03  1.31692E+01
 -2.12984E+01  2.14795E-28  1.42202E+06  2.00000E-03  1.31970E+01
 -2.12048E+01  2.14922E-28  1.42258E+06  2.00000E-03  1.31648E+01
 -2.11112E+01  2.14935E-28  1.42264E+06  2.00000E-03  1.31616E+01
 -2.10176E+01  2.14985E-28  1.42286E+06  2.00000E-03  1.31857E+01
 -2.09241E+01  2.15114E-28  1.42343E+06  2.00000E-03  1.33263E+01
 -2.08305E+01  2.15162E-28  1.42365E+06  2.00000E-03  1.33800E+01
 -2.07369E+01  2.15224E-28  1.42392E+06  2.00000E-03  1.34020E+01
 -2.06433E+01  2.15367E-28  1.42455E+06  2.00000E-03  1.34153E+01
 -2.05497E+01  2.15470E-28  1.42501E+06  2.00000E-03  1.34015E+01
 -2.04562E+01  2.15736E-28  1.42619E+06  2.00000E-03  1.35265E+01
 -2.03626E+01  2.15767E-28  1.42632E+06  2.00000E-03  1.35675E+01
 -2.02690E+01  2.15767E-28  1.42632E+06  2.00000E-03  1.35675E+01
 -2.01754E+01  2.15767E-28  1.42632E+06  2.00000E-03  1.35675E+01
 -2.00818E+01  2.15773E-28  1.42635E+06  2.00000E-03  1.35853E+01
 -1.99883E+01  2.15843E-28  1.42667E+06  2.00000E-03  1.37702E+01
 -1.98947E+01  2.15929E-28  1.42705E+06  2.00000E-03  1.37995E+01
 -1.98011E+01  2.16061E-28  1.42763E+06  2.00000E-03  1.37627E+01
 -1.97075E+01  2.16238E-28  1.42842E+06  2.00000E-03  1.37313E+01
 -1.96139E+01  2.16361E-28  1.42896E+06  2.00000E-03  1.38460E+01
 -1.95204E+01  2.16447E-28  1.42934E+06  2.00000E-03  1.41002E+01
 -1.94268E+01  2.16485E-28  1.42951E+06  2.00000E-03  1.41508E+01
 -1.93332E+01  2.16595E-28  1.43000E+06  2.00000E-03  1.42120E+01
 -1.92396E+01  2.16621E-28  1.43011E+06  2.00000E-03  1.42264E+01
 -1.91460E+01  2.16656E-28  1.43026E+06  2.00000E-03  1.43396E+01
 -1.90525E+01  2.16949E-28  1.43156E+06  2.00000E-03  1.44699E+01
 -1.89589E+01  2.17277E-28  1.43300E+06  2.00000E-03  1.43124E+01
 -1.88653E+01  2.17375E-28  1.43344E+06  2.00000E-03  1.42650E+01
 -1.87717E+01  2.17375E-28  1.43344E+06  2.00000E-03  1.42650E+01
 -1.86781E+01  2.17573E-28  1.43431E+06  2.00000E-03  1.43052E+01
 -1.85846E+01  2.17857E-28  1.43556E+06  2.00000E-03  1.43629E+01
 -1.84910E+01  2.17857E-28  1.43556E+06  2.00000E-03  1.43629E+01
 -1.83974E+01  2.18055E-28  1.43644E+06  2.00000E-03  1.43150E+01
 -1.83038E+01  2.18465E-28  1.43824E+06  2.00000E-03  1.41686E+01
 -1.82102E+01  2.19389E-28  1.44230E+06  2.00000E-03  1.38050E+01
 -1.81167E+01  2.20072E-28  1.44529E+06  2.00000E-03  1.36763E+01
 -1.80231E+01  2.20337E-28  1.44645E+06  2.00000E-03  1.37147E+01
 -1.79295E+01  2.20337E-28  1.44645E+06  2.00000E-03  1.37147E+01
 -1.78359E+01  2.20337E-28  1.44645E+06  2.00000E-03  1.37147E+01
 -1.77423E+01  2.20737E-28  1.44821E+06  2.00000E-03  1.37035E+01
 -1.76488E+01  2.21089E-28  1.44975E+06  2.00000E-03  1.36916E+01
 -1.75552E+01  2.21034E-28  1.44951E+06  2.00000E-03  1.36374E+01
 -1.74616E+01  2.21006E-28  1.44938E+06  2.00000E-03  1.36090E+01
 -1.73680E+01  2.20987E-28  1.44930E+06  2.00000E-03  1.35902E+01
 -1.72745E+01  2.21002E-28  1.44941E+06  2.00000E-03  1.38751E+01
 -1.71809E+01  2.21013E-28  1.44948E+06  2.00000E-03  1.40772E+01
 -1.70873E+01  2.21015E-28  1.44949E+06  2.00000E-03  1.41184E+01
 -1.69937E+01  2.21034E-28  1.44958E+06  2.00000E-03  1.44616E+01
 -1.69001E+01  2.20975E-28  1.44931E+06  2.00000E-03  1.45996E+01
 -1.68066E+01  2.20555E-28  1.44744E+06  2.00000E-03  1.50545E+01
 -1.67130E+01  2.20446E-28  1.44696E+06  2.00000E-03  1.52794E+01
 -1.66194E+01  2.20298E-28  1.44632E+06  2.00000E-03  1.54311E+01
 -1.65258E+01  2.20207E-28  1.44594E+06  2.00000E-03  1.56183E+01
 -1.64322E+01  2.20121E-28  1.44557E+06  2.00000E-03  1.56467E+01
 -1.63387E+01  2.19975E-28  1.44494E+06  2.00000E-03  1.58347E+01
 -1.62451E+01  2.19951E-28  1.44483E+06  2.00000E-03  1.58915E+01
 -1.61515E+01  2.19914E-28  1.44467E+06  2.00000E-03  1.60282E+01
 -1.60579E+01  2.19931E-28  1.44474E+06  2.00000E-03  1.60938E+01
 -1.59643E+01  2.19966E-28  1.44490E+06  2.00000E-03  1.59858E+01
 -1.58708E+01  2.19961E-28  1.44488E+06  2.00000E-03  1.59938E+01
 -1.57772E+01  2.19988E-28  1.44499E+06  2.00000E-03  1.60094E+01
 -1.56836E+01  2.20041E-28  1.44523E+06  2.00000E-03  1.59830E+01
 -1.55900E+01  2.20175E-28  1.44581E+06  2.00000E-03  1.57978E+01
 -1.54964E+01  2.20228E-28  1.44605E+06  2.00000E-03  1.58171E+01
 -1.54029E+01  2.20163E-28  1.44577E+06  2.00000E-03  1.59016E+01
 -1.53093E+01  2.20258E-28  1.44618E+06  2.00000E-03  1.57139E+01
 -1.52157E+01  2.20256E-28  1.44618E+06  2.00000E-03  1.55502E+01
 -1.51221E+01  2.20303E-28  1.44639E+06  2.00000E-03  1.54064E+01
 -1.50285E+01  2.20349E-28  1.44660E+06  2.00000E-03  1.55134E+01
 -1.49350E+01  2.20390E-28  1.44678E+06  2.00000E-03  1.52846E+01
 -1.48414E+01  2.20517E-28  1.44733E+06  2.00000E-03  1.51733E+01
 -1.47478E+01  2.20712E-28  1.44820E+06  2.00000E-03  1.49572E+01
 -1.46542E+01  2.20711E-28  1.44819E+06  2.00000E-03  1.49519E+01
 -1.45606E+01  2.20892E-28  1.44899E+06  2.00000E-03  1.46472E+01
 -1.44671E+01  2.21090E-28  1.44986E+06  2.00000E-03  1.43519E+01
 -1.43735E+01  2.21352E-28  1.45100E+06  2.00000E-03  1.42197E+01
 -1.42799E+01  2.21421E-28  1.45131E+06  2.00000E-03  1.40772E+01
 -1.41863E+01  2.21535E-28  1.45181E+06  2.00000E-03  1.39733E+01
 -1.40927E+01  2.21806E-28  1.45300E+06  2.00000E-03  1.36833E+01
 -1.39992E+01  2.21937E-28  1.45357E+06  2.00000E-03  1.34816E+01
 -1.39056E+01  2.21920E-28  1.45350E+06  2.00000E-03  1.34648E+01
 -1.38120E+01  2.21921E-28  1.45352E+06  2.00000E-03  1.33019E+01
 -1.37184E+01  2.22098E-28  1.45429E+06  2.00000E-03  1.31710E+01
 -1.36248E+01  2.22124E-28  1.45441E+06  2.00000E-03  1.30724E+01
 -1.35313E+01  2.22142E-28  1.45449E+06  2.00000E-03  1.30883E+01
 -1.34377E+01  2.22259E-28  1.45500E+06  2.00000E-03  1.29968E+01
 -1.33441E+01  2.22370E-28  1.45550E+06  2.00000E-03  1.28072E+01
 -1.32505E+01  2.22511E-28  1.45611E+06  2.00000E-03  1.26548E+01
 -1.31569E+01  2.22607E-28  1.45654E+06  2.00000E-03  1.25542E+01
 -1.30634E+01  2.22790E-28  1.45734E+06  2.00000E-03  1.24037E+01
 -1.29698E+01  2.23088E-28  1.45864E+06  2.00000E-03  1.21464E+01
 -1.28762E+01  2.23388E-28  1.45996E+06  2.00000E-03  1.19032E+01
 -1.27826E+01  2.23427E-28  1.46012E+06  2.00000E-03  1.19046E+01
 -1.26890E+01  2.23850E-28  1.46198E+06  2.00000E-03  1.15564E+01
 -1.25955E+01  2.24021E-28  1.46272E+06  2.00000E-03  1.13856E+01
 -1.25019E+01  2.24358E-28  1.46419E+06  2.00000E-03  1.10898E+01
 -1.24083E+01  2.24692E-28  1.46565E+06  2.00000E-03  1.08992E+01
 -1.23147E+01  2.24946E-28  1.46676E+06  2.00000E-03  1.06843E+01
 -1.22211E+01  2.25314E-28  1.46836E+06  2.00000E-03  1.04229E+01
 -1.21276E+01  2.25659E-28  1.46984E+06  2.00000E-03  1.01399E+01
 -1.20340E+01  2.25794E-28  1.47042E+06  2.00000E-03  1.01361E+01
 -1.19404E+01  2.26048E-28  1.47152E+06  2.00000E-03  1.00340E+01
 -1.18468E+01  2.26146E-28  1.47195E+06  2.00000E-03  1.00288E+01
 -1.17532E+01  2.26479E-28  1.47349E+06  2.00000E-03  1.01343E+01
 -1.16597E+01  2.26570E-28  1.47392E+06  2.00000E-03  1.01240E+01
 -1.15661E+01  2.26513E-28  1.47370E+06  2.00000E-03  1.03271E+01
 -1.14725E+01  2.26856E-28  1.47529E+06  2.00000E-03  1.01730E+01
 -1.13789E+01  2.26993E-28  1.47588E+06  2.00000E-03  9.86927E+00
 -1.12853E+01  2.26836E-28  1.47525E+06  2.00000E-03  9.94481E+00
 -1.11918E+01  2.26984E-28  1.47583E+06  2.00000E-03  9.78536E+00
 -1.10982E+01  2.27194E-28  1.47660E+06  2.00000E-03  9.63221E+00
 -1.10046E+01  2.27219E-28  1.47666E+06  2.00000E-03  9.61589E+00
 -1.09110E+01  2.27246E-28  1.47677E+06  2.00000E-03  9.56210E+00
 -1.08174E+01  2.27332E-28  1.47717E+06  2.00000E-03  9.52947E+00
 -1.07239E+01  2.27338E-28  1.47720E+06  2.00000E-03  9.52760E+00
 -1.06303E+01  2.27353E-28  1.47727E+06  2.00000E-03  9.50685E+00
 -1.05367E+01  2.27374E-28  1.47737E+06  2.00000E-03  9.51192E+00
 -1.04431E+01  2.27374E-28  1.47738E+06  2.00000E-03  9.52113E+00
 -1.03495E+01  2.27344E-28  1.47726E+06  2.00000E-03  9.54019E+00
 -1.02560E+01  2.27255E-28  1.47688E+06  2.00000E-03  9.61053E+00
 -1.01624E+01  2.27133E-28  1.47635E+06  2.00000E-03  9.74197E+00
 -1.00688E+01  2.26864E-28  1.47519E+06  2.00000E-03  9.93932E+00
 -9.97522E+00  2.26631E-28  1.47419E+06  2.00000E-03  1.01041E+01
 -9.88164E+00  2.26337E-28  1.47292E+06  2.00000E-03  1.03470E+01
 -9.78806E+00  2.26076E-28  1.47179E+06  2.00000E-03  1.05523E+01
 -9.69448E+00  2.25829E-28  1.47073E+06  2.00000E-03  1.06947E+01
 -9.60090E+00  2.25659E-28  1.47000E+06  2.00000E-03  1.07581E+01
 -9.50732E+00  2.25488E-28  1.46926E+06  2.00000E-03  1.08266E+01
 -9.41374E+00  2.25421E-28  1.46897E+06  2.00000E-03  1.08160E+01
 -9.32016E+00  2.25384E-28  1.46882E+06  2.00000E-03  1.07433E+01
 -9.22658E+00  2.25417E-28  1.46897E+06  2.00000E-03  1.06100E+01
 -9.13300E+00  2.25526E-28  1.46944E+06  2.00000E-03  1.04000E+01
 -9.03942E+00  2.25634E-28  1.46992E+06  2.00000E-03  1.02132E+01
 -8.94584E+00  2.25814E-28  1.47071E+06  2.00000E-03  9.94489E+00
 -8.85226E+00  2.26062E-28  1.47179E+06  2.00000E-03  9.60800E+00
 -8.75868E+00  2.26365E-28  1.47311E+06  2.00000E-03  9.21805E+00
 -8.66510E+00  2.26652E-28  1.47436E+06  2.00000E-03  8.85217E+00
 -8.57152E+00  2.26937E-28  1.47560E+06  2.00000E-03  8.50692E+00
 -8.47794E+00  2.27338E-28  1.47734E+06  2.00000E-03  8.01616E+00
 -8.38436E+00  2.27560E-28  1.47830E+06  2.00000E-03  7.74910E+00
 -8.29078E+00  2.27740E-28  1.47909E+06  2.00000E-03  7.52515E+00
 -8.19720E+00  2.27929E-28  1.47991E+06  2.00000E-03  7.27015E+00
 -8.10362E+00  2.28034E-28  1.48037E+06  2.00000E-03  7.13763E+00
 -8.01005E+00  2.28102E-28  1.48066E+06  2.00000E-03  7.08751E+00
 -7.91646E+00  2.28231E-28  1.48122E+06  2.00000E-03  6.97090E+00
 -7.82289E+00  2.28398E-28  1.48195E+06  2.00000E-03  6.87229E+00
 -7.72931E+00  2.28515E-28  1.48246E+06  2.00000E-03  6.90107E+00
 -7.63573E+00  2.28750E-28  1.48347E+06  2.00000E-03  6.80253E+00
 -7.54215E+00  2.29095E-28  1.48496E+06  2.00000E-03  6.70838E+00
 -7.44857E+00  2.29304E-28  1.48587E+06  2.00000E-03  6.73854E+00
 -7.35499E+00  2.29482E-28  1.48664E+06  2.00000E-03  6.81764E+00
 -7.26141E+00  2.29604E-28  1.48715E+06  1.99999E-03  6.95699E+00
 -7.16783E+00  2.29655E-28  1.48737E+06  1.99998E-03  7.16005E+00
 -7.07425E+00  2.29559E-28  1.48724E+06  1.99988E-03  7.48169E+00
 -6.98067E+00  2.29475E-28  1.48688E+06  1.99963E-03  7.85777E+00
 -6.88709E+00  2.30011E-28  1.48348E+06  1.99790E-03  8.34951E+00
 -6.79351E+00  2.31412E-28  1.47473E+06  1.99395E-03  8.85105E+00
 -6.69993E+00  2.35157E-28  1.45229E+06  1.98370E-03  9.43936E+00
 -6.60635E+00  2.46569E-28  1.38695E+06  1.95285E-03  1.03705E+01
 -6.51277E+00  2.80007E-28  1.22432E+06  1.86572E-03  1.10970E+01
 -6.41919E+00  3.14983E-28  1.09027E+06  1.78994E-03  1.18561E+01
 -6.32561E+00  3.43942E-28  1.00136E+06  1.73724E-03  1.24451E+01
 -6.23203E+00  3.76440E-28  9.17853E+05  1.68494E-03  1.29126E+01
 -6.13845E+00  3.88154E-28  8.93740E+05  1.66677E-03  1.27630E+01
 -6.04487E+00  3.68391E-28  9.46546E+05  1.69692E-03  1.34932E+01
 -5.95129E+00  3.53237E-28  9.92323E+05  1.72294E-03  1.36789E+01
 -5.85771E+00  3.37319E-28  1.04816E+06  1.75152E-03  1.29721E+01
 -5.76413E+00  3.21908E-28  1.10535E+06  1.78105E-03  1.22013E+01
 -5.67055E+00  3.16507E-28  1.13213E+06  1.79367E-03  1.11549E+01
 -5.57697E+00  3.21851E-28  1.11874E+06  1.78372E-03  9.78012E+00
 -5.48339E+00  3.26767E-28  1.10556E+06  1.77158E-03  7.64193E+00
 -5.38981E+00  3.19613E-28  1.13179E+06  1.78379E-03  5.96674E+00
 -5.29623E+00  2.95960E-28  1.22605E+06  1.83558E-03  4.70968E+00
 -5.20265E+00  2.79880E-28  1.29851E+06  1.87257E-03  3.34924E+00
 -5.10907E+00  2.68820E-28  1.35482E+06  1.90013E-03  2.64534E+00
 -5.01549E+00  2.61692E-28  1.39571E+06  1.92130E-03  2.84595E+00
 -4.92191E+00  2.57571E-28  1.42205E+06  1.93525E-03  3.36316E+00
 -4.82833E+00  2.54599E-28  1.44302E+06  1.94704E-03  4.17920E+00
 -4.73475E+00  2.51973E-28  1.46216E+06  1.95897E-03  5.27048E+00
 -4.64117E+00  2.48850E-28  1.48407E+06  1.97220E-03  6.46056E+00
 -4.54759E+00  2.46412E-28  1.50081E+06  1.98285E-03  7.25223E+00
 -4.45401E+00  2.52106E-28  1.46803E+06  1.97375E-03  7.15001E+00
 -4.36043E+00  3.01164E-28  1.22872E+06  1.86558E-03  5.53304E+00
 -4.26685E+00  3.86121E-28  9.57850E+05  1.71974E-03  2.72804E+00
 -4.17327E+00  4.44946E-28  8.30616E+05  1.65760E-03 -9.30944E-02
 -4.07969E+00  5.19195E-28  7.11387E+05  1.60228E-03 -1.86420E+00
 -3.98611E+00  5.15061E-28  7.17590E+05  1.60872E-03 -3.73600E+00
 -3.89253E+00  4.24405E-28  8.71515E+05  1.69191E-03 -5.63283E+00
 -3.79895E+00  3.49447E-28  1.05874E+06  1.79329E-03 -6.33150E+00
 -3.70537E+00  3.15099E-28  1.17384E+06  1.85271E-03 -4.53278E+00
 -3.61179E+00  2.95791E-28  1.24876E+06  1.88455E-03 -1.62297E+00
 -3.51821E+00  2.87673E-28  1.27971E+06  1.89422E-03  2.25878E+00
 -3.42463E+00  2.90743E-28  1.25949E+06  1.88175E-03  5.81007E+00
 -3.33105E+00  2.97959E-28  1.21934E+06  1.86326E-03  9.14958E+00
 -3.23747E+00  3.00849E-28  1.19603E+06  1.85497E-03  1.18778E+01
 -3.14389E+00  2.96268E-28  1.19933E+06  1.85985E-03  1.44145E+01
 -3.05031E+00  2.86417E-28  1.22401E+06  1.87264E-03  1.70081E+01
 -2.95673E+00  2.89176E-28  1.19436E+06  1.85262E-03  1.95417E+01
 -2.86315E+00  3.24667E-28  1.04277E+06  1.76723E-03  2.25019E+01
 -2.76957E+00  3.86949E-28  8.50976E+05  1.66354E-03  2.52816E+01
 -2.67599E+00  4.19346E-28  7.60445E+05  1.62682E-03  2.79720E+01
 -2.58241E+00  4.00233E-28  7.78120E+05  1.64739E-03  2.88935E+01
 -2.48883E+00  5.70734E-28  5.38142E+05  1.55978E-03  2.09897E+01
 -2.39525E+00  1.55113E-27  1.94881E+05  1.38446E-03  8.99747E+00
 -2.30167E+00  1.63931E-27  1.87776E+05  1.37190E-03  5.62989E+00
 -2.20809E+00  1.03582E-27  3.05137E+05  1.42342E-03  5.79099E+00
 -2.11451E+00  8.54886E-28  3.73306E+05  1.44527E-03  4.71513E+00
 -2.02093E+00  8.56808E-28  3.73848E+05  1.43769E-03  5.39368E+00
 -1.92735E+00  6.81017E-28  4.70101E+05  1.48467E-03  7.60035E+00
 -1.83377E+00  3.58812E-28  8.85120E+05  1.69821E-03  1.02180E+01
 -1.74019E+00  2.46127E-28  1.26605E+06  1.91044E-03  9.98179E+00
 -1.64661E+00  3.87028E-28  7.69146E+05  1.68271E-03  5.98071E+00
 -1.55303E+00  1.04240E-27  2.64664E+05  1.43105E-03 -2.50767E+00
 -1.45946E+00  1.34095E-27  2.06883E+05  1.39114E-03 -8.62062E+00
 -1.36588E+00  1.06361E-27  2.87628E+05  1.41723E-03 -1.53320E+01
 -1.27230E+00  1.93583E-27  1.72055E+05  1.36029E-03 -2.24530E+01
 -1.17872E+00  2.56516E-27  1.32456E+05  1.33943E-03 -1.81703E+01
 -1.08514E+00  1.81645E-27  1.88265E+05  1.35064E-03 -1.56624E+01
 -9.91556E-01  9.07140E-28  3.92248E+05  1.44349E-03 -2.75242E+01
 -8.97976E-01  5.49941E-28  6.57772E+05  1.59494E-03 -3.73558E+01
 -8.04396E-01  1.00327E-27  3.67103E+05  1.47217E-03 -3.40271E+01
 -7.10816E-01  7.36681E-27  5.03208E+04  1.23268E-03 -3.93080E+01
 -6.17236E-01  1.46320E-26  2.62050E+04  1.20673E-03 -4.32889E+01
 -5.23656E-01  2.51383E-26  1.64866E+04  1.20170E-03 -4.30488E+01
 -4.30077E-01  2.43838E-26  1.42864E+04  1.20454E-03 -4.08626E+01
 -3.36497E-01  1.34261E-26  1.46653E+04  1.21113E-03 -4.46893E+01
 -2.42917E-01  9.66376E-27  1.42974E+04  1.20901E-03 -4.98304E+01
 -1.49337E-01  9.42889E-27  1.38904E+04  1.21188E-03 -4.95805E+01
 -5.57572E-02  9.76836E-27  1.38646E+04  1.21470E-03 -4.66583E+01
  3.78226E-02  9.54522E-27  1.47449E+04  1.22042E-03 -4.42676E+01
  1.31402E-01  8.72287E-27  2.04316E+04  1.23979E-03 -4.58564E+01
  2.24982E-01  6.83661E-27  3.28327E+04  1.25230E-03 -4.80527E+01
  3.18562E-01  1.34261E-26  2.04333E+04  1.20950E-03 -5.01971E+01
  4.12142E-01  2.68262E-26  1.38798E+04  1.18671E-03 -4.95369E+01
  5.05722E-01  2.90570E-26  1.33958E+04  1.17743E-03 -4.68625E+01
  5.99302E-01  2.76055E-26  1.35443E+04  1.17280E-03 -4.44618E+01
  6.92882E-01  3.10471E-26  1.36494E+04  1.17379E-03 -4.56910E+01
  7.86461E-01  3.49897E-26  1.36443E+04  1.18273E-03 -5.03419E+01
  8.80041E-01  2.85771E-26  1.37120E+04  1.18556E-03 -5.42865E+01
  9.73621E-01  1.81732E-26  1.36744E+04  1.19237E-03 -5.64624E+01
  1.06720E+00  1.31848E-26  1.34227E+04  1.21460E-03 -5.48636E+01
  1.16078E+00  1.20874E-26  1.34408E+04  1.21838E-03 -5.28999E+01
  1.25436E+00  1.34826E-26  1.34400E+04  1.22066E-03 -5.08078E+01
  1.34794E+00  1.49358E-26  1.33245E+04  1.22199E-03 -4.60582E+01
  1.44152E+00  1.40826E-26  1.30148E+04  1.22555E-03 -4.10091E+01
  1.53510E+00  1.31705E-26  1.39613E+04  1.23319E-03 -3.94082E+01
  1.62868E+00  2.01131E-26  1.45341E+04  1.23275E-03 -4.63604E+01
  1.72226E+00  2.19009E-26  1.64080E+04  1.23556E-03 -5.06906E+01
  1.81584E+00  6.08714E-27  5.92795E+04  1.32487E-03 -5.36992E+01
  1.90942E+00  2.15228E-27  1.64671E+05  1.43792E-03 -5.78127E+01
  2.00300E+00  2.18255E-27  1.53911E+05  1.43707E-03 -5.95245E+01
  2.09658E+00  1.90524E-27  1.69921E+05  1.43876E-03 -6.11920E+01
  2.19016E+00  1.70352E-27  1.85689E+05  1.44146E-03 -6.41602E+01
  2.28374E+00  1.77420E-27  1.73762E+05  1.43805E-03 -6.58184E+01
  2.37732E+00  2.00986E-27  1.51700E+05  1.43097E-03 -6.53802E+01
  2.47090E+00  2.05865E-27  1.50063E+05  1.43133E-03 -6.23959E+01
  2.56448E+00  1.73077E-27  1.84111E+05  1.44556E-03 -6.00410E+01
  2.65806E+00  1.31327E-27  2.50557E+05  1.46988E-03 -6.01081E+01
  2.75164E+00  1.04293E-27  3.22611E+05  1.49114E-03 -5.96506E+01
  2.84522E+00  1.35162E-27  2.51461E+05  1.47105E-03 -5.80151E+01
  2.93880E+00  3.72451E-27  9.01780E+04  1.44209E-03 -6.19667E+01
  3.03238E+00  5.57093E-27  5.87849E+04  1.44567E-03 -6.80881E+01
  3.12596E+00  3.89692E-27  8.42910E+04  1.46268E-03 -7.06525E+01
  3.21954E+00  2.03745E-27  1.67825E+05  1.49218E-03 -7.31077E+01
  3.31312E+00  9.08516E-28  3.83124E+05  1.54521E-03 -7.07409E+01
  3.40670E+00  5.74104E-28  5.98803E+05  1.58163E-03 -6.48566E+01
  3.50028E+00  5.51797E-28  6.17349E+05  1.58229E-03 -6.18004E+01
  3.59386E+00  7.61487E-28  4.50753E+05  1.52708E-03 -6.01427E+01
  3.68744E+00  1.05753E-27  3.29205E+05  1.48873E-03 -6.16129E+01
  3.78102E+00  7.32570E-28  4.77794E+05  1.52110E-03 -6.43140E+01
  3.87460E+00  5.09777E-28  6.82239E+05  1.56530E-03 -6.59873E+01
  3.96818E+00  5.22741E-28  6.60855E+05  1.56086E-03 -6.58868E+01
  4.06176E+00  5.46122E-28  6.26951E+05  1.55639E-03 -6.51478E+01
  4.15534E+00  5.62504E-28  6.03131E+05  1.55546E-03 -6.33272E+01
  4.24892E+00  5.48283E-28  6.11837E+05  1.56647E-03 -5.99265E+01
  4.34250E+00  5.08736E-28  6.51370E+05  1.58525E-03 -5.62823E+01
  4.43608E+00  4.91951E-28  6.68039E+05  1.59081E-03 -5.41020E+01
  4.52966E+00  4.95928E-28  6.58954E+05  1.58376E-03 -5.49881E+01
  4.62324E+00  4.87340E-28  6.69592E+05  1.57939E-03 -5.83935E+01
  4.71682E+00  4.51271E-28  7.22055E+05  1.60940E-03 -6.32812E+01
  4.81040E+00  4.49041E-28  7.26717E+05  1.63255E-03 -6.46042E+01
  4.90398E+00  4.97964E-28  6.61677E+05  1.61869E-03 -6.05957E+01
  4.99755E+00  5.44251E-28  6.15449E+05  1.59098E-03 -5.47871E+01
  5.09113E+00  5.94318E-28  5.74436E+05  1.56375E-03 -4.85269E+01
  5.18471E+00  6.66232E-28  5.21195E+05  1.54229E-03 -4.42577E+01
  5.27829E+00  7.20158E-28  4.86877E+05  1.52356E-03 -4.19046E+01
  5.37187E+00  7.53641E-28  4.67351E+05  1.49703E-03 -4.03928E+01
  5.46545E+00  7.58864E-28  4.63020E+05  1.48378E-03 -3.91023E+01
  5.55903E+00  8.02981E-28  4.35465E+05  1.47650E-03 -3.85004E+01
  5.65261E+00  9.10627E-28  3.81774E+05  1.47393E-03 -4.07988E+01
  5.74619E+00  9.01786E-28  3.87538E+05  1.48531E-03 -4.27570E+01
  5.83977E+00  8.26464E-28  4.31951E+05  1.50088E-03 -4.47703E+01
  5.93335E+00  7.75696E-28  4.69548E+05  1.51763E-03 -4.88727E+01
  6.02693E+00  6.38828E-28  5.79903E+05  1.53323E-03 -4.64983E+01
  6.12051E+00  6.17501E-28  6.06839E+05  1.54993E-03 -4.74522E+01
  6.21409E+00  4.31653E-28  8.75716E+05  1.69246E-03 -5.61410E+01
  6.30767E+00  2.90925E-28  1.30243E+06  1.90269E-03 -6.18982E+01
  6.40125E+00  2.51998E-28  1.50473E+06  1.97893E-03 -6.46911E+01
  6.49483E+00  2.48283E-28  1.52665E+06  1.98002E-03 -6.71346E+01
  6.58841E+00  2.52069E-28  1.50213E+06  1.95930E-03 -7.03275E+01
  6.68199E+00  2.57614E-28  1.46729E+06  1.93096E-03 -7.09743E+01
  6.77557E+00  2.90299E-28  1.29990E+06  1.84019E-03 -6.91756E+01
  6.86915E+00  3.22272E-28  1.16971E+06  1.78292E-03 -6.74120E+01
  6.96273E+00  4.09919E-28  9.19210E+05  1.68768E-03 -6.33432E+01
  7.05631E+00  5.27726E-28  7.12395E+05  1.61680E-03 -6.00065E+01
  7.14989E+00  7.66815E-28  4.89686E+05  1.54364E-03 -5.59958E+01
  7.24347E+00  1.04697E-27  3.58475E+05  1.50403E-03 -5.30452E+01
  7.33705E+00  1.45729E-27  2.58220E+05  1.47434E-03 -4.89313E+01
  7.43063E+00  1.88917E-27  1.99125E+05  1.46014E-03 -4.75287E+01
  7.52421E+00  2.11026E-27  1.78665E+05  1.45603E-03 -4.55044E+01
  7.61779E+00  1.84562E-27  2.04298E+05  1.46189E-03 -4.28451E+01
  7.71137E+00  1.51942E-27  2.45493E+05  1.47003E-03 -3.99137E+01
  7.80495E+00  1.09305E-27  3.39479E+05  1.48233E-03 -3.65111E+01
  7.89853E+00  9.64736E-28  3.83060E+05  1.48396E-03 -3.36696E+01
  7.99211E+00  7.80666E-28  4.72873E+05  1.48321E-03 -3.04089E+01
  8.08569E+00  1.18857E-27  3.09418E+05  1.44863E-03 -2.94985E+01
  8.17927E+00  2.31025E-27  1.55453E+05  1.43195E-03 -2.85489E+01
  8.27285E+00  3.89229E-27  8.89142E+04  1.43362E-03 -3.20871E+01
  8.36643E+00  4.33148E-27  7.94892E+04  1.44600E-03 -3.44955E+01
  8.46001E+00  4.28506E-27  8.18511E+04  1.46313E-03 -3.63105E+01
  8.55359E+00  8.59500E-28  4.18964E+05  1.60414E-03 -3.00638E+01
  8.64717E+00  3.67827E-28  9.78292E+05  1.85171E-03 -2.93165E+01
  8.74075E+00  2.76098E-28  1.30105E+06  1.93234E-03 -3.21043E+01
  8.83433E+00  2.56434E-28  1.39705E+06  1.93372E-03 -3.48780E+01
  8.92791E+00  2.59124E-28  1.38350E+06  1.93265E-03 -3.63361E+01
  9.02149E+00  2.51290E-28  1.42626E+06  1.95671E-03 -3.61597E+01
  9.11507E+00  2.46916E-28  1.45117E+06  1.96790E-03 -3.59347E+01
  9.20865E+00  2.44486E-28  1.46508E+06  1.97502E-03 -3.55433E+01
  9.30223E+00  2.43468E-28  1.47034E+06  1.97772E-03 -3.52708E+01
  9.39581E+00  2.40531E-28  1.48658E+06  1.98584E-03 -3.46800E+01
  9.48939E+00  2.38542E-28  1.49763E+06  1.99145E-03 -3.41659E+01
  9.58297E+00  2.37798E-28  1.50069E+06  1.99320E-03 -3.34586E+01
  9.67655E+00  2.37018E-28  1.50395E+06  1.99506E-03 -3.30535E+01
  9.77013E+00  2.35919E-28  1.50834E+06  1.99746E-03 -3.25171E+01
  9.86371E+00  2.35465E-28  1.50936E+06  1.99820E-03 -3.20238E+01
  9.95729E+00  2.34977E-28  1.51038E+06  1.99871E-03 -3.15903E+01
  1.00509E+01  2.34553E-28  1.51111E+06  1.99916E-03 -3.13243E+01
  1.01444E+01  2.34167E-28  1.51112E+06  1.99937E-03 -3.10805E+01
  1.02380E+01  2.33979E-28  1.51040E+06  1.99930E-03 -3.09023E+01
  1.03316E+01  2.33785E-28  1.50927E+06  1.99903E-03 -3.08080E+01
  1.04252E+01  2.33674E-28  1.50806E+06  1.99875E-03 -3.07618E+01
  1.05188E+01  2.33571E-28  1.50707E+06  1.99852E-03 -3.07291E+01
  1.06123E+01  2.33520E-28  1.50568E+06  1.99817E-03 -3.07013E+01
  1.07059E+01  2.33536E-28  1.50372E+06  1.99759E-03 -3.06273E+01
  1.07995E+01  2.33641E-28  1.50162E+06  1.99684E-03 -3.05760E+01
  1.08931E+01  2.34039E-28  1.49753E+06  1.99531E-03 -3.04000E+01
  1.09867E+01  2.34545E-28  1.49289E+06  1.99355E-03 -3.01259E+01
  1.10802E+01  2.34946E-28  1.48890E+06  1.99204E-03 -2.98037E+01
  1.11738E+01  2.36417E-28  1.47802E+06  1.98719E-03 -2.93804E+01
  1.12674E+01  2.39985E-28  1.45433E+06  1.97625E-03 -2.87905E+01
  1.13610E+01  2.42138E-28  1.44124E+06  1.97009E-03 -2.87097E+01
  1.14546E+01  2.50729E-28  1.39006E+06  1.94569E-03 -2.81693E+01
  1.15481E+01  2.58618E-28  1.34606E+06  1.92456E-03 -2.78470E+01
  1.16417E+01  2.60551E-28  1.33423E+06  1.91830E-03 -2.73369E+01
  1.17353E+01  2.71411E-28  1.27939E+06  1.89092E-03 -2.71811E+01
  1.18289E+01  2.77935E-28  1.24796E+06  1.86875E-03 -2.61959E+01
  1.19225E+01  2.90934E-28  1.19020E+06  1.83591E-03 -2.53715E+01
  1.20160E+01  2.97686E-28  1.16109E+06  1.82087E-03 -2.50369E+01
  1.21096E+01  3.07567E-28  1.12342E+06  1.79611E-03 -2.42722E+01
  1.22032E+01  3.20601E-28  1.07619E+06  1.77382E-03 -2.42273E+01
  1.22968E+01  3.21338E-28  1.07274E+06  1.77279E-03 -2.42793E+01
  1.23904E+01  3.28793E-28  1.04604E+06  1.76342E-03 -2.47334E+01
  1.24839E+01  3.30618E-28  1.04000E+06  1.76193E-03 -2.48922E+01
  1.25775E+01  3.29060E-28  1.04415E+06  1.77002E-03 -2.54683E+01
  1.26711E+01  3.25037E-28  1.05416E+06  1.77769E-03 -2.57922E+01
  1.27647E+01  3.20869E-28  1.06679E+06  1.78591E-03 -2.57977E+01
  1.28583E+01  3.23072E-28  1.05711E+06  1.78421E-03 -2.53451E+01
  1.29518E+01  3.22505E-28  1.05816E+06  1.78499E-03 -2.49520E+01
  1.30454E+01  3.20504E-28  1.06274E+06  1.78745E-03 -2.33022E+01
  1.31390E+01  3.21369E-28  1.05766E+06  1.78339E-03 -2.11757E+01
  1.32326E+01  3.19864E-28  1.06219E+06  1.78481E-03 -2.06733E+01
  1.33262E+01  3.19111E-28  1.06195E+06  1.78355E-03 -1.86693E+01
  1.34197E+01  3.12547E-28  1.08195E+06  1.79292E-03 -1.64102E+01
  1.35133E+01  3.09242E-28  1.09102E+06  1.79866E-03 -1.46349E+01
  1.36069E+01  3.11357E-28  1.08253E+06  1.79422E-03 -1.42325E+01
  1.37005E+01  3.07326E-28  1.09586E+06  1.80110E-03 -1.37074E+01
  1.37941E+01  2.94253E-28  1.14127E+06  1.82628E-03 -1.25054E+01
  1.38876E+01  2.85607E-28  1.17428E+06  1.84581E-03 -1.18654E+01
  1.39812E+01  2.80639E-28  1.19390E+06  1.85575E-03 -1.25122E+01
  1.40748E+01  2.73305E-28  1.22492E+06  1.87320E-03 -1.29447E+01
  1.41684E+01  2.66077E-28  1.25630E+06  1.88819E-03 -1.26290E+01
  1.42620E+01  2.66504E-28  1.25342E+06  1.88102E-03 -1.30138E+01
  1.43555E+01  2.68789E-28  1.24263E+06  1.87477E-03 -1.31541E+01
  1.44491E+01  2.90919E-28  1.14807E+06  1.82905E-03 -1.48239E+01
  1.45427E+01  3.02552E-28  1.10306E+06  1.80927E-03 -1.53681E+01
  1.46363E+01  3.30086E-28  1.01036E+06  1.76548E-03 -1.59471E+01
  1.47299E+01  3.58891E-28  9.29160E+05  1.72529E-03 -1.74054E+01
  1.48234E+01  3.62392E-28  9.19749E+05  1.72092E-03 -1.77044E+01
  1.49170E+01  3.72908E-28  8.93356E+05  1.70865E-03 -1.86916E+01
  1.50106E+01  3.89535E-28  8.54305E+05  1.69120E-03 -1.85672E+01
  1.51042E+01  3.80818E-28  8.73819E+05  1.70127E-03 -1.91997E+01
  1.51978E+01  3.40019E-28  9.78637E+05  1.75147E-03 -2.07858E+01
  1.52913E+01  3.58302E-28  9.27887E+05  1.73354E-03 -2.02706E+01
  1.53849E+01  3.27786E-28  1.01449E+06  1.77477E-03 -2.10608E+01
  1.54785E+01  3.12289E-28  1.06473E+06  1.79734E-03 -2.15558E+01
  1.55721E+01  2.93996E-28  1.13163E+06  1.83295E-03 -2.16088E+01
  1.56657E+01  2.87731E-28  1.15643E+06  1.84892E-03 -2.07544E+01
  1.57592E+01  2.73711E-28  1.21548E+06  1.87795E-03 -2.06278E+01
  1.58528E+01  2.46459E-28  1.35076E+06  1.94046E-03 -2.07527E+01
  1.59464E+01  2.44419E-28  1.36197E+06  1.94587E-03 -2.07989E+01
  1.60400E+01  2.35654E-28  1.41268E+06  1.96950E-03 -2.07983E+01
  1.61336E+01  2.31436E-28  1.43837E+06  1.98103E-03 -2.04157E+01
  1.62271E+01  2.30699E-28  1.44331E+06  1.98374E-03 -2.06556E+01
  1.63207E+01  2.29572E-28  1.45095E+06  1.98792E-03 -2.10741E+01
  1.64143E+01  2.29399E-28  1.45146E+06  1.98853E-03 -2.11021E+01
  1.65079E+01  2.30256E-28  1.44584E+06  1.98649E-03 -2.10718E+01
  1.66015E+01  2.30542E-28  1.44377E+06  1.98589E-03 -2.11939E+01
  1.66950E+01  2.31935E-28  1.43497E+06  1.98219E-03 -2.15117E+01
  1.67886E+01  2.33450E-28  1.42479E+06  1.97810E-03 -2.17311E+01
  1.68822E+01  2.33487E-28  1.42408E+06  1.97788E-03 -2.16527E+01
  1.69758E+01  2.40033E-28  1.38474E+06  1.96087E-03 -2.25329E+01
  1.70694E+01  2.39505E-28  1.38713E+06  1.96192E-03 -2.24749E+01
  1.71629E+01  2.36663E-28  1.40226E+06  1.96876E-03 -2.20562E+01
  1.72565E+01  2.31659E-28  1.43020E+06  1.98170E-03 -2.12453E+01
  1.73501E+01  2.30461E-28  1.43590E+06  1.98482E-03 -2.10132E+01
  1.74437E+01  2.33154E-28  1.41664E+06  1.97740E-03 -2.12920E+01
  1.75373E+01  2.33450E-28  1.41458E+06  1.97660E-03 -2.13215E+01
  1.76308E+01  2.33450E-28  1.41458E+06  1.97660E-03 -2.13215E+01
  1.77244E+01  2.33450E-28  1.41458E+06  1.97660E-03 -2.13215E+01
  1.78180E+01  2.34182E-28  1.40951E+06  1.97456E-03 -2.12561E+01
  1.79116E+01  2.31978E-28  1.41731E+06  1.97897E-03 -2.02918E+01
  1.80052E+01  2.28406E-28  1.43756E+06  1.98802E-03 -1.98058E+01
  1.80987E+01  2.26400E-28  1.44924E+06  1.99323E-03 -1.95311E+01
  1.81923E+01  2.26401E-28  1.44924E+06  1.99323E-03 -1.95311E+01
  1.82859E+01  2.26412E-28  1.44807E+06  1.99302E-03 -1.93434E+01
  1.83795E+01  2.26146E-28  1.44720E+06  1.99330E-03 -1.85778E+01
  1.84731E+01  2.26002E-28  1.44808E+06  1.99368E-03 -1.84103E+01
  1.85666E+01  2.25828E-28  1.44893E+06  1.99406E-03 -1.82810E+01
  1.86602E+01  2.24370E-28  1.45535E+06  1.99711E-03 -1.72566E+01
  1.87538E+01  2.23732E-28  1.45644E+06  1.99813E-03 -1.66018E+01
  1.88474E+01  2.22843E-28  1.45785E+06  1.99944E-03 -1.59583E+01
  1.89410E+01  2.22843E-28  1.45785E+06  1.99944E-03 -1.59583E+01
  1.90345E+01  2.22843E-28  1.45785E+06  1.99944E-03 -1.59583E+01
  1.91281E+01  2.22843E-28  1.45785E+06  1.99944E-03 -1.59583E+01
  1.92217E+01  2.22645E-28  1.45712E+06  1.99955E-03 -1.55981E+01
  1.93153E+01  2.22503E-28  1.45659E+06  1.99964E-03 -1.53396E+01
  1.94089E+01  2.22310E-28  1.45557E+06  1.99973E-03 -1.51281E+01
  1.95024E+01  2.22054E-28  1.45420E+06  1.99984E-03 -1.48458E+01
  1.95960E+01  2.21788E-28  1.45277E+06  1.99996E-03 -1.45414E+01
  1.96896E+01  2.21635E-28  1.45192E+06  1.99998E-03 -1.41981E+01
  1.97832E+01  2.21578E-28  1.45162E+06  1.99999E-03 -1.40629E+01
  1.98768E+01  2.21567E-28  1.45158E+06  1.99999E-03 -1.40288E+01
  1.99703E+01  2.21555E-28  1.45154E+06  1.99999E-03 -1.39887E+01
  2.00639E+01  2.21541E-28  1.45149E+06  2.00000E-03 -1.39414E+01
  2.01575E+01  2.21264E-28  1.45034E+06  2.00000E-03 -1.35376E+01
  2.02511E+01  2.20976E-28  1.44910E+06  2.00000E-03 -1.33777E+01
  2.03447E+01  2.20743E-28  1.44810E+06  2.00000E-03 -1.32966E+01
  2.04382E+01  2.20737E-28  1.44807E+06  2.00000E-03 -1.32944E+01
  2.05318E+01  2.20745E-28  1.44810E+06  2.00000E-03 -1.32621E+01
  2.06254E+01  2.20828E-28  1.44847E+06  2.00000E-03 -1.29463E+01
  2.07190E+01  2.20846E-28  1.44855E+06  2.00000E-03 -1.28759E+01
  2.08125E+01  2.20846E-28  1.44855E+06  2.00000E-03 -1.28759E+01
  2.09061E+01  2.20657E-28  1.44773E+06  2.00000E-03 -1.28001E+01
  2.09997E+01  2.20354E-28  1.44640E+06  2.00000E-03 -1.26943E+01
  2.10933E+01  2.20420E-28  1.44671E+06  2.00000E-03 -1.23435E+01
  2.11869E+01  2.20426E-28  1.44674E+06  2.00000E-03 -1.23278E+01
  2.12804E+01  2.20369E-28  1.44649E+06  2.00000E-03 -1.23930E+01
  2.13740E+01  2.20356E-28  1.44644E+06  2.00000E-03 -1.24081E+01
  2.14676E+01  2.20420E-28  1.44672E+06  2.00000E-03 -1.23206E+01
  2.15612E+01  2.20571E-28  1.44739E+06  2.00000E-03 -1.21146E+01
  2.16548E+01  2.20478E-28  1.44699E+06  2.00000E-03 -1.19978E+01
  2.17483E+01  2.20354E-28  1.44645E+06  2.00000E-03 -1.19212E+01
  2.18419E+01  2.20160E-28  1.44560E+06  2.00000E-03 -1.18010E+01
  2.19355E+01  2.20207E-28  1.44580E+06  2.00000E-03 -1.17046E+01
  2.20291E+01  2.20320E-28  1.44629E+06  2.00000E-03 -1.15376E+01
  2.21227E+01  2.20320E-28  1.44629E+06  2.00000E-03 -1.15376E+01
  2.22162E+01  2.20320E-28  1.44629E+06  2.00000E-03 -1.15376E+01
  2.23098E+01  2.20308E-28  1.44623E+06  2.00000E-03 -1.15483E+01
  2.24034E+01  2.20239E-28  1.44591E+06  2.00000E-03 -1.14780E+01
  2.24970E+01  2.20045E-28  1.44505E+06  2.00000E-03 -1.13570E+01
  2.25906E+01  2.19936E-28  1.44457E+06  2.00000E-03 -1.13495E+01
  2.26841E+01  2.19872E-28  1.44429E+06  2.00000E-03 -1.13571E+01
  2.27777E+01  2.19872E-28  1.44429E+06  2.00000E-03 -1.13571E+01
  2.28713E+01  2.19788E-28  1.44390E+06  2.00000E-03 -1.13700E+01
  2.29649E+01  2.19719E-28  1.44358E+06  2.00000E-03 -1.13805E+01
  2.30585E+01  2.19719E-28  1.44358E+06  2.00000E-03 -1.13805E+01
  2.31520E+01  2.19593E-28  1.44302E+06  2.00000E-03 -1.13353E+01
  2.32456E+01  2.19287E-28  1.44168E+06  2.00000E-03 -1.12252E+01
  2.33392E+01  2.19040E-28  1.44059E+06  2.00000E-03 -1.11359E+01
  2.34328E+01  2.19040E-28  1.44059E+06  2.00000E-03 -1.11359E+01
  2.35264E+01  2.19040E-28  1.44059E+06  2.00000E-03 -1.11359E+01
  2.36199E+01  2.19035E-28  1.44057E+06  2.00000E-03 -1.11446E+01
  2.37135E+01  2.19002E-28  1.44042E+06  2.00000E-03 -1.11531E+01
  2.38071E+01  2.18769E-28  1.43937E+06  2.00000E-03 -1.11373E+01
  2.39007E+01  2.18661E-28  1.43887E+06  2.00000E-03 -1.11291E+01
  2.39943E+01  2.18661E-28  1.43887E+06  2.00000E-03 -1.11305E+01
  2.40878E+01  2.18661E-28  1.43887E+06  2.00000E-03 -1.11305E+01
  2.41814E+01  2.18661E-28  1.43887E+06  2.00000E-03 -1.11305E+01
  2.42750E+01  2.18661E-28  1.43887E+06  2.00000E-03 -1.11305E+01
  2.43686E+01  2.18661E-28  1.43887E+06  2.00000E-03 -1.11305E+01
  2.44622E+01  2.18661E-28  1.43887E+06  2.00000E-03 -1.11305E+01
  2.45557E+01  2.18661E-28  1.43887E+06  2.00000E-03 -1.11305E+01
  2.46493E+01  2.18530E-28  1.43830E+06  2.00000E-03 -1.10671E+01
  2.47429E+01  2.18339E-28  1.43747E+06  2.00000E-03 -1.08434E+01
  2.48365E+01  2.18169E-28  1.43672E+06  2.00000E-03 -1.07092E+01
  2.49301E+01  2.18169E-28  1.43672E+06  2.00000E-03 -1.07092E+01
  2.50236E+01  2.18169E-28  1.43672E+06  2.00000E-03 -1.07092E+01
  2.51172E+01  2.18169E-28  1.43672E+06  2.00000E-03 -1.07092E+01
  2.52108E+01  2.18169E-28  1.43672E+06  2.00000E-03 -1.07092E+01
  2.53044E+01  2.18169E-28  1.43672E+06  2.00000E-03 -1.07092E+01
  2.53980E+01  2.18169E-28  1.43672E+06  2.00000E-03 -1.07092E+01
  2.54915E+01  2.18169E-28  1.43672E+06  2.00000E-03 -1.07092E+01
  2.55851E+01  2.18264E-28  1.43713E+06  2.00000E-03 -1.05581E+01
  2.56787E+01  2.18449E-28  1.43794E+06  2.00000E-03 -1.02626E+01
  2.57723E+01  2.18449E-28  1.43794E+06  2.00000E-03 -1.02626E+01
  2.58659E+01  2.18449E-28  1.43794E+06  2.00000E-03 -1.02626E+01
  2.59594E+01  2.18449E-28  1.43794E+06  2.00000E-03 -1.02626E+01
  2.60530E+01  2.18449E-28  1.43794E+06  2.00000E-03 -1.02626E+01
  2.61466E+01  2.18449E-28  1.43794E+06  2.00000E-03 -1.02626E+01
  2.62402E+01  2.18397E-28  1.43771E+06  2.00000E-03 -1.01149E+01
  2.63338E+01  2.18350E-28  1.43750E+06  2.00000E-03 -9.98739E+00
  2.64273E+01  2.18329E-28  1.43741E+06  2.00000E-03 -9.94628E+00
  2.65209E+01  2.18626E-28  1.43870E+06  2.00000E-03 -9.59859E+00
  2.66145E+01  2.18733E-28  1.43917E+06  2.00000E-03 -9.42827E+00
  2.67081E+01  2.18728E-28  1.43915E+06  2.00000E-03 -9.43002E+00
  2.68017E+01  2.18728E-28  1.43915E+06  2.00000E-03 -9.43003E+00
  2.68952E+01  2.18728E-28  1.43915E+06  2.00000E-03 -9.43002E+00
  2.69888E+01  2.18728E-28  1.43915E+06  2.00000E-03 -9.43002E+00
  2.70824E+01  2.18728E-28  1.43915E+06  2.00000E-03 -9.43002E+00
  2.71760E+01  2.18728E-28  1.43915E+06  2.00000E-03 -9.43002E+00
  2.72696E+01  2.18728E-28  1.43915E+06  2.00000E-03 -9.43002E+00
  2.73631E+01  2.18750E-28  1.43924E+06  2.00000E-03 -9.40349E+00
  2.74567E+01  2.19052E-28  1.44056E+06  2.00000E-03 -9.04149E+00
  2.75503E+01  2.19138E-28  1.44093E+06  2.00000E-03 -8.93932E+00
  2.76439E+01  2.19137E-28  1.44093E+06  2.00000E-03 -8.93427E+00
  2.77375E+01  2.19120E-28  1.44085E+06  2.00000E-03 -8.80953E+00
  2.78310E+01  2.19111E-28  1.44081E+06  2.00000E-03 -8.74393E+00
  2.79246E+01  2.19106E-28  1.44079E+06  2.00000E-03 -8.70094E+00
  2.80182E+01  2.19106E-28  1.44079E+06  2.00000E-03 -8.70094E+00
  2.81118E+01  2.19106E-28  1.44079E+06  2.00000E-03 -8.70094E+00
  2.82054E+01  2.19106E-28  1.44079E+06  2.00000E-03 -8.70094E+00
  2.82989E+01  2.19165E-28  1.44105E+06  2.00000E-03 -8.62087E+00
  2.83925E+01  2.19325E-28  1.44174E+06  2.00000E-03 -8.40508E+00
  2.84861E+01  2.19357E-28  1.44188E+06  2.00000E-03 -8.36208E+00
  2.85797E+01  2.19357E-28  1.44188E+06  2.00000E-03 -8.36208E+00
  2.86733E+01  2.19357E-28  1.44188E+06  2.00000E-03 -8.36208E+00
  2.87668E+01  2.19357E-28  1.44188E+06  2.00000E-03 -8.36208E+00
  2.88604E+01  2.19357E-28  1.44188E+06  2.00000E-03 -8.36208E+00
  2.89540E+01  2.19306E-28  1.44166E+06  2.00000E-03 -8.37810E+00
  2.90476E+01  2.19258E-28  1.44145E+06  2.00000E-03 -8.39281E+00
  2.91412E+01  2.19217E-28  1.44127E+06  2.00000E-03 -8.40554E+00
  2.92347E+01  2.19169E-28  1.44105E+06  2.00000E-03 -8.30110E+00
