 -2.90655E+01  2.17625E-28  1.43417E+06  2.00000E-03  8.10773E-01
 -2.89719E+01  2.17625E-28  1.43417E+06  2.00000E-03  8.10773E-01
 -2.88784E+01  2.17581E-28  1.43397E+06  2.00000E-03  8.48114E-01
 -2.87848E+01  2.17518E-28  1.43370E+06  2.00000E-03  9.00973E-01
 -2.86912E+01  2.17474E-28  1.43350E+06  2.00000E-03  9.38476E-01
 -2.85976E+01  2.17394E-28  1.43315E+06  2.00000E-03  1.00593E+00
 -2.85040E+01  2.17331E-28  1.43287E+06  2.00000E-03  1.05965E+00
 -2.84105E+01  2.17331E-28  1.43287E+06  2.00000E-03  1.05965E+00
 -2.83169E+01  2.17294E-28  1.43271E+06  2.00000E-03  1.08907E+00
 -2.82233E+01  2.16892E-28  1.43095E+06  2.00000E-03  1.41759E+00
 -2.81297E+01  2.16757E-28  1.43035E+06  2.00000E-03  1.54000E+00
 -2.80361E+01  2.16741E-28  1.43028E+06  2.00000E-03  1.57499E+00
 -2.79426E+01  2.16735E-28  1.43025E+06  2.00000E-03  1.58742E+00
 -2.78490E+01  2.16735E-28  1.43025E+06  2.00000E-03  1.58742E+00
 -2.77554E+01  2.16735E-28  1.43025E+06  2.00000E-03  1.58742E+00
 -2.76618E+01  2.16735E-28  1.43025E+06  2.00000E-03  1.58742E+00
 -2.75682E+01  2.16735E-28  1.43025E+06  2.00000E-03  1.58742E+00
 -2.74747E+01  2.16735E-28  1.43025E+06  2.00000E-03  1.58742E+00
 -2.73811E+01  2.16711E-28  1.43015E+06  2.00000E-03  1.60717E+00
 -2.72875E+01  2.16571E-28  1.42954E+06  2.00000E-03  1.72479E+00
 -2.71939E+01  2.16546E-28  1.42942E+06  2.00000E-03  1.74605E+00
 -2.71003E+01  2.16546E-28  1.42942E+06  2.00000E-03  1.74605E+00
 -2.70068E+01  2.16546E-28  1.42942E+06  2.00000E-03  1.74605E+00
 -2.69132E+01  2.16546E-28  1.42942E+06  2.00000E-03  1.74605E+00
 -2.68196E+01  2.16546E-28  1.42942E+06  2.00000E-03  1.74605E+00
 -2.67260E+01  2.16563E-28  1.42950E+06  2.00000E-03  1.73402E+00
 -2.66324E+01  2.16700E-28  1.43010E+06  2.00000E-03  1.63955E+00
 -2.65389E+01  2.16934E-28  1.43113E+06  2.00000E-03  1.47784E+00
 -2.64453E+01  2.17023E-28  1.43153E+06  2.00000E-03  1.39992E+00
 -2.63517E+01  2.17148E-28  1.43208E+06  2.00000E-03  1.28224E+00
 -2.62581E+01  2.17182E-28  1.43222E+06  2.00000E-03  1.25397E+00
 -2.61645E+01  2.17223E-28  1.43241E+06  2.00000E-03  1.22231E+00
 -2.60710E+01  2.17254E-28  1.43254E+06  2.00000E-03  1.19870E+00
 -2.59774E+01  2.17278E-28  1.43265E+06  2.00000E-03  1.18059E+00
 -2.58838E+01  2.17317E-28  1.43282E+06  2.00000E-03  1.15023E+00
 -2.57902E+01  2.17317E-28  1.43282E+06  2.00000E-03  1.15023E+00
 -2.56966E+01  2.17317E-28  1.43282E+06  2.00000E-03  1.15023E+00
 -2.56031E+01  2.17317E-28  1.43282E+06  2.00000E-03  1.15023E+00
 -2.55095E+01  2.17444E-28  1.43338E+06  2.00000E-03  1.04802E+00
 -2.54159E+01  2.17585E-28  1.43401E+06  2.00000E-03  9.34666E-01
 -2.53223E+01  2.17585E-28  1.43401E+06  2.00000E-03  9.34666E-01
 -2.52287E+01  2.17585E-28  1.43401E+06  2.00000E-03  9.34666E-01
 -2.51352E+01  2.17439E-28  1.43336E+06  2.00000E-03  1.03588E+00
 -2.50416E+01  2.17241E-28  1.43249E+06  2.00000E-03  1.17254E+00
 -2.49480E+01  2.17074E-28  1.43176E+06  2.00000E-03  1.28768E+00
 -2.48544E+01  2.17068E-28  1.43173E+06  2.00000E-03  1.29176E+00
 -2.47608E+01  2.17068E-28  1.43173E+06  2.00000E-03  1.29176E+00
 -2.46673E+01  2.17068E-28  1.43173E+06  2.00000E-03  1.29176E+00
 -2.45737E+01  2.16825E-28  1.43067E+06  2.00000E-03  1.48774E+00
 -2.44801E+01  2.16713E-28  1.43018E+06  2.00000E-03  1.57880E+00
 -2.43865E+01  2.16713E-28  1.43018E+06  2.00000E-03  1.57880E+00
 -2.42929E+01  2.16713E-28  1.43018E+06  2.00000E-03  1.57880E+00
 -2.41994E+01  2.16713E-28  1.43018E+06  2.00000E-03  1.57880E+00
 -2.41058E+01  2.16713E-28  1.43018E+06  2.00000E-03  1.57880E+00
 -2.40122E+01  2.16713E-28  1.43018E+06  2.00000E-03  1.57880E+00
 -2.39186E+01  2.16713E-28  1.43018E+06  2.00000E-03  1.57880E+00
 -2.38250E+01  2.16713E-28  1.43018E+06  2.00000E-03  1.57880E+00
 -2.37315E+01  2.16666E-28  1.42998E+06  2.00000E-03  1.61851E+00
 -2.36379E+01  2.16125E-28  1.42762E+06  2.00000E-03  2.08351E+00
 -2.35443E+01  2.15831E-28  1.42632E+06  2.00000E-03  2.36440E+00
 -2.34507E+01  2.15640E-28  1.42548E+06  2.00000E-03  2.56093E+00
 -2.33571E+01  2.15638E-28  1.42548E+06  2.00000E-03  2.58691E+00
 -2.32636E+01  2.15637E-28  1.42547E+06  2.00000E-03  2.60642E+00
 -2.31700E+01  2.15637E-28  1.42547E+06  2.00000E-03  2.60642E+00
 -2.30764E+01  2.15637E-28  1.42547E+06  2.00000E-03  2.60642E+00
 -2.29828E+01  2.15637E-28  1.42547E+06  2.00000E-03  2.60642E+00
 -2.28892E+01  2.15637E-28  1.42547E+06  2.00000E-03  2.60642E+00
 -2.27957E+01  2.15589E-28  1.42526E+06  2.00000E-03  2.65175E+00
 -2.27021E+01  2.15368E-28  1.42425E+06  2.00000E-03  2.86335E+00
 -2.26085E+01  2.15362E-28  1.42422E+06  2.00000E-03  2.86940E+00
 -2.25149E+01  2.15362E-28  1.42422E+06  2.00000E-03  2.86940E+00
 -2.24213E+01  2.15362E-28  1.42422E+06  2.00000E-03  2.86940E+00
 -2.23278E+01  2.15330E-28  1.42408E+06  2.00000E-03  2.90099E+00
 -2.22342E+01  2.15266E-28  1.42380E+06  2.00000E-03  2.96830E+00
 -2.21406E+01  2.15390E-28  1.42434E+06  2.00000E-03  2.88944E+00
 -2.20470E+01  2.15506E-28  1.42485E+06  2.00000E-03  2.81477E+00
 -2.19534E+01  2.15691E-28  1.42567E+06  2.00000E-03  2.70293E+00
 -2.18599E+01  2.15808E-28  1.42619E+06  2.00000E-03  2.61929E+00
 -2.17663E+01  2.15914E-28  1.42666E+06  2.00000E-03  2.54287E+00
 -2.16727E+01  2.15914E-28  1.42666E+06  2.00000E-03  2.54287E+00
 -2.15791E+01  2.15914E-28  1.42666E+06  2.00000E-03  2.54287E+00
 -2.14855E+01  2.15914E-28  1.42666E+06  2.00000E-03  2.54287E+00
 -2.13920E+01  2.16257E-28  1.42817E+06  2.00000E-03  2.28660E+00
 -2.12984E+01  2.16877E-28  1.43091E+06  2.00000E-03  1.83787E+00
 -2.12048E+01  2.17404E-28  1.43322E+06  2.00000E-03  1.46185E+00
 -2.11112E+01  2.17456E-28  1.43345E+06  2.00000E-03  1.42484E+00
 -2.10176E+01  2.17531E-28  1.43378E+06  2.00000E-03  1.36698E+00
 -2.09241E+01  2.17956E-28  1.43565E+06  2.00000E-03  1.02819E+00
 -2.08305E+01  2.18117E-28  1.43635E+06  2.00000E-03  8.99351E-01
 -2.07369E+01  2.18181E-28  1.43663E+06  2.00000E-03  8.48203E-01
 -2.06433E+01  2.18432E-28  1.43774E+06  2.00000E-03  6.48992E-01
 -2.05497E+01  2.18685E-28  1.43885E+06  2.00000E-03  4.48606E-01
 -2.04562E+01  2.19165E-28  1.44096E+06  2.00000E-03  4.82688E-02
 -2.03626E+01  2.19192E-28  1.44107E+06  2.00000E-03  2.12428E-02
 -2.02690E+01  2.19192E-28  1.44107E+06  2.00000E-03  2.12428E-02
 -2.01754E+01  2.19192E-28  1.44107E+06  2.00000E-03  2.12428E-02
 -2.00818E+01  2.19199E-28  1.44111E+06  2.00000E-03  1.61378E-02
 -1.99883E+01  2.19277E-28  1.44145E+06  2.00000E-03 -3.67905E-02
 -1.98947E+01  2.19285E-28  1.44149E+06  2.00000E-03 -4.70065E-02
 -1.98011E+01  2.19262E-28  1.44139E+06  2.00000E-03 -4.00046E-02
 -1.97075E+01  2.19225E-28  1.44123E+06  2.00000E-03 -2.50818E-02
 -1.96139E+01  2.19129E-28  1.44081E+06  2.00000E-03  4.70161E-02
 -1.95204E+01  2.18895E-28  1.43979E+06  2.00000E-03  2.54575E-01
 -1.94268E+01  2.18836E-28  1.43953E+06  2.00000E-03  3.07467E-01
 -1.93332E+01  2.18750E-28  1.43915E+06  2.00000E-03  3.79881E-01
 -1.92396E+01  2.18730E-28  1.43907E+06  2.00000E-03  3.96998E-01
 -1.91460E+01  2.18585E-28  1.43843E+06  2.00000E-03  5.35806E-01
 -1.90525E+01  2.17931E-28  1.43557E+06  2.00000E-03  1.08420E+00
 -1.89589E+01  2.17417E-28  1.43331E+06  2.00000E-03  1.46354E+00
 -1.88653E+01  2.17262E-28  1.43263E+06  2.00000E-03  1.57831E+00
 -1.87717E+01  2.17262E-28  1.43263E+06  2.00000E-03  1.57831E+00
 -1.86781E+01  2.17143E-28  1.43211E+06  2.00000E-03  1.69343E+00
 -1.85846E+01  2.16974E-28  1.43137E+06  2.00000E-03  1.85922E+00
 -1.84910E+01  2.16974E-28  1.43137E+06  2.00000E-03  1.85922E+00
 -1.83974E+01  2.16849E-28  1.43082E+06  2.00000E-03  1.96069E+00
 -1.83038E+01  2.16544E-28  1.42948E+06  2.00000E-03  2.19918E+00
 -1.82102E+01  2.15998E-28  1.42709E+06  2.00000E-03  2.62284E+00
 -1.81167E+01  2.15802E-28  1.42623E+06  2.00000E-03  2.79874E+00
 -1.80231E+01  2.15750E-28  1.42600E+06  2.00000E-03  2.86448E+00
 -1.79295E+01  2.15750E-28  1.42600E+06  2.00000E-03  2.86448E+00
 -1.78359E+01  2.15750E-28  1.42600E+06  2.00000E-03  2.86448E+00
 -1.77423E+01  2.15611E-28  1.42540E+06  2.00000E-03  2.98803E+00
 -1.76488E+01  2.15483E-28  1.42484E+06  2.00000E-03  3.09925E+00
 -1.75552E+01  2.15376E-28  1.42438E+06  2.00000E-03  3.14155E+00
 -1.74616E+01  2.15319E-28  1.42414E+06  2.00000E-03  3.16379E+00
 -1.73680E+01  2.15282E-28  1.42398E+06  2.00000E-03  3.17845E+00
 -1.72745E+01  2.15387E-28  1.42449E+06  2.00000E-03  3.11878E+00
 -1.71809E+01  2.15461E-28  1.42485E+06  2.00000E-03  3.07651E+00
 -1.70873E+01  2.15483E-28  1.42495E+06  2.00000E-03  3.06247E+00
 -1.69937E+01  2.15660E-28  1.42574E+06  2.00000E-03  2.94559E+00
 -1.69001E+01  2.15738E-28  1.42608E+06  2.00000E-03  2.87706E+00
 -1.68066E+01  2.16014E-28  1.42723E+06  2.00000E-03  2.60926E+00
 -1.67130E+01  2.16081E-28  1.42751E+06  2.00000E-03  2.55208E+00
 -1.66194E+01  2.16076E-28  1.42746E+06  2.00000E-03  2.54880E+00
 -1.65258E+01  2.16100E-28  1.42752E+06  2.00000E-03  2.56203E+00
 -1.64322E+01  2.15984E-28  1.42700E+06  2.00000E-03  2.62398E+00
 -1.63387E+01  2.15612E-28  1.42535E+06  2.00000E-03  2.88323E+00
 -1.62451E+01  2.15444E-28  1.42460E+06  2.00000E-03  2.99400E+00
 -1.61515E+01  2.15199E-28  1.42353E+06  2.00000E-03  3.21155E+00
 -1.60579E+01  2.14439E-28  1.42018E+06  2.00000E-03  3.79063E+00
 -1.59643E+01  2.13936E-28  1.41796E+06  2.00000E-03  4.15209E+00
 -1.58708E+01  2.13269E-28  1.41501E+06  2.00000E-03  4.71216E+00
 -1.57772E+01  2.13121E-28  1.41436E+06  2.00000E-03  4.82652E+00
 -1.56836E+01  2.12373E-28  1.41105E+06  2.00000E-03  5.43125E+00
 -1.55900E+01  2.11710E-28  1.40812E+06  2.00000E-03  5.93409E+00
 -1.54964E+01  2.11497E-28  1.40717E+06  2.00000E-03  6.10771E+00
 -1.54029E+01  2.11336E-28  1.40646E+06  2.00000E-03  6.28849E+00
 -1.53093E+01  2.11249E-28  1.40608E+06  2.00000E-03  6.33481E+00
 -1.52157E+01  2.11195E-28  1.40584E+06  2.00000E-03  6.39530E+00
 -1.51221E+01  2.11178E-28  1.40576E+06  2.00000E-03  6.40353E+00
 -1.50285E+01  2.11303E-28  1.40632E+06  2.00000E-03  6.34671E+00
 -1.49350E+01  2.11705E-28  1.40811E+06  2.00000E-03  6.06360E+00
 -1.48414E+01  2.11892E-28  1.40894E+06  2.00000E-03  5.91449E+00
 -1.47478E+01  2.13501E-28  1.41608E+06  2.00000E-03  4.73572E+00
 -1.46542E+01  2.13568E-28  1.41637E+06  2.00000E-03  4.68753E+00
 -1.45606E+01  2.15116E-28  1.42324E+06  2.00000E-03  3.50824E+00
 -1.44671E+01  2.16485E-28  1.42927E+06  2.00000E-03  2.47087E+00
 -1.43735E+01  2.17325E-28  1.43296E+06  2.00000E-03  1.86631E+00
 -1.42799E+01  2.17773E-28  1.43493E+06  2.00000E-03  1.57047E+00
 -1.41863E+01  2.18049E-28  1.43615E+06  2.00000E-03  1.38904E+00
 -1.40927E+01  2.18478E-28  1.43803E+06  2.00000E-03  1.15515E+00
 -1.39992E+01  2.18612E-28  1.43862E+06  2.00000E-03  1.09345E+00
 -1.39056E+01  2.18557E-28  1.43839E+06  2.00000E-03  1.14979E+00
 -1.38120E+01  2.18314E-28  1.43733E+06  2.00000E-03  1.41297E+00
 -1.37184E+01  2.18314E-28  1.43734E+06  2.00000E-03  1.44617E+00
 -1.36248E+01  2.18028E-28  1.43610E+06  2.00000E-03  1.75019E+00
 -1.35313E+01  2.17957E-28  1.43578E+06  2.00000E-03  1.82966E+00
 -1.34377E+01  2.17810E-28  1.43514E+06  2.00000E-03  1.98695E+00
 -1.33441E+01  2.17467E-28  1.43365E+06  2.00000E-03  2.32659E+00
 -1.32505E+01  2.17342E-28  1.43312E+06  2.00000E-03  2.44322E+00
 -1.31569E+01  2.17159E-28  1.43231E+06  2.00000E-03  2.64187E+00
 -1.30634E+01  2.17058E-28  1.43188E+06  2.00000E-03  2.75803E+00
 -1.29698E+01  2.17116E-28  1.43215E+06  2.00000E-03  2.74948E+00
 -1.28762E+01  2.17314E-28  1.43303E+06  2.00000E-03  2.64592E+00
 -1.27826E+01  2.17347E-28  1.43317E+06  2.00000E-03  2.62521E+00
 -1.26890E+01  2.18072E-28  1.43638E+06  2.00000E-03  2.07898E+00
 -1.25955E+01  2.18437E-28  1.43800E+06  2.00000E-03  1.78860E+00
 -1.25019E+01  2.19140E-28  1.44110E+06  2.00000E-03  1.21866E+00
 -1.24083E+01  2.19637E-28  1.44328E+06  2.00000E-03  8.20838E-01
 -1.23147E+01  2.20054E-28  1.44512E+06  2.00000E-03  4.83005E-01
 -1.22211E+01  2.20481E-28  1.44700E+06  2.00000E-03  1.29156E-01
 -1.21276E+01  2.20750E-28  1.44819E+06  2.00000E-03 -9.30647E-02
 -1.20340E+01  2.20854E-28  1.44866E+06  2.00000E-03 -1.86309E-01
 -1.19404E+01  2.21074E-28  1.44963E+06  2.00000E-03 -3.63505E-01
 -1.18468E+01  2.21223E-28  1.45030E+06  2.00000E-03 -4.81490E-01
 -1.17532E+01  2.21405E-28  1.45113E+06  2.00000E-03 -6.39323E-01
 -1.16597E+01  2.21417E-28  1.45119E+06  2.00000E-03 -6.48623E-01
 -1.15661E+01  2.21415E-28  1.45121E+06  2.00000E-03 -6.56726E-01
 -1.14725E+01  2.21263E-28  1.45057E+06  2.00000E-03 -5.38414E-01
 -1.13789E+01  2.21036E-28  1.44967E+06  2.00000E-03 -3.66933E-01
 -1.12853E+01  2.20791E-28  1.44876E+06  2.00000E-03 -1.92398E-01
 -1.11918E+01  2.20590E-28  1.44788E+06  2.00000E-03 -3.67608E-02
 -1.10982E+01  2.19875E-28  1.44475E+06  2.00000E-03  5.25141E-01
 -1.10046E+01  2.19293E-28  1.44212E+06  2.00000E-03  9.74088E-01
 -1.09110E+01  2.18798E-28  1.43981E+06  2.00000E-03  1.37254E+00
 -1.08174E+01  2.18210E-28  1.43710E+06  2.00000E-03  1.83749E+00
 -1.07239E+01  2.17774E-28  1.43505E+06  2.00000E-03  2.19157E+00
 -1.06303E+01  2.17414E-28  1.43338E+06  2.00000E-03  2.48242E+00
 -1.05367E+01  2.17229E-28  1.43255E+06  2.00000E-03  2.62567E+00
 -1.04431E+01  2.17151E-28  1.43221E+06  2.00000E-03  2.68019E+00
 -1.03495E+01  2.17092E-28  1.43195E+06  2.00000E-03  2.71377E+00
 -1.02560E+01  2.17007E-28  1.43158E+06  2.00000E-03  2.76595E+00
 -1.01624E+01  2.16725E-28  1.43035E+06  2.00000E-03  2.96722E+00
 -1.00688E+01  2.16291E-28  1.42843E+06  2.00000E-03  3.29102E+00
 -9.97522E+00  2.15865E-28  1.42656E+06  2.00000E-03  3.61611E+00
 -9.88164E+00  2.15106E-28  1.42321E+06  2.00000E-03  4.20049E+00
 -9.78806E+00  2.14345E-28  1.41985E+06  2.00000E-03  4.78438E+00
 -9.69448E+00  2.13606E-28  1.41658E+06  2.00000E-03  5.35075E+00
 -9.60090E+00  2.13070E-28  1.41420E+06  2.00000E-03  5.76255E+00
 -9.50732E+00  2.12414E-28  1.41130E+06  2.00000E-03  6.28844E+00
 -9.41374E+00  2.12195E-28  1.41033E+06  2.00000E-03  6.47418E+00
 -9.32016E+00  2.12070E-28  1.40978E+06  2.00000E-03  6.59460E+00
 -9.22658E+00  2.12090E-28  1.40987E+06  2.00000E-03  6.64499E+00
 -9.13300E+00  2.12313E-28  1.41086E+06  2.00000E-03  6.57957E+00
 -9.03942E+00  2.12584E-28  1.41207E+06  2.00000E-03  6.46681E+00
 -8.94584E+00  2.12955E-28  1.41370E+06  2.00000E-03  6.32098E+00
 -8.85226E+00  2.13430E-28  1.41581E+06  2.00000E-03  6.15040E+00
 -8.75868E+00  2.13776E-28  1.41734E+06  2.00000E-03  6.08803E+00
 -8.66510E+00  2.14129E-28  1.41890E+06  2.00000E-03  6.01801E+00
 -8.57152E+00  2.14779E-28  1.42177E+06  2.00000E-03  5.69273E+00
 -8.47794E+00  2.16552E-28  1.42960E+06  2.00000E-03  4.51769E+00
 -8.38436E+00  2.18892E-28  1.43990E+06  2.00000E-03  2.81259E+00
 -8.29078E+00  2.20831E-28  1.44839E+06  2.00000E-03  1.35383E+00
 -8.19720E+00  2.21738E-28  1.45236E+06  2.00000E-03  6.24535E-01
 -8.10362E+00  2.22013E-28  1.45356E+06  2.00000E-03  3.93204E-01
 -8.01005E+00  2.21863E-28  1.45291E+06  2.00000E-03  4.87557E-01
 -7.91646E+00  2.21155E-28  1.44983E+06  2.00000E-03  9.72497E-01
 -7.82289E+00  2.19966E-28  1.44464E+06  2.00000E-03  1.84004E+00
 -7.72931E+00  2.19169E-28  1.44116E+06  2.00000E-03  2.43698E+00
 -7.63573E+00  2.18495E-28  1.43821E+06  2.00000E-03  2.90396E+00
 -7.54215E+00  2.17847E-28  1.43537E+06  2.00000E-03  3.32411E+00
 -7.44857E+00  2.17652E-28  1.43452E+06  2.00000E-03  3.43124E+00
 -7.35499E+00  2.17637E-28  1.43447E+06  2.00000E-03  3.41193E+00
 -7.26141E+00  2.17811E-28  1.43524E+06  2.00000E-03  3.26052E+00
 -7.16783E+00  2.18519E-28  1.43837E+06  2.00000E-03  2.77161E+00
 -7.07425E+00  2.19536E-28  1.44284E+06  2.00000E-03  2.12406E+00
 -6.98067E+00  2.20504E-28  1.44709E+06  2.00000E-03  1.53075E+00
 -6.88709E+00  2.21263E-28  1.45043E+06  2.00000E-03  1.09814E+00
 -6.79351E+00  2.22134E-28  1.45424E+06  2.00000E-03  6.10131E-01
 -6.69993E+00  2.22763E-28  1.45699E+06  2.00000E-03  2.57638E-01
 -6.60635E+00  2.23156E-28  1.45871E+06  2.00000E-03  3.08808E-02
 -6.51277E+00  2.23233E-28  1.45906E+06  2.00000E-03  3.64011E-02
 -6.41919E+00  2.23063E-28  1.45833E+06  2.00000E-03  1.68095E-01
 -6.32561E+00  2.22502E-28  1.45590E+06  2.00000E-03  6.22299E-01
 -6.23203E+00  2.21592E-28  1.45196E+06  2.00000E-03  1.16091E+00
 -6.13845E+00  2.20610E-28  1.44769E+06  2.00000E-03  1.96606E+00
 -6.04487E+00  2.20003E-28  1.44530E+06  1.99999E-03  2.50261E+00
 -5.95129E+00  2.19816E-28  1.44548E+06  1.99972E-03  2.67435E+00
 -5.85771E+00  2.21083E-28  1.44369E+06  1.99214E-03  3.70154E+00
 -5.76413E+00  2.31384E-28  1.38774E+06  1.92019E-03  3.89790E+00
 -5.67055E+00  2.47854E-28  1.30642E+06  1.82271E-03  4.89046E+00
 -5.57697E+00  2.56447E-28  1.26776E+06  1.77646E-03  6.95618E+00
 -5.48339E+00  2.69659E-28  1.20489E+06  1.70150E-03  9.09450E+00
 -5.38981E+00  2.73170E-28  1.18513E+06  1.68492E-03  1.01138E+01
 -5.29623E+00  2.58588E-28  1.24914E+06  1.77103E-03  1.36580E+01
 -5.20265E+00  2.51135E-28  1.28369E+06  1.81441E-03  1.27404E+01
 -5.10907E+00  2.38648E-28  1.34836E+06  1.88855E-03  1.18867E+01
 -5.01549E+00  2.27072E-28  1.41409E+06  1.95911E-03  1.15173E+01
 -4.92191E+00  2.21974E-28  1.44351E+06  1.98939E-03  1.13979E+01
 -4.82833E+00  2.20533E-28  1.45103E+06  1.99795E-03  1.13415E+01
 -4.73475E+00  2.20569E-28  1.45092E+06  1.99968E-03  1.09860E+01
 -4.64117E+00  2.21015E-28  1.45027E+06  1.99995E-03  1.03087E+01
 -4.54759E+00  2.21596E-28  1.45203E+06  1.99998E-03  9.24289E+00
 -4.45401E+00  2.22634E-28  1.45658E+06  1.99996E-03  7.33110E+00
 -4.36043E+00  2.24025E-28  1.46285E+06  1.99989E-03  5.05851E+00
 -4.26685E+00  2.25613E-28  1.46993E+06  1.99981E-03  2.46556E+00
 -4.17327E+00  2.27311E-28  1.47740E+06  1.99983E-03 -2.27235E-01
 -4.07969E+00  2.28484E-28  1.48233E+06  1.99991E-03 -2.25342E+00
 -3.98611E+00  2.29245E-28  1.48539E+06  1.99992E-03 -3.80242E+00
 -3.89253E+00  2.29632E-28  1.48853E+06  1.99959E-03 -4.99273E+00
 -3.79895E+00  2.30122E-28  1.49283E+06  1.99860E-03 -6.33986E+00
 -3.70537E+00  2.32146E-28  1.49049E+06  1.99026E-03 -8.36408E+00
 -3.61179E+00  2.36082E-28  1.47561E+06  1.97008E-03 -9.33174E+00
 -3.51821E+00  2.38597E-28  1.46551E+06  1.95786E-03 -6.39370E+00
 -3.42463E+00  2.39460E-28  1.45949E+06  1.95244E-03 -5.16717E-01
 -3.33105E+00  2.40094E-28  1.45286E+06  1.94604E-03  4.79691E+00
 -3.23747E+00  2.39030E-28  1.46384E+06  1.95558E-03  6.74056E+00
 -3.14389E+00  2.36732E-28  1.49207E+06  1.97611E-03  6.15792E+00
 -3.05031E+00  2.39551E-28  1.48814E+06  1.96488E-03  4.35823E+00
 -2.95673E+00  2.51157E-28  1.42941E+06  1.90910E-03  2.64234E+00
 -2.86315E+00  2.69132E-28  1.34218E+06  1.82719E-03  2.12880E+00
 -2.76957E+00  2.78599E-28  1.30013E+06  1.78601E-03  3.71335E+00
 -2.67599E+00  2.77996E-28  1.30283E+06  1.78948E-03  5.07415E+00
 -2.58241E+00  2.78955E-28  1.29856E+06  1.78899E-03  4.60222E+00
 -2.48883E+00  2.76505E-28  1.31540E+06  1.80523E-03  2.22290E+00
 -2.39525E+00  2.71318E-28  1.34948E+06  1.83237E-03  1.05504E+00
 -2.30167E+00  2.79957E-28  1.30881E+06  1.79003E-03  2.59191E+00
 -2.20809E+00  3.48026E-28  1.03271E+06  1.54088E-03  1.61281E+00
 -2.11451E+00  3.78359E-28  9.21800E+05  1.44991E-03  1.05605E+00
 -2.02093E+00  3.41599E-28  1.01456E+06  1.53957E-03  2.08160E+00
 -1.92735E+00  3.49482E-28  1.00256E+06  1.52029E-03  6.17226E+00
 -1.83377E+00  3.72091E-28  9.51586E+05  1.46824E-03  1.18808E+01
 -1.74019E+00  3.47183E-28  1.03019E+06  1.52018E-03  1.57865E+01
 -1.64661E+00  3.79069E-28  9.63710E+05  1.45875E-03  4.07566E+00
 -1.55303E+00  5.10075E-28  7.35362E+05  1.27314E-03 -2.25908E+01
 -1.45946E+00  6.25100E-28  5.76391E+05  1.15549E-03 -4.39111E+01
 -1.36588E+00  6.04069E-28  5.55303E+05  1.14235E-03 -5.49297E+01
 -1.27230E+00  1.23620E-27  2.53389E+05  9.09516E-04 -6.83022E+01
 -1.17872E+00  4.35393E-27  6.67147E+04  7.49324E-04 -7.72496E+01
 -1.08514E+00  5.44612E-27  4.90618E+04  7.14873E-04 -7.91355E+01
 -9.91556E-01  2.91480E-27  8.80691E+04  7.26258E-04 -7.84078E+01
 -8.97976E-01  3.19321E-27  7.97735E+04  7.09506E-04 -7.81486E+01
 -8.04396E-01  7.62996E-27  3.18289E+04  6.56179E-04 -7.88360E+01
 -7.10816E-01  1.24162E-26  1.80529E+04  6.40528E-04 -7.88086E+01
 -6.17236E-01  1.42016E-26  1.52561E+04  6.54326E-04 -7.95223E+01
 -5.23656E-01  1.30783E-26  1.54876E+04  6.91169E-04 -8.16941E+01
 -4.30077E-01  1.07410E-26  1.73585E+04  6.99981E-04 -8.52889E+01
 -3.36497E-01  9.46080E-27  2.00759E+04  6.92138E-04 -8.86138E+01
 -2.42917E-01  8.29607E-27  2.34656E+04  7.07588E-04 -8.99861E+01
 -1.49337E-01  7.08812E-27  2.67887E+04  7.28029E-04 -9.08094E+01
 -5.57572E-02  6.29719E-27  2.84319E+04  7.38196E-04 -8.85697E+01
  3.78226E-02  5.48553E-27  3.17898E+04  7.48778E-04 -8.31735E+01
  1.31402E-01  5.18876E-27  3.34660E+04  7.54185E-04 -7.84685E+01
  2.24982E-01  4.05784E-27  4.36385E+04  7.55582E-04 -7.54577E+01
  3.18562E-01  4.15615E-27  4.48780E+04  7.42570E-04 -7.94678E+01
  4.12142E-01  7.36465E-27  2.51640E+04  7.10048E-04 -8.43118E+01
  5.05722E-01  1.04795E-26  1.66667E+04  6.87069E-04 -8.50458E+01
  5.99302E-01  1.12859E-26  1.45844E+04  6.83273E-04 -8.33296E+01
  6.92882E-01  9.87062E-27  1.45164E+04  6.97148E-04 -7.99317E+01
  7.86461E-01  6.98463E-27  1.69962E+04  7.23612E-04 -7.53716E+01
  8.80041E-01  4.93830E-27  2.43748E+04  7.50371E-04 -6.87341E+01
  9.73621E-01  5.35856E-27  2.61521E+04  7.44131E-04 -6.12221E+01
  1.06720E+00  9.32095E-27  1.81267E+04  7.08909E-04 -6.08914E+01
  1.16078E+00  1.26148E-26  1.66150E+04  6.93173E-04 -6.47253E+01
  1.25436E+00  1.14391E-26  2.02427E+04  6.98165E-04 -6.97449E+01
  1.34794E+00  1.05929E-26  1.98342E+04  7.10576E-04 -7.27774E+01
  1.44152E+00  5.16019E-27  3.23694E+04  7.28761E-04 -7.80064E+01
  1.53510E+00  2.19776E-27  7.17790E+04  7.87212E-04 -8.34185E+01
  1.62868E+00  1.36779E-27  1.18774E+05  8.58400E-04 -8.50309E+01
  1.72226E+00  1.25052E-27  1.35462E+05  8.64393E-04 -8.50713E+01
  1.81584E+00  2.03722E-27  9.03550E+04  8.22284E-04 -8.38802E+01
  1.90942E+00  4.16363E-27  5.46901E+04  8.06112E-04 -8.67701E+01
  2.00300E+00  2.67377E-27  8.96283E+04  8.44677E-04 -8.98214E+01
  2.09658E+00  1.10191E-27  2.00800E+05  9.31619E-04 -9.47175E+01
  2.19016E+00  9.02931E-28  2.30154E+05  9.47085E-04 -9.54632E+01
  2.28374E+00  8.39557E-28  2.36879E+05  9.32349E-04 -9.62721E+01
  2.37732E+00  1.40598E-27  1.38475E+05  8.49284E-04 -9.21723E+01
  2.47090E+00  2.61927E-27  7.32400E+04  8.07098E-04 -9.43678E+01
  2.56448E+00  1.59682E-27  1.23506E+05  8.48127E-04 -9.87488E+01
  2.65806E+00  5.10164E-28  4.00680E+05  1.13245E-03 -1.07729E+02
  2.75164E+00  2.82751E-28  7.27835E+05  1.44092E-03 -1.20519E+02
  2.84522E+00  2.79376E-28  7.35546E+05  1.41982E-03 -1.25171E+02
  2.93880E+00  2.61194E-28  8.07128E+05  1.49920E-03 -1.24620E+02
  3.03238E+00  7.28131E-28  3.01195E+05  1.00525E-03 -9.85752E+01
  3.12596E+00  4.49225E-27  5.12314E+04  7.15282E-04 -8.79136E+01
  3.21954E+00  9.90033E-27  2.46410E+04  6.69343E-04 -8.57069E+01
  3.31312E+00  1.00833E-26  2.49259E+04  6.65786E-04 -8.60072E+01
  3.40670E+00  6.99478E-27  3.68951E+04  6.70751E-04 -8.51342E+01
  3.50028E+00  3.43671E-27  7.73612E+04  7.04897E-04 -8.06961E+01
  3.59386E+00  2.07765E-27  1.34756E+05  7.64398E-04 -7.50330E+01
  3.68744E+00  2.21731E-27  1.34765E+05  7.75953E-04 -7.49354E+01
  3.78102E+00  2.75646E-27  1.13423E+05  7.61465E-04 -7.55140E+01
  3.87460E+00  5.34995E-27  6.00593E+04  7.12481E-04 -7.72058E+01
  3.96818E+00  6.66397E-27  4.65911E+04  7.06922E-04 -7.62914E+01
  4.06176E+00  3.50664E-27  8.26559E+04  7.47777E-04 -7.27463E+01
  4.15534E+00  8.03174E-28  3.74482E+05  1.02196E-03 -5.98867E+01
  4.24892E+00  8.85091E-28  3.55318E+05  1.00803E-03 -6.74922E+01
  4.34250E+00  5.74965E-28  5.55354E+05  1.17629E-03 -5.87465E+01
  4.43608E+00  2.76970E-28  1.12905E+06  1.66396E-03 -3.99425E+01
  4.52966E+00  2.46960E-28  1.24336E+06  1.77407E-03 -4.26257E+01
  4.62324E+00  2.46888E-28  1.21759E+06  1.75390E-03 -4.76756E+01
  4.71682E+00  2.63850E-28  1.11121E+06  1.64060E-03 -4.57128E+01
  4.81040E+00  6.40425E-28  4.45469E+05  1.09047E-03 -4.25935E+01
  4.90398E+00  2.51373E-27  1.05569E+05  8.31841E-04 -4.42990E+01
  4.99755E+00  3.70674E-27  6.15418E+04  7.94794E-04 -4.70917E+01
  5.09113E+00  2.37822E-27  8.14396E+04  8.17649E-04 -4.72872E+01
  5.18471E+00  1.45890E-27  1.30106E+05  8.77905E-04 -4.45286E+01
  5.27829E+00  7.99293E-28  2.79996E+05  1.00944E-03 -3.82592E+01
  5.37187E+00  2.88010E-28  8.83608E+05  1.46288E-03 -1.49521E+01
  5.46545E+00  2.24017E-28  1.22492E+06  1.77803E-03 -7.55596E+00
  5.55903E+00  2.24411E-28  1.27691E+06  1.85706E-03 -1.57847E+01
  5.65261E+00  2.83512E-28  1.03893E+06  1.63901E-03 -2.37013E+01
  5.74619E+00  3.65080E-28  8.13059E+05  1.43877E-03 -3.02354E+01
  5.83977E+00  4.23482E-28  7.00505E+05  1.32752E-03 -3.95184E+01
  5.93335E+00  4.07320E-28  7.24422E+05  1.33195E-03 -4.50226E+01
  6.02693E+00  3.72565E-28  7.90281E+05  1.39109E-03 -4.66780E+01
  6.12051E+00  3.36641E-28  8.77702E+05  1.48215E-03 -4.46950E+01
  6.21409E+00  3.03579E-28  9.80525E+05  1.58897E-03 -4.02006E+01
  6.30767E+00  3.27311E-28  9.16223E+05  1.50295E-03 -3.47857E+01
  6.40125E+00  2.91780E-28  1.03298E+06  1.59982E-03 -2.88351E+01
  6.49483E+00  3.11684E-28  9.66802E+05  1.52259E-03 -2.51532E+01
  6.58841E+00  3.42745E-28  8.68285E+05  1.43767E-03 -2.00106E+01
  6.68199E+00  3.05547E-28  9.70889E+05  1.54261E-03 -1.69493E+01
  6.77557E+00  2.40996E-28  1.23530E+06  1.79937E-03 -1.72411E+01
  6.86915E+00  2.24375E-28  1.33130E+06  1.89786E-03 -1.98906E+01
  6.96273E+00  2.15118E-28  1.38883E+06  1.96200E-03 -2.15805E+01
  7.05631E+00  2.17481E-28  1.38181E+06  1.95635E-03 -2.14335E+01
  7.14989E+00  2.19128E-28  1.37994E+06  1.95227E-03 -1.94446E+01
  7.24347E+00  2.17877E-28  1.39239E+06  1.96568E-03 -1.55379E+01
  7.33705E+00  2.18089E-28  1.39462E+06  1.96629E-03 -1.32700E+01
  7.43063E+00  2.16987E-28  1.40298E+06  1.97446E-03 -1.15964E+01
  7.52421E+00  2.16554E-28  1.40708E+06  1.97917E-03 -1.06410E+01
  7.61779E+00  2.17855E-28  1.39784E+06  1.97344E-03 -1.19352E+01
  7.71137E+00  2.23777E-28  1.35896E+06  1.93858E-03 -1.35648E+01
  7.80495E+00  2.36230E-28  1.28444E+06  1.86513E-03 -1.54800E+01
  7.89853E+00  2.48278E-28  1.22120E+06  1.80236E-03 -1.77756E+01
  7.99211E+00  2.65613E-28  1.13948E+06  1.71971E-03 -1.82522E+01
  8.08569E+00  2.78993E-28  1.08673E+06  1.66105E-03 -1.76620E+01
  8.17927E+00  2.83415E-28  1.06706E+06  1.64688E-03 -1.76452E+01
  8.27285E+00  2.80372E-28  1.07982E+06  1.66189E-03 -1.77738E+01
  8.36643E+00  2.71190E-28  1.11689E+06  1.70029E-03 -1.85369E+01
  8.46001E+00  2.60111E-28  1.16359E+06  1.74682E-03 -1.92489E+01
  8.55359E+00  2.42118E-28  1.25124E+06  1.83283E-03 -1.96508E+01
  8.64717E+00  2.26894E-28  1.33655E+06  1.91638E-03 -1.93618E+01
  8.74075E+00  2.19661E-28  1.38201E+06  1.95948E-03 -1.78351E+01
  8.83433E+00  2.15969E-28  1.41446E+06  1.98546E-03 -1.53222E+01
  8.92791E+00  2.16534E-28  1.41262E+06  1.98440E-03 -1.07395E+01
  9.02149E+00  2.16908E-28  1.40982E+06  1.98548E-03 -8.34123E+00
  9.11507E+00  2.18486E-28  1.39830E+06  1.97665E-03 -6.64928E+00
  9.20865E+00  2.27228E-28  1.34387E+06  1.92013E-03 -1.14875E+00
  9.30223E+00  2.33020E-28  1.31130E+06  1.88446E-03 -3.56200E-01
  9.39581E+00  2.42495E-28  1.26126E+06  1.83058E-03  9.53046E-01
  9.48939E+00  2.49185E-28  1.22788E+06  1.79777E-03  3.10152E+00
  9.58297E+00  2.64652E-28  1.16095E+06  1.72774E-03  5.70196E+00
  9.67655E+00  2.77484E-28  1.11028E+06  1.67236E-03  5.63304E+00
  9.77013E+00  2.83898E-28  1.08929E+06  1.65129E-03  4.91127E+00
  9.86371E+00  2.65294E-28  1.16767E+06  1.73283E-03  3.31846E+00
  9.95729E+00  2.27736E-28  1.36388E+06  1.92912E-03 -6.32552E-01
  1.00509E+01  2.19921E-28  1.41419E+06  1.97997E-03 -1.67229E+00
  1.01444E+01  2.17285E-28  1.43333E+06  1.99898E-03 -2.40252E+00
  1.02380E+01  2.17257E-28  1.43313E+06  1.99996E-03 -2.76750E+00
  1.03316E+01  2.17409E-28  1.43339E+06  2.00000E-03 -2.93869E+00
  1.04252E+01  2.17484E-28  1.43372E+06  2.00000E-03 -3.07101E+00
  1.05188E+01  2.17406E-28  1.43339E+06  2.00000E-03 -3.23359E+00
  1.06123E+01  2.17464E-28  1.43370E+06  2.00000E-03 -3.22947E+00
  1.07059E+01  2.17587E-28  1.43434E+06  2.00000E-03 -3.15644E+00
  1.07995E+01  2.17598E-28  1.43445E+06  2.00000E-03 -3.07812E+00
  1.08931E+01  2.17750E-28  1.43517E+06  2.00000E-03 -2.96633E+00
  1.09867E+01  2.17964E-28  1.43613E+06  2.00000E-03 -2.85325E+00
  1.10802E+01  2.18154E-28  1.43698E+06  2.00000E-03 -2.73806E+00
  1.11738E+01  2.18222E-28  1.43729E+06  2.00000E-03 -2.62732E+00
  1.12674E+01  2.18263E-28  1.43745E+06  2.00000E-03 -2.56895E+00
  1.13610E+01  2.18194E-28  1.43714E+06  2.00000E-03 -2.55821E+00
  1.14546E+01  2.17866E-28  1.43563E+06  2.00000E-03 -2.57427E+00
  1.15481E+01  2.17635E-28  1.43453E+06  2.00000E-03 -2.62461E+00
  1.16417E+01  2.17540E-28  1.43411E+06  2.00000E-03 -2.68559E+00
  1.17353E+01  2.17177E-28  1.43250E+06  2.00000E-03 -2.81409E+00
  1.18289E+01  2.16983E-28  1.43165E+06  2.00000E-03 -2.81972E+00
  1.19225E+01  2.16624E-28  1.43006E+06  2.00000E-03 -2.89122E+00
  1.20160E+01  2.16512E-28  1.42957E+06  2.00000E-03 -2.92209E+00
  1.21096E+01  2.16234E-28  1.42835E+06  2.00000E-03 -2.92106E+00
  1.22032E+01  2.15940E-28  1.42705E+06  2.00000E-03 -2.96785E+00
  1.22968E+01  2.16031E-28  1.42746E+06  2.00000E-03 -2.94369E+00
  1.23904E+01  2.15671E-28  1.42587E+06  2.00000E-03 -3.02247E+00
  1.24839E+01  2.15505E-28  1.42514E+06  2.00000E-03 -3.05512E+00
  1.25775E+01  2.15140E-28  1.42353E+06  2.00000E-03 -3.10778E+00
  1.26711E+01  2.14956E-28  1.42272E+06  2.00000E-03 -3.14815E+00
  1.27647E+01  2.14961E-28  1.42275E+06  2.00000E-03 -3.12833E+00
  1.28583E+01  2.14412E-28  1.42032E+06  2.00000E-03 -3.27890E+00
  1.29518E+01  2.14380E-28  1.42017E+06  2.00000E-03 -3.29612E+00
  1.30454E+01  2.14279E-28  1.41972E+06  2.00000E-03 -3.35472E+00
  1.31390E+01  2.13926E-28  1.41815E+06  2.00000E-03 -3.47728E+00
  1.32326E+01  2.13906E-28  1.41806E+06  2.00000E-03 -3.48345E+00
  1.33262E+01  2.13453E-28  1.41603E+06  2.00000E-03 -3.66036E+00
  1.34197E+01  2.13501E-28  1.41624E+06  2.00000E-03 -3.69538E+00
  1.35133E+01  2.13351E-28  1.41557E+06  2.00000E-03 -3.78949E+00
  1.36069E+01  2.13115E-28  1.41451E+06  2.00000E-03 -3.86330E+00
  1.37005E+01  2.13153E-28  1.41468E+06  2.00000E-03 -3.88247E+00
  1.37941E+01  2.13063E-28  1.41426E+06  2.00000E-03 -3.95394E+00
  1.38876E+01  2.13103E-28  1.41443E+06  2.00000E-03 -3.97085E+00
  1.39812E+01  2.13017E-28  1.41404E+06  2.00000E-03 -3.93570E+00
  1.40748E+01  2.13030E-28  1.41408E+06  2.00000E-03 -3.89224E+00
  1.41684E+01  2.13200E-28  1.41482E+06  2.00000E-03 -3.88829E+00
  1.42620E+01  2.13297E-28  1.41524E+06  2.00000E-03 -3.82818E+00
  1.43555E+01  2.13331E-28  1.41539E+06  2.00000E-03 -3.80530E+00
  1.44491E+01  2.13564E-28  1.41640E+06  2.00000E-03 -3.59377E+00
  1.45427E+01  2.13759E-28  1.41726E+06  2.00000E-03 -3.56987E+00
  1.46363E+01  2.14004E-28  1.41833E+06  2.00000E-03 -3.47048E+00
  1.47299E+01  2.14282E-28  1.41955E+06  2.00000E-03 -3.26099E+00
  1.48234E+01  2.14384E-28  1.42000E+06  2.00000E-03 -3.24172E+00
  1.49170E+01  2.14699E-28  1.42138E+06  2.00000E-03 -3.01447E+00
  1.50106E+01  2.14896E-28  1.42225E+06  2.00000E-03 -3.00087E+00
  1.51042E+01  2.15018E-28  1.42279E+06  2.00000E-03 -2.86489E+00
  1.51978E+01  2.15145E-28  1.42334E+06  2.00000E-03 -2.74150E+00
  1.52913E+01  2.15258E-28  1.42384E+06  2.00000E-03 -2.77317E+00
  1.53849E+01  2.15337E-28  1.42418E+06  2.00000E-03 -2.72793E+00
  1.54785E+01  2.15359E-28  1.42428E+06  2.00000E-03 -2.75430E+00
  1.55721E+01  2.15278E-28  1.42392E+06  2.00000E-03 -2.75492E+00
  1.56657E+01  2.15269E-28  1.42388E+06  2.00000E-03 -2.82099E+00
  1.57592E+01  2.15265E-28  1.42386E+06  2.00000E-03 -2.91405E+00
  1.58528E+01  2.15090E-28  1.42308E+06  2.00000E-03 -2.97873E+00
  1.59464E+01  2.15092E-28  1.42308E+06  2.00000E-03 -2.99042E+00
  1.60400E+01  2.15058E-28  1.42293E+06  2.00000E-03 -3.03799E+00
  1.61336E+01  2.15087E-28  1.42305E+06  2.00000E-03 -3.05984E+00
  1.62271E+01  2.15053E-28  1.42290E+06  2.00000E-03 -3.04875E+00
  1.63207E+01  2.14993E-28  1.42264E+06  2.00000E-03 -3.03016E+00
  1.64143E+01  2.15077E-28  1.42301E+06  2.00000E-03 -2.99933E+00
  1.65079E+01  2.15171E-28  1.42346E+06  2.00000E-03 -2.93629E+00
  1.66015E+01  2.15218E-28  1.42369E+06  2.00000E-03 -2.89614E+00
  1.66950E+01  2.15246E-28  1.42385E+06  2.00000E-03 -2.85094E+00
  1.67886E+01  2.15362E-28  1.42445E+06  2.00000E-03 -2.74238E+00
  1.68822E+01  2.15411E-28  1.42468E+06  2.00000E-03 -2.70930E+00
  1.69758E+01  2.15522E-28  1.42528E+06  2.00000E-03 -2.53437E+00
  1.70694E+01  2.15558E-28  1.42545E+06  2.00000E-03 -2.51375E+00
  1.71629E+01  2.15629E-28  1.42577E+06  2.00000E-03 -2.48984E+00
  1.72565E+01  2.15719E-28  1.42617E+06  2.00000E-03 -2.45690E+00
  1.73501E+01  2.15764E-28  1.42634E+06  2.00000E-03 -2.41695E+00
  1.74437E+01  2.15830E-28  1.42651E+06  2.00000E-03 -2.30928E+00
  1.75373E+01  2.15837E-28  1.42653E+06  2.00000E-03 -2.29817E+00
  1.76308E+01  2.15837E-28  1.42653E+06  2.00000E-03 -2.29817E+00
  1.77244E+01  2.15837E-28  1.42653E+06  2.00000E-03 -2.29817E+00
  1.78180E+01  2.15878E-28  1.42670E+06  2.00000E-03 -2.27604E+00
  1.79116E+01  2.15980E-28  1.42710E+06  2.00000E-03 -2.18517E+00
  1.80052E+01  2.15933E-28  1.42689E+06  2.00000E-03 -2.18684E+00
  1.80987E+01  2.15905E-28  1.42677E+06  2.00000E-03 -2.18842E+00
  1.81923E+01  2.15905E-28  1.42677E+06  2.00000E-03 -2.18842E+00
  1.82859E+01  2.15937E-28  1.42690E+06  2.00000E-03 -2.17917E+00
  1.83795E+01  2.16013E-28  1.42721E+06  2.00000E-03 -2.17250E+00
  1.84731E+01  2.16014E-28  1.42722E+06  2.00000E-03 -2.17959E+00
  1.85666E+01  2.16005E-28  1.42718E+06  2.00000E-03 -2.18440E+00
  1.86602E+01  2.15922E-28  1.42682E+06  2.00000E-03 -2.21296E+00
  1.87538E+01  2.16137E-28  1.42775E+06  2.00000E-03 -2.12886E+00
  1.88474E+01  2.16152E-28  1.42780E+06  2.00000E-03 -2.06766E+00
  1.89410E+01  2.16152E-28  1.42780E+06  2.00000E-03 -2.06766E+00
  1.90345E+01  2.16152E-28  1.42780E+06  2.00000E-03 -2.06766E+00
  1.91281E+01  2.16152E-28  1.42780E+06  2.00000E-03 -2.06766E+00
  1.92217E+01  2.16685E-28  1.43013E+06  2.00000E-03 -1.84309E+00
  1.93153E+01  2.17067E-28  1.43180E+06  2.00000E-03 -1.68283E+00
  1.94089E+01  2.16958E-28  1.43132E+06  2.00000E-03 -1.69203E+00
  1.95024E+01  2.16814E-28  1.43068E+06  2.00000E-03 -1.70429E+00
  1.95960E+01  2.16714E-28  1.43024E+06  2.00000E-03 -1.69563E+00
  1.96896E+01  2.17332E-28  1.43295E+06  2.00000E-03 -1.40528E+00
  1.97832E+01  2.17543E-28  1.43387E+06  2.00000E-03 -1.30784E+00
  1.98768E+01  2.17563E-28  1.43396E+06  2.00000E-03 -1.30035E+00
  1.99703E+01  2.17586E-28  1.43407E+06  2.00000E-03 -1.29154E+00
  2.00639E+01  2.17630E-28  1.43426E+06  2.00000E-03 -1.27784E+00
  2.01575E+01  2.18043E-28  1.43607E+06  2.00000E-03 -1.12391E+00
  2.02511E+01  2.17914E-28  1.43550E+06  2.00000E-03 -1.09707E+00
  2.03447E+01  2.17705E-28  1.43459E+06  2.00000E-03 -1.10013E+00
  2.04382E+01  2.17699E-28  1.43456E+06  2.00000E-03 -1.10021E+00
  2.05318E+01  2.17721E-28  1.43466E+06  2.00000E-03 -1.10374E+00
  2.06254E+01  2.17934E-28  1.43559E+06  2.00000E-03 -1.13825E+00
  2.07190E+01  2.17982E-28  1.43580E+06  2.00000E-03 -1.14594E+00
  2.08125E+01  2.17982E-28  1.43580E+06  2.00000E-03 -1.14594E+00
  2.09061E+01  2.17777E-28  1.43490E+06  2.00000E-03 -1.14957E+00
  2.09997E+01  2.17455E-28  1.43350E+06  2.00000E-03 -1.17748E+00
  2.10933E+01  2.17238E-28  1.43254E+06  2.00000E-03 -1.39391E+00
  2.11869E+01  2.17239E-28  1.43254E+06  2.00000E-03 -1.41237E+00
  2.12804E+01  2.17269E-28  1.43267E+06  2.00000E-03 -1.40968E+00
  2.13740E+01  2.17275E-28  1.43270E+06  2.00000E-03 -1.40906E+00
  2.14676E+01  2.17259E-28  1.43262E+06  2.00000E-03 -1.47871E+00
  2.15612E+01  2.17221E-28  1.43245E+06  2.00000E-03 -1.64298E+00
  2.16548E+01  2.16994E-28  1.43145E+06  2.00000E-03 -1.69344E+00
  2.17483E+01  2.16773E-28  1.43048E+06  2.00000E-03 -1.71145E+00
  2.18419E+01  2.16427E-28  1.42895E+06  2.00000E-03 -1.73971E+00
  2.19355E+01  2.16418E-28  1.42891E+06  2.00000E-03 -1.79434E+00
  2.20291E+01  2.16442E-28  1.42901E+06  2.00000E-03 -1.89393E+00
  2.21227E+01  2.16442E-28  1.42901E+06  2.00000E-03 -1.89393E+00
  2.22162E+01  2.16442E-28  1.42901E+06  2.00000E-03 -1.89393E+00
  2.23098E+01  2.16464E-28  1.42910E+06  2.00000E-03 -1.88647E+00
  2.24034E+01  2.16736E-28  1.43031E+06  2.00000E-03 -1.82505E+00
  2.24970E+01  2.16607E-28  1.42975E+06  2.00000E-03 -1.83889E+00
  2.25906E+01  2.16447E-28  1.42904E+06  2.00000E-03 -1.85584E+00
  2.26841E+01  2.16385E-28  1.42877E+06  2.00000E-03 -1.85470E+00
  2.27777E+01  2.16385E-28  1.42877E+06  2.00000E-03 -1.85470E+00
  2.28713E+01  2.16994E-28  1.43148E+06  2.00000E-03 -1.66058E+00
  2.29649E+01  2.17495E-28  1.43370E+06  2.00000E-03 -1.50175E+00
  2.30585E+01  2.17495E-28  1.43370E+06  2.00000E-03 -1.50175E+00
  2.31520E+01  2.17333E-28  1.43299E+06  2.00000E-03 -1.52647E+00
  2.32456E+01  2.16940E-28  1.43126E+06  2.00000E-03 -1.58673E+00
  2.33392E+01  2.16621E-28  1.42985E+06  2.00000E-03 -1.63562E+00
  2.34328E+01  2.16621E-28  1.42985E+06  2.00000E-03 -1.63562E+00
  2.35264E+01  2.16621E-28  1.42985E+06  2.00000E-03 -1.63562E+00
  2.36199E+01  2.16658E-28  1.43001E+06  2.00000E-03 -1.62191E+00
  2.37135E+01  2.16756E-28  1.43044E+06  2.00000E-03 -1.58881E+00
  2.38071E+01  2.17244E-28  1.43256E+06  2.00000E-03 -1.44743E+00
  2.39007E+01  2.17483E-28  1.43359E+06  2.00000E-03 -1.38392E+00
  2.39943E+01  2.17491E-28  1.43362E+06  2.00000E-03 -1.38259E+00
  2.40878E+01  2.17491E-28  1.43362E+06  2.00000E-03 -1.38259E+00
  2.41814E+01  2.17491E-28  1.43362E+06  2.00000E-03 -1.38259E+00
  2.42750E+01  2.17491E-28  1.43362E+06  2.00000E-03 -1.38259E+00
  2.43686E+01  2.17491E-28  1.43362E+06  2.00000E-03 -1.38259E+00
  2.44622E+01  2.17491E-28  1.43362E+06  2.00000E-03 -1.38259E+00
  2.45557E+01  2.17491E-28  1.43362E+06  2.00000E-03 -1.38259E+00
  2.46493E+01  2.17388E-28  1.43317E+06  2.00000E-03 -1.40023E+00
  2.47429E+01  2.17427E-28  1.43333E+06  2.00000E-03 -1.36068E+00
  2.48365E+01  2.17351E-28  1.43300E+06  2.00000E-03 -1.33242E+00
  2.49301E+01  2.17351E-28  1.43300E+06  2.00000E-03 -1.33242E+00
  2.50236E+01  2.17351E-28  1.43300E+06  2.00000E-03 -1.33242E+00
  2.51172E+01  2.17351E-28  1.43300E+06  2.00000E-03 -1.33242E+00
  2.52108E+01  2.17351E-28  1.43300E+06  2.00000E-03 -1.33242E+00
  2.53044E+01  2.17351E-28  1.43300E+06  2.00000E-03 -1.33242E+00
  2.53980E+01  2.17351E-28  1.43300E+06  2.00000E-03 -1.33242E+00
  2.54915E+01  2.17351E-28  1.43300E+06  2.00000E-03 -1.33242E+00
  2.55851E+01  2.17361E-28  1.43304E+06  2.00000E-03 -1.34036E+00
  2.56787E+01  2.17380E-28  1.43311E+06  2.00000E-03 -1.35590E+00
  2.57723E+01  2.17380E-28  1.43311E+06  2.00000E-03 -1.35590E+00
  2.58659E+01  2.17380E-28  1.43311E+06  2.00000E-03 -1.35590E+00
  2.59594E+01  2.17380E-28  1.43311E+06  2.00000E-03 -1.35590E+00
  2.60530E+01  2.17380E-28  1.43311E+06  2.00000E-03 -1.35590E+00
  2.61466E+01  2.17380E-28  1.43311E+06  2.00000E-03 -1.35590E+00
  2.62402E+01  2.17319E-28  1.43284E+06  2.00000E-03 -1.34897E+00
  2.63338E+01  2.17265E-28  1.43261E+06  2.00000E-03 -1.34351E+00
  2.64273E+01  2.17244E-28  1.43251E+06  2.00000E-03 -1.34357E+00
  2.65209E+01  2.17187E-28  1.43225E+06  2.00000E-03 -1.39259E+00
  2.66145E+01  2.17127E-28  1.43199E+06  2.00000E-03 -1.43798E+00
  2.67081E+01  2.17125E-28  1.43198E+06  2.00000E-03 -1.43961E+00
  2.68017E+01  2.17125E-28  1.43198E+06  2.00000E-03 -1.43961E+00
  2.68952E+01  2.17125E-28  1.43198E+06  2.00000E-03 -1.43961E+00
  2.69888E+01  2.17125E-28  1.43198E+06  2.00000E-03 -1.43961E+00
  2.70824E+01  2.17125E-28  1.43198E+06  2.00000E-03 -1.43961E+00
  2.71760E+01  2.17125E-28  1.43198E+06  2.00000E-03 -1.43961E+00
  2.72696E+01  2.17125E-28  1.43198E+06  2.00000E-03 -1.43961E+00
  2.73631E+01  2.17121E-28  1.43196E+06  2.00000E-03 -1.44270E+00
  2.74567E+01  2.17077E-28  1.43177E+06  2.00000E-03 -1.48494E+00
  2.75503E+01  2.17065E-28  1.43171E+06  2.00000E-03 -1.49689E+00
  2.76439E+01  2.17063E-28  1.43170E+06  2.00000E-03 -1.49679E+00
  2.77375E+01  2.17014E-28  1.43149E+06  2.00000E-03 -1.49456E+00
  2.78310E+01  2.16989E-28  1.43137E+06  2.00000E-03 -1.49339E+00
  2.79246E+01  2.16972E-28  1.43130E+06  2.00000E-03 -1.49262E+00
  2.80182E+01  2.16972E-28  1.43130E+06  2.00000E-03 -1.49262E+00
  2.81118E+01  2.16972E-28  1.43130E+06  2.00000E-03 -1.49262E+00
  2.82054E+01  2.16972E-28  1.43130E+06  2.00000E-03 -1.49262E+00
  2.82989E+01  2.16967E-28  1.43128E+06  2.00000E-03 -1.49923E+00
  2.83925E+01  2.16952E-28  1.43121E+06  2.00000E-03 -1.51708E+00
  2.84861E+01  2.16949E-28  1.43119E+06  2.00000E-03 -1.52064E+00
  2.85797E+01  2.16949E-28  1.43119E+06  2.00000E-03 -1.52064E+00
  2.86733E+01  2.16949E-28  1.43119E+06  2.00000E-03 -1.52064E+00
  2.87668E+01  2.16949E-28  1.43119E+06  2.00000E-03 -1.52064E+00
  2.88604E+01  2.16949E-28  1.43119E+06  2.00000E-03 -1.52064E+00
  2.89540E+01  2.16948E-28  1.43119E+06  2.00000E-03 -1.52277E+00
  2.90476E+01  2.16948E-28  1.43119E+06  2.00000E-03 -1.52474E+00
  2.91412E+01  2.16947E-28  1.43119E+06  2.00000E-03 -1.52643E+00
  2.92347E+01  2.16934E-28  1.43113E+06  2.00000E-03 -1.53026E+00
