 -4.67593E+01  2.16775E-28  1.43042E+06  2.00000E-03  1.03842E+00
 -4.66657E+01  2.16777E-28  1.43043E+06  2.00000E-03  1.04433E+00
 -4.65722E+01  2.16777E-28  1.43043E+06  2.00000E-03  1.04433E+00
 -4.64786E+01  2.16777E-28  1.43043E+06  2.00000E-03  1.04433E+00
 -4.63850E+01  2.16777E-28  1.43043E+06  2.00000E-03  1.04433E+00
 -4.62914E+01  2.16777E-28  1.43043E+06  2.00000E-03  1.04433E+00
 -4.61978E+01  2.16788E-28  1.43048E+06  2.00000E-03  1.03475E+00
 -4.61043E+01  2.16876E-28  1.43087E+06  2.00000E-03  9.56938E-01
 -4.60107E+01  2.16895E-28  1.43095E+06  2.00000E-03  9.40501E-01
 -4.59171E+01  2.16895E-28  1.43095E+06  2.00000E-03  9.40501E-01
 -4.58235E+01  2.16895E-28  1.43095E+06  2.00000E-03  9.40501E-01
 -4.57299E+01  2.16895E-28  1.43095E+06  2.00000E-03  9.40501E-01
 -4.56364E+01  2.16895E-28  1.43095E+06  2.00000E-03  9.40501E-01
 -4.55428E+01  2.16895E-28  1.43095E+06  2.00000E-03  9.40501E-01
 -4.54492E+01  2.16939E-28  1.43115E+06  2.00000E-03  9.16789E-01
 -4.53556E+01  2.17043E-28  1.43161E+06  2.00000E-03  8.60184E-01
 -4.52620E+01  2.17283E-28  1.43266E+06  2.00000E-03  6.54918E-01
 -4.51685E+01  2.17353E-28  1.43297E+06  2.00000E-03  5.81432E-01
 -4.50749E+01  2.17353E-28  1.43297E+06  2.00000E-03  5.81432E-01
 -4.49813E+01  2.17353E-28  1.43297E+06  2.00000E-03  5.81432E-01
 -4.48877E+01  2.17353E-28  1.43297E+06  2.00000E-03  5.81432E-01
 -4.47941E+01  2.17353E-28  1.43297E+06  2.00000E-03  5.81432E-01
 -4.47006E+01  2.17353E-28  1.43297E+06  2.00000E-03  5.81432E-01
 -4.46070E+01  2.17353E-28  1.43297E+06  2.00000E-03  5.81432E-01
 -4.45134E+01  2.17353E-28  1.43297E+06  2.00000E-03  5.81432E-01
 -4.44198E+01  2.17361E-28  1.43300E+06  2.00000E-03  5.69562E-01
 -4.43262E+01  2.17407E-28  1.43320E+06  2.00000E-03  5.00963E-01
 -4.42327E+01  2.17407E-28  1.43320E+06  2.00000E-03  5.00963E-01
 -4.41391E+01  2.17407E-28  1.43320E+06  2.00000E-03  5.00963E-01
 -4.40455E+01  2.17407E-28  1.43321E+06  2.00000E-03  5.01726E-01
 -4.39519E+01  2.17418E-28  1.43326E+06  2.00000E-03  5.11141E-01
 -4.38583E+01  2.17433E-28  1.43332E+06  2.00000E-03  5.23642E-01
 -4.37648E+01  2.17440E-28  1.43335E+06  2.00000E-03  5.29872E-01
 -4.36712E+01  2.17440E-28  1.43335E+06  2.00000E-03  5.29872E-01
 -4.35776E+01  2.17422E-28  1.43327E+06  2.00000E-03  5.41156E-01
 -4.34840E+01  2.17248E-28  1.43251E+06  2.00000E-03  6.59568E-01
 -4.33904E+01  2.17201E-28  1.43230E+06  2.00000E-03  6.96973E-01
 -4.32969E+01  2.17191E-28  1.43226E+06  2.00000E-03  7.10294E-01
 -4.32033E+01  2.17195E-28  1.43227E+06  2.00000E-03  7.05413E-01
 -4.31097E+01  2.17187E-28  1.43224E+06  2.00000E-03  7.16015E-01
 -4.30161E+01  2.17186E-28  1.43224E+06  2.00000E-03  7.17277E-01
 -4.29225E+01  2.17168E-28  1.43216E+06  2.00000E-03  7.43474E-01
 -4.28290E+01  2.17164E-28  1.43214E+06  2.00000E-03  7.49991E-01
 -4.27354E+01  2.17164E-28  1.43214E+06  2.00000E-03  7.49991E-01
 -4.26418E+01  2.17121E-28  1.43195E+06  2.00000E-03  7.77623E-01
 -4.25482E+01  2.17046E-28  1.43162E+06  2.00000E-03  8.25670E-01
 -4.24546E+01  2.17065E-28  1.43171E+06  2.00000E-03  8.34492E-01
 -4.23611E+01  2.17082E-28  1.43178E+06  2.00000E-03  8.39346E-01
 -4.22675E+01  2.17092E-28  1.43182E+06  2.00000E-03  8.42065E-01
 -4.21739E+01  2.17092E-28  1.43182E+06  2.00000E-03  8.42065E-01
 -4.20803E+01  2.17092E-28  1.43182E+06  2.00000E-03  8.42065E-01
 -4.19867E+01  2.17092E-28  1.43182E+06  2.00000E-03  8.42065E-01
 -4.18932E+01  2.17092E-28  1.43182E+06  2.00000E-03  8.42065E-01
 -4.17996E+01  2.17101E-28  1.43186E+06  2.00000E-03  8.34558E-01
 -4.17060E+01  2.17281E-28  1.43266E+06  2.00000E-03  6.83865E-01
 -4.16124E+01  2.17334E-28  1.43289E+06  2.00000E-03  6.39837E-01
 -4.15188E+01  2.17334E-28  1.43289E+06  2.00000E-03  6.39837E-01
 -4.14253E+01  2.17334E-28  1.43289E+06  2.00000E-03  6.39837E-01
 -4.13317E+01  2.17334E-28  1.43289E+06  2.00000E-03  6.39837E-01
 -4.12381E+01  2.17334E-28  1.43289E+06  2.00000E-03  6.39837E-01
 -4.11445E+01  2.17334E-28  1.43289E+06  2.00000E-03  6.39837E-01
 -4.10509E+01  2.17391E-28  1.43314E+06  2.00000E-03  5.97803E-01
 -4.09574E+01  2.17596E-28  1.43404E+06  2.00000E-03  4.45961E-01
 -4.08638E+01  2.18127E-28  1.43639E+06  2.00000E-03  2.59269E-02
 -4.07702E+01  2.18707E-28  1.43893E+06  2.00000E-03 -4.49267E-01
 -4.06766E+01  2.18719E-28  1.43898E+06  2.00000E-03 -4.59347E-01
 -4.05830E+01  2.18719E-28  1.43898E+06  2.00000E-03 -4.59347E-01
 -4.04895E+01  2.18719E-28  1.43898E+06  2.00000E-03 -4.59347E-01
 -4.03959E+01  2.18719E-28  1.43898E+06  2.00000E-03 -4.59347E-01
 -4.03023E+01  2.18719E-28  1.43898E+06  2.00000E-03 -4.59346E-01
 -4.02087E+01  2.18719E-28  1.43898E+06  2.00000E-03 -4.59346E-01
 -4.01151E+01  2.18719E-28  1.43898E+06  2.00000E-03 -4.59346E-01
 -4.00216E+01  2.18736E-28  1.43906E+06  2.00000E-03 -4.74341E-01
 -3.99280E+01  2.19131E-28  1.44079E+06  2.00000E-03 -8.17243E-01
 -3.98344E+01  2.19153E-28  1.44088E+06  2.00000E-03 -8.36164E-01
 -3.97408E+01  2.19153E-28  1.44088E+06  2.00000E-03 -8.36165E-01
 -3.96472E+01  2.19153E-28  1.44088E+06  2.00000E-03 -8.36165E-01
 -3.95537E+01  2.19190E-28  1.44105E+06  2.00000E-03 -8.79425E-01
 -3.94601E+01  2.19239E-28  1.44127E+06  2.00000E-03 -9.35987E-01
 -3.93665E+01  2.19277E-28  1.44144E+06  2.00000E-03 -9.79247E-01
 -3.92729E+01  2.19277E-28  1.44144E+06  2.00000E-03 -9.79248E-01
 -3.91793E+01  2.19277E-28  1.44144E+06  2.00000E-03 -9.79248E-01
 -3.90858E+01  2.18999E-28  1.44022E+06  2.00000E-03 -7.50595E-01
 -3.89922E+01  2.18615E-28  1.43853E+06  2.00000E-03 -4.34294E-01
 -3.88986E+01  2.18615E-28  1.43853E+06  2.00000E-03 -4.34294E-01
 -3.88050E+01  2.18615E-28  1.43853E+06  2.00000E-03 -4.34294E-01
 -3.87114E+01  2.18615E-28  1.43853E+06  2.00000E-03 -4.34294E-01
 -3.86179E+01  2.18615E-28  1.43853E+06  2.00000E-03 -4.34294E-01
 -3.85243E+01  2.18615E-28  1.43853E+06  2.00000E-03 -4.34294E-01
 -3.84307E+01  2.18594E-28  1.43844E+06  2.00000E-03 -4.20174E-01
 -3.83371E+01  2.18366E-28  1.43745E+06  2.00000E-03 -2.66891E-01
 -3.82435E+01  2.18176E-28  1.43662E+06  2.00000E-03 -1.03861E-01
 -3.81500E+01  2.16928E-28  1.43116E+06  2.00000E-03  9.16066E-01
 -3.80564E+01  2.16379E-28  1.42875E+06  2.00000E-03  1.33403E+00
 -3.79628E+01  2.15903E-28  1.42666E+06  2.00000E-03  1.69082E+00
 -3.78692E+01  2.15733E-28  1.42592E+06  2.00000E-03  1.79387E+00
 -3.77756E+01  2.15780E-28  1.42612E+06  2.00000E-03  1.76567E+00
 -3.76821E+01  2.15583E-28  1.42526E+06  2.00000E-03  1.88522E+00
 -3.75885E+01  2.15583E-28  1.42526E+06  2.00000E-03  1.88522E+00
 -3.74949E+01  2.15583E-28  1.42526E+06  2.00000E-03  1.88522E+00
 -3.74013E+01  2.15583E-28  1.42526E+06  2.00000E-03  1.88522E+00
 -3.73077E+01  2.15374E-28  1.42434E+06  2.00000E-03  2.08661E+00
 -3.72142E+01  2.15196E-28  1.42356E+06  2.00000E-03  2.25831E+00
 -3.71206E+01  2.15196E-28  1.42356E+06  2.00000E-03  2.25831E+00
 -3.70270E+01  2.15196E-28  1.42356E+06  2.00000E-03  2.25831E+00
 -3.69334E+01  2.15196E-28  1.42356E+06  2.00000E-03  2.25831E+00
 -3.68398E+01  2.15196E-28  1.42356E+06  2.00000E-03  2.25831E+00
 -3.67463E+01  2.15196E-28  1.42356E+06  2.00000E-03  2.25831E+00
 -3.66527E+01  2.15154E-28  1.42336E+06  2.00000E-03  2.27581E+00
 -3.65591E+01  2.15030E-28  1.42278E+06  2.00000E-03  2.32766E+00
 -3.64655E+01  2.14994E-28  1.42261E+06  2.00000E-03  2.32703E+00
 -3.63719E+01  2.15165E-28  1.42336E+06  2.00000E-03  2.18526E+00
 -3.62784E+01  2.15185E-28  1.42345E+06  2.00000E-03  2.16892E+00
 -3.61848E+01  2.15185E-28  1.42345E+06  2.00000E-03  2.16892E+00
 -3.60912E+01  2.15185E-28  1.42345E+06  2.00000E-03  2.16892E+00
 -3.59976E+01  2.15348E-28  1.42417E+06  2.00000E-03  2.02157E+00
 -3.59040E+01  2.15558E-28  1.42510E+06  2.00000E-03  1.83043E+00
 -3.58105E+01  2.15632E-28  1.42542E+06  2.00000E-03  1.75630E+00
 -3.57169E+01  2.15659E-28  1.42554E+06  2.00000E-03  1.72955E+00
 -3.56233E+01  2.15659E-28  1.42553E+06  2.00000E-03  1.73115E+00
 -3.55297E+01  2.15778E-28  1.42606E+06  2.00000E-03  1.61355E+00
 -3.54361E+01  2.15794E-28  1.42613E+06  2.00000E-03  1.59643E+00
 -3.53426E+01  2.15787E-28  1.42610E+06  2.00000E-03  1.60117E+00
 -3.52490E+01  2.15786E-28  1.42610E+06  2.00000E-03  1.60145E+00
 -3.51554E+01  2.15706E-28  1.42575E+06  2.00000E-03  1.65315E+00
 -3.50618E+01  2.15613E-28  1.42534E+06  2.00000E-03  1.68843E+00
 -3.49683E+01  2.15580E-28  1.42520E+06  2.00000E-03  1.71230E+00
 -3.48747E+01  2.15580E-28  1.42520E+06  2.00000E-03  1.71230E+00
 -3.47811E+01  2.15580E-28  1.42520E+06  2.00000E-03  1.71230E+00
 -3.46875E+01  2.15590E-28  1.42524E+06  2.00000E-03  1.68873E+00
 -3.45939E+01  2.15612E-28  1.42533E+06  2.00000E-03  1.63576E+00
 -3.45004E+01  2.15625E-28  1.42539E+06  2.00000E-03  1.63609E+00
 -3.44068E+01  2.15651E-28  1.42551E+06  2.00000E-03  1.63674E+00
 -3.43132E+01  2.15700E-28  1.42573E+06  2.00000E-03  1.63794E+00
 -3.42196E+01  2.15920E-28  1.42669E+06  2.00000E-03  1.42785E+00
 -3.41260E+01  2.16116E-28  1.42755E+06  2.00000E-03  1.24183E+00
 -3.40325E+01  2.16116E-28  1.42755E+06  2.00000E-03  1.24183E+00
 -3.39389E+01  2.16116E-28  1.42755E+06  2.00000E-03  1.24183E+00
 -3.38453E+01  2.16224E-28  1.42803E+06  2.00000E-03  1.14588E+00
 -3.37517E+01  2.16919E-28  1.43109E+06  2.00000E-03  5.57362E-01
 -3.36581E+01  2.17401E-28  1.43321E+06  2.00000E-03  1.87273E-01
 -3.35646E+01  2.17819E-28  1.43504E+06  2.00000E-03 -1.08424E-01
 -3.34710E+01  2.17862E-28  1.43523E+06  2.00000E-03 -1.39131E-01
 -3.33774E+01  2.17932E-28  1.43554E+06  2.00000E-03 -2.01301E-01
 -3.32838E+01  2.18394E-28  1.43757E+06  2.00000E-03 -6.10301E-01
 -3.31902E+01  2.18592E-28  1.43843E+06  2.00000E-03 -7.55287E-01
 -3.30967E+01  2.18657E-28  1.43872E+06  2.00000E-03 -7.94378E-01
 -3.30031E+01  2.18748E-28  1.43912E+06  2.00000E-03 -8.44276E-01
 -3.29095E+01  2.19031E-28  1.44036E+06  2.00000E-03 -9.98100E-01
 -3.28159E+01  2.19134E-28  1.44081E+06  2.00000E-03 -1.02131E+00
 -3.27223E+01  2.19153E-28  1.44090E+06  2.00000E-03 -1.02684E+00
 -3.26288E+01  2.19167E-28  1.44096E+06  2.00000E-03 -1.02552E+00
 -3.25352E+01  2.19193E-28  1.44107E+06  2.00000E-03 -1.02301E+00
 -3.24416E+01  2.18766E-28  1.43921E+06  2.00000E-03 -7.32754E-01
 -3.23480E+01  2.18604E-28  1.43849E+06  2.00000E-03 -6.22034E-01
 -3.22544E+01  2.18487E-28  1.43798E+06  2.00000E-03 -5.05297E-01
 -3.21609E+01  2.18308E-28  1.43720E+06  2.00000E-03 -3.26048E-01
 -3.20673E+01  2.18102E-28  1.43630E+06  2.00000E-03 -1.45631E-01
 -3.19737E+01  2.17446E-28  1.43342E+06  2.00000E-03  3.37480E-01
 -3.18801E+01  2.17310E-28  1.43282E+06  2.00000E-03  4.38395E-01
 -3.17865E+01  2.17310E-28  1.43282E+06  2.00000E-03  4.38395E-01
 -3.16930E+01  2.17310E-28  1.43282E+06  2.00000E-03  4.38395E-01
 -3.15994E+01  2.17199E-28  1.43233E+06  2.00000E-03  5.26988E-01
 -3.15058E+01  2.16666E-28  1.43000E+06  2.00000E-03  9.44022E-01
 -3.14122E+01  2.16563E-28  1.42955E+06  2.00000E-03  1.01252E+00
 -3.13186E+01  2.16516E-28  1.42934E+06  2.00000E-03  1.04415E+00
 -3.12251E+01  2.16516E-28  1.42934E+06  2.00000E-03  1.04415E+00
 -3.11315E+01  2.16490E-28  1.42922E+06  2.00000E-03  1.08929E+00
 -3.10379E+01  2.16467E-28  1.42912E+06  2.00000E-03  1.12973E+00
 -3.09443E+01  2.16467E-28  1.42912E+06  2.00000E-03  1.12973E+00
 -3.08507E+01  2.16467E-28  1.42912E+06  2.00000E-03  1.12973E+00
 -3.07572E+01  2.16523E-28  1.42937E+06  2.00000E-03  1.09277E+00
 -3.06636E+01  2.16915E-28  1.43110E+06  2.00000E-03  8.06111E-01
 -3.05700E+01  2.17109E-28  1.43196E+06  2.00000E-03  6.43150E-01
 -3.04764E+01  2.17138E-28  1.43209E+06  2.00000E-03  6.20593E-01
 -3.03828E+01  2.17128E-28  1.43204E+06  2.00000E-03  6.28519E-01
 -3.02893E+01  2.17213E-28  1.43242E+06  2.00000E-03  5.65442E-01
 -3.01957E+01  2.17583E-28  1.43405E+06  2.00000E-03  2.95633E-01
 -3.01021E+01  2.17629E-28  1.43425E+06  2.00000E-03  2.64463E-01
 -3.00085E+01  2.17831E-28  1.43515E+06  2.00000E-03  1.27538E-01
 -2.99149E+01  2.17981E-28  1.43581E+06  2.00000E-03  2.84744E-02
 -2.98214E+01  2.17956E-28  1.43570E+06  2.00000E-03  6.53939E-02
 -2.97278E+01  2.17912E-28  1.43551E+06  2.00000E-03  1.25587E-01
 -2.96342E+01  2.17911E-28  1.43550E+06  2.00000E-03  1.26938E-01
 -2.95406E+01  2.17911E-28  1.43550E+06  2.00000E-03  1.26938E-01
 -2.94470E+01  2.17911E-28  1.43550E+06  2.00000E-03  1.26938E-01
 -2.93535E+01  2.17805E-28  1.43503E+06  2.00000E-03  2.70691E-01
 -2.92599E+01  2.17624E-28  1.43424E+06  2.00000E-03  4.13594E-01
 -2.91663E+01  2.17406E-28  1.43329E+06  2.00000E-03  5.58909E-01
 -2.90727E+01  2.17380E-28  1.43317E+06  2.00000E-03  5.76766E-01
 -2.89791E+01  2.17331E-28  1.43295E+06  2.00000E-03  6.22709E-01
 -2.88856E+01  2.17098E-28  1.43192E+06  2.00000E-03  8.40351E-01
 -2.87920E+01  2.17049E-28  1.43170E+06  2.00000E-03  8.86808E-01
 -2.86984E+01  2.17049E-28  1.43170E+06  2.00000E-03  8.86808E-01
 -2.86048E+01  2.17028E-28  1.43161E+06  2.00000E-03  9.01341E-01
 -2.85112E+01  2.16491E-28  1.42926E+06  2.00000E-03  1.29042E+00
 -2.84177E+01  2.15605E-28  1.42536E+06  2.00000E-03  2.02553E+00
 -2.83241E+01  2.15590E-28  1.42529E+06  2.00000E-03  2.03880E+00
 -2.82305E+01  2.15590E-28  1.42529E+06  2.00000E-03  2.03880E+00
 -2.81369E+01  2.15522E-28  1.42500E+06  2.00000E-03  2.09375E+00
 -2.80433E+01  2.15118E-28  1.42322E+06  2.00000E-03  2.45825E+00
 -2.79498E+01  2.14601E-28  1.42094E+06  2.00000E-03  2.93598E+00
 -2.78562E+01  2.14428E-28  1.42019E+06  2.00000E-03  3.04779E+00
 -2.77626E+01  2.14288E-28  1.41960E+06  2.00000E-03  3.13894E+00
 -2.76690E+01  2.14141E-28  1.41897E+06  2.00000E-03  3.23847E+00
 -2.75754E+01  2.13982E-28  1.41826E+06  2.00000E-03  3.44589E+00
 -2.74819E+01  2.13901E-28  1.41790E+06  2.00000E-03  3.54062E+00
 -2.73883E+01  2.13894E-28  1.41787E+06  2.00000E-03  3.54426E+00
 -2.72947E+01  2.13894E-28  1.41787E+06  2.00000E-03  3.54426E+00
 -2.72011E+01  2.13926E-28  1.41801E+06  2.00000E-03  3.52686E+00
 -2.71075E+01  2.14260E-28  1.41944E+06  2.00000E-03  3.33933E+00
 -2.70140E+01  2.14209E-28  1.41919E+06  2.00000E-03  3.36038E+00
 -2.69204E+01  2.14544E-28  1.42065E+06  2.00000E-03  3.10137E+00
 -2.68268E+01  2.14800E-28  1.42178E+06  2.00000E-03  2.90080E+00
 -2.67332E+01  2.15211E-28  1.42358E+06  2.00000E-03  2.55252E+00
 -2.66396E+01  2.16295E-28  1.42834E+06  2.00000E-03  1.65661E+00
 -2.65461E+01  2.16633E-28  1.42983E+06  2.00000E-03  1.35447E+00
 -2.64525E+01  2.17500E-28  1.43364E+06  2.00000E-03  6.19675E-01
 -2.63589E+01  2.17877E-28  1.43529E+06  2.00000E-03  2.64823E-01
 -2.62653E+01  2.18736E-28  1.43907E+06  2.00000E-03 -4.22334E-01
 -2.61717E+01  2.19178E-28  1.44100E+06  2.00000E-03 -8.38298E-01
 -2.60782E+01  2.19340E-28  1.44171E+06  2.00000E-03 -9.83982E-01
 -2.59846E+01  2.19805E-28  1.44375E+06  2.00000E-03 -1.41827E+00
 -2.58910E+01  2.19791E-28  1.44369E+06  2.00000E-03 -1.44742E+00
 -2.57974E+01  2.19976E-28  1.44450E+06  2.00000E-03 -1.57779E+00
 -2.57038E+01  2.19975E-28  1.44449E+06  2.00000E-03 -1.58082E+00
 -2.56103E+01  2.19848E-28  1.44394E+06  2.00000E-03 -1.52381E+00
 -2.55167E+01  2.19686E-28  1.44323E+06  2.00000E-03 -1.43965E+00
 -2.54231E+01  2.19568E-28  1.44271E+06  2.00000E-03 -1.37557E+00
 -2.53295E+01  2.19324E-28  1.44164E+06  2.00000E-03 -1.17981E+00
 -2.52359E+01  2.19144E-28  1.44085E+06  2.00000E-03 -1.08131E+00
 -2.51424E+01  2.18623E-28  1.43857E+06  2.00000E-03 -7.19584E-01
 -2.50488E+01  2.18489E-28  1.43798E+06  2.00000E-03 -6.17070E-01
 -2.49552E+01  2.18272E-28  1.43703E+06  2.00000E-03 -4.58155E-01
 -2.48616E+01  2.17600E-28  1.43408E+06  2.00000E-03 -5.25866E-03
 -2.47680E+01  2.17343E-28  1.43295E+06  2.00000E-03  1.55026E-01
 -2.46745E+01  2.16957E-28  1.43126E+06  2.00000E-03  4.77155E-01
 -2.45809E+01  2.16794E-28  1.43054E+06  2.00000E-03  5.87008E-01
 -2.44873E+01  2.16395E-28  1.42878E+06  2.00000E-03  9.12794E-01
 -2.43937E+01  2.16037E-28  1.42721E+06  2.00000E-03  1.15911E+00
 -2.43001E+01  2.15815E-28  1.42623E+06  2.00000E-03  1.36470E+00
 -2.42066E+01  2.15318E-28  1.42404E+06  2.00000E-03  1.75479E+00
 -2.41130E+01  2.15119E-28  1.42316E+06  2.00000E-03  1.87878E+00
 -2.40194E+01  2.14498E-28  1.42042E+06  2.00000E-03  2.42433E+00
 -2.39258E+01  2.14424E-28  1.42010E+06  2.00000E-03  2.48835E+00
 -2.38322E+01  2.14056E-28  1.41847E+06  2.00000E-03  2.85059E+00
 -2.37387E+01  2.13748E-28  1.41711E+06  2.00000E-03  3.09549E+00
 -2.36451E+01  2.13596E-28  1.41644E+06  2.00000E-03  3.21622E+00
 -2.35515E+01  2.13423E-28  1.41567E+06  2.00000E-03  3.41484E+00
 -2.34579E+01  2.13403E-28  1.41559E+06  2.00000E-03  3.44733E+00
 -2.33643E+01  2.13415E-28  1.41564E+06  2.00000E-03  3.48916E+00
 -2.32708E+01  2.13456E-28  1.41582E+06  2.00000E-03  3.47099E+00
 -2.31772E+01  2.13556E-28  1.41627E+06  2.00000E-03  3.41880E+00
 -2.30836E+01  2.13760E-28  1.41717E+06  2.00000E-03  3.28389E+00
 -2.29900E+01  2.13915E-28  1.41785E+06  2.00000E-03  3.17079E+00
 -2.28965E+01  2.14243E-28  1.41930E+06  2.00000E-03  2.95140E+00
 -2.28029E+01  2.14236E-28  1.41927E+06  2.00000E-03  2.95695E+00
 -2.27093E+01  2.14452E-28  1.42023E+06  2.00000E-03  2.83474E+00
 -2.26157E+01  2.14568E-28  1.42074E+06  2.00000E-03  2.76426E+00
 -2.25221E+01  2.14548E-28  1.42066E+06  2.00000E-03  2.80678E+00
 -2.24286E+01  2.14488E-28  1.42040E+06  2.00000E-03  2.87399E+00
 -2.23350E+01  2.14474E-28  1.42034E+06  2.00000E-03  2.89992E+00
 -2.22414E+01  2.14318E-28  1.41965E+06  2.00000E-03  3.04982E+00
 -2.21478E+01  2.14271E-28  1.41944E+06  2.00000E-03  3.09182E+00
 -2.20542E+01  2.14133E-28  1.41883E+06  2.00000E-03  3.19891E+00
 -2.19607E+01  2.14122E-28  1.41879E+06  2.00000E-03  3.21218E+00
 -2.18671E+01  2.14156E-28  1.41893E+06  2.00000E-03  3.18473E+00
 -2.17735E+01  2.14136E-28  1.41885E+06  2.00000E-03  3.18928E+00
 -2.16799E+01  2.14233E-28  1.41927E+06  2.00000E-03  3.11851E+00
 -2.15863E+01  2.14491E-28  1.42042E+06  2.00000E-03  2.88133E+00
 -2.14928E+01  2.14710E-28  1.42138E+06  2.00000E-03  2.71451E+00
 -2.13992E+01  2.15287E-28  1.42393E+06  2.00000E-03  2.22667E+00
 -2.13056E+01  2.15519E-28  1.42496E+06  2.00000E-03  2.02263E+00
 -2.12120E+01  2.16179E-28  1.42787E+06  2.00000E-03  1.49447E+00
 -2.11184E+01  2.17211E-28  1.43242E+06  2.00000E-03  6.23408E-01
 -2.10249E+01  2.17561E-28  1.43396E+06  2.00000E-03  3.18333E-01
 -2.09313E+01  2.18519E-28  1.43817E+06  2.00000E-03 -4.65488E-01
 -2.08377E+01  2.18679E-28  1.43887E+06  2.00000E-03 -6.00336E-01
 -2.07441E+01  2.19137E-28  1.44089E+06  2.00000E-03 -9.75473E-01
 -2.06505E+01  2.19384E-28  1.44198E+06  2.00000E-03 -1.17145E+00
 -2.05570E+01  2.19341E-28  1.44179E+06  2.00000E-03 -1.13361E+00
 -2.04634E+01  2.19122E-28  1.44085E+06  2.00000E-03 -9.56364E-01
 -2.03698E+01  2.18809E-28  1.43948E+06  2.00000E-03 -7.44394E-01
 -2.02762E+01  2.18285E-28  1.43719E+06  2.00000E-03 -2.87941E-01
 -2.01826E+01  2.17880E-28  1.43541E+06  2.00000E-03  2.19246E-02
 -2.00891E+01  2.17244E-28  1.43262E+06  2.00000E-03  5.53366E-01
 -1.99955E+01  2.16734E-28  1.43039E+06  2.00000E-03  9.70686E-01
 -1.99019E+01  2.16602E-28  1.42981E+06  2.00000E-03  1.08139E+00
 -1.98083E+01  2.16384E-28  1.42885E+06  2.00000E-03  1.28373E+00
 -1.97147E+01  2.16262E-28  1.42832E+06  2.00000E-03  1.33643E+00
 -1.96212E+01  2.16332E-28  1.42864E+06  2.00000E-03  1.29593E+00
 -1.95276E+01  2.16359E-28  1.42876E+06  2.00000E-03  1.28344E+00
 -1.94340E+01  2.16351E-28  1.42872E+06  2.00000E-03  1.29729E+00
 -1.93404E+01  2.16323E-28  1.42862E+06  2.00000E-03  1.28844E+00
 -1.92468E+01  2.16259E-28  1.42834E+06  2.00000E-03  1.32678E+00
 -1.91533E+01  2.15943E-28  1.42695E+06  2.00000E-03  1.59145E+00
 -1.90597E+01  2.15633E-28  1.42559E+06  2.00000E-03  1.80455E+00
 -1.89661E+01  2.15041E-28  1.42301E+06  2.00000E-03  2.27138E+00
 -1.88725E+01  2.14587E-28  1.42102E+06  2.00000E-03  2.59182E+00
 -1.87789E+01  2.14347E-28  1.41997E+06  2.00000E-03  2.78015E+00
 -1.86854E+01  2.13699E-28  1.41713E+06  2.00000E-03  3.29527E+00
 -1.85918E+01  2.13474E-28  1.41616E+06  2.00000E-03  3.43635E+00
 -1.84982E+01  2.13045E-28  1.41428E+06  2.00000E-03  3.76581E+00
 -1.84046E+01  2.12910E-28  1.41370E+06  2.00000E-03  3.83772E+00
 -1.83110E+01  2.12940E-28  1.41386E+06  2.00000E-03  3.81399E+00
 -1.82175E+01  2.12945E-28  1.41393E+06  2.00000E-03  3.74655E+00
 -1.81239E+01  2.13077E-28  1.41453E+06  2.00000E-03  3.63448E+00
 -1.80303E+01  2.13437E-28  1.41610E+06  2.00000E-03  3.39386E+00
 -1.79367E+01  2.13529E-28  1.41650E+06  2.00000E-03  3.31773E+00
 -1.78431E+01  2.13721E-28  1.41731E+06  2.00000E-03  3.16508E+00
 -1.77496E+01  2.13809E-28  1.41765E+06  2.00000E-03  3.10793E+00
 -1.76560E+01  2.14161E-28  1.41915E+06  2.00000E-03  2.90732E+00
 -1.75624E+01  2.14633E-28  1.42120E+06  2.00000E-03  2.62935E+00
 -1.74688E+01  2.15154E-28  1.42348E+06  2.00000E-03  2.30941E+00
 -1.73752E+01  2.15872E-28  1.42661E+06  2.00000E-03  1.87592E+00
 -1.72817E+01  2.16362E-28  1.42876E+06  2.00000E-03  1.57891E+00
 -1.71881E+01  2.16751E-28  1.43043E+06  2.00000E-03  1.37970E+00
 -1.70945E+01  2.16648E-28  1.42997E+06  2.00000E-03  1.50542E+00
 -1.70009E+01  2.16403E-28  1.42889E+06  2.00000E-03  1.73052E+00
 -1.69073E+01  2.15966E-28  1.42696E+06  2.00000E-03  2.08272E+00
 -1.68138E+01  2.15355E-28  1.42427E+06  2.00000E-03  2.55615E+00
 -1.67202E+01  2.14821E-28  1.42191E+06  2.00000E-03  2.96406E+00
 -1.66266E+01  2.14522E-28  1.42060E+06  2.00000E-03  3.19220E+00
 -1.65330E+01  2.14398E-28  1.42004E+06  2.00000E-03  3.26522E+00
 -1.64394E+01  2.14531E-28  1.42063E+06  2.00000E-03  3.16919E+00
 -1.63459E+01  2.14849E-28  1.42203E+06  2.00000E-03  2.93401E+00
 -1.62523E+01  2.15124E-28  1.42325E+06  2.00000E-03  2.75711E+00
 -1.61587E+01  2.15194E-28  1.42356E+06  2.00000E-03  2.73794E+00
 -1.60651E+01  2.15149E-28  1.42336E+06  2.00000E-03  2.82034E+00
 -1.59715E+01  2.14883E-28  1.42219E+06  2.00000E-03  3.09630E+00
 -1.58780E+01  2.14665E-28  1.42123E+06  2.00000E-03  3.34492E+00
 -1.57844E+01  2.14775E-28  1.42172E+06  2.00000E-03  3.35750E+00
 -1.56908E+01  2.15128E-28  1.42328E+06  2.00000E-03  3.16409E+00
 -1.55972E+01  2.16638E-28  1.42996E+06  2.00000E-03  2.09816E+00
 -1.55036E+01  2.18586E-28  1.43854E+06  2.00000E-03  6.45707E-01
 -1.54101E+01  2.21963E-28  1.45334E+06  2.00000E-03 -1.94980E+00
 -1.53165E+01  2.23887E-28  1.46173E+06  2.00000E-03 -3.42284E+00
 -1.52229E+01  2.24288E-28  1.46348E+06  2.00000E-03 -3.80703E+00
 -1.51293E+01  2.23987E-28  1.46218E+06  2.00000E-03 -3.66480E+00
 -1.50357E+01  2.23050E-28  1.45811E+06  2.00000E-03 -3.02595E+00
 -1.49422E+01  2.21920E-28  1.45320E+06  2.00000E-03 -2.22290E+00
 -1.48486E+01  2.20208E-28  1.44572E+06  2.00000E-03 -9.80190E-01
 -1.47550E+01  2.19341E-28  1.44193E+06  2.00000E-03 -3.38840E-01
 -1.46614E+01  2.18252E-28  1.43715E+06  2.00000E-03  4.61136E-01
 -1.45678E+01  2.17367E-28  1.43326E+06  2.00000E-03  1.11757E+00
 -1.44743E+01  2.16708E-28  1.43036E+06  2.00000E-03  1.58755E+00
 -1.43807E+01  2.16297E-28  1.42855E+06  2.00000E-03  1.88402E+00
 -1.42871E+01  2.15875E-28  1.42670E+06  2.00000E-03  2.17352E+00
 -1.41935E+01  2.15677E-28  1.42582E+06  2.00000E-03  2.29857E+00
 -1.40999E+01  2.15406E-28  1.42462E+06  2.00000E-03  2.45160E+00
 -1.40064E+01  2.15216E-28  1.42378E+06  2.00000E-03  2.54920E+00
 -1.39128E+01  2.15067E-28  1.42312E+06  2.00000E-03  2.61625E+00
 -1.38192E+01  2.14979E-28  1.42273E+06  2.00000E-03  2.66201E+00
 -1.37256E+01  2.14957E-28  1.42262E+06  2.00000E-03  2.63978E+00
 -1.36320E+01  2.14953E-28  1.42260E+06  2.00000E-03  2.62690E+00
 -1.35385E+01  2.14970E-28  1.42267E+06  2.00000E-03  2.60754E+00
 -1.34449E+01  2.14998E-28  1.42278E+06  2.00000E-03  2.61041E+00
 -1.33513E+01  2.15078E-28  1.42313E+06  2.00000E-03  2.62252E+00
 -1.32577E+01  2.15149E-28  1.42344E+06  2.00000E-03  2.66956E+00
 -1.31641E+01  2.15065E-28  1.42306E+06  2.00000E-03  2.77758E+00
 -1.30706E+01  2.15016E-28  1.42284E+06  2.00000E-03  2.86523E+00
 -1.29770E+01  2.15023E-28  1.42286E+06  2.00000E-03  2.96362E+00
 -1.28834E+01  2.15067E-28  1.42305E+06  2.00000E-03  3.00808E+00
 -1.27898E+01  2.15105E-28  1.42322E+06  2.00000E-03  3.04048E+00
 -1.26962E+01  2.15250E-28  1.42385E+06  2.00000E-03  3.01511E+00
 -1.26027E+01  2.15539E-28  1.42513E+06  2.00000E-03  2.93320E+00
 -1.25091E+01  2.15824E-28  1.42639E+06  2.00000E-03  2.83929E+00
 -1.24155E+01  2.15992E-28  1.42713E+06  2.00000E-03  2.77552E+00
 -1.23219E+01  2.16089E-28  1.42756E+06  2.00000E-03  2.72544E+00
 -1.22283E+01  2.16119E-28  1.42770E+06  2.00000E-03  2.72073E+00
 -1.21348E+01  2.16110E-28  1.42766E+06  2.00000E-03  2.72588E+00
 -1.20412E+01  2.16066E-28  1.42747E+06  2.00000E-03  2.79034E+00
 -1.19476E+01  2.15934E-28  1.42690E+06  2.00000E-03  2.91222E+00
 -1.18540E+01  2.15697E-28  1.42586E+06  2.00000E-03  3.05229E+00
 -1.17604E+01  2.15331E-28  1.42425E+06  2.00000E-03  3.28017E+00
 -1.16669E+01  2.14923E-28  1.42245E+06  2.00000E-03  3.55591E+00
 -1.15733E+01  2.14304E-28  1.41972E+06  2.00000E-03  3.93707E+00
 -1.14797E+01  2.13803E-28  1.41751E+06  2.00000E-03  4.27037E+00
 -1.13861E+01  2.13330E-28  1.41542E+06  2.00000E-03  4.57004E+00
 -1.12925E+01  2.12980E-28  1.41387E+06  2.00000E-03  4.77805E+00
 -1.11990E+01  2.12936E-28  1.41368E+06  2.00000E-03  4.70558E+00
 -1.11054E+01  2.13207E-28  1.41489E+06  2.00000E-03  4.38679E+00
 -1.10118E+01  2.14223E-28  1.41939E+06  2.00000E-03  3.46561E+00
 -1.09182E+01  2.15505E-28  1.42506E+06  2.00000E-03  2.38310E+00
 -1.08246E+01  2.16668E-28  1.43018E+06  2.00000E-03  1.39979E+00
 -1.07311E+01  2.17455E-28  1.43363E+06  2.00000E-03  7.30731E-01
 -1.06375E+01  2.17634E-28  1.43442E+06  2.00000E-03  5.65489E-01
 -1.05439E+01  2.17479E-28  1.43373E+06  2.00000E-03  6.44827E-01
 -1.04503E+01  2.17063E-28  1.43190E+06  2.00000E-03  8.94059E-01
 -1.03567E+01  2.16754E-28  1.43054E+06  2.00000E-03  1.10588E+00
 -1.02632E+01  2.16277E-28  1.42844E+06  2.00000E-03  1.41396E+00
 -1.01696E+01  2.15974E-28  1.42710E+06  2.00000E-03  1.62659E+00
 -1.00760E+01  2.15656E-28  1.42570E+06  2.00000E-03  1.85416E+00
 -9.98243E+00  2.15332E-28  1.42427E+06  2.00000E-03  2.12604E+00
 -9.88885E+00  2.14919E-28  1.42244E+06  2.00000E-03  2.45703E+00
 -9.79527E+00  2.14611E-28  1.42108E+06  2.00000E-03  2.70187E+00
 -9.70169E+00  2.14226E-28  1.41938E+06  2.00000E-03  3.00142E+00
 -9.60811E+00  2.13909E-28  1.41798E+06  2.00000E-03  3.24476E+00
 -9.51453E+00  2.13582E-28  1.41654E+06  2.00000E-03  3.51845E+00
 -9.42095E+00  2.13380E-28  1.41564E+06  2.00000E-03  3.71143E+00
 -9.32737E+00  2.13236E-28  1.41501E+06  2.00000E-03  3.84110E+00
 -9.23379E+00  2.13238E-28  1.41502E+06  2.00000E-03  3.83446E+00
 -9.14021E+00  2.13337E-28  1.41547E+06  2.00000E-03  3.76901E+00
 -9.04663E+00  2.13529E-28  1.41633E+06  2.00000E-03  3.64202E+00
 -8.95305E+00  2.13823E-28  1.41763E+06  2.00000E-03  3.45284E+00
 -8.85947E+00  2.14030E-28  1.41856E+06  2.00000E-03  3.30206E+00
 -8.76589E+00  2.14350E-28  1.41999E+06  2.00000E-03  3.11434E+00
 -8.67231E+00  2.14473E-28  1.42054E+06  2.00000E-03  3.05797E+00
 -8.57873E+00  2.14490E-28  1.42063E+06  2.00000E-03  3.08132E+00
 -8.48515E+00  2.14393E-28  1.42021E+06  2.00000E-03  3.17940E+00
 -8.39157E+00  2.14185E-28  1.41930E+06  2.00000E-03  3.37492E+00
 -8.29799E+00  2.13879E-28  1.41796E+06  2.00000E-03  3.64979E+00
 -8.20441E+00  2.13444E-28  1.41604E+06  2.00000E-03  4.04531E+00
 -8.11083E+00  2.12987E-28  1.41403E+06  2.00000E-03  4.47445E+00
 -8.01725E+00  2.12622E-28  1.41241E+06  2.00000E-03  4.82077E+00
 -7.92367E+00  2.12398E-28  1.41143E+06  2.00000E-03  5.03226E+00
 -7.83009E+00  2.12344E-28  1.41119E+06  2.00000E-03  5.12632E+00
 -7.73651E+00  2.12493E-28  1.41185E+06  2.00000E-03  5.05755E+00
 -7.64293E+00  2.12989E-28  1.41406E+06  2.00000E-03  4.68580E+00
 -7.54935E+00  2.13899E-28  1.41808E+06  2.00000E-03  4.01984E+00
 -7.45577E+00  2.15132E-28  1.42353E+06  2.00000E-03  3.10988E+00
 -7.36219E+00  2.16366E-28  1.42896E+06  2.00000E-03  2.17999E+00
 -7.26861E+00  2.17374E-28  1.43339E+06  2.00000E-03  1.39527E+00
 -7.17503E+00  2.18500E-28  1.43834E+06  2.00000E-03  5.00738E-01
 -7.08145E+00  2.19547E-28  1.44292E+06  2.00000E-03 -3.27828E-01
 -6.98787E+00  2.20494E-28  1.44706E+06  2.00000E-03 -1.06055E+00
 -6.89429E+00  2.21149E-28  1.44993E+06  2.00000E-03 -1.55493E+00
 -6.80071E+00  2.21492E-28  1.45143E+06  2.00000E-03 -1.78677E+00
 -6.70714E+00  2.21465E-28  1.45131E+06  2.00000E-03 -1.74166E+00
 -6.61355E+00  2.21005E-28  1.44930E+06  2.00000E-03 -1.35486E+00
 -6.51998E+00  2.20440E-28  1.44683E+06  2.00000E-03 -9.01449E-01
 -6.42640E+00  2.19717E-28  1.44367E+06  2.00000E-03 -3.15070E-01
 -6.33282E+00  2.19162E-28  1.44123E+06  2.00000E-03  1.32300E-01
 -6.23924E+00  2.18185E-28  1.43694E+06  2.00000E-03  9.03967E-01
 -6.14566E+00  2.17192E-28  1.43258E+06  2.00000E-03  1.65517E+00
 -6.05208E+00  2.16408E-28  1.42912E+06  2.00000E-03  2.25960E+00
 -5.95850E+00  2.16004E-28  1.42733E+06  2.00000E-03  2.58826E+00
 -5.86492E+00  2.15455E-28  1.42489E+06  2.00000E-03  3.01582E+00
 -5.77134E+00  2.15224E-28  1.42387E+06  2.00000E-03  3.21617E+00
 -5.67776E+00  2.14989E-28  1.42282E+06  2.00000E-03  3.42524E+00
 -5.58418E+00  2.14811E-28  1.42202E+06  2.00000E-03  3.55553E+00
 -5.49060E+00  2.14873E-28  1.42228E+06  2.00000E-03  3.52417E+00
 -5.39702E+00  2.15068E-28  1.42314E+06  2.00000E-03  3.40363E+00
 -5.30344E+00  2.15344E-28  1.42434E+06  2.00000E-03  3.19788E+00
 -5.20986E+00  2.15519E-28  1.42511E+06  2.00000E-03  3.06739E+00
 -5.11628E+00  2.15735E-28  1.42605E+06  2.00000E-03  2.89099E+00
 -5.02270E+00  2.15782E-28  1.42626E+06  2.00000E-03  2.81320E+00
 -4.92912E+00  2.15759E-28  1.42616E+06  2.00000E-03  2.73158E+00
 -4.83554E+00  2.15848E-28  1.42656E+06  2.00000E-03  2.53665E+00
 -4.74196E+00  2.16134E-28  1.42783E+06  2.00000E-03  2.21723E+00
 -4.64838E+00  2.16655E-28  1.43013E+06  2.00000E-03  1.72278E+00
 -4.55480E+00  2.17599E-28  1.43428E+06  2.00000E-03  9.13685E-01
 -4.46122E+00  2.18559E-28  1.43850E+06  2.00000E-03  1.06665E-01
 -4.36764E+00  2.19410E-28  1.44222E+06  2.00000E-03 -6.10903E-01
 -4.27406E+00  2.20099E-28  1.44524E+06  2.00000E-03 -1.21322E+00
 -4.18048E+00  2.20237E-28  1.44585E+06  2.00000E-03 -1.39381E+00
 -4.08690E+00  2.20253E-28  1.44592E+06  2.00000E-03 -1.48680E+00
 -3.99332E+00  2.20343E-28  1.44631E+06  2.00000E-03 -1.67644E+00
 -3.89974E+00  2.20690E-28  1.44784E+06  2.00000E-03 -2.02826E+00
 -3.80616E+00  2.21302E-28  1.45052E+06  2.00000E-03 -2.58996E+00
 -3.71258E+00  2.22130E-28  1.45414E+06  2.00000E-03 -3.32615E+00
 -3.61900E+00  2.23215E-28  1.45888E+06  2.00000E-03 -4.18075E+00
 -3.52542E+00  2.23984E-28  1.46223E+06  2.00000E-03 -4.83107E+00
 -3.43184E+00  2.24228E-28  1.46330E+06  2.00000E-03 -5.13515E+00
 -3.33826E+00  2.24144E-28  1.46294E+06  2.00000E-03 -5.18630E+00
 -3.24468E+00  2.23878E-28  1.46179E+06  2.00000E-03 -5.09691E+00
 -3.15110E+00  2.23357E-28  1.45953E+06  2.00000E-03 -4.81027E+00
 -3.05752E+00  2.22762E-28  1.45694E+06  2.00000E-03 -4.43152E+00
 -2.96394E+00  2.21999E-28  1.45362E+06  2.00000E-03 -3.96546E+00
 -2.87036E+00  2.21643E-28  1.45206E+06  2.00000E-03 -3.72197E+00
 -2.77678E+00  2.21209E-28  1.45016E+06  2.00000E-03 -3.44816E+00
 -2.68320E+00  2.20984E-28  1.44917E+06  2.00000E-03 -3.28224E+00
 -2.58962E+00  2.20853E-28  1.44859E+06  2.00000E-03 -3.15930E+00
 -2.49604E+00  2.20813E-28  1.44841E+06  2.00000E-03 -3.11125E+00
 -2.40246E+00  2.20990E-28  1.44918E+06  2.00000E-03 -3.15166E+00
 -2.30888E+00  2.21133E-28  1.44980E+06  2.00000E-03 -3.19415E+00
 -2.21530E+00  2.21174E-28  1.44999E+06  2.00000E-03 -3.13357E+00
 -2.12172E+00  2.21088E-28  1.44962E+06  2.00000E-03 -3.03130E+00
 -2.02814E+00  2.20755E-28  1.44817E+06  2.00000E-03 -2.74564E+00
 -1.93456E+00  2.20455E-28  1.44687E+06  2.00000E-03 -2.52335E+00
 -1.84098E+00  2.19859E-28  1.44427E+06  2.00000E-03 -2.07875E+00
 -1.74740E+00  2.19000E-28  1.44052E+06  2.00000E-03 -1.50357E+00
 -1.65382E+00  2.18349E-28  1.43769E+06  2.00000E-03 -1.00711E+00
 -1.56024E+00  2.17641E-28  1.43459E+06  2.00000E-03 -5.18645E-01
 -1.46666E+00  2.16819E-28  1.43101E+06  2.00000E-03  1.06452E-01
 -1.37308E+00  2.16281E-28  1.42866E+06  2.00000E-03  5.03413E-01
 -1.27950E+00  2.15491E-28  1.42521E+06  2.00000E-03  1.12965E+00
 -1.18592E+00  2.14849E-28  1.42241E+06  2.00000E-03  1.59822E+00
 -1.09234E+00  2.14191E-28  1.41955E+06  2.00000E-03  2.08652E+00
 -9.98764E-01  2.13162E-28  1.41503E+06  2.00000E-03  2.76444E+00
 -9.05184E-01  2.12342E-28  1.41145E+06  2.00000E-03  3.39149E+00
 -8.11604E-01  2.11785E-28  1.40900E+06  2.00000E-03  3.81272E+00
 -7.18024E-01  2.11133E-28  1.40615E+06  2.00000E-03  4.32555E+00
 -6.24444E-01  2.10941E-28  1.40532E+06  2.00000E-03  4.48513E+00
 -5.30865E-01  2.11063E-28  1.40588E+06  2.00000E-03  4.43246E+00
 -4.37285E-01  2.12037E-28  1.41025E+06  2.00000E-03  3.76691E+00
 -3.43705E-01  2.14189E-28  1.41981E+06  2.00000E-03  2.25181E+00
 -2.50125E-01  2.17788E-28  1.43574E+06  2.00000E-03 -3.07957E-01
 -1.56545E-01  2.20834E-28  1.44905E+06  2.00000E-03 -2.46041E+00
 -6.29653E-02  2.21636E-28  1.45253E+06  2.00000E-03 -3.05663E+00
  3.06145E-02  2.21898E-28  1.45363E+06  2.00000E-03 -3.29932E+00
  1.24194E-01  2.21590E-28  1.45226E+06  2.00000E-03 -3.15363E+00
  2.17774E-01  2.20469E-28  1.44738E+06  2.00000E-03 -2.43490E+00
  3.11354E-01  2.18628E-28  1.43933E+06  2.00000E-03 -1.26850E+00
  4.04934E-01  2.17179E-28  1.43293E+06  2.00000E-03 -4.52859E-01
  4.98514E-01  2.16143E-28  1.42832E+06  2.00000E-03  7.06326E-02
  5.92094E-01  2.15136E-28  1.42384E+06  2.00000E-03  5.69293E-01
  6.85673E-01  2.14391E-28  1.42048E+06  2.00000E-03  8.54248E-01
  7.79253E-01  2.13932E-28  1.41840E+06  2.00000E-03  8.81660E-01
  8.72833E-01  2.14039E-28  1.41882E+06  2.00000E-03  5.46007E-01
  9.66413E-01  2.14546E-28  1.42104E+06  2.00000E-03 -2.36684E-01
  1.05999E+00  2.15411E-28  1.42481E+06  2.00000E-03 -1.11194E+00
  1.15357E+00  2.16451E-28  1.42937E+06  2.00000E-03 -2.17338E+00
  1.24715E+00  2.17502E-28  1.43399E+06  2.00000E-03 -3.23767E+00
  1.34073E+00  2.18084E-28  1.43656E+06  2.00000E-03 -3.99727E+00
  1.43431E+00  2.18597E-28  1.43884E+06  2.00000E-03 -4.70503E+00
  1.52789E+00  2.18863E-28  1.44004E+06  2.00000E-03 -5.42539E+00
  1.62147E+00  2.19220E-28  1.44164E+06  2.00000E-03 -6.24615E+00
  1.71505E+00  2.19715E-28  1.44384E+06  2.00000E-03 -6.95033E+00
  1.80863E+00  2.20529E-28  1.44745E+06  2.00000E-03 -7.86091E+00
  1.90221E+00  2.21286E-28  1.45079E+06  2.00000E-03 -8.64650E+00
  1.99579E+00  2.22194E-28  1.45480E+06  2.00000E-03 -9.45960E+00
  2.08937E+00  2.23505E-28  1.46054E+06  2.00000E-03 -1.06019E+01
  2.18295E+00  2.24606E-28  1.46534E+06  2.00000E-03 -1.14982E+01
  2.27653E+00  2.25167E-28  1.46775E+06  2.00000E-03 -1.17969E+01
  2.37011E+00  2.26152E-28  1.47201E+06  2.00000E-03 -1.23290E+01
  2.46369E+00  2.26714E-28  1.47444E+06  2.00000E-03 -1.25434E+01
  2.55727E+00  2.27086E-28  1.47603E+06  2.00000E-03 -1.25259E+01
  2.65085E+00  2.27477E-28  1.47772E+06  2.00000E-03 -1.27080E+01
  2.74443E+00  2.27845E-28  1.47930E+06  2.00000E-03 -1.29759E+01
  2.83801E+00  2.28459E-28  1.48197E+06  2.00000E-03 -1.38390E+01
  2.93159E+00  2.28866E-28  1.48372E+06  2.00000E-03 -1.42346E+01
  3.02517E+00  2.28974E-28  1.48417E+06  2.00000E-03 -1.41728E+01
  3.11875E+00  2.28940E-28  1.48404E+06  2.00000E-03 -1.41011E+01
  3.21233E+00  2.28633E-28  1.48361E+06  1.99999E-03 -1.38704E+01
  3.30591E+00  2.27950E-28  1.48422E+06  1.99990E-03 -1.32036E+01
  3.39949E+00  2.26747E-28  1.48084E+06  1.99852E-03 -1.13790E+01
  3.49307E+00  2.26134E-28  1.45817E+06  1.98074E-03 -9.59639E+00
  3.58665E+00  2.30145E-28  1.41673E+06  1.94177E-03 -9.78313E+00
  3.68023E+00  2.49386E-28  1.28013E+06  1.82139E-03 -1.27356E+01
  3.77381E+00  2.82369E-28  1.12063E+06  1.68906E-03 -1.76258E+01
  3.86739E+00  3.52051E-28  8.71579E+05  1.49563E-03 -2.07895E+01
  3.96097E+00  3.90013E-28  7.68287E+05  1.41558E-03 -2.04886E+01
  4.05455E+00  5.16259E-28  5.54094E+05  1.24503E-03 -2.42994E+01
  4.14813E+00  6.63425E-28  4.06875E+05  1.11306E-03 -3.21607E+01
  4.24171E+00  6.84518E-28  3.78253E+05  1.08760E-03 -3.35432E+01
  4.33529E+00  6.76623E-28  3.73808E+05  1.08148E-03 -3.53455E+01
  4.42887E+00  6.25955E-28  3.98384E+05  1.10448E-03 -3.30444E+01
  4.52245E+00  5.82381E-28  4.21117E+05  1.12891E-03 -2.91314E+01
  4.61603E+00  5.28972E-28  4.64861E+05  1.15692E-03 -2.94580E+01
  4.70961E+00  4.60686E-28  5.45007E+05  1.21967E-03 -2.45378E+01
  4.80319E+00  4.22617E-28  6.09218E+05  1.26082E-03 -3.00600E+01
  4.89677E+00  3.35422E-28  8.00031E+05  1.43886E-03 -2.45153E+01
  4.99035E+00  2.82765E-28  9.83147E+05  1.60724E-03 -1.97910E+01
  5.08393E+00  2.31160E-28  1.24724E+06  1.85842E-03 -1.24574E+01
  5.17751E+00  2.15523E-28  1.37159E+06  1.96466E-03 -7.81440E+00
  5.27109E+00  2.13254E-28  1.41343E+06  1.99062E-03 -6.61278E+00
  5.36467E+00  2.14581E-28  1.42690E+06  1.99734E-03 -7.29172E+00
  5.45825E+00  2.16704E-28  1.43309E+06  1.99960E-03 -8.68026E+00
  5.55183E+00  2.18046E-28  1.43657E+06  1.99991E-03 -9.34171E+00
  5.64541E+00  2.18865E-28  1.43989E+06  1.99999E-03 -9.33929E+00
  5.73899E+00  2.19510E-28  1.44288E+06  2.00000E-03 -9.10146E+00
  5.83257E+00  2.20014E-28  1.44516E+06  2.00000E-03 -8.57008E+00
  5.92615E+00  2.20339E-28  1.44659E+06  2.00000E-03 -7.96454E+00
  6.01973E+00  2.20753E-28  1.44839E+06  2.00000E-03 -8.12425E+00
  6.11331E+00  2.20774E-28  1.44846E+06  2.00000E-03 -7.38621E+00
  6.20688E+00  2.20863E-28  1.44883E+06  2.00000E-03 -6.95652E+00
  6.30046E+00  2.21024E-28  1.44952E+06  2.00000E-03 -6.51418E+00
  6.39404E+00  2.20918E-28  1.44903E+06  2.00000E-03 -5.98192E+00
  6.48762E+00  2.20786E-28  1.44843E+06  2.00000E-03 -5.46151E+00
  6.58120E+00  2.20789E-28  1.44844E+06  2.00000E-03 -5.00453E+00
  6.67478E+00  2.20747E-28  1.44826E+06  2.00000E-03 -4.70122E+00
  6.76836E+00  2.20539E-28  1.44735E+06  2.00000E-03 -4.19101E+00
  6.86194E+00  2.20206E-28  1.44590E+06  2.00000E-03 -3.68727E+00
  6.95552E+00  2.19605E-28  1.44327E+06  2.00000E-03 -3.05242E+00
  7.04910E+00  2.19186E-28  1.44144E+06  2.00000E-03 -2.60858E+00
  7.14268E+00  2.18496E-28  1.43842E+06  2.00000E-03 -1.99356E+00
  7.23626E+00  2.17812E-28  1.43541E+06  2.00000E-03 -1.53570E+00
  7.32984E+00  2.16856E-28  1.43122E+06  2.00000E-03 -7.44818E-01
  7.42342E+00  2.15986E-28  1.42739E+06  2.00000E-03 -2.38292E-01
  7.51700E+00  2.14984E-28  1.42296E+06  2.00000E-03  2.66331E-01
  7.61058E+00  2.14156E-28  1.41930E+06  2.00000E-03  7.66169E-01
  7.70416E+00  2.13048E-28  1.41439E+06  2.00000E-03  1.34708E+00
  7.79774E+00  2.12449E-28  1.41173E+06  2.00000E-03  1.71469E+00
  7.89132E+00  2.11790E-28  1.40880E+06  2.00000E-03  2.07579E+00
  7.98490E+00  2.11753E-28  1.40862E+06  2.00000E-03  1.97549E+00
  8.07848E+00  2.12215E-28  1.41067E+06  2.00000E-03  1.49510E+00
  8.17206E+00  2.13144E-28  1.41478E+06  2.00000E-03  7.74884E-01
  8.26564E+00  2.15100E-28  1.42345E+06  2.00000E-03 -6.22497E-01
  8.35922E+00  2.17084E-28  1.43217E+06  2.00000E-03 -1.84219E+00
  8.45280E+00  2.18980E-28  1.44049E+06  2.00000E-03 -3.05300E+00
  8.54638E+00  2.20038E-28  1.44513E+06  2.00000E-03 -3.63876E+00
  8.63996E+00  2.20732E-28  1.44818E+06  2.00000E-03 -4.02961E+00
  8.73354E+00  2.21301E-28  1.45068E+06  2.00000E-03 -4.20472E+00
  8.82712E+00  2.21585E-28  1.45195E+06  2.00000E-03 -4.25333E+00
  8.92070E+00  2.22006E-28  1.45379E+06  2.00000E-03 -4.31362E+00
  9.01428E+00  2.21942E-28  1.45352E+06  2.00000E-03 -4.29031E+00
  9.10786E+00  2.22007E-28  1.45381E+06  2.00000E-03 -4.27034E+00
  9.20144E+00  2.21828E-28  1.45307E+06  2.00000E-03 -4.15329E+00
  9.29502E+00  2.21653E-28  1.45237E+06  2.00000E-03 -3.96833E+00
  9.38860E+00  2.21247E-28  1.45064E+06  2.00000E-03 -3.80600E+00
  9.48218E+00  2.20838E-28  1.44890E+06  2.00000E-03 -3.49152E+00
  9.57576E+00  2.20107E-28  1.44572E+06  2.00000E-03 -3.14917E+00
  9.66934E+00  2.19368E-28  1.44246E+06  2.00000E-03 -2.74606E+00
  9.76292E+00  2.18563E-28  1.43887E+06  2.00000E-03 -2.35242E+00
  9.85650E+00  2.17772E-28  1.43533E+06  2.00000E-03 -1.88286E+00
  9.95008E+00  2.17045E-28  1.43208E+06  2.00000E-03 -1.39639E+00
  1.00437E+01  2.16305E-28  1.42878E+06  2.00000E-03 -8.87071E-01
  1.01372E+01  2.15650E-28  1.42585E+06  2.00000E-03 -5.08336E-01
  1.02308E+01  2.14878E-28  1.42242E+06  2.00000E-03  8.65362E-02
  1.03244E+01  2.14340E-28  1.42002E+06  2.00000E-03  4.63299E-01
  1.04180E+01  2.13751E-28  1.41740E+06  2.00000E-03  8.57281E-01
  1.05116E+01  2.13436E-28  1.41600E+06  2.00000E-03  1.16726E+00
  1.06051E+01  2.13106E-28  1.41453E+06  2.00000E-03  1.31306E+00
  1.06987E+01  2.12794E-28  1.41315E+06  2.00000E-03  1.50188E+00
  1.07923E+01  2.12480E-28  1.41175E+06  2.00000E-03  1.57504E+00
  1.08859E+01  2.12244E-28  1.41071E+06  2.00000E-03  1.64291E+00
  1.09795E+01  2.11852E-28  1.40899E+06  2.00000E-03  1.77149E+00
  1.10730E+01  2.11408E-28  1.40704E+06  2.00000E-03  1.94468E+00
  1.11666E+01  2.11157E-28  1.40593E+06  2.00000E-03  2.03786E+00
  1.12602E+01  2.10295E-28  1.40211E+06  2.00000E-03  2.50150E+00
  1.13538E+01  2.09745E-28  1.39966E+06  2.00000E-03  2.75830E+00
  1.14474E+01  2.09279E-28  1.39757E+06  2.00000E-03  3.00144E+00
  1.15409E+01  2.08789E-28  1.39536E+06  2.00000E-03  3.26177E+00
  1.16345E+01  2.08462E-28  1.39389E+06  2.00000E-03  3.42996E+00
  1.17281E+01  2.08333E-28  1.39330E+06  2.00000E-03  3.52425E+00
  1.18217E+01  2.07980E-28  1.39171E+06  2.00000E-03  3.66260E+00
  1.19153E+01  2.08136E-28  1.39240E+06  2.00000E-03  3.61478E+00
  1.20088E+01  2.08242E-28  1.39288E+06  2.00000E-03  3.57260E+00
  1.21024E+01  2.08544E-28  1.39422E+06  2.00000E-03  3.46923E+00
  1.21960E+01  2.08801E-28  1.39537E+06  2.00000E-03  3.38044E+00
  1.22896E+01  2.09131E-28  1.39684E+06  2.00000E-03  3.30090E+00
  1.23832E+01  2.09713E-28  1.39943E+06  2.00000E-03  3.10210E+00
  1.24767E+01  2.10063E-28  1.40098E+06  2.00000E-03  3.05606E+00
  1.25703E+01  2.10826E-28  1.40436E+06  2.00000E-03  2.82742E+00
  1.26639E+01  2.11348E-28  1.40667E+06  2.00000E-03  2.78493E+00
  1.27575E+01  2.11651E-28  1.40801E+06  2.00000E-03  2.77494E+00
  1.28511E+01  2.11999E-28  1.40955E+06  2.00000E-03  2.85403E+00
  1.29446E+01  2.12178E-28  1.41034E+06  2.00000E-03  2.96341E+00
  1.30382E+01  2.12476E-28  1.41167E+06  2.00000E-03  2.99030E+00
  1.31318E+01  2.12649E-28  1.41243E+06  2.00000E-03  3.02061E+00
  1.32254E+01  2.12878E-28  1.41344E+06  2.00000E-03  3.02315E+00
  1.33190E+01  2.13063E-28  1.41425E+06  2.00000E-03  2.98287E+00
  1.34125E+01  2.13158E-28  1.41467E+06  2.00000E-03  2.94238E+00
  1.35061E+01  2.13321E-28  1.41538E+06  2.00000E-03  2.87150E+00
  1.35997E+01  2.13208E-28  1.41489E+06  2.00000E-03  2.88494E+00
  1.36933E+01  2.13241E-28  1.41504E+06  2.00000E-03  2.84963E+00
  1.37869E+01  2.12924E-28  1.41364E+06  2.00000E-03  2.96963E+00
  1.38804E+01  2.12611E-28  1.41226E+06  2.00000E-03  3.09560E+00
  1.39740E+01  2.12303E-28  1.41090E+06  2.00000E-03  3.24118E+00
  1.40676E+01  2.12019E-28  1.40963E+06  2.00000E-03  3.40466E+00
  1.41612E+01  2.11500E-28  1.40732E+06  2.00000E-03  3.63696E+00
  1.42548E+01  2.10969E-28  1.40495E+06  2.00000E-03  3.86395E+00
  1.43483E+01  2.10329E-28  1.40212E+06  2.00000E-03  4.11135E+00
  1.44419E+01  2.09794E-28  1.39975E+06  2.00000E-03  4.29534E+00
  1.45355E+01  2.09393E-28  1.39798E+06  2.00000E-03  4.43208E+00
  1.46291E+01  2.09056E-28  1.39650E+06  2.00000E-03  4.50485E+00
  1.47227E+01  2.08792E-28  1.39534E+06  2.00000E-03  4.52497E+00
  1.48162E+01  2.08790E-28  1.39534E+06  2.00000E-03  4.38156E+00
  1.49098E+01  2.08925E-28  1.39596E+06  2.00000E-03  4.18319E+00
  1.50034E+01  2.09174E-28  1.39707E+06  2.00000E-03  3.93015E+00
  1.50970E+01  2.09489E-28  1.39849E+06  2.00000E-03  3.64645E+00
  1.51906E+01  2.09969E-28  1.40062E+06  2.00000E-03  3.24804E+00
  1.52841E+01  2.10257E-28  1.40189E+06  2.00000E-03  3.01752E+00
  1.53777E+01  2.10510E-28  1.40300E+06  2.00000E-03  2.75191E+00
  1.54713E+01  2.10471E-28  1.40283E+06  2.00000E-03  2.67314E+00
  1.55649E+01  2.10322E-28  1.40217E+06  2.00000E-03  2.58269E+00
  1.56585E+01  2.10029E-28  1.40088E+06  2.00000E-03  2.57799E+00
  1.57520E+01  2.09607E-28  1.39901E+06  2.00000E-03  2.58966E+00
  1.58456E+01  2.09394E-28  1.39807E+06  2.00000E-03  2.46561E+00
  1.59392E+01  2.09247E-28  1.39741E+06  2.00000E-03  2.28531E+00
  1.60328E+01  2.09403E-28  1.39811E+06  2.00000E-03  2.05507E+00
  1.61264E+01  2.09636E-28  1.39914E+06  2.00000E-03  1.74390E+00
  1.62199E+01  2.10055E-28  1.40100E+06  2.00000E-03  1.42591E+00
  1.63135E+01  2.11137E-28  1.40580E+06  2.00000E-03  7.97440E-01
  1.64071E+01  2.12262E-28  1.41077E+06  2.00000E-03  2.10102E-01
  1.65007E+01  2.13704E-28  1.41713E+06  2.00000E-03 -4.38547E-01
  1.65942E+01  2.14504E-28  1.42065E+06  2.00000E-03 -7.33318E-01
  1.66878E+01  2.15523E-28  1.42513E+06  2.00000E-03 -1.10986E+00
  1.67814E+01  2.16339E-28  1.42871E+06  2.00000E-03 -1.40344E+00
  1.68750E+01  2.16978E-28  1.43151E+06  2.00000E-03 -1.69766E+00
  1.69686E+01  2.17236E-28  1.43265E+06  2.00000E-03 -1.87394E+00
  1.70621E+01  2.17275E-28  1.43284E+06  2.00000E-03 -1.89704E+00
  1.71557E+01  2.17325E-28  1.43307E+06  2.00000E-03 -1.81614E+00
  1.72493E+01  2.17140E-28  1.43229E+06  2.00000E-03 -1.67060E+00
  1.73429E+01  2.16786E-28  1.43076E+06  2.00000E-03 -1.50616E+00
  1.74365E+01  2.16593E-28  1.42999E+06  2.00000E-03 -1.37048E+00
  1.75300E+01  2.16327E-28  1.42890E+06  2.00000E-03 -1.32567E+00
  1.76236E+01  2.16042E-28  1.42774E+06  2.00000E-03 -1.28107E+00
  1.77172E+01  2.15760E-28  1.42656E+06  2.00000E-03 -1.28392E+00
  1.78108E+01  2.15704E-28  1.42639E+06  2.00000E-03 -1.32780E+00
  1.79044E+01  2.15733E-28  1.42656E+06  2.00000E-03 -1.39410E+00
  1.79979E+01  2.15888E-28  1.42722E+06  2.00000E-03 -1.49413E+00
  1.80915E+01  2.16108E-28  1.42818E+06  2.00000E-03 -1.56201E+00
  1.81851E+01  2.16033E-28  1.42783E+06  2.00000E-03 -1.73199E+00
  1.82787E+01  2.16079E-28  1.42800E+06  2.00000E-03 -1.81130E+00
  1.83723E+01  2.16376E-28  1.42923E+06  2.00000E-03 -2.15506E+00
  1.84658E+01  2.16594E-28  1.43005E+06  2.00000E-03 -2.18428E+00
  1.85594E+01  2.16724E-28  1.43061E+06  2.00000E-03 -2.38608E+00
  1.86530E+01  2.16871E-28  1.43126E+06  2.00000E-03 -2.60378E+00
  1.87466E+01  2.17070E-28  1.43210E+06  2.00000E-03 -2.63408E+00
  1.88402E+01  2.17317E-28  1.43315E+06  2.00000E-03 -2.85774E+00
  1.89337E+01  2.17332E-28  1.43321E+06  2.00000E-03 -2.88581E+00
  1.90273E+01  2.17499E-28  1.43391E+06  2.00000E-03 -3.00744E+00
  1.91209E+01  2.17596E-28  1.43430E+06  2.00000E-03 -3.04249E+00
  1.92145E+01  2.17673E-28  1.43459E+06  2.00000E-03 -3.06743E+00
  1.93081E+01  2.17716E-28  1.43476E+06  2.00000E-03 -3.12089E+00
  1.94016E+01  2.17733E-28  1.43483E+06  2.00000E-03 -3.11722E+00
  1.94952E+01  2.17694E-28  1.43464E+06  2.00000E-03 -3.14102E+00
  1.95888E+01  2.17753E-28  1.43489E+06  2.00000E-03 -3.19650E+00
  1.96824E+01  2.17573E-28  1.43410E+06  2.00000E-03 -3.21135E+00
  1.97760E+01  2.17419E-28  1.43342E+06  2.00000E-03 -3.23843E+00
  1.98695E+01  2.17441E-28  1.43352E+06  2.00000E-03 -3.30621E+00
  1.99631E+01  2.17052E-28  1.43182E+06  2.00000E-03 -3.35695E+00
  2.00567E+01  2.17029E-28  1.43172E+06  2.00000E-03 -3.34923E+00
  2.01503E+01  2.16449E-28  1.42919E+06  2.00000E-03 -3.36914E+00
  2.02439E+01  2.16472E-28  1.42929E+06  2.00000E-03 -3.45822E+00
  2.03374E+01  2.16185E-28  1.42804E+06  2.00000E-03 -3.46270E+00
  2.04310E+01  2.15849E-28  1.42657E+06  2.00000E-03 -3.42670E+00
  2.05246E+01  2.15777E-28  1.42625E+06  2.00000E-03 -3.41826E+00
  2.06182E+01  2.15502E-28  1.42503E+06  2.00000E-03 -3.32422E+00
  2.07118E+01  2.15527E-28  1.42514E+06  2.00000E-03 -3.29390E+00
  2.08053E+01  2.15190E-28  1.42365E+06  2.00000E-03 -3.15496E+00
  2.08989E+01  2.15247E-28  1.42389E+06  2.00000E-03 -3.11349E+00
  2.09925E+01  2.15405E-28  1.42457E+06  2.00000E-03 -3.02326E+00
  2.10861E+01  2.15320E-28  1.42419E+06  2.00000E-03 -2.86657E+00
  2.11797E+01  2.15288E-28  1.42405E+06  2.00000E-03 -2.85259E+00
  2.12732E+01  2.15421E-28  1.42462E+06  2.00000E-03 -2.67613E+00
  2.13668E+01  2.15615E-28  1.42547E+06  2.00000E-03 -2.64670E+00
  2.14604E+01  2.15647E-28  1.42560E+06  2.00000E-03 -2.59040E+00
  2.15540E+01  2.15630E-28  1.42552E+06  2.00000E-03 -2.55147E+00
  2.16476E+01  2.15767E-28  1.42613E+06  2.00000E-03 -2.48481E+00
  2.17411E+01  2.15908E-28  1.42674E+06  2.00000E-03 -2.37810E+00
  2.18347E+01  2.15989E-28  1.42709E+06  2.00000E-03 -2.33482E+00
  2.19283E+01  2.15957E-28  1.42695E+06  2.00000E-03 -2.27758E+00
  2.20219E+01  2.16033E-28  1.42728E+06  2.00000E-03 -2.21845E+00
  2.21155E+01  2.16144E-28  1.42776E+06  2.00000E-03 -2.07804E+00
  2.22090E+01  2.16124E-28  1.42767E+06  2.00000E-03 -2.05566E+00
  2.23026E+01  2.16100E-28  1.42757E+06  2.00000E-03 -2.06621E+00
  2.23962E+01  2.16161E-28  1.42783E+06  2.00000E-03 -1.95069E+00
  2.24898E+01  2.16213E-28  1.42806E+06  2.00000E-03 -1.90189E+00
  2.25834E+01  2.16240E-28  1.42818E+06  2.00000E-03 -1.83316E+00
  2.26769E+01  2.16250E-28  1.42822E+06  2.00000E-03 -1.81248E+00
  2.27705E+01  2.16259E-28  1.42826E+06  2.00000E-03 -1.79816E+00
  2.28641E+01  2.16317E-28  1.42852E+06  2.00000E-03 -1.75453E+00
  2.29577E+01  2.16301E-28  1.42845E+06  2.00000E-03 -1.74413E+00
  2.30513E+01  2.16262E-28  1.42829E+06  2.00000E-03 -1.71720E+00
  2.31448E+01  2.16309E-28  1.42849E+06  2.00000E-03 -1.70133E+00
  2.32384E+01  2.16266E-28  1.42830E+06  2.00000E-03 -1.64283E+00
  2.33320E+01  2.16248E-28  1.42822E+06  2.00000E-03 -1.63410E+00
  2.34256E+01  2.16107E-28  1.42760E+06  2.00000E-03 -1.58638E+00
  2.35192E+01  2.16126E-28  1.42768E+06  2.00000E-03 -1.55825E+00
  2.36127E+01  2.16155E-28  1.42780E+06  2.00000E-03 -1.53521E+00
  2.37063E+01  2.15991E-28  1.42708E+06  2.00000E-03 -1.46862E+00
  2.37999E+01  2.16039E-28  1.42729E+06  2.00000E-03 -1.46338E+00
  2.38935E+01  2.15945E-28  1.42687E+06  2.00000E-03 -1.40283E+00
  2.39871E+01  2.15946E-28  1.42687E+06  2.00000E-03 -1.37544E+00
  2.40806E+01  2.15752E-28  1.42601E+06  2.00000E-03 -1.31962E+00
  2.41742E+01  2.15717E-28  1.42586E+06  2.00000E-03 -1.27636E+00
  2.42678E+01  2.15841E-28  1.42640E+06  2.00000E-03 -1.26114E+00
  2.43614E+01  2.15713E-28  1.42583E+06  2.00000E-03 -1.15731E+00
  2.44550E+01  2.15704E-28  1.42579E+06  2.00000E-03 -1.15365E+00
  2.45485E+01  2.15597E-28  1.42532E+06  2.00000E-03 -1.06835E+00
  2.46421E+01  2.15725E-28  1.42588E+06  2.00000E-03 -1.01040E+00
  2.47357E+01  2.15862E-28  1.42648E+06  2.00000E-03 -9.48478E-01
  2.48293E+01  2.15779E-28  1.42612E+06  2.00000E-03 -8.87863E-01
  2.49229E+01  2.15894E-28  1.42663E+06  2.00000E-03 -8.49796E-01
  2.50164E+01  2.15934E-28  1.42680E+06  2.00000E-03 -8.00089E-01
  2.51100E+01  2.16001E-28  1.42710E+06  2.00000E-03 -7.56154E-01
  2.52036E+01  2.15988E-28  1.42704E+06  2.00000E-03 -7.77114E-01
  2.52972E+01  2.16022E-28  1.42719E+06  2.00000E-03 -7.66562E-01
  2.53908E+01  2.16060E-28  1.42735E+06  2.00000E-03 -7.58694E-01
  2.54843E+01  2.16061E-28  1.42736E+06  2.00000E-03 -8.07328E-01
  2.55779E+01  2.16067E-28  1.42739E+06  2.00000E-03 -8.11969E-01
  2.56715E+01  2.16148E-28  1.42774E+06  2.00000E-03 -9.00337E-01
  2.57651E+01  2.16080E-28  1.42744E+06  2.00000E-03 -8.83482E-01
  2.58587E+01  2.16132E-28  1.42767E+06  2.00000E-03 -9.22220E-01
  2.59522E+01  2.16238E-28  1.42813E+06  2.00000E-03 -9.76584E-01
  2.60458E+01  2.16269E-28  1.42827E+06  2.00000E-03 -9.93134E-01
  2.61394E+01  2.16344E-28  1.42860E+06  2.00000E-03 -1.02780E+00
  2.62330E+01  2.16278E-28  1.42831E+06  2.00000E-03 -1.01065E+00
  2.63266E+01  2.16674E-28  1.43006E+06  2.00000E-03 -1.10475E+00
  2.64201E+01  2.16657E-28  1.43000E+06  2.00000E-03 -1.10728E+00
  2.65137E+01  2.16648E-28  1.42997E+06  2.00000E-03 -1.11957E+00
  2.66073E+01  2.16976E-28  1.43142E+06  2.00000E-03 -1.20359E+00
  2.67009E+01  2.16967E-28  1.43140E+06  2.00000E-03 -1.21694E+00
  2.67945E+01  2.17231E-28  1.43261E+06  2.00000E-03 -1.31670E+00
  2.68880E+01  2.16936E-28  1.43135E+06  2.00000E-03 -1.29597E+00
  2.69816E+01  2.17394E-28  1.43336E+06  2.00000E-03 -1.40086E+00
  2.70752E+01  2.17588E-28  1.43421E+06  2.00000E-03 -1.45534E+00
  2.71688E+01  2.17282E-28  1.43292E+06  2.00000E-03 -1.56524E+00
  2.72624E+01  2.17324E-28  1.43314E+06  2.00000E-03 -1.75764E+00
  2.73559E+01  2.17234E-28  1.43275E+06  2.00000E-03 -1.76318E+00
  2.74495E+01  2.17234E-28  1.43275E+06  2.00000E-03 -1.76318E+00
  2.75431E+01  2.17234E-28  1.43275E+06  2.00000E-03 -1.76318E+00
  2.76367E+01  2.18063E-28  1.43641E+06  2.00000E-03 -2.02489E+00
  2.77303E+01  2.18384E-28  1.43782E+06  2.00000E-03 -2.12563E+00
  2.78238E+01  2.17869E-28  1.43553E+06  2.00000E-03 -2.07783E+00
  2.79174E+01  2.17507E-28  1.43392E+06  2.00000E-03 -2.04407E+00
  2.80110E+01  2.17059E-28  1.43192E+06  2.00000E-03 -2.01602E+00
  2.81046E+01  2.17823E-28  1.43531E+06  2.00000E-03 -2.17036E+00
  2.81982E+01  2.17974E-28  1.43598E+06  2.00000E-03 -2.19754E+00
  2.82917E+01  2.17974E-28  1.43598E+06  2.00000E-03 -2.19754E+00
  2.83853E+01  2.17974E-28  1.43598E+06  2.00000E-03 -2.19754E+00
  2.84789E+01  2.18181E-28  1.43691E+06  2.00000E-03 -2.21003E+00
  2.85725E+01  2.18560E-28  1.43861E+06  2.00000E-03 -2.21721E+00
  2.86660E+01  2.18023E-28  1.43623E+06  2.00000E-03 -2.14039E+00
  2.87596E+01  2.17827E-28  1.43536E+06  2.00000E-03 -2.10573E+00
  2.88532E+01  2.17857E-28  1.43549E+06  2.00000E-03 -2.10537E+00
  2.89468E+01  2.18263E-28  1.43727E+06  2.00000E-03 -2.08924E+00
  2.90404E+01  2.18598E-28  1.43874E+06  2.00000E-03 -2.07168E+00
  2.91339E+01  2.18713E-28  1.43925E+06  2.00000E-03 -2.06373E+00
  2.92275E+01  2.18814E-28  1.43970E+06  2.00000E-03 -2.05673E+00
  2.93211E+01  2.18458E-28  1.43812E+06  2.00000E-03 -2.02493E+00
  2.94147E+01  2.18238E-28  1.43711E+06  2.00000E-03 -1.94716E+00
  2.95083E+01  2.18278E-28  1.43726E+06  2.00000E-03 -1.94130E+00
  2.96018E+01  2.18278E-28  1.43726E+06  2.00000E-03 -1.94130E+00
  2.96954E+01  2.18278E-28  1.43726E+06  2.00000E-03 -1.94130E+00
  2.97890E+01  2.18290E-28  1.43731E+06  2.00000E-03 -1.92931E+00
  2.98826E+01  2.18435E-28  1.43793E+06  2.00000E-03 -1.79054E+00
  2.99762E+01  2.18338E-28  1.43750E+06  2.00000E-03 -1.80769E+00
  3.00697E+01  2.18090E-28  1.43640E+06  2.00000E-03 -1.85145E+00
  3.01633E+01  2.17617E-28  1.43429E+06  2.00000E-03 -1.93526E+00
  3.02569E+01  2.17595E-28  1.43419E+06  2.00000E-03 -1.90373E+00
  3.03505E+01  2.17668E-28  1.43451E+06  2.00000E-03 -1.83598E+00
  3.04441E+01  2.17670E-28  1.43451E+06  2.00000E-03 -1.83433E+00
  3.05376E+01  2.17670E-28  1.43451E+06  2.00000E-03 -1.83433E+00
  3.06312E+01  2.17670E-28  1.43451E+06  2.00000E-03 -1.83433E+00
  3.07248E+01  2.17558E-28  1.43402E+06  2.00000E-03 -1.79494E+00
  3.08184E+01  2.17285E-28  1.43280E+06  2.00000E-03 -1.82629E+00
  3.09120E+01  2.17101E-28  1.43198E+06  2.00000E-03 -1.88709E+00
  3.10055E+01  2.17013E-28  1.43159E+06  2.00000E-03 -1.91605E+00
  3.10991E+01  2.17008E-28  1.43156E+06  2.00000E-03 -1.91472E+00
  3.11927E+01  2.16972E-28  1.43140E+06  2.00000E-03 -1.89737E+00
  3.12863E+01  2.17015E-28  1.43158E+06  2.00000E-03 -1.89773E+00
  3.13799E+01  2.17021E-28  1.43161E+06  2.00000E-03 -1.89837E+00
  3.14734E+01  2.17018E-28  1.43160E+06  2.00000E-03 -1.90100E+00
  3.15670E+01  2.16848E-28  1.43084E+06  2.00000E-03 -1.94975E+00
  3.16606E+01  2.16737E-28  1.43034E+06  2.00000E-03 -1.96604E+00
  3.17542E+01  2.16743E-28  1.43036E+06  2.00000E-03 -1.97537E+00
  3.18478E+01  2.16743E-28  1.43036E+06  2.00000E-03 -1.97537E+00
  3.19413E+01  2.16743E-28  1.43036E+06  2.00000E-03 -1.97537E+00
  3.20349E+01  2.16752E-28  1.43040E+06  2.00000E-03 -1.95749E+00
  3.21285E+01  2.16761E-28  1.43044E+06  2.00000E-03 -1.94093E+00
  3.22221E+01  2.16747E-28  1.43037E+06  2.00000E-03 -1.93619E+00
  3.23157E+01  2.16716E-28  1.43023E+06  2.00000E-03 -1.92581E+00
  3.24092E+01  2.16690E-28  1.43011E+06  2.00000E-03 -1.91431E+00
  3.25028E+01  2.16698E-28  1.43014E+06  2.00000E-03 -1.87189E+00
  3.25964E+01  2.16701E-28  1.43016E+06  2.00000E-03 -1.85354E+00
  3.26900E+01  2.16701E-28  1.43016E+06  2.00000E-03 -1.85354E+00
  3.27836E+01  2.16701E-28  1.43016E+06  2.00000E-03 -1.85354E+00
  3.28771E+01  2.16710E-28  1.43020E+06  2.00000E-03 -1.84879E+00
  3.29707E+01  2.16807E-28  1.43062E+06  2.00000E-03 -1.77556E+00
  3.30643E+01  2.16750E-28  1.43036E+06  2.00000E-03 -1.74820E+00
  3.31579E+01  2.16712E-28  1.43019E+06  2.00000E-03 -1.73333E+00
  3.32515E+01  2.16712E-28  1.43019E+06  2.00000E-03 -1.73333E+00
  3.33450E+01  2.16712E-28  1.43019E+06  2.00000E-03 -1.71007E+00
  3.34386E+01  2.16711E-28  1.43019E+06  2.00000E-03 -1.65876E+00
  3.35322E+01  2.16711E-28  1.43018E+06  2.00000E-03 -1.65372E+00
  3.36258E+01  2.16710E-28  1.43018E+06  2.00000E-03 -1.64990E+00
  3.37194E+01  2.16712E-28  1.43019E+06  2.00000E-03 -1.62782E+00
  3.38129E+01  2.16699E-28  1.43013E+06  2.00000E-03 -1.57137E+00
  3.39065E+01  2.16564E-28  1.42953E+06  2.00000E-03 -1.51698E+00
  3.40001E+01  2.16576E-28  1.42959E+06  2.00000E-03 -1.51423E+00
  3.40937E+01  2.16579E-28  1.42960E+06  2.00000E-03 -1.51376E+00
  3.41873E+01  2.16583E-28  1.42961E+06  2.00000E-03 -1.50874E+00
  3.42808E+01  2.16593E-28  1.42966E+06  2.00000E-03 -1.44460E+00
  3.43744E+01  2.16606E-28  1.42972E+06  2.00000E-03 -1.41797E+00
  3.44680E+01  2.16545E-28  1.42945E+06  2.00000E-03 -1.41242E+00
  3.45616E+01  2.16455E-28  1.42906E+06  2.00000E-03 -1.40431E+00
  3.46552E+01  2.16410E-28  1.42886E+06  2.00000E-03 -1.37883E+00
  3.47487E+01  2.16392E-28  1.42878E+06  2.00000E-03 -1.32666E+00
  3.48423E+01  2.16390E-28  1.42877E+06  2.00000E-03 -1.32083E+00
  3.49359E+01  2.16390E-28  1.42877E+06  2.00000E-03 -1.32083E+00
  3.50295E+01  2.16390E-28  1.42877E+06  2.00000E-03 -1.32083E+00
  3.51231E+01  2.16447E-28  1.42903E+06  2.00000E-03 -1.28720E+00
  3.52166E+01  2.16473E-28  1.42914E+06  2.00000E-03 -1.19465E+00
  3.53102E+01  2.16430E-28  1.42895E+06  2.00000E-03 -1.17047E+00
  3.54038E+01  2.16393E-28  1.42879E+06  2.00000E-03 -1.14988E+00
  3.54974E+01  2.16393E-28  1.42879E+06  2.00000E-03 -1.14988E+00
  3.55910E+01  2.16562E-28  1.42953E+06  2.00000E-03 -1.14824E+00
  3.56845E+01  2.16649E-28  1.42992E+06  2.00000E-03 -1.14740E+00
  3.57781E+01  2.16649E-28  1.42992E+06  2.00000E-03 -1.14740E+00
  3.58717E+01  2.16649E-28  1.42992E+06  2.00000E-03 -1.14740E+00
  3.59653E+01  2.16688E-28  1.43010E+06  2.00000E-03 -1.04246E+00
  3.60589E+01  2.17004E-28  1.43150E+06  2.00000E-03 -9.03134E-01
  3.61524E+01  2.17049E-28  1.43170E+06  2.00000E-03 -8.94142E-01
  3.62460E+01  2.17049E-28  1.43170E+06  2.00000E-03 -8.94142E-01
  3.63396E+01  2.17051E-28  1.43171E+06  2.00000E-03 -8.95001E-01
  3.64332E+01  2.17167E-28  1.43221E+06  2.00000E-03 -8.92534E-01
  3.65268E+01  2.17458E-28  1.43348E+06  2.00000E-03 -8.78336E-01
  3.66203E+01  2.17447E-28  1.43345E+06  2.00000E-03 -8.11588E-01
  3.67139E+01  2.17415E-28  1.43333E+06  2.00000E-03 -7.51100E-01
  3.68075E+01  2.17369E-28  1.43316E+06  2.00000E-03 -6.64704E-01
  3.69011E+01  2.17593E-28  1.43413E+06  2.00000E-03 -7.57637E-01
  3.69947E+01  2.17730E-28  1.43473E+06  2.00000E-03 -8.14371E-01
  3.70882E+01  2.17730E-28  1.43473E+06  2.00000E-03 -8.14371E-01
  3.71818E+01  2.17730E-28  1.43473E+06  2.00000E-03 -8.14371E-01
  3.72754E+01  2.17730E-28  1.43473E+06  2.00000E-03 -8.14371E-01
  3.73690E+01  2.17730E-28  1.43473E+06  2.00000E-03 -8.14371E-01
  3.74626E+01  2.17730E-28  1.43473E+06  2.00000E-03 -8.14371E-01
  3.75561E+01  2.17730E-28  1.43473E+06  2.00000E-03 -8.14371E-01
  3.76497E+01  2.17730E-28  1.43473E+06  2.00000E-03 -8.14371E-01
  3.77433E+01  2.17755E-28  1.43485E+06  2.00000E-03 -8.65688E-01
  3.78369E+01  2.17833E-28  1.43521E+06  2.00000E-03 -1.02497E+00
  3.79305E+01  2.17851E-28  1.43529E+06  2.00000E-03 -1.06263E+00
  3.80240E+01  2.17838E-28  1.43523E+06  2.00000E-03 -1.06363E+00
  3.81176E+01  2.17620E-28  1.43425E+06  2.00000E-03 -1.07956E+00
  3.82112E+01  2.17414E-28  1.43332E+06  2.00000E-03 -1.09460E+00
  3.83048E+01  2.17336E-28  1.43297E+06  2.00000E-03 -1.10028E+00
  3.83984E+01  2.17336E-28  1.43297E+06  2.00000E-03 -1.10028E+00
  3.84919E+01  2.17336E-28  1.43297E+06  2.00000E-03 -1.10028E+00
  3.85855E+01  2.17337E-28  1.43297E+06  2.00000E-03 -1.10028E+00
  3.86791E+01  2.17443E-28  1.43344E+06  2.00000E-03 -1.16448E+00
  3.87727E+01  2.17496E-28  1.43367E+06  2.00000E-03 -1.19662E+00
  3.88663E+01  2.17496E-28  1.43367E+06  2.00000E-03 -1.19662E+00
  3.89598E+01  2.17531E-28  1.43383E+06  2.00000E-03 -1.18984E+00
  3.90534E+01  2.17533E-28  1.43384E+06  2.00000E-03 -1.18941E+00
  3.91470E+01  2.17533E-28  1.43384E+06  2.00000E-03 -1.18943E+00
  3.92406E+01  2.17545E-28  1.43389E+06  2.00000E-03 -1.18692E+00
  3.93342E+01  2.17540E-28  1.43387E+06  2.00000E-03 -1.18802E+00
  3.94277E+01  2.17570E-28  1.43401E+06  2.00000E-03 -1.18208E+00
  3.95213E+01  2.17576E-28  1.43403E+06  2.00000E-03 -1.15714E+00
  3.96149E+01  2.17504E-28  1.43368E+06  2.00000E-03 -1.03867E+00
  3.97085E+01  2.17448E-28  1.43342E+06  2.00000E-03 -1.00416E+00
  3.98021E+01  2.17429E-28  1.43333E+06  2.00000E-03 -9.92325E-01
  3.98956E+01  2.17429E-28  1.43333E+06  2.00000E-03 -9.92325E-01
  3.99892E+01  2.17429E-28  1.43333E+06  2.00000E-03 -9.92325E-01
  4.00828E+01  2.17429E-28  1.43334E+06  2.00000E-03 -9.92325E-01
  4.01764E+01  2.17429E-28  1.43334E+06  2.00000E-03 -9.92325E-01
  4.02700E+01  2.17429E-28  1.43333E+06  2.00000E-03 -9.92325E-01
  4.03635E+01  2.17429E-28  1.43333E+06  2.00000E-03 -9.92325E-01
  4.04571E+01  2.17512E-28  1.43369E+06  2.00000E-03 -8.02989E-01
  4.05507E+01  2.17538E-28  1.43380E+06  2.00000E-03 -7.45067E-01
  4.06443E+01  2.17538E-28  1.43380E+06  2.00000E-03 -7.45067E-01
  4.07379E+01  2.17538E-28  1.43380E+06  2.00000E-03 -7.45067E-01
  4.08314E+01  2.17538E-28  1.43380E+06  2.00000E-03 -7.45067E-01
  4.09250E+01  2.17538E-28  1.43380E+06  2.00000E-03 -7.45067E-01
  4.10186E+01  2.17492E-28  1.43360E+06  2.00000E-03 -7.33785E-01
  4.11122E+01  2.17438E-28  1.43335E+06  2.00000E-03 -7.20300E-01
  4.12057E+01  2.17350E-28  1.43297E+06  2.00000E-03 -6.98537E-01
  4.12993E+01  2.17375E-28  1.43307E+06  2.00000E-03 -6.17220E-01
  4.13929E+01  2.17416E-28  1.43325E+06  2.00000E-03 -4.89163E-01
  4.14865E+01  2.17416E-28  1.43325E+06  2.00000E-03 -4.89163E-01
  4.15801E+01  2.17416E-28  1.43325E+06  2.00000E-03 -4.89163E-01
  4.16736E+01  2.17416E-28  1.43325E+06  2.00000E-03 -4.89163E-01
  4.17672E+01  2.17416E-28  1.43325E+06  2.00000E-03 -4.89163E-01
  4.18608E+01  2.17416E-28  1.43325E+06  2.00000E-03 -4.89163E-01
  4.19544E+01  2.17416E-28  1.43325E+06  2.00000E-03 -4.89163E-01
  4.20480E+01  2.17416E-28  1.43325E+06  2.00000E-03 -4.89163E-01
  4.21415E+01  2.17415E-28  1.43325E+06  2.00000E-03 -4.72529E-01
  4.22351E+01  2.17412E-28  1.43324E+06  2.00000E-03 -3.53961E-01
  4.23287E+01  2.17411E-28  1.43323E+06  2.00000E-03 -3.29798E-01
  4.24223E+01  2.17411E-28  1.43323E+06  2.00000E-03 -3.29798E-01
  4.25159E+01  2.17319E-28  1.43283E+06  2.00000E-03 -3.55716E-01
  4.26094E+01  2.17203E-28  1.43232E+06  2.00000E-03 -3.88348E-01
  4.27030E+01  2.17142E-28  1.43205E+06  2.00000E-03 -4.05308E-01
  4.27966E+01  2.17142E-28  1.43205E+06  2.00000E-03 -4.05308E-01
  4.28902E+01  2.17142E-28  1.43205E+06  2.00000E-03 -4.05308E-01
  4.29838E+01  2.17142E-28  1.43205E+06  2.00000E-03 -4.05308E-01
  4.30773E+01  2.17145E-28  1.43206E+06  2.00000E-03 -3.67318E-01
  4.31709E+01  2.17148E-28  1.43208E+06  2.00000E-03 -3.15008E-01
  4.32645E+01  2.17148E-28  1.43208E+06  2.00000E-03 -3.15008E-01
  4.33581E+01  2.17148E-28  1.43208E+06  2.00000E-03 -3.15008E-01
  4.34517E+01  2.17148E-28  1.43208E+06  2.00000E-03 -3.15008E-01
  4.35452E+01  2.17148E-28  1.43208E+06  2.00000E-03 -3.15008E-01
  4.36388E+01  2.17148E-28  1.43208E+06  2.00000E-03 -3.15008E-01
  4.37324E+01  2.17148E-28  1.43208E+06  2.00000E-03 -3.15008E-01
  4.38260E+01  2.17148E-28  1.43208E+06  2.00000E-03 -3.15008E-01
  4.39196E+01  2.17095E-28  1.43185E+06  2.00000E-03 -3.35000E-01
  4.40131E+01  2.16969E-28  1.43129E+06  2.00000E-03 -3.81614E-01
  4.41067E+01  2.16881E-28  1.43090E+06  2.00000E-03 -4.13605E-01
  4.42003E+01  2.16799E-28  1.43054E+06  2.00000E-03 -4.41663E-01
  4.42939E+01  2.16797E-28  1.43053E+06  2.00000E-03 -4.47513E-01
  4.43875E+01  2.16795E-28  1.43052E+06  2.00000E-03 -4.52080E-01
  4.44810E+01  2.16794E-28  1.43052E+06  2.00000E-03 -4.54981E-01
  4.45746E+01  2.16791E-28  1.43050E+06  2.00000E-03 -4.62482E-01
  4.46682E+01  2.16786E-28  1.43049E+06  2.00000E-03 -4.72728E-01
  4.47618E+01  2.16786E-28  1.43049E+06  2.00000E-03 -4.72728E-01
  4.48554E+01  2.16827E-28  1.43067E+06  2.00000E-03 -4.95186E-01
  4.49489E+01  2.16854E-28  1.43079E+06  2.00000E-03 -5.10209E-01
  4.50425E+01  2.16854E-28  1.43079E+06  2.00000E-03 -5.10209E-01
  4.51361E+01  2.16854E-28  1.43079E+06  2.00000E-03 -5.10209E-01
  4.52297E+01  2.16854E-28  1.43079E+06  2.00000E-03 -5.10209E-01
  4.53233E+01  2.16854E-28  1.43079E+06  2.00000E-03 -5.10209E-01
  4.54168E+01  2.16816E-28  1.43062E+06  2.00000E-03 -5.16133E-01
  4.55104E+01  2.16706E-28  1.43013E+06  2.00000E-03 -5.33144E-01
  4.56040E+01  2.16613E-28  1.42972E+06  2.00000E-03 -5.47500E-01
  4.56976E+01  2.16623E-28  1.42977E+06  2.00000E-03 -5.52334E-01
  4.57912E+01  2.16751E-28  1.43033E+06  2.00000E-03 -5.91142E-01
  4.58847E+01  2.16755E-28  1.43034E+06  2.00000E-03 -5.92248E-01
  4.59783E+01  2.16755E-28  1.43034E+06  2.00000E-03 -5.92248E-01
  4.60719E+01  2.16755E-28  1.43034E+06  2.00000E-03 -5.92248E-01
  4.61655E+01  2.16755E-28  1.43034E+06  2.00000E-03 -5.92248E-01
  4.62591E+01  2.16755E-28  1.43034E+06  2.00000E-03 -5.92248E-01
  4.63526E+01  2.16755E-28  1.43034E+06  2.00000E-03 -5.92248E-01
  4.64462E+01  2.16755E-28  1.43034E+06  2.00000E-03 -5.92248E-01
  4.65398E+01  2.16767E-28  1.43040E+06  2.00000E-03 -5.96764E-01
  4.66334E+01  2.16895E-28  1.43096E+06  2.00000E-03 -6.43679E-01
  4.67270E+01  2.16934E-28  1.43113E+06  2.00000E-03 -6.58022E-01
  4.68205E+01  2.16934E-28  1.43113E+06  2.00000E-03 -6.58022E-01
  4.69141E+01  2.16865E-28  1.43082E+06  2.00000E-03 -6.50385E-01
