 -4.67593E+01  2.17694E-28  1.43457E+06  2.00000E-03  3.06304E+00
 -4.66657E+01  2.17704E-28  1.43462E+06  2.00000E-03  3.04978E+00
 -4.65722E+01  2.17704E-28  1.43462E+06  2.00000E-03  3.04978E+00
 -4.64786E+01  2.17704E-28  1.43462E+06  2.00000E-03  3.04978E+00
 -4.63850E+01  2.17704E-28  1.43462E+06  2.00000E-03  3.04978E+00
 -4.62914E+01  2.17704E-28  1.43462E+06  2.00000E-03  3.04978E+00
 -4.61978E+01  2.17739E-28  1.43477E+06  2.00000E-03  3.02628E+00
 -4.61043E+01  2.18021E-28  1.43601E+06  2.00000E-03  2.83554E+00
 -4.60107E+01  2.18081E-28  1.43628E+06  2.00000E-03  2.79529E+00
 -4.59171E+01  2.18081E-28  1.43628E+06  2.00000E-03  2.79529E+00
 -4.58235E+01  2.18081E-28  1.43628E+06  2.00000E-03  2.79529E+00
 -4.57299E+01  2.18081E-28  1.43628E+06  2.00000E-03  2.79529E+00
 -4.56364E+01  2.18081E-28  1.43627E+06  2.00000E-03  2.79529E+00
 -4.55428E+01  2.18081E-28  1.43628E+06  2.00000E-03  2.79529E+00
 -4.54492E+01  2.18107E-28  1.43639E+06  2.00000E-03  2.77560E+00
 -4.53556E+01  2.18169E-28  1.43667E+06  2.00000E-03  2.72857E+00
 -4.52620E+01  2.18289E-28  1.43720E+06  2.00000E-03  2.64901E+00
 -4.51685E+01  2.18320E-28  1.43734E+06  2.00000E-03  2.63075E+00
 -4.50749E+01  2.18320E-28  1.43734E+06  2.00000E-03  2.63075E+00
 -4.49813E+01  2.18320E-28  1.43734E+06  2.00000E-03  2.63075E+00
 -4.48877E+01  2.18320E-28  1.43734E+06  2.00000E-03  2.63075E+00
 -4.47941E+01  2.18320E-28  1.43734E+06  2.00000E-03  2.63075E+00
 -4.47006E+01  2.18320E-28  1.43734E+06  2.00000E-03  2.63075E+00
 -4.46070E+01  2.18320E-28  1.43734E+06  2.00000E-03  2.63075E+00
 -4.45134E+01  2.18320E-28  1.43734E+06  2.00000E-03  2.63075E+00
 -4.44198E+01  2.18301E-28  1.43725E+06  2.00000E-03  2.64601E+00
 -4.43262E+01  2.18190E-28  1.43676E+06  2.00000E-03  2.73427E+00
 -4.42327E+01  2.18190E-28  1.43676E+06  2.00000E-03  2.73427E+00
 -4.41391E+01  2.18190E-28  1.43676E+06  2.00000E-03  2.73427E+00
 -4.40455E+01  2.18184E-28  1.43673E+06  2.00000E-03  2.74020E+00
 -4.39519E+01  2.18102E-28  1.43638E+06  2.00000E-03  2.81338E+00
 -4.38583E+01  2.17993E-28  1.43591E+06  2.00000E-03  2.91064E+00
 -4.37648E+01  2.17939E-28  1.43567E+06  2.00000E-03  2.95915E+00
 -4.36712E+01  2.17939E-28  1.43567E+06  2.00000E-03  2.95915E+00
 -4.35776E+01  2.17899E-28  1.43550E+06  2.00000E-03  2.99003E+00
 -4.34840E+01  2.17525E-28  1.43385E+06  2.00000E-03  3.30950E+00
 -4.33904E+01  2.17427E-28  1.43342E+06  2.00000E-03  3.40814E+00
 -4.32969E+01  2.17413E-28  1.43336E+06  2.00000E-03  3.44085E+00
 -4.32033E+01  2.17418E-28  1.43338E+06  2.00000E-03  3.42886E+00
 -4.31097E+01  2.17407E-28  1.43334E+06  2.00000E-03  3.45489E+00
 -4.30161E+01  2.17406E-28  1.43333E+06  2.00000E-03  3.45799E+00
 -4.29225E+01  2.17379E-28  1.43321E+06  2.00000E-03  3.52232E+00
 -4.28290E+01  2.17372E-28  1.43318E+06  2.00000E-03  3.53832E+00
 -4.27354E+01  2.17372E-28  1.43318E+06  2.00000E-03  3.53833E+00
 -4.26418E+01  2.17202E-28  1.43243E+06  2.00000E-03  3.67053E+00
 -4.25482E+01  2.16906E-28  1.43113E+06  2.00000E-03  3.90077E+00
 -4.24546E+01  2.16807E-28  1.43070E+06  2.00000E-03  4.02443E+00
 -4.23611E+01  2.16744E-28  1.43043E+06  2.00000E-03  4.10733E+00
 -4.22675E+01  2.16709E-28  1.43028E+06  2.00000E-03  4.15379E+00
 -4.21739E+01  2.16709E-28  1.43028E+06  2.00000E-03  4.15379E+00
 -4.20803E+01  2.16709E-28  1.43028E+06  2.00000E-03  4.15379E+00
 -4.19867E+01  2.16709E-28  1.43028E+06  2.00000E-03  4.15379E+00
 -4.18932E+01  2.16709E-28  1.43028E+06  2.00000E-03  4.15379E+00
 -4.17996E+01  2.16693E-28  1.43021E+06  2.00000E-03  4.16505E+00
 -4.17060E+01  2.16378E-28  1.42881E+06  2.00000E-03  4.39162E+00
 -4.16124E+01  2.16285E-28  1.42841E+06  2.00000E-03  4.45801E+00
 -4.15188E+01  2.16285E-28  1.42841E+06  2.00000E-03  4.45801E+00
 -4.14253E+01  2.16285E-28  1.42841E+06  2.00000E-03  4.45801E+00
 -4.13317E+01  2.16285E-28  1.42841E+06  2.00000E-03  4.45801E+00
 -4.12381E+01  2.16285E-28  1.42841E+06  2.00000E-03  4.45801E+00
 -4.11445E+01  2.16285E-28  1.42841E+06  2.00000E-03  4.45801E+00
 -4.10509E+01  2.16286E-28  1.42841E+06  2.00000E-03  4.47746E+00
 -4.09574E+01  2.16290E-28  1.42844E+06  2.00000E-03  4.54780E+00
 -4.08638E+01  2.16138E-28  1.42778E+06  2.00000E-03  4.72533E+00
 -4.07702E+01  2.15863E-28  1.42656E+06  2.00000E-03  4.91625E+00
 -4.06766E+01  2.15857E-28  1.42653E+06  2.00000E-03  4.92032E+00
 -4.05830E+01  2.15857E-28  1.42653E+06  2.00000E-03  4.92031E+00
 -4.04895E+01  2.15857E-28  1.42653E+06  2.00000E-03  4.92031E+00
 -4.03959E+01  2.15857E-28  1.42653E+06  2.00000E-03  4.92031E+00
 -4.03023E+01  2.15857E-28  1.42653E+06  2.00000E-03  4.92031E+00
 -4.02087E+01  2.15857E-28  1.42653E+06  2.00000E-03  4.92031E+00
 -4.01151E+01  2.15857E-28  1.42653E+06  2.00000E-03  4.92031E+00
 -4.00216E+01  2.15842E-28  1.42646E+06  2.00000E-03  4.93006E+00
 -3.99280E+01  2.15501E-28  1.42495E+06  2.00000E-03  5.15382E+00
 -3.98344E+01  2.15482E-28  1.42487E+06  2.00000E-03  5.16621E+00
 -3.97408E+01  2.15482E-28  1.42487E+06  2.00000E-03  5.16621E+00
 -3.96472E+01  2.15482E-28  1.42487E+06  2.00000E-03  5.16621E+00
 -3.95537E+01  2.15524E-28  1.42506E+06  2.00000E-03  5.18792E+00
 -3.94601E+01  2.15579E-28  1.42531E+06  2.00000E-03  5.21631E+00
 -3.93665E+01  2.15622E-28  1.42550E+06  2.00000E-03  5.23802E+00
 -3.92729E+01  2.15621E-28  1.42550E+06  2.00000E-03  5.23802E+00
 -3.91793E+01  2.15621E-28  1.42550E+06  2.00000E-03  5.23802E+00
 -3.90858E+01  2.15511E-28  1.42501E+06  2.00000E-03  5.29960E+00
 -3.89922E+01  2.15358E-28  1.42434E+06  2.00000E-03  5.38463E+00
 -3.88986E+01  2.15358E-28  1.42434E+06  2.00000E-03  5.38463E+00
 -3.88050E+01  2.15358E-28  1.42434E+06  2.00000E-03  5.38463E+00
 -3.87114E+01  2.15358E-28  1.42434E+06  2.00000E-03  5.38463E+00
 -3.86179E+01  2.15358E-28  1.42434E+06  2.00000E-03  5.38463E+00
 -3.85243E+01  2.15358E-28  1.42434E+06  2.00000E-03  5.38463E+00
 -3.84307E+01  2.15355E-28  1.42433E+06  2.00000E-03  5.39047E+00
 -3.83371E+01  2.15326E-28  1.42420E+06  2.00000E-03  5.45375E+00
 -3.82435E+01  2.15282E-28  1.42401E+06  2.00000E-03  5.47547E+00
 -3.81500E+01  2.15015E-28  1.42283E+06  2.00000E-03  5.65588E+00
 -3.80564E+01  2.14910E-28  1.42238E+06  2.00000E-03  5.76863E+00
 -3.79628E+01  2.14824E-28  1.42203E+06  2.00000E-03  5.87955E+00
 -3.78692E+01  2.14749E-28  1.42169E+06  2.00000E-03  5.94570E+00
 -3.77756E+01  2.14770E-28  1.42179E+06  2.00000E-03  5.92760E+00
 -3.76821E+01  2.14682E-28  1.42140E+06  2.00000E-03  6.00430E+00
 -3.75885E+01  2.14682E-28  1.42140E+06  2.00000E-03  6.00430E+00
 -3.74949E+01  2.14682E-28  1.42140E+06  2.00000E-03  6.00430E+00
 -3.74013E+01  2.14682E-28  1.42140E+06  2.00000E-03  6.00430E+00
 -3.73077E+01  2.14508E-28  1.42063E+06  2.00000E-03  6.11107E+00
 -3.72142E+01  2.14360E-28  1.41997E+06  2.00000E-03  6.20208E+00
 -3.71206E+01  2.14360E-28  1.41997E+06  2.00000E-03  6.20208E+00
 -3.70270E+01  2.14360E-28  1.41997E+06  2.00000E-03  6.20208E+00
 -3.69334E+01  2.14360E-28  1.41997E+06  2.00000E-03  6.20208E+00
 -3.68398E+01  2.14360E-28  1.41997E+06  2.00000E-03  6.20208E+00
 -3.67463E+01  2.14360E-28  1.41997E+06  2.00000E-03  6.20208E+00
 -3.66527E+01  2.14329E-28  1.41984E+06  2.00000E-03  6.22296E+00
 -3.65591E+01  2.14237E-28  1.41944E+06  2.00000E-03  6.28481E+00
 -3.64655E+01  2.14209E-28  1.41932E+06  2.00000E-03  6.30219E+00
 -3.63719E+01  2.14330E-28  1.41986E+06  2.00000E-03  6.21406E+00
 -3.62784E+01  2.14345E-28  1.41992E+06  2.00000E-03  6.20340E+00
 -3.61848E+01  2.14345E-28  1.41992E+06  2.00000E-03  6.20340E+00
 -3.60912E+01  2.14345E-28  1.41992E+06  2.00000E-03  6.20340E+00
 -3.59976E+01  2.14527E-28  1.42072E+06  2.00000E-03  6.04771E+00
 -3.59040E+01  2.14756E-28  1.42174E+06  2.00000E-03  5.84488E+00
 -3.58105E+01  2.14830E-28  1.42207E+06  2.00000E-03  5.77655E+00
 -3.57169E+01  2.14857E-28  1.42219E+06  2.00000E-03  5.75192E+00
 -3.56233E+01  2.14857E-28  1.42219E+06  2.00000E-03  5.75094E+00
 -3.55297E+01  2.15393E-28  1.42455E+06  2.00000E-03  5.36771E+00
 -3.54361E+01  2.15501E-28  1.42503E+06  2.00000E-03  5.29148E+00
 -3.53426E+01  2.15504E-28  1.42504E+06  2.00000E-03  5.29060E+00
 -3.52490E+01  2.15505E-28  1.42504E+06  2.00000E-03  5.29055E+00
 -3.51554E+01  2.15700E-28  1.42591E+06  2.00000E-03  5.12442E+00
 -3.50618E+01  2.16157E-28  1.42792E+06  2.00000E-03  4.76554E+00
 -3.49683E+01  2.16215E-28  1.42818E+06  2.00000E-03  4.72106E+00
 -3.48747E+01  2.16215E-28  1.42818E+06  2.00000E-03  4.72106E+00
 -3.47811E+01  2.16215E-28  1.42818E+06  2.00000E-03  4.72106E+00
 -3.46875E+01  2.16382E-28  1.42891E+06  2.00000E-03  4.61549E+00
 -3.45939E+01  2.16757E-28  1.43057E+06  2.00000E-03  4.37875E+00
 -3.45004E+01  2.16733E-28  1.43046E+06  2.00000E-03  4.39620E+00
 -3.44068E+01  2.16686E-28  1.43026E+06  2.00000E-03  4.42957E+00
 -3.43132E+01  2.16598E-28  1.42988E+06  2.00000E-03  4.49203E+00
 -3.42196E+01  2.16752E-28  1.43055E+06  2.00000E-03  4.40839E+00
 -3.41260E+01  2.16888E-28  1.43115E+06  2.00000E-03  4.33425E+00
 -3.40325E+01  2.16888E-28  1.43115E+06  2.00000E-03  4.33425E+00
 -3.39389E+01  2.16888E-28  1.43115E+06  2.00000E-03  4.33425E+00
 -3.38453E+01  2.16907E-28  1.43123E+06  2.00000E-03  4.33157E+00
 -3.37517E+01  2.16971E-28  1.43152E+06  2.00000E-03  4.34330E+00
 -3.36581E+01  2.16938E-28  1.43138E+06  2.00000E-03  4.39182E+00
 -3.35646E+01  2.16858E-28  1.43103E+06  2.00000E-03  4.46077E+00
 -3.34710E+01  2.16850E-28  1.43100E+06  2.00000E-03  4.46795E+00
 -3.33774E+01  2.16856E-28  1.43102E+06  2.00000E-03  4.47143E+00
 -3.32838E+01  2.16895E-28  1.43119E+06  2.00000E-03  4.49439E+00
 -3.31902E+01  2.16862E-28  1.43105E+06  2.00000E-03  4.55109E+00
 -3.30967E+01  2.16836E-28  1.43094E+06  2.00000E-03  4.58419E+00
 -3.30031E+01  2.16826E-28  1.43089E+06  2.00000E-03  4.59884E+00
 -3.29095E+01  2.16814E-28  1.43084E+06  2.00000E-03  4.65772E+00
 -3.28159E+01  2.16817E-28  1.43086E+06  2.00000E-03  4.71684E+00
 -3.27223E+01  2.16824E-28  1.43089E+06  2.00000E-03  4.71173E+00
 -3.26288E+01  2.16802E-28  1.43079E+06  2.00000E-03  4.74111E+00
 -3.25352E+01  2.16759E-28  1.43061E+06  2.00000E-03  4.79683E+00
 -3.24416E+01  2.16718E-28  1.43043E+06  2.00000E-03  4.87505E+00
 -3.23480E+01  2.16703E-28  1.43036E+06  2.00000E-03  4.90482E+00
 -3.22544E+01  2.16693E-28  1.43032E+06  2.00000E-03  4.91900E+00
 -3.21609E+01  2.16678E-28  1.43026E+06  2.00000E-03  4.94076E+00
 -3.20673E+01  2.16649E-28  1.43014E+06  2.00000E-03  4.97827E+00
 -3.19737E+01  2.16514E-28  1.42955E+06  2.00000E-03  5.13978E+00
 -3.18801E+01  2.16487E-28  1.42942E+06  2.00000E-03  5.17342E+00
 -3.17865E+01  2.16486E-28  1.42942E+06  2.00000E-03  5.17342E+00
 -3.16930E+01  2.16487E-28  1.42942E+06  2.00000E-03  5.17341E+00
 -3.15994E+01  2.16442E-28  1.42923E+06  2.00000E-03  5.21938E+00
 -3.15058E+01  2.16231E-28  1.42831E+06  2.00000E-03  5.44536E+00
 -3.14122E+01  2.16196E-28  1.42816E+06  2.00000E-03  5.49816E+00
 -3.13186E+01  2.16179E-28  1.42809E+06  2.00000E-03  5.52253E+00
 -3.12251E+01  2.16179E-28  1.42809E+06  2.00000E-03  5.52253E+00
 -3.11315E+01  2.16119E-28  1.42782E+06  2.00000E-03  5.60586E+00
 -3.10379E+01  2.16065E-28  1.42759E+06  2.00000E-03  5.68056E+00
 -3.09443E+01  2.16065E-28  1.42759E+06  2.00000E-03  5.68056E+00
 -3.08507E+01  2.16065E-28  1.42759E+06  2.00000E-03  5.68056E+00
 -3.07572E+01  2.16089E-28  1.42770E+06  2.00000E-03  5.67987E+00
 -3.06636E+01  2.16221E-28  1.42829E+06  2.00000E-03  5.69395E+00
 -3.05700E+01  2.16330E-28  1.42878E+06  2.00000E-03  5.67564E+00
 -3.04764E+01  2.16370E-28  1.42896E+06  2.00000E-03  5.67802E+00
 -3.03828E+01  2.16356E-28  1.42889E+06  2.00000E-03  5.67719E+00
 -3.02893E+01  2.16368E-28  1.42894E+06  2.00000E-03  5.68652E+00
 -3.01957E+01  2.16322E-28  1.42875E+06  2.00000E-03  5.73858E+00
 -3.01021E+01  2.16351E-28  1.42888E+06  2.00000E-03  5.74584E+00
 -3.00085E+01  2.16459E-28  1.42936E+06  2.00000E-03  5.77289E+00
 -2.99149E+01  2.16488E-28  1.42950E+06  2.00000E-03  5.78067E+00
 -2.98214E+01  2.16345E-28  1.42887E+06  2.00000E-03  5.88223E+00
 -2.97278E+01  2.16123E-28  1.42790E+06  2.00000E-03  6.03793E+00
 -2.96342E+01  2.16118E-28  1.42787E+06  2.00000E-03  6.04143E+00
 -2.95406E+01  2.16118E-28  1.42787E+06  2.00000E-03  6.04143E+00
 -2.94470E+01  2.16118E-28  1.42787E+06  2.00000E-03  6.04143E+00
 -2.93535E+01  2.15743E-28  1.42623E+06  2.00000E-03  6.27780E+00
 -2.92599E+01  2.15526E-28  1.42528E+06  2.00000E-03  6.42828E+00
 -2.91663E+01  2.15378E-28  1.42464E+06  2.00000E-03  6.54200E+00
 -2.90727E+01  2.15360E-28  1.42456E+06  2.00000E-03  6.55597E+00
 -2.89791E+01  2.15313E-28  1.42435E+06  2.00000E-03  6.57243E+00
 -2.88856E+01  2.15090E-28  1.42337E+06  2.00000E-03  6.65044E+00
 -2.87920E+01  2.15043E-28  1.42316E+06  2.00000E-03  6.66709E+00
 -2.86984E+01  2.15043E-28  1.42316E+06  2.00000E-03  6.66709E+00
 -2.86048E+01  2.15036E-28  1.42313E+06  2.00000E-03  6.67029E+00
 -2.85112E+01  2.14908E-28  1.42258E+06  2.00000E-03  6.71075E+00
 -2.84177E+01  2.14978E-28  1.42290E+06  2.00000E-03  6.45961E+00
 -2.83241E+01  2.14981E-28  1.42291E+06  2.00000E-03  6.45311E+00
 -2.82305E+01  2.14981E-28  1.42291E+06  2.00000E-03  6.45311E+00
 -2.81369E+01  2.15000E-28  1.42299E+06  2.00000E-03  6.46307E+00
 -2.80433E+01  2.15218E-28  1.42395E+06  2.00000E-03  6.24798E+00
 -2.79498E+01  2.15529E-28  1.42532E+06  2.00000E-03  5.89715E+00
 -2.78562E+01  2.15589E-28  1.42559E+06  2.00000E-03  5.80974E+00
 -2.77626E+01  2.15639E-28  1.42583E+06  2.00000E-03  5.73963E+00
 -2.76690E+01  2.15703E-28  1.42612E+06  2.00000E-03  5.64273E+00
 -2.75754E+01  2.16016E-28  1.42749E+06  2.00000E-03  5.28988E+00
 -2.74819E+01  2.16201E-28  1.42830E+06  2.00000E-03  5.12797E+00
 -2.73883E+01  2.16224E-28  1.42841E+06  2.00000E-03  5.12630E+00
 -2.72947E+01  2.16224E-28  1.42841E+06  2.00000E-03  5.12630E+00
 -2.72011E+01  2.16239E-28  1.42847E+06  2.00000E-03  5.10428E+00
 -2.71075E+01  2.16337E-28  1.42890E+06  2.00000E-03  4.85807E+00
 -2.70140E+01  2.16245E-28  1.42850E+06  2.00000E-03  4.87563E+00
 -2.69204E+01  2.16209E-28  1.42834E+06  2.00000E-03  4.84170E+00
 -2.68268E+01  2.16241E-28  1.42848E+06  2.00000E-03  4.80840E+00
 -2.67332E+01  2.16227E-28  1.42842E+06  2.00000E-03  4.78600E+00
 -2.66396E+01  2.16253E-28  1.42854E+06  2.00000E-03  4.70711E+00
 -2.65461E+01  2.16261E-28  1.42857E+06  2.00000E-03  4.68662E+00
 -2.64525E+01  2.16296E-28  1.42873E+06  2.00000E-03  4.63454E+00
 -2.63589E+01  2.16303E-28  1.42876E+06  2.00000E-03  4.59475E+00
 -2.62653E+01  2.16313E-28  1.42881E+06  2.00000E-03  4.55324E+00
 -2.61717E+01  2.16352E-28  1.42898E+06  2.00000E-03  4.50710E+00
 -2.60782E+01  2.16357E-28  1.42900E+06  2.00000E-03  4.50646E+00
 -2.59846E+01  2.16321E-28  1.42885E+06  2.00000E-03  4.48466E+00
 -2.58910E+01  2.16316E-28  1.42883E+06  2.00000E-03  4.45522E+00
 -2.57974E+01  2.16208E-28  1.42836E+06  2.00000E-03  4.52689E+00
 -2.57038E+01  2.16202E-28  1.42834E+06  2.00000E-03  4.52589E+00
 -2.56103E+01  2.16106E-28  1.42791E+06  2.00000E-03  4.56595E+00
 -2.55167E+01  2.16016E-28  1.42752E+06  2.00000E-03  4.61493E+00
 -2.54231E+01  2.15975E-28  1.42734E+06  2.00000E-03  4.65045E+00
 -2.53295E+01  2.15796E-28  1.42656E+06  2.00000E-03  4.79652E+00
 -2.52359E+01  2.15773E-28  1.42645E+06  2.00000E-03  4.78475E+00
 -2.51424E+01  2.15578E-28  1.42559E+06  2.00000E-03  4.93086E+00
 -2.50488E+01  2.15505E-28  1.42527E+06  2.00000E-03  5.00289E+00
 -2.49552E+01  2.15413E-28  1.42486E+06  2.00000E-03  5.09576E+00
 -2.48616E+01  2.15218E-28  1.42399E+06  2.00000E-03  5.25146E+00
 -2.47680E+01  2.15185E-28  1.42385E+06  2.00000E-03  5.25861E+00
 -2.46745E+01  2.15008E-28  1.42306E+06  2.00000E-03  5.46782E+00
 -2.45809E+01  2.14981E-28  1.42295E+06  2.00000E-03  5.48852E+00
 -2.44873E+01  2.14858E-28  1.42242E+06  2.00000E-03  5.65099E+00
 -2.43937E+01  2.14811E-28  1.42223E+06  2.00000E-03  5.71623E+00
 -2.43001E+01  2.14739E-28  1.42193E+06  2.00000E-03  5.84135E+00
 -2.42066E+01  2.14645E-28  1.42154E+06  2.00000E-03  6.00139E+00
 -2.41130E+01  2.14661E-28  1.42165E+06  2.00000E-03  5.99507E+00
 -2.40194E+01  2.14564E-28  1.42129E+06  1.99999E-03  6.26037E+00
 -2.39258E+01  2.14548E-28  1.42123E+06  1.99999E-03  6.29674E+00
 -2.38322E+01  2.14454E-28  1.42092E+06  1.99998E-03  6.52116E+00
 -2.37387E+01  2.14404E-28  1.42095E+06  1.99995E-03  6.63342E+00
 -2.36451E+01  2.14351E-28  1.42101E+06  1.99991E-03  6.74015E+00
 -2.35515E+01  2.14208E-28  1.42062E+06  1.99987E-03  7.04161E+00
 -2.34579E+01  2.14186E-28  1.42045E+06  1.99978E-03  7.14586E+00
 -2.33643E+01  2.14103E-28  1.41999E+06  1.99969E-03  7.40597E+00
 -2.32708E+01  2.14072E-28  1.41970E+06  1.99957E-03  7.56887E+00
 -2.31772E+01  2.14021E-28  1.41949E+06  1.99957E-03  7.71477E+00
 -2.30836E+01  2.14037E-28  1.41876E+06  1.99935E-03  7.95055E+00
 -2.29900E+01  2.14106E-28  1.41806E+06  1.99907E-03  8.08943E+00
 -2.28965E+01  2.14274E-28  1.41621E+06  1.99840E-03  8.34456E+00
 -2.28029E+01  2.14243E-28  1.41648E+06  1.99850E-03  8.32917E+00
 -2.27093E+01  2.14412E-28  1.41584E+06  1.99814E-03  8.42983E+00
 -2.26157E+01  2.14632E-28  1.41434E+06  1.99751E-03  8.53646E+00
 -2.25221E+01  2.14700E-28  1.41460E+06  1.99749E-03  8.51144E+00
 -2.24286E+01  2.14544E-28  1.41630E+06  1.99809E-03  8.44576E+00
 -2.23350E+01  2.14757E-28  1.41465E+06  1.99743E-03  8.52437E+00
 -2.22414E+01  2.14770E-28  1.41430E+06  1.99729E-03  8.59579E+00
 -2.21478E+01  2.14739E-28  1.41428E+06  1.99731E-03  8.61814E+00
 -2.20542E+01  2.14518E-28  1.41475E+06  1.99764E-03  8.68062E+00
 -2.19607E+01  2.14383E-28  1.41470E+06  1.99776E-03  8.72918E+00
 -2.18671E+01  2.14188E-28  1.41428E+06  1.99786E-03  8.84120E+00
 -2.17735E+01  2.13886E-28  1.41394E+06  1.99808E-03  9.01534E+00
 -2.16799E+01  2.13836E-28  1.41354E+06  1.99804E-03  9.04578E+00
 -2.15863E+01  2.13911E-28  1.40725E+06  1.99657E-03  9.43867E+00
 -2.14928E+01  2.13630E-28  1.40784E+06  1.99699E-03  9.50448E+00
 -2.13992E+01  2.13195E-28  1.40560E+06  1.99695E-03  9.89326E+00
 -2.13056E+01  2.13128E-28  1.40350E+06  1.99656E-03  1.00884E+01
 -2.12120E+01  2.12785E-28  1.40221E+06  1.99666E-03  1.02842E+01
 -2.11184E+01  2.12240E-28  1.39917E+06  1.99657E-03  1.08083E+01
 -2.10249E+01  2.12174E-28  1.39665E+06  1.99607E-03  1.10518E+01
 -2.09313E+01  2.11576E-28  1.39469E+06  1.99624E-03  1.15506E+01
 -2.08377E+01  2.11351E-28  1.39495E+06  1.99657E-03  1.16115E+01
 -2.07441E+01  2.10651E-28  1.39421E+06  1.99719E-03  1.20247E+01
 -2.06505E+01  2.10372E-28  1.39303E+06  1.99721E-03  1.23088E+01
 -2.05570E+01  2.10151E-28  1.39261E+06  1.99737E-03  1.24583E+01
 -2.04634E+01  2.09654E-28  1.39135E+06  1.99766E-03  1.28663E+01
 -2.03698E+01  2.09576E-28  1.38944E+06  1.99730E-03  1.30453E+01
 -2.02762E+01  2.09291E-28  1.38896E+06  1.99751E-03  1.33291E+01
 -2.01826E+01  2.09247E-28  1.38743E+06  1.99720E-03  1.35049E+01
 -2.00891E+01  2.09059E-28  1.38796E+06  1.99760E-03  1.36350E+01
 -1.99955E+01  2.08874E-28  1.38876E+06  1.99807E-03  1.37604E+01
 -1.99019E+01  2.08888E-28  1.38915E+06  1.99815E-03  1.37730E+01
 -1.98083E+01  2.08982E-28  1.39029E+06  1.99829E-03  1.37842E+01
 -1.97147E+01  2.08849E-28  1.39052E+06  1.99856E-03  1.39099E+01
 -1.96212E+01  2.09002E-28  1.39331E+06  1.99901E-03  1.37704E+01
 -1.95276E+01  2.09084E-28  1.39397E+06  1.99905E-03  1.37142E+01
 -1.94340E+01  2.09284E-28  1.39586E+06  1.99922E-03  1.35370E+01
 -1.93404E+01  2.09379E-28  1.39808E+06  1.99962E-03  1.34693E+01
 -1.92468E+01  2.09415E-28  1.39877E+06  1.99972E-03  1.34512E+01
 -1.91533E+01  2.09761E-28  1.40089E+06  1.99967E-03  1.31839E+01
 -1.90597E+01  2.09737E-28  1.40062E+06  1.99958E-03  1.32618E+01
 -1.89661E+01  2.10097E-28  1.40245E+06  1.99954E-03  1.30201E+01
 -1.88725E+01  2.10149E-28  1.40312E+06  1.99963E-03  1.30137E+01
 -1.87789E+01  2.10146E-28  1.40256E+06  1.99945E-03  1.30831E+01
 -1.86854E+01  2.10328E-28  1.40224E+06  1.99913E-03  1.30253E+01
 -1.85918E+01  2.10282E-28  1.40293E+06  1.99943E-03  1.29448E+01
 -1.84982E+01  2.10107E-28  1.40159E+06  1.99925E-03  1.30795E+01
 -1.84046E+01  2.09900E-28  1.40042E+06  1.99917E-03  1.32892E+01
 -1.83110E+01  2.09807E-28  1.39919E+06  1.99905E-03  1.32475E+01
 -1.82175E+01  2.09480E-28  1.39959E+06  1.99948E-03  1.31914E+01
 -1.81239E+01  2.09337E-28  1.39996E+06  1.99967E-03  1.31155E+01
 -1.80303E+01  2.09258E-28  1.39990E+06  1.99963E-03  1.29888E+01
 -1.79367E+01  2.09214E-28  1.40000E+06  1.99959E-03  1.28834E+01
 -1.78431E+01  2.09306E-28  1.39998E+06  1.99920E-03  1.25030E+01
 -1.77496E+01  2.09551E-28  1.39929E+06  1.99855E-03  1.22636E+01
 -1.76560E+01  2.10371E-28  1.39559E+06  1.99644E-03  1.19392E+01
 -1.75624E+01  2.12026E-28  1.38702E+06  1.99198E-03  1.15267E+01
 -1.74688E+01  2.14567E-28  1.37252E+06  1.98429E-03  1.11807E+01
 -1.73752E+01  2.20770E-28  1.33680E+06  1.96437E-03  1.07057E+01
 -1.72817E+01  2.27223E-28  1.30092E+06  1.94348E-03  1.04052E+01
 -1.71881E+01  2.36928E-28  1.25006E+06  1.91245E-03  1.01777E+01
 -1.70945E+01  2.47498E-28  1.19831E+06  1.88028E-03  9.97056E+00
 -1.70009E+01  2.57432E-28  1.15360E+06  1.85160E-03  9.83385E+00
 -1.69073E+01  2.67551E-28  1.11080E+06  1.82433E-03  9.74476E+00
 -1.68138E+01  2.87101E-28  1.03594E+06  1.78096E-03  9.55405E+00
 -1.67202E+01  3.07574E-28  9.66885E+05  1.74510E-03  9.55217E+00
 -1.66266E+01  3.30553E-28  8.99501E+05  1.71269E-03  9.39475E+00
 -1.65330E+01  3.37293E-28  8.80290E+05  1.70598E-03  9.77942E+00
 -1.64394E+01  3.40781E-28  8.70863E+05  1.70415E-03  9.78971E+00
 -1.63459E+01  3.34488E-28  8.86806E+05  1.71585E-03  9.94577E+00
 -1.62523E+01  3.14240E-28  9.44516E+05  1.75040E-03  9.91472E+00
 -1.61587E+01  2.88803E-28  1.02833E+06  1.79627E-03  9.98019E+00
 -1.60651E+01  2.57239E-28  1.15575E+06  1.86362E-03  9.98364E+00
 -1.59715E+01  2.29956E-28  1.29457E+06  1.93496E-03  9.90575E+00
 -1.58780E+01  2.17896E-28  1.36730E+06  1.97341E-03  9.86748E+00
 -1.57844E+01  2.12931E-28  1.40044E+06  1.99165E-03  9.64804E+00
 -1.56908E+01  2.11486E-28  1.41185E+06  1.99826E-03  9.20772E+00
 -1.55972E+01  2.11399E-28  1.41418E+06  1.99978E-03  8.72453E+00
 -1.55036E+01  2.11536E-28  1.41472E+06  1.99989E-03  8.34230E+00
 -1.54101E+01  2.11965E-28  1.41397E+06  1.99989E-03  7.75480E+00
 -1.53165E+01  2.12246E-28  1.41350E+06  1.99982E-03  7.31026E+00
 -1.52229E+01  2.12459E-28  1.41302E+06  1.99944E-03  6.86570E+00
 -1.51293E+01  2.12624E-28  1.41257E+06  1.99909E-03  6.59182E+00
 -1.50357E+01  2.13007E-28  1.41164E+06  1.99844E-03  6.21749E+00
 -1.49422E+01  2.13326E-28  1.41059E+06  1.99779E-03  5.95947E+00
 -1.48486E+01  2.13826E-28  1.40873E+06  1.99675E-03  5.64052E+00
 -1.47550E+01  2.14295E-28  1.40625E+06  1.99559E-03  5.43991E+00
 -1.46614E+01  2.14483E-28  1.40545E+06  1.99518E-03  5.28240E+00
 -1.45678E+01  2.15314E-28  1.39847E+06  1.99242E-03  5.07146E+00
 -1.44743E+01  2.14892E-28  1.40005E+06  1.99338E-03  5.00086E+00
 -1.43807E+01  2.14620E-28  1.40077E+06  1.99391E-03  4.93298E+00
 -1.42871E+01  2.13948E-28  1.40414E+06  1.99557E-03  4.72243E+00
 -1.41935E+01  2.13712E-28  1.40502E+06  1.99602E-03  4.54791E+00
 -1.40999E+01  2.13005E-28  1.40912E+06  1.99786E-03  4.07954E+00
 -1.40064E+01  2.12782E-28  1.40995E+06  1.99826E-03  3.69027E+00
 -1.39128E+01  2.12333E-28  1.41248E+06  1.99929E-03  3.05154E+00
 -1.38192E+01  2.12073E-28  1.41271E+06  1.99954E-03  2.62580E+00
 -1.37256E+01  2.11969E-28  1.41299E+06  1.99977E-03  1.83859E+00
 -1.36320E+01  2.11931E-28  1.41284E+06  1.99986E-03  1.34775E+00
 -1.35385E+01  2.11934E-28  1.41209E+06  1.99996E-03  4.17547E-01
 -1.34449E+01  2.11923E-28  1.41124E+06  1.99998E-03 -1.02772E-01
 -1.33513E+01  2.11925E-28  1.41026E+06  2.00000E-03 -7.18375E-01
 -1.32577E+01  2.11818E-28  1.40938E+06  2.00000E-03 -9.96728E-01
 -1.31641E+01  2.11806E-28  1.40906E+06  2.00000E-03 -1.68648E+00
 -1.30706E+01  2.11734E-28  1.40866E+06  2.00000E-03 -2.13887E+00
 -1.29770E+01  2.11617E-28  1.40792E+06  2.00000E-03 -2.63964E+00
 -1.28834E+01  2.11512E-28  1.40739E+06  1.99999E-03 -2.96108E+00
 -1.27898E+01  2.11158E-28  1.40779E+06  1.99993E-03 -3.57698E+00
 -1.26962E+01  2.10556E-28  1.40800E+06  1.99963E-03 -3.54189E+00
 -1.26027E+01  2.10887E-28  1.39350E+06  1.99103E-03 -2.31109E+00
 -1.25091E+01  2.20971E-28  1.31513E+06  1.94255E-03  2.28852E-02
 -1.24155E+01  2.86045E-28  9.99023E+05  1.75878E-03 -9.64969E-01
 -1.23219E+01  7.09966E-28  3.88871E+05  1.49951E-03 -7.71992E+00
 -1.22283E+01  1.15737E-27  2.26237E+05  1.44024E-03 -1.10668E+01
 -1.21348E+01  1.49760E-27  1.62026E+05  1.41692E-03 -1.51960E+01
 -1.20412E+01  1.58403E-27  1.51550E+05  1.41413E-03 -1.44497E+01
 -1.19476E+01  1.30708E-27  2.00933E+05  1.43822E-03 -1.54674E+01
 -1.18540E+01  1.32910E-27  1.93429E+05  1.43628E-03 -2.61854E+01
 -1.17604E+01  2.02436E-27  1.22782E+05  1.40412E-03 -3.92512E+01
 -1.16669E+01  2.40889E-27  1.02555E+05  1.39297E-03 -4.45655E+01
 -1.15733E+01  1.39916E-27  1.72816E+05  1.41356E-03 -4.11853E+01
 -1.14797E+01  8.02769E-28  3.04312E+05  1.45595E-03 -4.05893E+01
 -1.13861E+01  6.05565E-28  4.12512E+05  1.48907E-03 -4.10010E+01
 -1.12925E+01  6.26411E-28  4.03913E+05  1.48559E-03 -4.13364E+01
 -1.11990E+01  7.00591E-28  3.59763E+05  1.47043E-03 -3.59511E+01
 -1.11054E+01  7.57702E-28  3.27044E+05  1.45998E-03 -3.13157E+01
 -1.10118E+01  7.59314E-28  3.13704E+05  1.45995E-03 -2.87100E+01
 -1.09182E+01  7.02518E-28  3.26442E+05  1.46306E-03 -2.81705E+01
 -1.08246E+01  8.58236E-28  2.59821E+05  1.41240E-03 -3.10152E+01
 -1.07311E+01  1.65311E-27  1.23081E+05  1.32074E-03 -3.44955E+01
 -1.06375E+01  4.56671E-27  3.59342E+04  1.25709E-03 -4.41087E+01
 -1.05439E+01  5.51745E-27  2.08796E+04  1.24144E-03 -4.88801E+01
 -1.04503E+01  4.06724E-27  1.74263E+04  1.23693E-03 -5.25775E+01
 -1.03567E+01  2.69201E-27  2.40036E+04  1.24530E-03 -5.08280E+01
 -1.02632E+01  1.71358E-27  4.19208E+04  1.26139E-03 -5.40679E+01
 -1.01696E+01  1.09084E-27  8.06506E+04  1.29209E-03 -5.09103E+01
 -1.00760E+01  1.00577E-27  9.89507E+04  1.30190E-03 -5.34246E+01
 -9.98243E+00  9.45209E-28  1.17179E+05  1.30971E-03 -5.23639E+01
 -9.88885E+00  1.12963E-27  1.15170E+05  1.30512E-03 -5.22243E+01
 -9.79527E+00  1.22843E-27  1.19232E+05  1.30545E-03 -5.23987E+01
 -9.70169E+00  1.43873E-27  1.16474E+05  1.29630E-03 -5.89262E+01
 -9.60811E+00  1.39456E-27  1.31774E+05  1.30607E-03 -6.33117E+01
 -9.51453E+00  9.99422E-28  2.13238E+05  1.36222E-03 -6.35239E+01
 -9.42095E+00  1.42454E-27  1.63713E+05  1.36994E-03 -6.24138E+01
 -9.32737E+00  3.56042E-27  6.12183E+04  1.33941E-03 -6.12374E+01
 -9.23379E+00  4.69014E-27  3.93392E+04  1.32785E-03 -5.93294E+01
 -9.14021E+00  4.81642E-27  3.24272E+04  1.32345E-03 -5.72274E+01
 -9.04663E+00  2.89938E-27  4.42629E+04  1.32019E-03 -5.21381E+01
 -8.95305E+00  1.95467E-27  7.00976E+04  1.33894E-03 -4.63372E+01
 -8.85947E+00  1.49352E-27  9.86417E+04  1.36934E-03 -4.68976E+01
 -8.76589E+00  2.00510E-27  8.78721E+04  1.37200E-03 -5.14390E+01
 -8.67231E+00  4.35424E-27  3.68291E+04  1.32913E-03 -5.63232E+01
 -8.57873E+00  6.23992E-27  2.48531E+04  1.31952E-03 -5.91715E+01
 -8.48515E+00  5.67270E-27  3.12841E+04  1.33193E-03 -6.22177E+01
 -8.39157E+00  3.53087E-27  5.94078E+04  1.36225E-03 -6.39565E+01
 -8.29799E+00  1.81894E-27  1.27216E+05  1.41157E-03 -6.47561E+01
 -8.20441E+00  6.71782E-28  3.62396E+05  1.55889E-03 -6.72274E+01
 -8.11083E+00  4.74435E-28  5.17918E+05  1.60089E-03 -6.90230E+01
 -8.01725E+00  4.31111E-28  5.76856E+05  1.58918E-03 -7.10194E+01
 -7.92367E+00  4.65324E-28  5.38923E+05  1.56075E-03 -7.03620E+01
 -7.83009E+00  4.71891E-28  5.31792E+05  1.56737E-03 -7.47276E+01
 -7.73651E+00  4.54614E-28  5.48429E+05  1.57957E-03 -8.22637E+01
 -7.64293E+00  4.28439E-28  5.75650E+05  1.59511E-03 -8.79153E+01
 -7.54935E+00  4.14771E-28  5.88661E+05  1.60352E-03 -9.19711E+01
 -7.45577E+00  4.63710E-28  5.29731E+05  1.57062E-03 -8.69555E+01
 -7.36219E+00  4.66946E-28  5.36664E+05  1.57560E-03 -8.56798E+01
 -7.26861E+00  4.24253E-28  6.02175E+05  1.61552E-03 -8.58269E+01
 -7.17503E+00  3.65446E-28  7.22773E+05  1.67923E-03 -8.53000E+01
 -7.08145E+00  3.51502E-28  7.74464E+05  1.70343E-03 -7.78778E+01
 -6.98787E+00  3.26815E-28  8.47620E+05  1.73532E-03 -6.99065E+01
 -6.89429E+00  3.29264E-28  8.50755E+05  1.73045E-03 -6.09892E+01
 -6.80071E+00  3.26260E-28  8.59943E+05  1.72660E-03 -5.05884E+01
 -6.70714E+00  3.35201E-28  8.36741E+05  1.71537E-03 -4.68660E+01
 -6.61355E+00  4.03008E-28  6.92672E+05  1.63740E-03 -4.12750E+01
 -6.51998E+00  4.66379E-28  5.94877E+05  1.58128E-03 -3.91410E+01
 -6.42640E+00  5.12542E-28  5.38315E+05  1.54981E-03 -3.78730E+01
 -6.33282E+00  5.55962E-28  4.93636E+05  1.52843E-03 -3.74389E+01
 -6.23924E+00  5.47761E-28  4.95013E+05  1.52431E-03 -3.79460E+01
 -6.14566E+00  4.91057E-28  5.35536E+05  1.53223E-03 -3.85697E+01
 -6.05208E+00  4.41891E-28  5.71396E+05  1.55479E-03 -3.78844E+01
 -5.95850E+00  4.16996E-28  5.85005E+05  1.58767E-03 -3.79923E+01
 -5.86492E+00  4.20122E-28  5.48505E+05  1.61957E-03 -3.59975E+01
 -5.77134E+00  4.20101E-28  5.16885E+05  1.61862E-03 -3.61475E+01
 -5.67776E+00  4.63676E-28  4.39422E+05  1.58138E-03 -3.54890E+01
 -5.58418E+00  5.53966E-28  3.77188E+05  1.53583E-03 -3.18178E+01
 -5.49060E+00  5.89331E-28  3.79011E+05  1.52357E-03 -3.26361E+01
 -5.39702E+00  5.79720E-28  4.20284E+05  1.52940E-03 -3.77064E+01
 -5.30344E+00  5.74778E-28  4.63510E+05  1.53092E-03 -3.69228E+01
 -5.20986E+00  6.34283E-28  4.42971E+05  1.51000E-03 -4.12447E+01
 -5.11628E+00  7.36606E-28  3.91967E+05  1.48566E-03 -4.72192E+01
 -5.02270E+00  7.64616E-28  3.78434E+05  1.48671E-03 -5.62818E+01
 -4.92912E+00  6.83527E-28  4.14059E+05  1.52589E-03 -6.94753E+01
 -4.83554E+00  5.54317E-28  4.94852E+05  1.58891E-03 -8.19417E+01
 -4.74196E+00  5.03978E-28  5.27532E+05  1.61143E-03 -8.77984E+01
 -4.64838E+00  4.45463E-28  5.83395E+05  1.63726E-03 -9.21326E+01
 -4.55480E+00  3.90842E-28  6.51050E+05  1.66371E-03 -9.51285E+01
 -4.46122E+00  3.81742E-28  6.61265E+05  1.66001E-03 -9.53986E+01
 -4.36764E+00  3.94025E-28  6.40801E+05  1.64093E-03 -9.34208E+01
 -4.27406E+00  4.70427E-28  5.42010E+05  1.58173E-03 -8.88624E+01
 -4.18048E+00  5.26525E-28  4.88807E+05  1.55183E-03 -8.52627E+01
 -4.08690E+00  5.81677E-28  4.48238E+05  1.53402E-03 -8.16392E+01
 -3.99332E+00  6.23313E-28  4.26591E+05  1.52596E-03 -7.63396E+01
 -3.89974E+00  6.36015E-28  4.24072E+05  1.52469E-03 -7.29760E+01
 -3.80616E+00  6.43417E-28  4.24722E+05  1.52364E-03 -6.89975E+01
 -3.71258E+00  6.11725E-28  4.50820E+05  1.53100E-03 -6.59713E+01
 -3.61900E+00  6.05427E-28  4.57088E+05  1.53010E-03 -6.29865E+01
 -3.52542E+00  5.72761E-28  4.83163E+05  1.53661E-03 -6.05353E+01
 -3.43184E+00  5.40549E-28  5.10547E+05  1.54228E-03 -5.75357E+01
 -3.33826E+00  5.17765E-28  5.30356E+05  1.54420E-03 -5.43994E+01
 -3.24468E+00  5.58478E-28  4.84906E+05  1.52216E-03 -5.22965E+01
 -3.15110E+00  6.46727E-28  4.10174E+05  1.49496E-03 -5.17896E+01
 -3.05752E+00  7.61933E-28  3.39246E+05  1.47557E-03 -5.25367E+01
 -2.96394E+00  9.21828E-28  2.68725E+05  1.45802E-03 -5.24380E+01
 -2.87036E+00  9.31680E-28  2.60127E+05  1.45719E-03 -5.29787E+01
 -2.77678E+00  8.24114E-28  2.93882E+05  1.47362E-03 -5.56196E+01
 -2.68320E+00  7.95770E-28  3.07605E+05  1.48590E-03 -5.80805E+01
 -2.58962E+00  8.49371E-28  2.94277E+05  1.48140E-03 -5.97865E+01
 -2.49604E+00  8.92209E-28  2.86134E+05  1.47169E-03 -6.01759E+01
 -2.40246E+00  9.19332E-28  2.88056E+05  1.46587E-03 -6.07172E+01
 -2.30888E+00  8.71602E-28  3.18710E+05  1.47037E-03 -5.86488E+01
 -2.21530E+00  7.32963E-28  3.94950E+05  1.51132E-03 -6.08075E+01
 -2.12172E+00  6.06044E-28  4.90698E+05  1.57077E-03 -6.08738E+01
 -2.02814E+00  4.62159E-28  6.59754E+05  1.65275E-03 -6.14487E+01
 -1.93456E+00  4.13073E-28  7.43976E+05  1.68056E-03 -6.12116E+01
 -1.84098E+00  3.83134E-28  8.08210E+05  1.69136E-03 -6.08417E+01
 -1.74740E+00  3.74490E-28  8.31630E+05  1.69166E-03 -6.05316E+01
 -1.65382E+00  4.30263E-28  7.26685E+05  1.63418E-03 -6.17299E+01
 -1.56024E+00  4.99820E-28  6.25999E+05  1.59511E-03 -6.30622E+01
 -1.46666E+00  5.52160E-28  5.65049E+05  1.57273E-03 -6.36535E+01
 -1.37308E+00  5.55668E-28  5.60504E+05  1.57180E-03 -6.34362E+01
 -1.27950E+00  5.47735E-28  5.65790E+05  1.57485E-03 -6.36809E+01
 -1.18592E+00  5.27295E-28  5.85763E+05  1.58281E-03 -6.30026E+01
 -1.09234E+00  5.04125E-28  6.08864E+05  1.59209E-03 -6.45779E+01
 -9.98764E-01  5.06785E-28  6.02752E+05  1.59083E-03 -6.32315E+01
 -9.05184E-01  5.28034E-28  5.76954E+05  1.58137E-03 -5.93900E+01
 -8.11604E-01  5.45763E-28  5.57977E+05  1.57370E-03 -5.63591E+01
 -7.18024E-01  5.78242E-28  5.27546E+05  1.56137E-03 -5.34325E+01
 -6.24444E-01  6.06668E-28  5.04428E+05  1.55150E-03 -5.15129E+01
 -5.30865E-01  6.44917E-28  4.77698E+05  1.54027E-03 -5.00295E+01
 -4.37285E-01  6.60201E-28  4.68740E+05  1.53723E-03 -4.97427E+01
 -3.43705E-01  6.83358E-28  4.56515E+05  1.53288E-03 -4.81290E+01
 -2.50125E-01  6.74218E-28  4.66891E+05  1.53622E-03 -4.81746E+01
 -1.56545E-01  6.69311E-28  4.75171E+05  1.53787E-03 -4.79147E+01
 -6.29653E-02  6.43508E-28  4.97474E+05  1.54566E-03 -4.83837E+01
  3.06145E-02  5.97935E-28  5.40691E+05  1.56181E-03 -5.06763E+01
  1.24194E-01  6.08521E-28  5.34252E+05  1.55784E-03 -5.12603E+01
  2.17774E-01  6.18926E-28  5.26735E+05  1.55520E-03 -5.10550E+01
  3.11354E-01  5.85201E-28  5.57607E+05  1.56741E-03 -5.13538E+01
  4.04934E-01  4.28491E-28  7.62746E+05  1.65371E-03 -5.27199E+01
  4.98514E-01  3.54955E-28  9.21738E+05  1.71687E-03 -5.62068E+01
  5.92094E-01  3.43648E-28  9.46720E+05  1.68782E-03 -5.93657E+01
  6.85673E-01  3.70898E-28  8.65046E+05  1.53309E-03 -6.23358E+01
  7.79253E-01  7.96801E-28  3.88127E+05  1.35248E-03 -6.31580E+01
  8.72833E-01  1.38750E-27  2.13606E+05  1.30930E-03 -6.34201E+01
  9.66413E-01  1.92512E-27  1.45951E+05  1.31722E-03 -6.41809E+01
  1.05999E+00  2.35973E-27  1.16651E+05  1.33660E-03 -6.53131E+01
  1.15357E+00  3.26741E-27  8.35034E+04  1.34978E-03 -6.55069E+01
  1.24715E+00  6.66447E-27  4.08035E+04  1.34104E-03 -6.50710E+01
  1.34073E+00  1.07878E-26  2.41297E+04  1.31876E-03 -6.56049E+01
  1.43431E+00  1.21004E-26  2.14164E+04  1.29498E-03 -6.60463E+01
  1.52789E+00  1.45341E-26  1.61379E+04  1.25249E-03 -6.89510E+01
  1.62147E+00  1.64987E-26  1.43665E+04  1.24839E-03 -6.95531E+01
  1.71505E+00  1.84799E-26  1.37965E+04  1.23642E-03 -7.11606E+01
  1.80863E+00  1.85591E-26  1.43578E+04  1.23192E-03 -7.35969E+01
  1.90221E+00  1.52921E-26  1.68756E+04  1.25109E-03 -7.60635E+01
  1.99579E+00  1.01651E-26  2.41201E+04  1.28156E-03 -7.82102E+01
  2.08937E+00  7.70746E-27  2.97573E+04  1.27166E-03 -7.87666E+01
  2.18295E+00  7.97178E-27  2.60132E+04  1.20436E-03 -7.90537E+01
  2.27653E+00  8.41852E-27  2.25779E+04  1.17992E-03 -7.89580E+01
  2.37011E+00  1.33058E-26  1.59361E+04  1.16003E-03 -7.91032E+01
  2.46369E+00  1.85071E-26  1.43084E+04  1.15912E-03 -7.80242E+01
  2.55727E+00  2.63764E-26  1.35872E+04  1.18516E-03 -7.38884E+01
  2.65085E+00  2.90757E-26  1.34830E+04  1.21791E-03 -6.89743E+01
  2.74443E+00  3.06087E-26  1.35049E+04  1.26966E-03 -6.32891E+01
  2.83801E+00  3.07848E-26  1.36613E+04  1.29863E-03 -5.97376E+01
  2.93159E+00  2.77933E-26  1.43755E+04  1.33537E-03 -5.89398E+01
  3.02517E+00  2.39650E-26  1.47531E+04  1.37906E-03 -5.99841E+01
  3.11875E+00  2.19621E-26  1.45835E+04  1.39097E-03 -6.23272E+01
  3.21233E+00  2.14266E-26  1.44121E+04  1.39134E-03 -6.42947E+01
  3.30591E+00  1.44066E-26  1.66937E+04  1.40504E-03 -6.73685E+01
  3.39949E+00  8.63498E-27  2.31956E+04  1.41551E-03 -7.09867E+01
  3.49307E+00  6.68845E-27  2.64960E+04  1.41386E-03 -6.79023E+01
  3.58665E+00  4.24068E-27  4.06190E+04  1.42610E-03 -7.57194E+01
  3.68023E+00  4.38719E-27  4.14949E+04  1.42307E-03 -7.79306E+01
  3.77381E+00  4.54103E-27  3.97756E+04  1.42362E-03 -7.62384E+01
  3.86739E+00  4.89490E-27  4.42070E+04  1.42896E-03 -7.09214E+01
  3.96097E+00  3.88539E-27  5.94256E+04  1.44267E-03 -6.91518E+01
  4.05455E+00  2.29985E-27  1.04668E+05  1.47358E-03 -7.08921E+01
  4.14813E+00  1.74677E-27  1.33041E+05  1.48515E-03 -7.26840E+01
  4.24171E+00  1.61522E-27  1.30757E+05  1.47584E-03 -7.54293E+01
  4.33529E+00  2.36371E-27  8.39145E+04  1.44781E-03 -7.20029E+01
  4.42887E+00  2.69419E-27  7.99732E+04  1.44486E-03 -6.88087E+01
  4.52245E+00  1.86825E-27  1.25944E+05  1.46735E-03 -7.15940E+01
  4.61603E+00  8.89176E-28  2.67362E+05  1.53769E-03 -7.58358E+01
  4.70961E+00  6.49119E-28  3.60780E+05  1.56801E-03 -7.67007E+01
  4.80319E+00  6.44319E-28  3.64178E+05  1.56191E-03 -7.70487E+01
  4.89677E+00  6.70461E-28  3.55503E+05  1.54829E-03 -7.33904E+01
  4.99035E+00  7.45724E-28  3.25673E+05  1.52830E-03 -6.93759E+01
  5.08393E+00  8.47753E-28  2.92987E+05  1.51319E-03 -6.38828E+01
  5.17751E+00  9.64667E-28  2.65634E+05  1.50237E-03 -5.97615E+01
  5.27109E+00  9.84237E-28  2.64916E+05  1.50061E-03 -5.57380E+01
  5.36467E+00  9.36950E-28  2.80086E+05  1.50469E-03 -5.23272E+01
  5.45825E+00  9.21767E-28  2.82984E+05  1.50463E-03 -4.60849E+01
  5.55183E+00  9.38778E-28  2.75696E+05  1.50150E-03 -3.98059E+01
  5.64541E+00  8.77736E-28  2.94079E+05  1.50853E-03 -3.15357E+01
  5.73899E+00  6.02779E-28  4.36210E+05  1.55558E-03 -2.52239E+01
  5.83257E+00  4.37567E-28  6.11135E+05  1.61622E-03 -2.64916E+01
  5.92615E+00  3.74042E-28  7.22666E+05  1.64757E-03 -3.07752E+01
  6.01973E+00  3.50961E-28  7.73372E+05  1.66568E-03 -3.81578E+01
  6.11331E+00  3.29933E-28  8.27535E+05  1.69807E-03 -3.88437E+01
  6.20688E+00  2.88260E-28  9.61420E+05  1.78046E-03 -4.03452E+01
  6.30046E+00  2.65436E-28  1.06120E+06  1.83545E-03 -4.14567E+01
  6.39404E+00  2.58038E-28  1.10754E+06  1.85163E-03 -4.26202E+01
  6.48762E+00  2.87810E-28  1.00323E+06  1.79572E-03 -4.33402E+01
  6.58120E+00  4.04274E-28  7.25366E+05  1.65043E-03 -4.45359E+01
  6.67478E+00  5.05289E-28  5.87929E+05  1.59397E-03 -4.46602E+01
  6.76836E+00  5.41762E-28  5.50013E+05  1.59212E-03 -4.72187E+01
  6.86194E+00  5.03628E-28  5.89384E+05  1.61439E-03 -5.02921E+01
  6.95552E+00  4.31321E-28  6.85076E+05  1.64049E-03 -5.41154E+01
  7.04910E+00  4.24678E-28  6.96609E+05  1.63136E-03 -5.70244E+01
  7.14268E+00  4.16185E-28  7.16547E+05  1.64018E-03 -5.67601E+01
  7.23626E+00  3.60972E-28  8.32502E+05  1.71074E-03 -5.56432E+01
  7.32984E+00  2.94586E-28  1.03158E+06  1.81637E-03 -5.27960E+01
  7.42342E+00  2.66767E-28  1.14489E+06  1.86466E-03 -5.01846E+01
  7.51700E+00  2.67801E-28  1.14332E+06  1.85349E-03 -4.66285E+01
  7.61058E+00  2.80956E-28  1.09189E+06  1.82279E-03 -4.24603E+01
  7.70416E+00  2.93386E-28  1.04839E+06  1.79642E-03 -3.68327E+01
  7.79774E+00  3.00108E-28  1.02657E+06  1.78289E-03 -3.25536E+01
  7.89132E+00  3.12420E-28  9.85245E+05  1.75998E-03 -2.60017E+01
  7.98490E+00  3.34755E-28  9.11336E+05  1.72310E-03 -2.17290E+01
  8.07848E+00  3.43160E-28  8.86865E+05  1.71178E-03 -1.94636E+01
  8.17206E+00  3.38149E-28  9.03562E+05  1.72007E-03 -1.92371E+01
  8.26564E+00  3.28421E-28  9.44708E+05  1.73953E-03 -2.11293E+01
  8.35922E+00  3.19464E-28  9.84725E+05  1.75526E-03 -2.42457E+01
  8.45280E+00  3.29246E-28  9.68344E+05  1.75064E-03 -2.96784E+01
  8.54638E+00  3.15920E-28  1.01818E+06  1.78700E-03 -3.41032E+01
  8.63996E+00  2.73700E-28  1.18208E+06  1.87454E-03 -3.89366E+01
  8.73354E+00  2.37375E-28  1.37093E+06  1.96062E-03 -4.22478E+01
  8.82712E+00  2.26384E-28  1.44657E+06  1.99007E-03 -4.33072E+01
  8.92070E+00  2.24826E-28  1.46434E+06  1.99485E-03 -4.36469E+01
  9.01428E+00  2.25336E-28  1.46818E+06  1.99380E-03 -4.36266E+01
  9.10786E+00  2.27820E-28  1.45840E+06  1.98827E-03 -4.35288E+01
  9.20144E+00  2.39353E-28  1.39372E+06  1.95925E-03 -4.32363E+01
  9.29502E+00  2.78923E-28  1.20935E+06  1.86673E-03 -4.39836E+01
  9.38860E+00  3.04363E-28  1.11724E+06  1.81655E-03 -4.49638E+01
  9.48218E+00  3.33501E-28  1.04080E+06  1.76877E-03 -4.83849E+01
  9.57576E+00  3.41834E-28  1.03790E+06  1.75496E-03 -5.26305E+01
  9.66934E+00  3.40132E-28  1.06643E+06  1.75302E-03 -5.68292E+01
  9.76292E+00  3.53255E-28  1.04425E+06  1.71864E-03 -5.95329E+01
  9.85650E+00  6.43071E-28  5.65613E+05  1.48771E-03 -6.26299E+01
  9.95008E+00  1.54191E-27  2.29488E+05  1.36365E-03 -6.92265E+01
  1.00437E+01  1.67876E-27  2.01087E+05  1.36209E-03 -7.04687E+01
  1.01372E+01  1.33528E-27  2.49250E+05  1.41697E-03 -6.96372E+01
  1.02308E+01  1.29569E-27  2.57099E+05  1.45427E-03 -7.25881E+01
  1.03244E+01  1.60180E-27  2.11866E+05  1.43437E-03 -7.48905E+01
  1.04180E+01  1.43102E-27  2.45401E+05  1.46651E-03 -7.20510E+01
  1.05116E+01  4.99287E-27  6.53272E+04  1.33110E-03 -7.41555E+01
  1.06051E+01  8.80736E-27  3.47563E+04  1.29673E-03 -7.41337E+01
  1.06987E+01  1.60237E-26  1.70677E+04  1.26843E-03 -7.57664E+01
  1.07923E+01  1.95582E-26  1.41838E+04  1.25416E-03 -7.62208E+01
  1.08859E+01  2.02128E-26  1.39331E+04  1.24958E-03 -7.61282E+01
  1.09795E+01  1.98522E-26  1.38145E+04  1.24930E-03 -7.57451E+01
  1.10730E+01  1.90698E-26  1.38212E+04  1.25269E-03 -7.54116E+01
  1.11666E+01  1.91137E-26  1.38418E+04  1.25341E-03 -7.51696E+01
  1.12602E+01  1.79654E-26  1.38906E+04  1.25618E-03 -7.50414E+01
  1.13538E+01  1.82283E-26  1.38725E+04  1.25558E-03 -7.52112E+01
  1.14474E+01  1.80627E-26  1.38717E+04  1.25526E-03 -7.53494E+01
  1.15409E+01  1.77866E-26  1.39039E+04  1.25617E-03 -7.55629E+01
  1.16345E+01  1.78674E-26  1.40411E+04  1.25750E-03 -7.53030E+01
  1.17281E+01  1.89048E-26  1.38996E+04  1.25612E-03 -7.53299E+01
  1.18217E+01  1.96078E-26  1.40242E+04  1.25772E-03 -7.42586E+01
  1.19153E+01  1.81671E-26  1.45684E+04  1.26429E-03 -7.18252E+01
  1.20088E+01  1.76314E-26  1.45635E+04  1.26859E-03 -6.99613E+01
  1.21024E+01  1.65549E-26  1.43556E+04  1.27428E-03 -6.76798E+01
  1.21960E+01  1.56013E-26  1.41299E+04  1.27726E-03 -6.69485E+01
  1.22896E+01  1.39105E-26  1.40230E+04  1.28036E-03 -6.57196E+01
  1.23832E+01  1.22900E-26  1.40370E+04  1.28150E-03 -6.60821E+01
  1.24767E+01  1.16308E-26  1.40766E+04  1.28098E-03 -6.47387E+01
  1.25703E+01  1.19702E-26  1.42341E+04  1.27758E-03 -6.63387E+01
  1.26639E+01  1.23442E-26  1.43204E+04  1.27764E-03 -7.02036E+01
  1.27575E+01  1.21924E-26  1.43146E+04  1.28373E-03 -7.23450E+01
  1.28511E+01  1.15839E-26  1.41868E+04  1.30780E-03 -7.33674E+01
  1.29446E+01  1.11351E-26  1.40485E+04  1.32536E-03 -7.30193E+01
  1.30382E+01  1.05838E-26  1.40088E+04  1.32418E-03 -7.43796E+01
  1.31318E+01  1.06426E-26  1.39703E+04  1.30872E-03 -7.51160E+01
  1.32254E+01  1.09242E-26  1.41016E+04  1.28054E-03 -7.42642E+01
  1.33190E+01  1.13165E-26  1.42011E+04  1.26022E-03 -7.31833E+01
  1.34125E+01  1.18560E-26  1.42355E+04  1.24580E-03 -7.15980E+01
  1.35061E+01  1.19494E-26  1.42242E+04  1.23918E-03 -6.99059E+01
  1.35997E+01  1.20197E-26  1.42055E+04  1.23754E-03 -6.82086E+01
  1.36933E+01  1.19227E-26  1.41175E+04  1.23422E-03 -6.61107E+01
  1.37869E+01  1.24615E-26  1.40869E+04  1.24097E-03 -6.38208E+01
  1.38804E+01  9.27278E-27  2.07598E+04  1.25775E-03 -6.53005E+01
  1.39740E+01  4.83215E-27  4.38568E+04  1.28378E-03 -6.71235E+01
  1.40676E+01  1.12467E-27  2.05232E+05  1.40362E-03 -7.60592E+01
  1.41612E+01  6.44061E-28  3.71777E+05  1.50505E-03 -8.09912E+01
  1.42548E+01  3.66411E-28  6.79379E+05  1.68388E-03 -8.56161E+01
  1.43483E+01  3.88114E-28  6.65496E+05  1.68840E-03 -7.56966E+01
  1.44419E+01  5.47573E-28  4.84487E+05  1.64283E-03 -6.55880E+01
  1.45355E+01  8.26305E-28  3.24132E+05  1.55253E-03 -6.13805E+01
  1.46291E+01  1.87995E-27  1.43447E+05  1.40441E-03 -5.84273E+01
  1.47227E+01  2.90070E-27  9.29321E+04  1.35469E-03 -5.68523E+01
  1.48162E+01  4.22148E-27  6.49734E+04  1.32375E-03 -5.48338E+01
  1.49098E+01  7.58783E-27  3.59738E+04  1.28231E-03 -5.42935E+01
  1.50034E+01  1.22366E-26  2.11296E+04  1.25491E-03 -5.31544E+01
  1.50970E+01  1.72529E-26  1.44123E+04  1.23209E-03 -5.25693E+01
  1.51906E+01  1.81757E-26  1.39504E+04  1.22794E-03 -5.15764E+01
  1.52841E+01  1.70459E-26  1.46800E+04  1.23709E-03 -5.15988E+01
  1.53777E+01  8.60053E-27  2.92718E+04  1.28105E-03 -5.41696E+01
  1.54713E+01  3.34662E-27  7.96631E+04  1.35141E-03 -5.65482E+01
  1.55649E+01  1.18084E-27  2.31945E+05  1.43017E-03 -5.70471E+01
  1.56585E+01  1.11505E-27  2.46631E+05  1.40627E-03 -5.67888E+01
  1.57520E+01  2.17600E-27  1.22855E+05  1.35117E-03 -5.45400E+01
  1.58456E+01  3.76808E-27  6.78919E+04  1.33223E-03 -5.53263E+01
  1.59392E+01  4.90362E-27  5.09095E+04  1.32535E-03 -5.48749E+01
  1.60328E+01  4.10881E-27  6.12207E+04  1.33491E-03 -5.44663E+01
  1.61264E+01  1.65150E-27  1.56890E+05  1.39570E-03 -5.32463E+01
  1.62199E+01  9.68906E-28  2.69883E+05  1.46278E-03 -5.01969E+01
  1.63135E+01  5.75956E-28  4.41887E+05  1.54949E-03 -4.59889E+01
  1.64071E+01  5.47401E-28  4.41611E+05  1.52325E-03 -5.09595E+01
  1.65007E+01  1.09903E-27  2.04895E+05  1.41233E-03 -5.20509E+01
  1.65942E+01  1.90553E-27  1.15212E+05  1.36183E-03 -5.05026E+01
  1.66878E+01  2.88852E-27  7.82605E+04  1.34075E-03 -5.22505E+01
  1.67814E+01  3.18959E-27  7.56969E+04  1.35110E-03 -5.10596E+01
  1.68750E+01  2.54011E-27  1.04365E+05  1.38387E-03 -4.95076E+01
  1.69686E+01  1.95851E-27  1.42444E+05  1.39938E-03 -4.58288E+01
  1.70621E+01  2.19493E-27  1.31852E+05  1.37010E-03 -4.05281E+01
  1.71557E+01  2.23464E-27  1.32750E+05  1.36117E-03 -4.02200E+01
  1.72493E+01  1.55188E-27  1.90598E+05  1.39059E-03 -4.20726E+01
  1.73429E+01  1.27364E-27  2.32246E+05  1.42301E-03 -4.69486E+01
  1.74365E+01  1.31853E-27  2.32336E+05  1.44827E-03 -5.04236E+01
  1.75300E+01  1.28842E-27  2.43494E+05  1.47490E-03 -5.09693E+01
  1.76236E+01  1.16039E-27  2.73805E+05  1.50058E-03 -5.15939E+01
  1.77172E+01  9.24269E-28  3.43758E+05  1.51897E-03 -5.32592E+01
  1.78108E+01  7.60164E-28  4.15957E+05  1.53021E-03 -5.53115E+01
  1.79044E+01  6.51993E-28  4.82500E+05  1.54085E-03 -5.78089E+01
  1.79979E+01  5.80761E-28  5.34715E+05  1.55456E-03 -6.05766E+01
  1.80915E+01  5.62509E-28  5.48962E+05  1.56058E-03 -6.16973E+01
  1.81851E+01  5.17634E-28  5.89460E+05  1.57939E-03 -6.38517E+01
  1.82787E+01  4.79458E-28  6.33877E+05  1.60504E-03 -6.50980E+01
  1.83723E+01  4.30658E-28  6.94273E+05  1.64008E-03 -6.73402E+01
  1.84658E+01  3.84781E-28  7.70849E+05  1.68075E-03 -6.88202E+01
  1.85594E+01  3.90710E-28  7.52105E+05  1.67216E-03 -7.02911E+01
  1.86530E+01  3.99163E-28  7.29140E+05  1.66179E-03 -7.16178E+01
  1.87466E+01  3.85286E-28  7.52529E+05  1.66947E-03 -7.34084E+01
  1.88402E+01  3.88620E-28  7.39632E+05  1.66101E-03 -7.47811E+01
  1.89337E+01  3.81702E-28  7.53293E+05  1.66879E-03 -7.54595E+01
  1.90273E+01  3.84411E-28  7.46072E+05  1.65948E-03 -7.40820E+01
  1.91209E+01  3.83626E-28  7.47007E+05  1.65540E-03 -7.34165E+01
  1.92145E+01  3.79634E-28  7.54104E+05  1.65393E-03 -7.09427E+01
  1.93081E+01  3.78041E-28  7.56064E+05  1.65273E-03 -6.81780E+01
  1.94016E+01  3.75274E-28  7.62123E+05  1.65457E-03 -6.74855E+01
  1.94952E+01  3.66423E-28  7.84230E+05  1.66421E-03 -6.33016E+01
  1.95888E+01  3.57875E-28  8.07213E+05  1.67410E-03 -6.46712E+01
  1.96824E+01  3.55476E-28  8.17401E+05  1.68081E-03 -6.19734E+01
  1.97760E+01  3.52410E-28  8.28932E+05  1.68681E-03 -6.01387E+01
  1.98695E+01  3.47311E-28  8.46783E+05  1.69232E-03 -6.01664E+01
  1.99631E+01  3.42385E-28  8.68515E+05  1.70302E-03 -5.71568E+01
  2.00567E+01  3.42690E-28  8.67545E+05  1.70254E-03 -5.63816E+01
  2.01503E+01  3.34578E-28  8.97556E+05  1.71838E-03 -5.39583E+01
  2.02439E+01  3.26869E-28  9.24256E+05  1.72985E-03 -5.61558E+01
  2.03374E+01  3.16747E-28  9.58370E+05  1.74693E-03 -5.45554E+01
  2.04310E+01  3.09423E-28  9.83367E+05  1.76082E-03 -5.30055E+01
  2.05246E+01  3.01282E-28  1.01101E+06  1.77422E-03 -5.19590E+01
  2.06182E+01  2.88729E-28  1.05594E+06  1.79892E-03 -5.03656E+01
  2.07118E+01  2.84069E-28  1.07314E+06  1.80766E-03 -4.98177E+01
  2.08053E+01  2.81764E-28  1.07928E+06  1.81618E-03 -5.05546E+01
  2.08989E+01  2.83720E-28  1.06937E+06  1.81321E-03 -5.12353E+01
  2.09925E+01  2.91683E-28  1.03764E+06  1.80067E-03 -5.15221E+01
  2.10861E+01  3.05049E-28  9.90140E+05  1.77641E-03 -5.03010E+01
  2.11797E+01  3.16559E-28  9.54046E+05  1.75853E-03 -5.03403E+01
  2.12732E+01  3.52218E-28  8.55038E+05  1.70747E-03 -4.89443E+01
  2.13668E+01  3.54665E-28  8.48489E+05  1.70343E-03 -4.91440E+01
  2.14604E+01  4.38791E-28  6.87212E+05  1.62053E-03 -4.79274E+01
  2.15540E+01  4.68775E-28  6.43359E+05  1.59793E-03 -4.71518E+01
  2.16476E+01  4.70238E-28  6.41863E+05  1.59934E-03 -4.61431E+01
  2.17411E+01  4.56158E-28  6.61968E+05  1.60501E-03 -4.50772E+01
  2.18347E+01  4.37351E-28  6.90534E+05  1.61649E-03 -4.47946E+01
  2.19283E+01  4.47914E-28  6.75878E+05  1.60749E-03 -4.35234E+01
  2.20219E+01  4.09371E-28  7.40038E+05  1.64237E-03 -4.29310E+01
  2.21155E+01  3.22082E-28  9.44295E+05  1.74040E-03 -4.04935E+01
  2.22090E+01  3.16916E-28  9.60749E+05  1.74780E-03 -4.00638E+01
  2.23026E+01  3.20373E-28  9.51360E+05  1.73723E-03 -3.99528E+01
  2.23962E+01  2.71171E-28  1.12715E+06  1.83487E-03 -3.87370E+01
  2.24898E+01  2.51569E-28  1.21607E+06  1.88659E-03 -3.81055E+01
  2.25834E+01  2.31497E-28  1.32586E+06  1.94777E-03 -3.73101E+01
  2.26769E+01  2.28640E-28  1.34318E+06  1.95656E-03 -3.73326E+01
  2.27705E+01  2.22323E-28  1.38400E+06  1.97623E-03 -3.71218E+01
  2.28641E+01  2.17965E-28  1.41339E+06  1.99022E-03 -3.72024E+01
  2.29577E+01  2.17733E-28  1.41596E+06  1.99118E-03 -3.69911E+01
  2.30513E+01  2.17807E-28  1.41834E+06  1.99155E-03 -3.65644E+01
  2.31448E+01  2.17858E-28  1.41782E+06  1.99138E-03 -3.70592E+01
  2.32384E+01  2.21017E-28  1.39968E+06  1.98270E-03 -3.61410E+01
  2.33320E+01  2.21643E-28  1.39622E+06  1.98103E-03 -3.58567E+01
  2.34256E+01  2.35933E-28  1.31084E+06  1.93914E-03 -3.39487E+01
  2.35192E+01  2.67121E-28  1.15577E+06  1.86531E-03 -3.33702E+01
  2.36127E+01  2.76631E-28  1.11624E+06  1.84694E-03 -3.32884E+01
  2.37063E+01  3.01893E-28  1.02255E+06  1.80387E-03 -3.17669E+01
  2.37999E+01  3.26118E-28  9.45651E+05  1.76888E-03 -3.20382E+01
  2.38935E+01  3.68111E-28  8.37498E+05  1.72045E-03 -3.16415E+01
  2.39871E+01  4.21291E-28  7.29791E+05  1.67262E-03 -3.20333E+01
  2.40806E+01  4.36746E-28  7.04890E+05  1.66121E-03 -3.13949E+01
  2.41742E+01  4.44320E-28  6.94069E+05  1.65554E-03 -3.12898E+01
  2.42678E+01  4.61836E-28  6.67478E+05  1.64304E-03 -3.17732E+01
  2.43614E+01  4.56603E-28  6.78848E+05  1.64659E-03 -3.06967E+01
  2.44550E+01  4.55814E-28  6.80182E+05  1.64714E-03 -3.06360E+01
  2.45485E+01  4.21917E-28  7.38977E+05  1.67053E-03 -2.92574E+01
  2.46421E+01  4.36399E-28  7.13927E+05  1.65755E-03 -2.93076E+01
  2.47357E+01  4.44787E-28  7.00146E+05  1.64984E-03 -2.93245E+01
  2.48293E+01  4.24061E-28  7.36897E+05  1.66405E-03 -2.83369E+01
  2.49229E+01  4.19422E-28  7.44640E+05  1.66891E-03 -2.79759E+01
  2.50164E+01  3.80138E-28  8.23757E+05  1.70570E-03 -2.68304E+01
  2.51100E+01  3.69048E-28  8.49116E+05  1.71832E-03 -2.61849E+01
  2.52036E+01  3.30991E-28  9.47788E+05  1.76452E-03 -2.56696E+01
  2.52972E+01  3.14860E-28  9.95762E+05  1.78922E-03 -2.48834E+01
  2.53908E+01  3.04293E-28  1.03012E+06  1.80741E-03 -2.43517E+01
  2.54843E+01  2.49179E-28  1.26131E+06  1.91583E-03 -2.36228E+01
  2.55779E+01  2.48388E-28  1.26542E+06  1.91770E-03 -2.36153E+01
  2.56715E+01  2.29618E-28  1.37183E+06  1.96649E-03 -2.30891E+01
  2.57651E+01  2.28135E-28  1.38148E+06  1.97135E-03 -2.26744E+01
  2.58587E+01  2.24025E-28  1.40846E+06  1.98373E-03 -2.26437E+01
  2.59522E+01  2.20573E-28  1.43069E+06  1.99395E-03 -2.30649E+01
  2.60458E+01  2.20607E-28  1.43061E+06  1.99412E-03 -2.32084E+01
  2.61394E+01  2.19776E-28  1.43836E+06  1.99719E-03 -2.36568E+01
  2.62330E+01  2.19870E-28  1.43741E+06  1.99688E-03 -2.37258E+01
  2.63266E+01  2.19343E-28  1.44204E+06  1.99854E-03 -2.42521E+01
  2.64201E+01  2.19203E-28  1.44436E+06  1.99925E-03 -2.43418E+01
  2.65137E+01  2.19422E-28  1.44563E+06  1.99942E-03 -2.44532E+01
  2.66073E+01  2.19350E-28  1.44533E+06  1.99943E-03 -2.49294E+01
  2.67009E+01  2.19400E-28  1.44534E+06  1.99939E-03 -2.49544E+01
  2.67945E+01  2.19666E-28  1.44565E+06  1.99947E-03 -2.51906E+01
  2.68880E+01  2.19922E-28  1.44581E+06  1.99932E-03 -2.50607E+01
  2.69816E+01  2.20171E-28  1.44475E+06  1.99903E-03 -2.53375E+01
  2.70752E+01  2.20318E-28  1.44423E+06  1.99886E-03 -2.54430E+01
  2.71688E+01  2.21159E-28  1.44094E+06  1.99702E-03 -2.52261E+01
  2.72624E+01  2.22686E-28  1.43424E+06  1.99359E-03 -2.53109E+01
  2.73559E+01  2.22824E-28  1.43389E+06  1.99333E-03 -2.52418E+01
  2.74495E+01  2.22824E-28  1.43389E+06  1.99333E-03 -2.52418E+01
  2.75431E+01  2.22824E-28  1.43389E+06  1.99333E-03 -2.52418E+01
  2.76367E+01  2.28148E-28  1.40194E+06  1.97967E-03 -2.59788E+01
  2.77303E+01  2.30208E-28  1.38997E+06  1.97456E-03 -2.62549E+01
  2.78238E+01  2.30017E-28  1.39176E+06  1.97562E-03 -2.52449E+01
  2.79174E+01  2.29883E-28  1.39302E+06  1.97636E-03 -2.45336E+01
  2.80110E+01  2.30415E-28  1.39058E+06  1.97449E-03 -2.33201E+01
  2.81046E+01  2.34896E-28  1.36444E+06  1.95651E-03 -2.28307E+01
  2.81982E+01  2.35620E-28  1.36028E+06  1.95366E-03 -2.28114E+01
  2.82917E+01  2.35620E-28  1.36028E+06  1.95366E-03 -2.28114E+01
  2.83853E+01  2.35620E-28  1.36028E+06  1.95366E-03 -2.28114E+01
  2.84789E+01  2.35267E-28  1.36184E+06  1.95027E-03 -2.26830E+01
  2.85725E+01  2.29304E-28  1.39661E+06  1.96288E-03 -2.20050E+01
  2.86660E+01  2.27918E-28  1.40847E+06  1.97040E-03 -2.17579E+01
  2.87596E+01  2.24909E-28  1.42840E+06  1.98401E-03 -2.15256E+01
  2.88532E+01  2.24431E-28  1.43124E+06  1.98600E-03 -2.15206E+01
  2.89468E+01  2.24792E-28  1.42800E+06  1.98500E-03 -2.17020E+01
  2.90404E+01  2.25902E-28  1.42036E+06  1.98062E-03 -2.18438E+01
  2.91339E+01  2.23657E-28  1.43346E+06  1.98930E-03 -2.17241E+01
  2.92275E+01  2.21643E-28  1.44546E+06  1.99724E-03 -2.16143E+01
  2.93211E+01  2.21893E-28  1.44554E+06  1.99712E-03 -2.15324E+01
  2.94147E+01  2.22374E-28  1.44414E+06  1.99565E-03 -2.13477E+01
  2.95083E+01  2.22697E-28  1.44331E+06  1.99444E-03 -2.11610E+01
  2.96018E+01  2.22697E-28  1.44331E+06  1.99444E-03 -2.11610E+01
  2.96954E+01  2.22697E-28  1.44331E+06  1.99444E-03 -2.11610E+01
  2.97890E+01  2.22651E-28  1.44351E+06  1.99438E-03 -2.11249E+01
  2.98826E+01  2.22114E-28  1.44585E+06  1.99363E-03 -2.07055E+01
  2.99762E+01  2.22154E-28  1.44618E+06  1.99371E-03 -2.06141E+01
  3.00697E+01  2.22257E-28  1.44703E+06  1.99391E-03 -2.03812E+01
  3.01633E+01  2.22452E-28  1.44864E+06  1.99429E-03 -1.99374E+01
  3.02569E+01  2.22338E-28  1.44862E+06  1.99440E-03 -1.96987E+01
  3.03505E+01  2.22118E-28  1.44822E+06  1.99447E-03 -1.94290E+01
  3.04441E+01  2.22112E-28  1.44821E+06  1.99447E-03 -1.94225E+01
  3.05376E+01  2.22112E-28  1.44821E+06  1.99447E-03 -1.94225E+01
  3.06312E+01  2.22112E-28  1.44821E+06  1.99447E-03 -1.94225E+01
  3.07248E+01  2.22124E-28  1.44741E+06  1.99571E-03 -1.91751E+01
  3.08184E+01  2.22290E-28  1.44843E+06  1.99743E-03 -1.86021E+01
  3.09120E+01  2.22444E-28  1.45003E+06  1.99820E-03 -1.82267E+01
  3.10055E+01  2.22518E-28  1.45079E+06  1.99856E-03 -1.80483E+01
  3.10991E+01  2.22492E-28  1.45085E+06  1.99859E-03 -1.80414E+01
  3.11927E+01  2.21977E-28  1.45188E+06  1.99929E-03 -1.79467E+01
  3.12863E+01  2.21719E-28  1.45212E+06  1.99963E-03 -1.79410E+01
  3.13799E+01  2.21705E-28  1.45212E+06  1.99965E-03 -1.79435E+01
  3.14734E+01  2.21702E-28  1.45219E+06  1.99968E-03 -1.79268E+01
  3.15670E+01  2.21833E-28  1.45316E+06  1.99992E-03 -1.74921E+01
  3.16606E+01  2.21815E-28  1.45289E+06  2.00000E-03 -1.71568E+01
  3.17542E+01  2.21845E-28  1.45271E+06  2.00000E-03 -1.70601E+01
  3.18478E+01  2.21845E-28  1.45271E+06  2.00000E-03 -1.70601E+01
  3.19413E+01  2.21845E-28  1.45271E+06  2.00000E-03 -1.70601E+01
  3.20349E+01  2.21766E-28  1.45242E+06  2.00000E-03 -1.69766E+01
  3.21285E+01  2.21693E-28  1.45216E+06  2.00000E-03 -1.68992E+01
  3.22221E+01  2.21759E-28  1.45247E+06  2.00000E-03 -1.67743E+01
  3.23157E+01  2.21903E-28  1.45314E+06  2.00000E-03 -1.65013E+01
  3.24092E+01  2.22021E-28  1.45369E+06  2.00000E-03 -1.62637E+01
  3.25028E+01  2.21931E-28  1.45329E+06  2.00000E-03 -1.61793E+01
  3.25964E+01  2.21893E-28  1.45312E+06  2.00000E-03 -1.61427E+01
  3.26900E+01  2.21893E-28  1.45312E+06  2.00000E-03 -1.61427E+01
  3.27836E+01  2.21893E-28  1.45312E+06  2.00000E-03 -1.61427E+01
  3.28771E+01  2.21885E-28  1.45309E+06  2.00000E-03 -1.61365E+01
  3.29707E+01  2.21823E-28  1.45280E+06  2.00000E-03 -1.59429E+01
  3.30643E+01  2.21927E-28  1.45323E+06  2.00000E-03 -1.56698E+01
  3.31579E+01  2.21993E-28  1.45350E+06  2.00000E-03 -1.55055E+01
  3.32515E+01  2.21993E-28  1.45350E+06  2.00000E-03 -1.55055E+01
  3.33450E+01  2.21965E-28  1.45338E+06  2.00000E-03 -1.54856E+01
  3.34386E+01  2.21904E-28  1.45311E+06  2.00000E-03 -1.54419E+01
  3.35322E+01  2.21898E-28  1.45308E+06  2.00000E-03 -1.54376E+01
  3.36258E+01  2.21905E-28  1.45312E+06  2.00000E-03 -1.53987E+01
  3.37194E+01  2.21926E-28  1.45320E+06  2.00000E-03 -1.52227E+01
  3.38129E+01  2.21871E-28  1.45295E+06  2.00000E-03 -1.51812E+01
  3.39065E+01  2.21862E-28  1.45291E+06  2.00000E-03 -1.50192E+01
  3.40001E+01  2.21822E-28  1.45273E+06  2.00000E-03 -1.50644E+01
  3.40937E+01  2.21815E-28  1.45270E+06  2.00000E-03 -1.50721E+01
  3.41873E+01  2.21803E-28  1.45264E+06  2.00000E-03 -1.50892E+01
  3.42808E+01  2.21812E-28  1.45269E+06  2.00000E-03 -1.51328E+01
  3.43744E+01  2.21770E-28  1.45250E+06  2.00000E-03 -1.51828E+01
  3.44680E+01  2.21757E-28  1.45244E+06  2.00000E-03 -1.50358E+01
  3.45616E+01  2.21739E-28  1.45237E+06  2.00000E-03 -1.48212E+01
  3.46552E+01  2.21768E-28  1.45249E+06  2.00000E-03 -1.47418E+01
  3.47487E+01  2.21855E-28  1.45288E+06  2.00000E-03 -1.47694E+01
  3.48423E+01  2.21865E-28  1.45292E+06  2.00000E-03 -1.47725E+01
  3.49359E+01  2.21865E-28  1.45292E+06  2.00000E-03 -1.47725E+01
  3.50295E+01  2.21865E-28  1.45292E+06  2.00000E-03 -1.47725E+01
  3.51231E+01  2.21960E-28  1.45334E+06  2.00000E-03 -1.48000E+01
  3.52166E+01  2.22027E-28  1.45363E+06  2.00000E-03 -1.46228E+01
  3.53102E+01  2.21972E-28  1.45339E+06  2.00000E-03 -1.44824E+01
  3.54038E+01  2.21925E-28  1.45318E+06  2.00000E-03 -1.43628E+01
  3.54974E+01  2.21925E-28  1.45318E+06  2.00000E-03 -1.43628E+01
  3.55910E+01  2.22105E-28  1.45396E+06  2.00000E-03 -1.44117E+01
  3.56845E+01  2.22197E-28  1.45437E+06  2.00000E-03 -1.44370E+01
  3.57781E+01  2.22197E-28  1.45437E+06  2.00000E-03 -1.44370E+01
  3.58717E+01  2.22197E-28  1.45437E+06  2.00000E-03 -1.44370E+01
  3.59653E+01  2.22048E-28  1.45375E+06  2.00000E-03 -1.41727E+01
  3.60589E+01  2.22150E-28  1.45418E+06  2.00000E-03 -1.40232E+01
  3.61524E+01  2.22184E-28  1.45432E+06  2.00000E-03 -1.40321E+01
  3.62460E+01  2.22184E-28  1.45432E+06  2.00000E-03 -1.40321E+01
  3.63396E+01  2.22185E-28  1.45433E+06  2.00000E-03 -1.40428E+01
  3.64332E+01  2.22253E-28  1.45464E+06  2.00000E-03 -1.40909E+01
  3.65268E+01  2.22428E-28  1.45542E+06  2.00000E-03 -1.41339E+01
  3.66203E+01  2.22234E-28  1.45457E+06  2.00000E-03 -1.39528E+01
  3.67139E+01  2.22041E-28  1.45373E+06  2.00000E-03 -1.37764E+01
  3.68075E+01  2.21765E-28  1.45251E+06  2.00000E-03 -1.35208E+01
  3.69011E+01  2.22036E-28  1.45369E+06  2.00000E-03 -1.35649E+01
  3.69947E+01  2.22203E-28  1.45441E+06  2.00000E-03 -1.35917E+01
  3.70882E+01  2.22203E-28  1.45441E+06  2.00000E-03 -1.35917E+01
  3.71818E+01  2.22203E-28  1.45441E+06  2.00000E-03 -1.35917E+01
  3.72754E+01  2.22203E-28  1.45441E+06  2.00000E-03 -1.35917E+01
  3.73690E+01  2.22203E-28  1.45441E+06  2.00000E-03 -1.35917E+01
  3.74626E+01  2.22203E-28  1.45441E+06  2.00000E-03 -1.35917E+01
  3.75561E+01  2.22203E-28  1.45441E+06  2.00000E-03 -1.35917E+01
  3.76497E+01  2.22203E-28  1.45441E+06  2.00000E-03 -1.35917E+01
  3.77433E+01  2.22260E-28  1.45466E+06  2.00000E-03 -1.35915E+01
  3.78369E+01  2.22440E-28  1.45546E+06  2.00000E-03 -1.35906E+01
  3.79305E+01  2.22482E-28  1.45564E+06  2.00000E-03 -1.35904E+01
  3.80240E+01  2.22467E-28  1.45558E+06  2.00000E-03 -1.35670E+01
  3.81176E+01  2.22232E-28  1.45451E+06  2.00000E-03 -1.31922E+01
  3.82112E+01  2.22010E-28  1.45351E+06  2.00000E-03 -1.28380E+01
  3.83048E+01  2.21926E-28  1.45313E+06  2.00000E-03 -1.27043E+01
  3.83984E+01  2.21926E-28  1.45313E+06  2.00000E-03 -1.27043E+01
  3.84919E+01  2.21926E-28  1.45313E+06  2.00000E-03 -1.27043E+01
  3.85855E+01  2.21926E-28  1.45313E+06  2.00000E-03 -1.27043E+01
  3.86791E+01  2.22192E-28  1.45430E+06  2.00000E-03 -1.25962E+01
  3.87727E+01  2.22325E-28  1.45488E+06  2.00000E-03 -1.25422E+01
  3.88663E+01  2.22325E-28  1.45488E+06  2.00000E-03 -1.25422E+01
  3.89598E+01  2.22344E-28  1.45496E+06  2.00000E-03 -1.26686E+01
  3.90534E+01  2.22346E-28  1.45497E+06  2.00000E-03 -1.26765E+01
  3.91470E+01  2.22346E-28  1.45497E+06  2.00000E-03 -1.26762E+01
  3.92406E+01  2.22353E-28  1.45500E+06  2.00000E-03 -1.27230E+01
  3.93342E+01  2.22350E-28  1.45498E+06  2.00000E-03 -1.27025E+01
  3.94277E+01  2.22366E-28  1.45506E+06  2.00000E-03 -1.28132E+01
  3.95213E+01  2.22435E-28  1.45536E+06  2.00000E-03 -1.27770E+01
  3.96149E+01  2.22472E-28  1.45553E+06  2.00000E-03 -1.22375E+01
  3.97085E+01  2.22300E-28  1.45478E+06  2.00000E-03 -1.19619E+01
  3.98021E+01  2.22241E-28  1.45452E+06  2.00000E-03 -1.18673E+01
  3.98956E+01  2.22241E-28  1.45452E+06  2.00000E-03 -1.18673E+01
  3.99892E+01  2.22241E-28  1.45452E+06  2.00000E-03 -1.18673E+01
  4.00828E+01  2.22241E-28  1.45452E+06  2.00000E-03 -1.18673E+01
  4.01764E+01  2.22241E-28  1.45452E+06  2.00000E-03 -1.18673E+01
  4.02700E+01  2.22241E-28  1.45452E+06  2.00000E-03 -1.18673E+01
  4.03635E+01  2.22241E-28  1.45452E+06  2.00000E-03 -1.18673E+01
  4.04571E+01  2.22382E-28  1.45515E+06  2.00000E-03 -1.15958E+01
  4.05507E+01  2.22425E-28  1.45534E+06  2.00000E-03 -1.15128E+01
  4.06443E+01  2.22425E-28  1.45534E+06  2.00000E-03 -1.15128E+01
  4.07379E+01  2.22425E-28  1.45534E+06  2.00000E-03 -1.15128E+01
  4.08314E+01  2.22425E-28  1.45534E+06  2.00000E-03 -1.15128E+01
  4.09250E+01  2.22425E-28  1.45534E+06  2.00000E-03 -1.15128E+01
  4.10186E+01  2.22301E-28  1.45479E+06  2.00000E-03 -1.14025E+01
  4.11122E+01  2.22154E-28  1.45415E+06  2.00000E-03 -1.12707E+01
  4.12057E+01  2.21916E-28  1.45310E+06  2.00000E-03 -1.10576E+01
  4.12993E+01  2.21903E-28  1.45305E+06  2.00000E-03 -1.09334E+01
  4.13929E+01  2.21891E-28  1.45300E+06  2.00000E-03 -1.07438E+01
  4.14865E+01  2.21891E-28  1.45300E+06  2.00000E-03 -1.07438E+01
  4.15801E+01  2.21891E-28  1.45300E+06  2.00000E-03 -1.07438E+01
  4.16736E+01  2.21891E-28  1.45300E+06  2.00000E-03 -1.07438E+01
  4.17672E+01  2.21891E-28  1.45300E+06  2.00000E-03 -1.07438E+01
  4.18608E+01  2.21891E-28  1.45300E+06  2.00000E-03 -1.07438E+01
  4.19544E+01  2.21891E-28  1.45300E+06  2.00000E-03 -1.07438E+01
  4.20480E+01  2.21891E-28  1.45300E+06  2.00000E-03 -1.07438E+01
  4.21415E+01  2.21849E-28  1.45282E+06  2.00000E-03 -1.07031E+01
  4.22351E+01  2.21555E-28  1.45154E+06  2.00000E-03 -1.04128E+01
  4.23287E+01  2.21495E-28  1.45128E+06  2.00000E-03 -1.03535E+01
  4.24223E+01  2.21495E-28  1.45128E+06  2.00000E-03 -1.03535E+01
  4.25159E+01  2.21396E-28  1.45084E+06  2.00000E-03 -1.02800E+01
  4.26094E+01  2.21272E-28  1.45030E+06  2.00000E-03 -1.01874E+01
  4.27030E+01  2.21208E-28  1.45001E+06  2.00000E-03 -1.01393E+01
  4.27966E+01  2.21208E-28  1.45001E+06  2.00000E-03 -1.01393E+01
  4.28902E+01  2.21208E-28  1.45001E+06  2.00000E-03 -1.01393E+01
  4.29838E+01  2.21208E-28  1.45001E+06  2.00000E-03 -1.01393E+01
  4.30773E+01  2.21001E-28  1.44911E+06  2.00000E-03 -9.98875E+00
  4.31709E+01  2.20717E-28  1.44787E+06  2.00000E-03 -9.78096E+00
  4.32645E+01  2.20717E-28  1.44787E+06  2.00000E-03 -9.78096E+00
  4.33581E+01  2.20717E-28  1.44787E+06  2.00000E-03 -9.78096E+00
  4.34517E+01  2.20717E-28  1.44787E+06  2.00000E-03 -9.78096E+00
  4.35452E+01  2.20717E-28  1.44787E+06  2.00000E-03 -9.78096E+00
  4.36388E+01  2.20717E-28  1.44787E+06  2.00000E-03 -9.78096E+00
  4.37324E+01  2.20717E-28  1.44787E+06  2.00000E-03 -9.78096E+00
  4.38260E+01  2.20717E-28  1.44787E+06  2.00000E-03 -9.78096E+00
  4.39196E+01  2.20674E-28  1.44768E+06  2.00000E-03 -9.71003E+00
  4.40131E+01  2.20252E-28  1.44582E+06  2.00000E-03 -9.28632E+00
  4.41067E+01  2.20215E-28  1.44566E+06  2.00000E-03 -9.16945E+00
  4.42003E+01  2.20256E-28  1.44583E+06  2.00000E-03 -9.11989E+00
  4.42939E+01  2.20249E-28  1.44580E+06  2.00000E-03 -9.12083E+00
  4.43875E+01  2.20244E-28  1.44578E+06  2.00000E-03 -9.12156E+00
  4.44810E+01  2.20241E-28  1.44577E+06  2.00000E-03 -9.12203E+00
  4.45746E+01  2.20233E-28  1.44573E+06  2.00000E-03 -9.12324E+00
  4.46682E+01  2.20222E-28  1.44568E+06  2.00000E-03 -9.12488E+00
  4.47618E+01  2.20222E-28  1.44568E+06  2.00000E-03 -9.12488E+00
  4.48554E+01  2.19888E-28  1.44422E+06  2.00000E-03 -8.85896E+00
  4.49489E+01  2.19665E-28  1.44324E+06  2.00000E-03 -8.68056E+00
  4.50425E+01  2.19665E-28  1.44324E+06  2.00000E-03 -8.68057E+00
  4.51361E+01  2.19665E-28  1.44324E+06  2.00000E-03 -8.68056E+00
  4.52297E+01  2.19665E-28  1.44324E+06  2.00000E-03 -8.68056E+00
  4.53233E+01  2.19665E-28  1.44324E+06  2.00000E-03 -8.68056E+00
  4.54168E+01  2.19720E-28  1.44348E+06  2.00000E-03 -8.63613E+00
  4.55104E+01  2.19878E-28  1.44417E+06  2.00000E-03 -8.50876E+00
  4.56040E+01  2.20011E-28  1.44475E+06  2.00000E-03 -8.40150E+00
  4.56976E+01  2.19974E-28  1.44459E+06  2.00000E-03 -8.35729E+00
  4.57912E+01  2.19589E-28  1.44290E+06  2.00000E-03 -7.99237E+00
  4.58847E+01  2.19578E-28  1.44285E+06  2.00000E-03 -7.98194E+00
  4.59783E+01  2.19578E-28  1.44285E+06  2.00000E-03 -7.98194E+00
  4.60719E+01  2.19578E-28  1.44285E+06  2.00000E-03 -7.98194E+00
  4.61655E+01  2.19578E-28  1.44285E+06  2.00000E-03 -7.98194E+00
  4.62591E+01  2.19578E-28  1.44285E+06  2.00000E-03 -7.98194E+00
  4.63526E+01  2.19578E-28  1.44285E+06  2.00000E-03 -7.98194E+00
  4.64462E+01  2.19578E-28  1.44285E+06  2.00000E-03 -7.98194E+00
  4.65398E+01  2.19559E-28  1.44277E+06  2.00000E-03 -7.95952E+00
  4.66334E+01  2.19364E-28  1.44192E+06  2.00000E-03 -7.72620E+00
  4.67270E+01  2.19305E-28  1.44166E+06  2.00000E-03 -7.65473E+00
  4.68205E+01  2.19305E-28  1.44166E+06  2.00000E-03 -7.65473E+00
  4.69141E+01  2.19402E-28  1.44208E+06  2.00000E-03 -7.55601E+00
