 -1.78270E+01  2.18125E-28  1.43670E+06  2.00000E-03  1.02844E+01
 -1.77334E+01  2.18125E-28  1.43670E+06  2.00000E-03  1.02844E+01
 -1.76398E+01  2.18125E-28  1.43670E+06  2.00000E-03  1.02844E+01
 -1.75462E+01  2.18338E-28  1.43763E+06  2.00000E-03  1.01785E+01
 -1.74526E+01  2.18550E-28  1.43857E+06  2.00000E-03  1.00729E+01
 -1.73591E+01  2.18550E-28  1.43857E+06  2.00000E-03  1.00729E+01
 -1.72655E+01  2.18550E-28  1.43857E+06  2.00000E-03  1.00729E+01
 -1.71719E+01  2.18727E-28  1.43935E+06  2.00000E-03  9.98978E+00
 -1.70783E+01  2.18903E-28  1.44013E+06  2.00000E-03  9.90683E+00
 -1.69847E+01  2.18903E-28  1.44013E+06  2.00000E-03  9.90683E+00
 -1.68912E+01  2.18903E-28  1.44013E+06  2.00000E-03  9.90683E+00
 -1.67976E+01  2.19031E-28  1.44070E+06  2.00000E-03  9.87196E+00
 -1.67040E+01  2.19160E-28  1.44126E+06  2.00000E-03  9.83712E+00
 -1.66104E+01  2.19160E-28  1.44126E+06  2.00000E-03  9.83712E+00
 -1.65168E+01  2.19160E-28  1.44126E+06  2.00000E-03  9.83712E+00
 -1.64233E+01  2.19246E-28  1.44165E+06  2.00000E-03  9.84792E+00
 -1.63297E+01  2.19333E-28  1.44203E+06  2.00000E-03  9.85871E+00
 -1.62361E+01  2.19333E-28  1.44203E+06  2.00000E-03  9.85871E+00
 -1.61425E+01  2.19333E-28  1.44203E+06  2.00000E-03  9.85871E+00
 -1.60489E+01  2.19384E-28  1.44226E+06  2.00000E-03  9.90137E+00
 -1.59554E+01  2.19436E-28  1.44249E+06  2.00000E-03  9.94401E+00
 -1.58618E+01  2.19436E-28  1.44249E+06  2.00000E-03  9.94401E+00
 -1.57682E+01  2.19436E-28  1.44249E+06  2.00000E-03  9.94401E+00
 -1.56746E+01  2.19447E-28  1.44254E+06  2.00000E-03  1.00155E+01
 -1.55810E+01  2.19457E-28  1.44259E+06  2.00000E-03  1.00870E+01
 -1.54875E+01  2.19457E-28  1.44259E+06  2.00000E-03  1.00870E+01
 -1.53939E+01  2.19457E-28  1.44259E+06  2.00000E-03  1.00870E+01
 -1.53003E+01  2.19416E-28  1.44242E+06  2.00000E-03  1.01985E+01
 -1.52067E+01  2.19375E-28  1.44224E+06  2.00000E-03  1.03101E+01
 -1.51131E+01  2.19375E-28  1.44224E+06  2.00000E-03  1.03101E+01
 -1.50196E+01  2.19375E-28  1.44224E+06  2.00000E-03  1.03101E+01
 -1.49260E+01  2.19287E-28  1.44187E+06  2.00000E-03  1.04692E+01
 -1.48324E+01  2.19199E-28  1.44150E+06  2.00000E-03  1.06283E+01
 -1.47388E+01  2.19199E-28  1.44150E+06  2.00000E-03  1.06283E+01
 -1.46452E+01  2.19199E-28  1.44150E+06  2.00000E-03  1.06283E+01
 -1.45517E+01  2.19106E-28  1.44110E+06  2.00000E-03  1.08152E+01
 -1.44581E+01  2.19013E-28  1.44070E+06  2.00000E-03  1.10022E+01
 -1.43645E+01  2.19013E-28  1.44070E+06  2.00000E-03  1.10022E+01
 -1.42709E+01  2.19013E-28  1.44070E+06  2.00000E-03  1.10022E+01
 -1.41773E+01  2.18971E-28  1.44055E+06  2.00000E-03  1.11676E+01
 -1.40838E+01  2.18929E-28  1.44040E+06  2.00000E-03  1.13331E+01
 -1.39902E+01  2.18929E-28  1.44040E+06  2.00000E-03  1.13331E+01
 -1.38966E+01  2.18929E-28  1.44040E+06  2.00000E-03  1.13331E+01
 -1.38030E+01  2.18949E-28  1.44047E+06  2.00000E-03  1.14292E+01
 -1.37094E+01  2.18969E-28  1.44055E+06  2.00000E-03  1.15252E+01
 -1.36159E+01  2.19031E-28  1.44084E+06  2.00000E-03  1.15722E+01
 -1.35223E+01  2.19094E-28  1.44113E+06  2.00000E-03  1.16191E+01
 -1.34287E+01  2.19170E-28  1.44146E+06  2.00000E-03  1.16705E+01
 -1.33351E+01  2.19245E-28  1.44179E+06  2.00000E-03  1.17219E+01
 -1.32415E+01  2.19327E-28  1.44215E+06  2.00000E-03  1.17833E+01
 -1.31480E+01  2.19410E-28  1.44251E+06  2.00000E-03  1.18446E+01
 -1.30544E+01  2.19495E-28  1.44289E+06  2.00000E-03  1.19219E+01
 -1.29608E+01  2.19580E-28  1.44326E+06  2.00000E-03  1.19990E+01
 -1.28672E+01  2.19672E-28  1.44367E+06  2.00000E-03  1.20896E+01
 -1.27737E+01  2.19765E-28  1.44408E+06  2.00000E-03  1.21801E+01
 -1.26801E+01  2.19873E-28  1.44456E+06  2.00000E-03  1.22760E+01
 -1.25865E+01  2.19981E-28  1.44503E+06  2.00000E-03  1.23718E+01
 -1.24929E+01  2.20112E-28  1.44561E+06  2.00000E-03  1.24643E+01
 -1.23993E+01  2.20243E-28  1.44618E+06  2.00000E-03  1.25568E+01
 -1.23058E+01  2.20400E-28  1.44688E+06  2.00000E-03  1.26404E+01
 -1.22122E+01  2.20557E-28  1.44757E+06  2.00000E-03  1.27238E+01
 -1.21186E+01  2.20740E-28  1.44838E+06  2.00000E-03  1.27951E+01
 -1.20250E+01  2.20923E-28  1.44919E+06  2.00000E-03  1.28662E+01
 -1.19314E+01  2.21132E-28  1.45011E+06  2.00000E-03  1.29196E+01
 -1.18379E+01  2.21341E-28  1.45103E+06  2.00000E-03  1.29728E+01
 -1.17443E+01  2.21585E-28  1.45210E+06  2.00000E-03  1.29966E+01
 -1.16507E+01  2.21828E-28  1.45316E+06  2.00000E-03  1.30202E+01
 -1.15571E+01  2.22122E-28  1.45445E+06  2.00000E-03  1.29967E+01
 -1.14635E+01  2.22416E-28  1.45574E+06  2.00000E-03  1.29732E+01
 -1.13700E+01  2.22782E-28  1.45733E+06  2.00000E-03  1.28858E+01
 -1.12764E+01  2.23147E-28  1.45892E+06  2.00000E-03  1.27986E+01
 -1.11828E+01  2.23591E-28  1.46085E+06  2.00000E-03  1.26421E+01
 -1.10892E+01  2.24035E-28  1.46278E+06  2.00000E-03  1.24863E+01
 -1.09956E+01  2.24541E-28  1.46497E+06  2.00000E-03  1.22735E+01
 -1.09021E+01  2.25047E-28  1.46716E+06  2.00000E-03  1.20617E+01
 -1.08085E+01  2.25577E-28  1.46945E+06  2.00000E-03  1.18175E+01
 -1.07149E+01  2.26107E-28  1.47173E+06  2.00000E-03  1.15744E+01
 -1.06213E+01  2.26618E-28  1.47394E+06  2.00000E-03  1.13220E+01
 -1.05277E+01  2.27129E-28  1.47613E+06  2.00000E-03  1.10708E+01
 -1.04342E+01  2.27596E-28  1.47815E+06  2.00000E-03  1.08198E+01
 -1.03406E+01  2.28063E-28  1.48016E+06  2.00000E-03  1.05699E+01
 -1.02470E+01  2.28482E-28  1.48198E+06  2.00000E-03  1.03150E+01
 -1.01534E+01  2.28901E-28  1.48379E+06  2.00000E-03  1.00610E+01
 -1.00598E+01  2.29285E-28  1.48546E+06  2.00000E-03  9.79003E+00
 -9.96625E+00  2.29669E-28  1.48712E+06  2.00000E-03  9.51996E+00
 -9.87267E+00  2.30034E-28  1.48871E+06  2.00000E-03  9.22613E+00
 -9.77909E+00  2.30398E-28  1.49029E+06  2.00000E-03  8.93323E+00
 -9.68552E+00  2.30753E-28  1.49183E+06  2.00000E-03  8.62170E+00
 -9.59194E+00  2.31107E-28  1.49336E+06  2.00000E-03  8.31113E+00
 -9.49835E+00  2.31459E-28  1.49489E+06  2.00000E-03  8.00954E+00
 -9.40478E+00  2.31812E-28  1.49642E+06  2.00000E-03  7.70887E+00
 -9.31120E+00  2.32147E-28  1.49789E+06  2.00000E-03  7.45937E+00
 -9.21762E+00  2.32482E-28  1.49936E+06  2.00000E-03  7.21058E+00
 -9.12404E+00  2.32747E-28  1.50049E+06  2.00000E-03  7.14472E+00
 -9.03046E+00  2.33163E-28  1.50226E+06  2.00000E-03  7.10176E+00
 -8.93688E+00  2.33451E-28  1.50350E+06  2.00000E-03  7.23873E+00
 -8.84330E+00  2.33694E-28  1.50456E+06  2.00000E-03  7.59605E+00
 -8.74972E+00  2.33866E-28  1.50531E+06  2.00000E-03  8.25052E+00
 -8.65614E+00  2.33934E-28  1.50561E+06  2.00000E-03  9.28954E+00
 -8.56256E+00  2.33841E-28  1.50519E+06  2.00000E-03  1.07906E+01
 -8.46898E+00  2.33536E-28  1.50371E+06  2.00000E-03  1.27847E+01
 -8.37540E+00  2.32963E-28  1.50084E+06  2.00000E-03  1.52593E+01
 -8.28182E+00  2.32032E-28  1.49634E+06  2.00000E-03  1.81569E+01
 -8.18824E+00  2.30650E-28  1.49011E+06  1.99999E-03  2.13490E+01
 -8.09466E+00  2.28792E-28  1.48216E+06  1.99999E-03  2.46394E+01
 -8.00108E+00  2.26492E-28  1.47265E+06  1.99998E-03  2.78074E+01
 -7.90750E+00  2.23846E-28  1.46181E+06  1.99997E-03  3.06487E+01
 -7.81392E+00  2.20996E-28  1.44990E+06  1.99995E-03  3.30131E+01
 -7.72034E+00  2.18072E-28  1.43734E+06  1.99991E-03  3.48252E+01
 -7.62676E+00  2.15182E-28  1.42471E+06  1.99986E-03  3.60818E+01
 -7.53318E+00  2.12433E-28  1.41257E+06  1.99977E-03  3.68478E+01
 -7.43960E+00  2.09922E-28  1.40126E+06  1.99963E-03  3.72383E+01
 -7.34602E+00  2.07712E-28  1.39101E+06  1.99942E-03  3.73810E+01
 -7.25244E+00  2.05822E-28  1.38196E+06  1.99911E-03  3.73907E+01
 -7.15886E+00  2.04230E-28  1.37417E+06  1.99863E-03  3.73623E+01
 -7.06528E+00  2.02920E-28  1.36722E+06  1.99769E-03  3.73541E+01
 -6.97170E+00  2.02125E-28  1.35888E+06  1.99563E-03  3.73384E+01
 -6.87812E+00  2.02424E-28  1.34458E+06  1.99126E-03  3.71148E+01
 -6.78454E+00  2.04438E-28  1.32065E+06  1.98248E-03  3.63680E+01
 -6.69096E+00  2.09174E-28  1.28209E+06  1.96504E-03  3.48513E+01
 -6.59738E+00  2.18892E-28  1.21800E+06  1.93186E-03  3.23155E+01
 -6.50380E+00  2.37969E-28  1.11253E+06  1.87441E-03  2.82912E+01
 -6.41022E+00  2.60515E-28  1.00420E+06  1.80979E-03  2.25818E+01
 -6.31664E+00  2.90019E-28  8.80517E+05  1.72550E-03  1.52453E+01
 -6.22306E+00  4.84153E-28  5.04239E+05  1.51736E-03  6.83520E+00
 -6.12948E+00  2.49039E-27  9.54103E+04  1.25222E-03  7.65905E+00
 -6.03590E+00  7.73838E-27  2.93761E+04  1.19331E-03  8.79439E+00
 -5.94232E+00  1.17779E-26  1.77290E+04  1.17909E-03  9.27290E+00
 -5.84874E+00  1.19756E-26  1.60283E+04  1.17719E-03  1.01269E+01
 -5.75516E+00  1.06774E-26  1.57791E+04  1.17916E-03  1.20281E+01
 -5.66158E+00  8.49911E-27  1.65082E+04  1.18416E-03  1.44461E+01
 -5.56800E+00  6.11541E-27  1.95413E+04  1.19309E-03  1.59485E+01
 -5.47442E+00  5.56238E-27  2.11594E+04  1.20251E-03  1.31875E+01
 -5.38084E+00  5.90471E-27  2.07150E+04  1.20548E-03  9.01925E+00
 -5.28726E+00  6.14914E-27  1.96522E+04  1.19807E-03  4.42022E+00
 -5.19368E+00  7.12256E-27  1.63251E+04  1.18439E-03  9.30226E-01
 -5.10010E+00  8.11430E-27  1.41783E+04  1.17905E-03 -2.67575E-01
 -5.00652E+00  9.37481E-27  1.41178E+04  1.18864E-03 -7.81348E-01
 -4.91294E+00  6.93851E-27  2.29014E+04  1.20316E-03 -1.67816E+00
 -4.81936E+00  2.40625E-27  7.42823E+04  1.24044E-03 -4.68287E+00
 -4.72578E+00  7.61191E-28  2.50389E+05  1.34673E-03 -9.91559E+00
 -4.63220E+00  3.05044E-28  6.50649E+05  1.57132E-03 -1.52632E+01
 -4.53862E+00  1.98911E-28  1.03589E+06  1.82563E-03 -1.78111E+01
 -4.44504E+00  1.86442E-28  1.14081E+06  1.92628E-03 -1.61892E+01
 -4.35146E+00  1.93567E-28  1.13458E+06  1.93014E-03 -1.23497E+01
 -4.25788E+00  2.06220E-28  1.09908E+06  1.91296E-03 -7.21312E+00
 -4.16430E+00  2.22399E-28  1.04794E+06  1.88824E-03 -1.63737E+00
 -4.07072E+00  2.38981E-28  9.99634E+05  1.86294E-03  3.57493E+00
 -3.97714E+00  2.50702E-28  9.75285E+05  1.84567E-03  7.91885E+00
 -3.88356E+00  2.58482E-28  9.66104E+05  1.83169E-03  1.10353E+01
 -3.78998E+00  2.67695E-28  9.49423E+05  1.81756E-03  1.28192E+01
 -3.69640E+00  2.98963E-28  8.62682E+05  1.78003E-03  1.32038E+01
 -3.60282E+00  3.82183E-28  6.83349E+05  1.70862E-03  1.19521E+01
 -3.50924E+00  4.77836E-28  5.52354E+05  1.65776E-03  9.59247E+00
 -3.41566E+00  5.02351E-28  5.30391E+05  1.64448E-03  6.78122E+00
 -3.32208E+00  4.51756E-28  5.94927E+05  1.65883E-03  4.09249E+00
 -3.22850E+00  3.78909E-28  7.15489E+05  1.70019E-03  2.24643E+00
 -3.13493E+00  3.19535E-28  8.56488E+05  1.76380E-03  1.84819E+00
 -3.04135E+00  2.83905E-28  9.72489E+05  1.82090E-03  3.25593E+00
 -2.94777E+00  2.66664E-28  1.04292E+06  1.85273E-03  6.20695E+00
 -2.85419E+00  2.60516E-28  1.07348E+06  1.86311E-03  1.00114E+01
 -2.76061E+00  2.60770E-28  1.07612E+06  1.85946E-03  1.40969E+01
 -2.66703E+00  2.64883E-28  1.06081E+06  1.84833E-03  1.82198E+01
 -2.57345E+00  2.71505E-28  1.03447E+06  1.83430E-03  2.24484E+01
 -2.47987E+00  2.79535E-28  1.00258E+06  1.81964E-03  2.68997E+01
 -2.38629E+00  2.88013E-28  9.68907E+05  1.80494E-03  3.14224E+01
 -2.29271E+00  2.95619E-28  9.38532E+05  1.79030E-03  3.55895E+01
 -2.19913E+00  3.00900E-28  9.16595E+05  1.77718E-03  3.89102E+01
 -2.10555E+00  3.05076E-28  8.99318E+05  1.76546E-03  4.09842E+01
 -2.01197E+00  3.17590E-28  8.60658E+05  1.74563E-03  4.15333E+01
 -1.91839E+00  3.60645E-28  7.56798E+05  1.70246E-03  4.03596E+01
 -1.82481E+00  4.39081E-28  6.22563E+05  1.65436E-03  3.81229E+01
 -1.73123E+00  4.98913E-28  5.49584E+05  1.63398E-03  3.63997E+01
 -1.63765E+00  4.78877E-28  5.74531E+05  1.65168E-03  3.64881E+01
 -1.54407E+00  3.83363E-28  7.18900E+05  1.71663E-03  3.90247E+01
 -1.45049E+00  2.85945E-28  9.60712E+05  1.82442E-03  4.34128E+01
 -1.35691E+00  2.41667E-28  1.12974E+06  1.90628E-03  4.70151E+01
 -1.26333E+00  2.36564E-28  1.14679E+06  1.92158E-03  4.84524E+01
 -1.16975E+00  2.44423E-28  1.10197E+06  1.90715E-03  4.90693E+01
 -1.07617E+00  2.49332E-28  1.07200E+06  1.89701E-03  5.07889E+01
 -9.82588E-01  2.47222E-28  1.07026E+06  1.89915E-03  5.50575E+01
 -8.89009E-01  2.50456E-28  1.03958E+06  1.89119E-03  6.11127E+01
 -7.95429E-01  2.63041E-28  9.72416E+05  1.86457E-03  6.56948E+01
 -7.01849E-01  2.72839E-28  9.27352E+05  1.84233E-03  6.73312E+01
 -6.08269E-01  2.73134E-28  9.25592E+05  1.83951E-03  6.69172E+01
 -5.14689E-01  2.64659E-28  9.60849E+05  1.85560E-03  6.57284E+01
 -4.21109E-01  2.50336E-28  1.02236E+06  1.88257E-03  6.48334E+01
 -3.27529E-01  2.33862E-28  1.09653E+06  1.91033E-03  6.51075E+01
 -2.33950E-01  2.19317E-28  1.16539E+06  1.93257E-03  6.65865E+01
 -1.40370E-01  2.09845E-28  1.21012E+06  1.94698E-03  6.81591E+01
 -4.67899E-02  2.06261E-28  1.22329E+06  1.95244E-03  6.87769E+01
  4.67899E-02  2.07705E-28  1.21013E+06  1.94806E-03  6.82051E+01
  1.40370E-01  2.13663E-28  1.17497E+06  1.93337E-03  6.64236E+01
  2.33950E-01  2.23059E-28  1.12639E+06  1.91273E-03  6.34935E+01
  3.27529E-01  2.32886E-28  1.08125E+06  1.89408E-03  5.98479E+01
  4.21109E-01  2.39881E-28  1.05428E+06  1.88266E-03  5.61578E+01
  5.14689E-01  2.41880E-28  1.05253E+06  1.87981E-03  5.29301E+01
  6.08269E-01  2.38474E-28  1.07636E+06  1.88587E-03  5.02088E+01
  7.01849E-01  2.31488E-28  1.11976E+06  1.90093E-03  4.75371E+01
  7.95429E-01  2.23255E-28  1.17441E+06  1.92383E-03  4.41015E+01
  8.89009E-01  2.16009E-28  1.22890E+06  1.95185E-03  3.87812E+01
  9.82588E-01  2.35265E-28  1.13558E+06  1.93162E-03  2.89900E+01
  1.07617E+00  2.25966E-27  1.18582E+05  1.49182E-03  1.15568E+01
  1.16975E+00  9.41941E-27  2.59994E+04  1.41560E-03  5.69229E+00
  1.26333E+00  1.41255E-26  1.47557E+04  1.39814E-03  2.27219E+00
  1.35691E+00  1.07867E-26  1.69482E+04  1.39858E-03 -4.58248E-01
  1.45049E+00  6.16855E-27  2.78898E+04  1.40785E-03 -2.99757E+00
  1.54407E+00  3.37703E-27  5.53226E+04  1.42409E-03 -8.11887E+00
  1.63765E+00  1.71176E-27  1.27404E+05  1.46250E-03 -1.57949E+01
  1.73123E+00  8.13685E-28  3.05335E+05  1.54634E-03 -2.31811E+01
  1.82481E+00  4.70483E-28  5.68628E+05  1.64980E-03 -2.69620E+01
  1.91839E+00  4.58160E-28  6.07938E+05  1.64419E-03 -2.13389E+01
  2.01197E+00  5.34784E-28  5.33454E+05  1.60428E-03 -1.15109E+01
  2.10555E+00  6.00206E-28  4.78132E+05  1.58550E-03  2.28450E-01
  2.19913E+00  6.35659E-28  4.39324E+05  1.57861E-03  1.19435E+01
  2.29271E+00  6.46109E-28  4.12670E+05  1.57520E-03  2.11295E+01
  2.38629E+00  6.36242E-28  3.99256E+05  1.57576E-03  2.58300E+01
  2.47987E+00  6.18638E-28  4.00453E+05  1.58196E-03  2.58124E+01
  2.57345E+00  6.27169E-28  4.03042E+05  1.58461E-03  2.22446E+01
  2.66703E+00  7.00591E-28  3.76932E+05  1.56912E-03  1.67557E+01
  2.76061E+00  8.33133E-28  3.28947E+05  1.54244E-03  9.65577E+00
  2.85419E+00  1.16176E-27  2.41548E+05  1.49810E-03  8.78483E-01
  2.94777E+00  1.04978E-27  2.69951E+05  1.48737E-03 -4.03335E+00
  3.04135E+00  5.34174E-28  5.19776E+05  1.56478E-03 -9.16199E+00
  3.13493E+00  3.17003E-28  8.56216E+05  1.74420E-03 -1.43529E+01
  3.22850E+00  2.37398E-28  1.13641E+06  1.88214E-03 -1.96276E+01
  3.32208E+00  2.30309E-28  1.16371E+06  1.88444E-03 -2.33228E+01
  3.41566E+00  2.44475E-28  1.09085E+06  1.84021E-03 -2.60784E+01
  3.50924E+00  2.68126E-28  9.90342E+05  1.78541E-03 -2.80952E+01
  3.60282E+00  2.94660E-28  8.98220E+05  1.73740E-03 -2.95455E+01
  3.69640E+00  3.13360E-28  8.42833E+05  1.70814E-03 -3.03659E+01
  3.78998E+00  3.18232E-28  8.28598E+05  1.70184E-03 -3.04944E+01
  3.88356E+00  3.11615E-28  8.44345E+05  1.71505E-03 -3.01284E+01
  3.97714E+00  2.98972E-28  8.77020E+05  1.74199E-03 -2.97049E+01
  4.07072E+00  2.81198E-28  9.28283E+05  1.78264E-03 -2.96461E+01
  4.16430E+00  2.56372E-28  1.01342E+06  1.84068E-03 -3.01346E+01
  4.25788E+00  2.27702E-28  1.13629E+06  1.90977E-03 -3.11691E+01
  4.35146E+00  2.04146E-28  1.26264E+06  1.96580E-03 -3.28281E+01
  4.44504E+00  1.91790E-28  1.33877E+06  1.99138E-03 -3.53581E+01
  4.53862E+00  1.88449E-28  1.35672E+06  1.99544E-03 -3.87095E+01
  4.63220E+00  1.92372E-28  1.32338E+06  1.97843E-03 -4.18725E+01
  4.72578E+00  2.21704E-28  1.14772E+06  1.89197E-03 -4.26695E+01
  4.81936E+00  3.13380E-28  8.10987E+05  1.72957E-03 -4.02516E+01
  4.91294E+00  4.38790E-28  5.75291E+05  1.61319E-03 -3.79077E+01
  5.00652E+00  5.09004E-28  4.90487E+05  1.57098E-03 -3.78458E+01
  5.10010E+00  4.89264E-28  5.05610E+05  1.58282E-03 -4.07549E+01
  5.19368E+00  3.99964E-28  6.17826E+05  1.65182E-03 -4.68921E+01
  5.28726E+00  2.97865E-28  8.29898E+05  1.77537E-03 -5.63373E+01
  5.38084E+00  2.31698E-28  1.06618E+06  1.88992E-03 -6.69536E+01
  5.47442E+00  2.01270E-28  1.22879E+06  1.95167E-03 -7.53721E+01
  5.56800E+00  1.91599E-28  1.29418E+06  1.97322E-03 -8.00081E+01
  5.66158E+00  1.91292E-28  1.30020E+06  1.97236E-03 -8.15769E+01
  5.75516E+00  1.95931E-28  1.27339E+06  1.95802E-03 -8.09928E+01
  5.84874E+00  2.04400E-28  1.22572E+06  1.93559E-03 -7.82752E+01
  5.94232E+00  2.13593E-28  1.18330E+06  1.91848E-03 -7.33310E+01
  6.03590E+00  2.16339E-28  1.18762E+06  1.92326E-03 -6.69119E+01
  6.12948E+00  2.10169E-28  1.24712E+06  1.94943E-03 -5.97414E+01
  6.22306E+00  2.02751E-28  1.31449E+06  1.97913E-03 -5.21666E+01
  6.31664E+00  1.99894E-28  1.34791E+06  1.99561E-03 -4.50868E+01
  6.41022E+00  1.99812E-28  1.35533E+06  1.99971E-03 -3.93877E+01
  6.50380E+00  1.99909E-28  1.35563E+06  1.99998E-03 -3.52532E+01
  6.59738E+00  1.99576E-28  1.35511E+06  2.00000E-03 -3.23154E+01
  6.69096E+00  1.99180E-28  1.35317E+06  2.00000E-03 -3.01273E+01
  6.78454E+00  1.98731E-28  1.35079E+06  2.00000E-03 -2.83986E+01
  6.87812E+00  1.98195E-28  1.34829E+06  2.00000E-03 -2.70295E+01
  6.97170E+00  1.97628E-28  1.34572E+06  2.00000E-03 -2.59654E+01
  7.06528E+00  1.97029E-28  1.34297E+06  2.00000E-03 -2.51460E+01
  7.15886E+00  1.96385E-28  1.34005E+06  2.00000E-03 -2.45370E+01
  7.25244E+00  1.95701E-28  1.33694E+06  2.00000E-03 -2.41125E+01
  7.34602E+00  1.95004E-28  1.33379E+06  2.00000E-03 -2.38478E+01
  7.43960E+00  1.94348E-28  1.33084E+06  2.00000E-03 -2.37192E+01
  7.53318E+00  1.93803E-28  1.32832E+06  2.00000E-03 -2.37150E+01
  7.62676E+00  1.93418E-28  1.32640E+06  2.00000E-03 -2.38657E+01
  7.72034E+00  1.93161E-28  1.32541E+06  1.99999E-03 -2.43165E+01
  7.81392E+00  1.92883E-28  1.32588E+06  1.99989E-03 -2.53963E+01
  7.90750E+00  1.92871E-28  1.32512E+06  1.99856E-03 -2.74320E+01
  8.00108E+00  1.95916E-28  1.30343E+06  1.98678E-03 -3.00660E+01
  8.09466E+00  2.19716E-28  1.16847E+06  1.91729E-03 -3.08279E+01
  8.18824E+00  3.12510E-28  8.27132E+05  1.74134E-03 -2.64345E+01
  8.28182E+00  4.86430E-28  5.31315E+05  1.58402E-03 -1.95154E+01
  8.37540E+00  6.39487E-28  4.02052E+05  1.50590E-03 -1.29096E+01
  8.46898E+00  6.94046E-28  3.65616E+05  1.47777E-03 -6.40128E+00
  8.56256E+00  6.55782E-28  3.79279E+05  1.48007E-03 -2.77607E-02
  8.65614E+00  5.39991E-28  4.47130E+05  1.51126E-03  4.81511E+00
  8.74972E+00  3.69641E-28  6.38461E+05  1.61803E-03  5.22299E+00
  8.84330E+00  2.35576E-28  1.00734E+06  1.83517E-03 -4.57349E-01
  8.93688E+00  1.93246E-28  1.24460E+06  1.97160E-03 -7.98659E+00
  9.03046E+00  1.87680E-28  1.28926E+06  1.99203E-03 -1.26541E+01
  9.12404E+00  1.86417E-28  1.29919E+06  1.99611E-03 -1.45081E+01
  9.21762E+00  1.86233E-28  1.30045E+06  1.99654E-03 -1.42931E+01
  9.31120E+00  1.86371E-28  1.30069E+06  1.99618E-03 -1.37596E+01
  9.40478E+00  1.85565E-28  1.30224E+06  1.99739E-03 -1.04520E+01
  9.49835E+00  1.84760E-28  1.30379E+06  1.99861E-03 -7.11547E+00
  9.59194E+00  1.84477E-28  1.30135E+06  1.99917E-03 -2.93283E+00
  9.68552E+00  1.84194E-28  1.29889E+06  1.99974E-03  1.26265E+00
  9.77909E+00  1.83212E-28  1.30199E+06  1.99954E-03  6.03797E+00
  9.87267E+00  1.82230E-28  1.30512E+06  1.99934E-03  1.08648E+01
  9.96625E+00  1.80804E-28  1.30752E+06  1.99796E-03  1.56102E+01
  1.00598E+01  1.79377E-28  1.30997E+06  1.99655E-03  2.04310E+01
  1.01534E+01  1.78928E-28  1.30575E+06  1.99381E-03  2.38765E+01
  1.02470E+01  1.78478E-28  1.30151E+06  1.99105E-03  2.73393E+01
  1.03406E+01  1.78591E-28  1.29239E+06  1.98760E-03  2.87042E+01
  1.04342E+01  1.78704E-28  1.28329E+06  1.98415E-03  3.00673E+01
  1.05277E+01  1.79405E-28  1.27625E+06  1.98131E-03  2.94859E+01
  1.06213E+01  1.80105E-28  1.26926E+06  1.97848E-03  2.89090E+01
  1.07149E+01  1.80831E-28  1.26563E+06  1.97736E-03  2.70319E+01
  1.08085E+01  1.81557E-28  1.26202E+06  1.97625E-03  2.51699E+01
  1.09021E+01  1.82172E-28  1.26192E+06  1.97750E-03  2.25172E+01
  1.09956E+01  1.82786E-28  1.26182E+06  1.97874E-03  1.98823E+01
  1.10892E+01  1.83273E-28  1.26443E+06  1.98122E-03  1.68245E+01
  1.11828E+01  1.83759E-28  1.26702E+06  1.98369E-03  1.37828E+01
  1.12764E+01  1.84270E-28  1.27013E+06  1.98616E-03  1.05774E+01
  1.13700E+01  1.84781E-28  1.27322E+06  1.98860E-03  7.38975E+00
  1.14635E+01  1.85097E-28  1.27665E+06  1.99066E-03  4.18188E+00
  1.15571E+01  1.85413E-28  1.28007E+06  1.99270E-03  9.84948E-01
  1.16507E+01  1.85194E-28  1.28537E+06  1.99420E-03 -2.07819E+00
  1.17443E+01  1.84975E-28  1.29069E+06  1.99569E-03 -5.14857E+00
  1.18379E+01  1.84414E-28  1.29557E+06  1.99626E-03 -7.81332E+00
  1.19314E+01  1.83852E-28  1.30049E+06  1.99683E-03 -1.04944E+01
  1.20250E+01  1.83303E-28  1.30219E+06  1.99643E-03 -1.24893E+01
  1.21186E+01  1.82754E-28  1.30390E+06  1.99602E-03 -1.44962E+01
  1.22122E+01  1.82827E-28  1.29722E+06  1.99368E-03 -1.57386E+01
  1.23058E+01  1.82901E-28  1.29055E+06  1.99135E-03 -1.69800E+01
  1.23993E+01  1.83921E-28  1.27386E+06  1.98536E-03 -1.75516E+01
  1.24929E+01  1.84941E-28  1.25734E+06  1.97944E-03 -1.81168E+01
  1.25865E+01  1.87041E-28  1.23001E+06  1.96822E-03 -1.81523E+01
  1.26801E+01  1.89141E-28  1.20329E+06  1.95726E-03 -1.81870E+01
  1.27737E+01  1.94090E-28  1.15474E+06  1.93464E-03 -1.79587E+01
  1.28672E+01  1.99039E-28  1.10861E+06  1.91315E-03 -1.77417E+01
  1.29608E+01  2.12428E-28  1.01730E+06  1.86702E-03 -1.75713E+01
  1.30544E+01  2.25816E-28  9.36818E+05  1.82635E-03 -1.74212E+01
  1.31480E+01  2.54188E-28  8.09586E+05  1.75277E-03 -1.76708E+01
  1.32415E+01  2.82560E-28  7.07904E+05  1.69396E-03 -1.78704E+01
  1.33351E+01  3.31567E-28  5.82086E+05  1.61676E-03 -1.89389E+01
  1.34287E+01  3.80575E-28  4.88671E+05  1.55945E-03 -1.97322E+01
  1.35223E+01  4.52688E-28  3.94170E+05  1.51173E-03 -2.16246E+01
  1.36159E+01  5.24801E-28  3.25640E+05  1.47712E-03 -2.29969E+01
  1.37094E+01  5.97171E-28  2.76241E+05  1.45883E-03 -2.50943E+01
  1.38030E+01  6.69542E-28  2.37521E+05  1.44449E-03 -2.67382E+01
  1.38966E+01  6.98208E-28  2.25352E+05  1.44556E-03 -2.73992E+01
  1.39902E+01  7.26875E-28  2.14143E+05  1.44654E-03 -2.80080E+01
  1.40838E+01  7.26875E-28  2.14143E+05  1.44654E-03 -2.80080E+01
  1.41773E+01  7.26875E-28  2.14143E+05  1.44654E-03 -2.80080E+01
  1.42709E+01  5.96411E-28  2.76229E+05  1.49459E-03 -2.96901E+01
  1.43645E+01  4.65947E-28  3.73082E+05  1.56956E-03 -3.23142E+01
  1.44581E+01  4.65947E-28  3.73082E+05  1.56956E-03 -3.23142E+01
  1.45517E+01  4.65947E-28  3.73082E+05  1.56956E-03 -3.23142E+01
  1.46452E+01  3.39062E-28  5.49439E+05  1.65167E-03 -3.28157E+01
  1.47388E+01  2.12178E-28  9.36720E+05  1.83198E-03 -3.39171E+01
  1.48324E+01  2.12178E-28  9.36720E+05  1.83198E-03 -3.39171E+01
  1.49260E+01  2.12178E-28  9.36720E+05  1.83198E-03 -3.39171E+01
  1.50196E+01  1.95804E-28  1.05895E+06  1.89400E-03 -3.20375E+01
  1.51131E+01  1.79430E-28  1.20350E+06  1.96734E-03 -2.98148E+01
  1.52067E+01  1.79430E-28  1.20350E+06  1.96734E-03 -2.98148E+01
  1.53003E+01  1.79430E-28  1.20350E+06  1.96734E-03 -2.98148E+01
  1.53939E+01  1.80087E-28  1.23728E+06  1.98174E-03 -2.74274E+01
  1.54875E+01  1.80743E-28  1.27083E+06  1.99603E-03 -2.50574E+01
  1.55810E+01  1.80743E-28  1.27083E+06  1.99603E-03 -2.50574E+01
  1.56746E+01  1.80743E-28  1.27083E+06  1.99603E-03 -2.50574E+01
  1.57682E+01  1.83046E-28  1.28243E+06  1.99792E-03 -2.29035E+01
  1.58618E+01  1.85349E-28  1.29375E+06  1.99977E-03 -2.08032E+01
  1.59554E+01  1.85349E-28  1.29375E+06  1.99977E-03 -2.08032E+01
  1.60489E+01  1.85349E-28  1.29375E+06  1.99977E-03 -2.08032E+01
  1.61425E+01  1.87140E-28  1.29969E+06  1.99988E-03 -1.92710E+01
  1.62361E+01  1.88931E-28  1.30551E+06  2.00000E-03 -1.77678E+01
  1.63297E+01  1.88931E-28  1.30551E+06  2.00000E-03 -1.77678E+01
  1.64233E+01  1.88931E-28  1.30551E+06  2.00000E-03 -1.77678E+01
  1.65168E+01  1.90028E-28  1.31063E+06  2.00000E-03 -1.67743E+01
  1.66104E+01  1.91124E-28  1.31568E+06  2.00000E-03 -1.57923E+01
  1.67040E+01  1.91124E-28  1.31568E+06  2.00000E-03 -1.57923E+01
  1.67976E+01  1.91124E-28  1.31568E+06  2.00000E-03 -1.57923E+01
  1.68912E+01  1.91812E-28  1.31888E+06  2.00000E-03 -1.51013E+01
  1.69847E+01  1.92499E-28  1.32206E+06  2.00000E-03 -1.44152E+01
  1.70783E+01  1.92499E-28  1.32206E+06  2.00000E-03 -1.44152E+01
  1.71719E+01  1.92499E-28  1.32206E+06  2.00000E-03 -1.44152E+01
  1.72655E+01  1.92746E-28  1.32401E+06  1.99998E-03 -1.40819E+01
  1.73591E+01  1.92992E-28  1.32596E+06  1.99997E-03 -1.37495E+01
  1.74526E+01  1.92992E-28  1.32596E+06  1.99997E-03 -1.37495E+01
  1.75462E+01  1.92992E-28  1.32596E+06  1.99997E-03 -1.37495E+01
  1.76398E+01  1.92906E-28  1.32664E+06  1.99967E-03 -1.38383E+01
  1.77334E+01  1.92820E-28  1.32732E+06  1.99936E-03 -1.39273E+01
  1.78270E+01  1.92820E-28  1.32732E+06  1.99936E-03 -1.39273E+01
  1.79205E+01  1.92820E-28  1.32732E+06  1.99936E-03 -1.39273E+01
  1.80141E+01  1.93307E-28  1.32097E+06  1.99579E-03 -1.43152E+01
