 -1.78270E+01  2.17489E-28  1.43390E+06  2.00000E-03  1.18888E+01
 -1.77334E+01  2.17489E-28  1.43390E+06  2.00000E-03  1.18888E+01
 -1.76398E+01  2.17489E-28  1.43390E+06  2.00000E-03  1.18888E+01
 -1.75462E+01  2.17779E-28  1.43519E+06  2.00000E-03  1.18182E+01
 -1.74526E+01  2.18069E-28  1.43647E+06  2.00000E-03  1.17478E+01
 -1.73591E+01  2.18069E-28  1.43647E+06  2.00000E-03  1.17478E+01
 -1.72655E+01  2.18069E-28  1.43647E+06  2.00000E-03  1.17478E+01
 -1.71719E+01  2.18336E-28  1.43764E+06  2.00000E-03  1.17016E+01
 -1.70783E+01  2.18602E-28  1.43881E+06  2.00000E-03  1.16556E+01
 -1.69847E+01  2.18602E-28  1.43881E+06  2.00000E-03  1.16556E+01
 -1.68912E+01  2.18602E-28  1.43881E+06  2.00000E-03  1.16556E+01
 -1.67976E+01  2.18767E-28  1.43954E+06  2.00000E-03  1.16885E+01
 -1.67040E+01  2.18932E-28  1.44027E+06  2.00000E-03  1.17213E+01
 -1.66104E+01  2.18932E-28  1.44027E+06  2.00000E-03  1.17213E+01
 -1.65168E+01  2.18932E-28  1.44027E+06  2.00000E-03  1.17213E+01
 -1.64233E+01  2.18960E-28  1.44039E+06  2.00000E-03  1.18518E+01
 -1.63297E+01  2.18987E-28  1.44052E+06  2.00000E-03  1.19823E+01
 -1.62361E+01  2.18987E-28  1.44052E+06  2.00000E-03  1.19823E+01
 -1.61425E+01  2.18987E-28  1.44052E+06  2.00000E-03  1.19823E+01
 -1.60489E+01  2.18908E-28  1.44017E+06  2.00000E-03  1.21965E+01
 -1.59554E+01  2.18828E-28  1.43982E+06  2.00000E-03  1.24109E+01
 -1.58618E+01  2.18828E-28  1.43982E+06  2.00000E-03  1.24109E+01
 -1.57682E+01  2.18828E-28  1.43982E+06  2.00000E-03  1.24109E+01
 -1.56746E+01  2.18696E-28  1.43925E+06  2.00000E-03  1.26759E+01
 -1.55810E+01  2.18563E-28  1.43867E+06  2.00000E-03  1.29411E+01
 -1.54875E+01  2.18563E-28  1.43867E+06  2.00000E-03  1.29411E+01
 -1.53939E+01  2.18563E-28  1.43867E+06  2.00000E-03  1.29411E+01
 -1.53003E+01  2.18434E-28  1.43811E+06  2.00000E-03  1.32264E+01
 -1.52067E+01  2.18304E-28  1.43755E+06  2.00000E-03  1.35120E+01
 -1.51131E+01  2.18304E-28  1.43755E+06  2.00000E-03  1.35120E+01
 -1.50196E+01  2.18304E-28  1.43755E+06  2.00000E-03  1.35120E+01
 -1.49260E+01  2.18225E-28  1.43722E+06  2.00000E-03  1.37890E+01
 -1.48324E+01  2.18146E-28  1.43689E+06  2.00000E-03  1.40661E+01
 -1.47388E+01  2.18146E-28  1.43689E+06  2.00000E-03  1.40661E+01
 -1.46452E+01  2.18146E-28  1.43689E+06  2.00000E-03  1.40661E+01
 -1.45517E+01  2.18166E-28  1.43698E+06  2.00000E-03  1.43068E+01
 -1.44581E+01  2.18186E-28  1.43708E+06  2.00000E-03  1.45474E+01
 -1.43645E+01  2.18186E-28  1.43708E+06  2.00000E-03  1.45474E+01
 -1.42709E+01  2.18186E-28  1.43708E+06  2.00000E-03  1.45474E+01
 -1.41773E+01  2.18410E-28  1.43810E+06  2.00000E-03  1.46906E+01
 -1.40838E+01  2.18634E-28  1.43912E+06  2.00000E-03  1.48334E+01
 -1.39902E+01  2.18634E-28  1.43912E+06  2.00000E-03  1.48334E+01
 -1.38966E+01  2.18634E-28  1.43912E+06  2.00000E-03  1.48334E+01
 -1.38030E+01  2.18937E-28  1.44044E+06  2.00000E-03  1.47847E+01
 -1.37094E+01  2.19239E-28  1.44175E+06  2.00000E-03  1.47362E+01
 -1.36159E+01  2.19578E-28  1.44324E+06  2.00000E-03  1.46303E+01
 -1.35223E+01  2.19917E-28  1.44473E+06  2.00000E-03  1.45247E+01
 -1.34287E+01  2.20284E-28  1.44634E+06  2.00000E-03  1.44137E+01
 -1.33351E+01  2.20650E-28  1.44796E+06  2.00000E-03  1.43030E+01
 -1.32415E+01  2.21007E-28  1.44953E+06  2.00000E-03  1.42136E+01
 -1.31480E+01  2.21364E-28  1.45109E+06  2.00000E-03  1.41245E+01
 -1.30544E+01  2.21661E-28  1.45240E+06  2.00000E-03  1.40877E+01
 -1.29608E+01  2.21959E-28  1.45370E+06  2.00000E-03  1.40511E+01
 -1.28672E+01  2.22171E-28  1.45463E+06  2.00000E-03  1.40818E+01
 -1.27737E+01  2.22383E-28  1.45556E+06  2.00000E-03  1.41124E+01
 -1.26801E+01  2.22509E-28  1.45611E+06  2.00000E-03  1.42092E+01
 -1.25865E+01  2.22635E-28  1.45666E+06  2.00000E-03  1.43058E+01
 -1.24929E+01  2.22699E-28  1.45693E+06  2.00000E-03  1.44523E+01
 -1.23993E+01  2.22763E-28  1.45720E+06  2.00000E-03  1.45986E+01
 -1.23058E+01  2.22797E-28  1.45735E+06  2.00000E-03  1.47705E+01
 -1.22122E+01  2.22832E-28  1.45749E+06  2.00000E-03  1.49423E+01
 -1.21186E+01  2.22866E-28  1.45763E+06  2.00000E-03  1.51161E+01
 -1.20250E+01  2.22899E-28  1.45777E+06  2.00000E-03  1.52899E+01
 -1.19314E+01  2.22946E-28  1.45797E+06  2.00000E-03  1.54503E+01
 -1.18379E+01  2.22992E-28  1.45817E+06  2.00000E-03  1.56107E+01
 -1.17443E+01  2.23049E-28  1.45842E+06  2.00000E-03  1.57542E+01
 -1.16507E+01  2.23106E-28  1.45866E+06  2.00000E-03  1.58976E+01
 -1.15571E+01  2.23159E-28  1.45890E+06  2.00000E-03  1.60309E+01
 -1.14635E+01  2.23212E-28  1.45913E+06  2.00000E-03  1.61641E+01
 -1.13700E+01  2.23244E-28  1.45927E+06  2.00000E-03  1.62993E+01
 -1.12764E+01  2.23276E-28  1.45941E+06  2.00000E-03  1.64344E+01
 -1.11828E+01  2.23274E-28  1.45940E+06  2.00000E-03  1.65824E+01
 -1.10892E+01  2.23271E-28  1.45939E+06  2.00000E-03  1.67305E+01
 -1.09956E+01  2.23231E-28  1.45921E+06  2.00000E-03  1.68961E+01
 -1.09021E+01  2.23191E-28  1.45904E+06  2.00000E-03  1.70618E+01
 -1.08085E+01  2.23120E-28  1.45872E+06  2.00000E-03  1.72413E+01
 -1.07149E+01  2.23049E-28  1.45841E+06  2.00000E-03  1.74209E+01
 -1.06213E+01  2.22960E-28  1.45803E+06  2.00000E-03  1.76028E+01
 -1.05277E+01  2.22871E-28  1.45764E+06  2.00000E-03  1.77848E+01
 -1.04342E+01  2.22784E-28  1.45726E+06  2.00000E-03  1.79524E+01
 -1.03406E+01  2.22698E-28  1.45688E+06  2.00000E-03  1.81201E+01
 -1.02470E+01  2.22635E-28  1.45661E+06  2.00000E-03  1.82548E+01
 -1.01534E+01  2.22572E-28  1.45634E+06  2.00000E-03  1.83895E+01
 -1.00598E+01  2.22553E-28  1.45626E+06  2.00000E-03  1.84750E+01
 -9.96625E+00  2.22534E-28  1.45618E+06  2.00000E-03  1.85605E+01
 -9.87267E+00  2.22570E-28  1.45634E+06  2.00000E-03  1.85885E+01
 -9.77909E+00  2.22606E-28  1.45650E+06  2.00000E-03  1.86166E+01
 -9.68552E+00  2.22691E-28  1.45688E+06  2.00000E-03  1.85913E+01
 -9.59194E+00  2.22777E-28  1.45726E+06  2.00000E-03  1.85660E+01
 -9.49835E+00  2.22894E-28  1.45778E+06  2.00000E-03  1.85019E+01
 -9.40478E+00  2.23011E-28  1.45830E+06  2.00000E-03  1.84379E+01
 -9.31120E+00  2.23136E-28  1.45887E+06  2.00000E-03  1.83479E+01
 -9.21762E+00  2.23261E-28  1.45944E+06  2.00000E-03  1.82579E+01
 -9.12404E+00  2.23360E-28  1.45987E+06  2.00000E-03  1.81772E+01
 -9.03046E+00  2.23533E-28  1.46061E+06  2.00000E-03  1.80327E+01
 -8.93688E+00  2.23684E-28  1.46125E+06  2.00000E-03  1.78966E+01
 -8.84330E+00  2.23843E-28  1.46196E+06  2.00000E-03  1.77448E+01
 -8.74972E+00  2.24012E-28  1.46273E+06  2.00000E-03  1.75790E+01
 -8.65614E+00  2.24193E-28  1.46352E+06  2.00000E-03  1.74018E+01
 -8.56256E+00  2.24387E-28  1.46435E+06  2.00000E-03  1.72154E+01
 -8.46898E+00  2.24593E-28  1.46524E+06  2.00000E-03  1.70212E+01
 -8.37540E+00  2.24814E-28  1.46623E+06  1.99999E-03  1.68186E+01
 -8.28182E+00  2.25056E-28  1.46738E+06  1.99998E-03  1.66074E+01
 -8.18824E+00  2.25321E-28  1.46871E+06  1.99997E-03  1.63894E+01
 -8.09466E+00  2.25614E-28  1.47021E+06  1.99994E-03  1.61706E+01
 -8.00108E+00  2.25937E-28  1.47184E+06  1.99990E-03  1.59618E+01
 -7.90750E+00  2.26290E-28  1.47354E+06  1.99984E-03  1.57775E+01
 -7.81392E+00  2.26674E-28  1.47527E+06  1.99974E-03  1.56339E+01
 -7.72034E+00  2.27091E-28  1.47699E+06  1.99960E-03  1.55469E+01
 -7.62676E+00  2.27549E-28  1.47867E+06  1.99942E-03  1.55293E+01
 -7.53318E+00  2.28057E-28  1.48028E+06  1.99917E-03  1.55874E+01
 -7.43960E+00  2.28622E-28  1.48180E+06  1.99884E-03  1.57203E+01
 -7.34602E+00  2.29242E-28  1.48322E+06  1.99845E-03  1.59215E+01
 -7.25244E+00  2.29901E-28  1.48470E+06  1.99802E-03  1.61848E+01
 -7.15886E+00  2.30568E-28  1.48648E+06  1.99763E-03  1.65110E+01
 -7.06528E+00  2.31242E-28  1.48862E+06  1.99727E-03  1.68943E+01
 -6.97170E+00  2.32008E-28  1.49056E+06  1.99660E-03  1.72881E+01
 -6.87812E+00  2.33329E-28  1.48913E+06  1.99449E-03  1.75782E+01
 -6.78454E+00  2.36854E-28  1.47391E+06  1.98751E-03  1.76387E+01
 -6.69096E+00  2.47885E-28  1.41488E+06  1.96235E-03  1.74826E+01
 -6.59738E+00  2.70312E-28  1.30213E+06  1.90754E-03  1.72812E+01
 -6.50380E+00  2.93383E-28  1.20138E+06  1.84960E-03  1.72784E+01
 -6.41022E+00  3.03528E-28  1.15839E+06  1.82018E-03  1.77857E+01
 -6.31664E+00  3.01075E-28  1.15861E+06  1.81957E-03  1.88990E+01
 -6.22306E+00  2.89797E-28  1.18745E+06  1.83769E-03  2.01371E+01
 -6.12948E+00  2.74619E-28  1.23215E+06  1.86519E-03  2.07595E+01
 -6.03590E+00  2.65480E-28  1.25443E+06  1.88058E-03  2.03501E+01
 -5.94232E+00  2.65383E-28  1.23984E+06  1.87461E-03  1.93093E+01
 -5.84874E+00  2.67409E-28  1.22094E+06  1.86436E-03  1.85984E+01
 -5.75516E+00  2.66509E-28  1.22031E+06  1.86378E-03  1.90816E+01
 -5.66158E+00  2.63525E-28  1.22937E+06  1.87069E-03  2.06576E+01
 -5.56800E+00  2.64568E-28  1.21916E+06  1.86932E-03  2.20094E+01
 -5.47442E+00  2.80540E-28  1.14770E+06  1.83687E-03  2.20767E+01
 -5.38084E+00  3.46070E-28  9.31500E+05  1.72803E-03  2.01829E+01
 -5.28726E+00  8.82003E-28  3.69971E+05  1.39158E-03  1.60246E+01
 -5.19368E+00  3.60017E-27  9.04786E+04  1.21699E-03  1.14814E+01
 -5.10010E+00  7.87105E-27  4.02946E+04  1.17965E-03  8.61191E+00
 -5.00652E+00  1.05001E-26  2.93715E+04  1.16774E-03  8.32471E+00
 -4.91294E+00  1.21681E-26  2.41488E+04  1.16308E-03  1.09011E+01
 -4.81936E+00  1.43198E-26  1.92624E+04  1.15827E-03  1.34601E+01
 -4.72578E+00  1.62890E-26  1.65556E+04  1.15365E-03  1.52259E+01
 -4.63220E+00  1.77541E-26  1.54369E+04  1.15178E-03  1.68985E+01
 -4.53862E+00  1.85434E-26  1.50169E+04  1.15248E-03  1.90187E+01
 -4.44504E+00  2.02697E-26  1.45639E+04  1.15441E-03  2.14356E+01
 -4.35146E+00  2.31533E-26  1.41097E+04  1.15449E-03  2.24264E+01
 -4.25788E+00  2.30100E-26  1.42209E+04  1.15502E-03  2.12469E+01
 -4.16430E+00  1.57766E-26  1.90657E+04  1.16255E-03  1.85707E+01
 -4.07072E+00  5.88441E-27  5.07447E+04  1.18796E-03  1.52525E+01
 -3.97714E+00  1.04817E-27  2.93067E+05  1.30917E-03  1.31100E+01
 -3.88356E+00  3.27828E-28  9.38824E+05  1.60880E-03  1.62162E+01
 -3.78998E+00  2.47201E-28  1.24883E+06  1.81361E-03  2.12166E+01
 -3.69640E+00  2.22979E-28  1.38730E+06  1.93493E-03  2.61749E+01
 -3.60282E+00  2.18156E-28  1.41867E+06  1.98064E-03  3.02124E+01
 -3.50924E+00  2.17378E-28  1.42259E+06  1.98831E-03  3.30418E+01
 -3.41566E+00  2.17186E-28  1.42179E+06  1.98722E-03  3.49227E+01
 -3.32208E+00  2.17143E-28  1.41916E+06  1.98676E-03  3.62800E+01
 -3.22850E+00  2.16987E-28  1.41674E+06  1.98810E-03  3.73668E+01
 -3.13493E+00  2.16517E-28  1.41618E+06  1.99054E-03  3.82345E+01
 -3.04135E+00  2.15860E-28  1.41715E+06  1.99287E-03  3.88354E+01
 -2.94777E+00  2.15260E-28  1.41845E+06  1.99448E-03  3.91746E+01
 -2.85419E+00  2.14841E-28  1.41917E+06  1.99538E-03  3.93325E+01
 -2.76061E+00  2.14620E-28  1.41907E+06  1.99577E-03  3.94003E+01
 -2.66703E+00  2.14557E-28  1.41833E+06  1.99577E-03  3.94453E+01
 -2.57345E+00  2.14589E-28  1.41713E+06  1.99542E-03  3.94988E+01
 -2.47987E+00  2.14681E-28  1.41552E+06  1.99475E-03  3.95424E+01
 -2.38629E+00  2.14851E-28  1.41335E+06  1.99377E-03  3.95119E+01
 -2.29271E+00  2.15126E-28  1.41052E+06  1.99264E-03  3.93181E+01
 -2.19913E+00  2.15510E-28  1.40726E+06  1.99147E-03  3.88807E+01
 -2.10555E+00  2.16123E-28  1.40300E+06  1.99011E-03  3.81298E+01
 -2.01197E+00  2.17456E-28  1.39467E+06  1.98779E-03  3.69824E+01
 -1.91839E+00  2.20778E-28  1.37445E+06  1.98249E-03  3.53300E+01
 -1.82481E+00  2.28615E-28  1.32823E+06  1.96960E-03  3.29981E+01
 -1.73123E+00  2.42499E-28  1.25262E+06  1.94408E-03  2.97295E+01
 -1.63765E+00  2.57875E-28  1.17740E+06  1.91185E-03  2.53190E+01
 -1.54407E+00  2.94864E-28  1.02756E+06  1.82708E-03  1.93914E+01
 -1.45049E+00  4.37927E-28  6.87655E+05  1.64921E-03  1.25602E+01
 -1.35691E+00  6.49744E-28  4.57884E+05  1.54293E-03  8.76431E+00
 -1.26333E+00  7.67478E-28  3.81584E+05  1.51322E-03  8.79175E+00
 -1.16975E+00  7.32519E-28  3.92547E+05  1.51779E-03  1.28167E+01
 -1.07617E+00  6.97178E-28  4.01052E+05  1.52945E-03  2.12881E+01
 -9.82588E-01  8.23760E-28  3.27426E+05  1.50916E-03  2.88484E+01
 -8.89009E-01  9.39666E-28  2.75535E+05  1.49105E-03  3.25215E+01
 -7.95429E-01  8.72320E-28  2.84337E+05  1.50098E-03  3.57728E+01
 -7.01849E-01  7.28446E-28  3.28932E+05  1.52800E-03  3.98798E+01
 -6.08269E-01  6.17176E-28  3.78957E+05  1.55933E-03  4.43263E+01
 -5.14689E-01  5.40405E-28  4.24733E+05  1.59308E-03  4.87321E+01
 -4.21109E-01  4.74846E-28  4.74065E+05  1.62878E-03  5.31186E+01
 -3.27529E-01  4.17001E-28  5.29302E+05  1.66280E-03  5.72613E+01
 -2.33950E-01  3.68760E-28  5.88425E+05  1.69358E-03  6.09216E+01
 -1.40370E-01  3.28362E-28  6.52977E+05  1.72235E-03  6.37639E+01
 -4.67899E-02  2.96185E-28  7.20515E+05  1.75020E-03  6.53355E+01
  4.67899E-02  2.77148E-28  7.72503E+05  1.77526E-03  6.55646E+01
  1.40370E-01  2.73594E-28  7.91403E+05  1.79301E-03  6.52237E+01
  2.33950E-01  2.83188E-28  7.79330E+05  1.80136E-03  6.53086E+01
  3.27529E-01  3.04056E-28  7.45848E+05  1.79666E-03  6.57943E+01
  4.21109E-01  3.36341E-28  6.98923E+05  1.78184E-03  6.56119E+01
  5.14689E-01  5.08784E-28  4.80332E+05  1.66848E-03  6.14258E+01
  6.08269E-01  1.62285E-27  1.56623E+05  1.34468E-03  5.04637E+01
  7.01849E-01  4.97905E-27  5.10249E+04  1.19882E-03  4.02594E+01
  7.95429E-01  9.96685E-27  2.39272E+04  1.15930E-03  3.28437E+01
  8.89009E-01  1.47398E-26  1.61147E+04  1.14879E-03  2.58941E+01
  9.82588E-01  1.74848E-26  1.43635E+04  1.15865E-03  2.01572E+01
  1.07617E+00  1.70135E-26  1.41185E+04  1.19804E-03  1.77426E+01
  1.16975E+00  1.52454E-26  1.40726E+04  1.26321E-03  1.75630E+01
  1.26333E+00  1.37023E-26  1.40456E+04  1.31347E-03  1.72375E+01
  1.35691E+00  1.21214E-26  1.42242E+04  1.32228E-03  1.70466E+01
  1.45049E+00  1.16687E-26  1.45787E+04  1.30685E-03  1.59537E+01
  1.54407E+00  1.20454E-26  1.49635E+04  1.30124E-03  1.44890E+01
  1.63765E+00  1.00058E-26  1.81324E+04  1.30760E-03  1.44189E+01
  1.73123E+00  6.47683E-27  2.74457E+04  1.32868E-03  1.36451E+01
  1.82481E+00  4.95682E-27  3.49070E+04  1.37329E-03  9.25437E+00
  1.91839E+00  6.00356E-27  2.70735E+04  1.39829E-03  7.75882E+00
  2.01197E+00  7.41100E-27  1.97254E+04  1.40479E-03  9.19871E+00
  2.10555E+00  7.01996E-27  1.86140E+04  1.41563E-03  9.16886E+00
  2.19913E+00  5.08795E-27  2.53828E+04  1.42376E-03  5.75501E+00
  2.29271E+00  2.67193E-27  5.06661E+04  1.42036E-03 -4.68871E-01
  2.38629E+00  1.25896E-27  1.11105E+05  1.41132E-03 -9.21341E+00
  2.47987E+00  8.93234E-28  1.63748E+05  1.41581E-03 -1.45303E+01
  2.57345E+00  7.46505E-28  2.03668E+05  1.43059E-03 -1.62775E+01
  2.66703E+00  7.16870E-28  2.15595E+05  1.43710E-03 -1.72691E+01
  2.76061E+00  7.84666E-28  1.99650E+05  1.42712E-03 -1.83298E+01
  2.85419E+00  8.66570E-28  1.83179E+05  1.41414E-03 -1.99231E+01
  2.94777E+00  8.61705E-28  1.84563E+05  1.41430E-03 -2.31371E+01
  3.04135E+00  7.60547E-28  2.09337E+05  1.43231E-03 -2.78222E+01
  3.13493E+00  6.57294E-28  2.45723E+05  1.45703E-03 -3.19218E+01
  3.22850E+00  5.99040E-28  2.75270E+05  1.47224E-03 -3.40870E+01
  3.32208E+00  5.74883E-28  2.89284E+05  1.47930E-03 -3.50816E+01
  3.41566E+00  5.66574E-28  2.89153E+05  1.48731E-03 -3.55309E+01
  3.50924E+00  5.55547E-28  2.85488E+05  1.49853E-03 -3.51197E+01
  3.60282E+00  5.32062E-28  2.85681E+05  1.51119E-03 -3.32221E+01
  3.69640E+00  5.06179E-28  2.85170E+05  1.51683E-03 -2.98298E+01
  3.78998E+00  4.97788E-28  2.71701E+05  1.50862E-03 -2.62290E+01
  3.88356E+00  5.08756E-28  2.46464E+05  1.49076E-03 -2.38359E+01
  3.97714E+00  5.23637E-28  2.23265E+05  1.47214E-03 -2.23230E+01
  4.07072E+00  5.16905E-28  2.15017E+05  1.46279E-03 -2.12083E+01
  4.16430E+00  4.95600E-28  2.21129E+05  1.46646E-03 -2.00087E+01
  4.25788E+00  5.12171E-28  2.17217E+05  1.46732E-03 -1.74304E+01
  4.35146E+00  6.19699E-28  1.84418E+05  1.44992E-03 -1.29072E+01
  4.44504E+00  7.55344E-28  1.56176E+05  1.43590E-03 -7.50954E+00
  4.53862E+00  8.00697E-28  1.48355E+05  1.43813E-03 -2.00744E+00
  4.63220E+00  6.92698E-28  1.69205E+05  1.45987E-03  3.38039E+00
  4.72578E+00  4.55742E-28  2.53209E+05  1.51608E-03  1.02746E+01
  4.81936E+00  2.66283E-28  4.18709E+05  1.59710E-03  2.08729E+01
  4.91294E+00  2.23965E-28  4.70665E+05  1.59411E-03  3.06301E+01
  5.00652E+00  2.70280E-28  3.61421E+05  1.52480E-03  3.48903E+01
  5.10010E+00  3.22436E-28  2.77172E+05  1.47952E-03  3.54484E+01
  5.19368E+00  3.33725E-28  2.50367E+05  1.47232E-03  3.25152E+01
  5.28726E+00  4.10760E-28  2.07247E+05  1.43250E-03  2.10472E+01
  5.38084E+00  9.24000E-28  1.01751E+05  1.34397E-03  6.53088E+00
  5.47442E+00  1.72455E-27  5.99566E+04  1.31759E-03  2.86295E+00
  5.56800E+00  1.44896E-27  6.79672E+04  1.32736E-03  4.22570E+00
  5.66158E+00  6.96196E-28  1.07357E+05  1.35953E-03  9.37304E+00
  5.75516E+00  6.24048E-28  8.58598E+04  1.34691E-03  5.66750E+00
  5.84874E+00  9.05791E-28  5.07323E+04  1.32721E-03 -5.52278E+00
  5.94232E+00  1.41100E-27  3.10579E+04  1.31867E-03 -1.30238E+01
  6.03590E+00  1.69054E-27  2.66649E+04  1.31789E-03 -1.63105E+01
  6.12948E+00  1.58470E-27  3.29787E+04  1.32168E-03 -1.72928E+01
  6.22306E+00  1.43245E-27  4.50804E+04  1.32522E-03 -1.60850E+01
  6.31664E+00  1.46405E-27  4.91248E+04  1.32435E-03 -1.47344E+01
  6.41022E+00  1.26318E-27  6.08622E+04  1.33944E-03 -1.72564E+01
  6.50380E+00  6.19495E-28  1.59277E+05  1.41220E-03 -2.28079E+01
  6.59738E+00  1.82904E-28  7.03537E+05  1.73520E-03 -3.01333E+01
  6.69096E+00  1.36606E-28  1.10358E+06  1.97116E-03 -2.64529E+01
  6.78454E+00  1.47636E-28  1.13546E+06  1.99905E-03 -2.23534E+01
  6.87812E+00  1.56916E-28  1.15495E+06  1.99993E-03 -2.04699E+01
  6.97170E+00  1.62364E-28  1.17934E+06  1.99996E-03 -1.99204E+01
  7.06528E+00  1.66229E-28  1.19854E+06  1.99998E-03 -2.00873E+01
  7.15886E+00  1.69116E-28  1.21275E+06  1.99999E-03 -2.04968E+01
  7.25244E+00  1.71302E-28  1.22333E+06  2.00000E-03 -2.09275E+01
  7.34602E+00  1.72983E-28  1.23133E+06  2.00000E-03 -2.13033E+01
  7.43960E+00  1.74287E-28  1.23746E+06  2.00000E-03 -2.16073E+01
  7.53318E+00  1.75304E-28  1.24213E+06  2.00000E-03 -2.18537E+01
  7.62676E+00  1.76103E-28  1.24558E+06  2.00000E-03 -2.20719E+01
  7.72034E+00  1.76725E-28  1.24806E+06  1.99999E-03 -2.22870E+01
  7.81392E+00  1.77165E-28  1.25008E+06  1.99999E-03 -2.25044E+01
  7.90750E+00  1.77339E-28  1.25262E+06  1.99998E-03 -2.26903E+01
  8.00108E+00  1.77170E-28  1.25649E+06  1.99997E-03 -2.27643E+01
  8.09466E+00  1.76870E-28  1.25997E+06  1.99987E-03 -2.26306E+01
  8.18824E+00  1.77182E-28  1.25695E+06  1.99830E-03 -2.22441E+01
  8.28182E+00  1.78933E-28  1.24082E+06  1.99011E-03 -2.16327E+01
  8.37540E+00  1.81461E-28  1.21529E+06  1.97473E-03 -2.09313E+01
  8.46898E+00  1.82225E-28  1.19580E+06  1.96203E-03 -2.02505E+01
  8.56256E+00  1.81920E-28  1.17896E+06  1.93605E-03 -1.88107E+01
  8.65614E+00  2.15013E-28  9.82725E+05  1.79225E-03 -1.39072E+01
  8.74972E+00  4.42839E-28  4.59076E+05  1.54358E-03 -9.00402E+00
  8.84330E+00  8.47046E-28  2.29873E+05  1.44208E-03 -8.53180E+00
  8.93688E+00  1.35739E-27  1.42833E+05  1.39623E-03 -9.11214E+00
  9.03046E+00  1.63296E-27  1.21215E+05  1.38654E-03 -9.60834E+00
  9.12404E+00  1.02581E-27  1.93928E+05  1.43425E-03 -1.03581E+01
  9.21762E+00  3.21334E-28  6.24927E+05  1.68962E-03 -1.23806E+01
  9.31120E+00  1.98546E-28  1.03059E+06  1.91032E-03 -1.30113E+01
  9.40478E+00  1.89354E-28  1.08648E+06  1.93749E-03 -1.46169E+01
  9.49835E+00  1.80161E-28  1.14807E+06  1.96743E-03 -1.63863E+01
  9.59194E+00  1.75795E-28  1.18667E+06  1.97892E-03 -1.55086E+01
  9.68552E+00  1.71428E-28  1.22724E+06  1.99100E-03 -1.45862E+01
  9.77909E+00  1.71104E-28  1.23011E+06  1.99305E-03 -1.16952E+01
  9.87267E+00  1.70779E-28  1.23300E+06  1.99510E-03 -8.79327E+00
  9.96625E+00  1.70449E-28  1.23601E+06  1.99648E-03 -5.33173E+00
  1.00598E+01  1.70120E-28  1.23903E+06  1.99786E-03 -1.85678E+00
  1.01534E+01  1.69925E-28  1.23856E+06  1.99851E-03  2.29690E+00
  1.02470E+01  1.69731E-28  1.23809E+06  1.99915E-03  6.46010E+00
  1.03406E+01  1.69738E-28  1.23526E+06  1.99744E-03  1.12968E+01
  1.04342E+01  1.69746E-28  1.23243E+06  1.99573E-03  1.61330E+01
  1.05277E+01  1.71052E-28  1.21604E+06  1.98377E-03  2.08046E+01
  1.06213E+01  1.72358E-28  1.19989E+06  1.97200E-03  2.54054E+01
  1.07149E+01  1.78949E-28  1.14386E+06  1.93140E-03  2.71653E+01
  1.08085E+01  1.85539E-28  1.09182E+06  1.89369E-03  2.88002E+01
  1.09021E+01  1.97350E-28  1.02596E+06  1.84373E-03  2.64409E+01
  1.09956E+01  2.09160E-28  9.67533E+05  1.79942E-03  2.43480E+01
  1.10892E+01  2.27975E-28  8.97648E+05  1.74268E-03  1.96288E+01
  1.11828E+01  2.46790E-28  8.38419E+05  1.69460E-03  1.56291E+01
  1.12764E+01  2.64801E-28  7.97003E+05  1.68584E-03  1.11213E+01
  1.13700E+01  2.82812E-28  7.60862E+05  1.67819E-03  7.18757E+00
  1.14635E+01  2.93057E-28  7.49902E+05  1.68962E-03  4.70857E+00
  1.15571E+01  3.03303E-28  7.39682E+05  1.70028E-03  2.39705E+00
  1.16507E+01  2.98240E-28  7.64932E+05  1.72147E-03  1.91895E+00
  1.17443E+01  2.93178E-28  7.91055E+05  1.74339E-03  1.42435E+00
  1.18379E+01  2.75205E-28  8.52243E+05  1.77858E-03  1.36194E+00
  1.19314E+01  2.57232E-28  9.21982E+05  1.81869E-03  1.29080E+00
  1.20250E+01  2.38421E-28  9.98568E+05  1.85726E-03  2.27906E-02
  1.21186E+01  2.19610E-28  1.08827E+06  1.90243E-03 -1.46245E+00
  1.22122E+01  2.13553E-28  1.11675E+06  1.90766E-03 -4.50493E+00
  1.23058E+01  2.07496E-28  1.14689E+06  1.91320E-03 -7.72504E+00
  1.23993E+01  2.08457E-28  1.12938E+06  1.89932E-03 -1.19736E+01
  1.24929E+01  2.09419E-28  1.11203E+06  1.88558E-03 -1.61831E+01
  1.25865E+01  2.22878E-28  1.03375E+06  1.84068E-03 -1.98568E+01
  1.26801E+01  2.36337E-28  9.64391E+05  1.80089E-03 -2.31120E+01
  1.27737E+01  2.90049E-28  7.76211E+05  1.69655E-03 -2.48264E+01
  1.28672E+01  3.43760E-28  6.46835E+05  1.62482E-03 -2.60051E+01
  1.29608E+01  4.68742E-28  4.67736E+05  1.52444E-03 -2.65881E+01
  1.30544E+01  5.93724E-28  3.64040E+05  1.46633E-03 -2.69256E+01
  1.31480E+01  7.46986E-28  2.85355E+05  1.42812E-03 -2.71678E+01
  1.32415E+01  9.00247E-28  2.33461E+05  1.40292E-03 -2.73275E+01
  1.33351E+01  9.59038E-28  2.17054E+05  1.39553E-03 -2.69770E+01
  1.34287E+01  1.01783E-27  2.02542E+05  1.38899E-03 -2.66670E+01
  1.35223E+01  9.87655E-28  2.05493E+05  1.38833E-03 -2.59173E+01
  1.36159E+01  9.57481E-28  2.08629E+05  1.38763E-03 -2.51204E+01
  1.37094E+01  9.54505E-28  2.04471E+05  1.38367E-03 -2.45318E+01
  1.38030E+01  9.51529E-28  2.00288E+05  1.37968E-03 -2.39395E+01
  1.38966E+01  9.89746E-28  1.80590E+05  1.37018E-03 -2.39268E+01
  1.39902E+01  1.02796E-27  1.62357E+05  1.36139E-03 -2.39150E+01
  1.40838E+01  1.02796E-27  1.62357E+05  1.36139E-03 -2.39150E+01
  1.41773E+01  1.02796E-27  1.62357E+05  1.36139E-03 -2.39150E+01
  1.42709E+01  1.01260E-27  1.67409E+05  1.37356E-03 -2.33210E+01
  1.43645E+01  9.97245E-28  1.72617E+05  1.38611E-03 -2.27087E+01
  1.44581E+01  9.97245E-28  1.72617E+05  1.38611E-03 -2.27087E+01
  1.45517E+01  9.97245E-28  1.72617E+05  1.38611E-03 -2.27087E+01
  1.46452E+01  6.32083E-28  3.09045E+05  1.46029E-03 -2.34997E+01
  1.47388E+01  2.66921E-28  8.18754E+05  1.73745E-03 -2.64551E+01
  1.48324E+01  2.66921E-28  8.18754E+05  1.73745E-03 -2.64551E+01
  1.49260E+01  2.66921E-28  8.18754E+05  1.73745E-03 -2.64551E+01
  1.50196E+01  2.25010E-28  1.01271E+06  1.83939E-03 -2.31918E+01
  1.51131E+01  1.83100E-28  1.29546E+06  1.98799E-03 -1.84347E+01
  1.52067E+01  1.83100E-28  1.29546E+06  1.98799E-03 -1.84347E+01
  1.53003E+01  1.83100E-28  1.29546E+06  1.98799E-03 -1.84347E+01
  1.53939E+01  1.85969E-28  1.30219E+06  1.99403E-03 -1.59820E+01
  1.54875E+01  1.88838E-28  1.30871E+06  1.99988E-03 -1.36038E+01
  1.55810E+01  1.88838E-28  1.30871E+06  1.99988E-03 -1.36038E+01
  1.56746E+01  1.88838E-28  1.30871E+06  1.99988E-03 -1.36038E+01
  1.57682E+01  1.90428E-28  1.31421E+06  1.99994E-03 -1.27111E+01
  1.58618E+01  1.92017E-28  1.31962E+06  2.00000E-03 -1.18332E+01
  1.59554E+01  1.92017E-28  1.31962E+06  2.00000E-03 -1.18332E+01
  1.60489E+01  1.92017E-28  1.31962E+06  2.00000E-03 -1.18332E+01
  1.61425E+01  1.92952E-28  1.32400E+06  2.00000E-03 -1.15436E+01
  1.62361E+01  1.93887E-28  1.32834E+06  2.00000E-03 -1.12568E+01
  1.63297E+01  1.93887E-28  1.32834E+06  2.00000E-03 -1.12568E+01
  1.64233E+01  1.93887E-28  1.32834E+06  2.00000E-03 -1.12568E+01
  1.65168E+01  1.94481E-28  1.33105E+06  2.00000E-03 -1.12898E+01
  1.66104E+01  1.95076E-28  1.33374E+06  2.00000E-03 -1.13227E+01
  1.67040E+01  1.95076E-28  1.33374E+06  2.00000E-03 -1.13227E+01
  1.67976E+01  1.95076E-28  1.33374E+06  2.00000E-03 -1.13227E+01
  1.68912E+01  1.95451E-28  1.33544E+06  2.00000E-03 -1.16321E+01
  1.69847E+01  1.95827E-28  1.33713E+06  2.00000E-03 -1.19403E+01
  1.70783E+01  1.95827E-28  1.33713E+06  2.00000E-03 -1.19403E+01
  1.71719E+01  1.95827E-28  1.33713E+06  2.00000E-03 -1.19403E+01
  1.72655E+01  1.96041E-28  1.33808E+06  2.00000E-03 -1.24654E+01
  1.73591E+01  1.96255E-28  1.33903E+06  2.00000E-03 -1.29893E+01
  1.74526E+01  1.96255E-28  1.33903E+06  2.00000E-03 -1.29893E+01
  1.75462E+01  1.96255E-28  1.33903E+06  2.00000E-03 -1.29893E+01
  1.76398E+01  1.96352E-28  1.33960E+06  1.99999E-03 -1.37395E+01
  1.77334E+01  1.96449E-28  1.34017E+06  1.99999E-03 -1.44890E+01
  1.78270E+01  1.96449E-28  1.34017E+06  1.99999E-03 -1.44890E+01
  1.79205E+01  1.96449E-28  1.34017E+06  1.99999E-03 -1.44890E+01
  1.80141E+01  1.96575E-28  1.34159E+06  1.99984E-03 -1.53020E+01
